0 443
0 477
0 516
0 610
0 787
0 845
1 389
1 865
1 948
1 956
1 985
1 986
1 991
2 201
2 562
2 824
2 916
2 941
2 975
2 996
3 327
3 688
3 718
3 788
3 944
3 962
3 968
4 759
4 770
4 784
4 921
4 974
4 996
5 478
5 716
5 784
5 829
5 848
5 928
5 994
6 282
6 328
6 370
6 593
6 913
6 997
6 999
7 62
7 193
7 419
7 627
7 962
7 968
7 986
8 118
8 409
8 544
8 878
8 887
8 972
8 995
9 138
9 596
9 630
9 640
9 683
9 696
9 843
10 790
10 838
10 879
10 886
10 977
10 990
10 993
11 470
11 863
11 899
11 930
11 936
11 954
11 976
12 399
12 667
12 700
12 840
12 971
12 978
13 382
13 486
13 511
13 644
13 941
13 996
14 464
14 887
14 905
14 918
14 945
14 972
14 995
15 459
15 591
15 606
15 932
15 937
15 967
15 969
15 977
16 483
16 652
16 682
16 898
16 919
16 973
16 979
17 111
17 464
17 586
17 887
17 945
17 988
17 995
18 629
18 635
18 925
18 992
18 993
18 998
19 216
19 308
19 560
19 670
19 922
19 975
19 996
20 397
20 468
20 719
20 830
20 910
20 949
21 494
21 638
21 946
21 956
21 985
21 986
21 991
22 425
22 434
22 735
22 745
22 955
22 971
22 978
23 18
23 492
23 795
23 914
23 992
23 993
24 388
24 407
24 627
24 795
24 944
24 962
24 994
25 55
25 551
25 841
25 854
25 982
25 987
26 16
26 503
26 677
26 942
26 973
26 979
27 577
27 695
27 723
27 748
27 865
27 985
27 991
28 457
28 672
28 673
28 799
28 815
28 907
28 971
29 172
29 346
29 841
29 854
29 960
29 987
30 203
30 488
30 711
30 790
30 925
30 993
31 13
31 819
31 941
31 974
31 975
31 987
31 996
32 324
32 690
32 770
32 894
32 941
32 996
33 634
33 640
33 867
33 927
33 993
33 998
34 120
34 333
34 622
34 904
34 920
34 930
35 196
35 325
35 408
35 799
35 842
35 852
35 907
36 418
36 603
36 837
36 936
36 954
36 970
36 976
37 92
37 303
37 403
37 417
37 609
37 900
37 939
38 105
38 598
38 615
38 923
38 953
38 996
39 346
39 709
39 769
39 933
39 982
39 987
40 293
40 415
40 705
40 714
40 721
40 876
40 997
41 260
41 278
41 535
41 624
41 822
41 998
42 6
42 141
42 896
42 913
42 934
42 997
42 999
43 672
43 673
43 771
43 833
43 873
43 907
43 965
44 439
44 486
44 688
44 916
44 966
44 991
44 996
45 539
45 559
45 671
45 723
45 865
45 948
45 991
46 706
46 757
46 786
46 933
46 960
46 982
46 987
47 82
47 110
47 238
47 334
47 848
47 953
47 990
48 71
48 192
48 392
48 427
48 430
48 513
48 769
49 495
49 579
49 827
49 923
49 953
49 975
49 996
50 582
50 859
50 896
50 926
50 989
50 997
50 999
51 124
51 207
51 344
51 607
51 733
51 912
51 971
52 38
52 64
52 623
52 659
52 829
52 848
52 996
53 249
53 350
53 430
53 728
53 747
53 884
53 929
54 245
54 246
54 323
54 503
54 662
54 838
54 884
55 706
55 725
55 766
55 912
55 933
55 982
55 987
56 58
56 503
56 677
56 791
56 952
56 973
56 979
57 501
57 684
57 742
57 778
57 947
57 984
57 994
58 354
58 471
58 682
58 791
58 895
58 973
58 979
59 749
59 840
59 955
59 961
59 971
59 978
59 996
60 115
60 859
60 870
60 911
60 989
60 997
60 999
61 136
61 150
61 549
61 715
61 925
61 927
61 998
62 56
62 435
62 627
62 939
62 953
62 968
62 986
63 408
63 440
63 484
63 799
63 868
63 907
63 972
64 23
64 485
64 589
64 711
64 940
64 993
64 998
65 371
65 505
65 560
65 768
65 860
65 863
65 984
66 490
66 646
66 789
66 794
66 966
66 984
66 994
67 217
67 360
67 821
67 955
67 961
67 976
67 978
68 202
68 220
68 508
68 713
68 723
68 946
68 991
69 77
69 154
69 432
69 541
69 784
69 968
69 991
70 292
70 492
70 877
70 897
70 901
70 943
70 998
71 631
71 700
71 760
71 787
71 792
71 979
71 983
72 476
72 805
72 835
72 855
72 860
72 938
72 984
73 162
73 710
73 814
73 973
73 983
73 988
73 995
74 64
74 86
74 584
74 897
74 958
74 990
74 993
75 549
75 584
75 675
75 890
75 990
75 993
75 998
76 262
76 572
76 594
76 746
76 860
76 947
76 994
77 273
77 432
77 562
77 787
77 845
77 927
77 968
78 10
78 229
78 260
78 775
78 795
78 897
78 988
79 83
79 587
79 619
79 633
79 726
79 833
79 880
80 698
80 723
80 740
80 914
80 927
80 958
80 992
81 789
81 924
81 940
81 981
81 984
81 994
81 998
82 191
82 361
82 608
82 811
82 846
82 963
82 977
83 294
83 590
83 666
83 806
83 833
83 931
83 964
84 599
84 802
84 808
84 816
84 832
84 843
84 856
85 750
85 758
85 777
85 827
85 916
85 974
85 995
86 872
86 897
86 925
86 990
86 993
86 998
86 999
87 446
87 891
87 929
87 942
87 952
87 973
87 979
88 456
88 522
88 594
88 833
88 860
88 984
88 994
89 508
89 638
89 730
89 755
89 985
89 986
89 991
90 292
90 358
90 392
90 634
90 913
90 958
90 993
91 96
91 140
91 379
91 621
91 904
91 966
91 980
92 556
92 773
92 780
92 843
92 918
92 983
92 995
93 426
93 444
93 524
93 595
93 771
93 963
93 985
94 665
94 668
94 720
94 751
94 824
94 842
94 950
95 54
95 249
95 350
95 728
95 747
95 884
95 983
96 200
96 336
96 421
96 460
96 801
96 972
96 980
97 3
97 446
97 537
97 828
97 944
97 962
97 982
98 160
98 599
98 824
98 866
98 950
98 980
98 995
99 177
99 630
99 683
99 727
99 843
99 878
99 906
100 474
100 701
100 897
100 925
100 943
100 998
100 999
101 74
101 535
101 854
101 857
101 972
101 993
101 998
102 142
102 365
102 860
102 868
102 938
102 947
102 994
103 18
103 23
103 179
103 279
103 981
103 992
103 998
104 191
104 311
104 583
104 841
104 915
104 960
104 963
105 5
105 430
105 493
105 862
105 938
105 974
105 996
106 162
106 556
106 780
106 887
106 905
106 988
106 995
107 449
107 453
107 545
107 797
107 873
107 957
107 969
107 977
108 257
108 477
108 760
108 772
108 792
108 845
108 936
109 199
109 264
109 418
109 936
109 954
109 965
109 976
110 49
110 125
110 559
110 644
110 777
110 921
110 996
111 544
111 734
111 803
111 852
111 983
111 988
111 995
112 354
112 788
112 898
112 929
112 952
112 964
112 973
113 420
113 518
113 779
113 793
113 895
113 973
113 979
114 17
114 410
114 917
114 972
114 983
114 988
114 995
115 332
115 444
115 637
115 761
115 981
115 989
115 999
116 221
116 254
116 735
116 743
116 813
116 925
116 996
117 340
117 521
117 880
117 956
117 958
117 992
117 996
118 243
118 410
118 905
118 972
118 983
118 988
118 995
119 316
119 499
119 655
119 722
119 856
119 958
119 981
120 131
120 405
120 622
120 815
120 920
120 930
120 967
121 54
121 325
121 574
121 585
121 621
121 747
121 821
122 214
122 451
122 911
122 951
122 964
122 997
122 999
123 114
123 243
123 773
123 972
123 983
123 988
123 995
124 219
124 240
124 685
124 933
124 948
124 960
124 987
125 416
125 478
125 785
125 875
125 916
125 974
125 996
126 97
126 300
126 541
126 837
126 944
126 952
126 962
127 76
127 347
127 526
127 924
127 940
127 984
127 994
128 695
128 865
128 908
128 948
128 985
128 986
128 991
129 232
129 585
129 750
129 817
129 894
129 973
129 996
130 632
130 804
130 837
130 936
130 954
130 965
130 976
131 4
131 120
131 674
131 904
131 920
131 930
131 991
132 205
132 578
132 641
132 705
132 876
132 979
132 987
133 50
133 686
133 926
133 981
133 989
133 997
133 999
134 161
134 276
134 593
134 637
134 785
134 926
134 997
135 31
135 543
135 660
135 875
135 941
135 959
135 975
136 519
136 550
136 657
136 803
136 857
136 990
136 998
137 283
137 409
137 887
137 905
137 972
137 988
137 995
138 52
138 439
138 776
138 929
138 934
138 941
138 996
139 43
139 336
139 408
139 445
139 842
139 907
139 999
140 287
140 376
140 802
140 808
140 851
140 980
140 992
141 645
141 767
141 796
141 881
141 896
141 997
141 999
142 130
142 522
142 528
142 704
142 805
142 966
142 994
143 185
143 447
143 703
143 752
143 832
143 984
143 997
144 308
144 451
144 691
144 759
144 974
144 994
144 996
145 264
145 339
145 739
145 762
145 909
145 933
145 970
146 690
146 744
146 793
146 875
146 916
146 928
146 996
147 212
147 391
147 864
147 913
147 934
147 951
147 989
148 190
148 416
148 682
148 891
148 929
148 973
148 979
149 176
149 481
149 648
149 655
149 809
149 850
149 967
150 70
150 272
150 796
150 914
150 990
150 992
150 998
151 179
151 548
151 701
151 841
151 992
151 993
151 998
152 251
152 924
152 961
152 966
152 984
152 994
152 996
153 38
153 221
153 574
153 784
153 813
153 941
153 996
154 44
154 439
154 502
154 827
154 860
154 877
154 975
155 670
155 878
155 899
155 955
155 961
155 971
155 978
156 55
156 445
156 533
156 680
156 697
156 706
156 836
157 362
157 779
157 830
157 893
157 922
157 949
157 975
158 75
158 822
158 886
158 927
158 992
158 993
158 998
159 81
159 768
159 852
159 868
159 938
159 984
159 994
160 98
160 655
160 692
160 801
160 856
160 907
160 980
161 412
161 480
161 509
161 666
161 951
161 997
161 999
162 455
162 780
162 852
162 972
162 983
162 988
162 995
163 218
163 281
163 512
163 571
163 806
163 903
163 946
164 156
164 580
164 616
164 726
164 732
164 825
164 836
165 85
165 592
165 875
165 928
165 931
165 949
165 996
166 483
166 623
166 785
166 796
166 881
166 997
166 999
167 107
167 291
167 515
167 892
167 932
167 967
167 969
167 977
168 104
168 521
168 563
168 671
168 754
168 897
168 963
169 11
169 470
169 651
169 936
169 965
169 970
169 976
170 157
170 716
170 906
170 914
170 919
170 942
170 979
171 20
171 157
171 819
171 826
171 922
171 949
171 974
172 240
172 551
172 760
172 841
172 854
172 982
172 987
173 45
173 559
173 570
173 680
173 985
173 986
173 991
174 189
174 255
174 637
174 900
174 939
174 989
174 993
175 0
175 145
175 398
175 567
175 702
175 909
175 967
176 372
176 443
176 458
176 621
176 801
176 816
176 980
177 59
177 663
177 840
177 870
177 955
177 971
177 978
178 133
178 166
178 370
178 870
178 885
178 935
178 989
179 78
179 429
179 550
179 775
179 958
179 992
179 998
180 596
180 642
180 683
180 696
180 727
180 843
180 946
181 280
181 423
181 452
181 656
181 829
181 975
181 996
182 617
182 735
182 888
182 899
182 955
182 961
182 971
183 290
183 419
183 441
183 694
183 869
183 962
183 968
184 110
184 194
184 504
184 551
184 933
184 982
184 987
185 447
185 481
185 604
185 703
185 762
185 902
185 995
186 49
186 148
186 526
186 942
186 952
186 973
186 979
187 86
187 278
187 634
187 738
187 838
187 911
187 927
188 169
188 534
188 798
188 879
188 965
188 970
188 976
189 62
189 69
189 527
189 687
189 768
189 962
189 968
190 112
190 402
190 736
190 895
190 898
190 973
190 979
191 211
191 311
191 563
191 749
191 846
191 915
191 963
192 576
192 881
192 885
192 981
192 989
192 997
192 999
193 184
193 227
193 603
193 942
193 960
193 982
193 987
194 207
194 487
194 542
194 841
194 982
194 986
194 987
195 61
195 277
195 836
195 990
195 992
195 993
195 998
196 143
196 460
196 856
196 954
196 959
196 992
196 999
197 13
197 263
197 775
197 817
197 921
197 974
197 975
198 689
198 834
198 919
198 954
198 965
198 970
198 976
199 11
199 264
199 628
199 689
199 804
199 965
199 976
200 330
200 614
200 758
200 770
200 944
200 962
200 968
201 93
201 395
201 656
201 817
201 928
201 948
201 961
202 377
202 577
202 755
202 948
202 985
202 986
202 991
203 320
203 795
203 822
203 890
203 990
203 992
203 998
204 8
204 699
204 702
204 718
204 783
204 909
204 913
205 37
205 67
205 553
205 641
205 705
205 985
205 995
206 111
206 731
206 887
206 918
206 983
206 988
206 995
207 152
207 298
207 346
207 769
207 960
207 982
207 987
208 18
208 61
208 359
208 456
208 485
208 992
208 993
209 178
209 771
209 951
209 981
209 989
209 997
209 999
210 329
210 609
210 678
210 812
210 939
210 975
210 980
211 116
211 168
211 418
211 724
211 811
211 915
211 963
212 256
212 317
212 444
212 847
212 911
212 997
212 999
213 505
213 558
213 756
213 765
213 841
213 882
213 982
214 313
214 444
214 686
214 981
214 989
214 997
214 999
215 79
215 404
215 588
215 669
215 726
215 833
215 964
216 239
216 348
216 536
216 901
216 945
216 974
216 996
217 59
217 569
217 735
217 821
217 929
217 971
217 978
218 512
218 557
218 766
218 806
218 891
218 898
218 903
219 129
219 380
219 659
219 690
219 743
219 949
219 990
220 491
220 588
220 908
220 948
220 985
220 986
220 991
221 44
221 501
221 517
221 547
221 916
221 923
221 996
222 473
222 710
222 905
222 945
222 983
222 988
222 995
223 417
223 524
223 618
223 664
223 819
223 922
223 949
224 96
224 442
224 481
224 530
224 809
224 856
224 980
225 3
225 233
225 272
225 537
225 962
225 968
225 978
226 438
226 454
226 790
226 915
226 951
226 963
226 976
227 39
227 314
227 344
227 504
227 663
227 756
227 990
228 746
228 860
228 947
228 959
228 966
228 984
228 994
229 584
229 601
229 879
229 990
229 993
229 997
229 998
230 337
230 527
230 668
230 933
230 960
230 962
230 982
231 10
231 620
231 712
231 741
231 757
231 889
231 990
232 2
232 469
232 659
232 705
232 744
232 759
232 928
233 294
233 345
233 491
233 633
233 726
233 833
233 880
234 155
234 617
234 807
234 961
234 971
234 978
234 993
235 310
235 625
235 699
235 739
235 783
235 835
235 893
236 315
236 810
236 858
236 901
236 990
236 993
236 998
237 448
237 673
237 901
237 927
237 992
237 993
237 998
238 321
238 366
238 828
238 877
238 894
238 918
238 974
239 237
239 270
239 535
239 635
239 968
239 993
239 998
240 46
240 91
240 504
240 769
240 982
240 987
240 998
241 42
241 549
241 657
241 724
241 901
241 958
241 998
242 383
242 401
242 609
242 678
242 888
242 900
242 939
243 206
243 710
243 734
243 972
243 983
243 988
243 995
244 205
244 234
244 612
244 840
244 961
244 971
244 978
245 108
245 477
245 658
245 754
245 787
245 814
245 998
246 100
246 312
246 581
246 882
246 884
246 886
246 997
247 36
247 386
247 809
247 936
247 954
247 970
247 976
248 849
248 872
248 897
248 990
248 993
248 998
248 999
249 246
249 302
249 323
249 747
249 861
249 884
249 994
250 218
250 467
250 507
250 565
250 707
250 764
250 903
251 88
251 406
251 794
251 829
251 855
251 940
251 984
252 270
252 432
252 567
252 745
252 749
252 955
252 971
253 174
253 290
253 307
253 649
253 676
253 823
253 853
254 4
254 412
254 431
254 469
254 472
254 800
254 840
255 475
255 603
255 798
255 834
255 936
255 965
255 976
256 141
256 276
256 328
256 964
256 981
256 997
256 999
257 245
257 610
257 631
257 760
257 814
257 850
257 944
258 14
258 253
258 275
258 455
258 887
258 905
258 995
259 123
259 404
259 839
259 887
259 945
259 972
259 995
260 70
260 525
260 635
260 640
260 849
260 993
260 999
261 268
261 369
261 591
261 818
261 873
261 957
261 967
262 505
262 750
262 883
262 924
262 939
262 984
262 994
263 409
263 615
263 817
263 877
263 921
263 953
263 979
264 72
264 139
264 199
264 428
264 651
264 879
264 976
265 92
265 137
265 803
265 917
265 945
265 988
265 995
266 51
266 213
266 337
266 766
266 882
266 960
266 979
267 447
267 474
267 703
267 753
267 874
267 902
267 965
268 693
268 850
268 892
268 937
268 957
268 967
268 969
268 977
269 26
269 471
269 716
269 791
269 898
269 942
269 979
270 429
270 775
270 849
270 858
270 927
270 958
270 998
271 46
271 342
271 684
271 855
271 940
271 984
271 994
272 35
272 86
272 375
272 858
272 914
272 992
272 998
273 407
273 422
273 435
273 720
273 722
273 944
273 968
274 380
274 739
274 763
274 828
274 835
274 909
274 975
275 103
275 184
275 849
275 854
275 982
275 987
275 993
276 214
276 342
276 767
276 934
276 964
276 997
276 999
277 158
277 657
277 890
277 897
277 914
277 990
277 992
278 237
278 241
278 550
278 708
278 738
278 990
278 993
279 270
279 675
279 711
279 886
279 901
279 925
279 998
280 100
280 724
280 858
280 872
280 990
280 993
280 998
281 79
281 163
281 476
281 856
281 903
281 973
281 977
282 122
282 864
282 964
282 981
282 989
282 997
282 999
283 8
283 917
283 918
283 972
283 983
283 988
283 995
284 169
284 247
284 657
284 804
284 863
284 879
284 896
285 206
285 239
285 738
285 886
285 925
285 928
285 993
286 60
286 442
286 613
286 831
286 964
286 989
286 999
287 299
287 692
287 734
287 869
287 889
287 980
287 985
288 638
288 807
288 946
288 948
288 956
288 985
288 991
289 405
289 866
289 904
289 920
289 926
289 930
289 999
290 77
290 126
290 327
290 393
290 426
290 441
290 968
291 167
291 321
291 341
291 561
291 850
291 937
291 957
291 969
291 977
292 101
292 724
292 820
292 990
292 992
292 993
292 998
293 32
293 40
293 437
293 578
293 714
293 876
293 989
294 215
294 233
294 533
294 633
294 669
294 880
294 937
295 127
295 466
295 568
295 938
295 940
295 966
295 994
296 155
296 160
296 427
296 801
296 950
296 977
296 980
297 773
297 803
297 969
297 983
297 988
297 991
297 995
298 162
298 709
298 854
298 911
298 960
298 982
298 987
299 25
299 98
299 363
299 808
299 809
299 950
299 980
300 273
300 614
300 718
300 869
300 962
300 986
300 997
301 143
301 185
301 499
301 752
301 762
301 832
301 902
302 286
302 639
302 847
302 896
302 951
302 981
302 999
303 21
303 347
303 465
303 767
303 812
303 900
303 926
304 317
304 412
304 662
304 847
304 896
304 997
304 999
305 387
305 400
305 506
305 823
305 853
305 889
305 943
306 110
306 147
306 308
306 608
306 721
306 953
306 974
307 620
307 649
307 712
307 823
307 889
307 990
307 995
308 262
308 777
308 848
308 875
308 877
308 975
308 998
309 680
309 908
309 946
309 948
309 985
309 986
309 991
310 175
310 274
310 364
310 783
310 828
310 835
310 972
311 104
311 188
311 348
311 400
311 745
311 846
311 963
312 552
312 771
312 796
312 831
312 935
312 997
312 999
313 509
313 639
313 831
313 885
313 981
313 989
313 999
314 137
314 213
314 668
314 882
314 960
314 982
314 987
315 124
315 775
315 801
315 867
315 927
315 943
315 990
316 42
316 134
316 613
316 870
316 989
316 997
316 999
317 483
317 666
317 771
317 964
317 974
317 989
317 992
318 356
318 378
318 564
318 594
318 742
318 788
318 994
319 731
319 753
319 827
319 878
319 917
319 983
319 995
320 122
320 605
320 925
320 987
320 992
320 993
320 998
321 15
321 693
321 844
321 861
321 957
321 959
321 977
322 597
322 677
322 946
322 948
322 985
322 986
322 991
323 95
323 325
323 585
323 685
323 728
323 745
323 923
324 44
324 243
324 485
324 931
324 953
324 975
324 996
325 246
325 574
325 585
325 884
325 982
325 984
325 995
326 322
326 597
326 730
326 908
326 985
326 986
326 991
327 24
327 290
327 393
327 537
327 718
327 791
327 944
328 256
328 286
328 489
328 796
328 935
328 997
328 999
329 303
329 401
329 439
329 676
329 804
329 900
329 939
330 7
330 189
330 300
330 411
330 758
330 918
330 994
331 165
331 502
331 536
331 721
331 916
331 968
331 975
332 178
332 335
332 480
332 679
332 935
332 981
332 999
333 34
333 622
333 844
333 866
333 904
333 920
333 930
334 119
334 232
334 478
334 642
334 656
334 877
334 995
335 134
335 412
335 767
335 847
335 911
335 981
335 989
336 28
336 63
336 799
336 842
336 885
336 907
336 971
337 376
337 388
337 414
337 709
337 960
337 982
337 987
338 113
338 171
338 223
338 587
338 830
338 910
338 995
339 385
339 702
339 717
339 739
339 763
339 909
339 986
340 117
340 311
340 915
340 943
340 963
340 987
340 998
341 818
341 851
341 874
341 932
341 937
341 967
341 969
341 977
342 666
342 785
342 896
342 934
342 989
342 997
342 999
343 349
343 399
343 482
343 728
343 735
343 840
343 961
344 193
344 437
344 841
344 882
344 933
344 982
344 987
345 115
345 231
345 619
345 833
345 880
345 942
345 992
346 230
346 266
346 371
346 498
346 685
346 882
346 987
347 66
347 271
347 514
347 854
347 855
347 984
347 994
348 438
348 571
348 608
348 641
348 767
348 811
348 963
349 67
349 482
349 736
349 749
349 955
349 971
349 978
350 401
350 575
350 834
350 875
350 895
350 925
350 989
351 178
351 870
351 881
351 926
351 951
351 997
351 999
352 261
352 844
352 861
352 932
352 937
352 967
352 969
352 977
353 72
353 318
353 406
353 560
353 719
353 742
353 994
354 592
354 736
354 779
354 788
354 898
354 929
354 952
355 73
355 586
355 848
355 878
355 917
355 988
355 995
356 560
356 664
356 789
356 871
356 883
356 915
356 994
357 81
357 353
357 883
357 940
357 958
357 984
357 994
358 90
358 150
358 254
358 806
358 925
358 993
358 998
359 33
359 187
359 795
359 867
359 992
359 993
359 998
360 217
360 373
360 888
360 899
360 961
360 978
360 991
361 211
361 426
361 509
361 563
361 608
361 846
361 963
362 468
362 626
362 819
362 893
362 920
362 922
362 949
363 220
363 287
363 613
363 801
363 810
363 980
363 981
364 159
364 467
364 635
364 643
364 660
364 806
364 988
365 65
365 649
365 774
365 778
365 805
365 890
365 994
366 1
366 921
366 928
366 931
366 941
366 989
366 996
367 61
367 546
367 699
367 717
367 720
367 862
367 997
368 351
368 831
368 881
368 885
368 926
368 981
368 997
369 341
369 459
369 561
369 873
369 874
369 892
369 932
369 959
369 969
370 489
370 896
370 951
370 964
370 981
370 997
370 999
371 159
371 456
371 522
371 792
371 871
371 938
371 994
372 119
372 530
372 802
372 816
372 950
372 978
372 980
373 22
373 217
373 602
373 749
373 899
373 961
373 971
374 208
374 624
374 820
374 943
374 958
374 992
374 998
375 198
375 358
375 820
375 965
375 990
375 992
375 998
376 193
376 463
376 573
376 681
376 960
376 982
376 987
377 539
377 723
377 865
377 956
377 985
377 986
377 991
378 204
378 555
378 802
378 812
378 939
378 994
378 999
379 142
379 353
379 490
379 611
379 747
379 924
379 966
380 219
380 598
380 894
380 910
380 928
380 975
380 996
381 209
381 302
381 368
381 679
381 847
381 997
381 999
382 221
382 493
382 513
382 743
382 838
382 941
382 975
383 242
383 765
383 812
383 939
383 969
383 986
383 995
384 47
384 465
384 534
384 925
384 954
384 965
384 970
385 204
385 235
385 374
385 586
385 756
385 763
385 828
386 198
386 428
386 534
386 798
386 834
386 965
386 970
387 253
387 620
387 649
387 712
387 757
387 823
387 897
388 69
388 708
388 869
388 944
388 962
388 968
388 985
389 781
389 807
389 946
389 956
389 985
389 986
389 991
390 258
390 297
390 607
390 878
390 972
390 988
390 995
391 60
391 312
391 859
391 981
391 989
391 997
391 999
392 103
392 229
392 740
392 790
392 965
392 992
392 998
393 200
393 407
393 421
393 564
393 627
393 924
393 989
394 319
394 753
394 918
394 945
394 983
394 988
394 995
395 52
395 197
395 517
395 647
395 653
395 923
395 975
396 106
396 111
396 283
396 773
396 917
396 988
396 995
397 417
397 587
397 626
397 741
397 893
397 949
397 957
398 145
398 339
398 414
398 763
398 835
398 907
398 997
399 177
399 663
399 667
399 888
399 955
399 971
399 978
400 82
400 117
400 279
400 709
400 846
400 915
400 963
401 106
401 383
401 478
401 654
401 765
401 952
401 987
402 356
402 503
402 791
402 895
402 906
402 942
402 973
403 237
403 329
403 378
403 654
403 765
403 812
403 900
404 222
404 259
404 410
404 878
404 905
404 988
404 995
405 289
405 674
405 765
405 815
405 866
405 920
405 930
406 371
406 568
406 946
406 947
406 949
406 984
406 994
407 7
407 330
407 411
407 800
407 869
407 968
407 982
408 28
408 144
408 484
408 515
408 673
408 907
408 991
409 404
409 455
409 887
409 905
409 983
409 988
409 995
410 73
410 803
410 865
410 917
410 972
410 988
410 995
411 126
411 161
411 327
411 393
411 898
411 968
411 970
412 161
412 192
412 381
412 796
412 934
412 964
412 997
413 117
413 435
413 654
413 678
413 893
413 939
413 989
414 54
414 527
414 668
414 933
414 957
414 982
414 987
415 148
415 205
415 463
415 714
415 876
415 900
415 982
416 31
416 181
416 235
416 817
416 974
416 975
416 996
417 171
417 338
417 524
417 587
417 631
417 893
417 910
418 199
418 440
418 804
418 837
418 936
418 965
418 976
419 413
419 441
419 687
419 718
419 869
419 962
419 968
420 58
420 90
420 186
420 471
420 906
420 973
420 979
421 460
421 538
421 656
421 933
421 939
421 950
421 980
422 330
422 493
422 859
422 944
422 962
422 968
422 984
423 410
423 461
423 495
423 691
423 932
423 947
423 996
424 552
424 610
424 754
424 760
424 792
424 798
424 814
425 196
425 579
425 700
425 749
425 861
425 899
425 978
426 93
426 453
426 521
426 563
426 811
426 915
426 963
427 39
427 621
427 746
427 812
427 885
427 950
427 980
428 334
428 384
428 440
428 707
428 798
428 837
428 970
429 239
429 488
429 897
429 943
429 990
429 993
429 998
430 254
430 263
430 433
430 486
430 534
430 848
430 887
431 331
431 598
431 776
431 829
431 918
431 931
431 996
432 435
432 683
432 708
432 758
432 785
432 922
432 944
433 19
433 105
433 688
433 921
433 927
433 944
433 996
434 226
434 343
434 349
434 745
434 821
434 971
434 998
435 7
435 183
435 422
435 800
435 944
435 962
435 985
436 57
436 65
436 365
436 438
436 659
436 871
436 994
437 132
437 415
437 705
437 714
437 876
437 909
437 969
438 211
438 400
438 426
438 811
438 915
438 963
438 969
439 154
439 263
439 380
439 549
439 659
439 941
439 996
440 198
440 247
440 315
440 863
440 970
440 976
440 979
441 225
441 408
441 614
441 800
441 945
441 962
441 980
442 122
442 282
442 911
442 951
442 989
442 997
442 999
443 53
443 108
443 422
443 658
443 754
443 941
443 996
444 686
444 767
444 771
444 859
444 913
444 926
444 989
445 35
445 150
445 672
445 799
445 842
445 907
445 998
446 186
446 526
446 791
446 895
446 919
446 971
446 979
447 474
447 752
447 762
447 832
447 902
447 930
447 994
448 141
448 280
448 640
448 790
448 955
448 992
448 998
449 818
449 892
449 937
449 957
449 959
449 967
449 969
450 27
450 288
450 713
450 946
450 985
450 986
450 991
451 304
451 480
451 582
451 935
451 989
451 997
451 999
452 559
452 671
452 695
452 865
452 956
452 986
452 991
453 545
453 606
453 861
453 873
453 937
453 959
453 967
453 977
454 543
454 609
454 646
454 676
454 924
454 936
454 939
455 118
455 137
455 878
455 972
455 983
455 988
455 995
456 529
456 609
456 860
456 871
456 940
456 968
456 994
457 139
457 445
457 516
457 580
457 774
457 799
457 842
458 692
458 801
458 808
458 809
458 822
458 940
458 980
459 453
459 606
459 844
459 932
459 957
459 959
459 977
460 299
460 479
460 808
460 874
460 950
460 980
460 983
461 540
461 571
461 626
461 789
461 901
461 963
461 996
462 17
462 261
462 319
462 654
462 878
462 983
462 995
463 437
463 604
463 641
463 813
463 877
463 895
463 999
464 500
464 556
464 734
464 839
464 983
464 988
464 995
465 104
465 188
465 255
465 954
465 965
465 970
465 976
466 544
466 852
466 945
466 972
466 983
466 988
466 995
467 163
467 281
467 352
467 598
467 707
467 806
467 903
468 20
468 618
468 782
468 826
468 893
468 949
468 996
469 382
469 493
469 547
469 777
469 813
469 995
469 996
470 798
470 840
470 863
470 965
470 970
470 976
470 987
471 497
471 891
471 906
471 919
471 952
471 979
471 988
472 170
472 660
472 691
472 721
472 737
472 753
472 996
473 267
473 462
473 464
473 607
473 945
473 988
473 995
474 185
474 301
474 604
474 762
474 832
474 902
474 921
475 281
475 465
475 632
475 837
475 870
475 954
475 970
476 159
476 611
476 880
476 966
476 979
476 984
476 994
477 0
477 71
477 568
477 754
477 814
477 970
477 994
478 201
478 202
478 590
478 923
478 974
478 975
478 996
479 85
479 366
479 670
479 923
479 931
479 990
479 996
480 637
480 761
480 911
480 935
480 989
480 997
480 999
481 98
481 460
481 539
481 655
481 816
481 950
481 966
482 182
482 244
482 399
482 674
482 735
482 821
482 978
483 442
483 451
483 509
483 934
483 989
483 997
483 999
484 28
484 196
484 502
484 591
484 842
484 907
484 958
485 187
485 280
485 629
485 820
485 983
485 990
485 998
486 284
486 517
486 592
486 738
486 877
486 974
486 996
487 46
487 265
487 275
487 854
487 982
487 987
487 990
488 635
488 810
488 867
488 925
488 990
488 992
488 993
489 115
489 133
489 282
489 317
489 926
489 997
489 999
490 353
490 357
490 379
490 514
490 611
490 805
490 947
491 68
491 309
491 713
491 755
491 948
491 986
491 991
492 17
492 782
492 890
492 914
492 990
492 992
492 993
493 66
493 381
493 469
493 712
493 743
493 750
493 974
494 322
494 748
494 908
494 946
494 956
494 985
494 991
495 97
495 430
495 681
495 761
495 974
495 975
495 983
496 255
496 834
496 863
496 879
496 965
496 970
496 976
497 26
497 56
497 446
497 891
497 898
497 942
497 979
498 602
498 693
498 932
498 957
498 959
498 969
498 977
499 530
499 620
499 722
499 856
499 884
499 919
499 971
500 404
500 462
500 753
500 972
500 983
500 988
500 995
501 611
501 805
501 924
501 947
501 966
501 974
501 994
502 2
502 125
502 181
502 201
502 605
502 776
502 953
503 269
503 354
503 449
503 716
503 906
503 952
503 979
504 172
504 464
504 706
504 766
504 933
504 960
504 987
505 318
505 704
505 855
505 871
505 883
505 941
505 994
506 174
506 231
506 305
506 313
506 650
506 757
506 853
507 250
507 364
507 557
507 624
507 707
507 903
507 987
508 309
508 577
508 908
508 956
508 989
508 991
508 993
509 133
509 859
509 913
509 934
509 964
509 989
509 997
510 418
510 603
510 711
510 804
510 954
510 970
510 976
511 154
511 546
511 642
511 688
511 696
511 779
511 960
512 364
512 643
512 806
512 831
512 834
512 903
512 963
513 13
513 129
513 416
513 721
513 860
513 916
513 953
514 102
514 142
514 940
514 947
514 966
514 970
514 994
515 498
515 861
515 932
515 959
515 967
515 969
515 977
516 424
516 429
516 754
516 760
516 845
516 884
516 993
517 479
517 600
517 916
517 931
517 974
517 993
517 996
518 58
518 190
518 906
518 919
518 952
518 970
518 979
519 375
519 522
519 605
519 629
519 867
519 992
519 998
520 394
520 753
520 918
520 972
520 983
520 988
520 995
521 82
521 183
521 226
521 461
521 644
521 887
521 915
522 152
522 271
522 299
522 794
522 966
522 984
522 994
523 436
523 477
523 754
523 792
523 857
523 937
523 997
524 109
524 719
524 772
524 782
524 908
524 910
524 922
525 241
525 279
525 634
525 810
525 838
525 872
525 993
526 793
526 895
526 919
526 942
526 952
526 978
526 979
527 487
527 756
527 769
527 899
527 912
527 963
527 982
528 68
528 173
528 494
528 781
528 985
528 986
528 991
529 436
529 653
529 684
529 774
529 778
529 805
529 994
530 176
530 427
530 458
530 518
530 802
530 980
530 998
531 69
531 488
531 525
531 715
531 790
531 914
531 990
532 21
532 45
532 450
532 491
532 781
532 986
532 991
533 156
533 577
533 616
533 627
533 697
533 732
533 825
534 284
534 632
534 804
534 826
534 879
534 954
534 976
535 822
535 858
535 927
535 958
535 992
535 993
535 998
536 23
536 486
536 547
536 916
536 921
536 941
536 996
537 422
537 432
537 441
537 794
537 900
537 903
537 968
538 421
538 458
538 475
538 499
538 802
538 809
538 950
539 450
539 532
539 946
539 970
539 985
539 986
539 991
540 158
540 222
540 257
540 488
540 942
540 949
540 991
541 388
541 551
541 562
541 708
541 786
541 944
541 968
542 99
542 180
542 611
542 683
542 696
542 727
542 843
543 168
543 479
543 813
543 827
543 829
543 936
543 996
544 123
544 466
544 520
544 780
544 918
544 988
544 995
545 268
545 797
545 874
545 892
545 937
545 969
545 977
546 16
546 367
546 583
546 665
546 720
546 751
546 824
547 26
547 729
547 875
547 959
547 974
547 990
547 996
548 101
548 195
548 411
548 820
548 849
548 886
548 998
549 151
549 358
549 810
549 857
549 901
549 992
549 993
550 187
550 548
550 601
550 827
550 943
550 990
550 998
551 124
551 298
551 647
551 706
551 766
551 933
551 987
552 864
552 913
552 935
552 964
552 989
552 997
552 999
553 84
553 462
553 669
553 802
553 809
553 816
553 993
554 50
554 297
554 484
554 694
554 981
554 989
554 999
555 37
555 413
555 454
555 654
555 872
555 939
555 996
556 319
556 607
556 734
556 753
556 972
556 988
556 995
557 512
557 616
557 633
557 643
557 903
557 984
557 999
558 39
558 668
558 685
558 912
558 982
558 987
558 998
559 21
559 27
559 326
559 638
559 985
559 986
559 991
560 102
560 653
560 704
560 932
560 966
560 984
560 994
561 818
561 844
561 850
561 932
561 957
561 959
561 977
562 24
562 247
562 606
562 689
562 755
562 764
562 999
563 78
563 419
563 608
563 801
563 846
563 920
563 963
564 165
564 774
564 868
564 938
564 940
564 966
564 994
565 529
565 653
565 868
565 947
565 954
565 984
565 994
566 24
566 48
566 293
566 541
566 630
566 727
566 843
567 140
567 360
567 612
567 899
567 955
567 971
567 978
568 76
568 357
568 501
568 722
568 935
568 947
568 994
569 12
569 700
569 840
569 888
569 961
569 971
569 978
570 68
570 946
570 948
570 956
570 985
570 986
570 991
571 114
571 168
571 363
571 461
571 625
571 811
571 990
572 365
572 420
572 568
572 664
572 768
572 966
572 994
573 558
573 886
573 912
573 933
573 960
573 982
573 987
574 121
574 167
574 585
574 728
574 747
574 839
574 977
575 173
575 202
575 389
575 713
575 723
575 985
575 991
576 276
576 442
576 796
576 896
576 935
576 989
576 999
577 508
577 528
577 755
577 865
577 908
577 985
577 991
578 463
578 523
578 639
578 869
578 876
578 947
578 997
579 223
579 595
579 617
579 667
579 899
579 961
579 978
580 164
580 544
580 697
580 732
580 764
580 825
580 836
581 170
581 269
581 420
581 497
581 906
581 973
581 979
582 302
582 316
582 552
582 613
582 870
582 926
582 989
583 573
583 636
583 665
583 717
583 720
583 751
583 909
584 136
584 374
584 657
584 838
584 871
584 992
584 998
585 53
585 323
585 525
585 574
585 728
585 884
585 961
586 206
586 390
586 520
586 607
586 972
586 983
586 995
587 288
587 338
587 741
587 772
587 826
587 949
587 991
588 1
588 491
588 680
588 865
588 956
588 985
588 991
589 74
589 640
589 943
589 948
589 958
589 997
589 998
590 79
590 83
590 345
590 633
590 636
590 880
590 967
591 844
591 873
591 874
591 937
591 967
591 969
591 977
592 433
592 615
592 647
592 670
592 847
592 923
592 996
593 451
593 554
593 913
593 951
593 964
593 997
593 999
594 774
594 778
594 868
594 871
594 957
594 966
594 994
595 67
595 76
595 482
595 667
595 823
595 888
595 978
596 566
596 630
596 690
596 696
596 729
596 743
596 895
597 575
597 781
597 807
597 908
597 946
597 985
597 991
598 473
598 511
598 656
598 777
598 827
598 975
598 985
599 119
599 224
599 692
599 809
599 943
599 950
599 980
600 195
600 216
600 670
600 703
600 921
600 923
600 996
601 90
601 208
601 872
601 990
601 993
601 996
601 998
602 261
602 693
602 797
602 959
602 967
602 969
602 977
603 628
603 798
603 837
603 960
603 965
603 976
603 983
604 301
604 703
604 746
604 782
604 832
604 902
604 996
605 241
605 715
605 738
605 849
605 881
605 986
605 993
606 291
606 797
606 892
606 957
606 959
606 967
606 969
606 977
607 94
607 803
607 839
607 852
607 945
607 983
607 995
608 400
608 846
608 881
608 915
608 943
608 963
608 988
609 242
609 413
609 425
609 454
609 676
609 765
609 900
610 443
610 497
610 523
610 773
610 787
610 845
610 995
611 88
611 684
611 742
611 746
611 883
611 938
611 994
612 182
612 244
612 349
612 373
612 817
612 888
612 978
613 370
613 489
613 666
613 881
613 989
613 997
613 999
614 200
614 252
614 407
614 600
614 740
614 869
614 962
615 47
615 87
615 153
615 930
615 974
615 975
615 996
616 692
616 764
616 825
616 836
616 931
616 940
616 952
617 567
617 569
617 739
617 821
617 888
617 961
617 978
618 20
618 550
618 772
618 819
618 910
618 922
618 985
619 233
619 294
619 494
619 590
619 726
619 880
619 974
620 307
620 386
620 712
620 823
620 853
620 866
620 889
621 160
621 224
621 421
621 722
621 808
621 856
621 981
622 710
622 815
622 866
622 904
622 920
622 930
622 978
623 639
623 864
623 885
623 935
623 951
623 997
623 999
624 315
624 350
624 601
624 872
624 938
624 990
624 998
625 75
625 145
625 699
625 835
625 951
625 976
625 993
626 105
626 468
626 618
626 741
626 910
626 949
626 961
627 189
627 355
627 450
627 667
627 744
627 968
627 985
628 36
628 475
628 879
628 936
628 965
628 970
628 976
629 33
629 136
629 886
629 890
629 943
629 952
629 998
630 229
630 542
630 566
630 648
630 696
630 729
630 818
631 108
631 245
631 424
631 516
631 982
631 987
631 995
632 130
632 496
632 837
632 879
632 965
632 966
632 970
633 345
633 590
633 619
633 726
633 833
633 880
633 974
634 179
634 698
634 795
634 838
634 859
634 925
634 993
635 80
635 822
635 917
635 958
635 990
635 992
635 993
636 62
636 583
636 661
636 697
636 824
636 862
636 989
637 554
637 623
637 761
637 767
637 870
637 997
637 999
638 1
638 45
638 89
638 948
638 956
638 985
638 991
639 313
639 483
639 596
639 911
639 981
639 989
639 999
640 151
640 605
640 738
640 901
640 943
640 990
640 992
641 40
641 132
641 293
641 463
641 538
641 714
641 876
642 395
642 479
642 617
642 891
642 916
642 953
642 980
643 471
643 512
643 903
643 942
643 963
643 966
643 997
644 85
644 165
644 382
644 431
644 543
644 742
644 974
645 368
645 771
645 885
645 911
645 989
645 997
645 999
646 65
646 456
646 476
646 529
646 940
646 947
646 998
647 32
647 242
647 691
647 877
647 915
647 917
647 986
648 180
648 727
648 778
648 904
648 950
648 968
648 996
649 305
649 610
649 652
649 853
649 889
649 988
649 991
650 582
650 652
650 778
650 823
650 853
650 889
650 938
651 121
651 384
651 470
651 863
651 954
651 957
651 976
652 307
652 387
652 650
652 732
652 757
652 853
652 889
653 174
653 572
653 768
653 778
653 789
653 994
653 998
654 210
654 329
654 555
654 676
654 730
654 939
654 961
655 91
655 149
655 296
655 481
655 553
655 770
655 980
656 32
656 306
656 423
656 647
656 839
656 953
656 996
657 41
657 70
657 195
657 953
657 958
657 990
657 992
658 71
658 301
658 424
658 540
658 787
658 845
658 992
659 30
659 306
659 361
659 644
659 776
659 923
659 996
660 48
660 135
660 219
660 800
660 894
660 975
660 996
661 514
661 725
661 818
661 824
661 862
661 933
661 994
662 316
662 623
662 859
662 935
662 981
662 989
662 999
663 40
663 425
663 700
663 745
663 955
663 971
663 978
664 127
664 318
664 406
664 514
664 938
664 940
664 994
665 546
665 661
665 720
665 725
665 751
665 862
665 912
666 304
666 335
666 391
666 623
666 989
666 997
666 999
667 252
667 343
667 360
667 593
667 612
667 888
667 892
668 55
668 685
668 752
668 766
668 902
668 912
668 982
669 215
669 547
669 590
669 601
669 619
669 880
669 992
670 433
670 513
670 770
670 817
670 909
670 974
670 996
671 173
671 532
671 575
671 946
671 985
671 986
671 991
672 484
672 704
672 799
672 842
672 844
672 849
672 907
673 43
673 63
673 362
673 445
673 548
673 907
673 980
674 289
674 815
674 866
674 904
674 920
674 930
674 954
675 43
675 103
675 392
675 711
675 992
675 993
675 998
676 127
676 303
676 384
676 589
676 783
676 900
676 993
677 420
677 716
677 898
677 919
677 929
677 973
677 979
678 812
678 822
678 865
678 900
678 939
678 975
678 992
679 645
679 926
679 935
679 951
679 964
679 981
679 989
680 89
680 713
680 755
680 845
680 985
680 986
680 991
681 116
681 872
681 875
681 921
681 931
681 975
681 996
682 148
682 402
682 793
682 919
682 942
682 952
682 973
683 9
683 238
683 558
683 648
683 695
683 729
683 997
684 476
684 536
684 646
684 924
684 938
684 940
684 994
685 230
685 868
685 882
685 912
685 960
685 982
685 987
686 60
686 147
686 166
686 613
686 662
686 989
686 999
687 225
687 368
687 510
687 594
687 944
687 962
687 968
688 431
688 511
688 737
688 744
688 784
688 871
688 996
689 11
689 496
689 651
689 936
689 965
689 970
689 994
690 181
690 238
690 829
690 888
690 928
690 931
690 998
691 4
691 47
691 306
691 688
691 750
691 759
691 807
692 57
692 149
692 250
692 296
692 808
692 953
692 980
693 797
693 844
693 873
693 892
693 932
693 937
693 967
693 969
693 977
694 342
694 552
694 934
694 951
694 981
694 997
694 999
695 309
695 480
695 588
695 807
695 847
695 986
695 991
696 9
696 542
696 596
696 648
696 835
696 843
696 912
697 156
697 580
697 732
697 764
697 825
697 962
697 963
698 151
698 260
698 855
698 890
698 927
698 990
698 992
699 204
699 625
699 658
699 828
699 873
699 888
699 909
700 177
700 182
700 595
700 840
700 883
700 971
700 984
701 236
701 531
701 858
701 960
701 963
701 993
701 998
702 175
702 398
702 625
702 699
702 707
702 783
702 916
703 267
703 458
703 506
703 622
703 762
703 832
703 902
704 81
704 240
704 698
704 786
704 805
704 938
704 966
705 212
705 415
705 437
705 675
705 876
705 908
705 914
706 25
706 172
706 414
706 434
706 756
706 960
706 982
707 218
707 507
707 557
707 701
707 806
707 903
707 992
708 295
708 541
708 562
708 800
708 944
708 950
708 962
709 227
709 275
709 558
709 691
709 733
709 756
709 982
710 114
710 355
710 462
710 918
710 988
710 995
711 359
711 519
711 810
711 992
711 993
711 998
712 231
712 271
712 506
712 650
712 855
712 889
713 528
713 597
713 695
713 985
713 986
713 991
714 52
714 808
714 964
714 973
714 988
714 990
715 248
715 857
715 914
715 937
715 992
715 998
716 113
716 677
716 779
716 929
716 942
716 973
717 94
717 636
717 725
717 824
717 862
717 923
718 163
718 556
718 682
718 708
718 758
718 967
719 397
719 737
719 772
719 893
719 910
719 949
720 94
720 661
720 717
720 824
720 955
720 962
721 138
721 216
721 592
721 846
721 931
721 935
722 91
722 816
722 928
722 941
722 950
722 980
723 781
723 807
723 948
723 985
723 986
723 991
724 489
724 679
724 711
724 775
724 990
724 992
725 367
725 546
725 583
725 636
725 857
725 862
726 669
726 829
726 833
726 905
726 981
726 999
727 99
727 180
727 566
727 729
727 945
727 997
728 53
728 249
728 713
728 858
728 884
728 996
729 9
729 285
729 542
729 566
729 843
729 974
730 671
730 748
730 920
730 956
730 986
730 991
731 918
731 945
731 972
731 983
731 988
731 995
732 41
732 164
732 533
732 580
732 836
732 971
733 194
733 706
733 933
733 976
733 982
733 987
734 123
734 166
734 297
734 586
734 905
734 995
735 343
735 579
735 910
735 955
735 971
735 978
736 581
736 793
736 898
736 929
736 973
736 979
737 561
737 600
737 644
737 660
737 953
737 996
738 698
738 849
738 858
738 958
738 990
738 998
739 520
739 783
739 828
739 835
739 851
739 909
740 248
740 531
740 589
740 624
740 886
740 901
741 157
741 223
741 468
741 529
741 799
741 922
742 57
742 564
742 868
742 924
742 984
742 994
743 48
743 138
743 592
743 744
743 858
743 931
744 600
744 701
744 737
744 784
744 921
744 976
745 482
745 569
745 961
745 978
745 991
745 999
746 72
746 565
746 594
746 855
746 924
746 984
747 95
747 121
747 331
747 333
747 768
747 884
748 326
748 570
748 908
748 956
748 986
748 991
749 567
749 923
749 955
749 961
749 971
749 978
750 334
750 403
750 681
750 931
750 975
750 984
751 367
751 717
751 725
751 776
751 862
751 980
752 496
752 604
752 618
752 803
752 816
752 902
753 14
753 586
753 731
753 780
753 839
753 972
754 257
754 398
754 523
754 578
754 760
754 845
755 128
755 781
755 956
755 985
755 986
755 991
756 766
756 815
756 841
756 933
756 987
756 993
757 253
757 506
757 620
757 652
757 712
757 890
758 292
758 415
758 472
758 521
758 708
758 994
759 116
759 144
759 690
759 774
759 817
759 996
760 84
760 259
760 631
760 658
760 814
760 984
761 335
761 896
761 926
761 934
761 981
761 997
762 143
762 495
762 703
762 752
762 832
762 902
763 175
763 385
763 909
763 972
763 976
763 978
764 153
764 304
764 697
764 825
764 836
764 987
765 37
765 210
765 378
765 413
765 454
765 977
766 184
766 207
766 756
766 893
766 982
766 987
767 694
767 934
767 964
767 981
767 997
767 999
768 152
768 653
768 687
768 789
768 966
768 994
769 227
769 314
769 487
769 527
769 797
769 987
770 19
770 324
770 530
770 797
770 896
770 928
771 351
771 694
771 761
771 913
771 989
771 999
772 362
772 554
772 587
772 719
772 893
772 904
773 265
773 394
773 473
773 945
773 983
773 995
774 572
774 777
774 789
774 871
774 940
774 984
775 272
775 320
775 448
775 740
775 867
775 897
776 135
776 758
776 813
776 875
776 974
776 998
777 300
777 472
777 721
777 776
777 923
777 953
778 214
778 251
778 565
778 768
778 855
778 954
779 581
779 791
779 894
779 952
779 973
779 979
780 222
780 710
780 731
780 839
780 917
780 995
781 588
781 730
781 948
781 956
781 985
781 991
782 417
782 826
782 830
782 910
782 949
782 988
783 385
783 661
783 699
783 739
783 836
783 909
784 197
784 665
784 777
784 813
784 827
784 894
785 332
785 645
785 662
785 847
785 981
785 999
786 457
786 646
786 868
786 883
786 924
786 984
787 0
787 394
787 443
787 516
787 540
787 814
788 423
788 497
788 891
788 929
788 942
788 973
789 228
789 565
789 748
789 903
789 938
789 994
790 277
790 740
790 775
790 901
790 992
790 998
791 112
791 628
791 788
791 952
791 973
791 979
792 278
792 631
792 658
792 780
792 784
792 845
793 898
793 902
793 906
793 929
793 942
793 973
794 347
794 704
794 875
794 966
794 984
794 994
795 248
795 820
795 927
795 990
795 993
795 998
796 192
796 859
796 926
796 934
796 997
796 999
797 851
797 861
797 957
797 959
797 967
797 969
798 5
798 440
798 510
798 837
798 965
798 976
799 492
799 643
799 864
799 912
799 917
799 992
800 213
800 419
800 718
800 758
800 951
800 962
801 96
801 149
801 296
801 427
801 950
801 969
802 84
802 372
802 950
802 980
802 982
802 999
803 8
803 396
803 500
803 773
803 983
803 995
804 428
804 475
804 638
804 863
804 970
804 976
805 295
805 792
805 794
805 908
805 924
805 984
806 250
806 467
806 507
806 643
806 989
806 995
807 326
807 450
807 695
807 948
807 985
807 986
808 287
808 553
808 629
808 856
808 913
808 980
809 176
809 224
809 507
809 599
809 889
809 980
810 41
810 914
810 927
810 992
810 993
810 998
811 101
811 391
811 597
811 927
811 984
811 996
812 403
812 555
812 894
812 900
812 939
812 994
813 2
813 531
813 642
813 921
813 953
813 975
814 424
814 540
814 610
814 792
814 924
814 969
815 405
815 842
815 866
815 904
815 920
815 930
816 363
816 538
816 599
816 772
816 899
816 980
817 125
817 416
817 750
817 894
817 973
817 996
818 515
818 850
818 861
818 957
818 967
818 969
819 397
819 626
819 826
819 922
819 949
819 950
820 33
820 80
820 429
820 990
820 992
820 993
821 22
821 155
821 595
821 617
821 961
821 971
822 75
822 715
822 872
822 990
822 993
822 998
823 508
823 632
823 650
823 652
823 853
823 889
824 661
824 665
824 725
824 751
824 795
824 862
825 533
825 537
825 616
825 697
825 764
825 836
826 719
826 819
826 825
826 853
826 949
826 996
827 337
827 536
827 743
827 770
827 974
827 986
828 310
828 625
828 702
828 830
828 835
828 955
829 324
829 543
829 848
829 906
829 928
829 996
830 500
830 719
830 741
830 763
830 922
830 949
831 785
831 896
831 964
831 981
831 997
831 999
832 678
832 752
832 762
832 876
832 902
832 996
833 390
833 669
833 862
833 957
833 988
833 993
834 130
834 284
834 702
834 879
834 890
834 970
835 235
835 274
835 490
835 702
835 783
835 909
836 164
836 616
836 732
836 764
836 825
836 846
837 603
837 628
837 834
837 863
837 970
837 982
838 601
838 701
838 857
838 914
838 958
838 998
839 520
839 734
839 816
839 918
839 983
839 995
840 59
840 234
840 434
840 655
840 899
840 961
841 277
841 376
841 811
841 912
841 960
841 982
842 139
842 457
842 672
842 830
842 914
842 983
843 99
843 107
843 596
843 648
843 650
843 729
844 321
844 453
844 602
844 851
844 874
844 967
844 969
844 977
845 209
845 523
845 814
845 948
845 955
845 980
846 289
846 340
846 461
846 519
846 864
846 963
847 256
847 576
847 964
847 989
847 997
847 999
848 402
848 495
848 714
848 944
848 978
848 998
849 374
849 548
849 589
849 934
849 993
849 998
850 15
850 851
850 957
850 959
850 967
850 969
851 291
851 449
851 591
851 602
851 959
851 977
852 409
852 473
852 803
852 839
852 988
852 995
853 3
853 305
853 387
853 431
853 619
853 757
854 25
854 344
854 573
854 651
854 982
854 987
855 295
855 746
855 786
855 863
855 940
855 984
856 140
856 621
856 692
856 811
856 950
856 980
857 100
857 158
857 359
857 848
857 990
857 998
858 80
858 849
858 956
858 992
858 993
858 998
859 381
859 885
859 981
859 989
859 997
859 999
860 131
860 356
860 664
860 786
860 938
860 984
861 341
861 498
861 873
861 892
861 967
861 977
862 373
862 583
862 636
862 717
862 751
862 992
863 109
863 510
863 632
863 804
863 976
863 981
864 576
864 679
864 964
864 989
864 997
864 999
865 452
865 597
865 730
865 956
865 985
865 986
866 95
866 622
866 674
866 904
866 920
866 930
867 134
867 531
867 724
867 886
867 943
867 992
868 228
868 366
868 379
868 774
868 966
868 994
869 97
869 230
869 759
869 800
869 973
869 999
870 694
870 831
870 864
870 935
870 981
870 999
871 564
871 664
871 763
871 786
871 966
871 994
872 10
872 30
872 64
872 838
872 992
872 998
873 797
873 932
873 957
873 967
873 969
873 977
874 369
874 844
874 851
874 957
874 967
874 977
875 5
875 153
875 383
875 395
875 598
875 975
876 132
876 578
876 641
876 672
876 705
876 867
877 232
877 511
877 599
877 600
877 759
877 941
878 118
878 390
878 810
878 934
878 983
878 995
879 465
879 510
879 689
879 936
879 954
879 989
880 12
880 83
880 215
880 634
880 988
880 993
881 328
881 593
881 637
881 864
881 911
881 997
882 51
882 74
882 414
882 769
882 912
882 987
883 436
883 704
883 935
883 947
883 984
883 994
884 29
884 128
884 876
884 962
884 997
884 999
885 147
885 332
885 582
885 847
885 981
885 999
886 203
886 812
886 958
886 990
886 992
886 998
887 14
887 259
887 355
887 731
887 945
887 972
888 63
888 700
888 899
888 905
888 961
888 971
889 126
889 320
889 487
889 649
889 751
889 823
890 485
890 525
890 589
890 943
890 956
890 998
891 269
891 402
891 526
891 898
891 929
891 952
892 591
892 873
892 874
892 937
892 959
892 977
893 77
893 338
893 741
893 826
893 830
893 910
894 770
894 776
894 974
894 983
894 990
894 994
895 16
895 56
895 891
895 952
895 973
895 979
896 593
896 864
896 870
896 951
896 997
896 999
897 519
897 605
897 872
897 990
897 993
897 998
898 112
898 715
898 793
898 942
898 973
898 979
899 425
899 434
899 584
899 961
899 971
899 978
900 244
900 401
900 612
900 614
900 678
900 962
901 375
901 684
901 724
901 810
901 831
901 890
902 267
902 447
902 474
902 604
902 752
902 993
903 467
903 557
903 707
903 867
903 882
903 985
904 131
904 674
904 866
904 920
904 930
904 947
905 466
905 500
905 852
905 972
905 983
905 995
906 22
906 113
906 518
906 895
906 919
906 979
907 35
907 336
907 433
907 457
907 673
907 998
908 128
908 377
908 528
908 807
908 986
908 991
909 274
909 310
909 339
909 545
909 763
909 828
910 731
910 772
910 782
910 830
910 921
910 922
911 38
911 881
911 885
911 935
911 997
911 999
912 29
912 266
912 709
912 882
912 941
912 987
913 662
913 686
913 934
913 964
913 989
913 997
914 285
914 740
914 857
914 916
914 943
914 958
915 226
915 340
915 348
915 438
915 919
915 963
916 642
916 727
916 737
916 928
916 974
916 996
917 73
917 455
917 466
917 945
917 988
917 995
918 258
918 265
918 513
918 852
918 972
918 995
919 87
919 677
919 736
919 788
919 906
919 929
920 34
920 405
920 815
920 904
920 930
920 975
921 135
921 146
921 197
921 448
921 502
921 894
922 50
922 524
922 618
922 782
922 819
922 910
923 19
923 144
923 146
923 787
923 894
923 951
924 171
924 490
924 786
924 966
924 984
924 994
925 701
925 838
925 857
925 886
925 890
925 901
926 212
926 679
926 885
926 964
926 981
926 997
927 203
927 629
927 686
927 958
927 965
927 990
928 423
928 647
928 737
928 744
928 953
928 968
929 518
929 891
929 895
929 906
929 952
929 973
930 34
930 120
930 228
930 333
930 815
930 866
931 283
931 750
931 877
931 926
931 974
931 975
932 167
932 459
932 818
932 957
932 959
932 977
933 298
933 314
933 733
933 769
933 928
933 960
934 312
934 554
934 913
934 981
934 997
934 999
935 831
935 881
935 911
935 964
935 997
935 999
936 169
936 428
936 689
936 820
936 954
936 970
937 15
937 515
937 874
937 892
937 967
937 969
938 102
938 262
938 868
938 883
938 947
938 966
939 210
939 403
939 555
939 765
939 805
939 964
940 436
940 742
940 794
940 982
940 984
940 994
941 146
941 472
941 813
941 953
941 996
941 999
942 87
942 190
942 716
942 736
942 973
942 979
943 624
943 698
943 867
943 990
943 992
943 998
944 645
944 687
944 800
944 869
944 968
944 997
945 106
945 710
945 972
945 980
945 983
945 988
946 389
946 452
946 570
946 985
946 986
946 991
947 517
947 572
947 883
947 984
947 991
947 994
948 27
948 671
948 730
948 946
948 986
948 991
949 266
949 626
949 782
949 819
949 893
949 922
950 499
950 733
950 922
950 932
950 959
950 980
951 286
951 582
951 715
951 870
951 997
951 999
952 170
952 779
952 788
952 891
952 919
952 953
953 469
953 681
953 832
953 931
953 975
953 996
954 386
954 496
954 628
954 834
954 965
954 970
955 12
955 569
955 663
955 971
955 972
955 978
956 452
956 570
956 588
956 748
956 986
956 991
957 449
957 545
957 818
957 850
957 861
957 874
958 78
958 208
958 448
958 675
958 990
958 992
959 352
959 602
959 606
959 693
959 937
959 969
959 977
960 31
960 194
960 504
960 733
960 882
960 987
961 612
961 693
961 749
961 821
961 955
961 978
962 225
962 273
962 614
962 687
962 968
962 988
963 93
963 191
963 361
963 571
963 883
963 915
964 639
964 761
964 796
964 911
964 997
964 999
965 109
965 236
965 470
965 834
965 936
965 976
966 66
966 88
966 406
966 947
966 984
966 994
967 498
967 561
967 850
967 851
967 937
967 959
968 183
968 411
968 790
968 869
968 892
968 921
969 352
969 369
969 850
969 959
969 967
969 977
970 188
970 781
970 936
970 954
970 965
970 976
971 234
971 252
971 399
971 663
971 820
971 955
972 780
972 839
972 917
972 983
972 988
972 995
973 446
973 682
973 779
973 793
973 929
973 979
974 372
974 826
974 923
974 941
974 956
974 996
975 49
975 331
975 681
975 759
975 848
975 910
976 630
976 651
976 798
976 954
976 965
976 970
977 107
977 268
977 459
977 851
977 861
977 932
978 6
978 579
978 595
978 821
978 955
978 992
979 186
979 581
979 736
979 891
979 895
979 919
980 535
980 538
980 553
980 722
980 802
980 998
981 351
981 645
981 694
981 761
981 997
981 999
982 29
982 51
982 532
982 573
982 733
982 987
983 396
983 852
983 918
983 945
983 988
983 995
984 251
984 505
984 757
984 871
984 938
984 994
985 377
985 748
985 755
985 946
985 986
985 991
986 89
986 220
986 288
986 575
986 908
986 991
987 615
987 709
987 854
987 912
987 960
987 981
988 878
988 905
988 917
988 972
988 983
988 995
989 6
989 934
989 951
989 964
989 997
989 999
990 794
990 897
990 958
990 992
990 993
990 998
991 322
991 494
991 532
991 539
991 680
991 985
992 30
992 584
992 822
992 867
992 931
992 993
993 492
993 795
993 943
993 958
993 990
993 992
994 357
994 501
994 646
994 860
994 966
994 984
995 92
995 258
995 396
995 773
995 975
995 983
996 36
996 129
996 615
996 660
996 928
996 974
997 42
997 209
997 576
997 859
997 913
997 999
998 236
998 285
998 675
998 698
998 992
998 993
999 785
999 864
999 926
999 981
999 989
999 997
