0 18
0 274
0 540
0 557
0 571
0 787
0 871
0 967
1 386
1 762
1 770
1 796
1 946
1 969
1 973
1 998
2 53
2 92
2 215
2 665
2 947
2 972
2 980
2 992
3 79
3 457
3 739
3 783
3 803
3 866
3 988
3 995
4 148
4 293
4 717
4 863
4 922
4 997
4 998
4 999
5 19
5 474
5 893
5 977
5 991
5 997
5 998
5 999
6 51
6 616
6 881
6 898
6 913
6 948
6 962
6 991
7 76
7 77
7 106
7 349
7 868
7 949
7 984
7 989
8 679
8 701
8 971
8 977
8 984
8 997
8 998
8 999
9 154
9 463
9 672
9 847
9 942
9 955
9 963
9 978
10 73
10 595
10 724
10 956
10 963
10 974
10 982
10 992
11 607
11 615
11 695
11 872
11 931
11 961
11 983
11 988
12 269
12 785
12 810
12 841
12 844
12 943
12 976
12 995
13 11
13 154
13 156
13 227
13 517
13 776
13 896
13 987
14 108
14 304
14 390
14 407
14 522
14 787
14 930
14 973
15 428
15 435
15 624
15 871
15 888
15 915
15 981
15 989
16 157
16 408
16 670
16 759
16 864
16 895
16 951
16 991
17 298
17 381
17 394
17 634
17 865
17 920
17 937
17 967
18 350
18 437
18 454
18 512
18 765
18 889
18 944
18 952
19 374
19 543
19 549
19 599
19 824
19 891
19 973
19 999
20 237
20 240
20 367
20 421
20 806
20 866
20 949
20 964
21 528
21 676
21 677
21 766
21 802
21 936
21 981
21 987
22 3
22 145
22 442
22 608
22 795
22 982
22 993
22 994
23 92
23 383
23 578
23 819
23 972
23 980
23 991
23 993
24 67
24 140
24 576
24 693
24 913
24 929
24 963
24 998
25 545
25 654
25 698
25 905
25 984
25 997
25 998
25 999
26 18
26 469
26 586
26 870
26 957
26 960
26 995
26 998
27 234
27 529
27 548
27 878
27 945
27 949
27 962
27 996
28 167
28 436
28 486
28 817
28 933
28 934
28 952
28 995
29 632
29 689
29 721
29 970
29 985
29 989
29 990
29 996
30 439
30 469
30 663
30 789
30 823
30 913
30 968
30 991
31 53
31 215
31 595
31 833
31 901
31 961
31 972
31 993
32 610
32 695
32 819
32 842
32 901
32 961
32 980
32 993
33 176
33 609
33 839
33 863
33 942
33 963
33 975
33 999
34 410
34 670
34 817
34 849
34 885
34 942
34 995
34 996
35 655
35 697
35 768
35 925
35 935
35 997
35 998
35 999
36 375
36 458
36 582
36 700
36 899
36 918
36 987
36 997
37 525
37 781
37 808
37 811
37 861
37 964
37 991
37 999
38 547
38 656
38 832
38 857
38 862
38 934
38 994
38 995
39 267
39 296
39 312
39 832
39 840
39 857
39 976
39 995
40 274
40 735
40 879
40 880
40 918
40 964
40 967
40 994
41 56
41 411
41 552
41 609
41 723
41 986
41 991
41 997
42 535
42 679
42 747
42 884
42 922
42 997
42 998
42 999
43 58
43 277
43 300
43 607
43 685
43 808
43 975
43 991
44 632
44 707
44 755
44 760
44 897
44 937
44 945
44 989
45 192
45 305
45 551
45 632
45 926
45 986
45 990
45 996
46 128
46 223
46 291
46 377
46 906
46 911
46 928
46 995
47 421
47 645
47 720
47 740
47 776
47 786
47 917
47 985
48 84
48 514
48 695
48 842
48 872
48 947
48 961
48 993
49 597
49 702
49 926
49 943
49 956
49 965
49 973
49 974
50 8
50 575
50 716
50 745
50 826
50 920
50 970
50 994
51 98
51 504
51 639
51 700
51 861
51 881
51 982
51 988
52 153
52 682
52 691
52 836
52 973
52 988
52 995
52 997
53 151
53 256
53 495
53 714
53 767
53 825
53 833
53 998
54 12
54 325
54 406
54 422
54 539
54 662
54 770
54 917
55 179
55 278
55 395
55 518
55 571
55 596
55 994
55 998
56 605
56 700
56 789
56 890
56 895
56 959
56 991
56 999
57 37
57 337
57 700
57 894
57 895
57 913
57 914
57 991
58 3
58 330
58 579
58 663
58 760
58 940
58 966
58 991
59 171
59 463
59 596
59 603
59 688
59 886
59 898
59 997
60 298
60 733
60 757
60 774
60 821
60 924
60 989
60 996
61 246
61 384
61 684
61 696
61 763
61 852
61 972
61 993
62 90
62 200
62 668
62 784
62 939
62 997
62 998
62 999
63 430
63 467
63 519
63 583
63 737
63 900
63 956
63 974
64 226
64 359
64 654
64 734
64 807
64 902
64 918
64 955
65 29
65 450
65 675
65 809
65 943
65 953
65 989
65 997
66 444
66 631
66 742
66 884
66 977
66 997
66 998
66 999
67 303
67 310
67 319
67 898
67 929
67 942
67 963
67 982
68 473
68 673
68 715
68 731
68 805
68 834
68 977
68 979
69 10
69 333
69 576
69 800
69 912
69 943
69 958
69 975
70 774
70 815
70 891
70 938
70 985
70 989
70 990
70 996
71 114
71 273
71 276
71 691
71 877
71 941
71 954
71 969
72 28
72 160
72 590
72 662
72 696
72 958
72 992
72 995
73 257
73 644
73 838
73 923
73 943
73 961
73 991
73 997
74 173
74 414
74 548
74 858
74 890
74 903
74 945
74 998
75 89
75 90
75 614
75 650
75 922
75 997
75 998
75 999
76 230
76 468
76 559
76 615
76 783
76 878
76 949
76 959
77 432
77 510
77 767
77 785
77 797
77 869
77 890
77 998
78 40
78 261
78 270
78 452
78 593
78 606
78 885
78 964
79 219
79 320
79 360
79 368
79 587
79 960
79 978
79 982
80 602
80 896
80 925
80 929
80 965
80 978
80 990
80 998
81 25
81 126
81 493
81 785
81 866
81 958
81 965
81 991
82 41
82 159
82 356
82 532
82 663
82 924
82 985
82 991
83 38
83 223
83 662
83 837
83 916
83 956
83 986
83 995
84 118
84 894
84 901
84 947
84 980
84 983
84 988
84 992
85 64
85 169
85 243
85 380
85 465
85 528
85 642
85 936
86 136
86 314
86 511
86 592
86 837
86 966
86 969
86 996
87 339
87 426
87 462
87 827
87 879
87 926
87 943
87 972
88 386
88 391
88 938
88 953
88 985
88 986
88 990
88 996
89 444
89 643
89 709
89 893
89 962
89 997
89 998
89 999
90 173
90 658
90 900
90 939
90 962
90 997
90 998
90 999
91 380
91 677
91 736
91 753
91 901
91 904
91 948
91 967
92 61
92 446
92 477
92 695
92 763
92 767
92 894
92 992
93 15
93 36
93 346
93 686
93 706
93 725
93 990
93 999
94 451
94 662
94 673
94 781
94 795
94 893
94 958
94 995
95 123
95 254
95 476
95 569
95 601
95 606
95 864
95 925
96 15
96 37
96 104
96 675
96 788
96 843
96 974
96 981
97 76
97 442
97 707
97 838
97 845
97 910
97 923
97 996
98 181
98 369
98 579
98 639
98 948
98 958
98 966
98 991
99 574
99 637
99 670
99 746
99 841
99 852
99 952
99 980
100 115
100 162
100 166
100 578
100 618
100 692
100 761
100 974
101 372
101 388
101 404
101 566
101 585
101 839
101 978
101 998
102 207
102 472
102 531
102 543
102 668
102 838
102 869
102 949
103 6
103 659
103 773
103 936
103 955
103 973
103 981
103 987
104 220
104 306
104 502
104 565
104 737
104 921
104 953
104 987
105 740
105 786
105 800
105 912
105 942
105 963
105 982
105 999
106 673
106 782
106 813
106 882
106 917
106 952
106 976
106 995
107 108
107 225
107 827
107 900
107 928
107 954
107 988
107 994
108 436
108 616
108 705
108 793
108 824
108 921
108 954
108 969
109 277
109 777
109 874
109 962
109 977
109 997
109 998
109 999
110 93
110 492
110 717
110 871
110 902
110 955
110 982
110 987
111 205
111 658
111 950
111 962
111 977
111 997
111 998
111 999
112 105
112 252
112 372
112 378
112 882
112 906
112 978
112 997
113 110
113 480
113 601
113 774
113 841
113 880
113 936
113 955
114 774
114 940
114 944
114 957
114 968
114 986
114 996
114 998
115 248
115 255
115 328
115 583
115 604
115 861
115 974
115 999
116 122
116 444
116 493
116 884
116 971
116 997
116 998
116 999
117 682
117 752
117 875
117 944
117 985
117 986
117 990
117 996
118 194
118 404
118 851
118 931
118 947
118 951
118 980
118 993
119 316
119 395
119 401
119 426
119 569
119 606
119 956
119 977
120 131
120 234
120 438
120 468
120 764
120 956
120 978
120 997
121 49
121 233
121 430
121 440
121 799
121 914
121 974
121 975
122 200
122 610
122 614
122 728
122 779
122 997
122 998
122 999
123 24
123 257
123 618
123 639
123 644
123 692
123 926
123 974
124 287
124 302
124 455
124 837
124 864
124 956
124 974
124 999
125 5
125 459
125 617
125 770
125 971
125 997
125 998
125 999
126 58
126 367
126 471
126 754
126 870
126 970
126 991
126 994
127 541
127 550
127 599
127 655
127 971
127 997
127 998
127 999
128 285
128 389
128 396
128 512
128 620
128 637
128 886
128 995
129 79
129 150
129 312
129 488
129 933
129 963
129 967
129 994
130 487
130 676
130 831
130 881
130 934
130 940
130 942
130 999
131 120
131 327
131 387
131 745
131 776
131 857
131 878
131 951
132 757
132 804
132 839
132 911
132 924
132 929
132 932
132 978
133 353
133 417
133 675
133 855
133 938
133 944
133 986
133 990
134 191
134 523
134 741
134 850
134 960
134 997
134 998
134 999
135 54
135 361
135 453
135 568
135 641
135 858
135 949
135 999
136 260
136 481
136 526
136 780
136 945
136 949
136 998
136 999
137 256
137 872
137 961
137 980
137 983
137 988
137 992
137 993
138 278
138 448
138 479
138 594
138 856
138 919
138 994
138 997
139 689
139 715
139 744
139 920
139 927
139 953
139 970
139 996
140 365
140 421
140 461
140 567
140 638
140 699
140 880
140 974
141 267
141 347
141 753
141 821
141 838
141 872
141 930
141 937
142 319
142 406
142 621
142 796
142 844
142 885
142 987
142 990
143 395
143 405
143 584
143 818
143 943
143 963
143 994
143 997
144 377
144 523
144 543
144 756
144 769
144 905
144 945
144 989
145 405
145 413
145 812
145 866
145 897
145 915
145 953
145 983
146 190
146 412
146 431
146 448
146 502
146 797
146 914
146 994
147 515
147 578
147 687
147 888
147 902
147 941
147 987
147 992
148 622
148 642
148 668
148 741
148 747
148 997
148 998
148 999
149 221
149 630
149 753
149 839
149 871
149 981
149 987
149 999
150 802
150 893
150 905
150 922
150 935
150 997
150 998
150 999
151 72
151 101
151 555
151 665
151 796
151 841
151 883
151 952
152 290
152 591
152 600
152 877
152 991
152 997
152 998
152 999
153 107
153 334
153 403
153 571
153 648
153 824
153 853
153 970
154 202
154 685
154 713
154 827
154 887
154 906
154 985
154 995
155 116
155 577
155 836
155 908
155 987
155 997
155 998
155 999
156 228
156 294
156 346
156 759
156 760
156 904
156 923
156 948
157 21
157 519
157 579
157 823
157 865
157 870
157 881
157 991
158 29
158 369
158 689
158 735
158 912
158 951
158 986
158 996
159 282
159 627
159 667
159 686
159 870
159 966
159 991
159 998
160 527
160 781
160 837
160 852
160 885
160 886
160 970
160 990
161 84
161 313
161 613
161 951
161 961
161 983
161 985
161 993
162 491
162 924
162 957
162 985
162 986
162 989
162 990
162 996
163 469
163 531
163 733
163 768
163 769
163 869
163 890
163 949
164 242
164 347
164 789
164 861
164 870
164 948
164 991
164 998
165 315
165 480
165 594
165 904
165 915
165 946
165 955
165 987
166 252
166 365
166 633
166 863
166 878
166 892
166 940
166 974
167 438
167 534
167 612
167 862
167 877
167 908
167 973
167 997
168 627
168 754
168 789
168 870
168 910
168 948
168 991
168 999
169 511
169 680
169 712
169 887
169 918
169 921
169 981
169 987
170 63
170 119
170 220
170 256
170 583
170 761
170 909
170 999
171 101
171 391
171 734
171 817
171 929
171 978
171 981
171 993
172 370
172 472
172 664
172 868
172 919
172 949
172 983
172 989
173 668
173 679
173 747
173 882
173 977
173 997
173 998
173 999
174 538
174 619
174 640
174 643
174 710
174 764
174 851
174 952
175 330
175 876
175 901
175 904
175 941
175 950
175 954
175 992
176 247
176 591
176 719
176 776
176 828
176 928
176 929
176 997
177 681
177 903
177 932
177 980
177 983
177 988
177 992
177 993
178 320
178 406
178 732
178 772
178 835
178 867
178 919
178 994
179 364
179 368
179 867
179 919
179 964
179 990
179 994
179 998
180 52
180 68
180 399
180 827
180 960
180 994
180 995
180 999
181 411
181 626
181 720
181 913
181 918
181 948
181 991
181 994
182 276
182 464
182 530
182 862
182 935
182 971
182 973
182 979
183 188
183 231
183 385
183 637
183 746
183 856
183 883
183 994
184 22
184 328
184 425
184 628
184 856
184 919
184 967
184 975
185 47
185 144
185 232
185 745
185 978
185 994
185 996
185 999
186 502
186 649
186 719
186 806
186 866
186 892
186 920
186 967
187 119
187 573
187 659
187 718
187 778
187 843
187 972
187 987
188 129
188 745
188 812
188 856
188 867
188 920
188 942
188 990
189 180
189 373
189 429
189 581
189 623
189 727
189 930
189 997
190 0
190 225
190 264
190 427
190 746
190 848
190 865
190 915
191 492
191 622
191 709
191 730
191 768
191 997
191 998
191 999
192 725
192 789
192 944
192 970
192 985
192 986
192 989
192 996
193 168
193 378
193 603
193 612
193 740
193 761
193 809
193 963
194 607
194 684
194 873
194 886
194 951
194 972
194 992
194 993
195 125
195 688
195 704
195 908
195 984
195 997
195 998
195 999
196 63
196 138
196 394
196 536
196 573
196 818
196 862
196 876
197 10
197 163
197 556
197 658
197 728
197 831
197 961
197 972
198 9
198 227
198 632
198 633
198 669
198 899
198 911
198 925
199 6
199 504
199 648
199 760
199 842
199 849
199 918
199 948
200 173
200 266
200 535
200 610
200 950
200 997
200 998
200 999
201 7
201 136
201 275
201 730
201 756
201 814
201 838
201 949
202 223
202 476
202 572
202 640
202 685
202 886
202 939
202 994
203 214
203 475
203 680
203 788
203 821
203 906
203 963
203 978
204 69
204 398
204 773
204 812
204 868
204 907
204 967
204 974
205 182
205 494
205 506
205 522
205 784
205 853
205 911
205 949
206 900
206 922
206 935
206 950
206 987
206 997
206 998
206 999
207 170
207 176
207 304
207 514
207 711
207 731
207 834
207 946
208 178
208 250
208 270
208 575
208 745
208 914
208 930
208 994
209 211
209 239
209 254
209 589
209 616
209 699
209 918
209 981
210 417
210 746
210 789
210 803
210 865
210 964
210 967
210 976
211 233
211 330
211 333
211 537
211 751
211 802
211 896
211 981
212 43
212 409
212 530
212 738
212 791
212 954
212 973
212 991
213 249
213 377
213 653
213 683
213 811
213 861
213 939
213 966
214 155
214 194
214 203
214 334
214 762
214 798
214 928
214 963
215 600
215 819
215 931
215 947
215 972
215 980
215 992
215 993
216 110
216 196
216 257
216 401
216 457
216 547
216 913
216 982
217 382
217 541
217 748
217 984
217 987
217 997
217 998
217 999
218 109
218 238
218 355
218 563
218 802
218 960
218 998
218 999
219 401
219 651
219 775
219 839
219 942
219 963
219 986
219 999
220 93
220 463
220 638
220 677
220 743
220 814
220 984
220 987
221 165
221 180
221 520
221 778
221 918
221 973
221 987
221 992
222 24
222 190
222 676
222 818
222 827
222 911
222 929
222 975
223 232
223 505
223 533
223 651
223 652
223 669
223 828
223 911
224 117
224 632
224 646
224 711
224 855
224 953
224 985
224 996
225 177
225 232
225 554
225 597
225 693
225 729
225 826
225 873
226 59
226 185
226 496
226 860
226 965
226 966
226 978
226 994
227 130
227 216
227 536
227 864
227 896
227 963
227 980
227 986
228 66
228 748
228 836
228 960
228 971
228 997
228 998
228 999
229 70
229 361
229 521
229 688
229 968
229 989
229 990
229 996
230 299
230 469
230 491
230 707
230 765
230 797
230 993
230 996
231 87
231 507
231 826
231 842
231 890
231 914
231 919
231 994
232 470
232 529
232 788
232 883
232 950
232 965
232 978
232 998
233 241
233 415
233 500
233 687
233 744
233 869
233 888
233 981
234 148
234 437
234 655
234 902
234 916
234 929
234 992
234 995
235 32
235 204
235 517
235 780
235 832
235 898
235 965
236 356
236 585
236 627
236 757
236 856
236 963
236 965
237 50
237 367
237 425
237 919
237 937
237 938
237 994
238 874
238 908
238 977
238 984
238 997
238 998
238 999
239 302
239 412
239 649
239 662
239 871
239 994
239 996
240 163
240 268
240 536
240 865
240 866
240 957
240 994
241 629
241 678
241 797
241 883
241 886
241 916
241 992
242 56
242 346
242 509
242 513
242 626
242 991
242 996
243 2
243 61
243 851
243 932
243 961
243 988
243 993
244 33
244 248
244 592
244 779
244 839
244 906
244 998
245 84
245 209
245 554
245 736
245 853
245 871
245 925
246 761
246 795
246 801
246 866
246 894
246 969
246 981
247 219
247 258
247 769
247 788
247 829
247 974
247 978
248 634
248 854
248 905
248 943
248 974
248 975
248 996
249 625
249 671
249 682
249 721
249 968
249 986
249 990
250 321
250 931
250 951
250 961
250 980
250 983
250 988
251 369
251 924
251 927
251 959
251 970
251 989
251 990
252 259
252 341
252 664
252 786
252 892
252 925
252 994
253 600
253 861
253 894
253 901
253 951
253 983
253 988
254 416
254 593
254 624
254 737
254 740
254 924
254 975
255 95
255 386
255 569
255 593
255 800
255 882
255 958
256 384
256 505
256 684
256 825
256 931
256 988
256 993
257 379
257 854
257 923
257 956
257 975
257 985
257 998
258 47
258 198
258 222
258 575
258 872
258 978
258 998
259 112
259 185
259 434
259 712
259 755
259 863
259 942
260 27
260 543
260 786
260 814
260 869
260 946
260 974
261 819
261 865
261 897
261 920
261 969
261 982
261 994
262 540
262 660
262 927
262 940
262 985
262 989
262 996
263 589
263 699
263 753
263 844
263 870
263 875
263 936
264 158
264 391
264 422
264 467
264 967
264 990
264 996
265 318
265 527
265 729
265 764
265 835
265 922
265 973
266 366
266 728
266 935
266 950
266 997
266 998
266 999
267 123
267 340
267 393
267 544
267 568
267 952
267 981
268 699
268 762
268 889
268 959
268 986
268 990
268 996
269 184
269 428
269 581
269 877
269 928
269 966
269 984
270 210
270 716
270 845
270 919
270 964
270 967
270 999
271 570
271 823
271 928
271 966
271 983
271 991
271 999
272 70
272 164
272 275
272 378
272 383
272 418
272 805
273 228
273 292
273 366
273 779
273 997
273 998
273 999
274 3
274 427
274 454
274 807
274 826
274 897
274 994
275 235
275 722
275 743
275 828
275 929
275 996
275 998
276 538
276 915
276 954
276 964
276 973
276 997
276 999
277 458
277 474
277 643
277 779
277 971
277 998
277 999
278 573
278 807
278 866
278 941
278 968
278 980
278 992
279 211
279 591
279 703
279 714
279 987
279 992
279 996
280 323
280 684
280 686
280 871
280 961
280 965
280 987
281 244
281 726
281 910
281 922
281 942
281 990
281 999
282 43
282 373
282 525
282 832
282 913
282 968
282 991
283 499
283 850
283 960
283 977
283 997
283 998
283 999
284 435
284 855
284 927
284 938
284 986
284 990
284 996
285 809
285 875
285 924
285 944
285 975
285 986
285 996
286 147
286 186
286 718
286 904
286 970
286 976
286 987
287 125
287 882
287 900
287 977
287 997
287 998
287 999
288 38
288 170
288 672
288 907
288 935
288 956
288 975
289 652
289 874
289 922
289 977
289 997
289 998
289 999
290 459
290 493
290 900
290 939
290 997
290 998
290 999
291 301
291 553
291 566
291 727
291 887
291 929
291 978
292 287
292 848
292 950
292 984
292 997
292 998
292 999
293 287
293 464
293 683
293 698
293 922
293 997
293 999
294 179
294 864
294 909
294 943
294 958
294 975
294 988
295 149
295 245
295 286
295 538
295 672
295 953
295 981
296 587
296 912
296 927
296 968
296 985
296 993
296 996
297 422
297 611
297 727
297 986
297 989
297 990
297 996
298 59
298 190
298 457
298 806
298 920
298 964
298 997
299 53
299 831
299 932
299 961
299 983
299 992
299 993
300 562
300 626
300 627
300 683
300 960
300 991
300 998
301 137
301 498
301 819
301 851
301 972
301 992
301 993
302 240
302 460
302 689
302 710
302 772
302 900
302 994
303 44
303 50
303 741
303 790
303 822
303 928
303 969
304 524
304 648
304 702
304 954
304 979
304 985
304 997
305 97
305 389
305 772
305 823
305 867
305 914
305 967
306 265
306 333
306 787
306 888
306 941
306 946
306 961
307 14
307 174
307 708
307 824
307 868
307 987
307 994
308 795
308 801
308 844
308 889
308 917
308 976
308 996
309 76
309 332
309 788
309 925
309 963
309 965
309 978
310 69
310 254
310 880
310 956
310 958
310 969
310 975
311 646
311 938
311 953
311 961
311 968
311 989
311 996
312 382
312 434
312 608
312 710
312 907
312 982
312 992
313 2
313 250
313 825
313 833
313 960
313 972
313 988
314 419
314 447
314 715
314 770
314 843
314 935
314 954
315 382
315 601
315 677
315 712
315 984
315 987
315 998
316 351
316 476
316 569
316 799
316 879
316 958
316 996
317 192
317 352
317 491
317 497
317 774
317 887
317 996
318 713
318 791
318 825
318 969
318 973
318 979
318 998
319 771
319 820
319 883
319 972
319 976
319 995
319 998
320 208
320 327
320 367
320 453
320 803
320 846
320 982
321 253
321 359
321 495
321 894
321 961
321 988
321 992
322 185
322 485
322 673
322 820
322 883
322 976
322 995
323 306
323 500
323 515
323 518
323 588
323 828
323 840
324 371
324 557
324 587
324 664
324 964
324 994
324 997
325 45
325 744
325 815
325 816
325 944
325 989
325 996
326 132
326 573
326 619
326 736
326 914
326 955
326 987
327 69
327 454
327 783
327 842
327 979
327 997
327 999
328 98
328 667
328 856
328 880
328 914
328 945
328 982
329 57
329 81
329 281
329 583
329 910
329 991
329 999
330 304
330 589
330 721
330 778
330 858
330 941
330 962
331 113
331 279
331 581
331 630
331 936
331 941
331 997
332 71
332 409
332 521
332 659
332 841
332 979
332 999
333 116
333 503
333 773
333 934
333 987
333 997
333 999
334 108
334 661
334 692
334 862
334 946
334 969
334 985
335 40
335 507
335 792
335 902
335 976
335 981
335 987
336 421
336 832
336 844
336 885
336 916
336 988
336 995
337 579
337 804
337 851
337 860
337 913
337 937
337 997
338 625
338 661
338 875
338 891
338 957
338 970
338 996
339 48
339 83
339 379
339 672
339 907
339 923
339 956
340 451
340 456
340 629
340 843
340 849
340 995
340 999
341 80
341 473
341 651
341 680
341 722
341 898
341 978
342 117
342 638
342 904
342 936
342 941
342 981
342 999
343 17
343 712
343 744
343 973
343 979
343 991
343 996
344 18
344 357
344 387
344 765
344 878
344 979
344 998
345 33
345 590
345 636
345 835
345 846
345 853
345 944
346 98
346 193
346 639
346 743
346 994
346 996
346 999
347 135
347 454
347 633
347 858
347 930
347 945
347 990
348 127
348 283
348 577
348 893
348 997
348 998
348 999
349 694
349 791
349 889
349 985
349 989
349 990
349 996
350 443
350 446
350 585
350 666
350 859
350 978
350 993
351 13
351 21
351 187
351 432
351 480
351 733
351 765
352 45
352 65
352 711
352 959
352 968
352 986
352 996
353 192
353 744
353 957
353 959
353 986
353 989
353 996
354 83
354 813
354 886
354 903
354 907
354 913
354 995
355 195
355 610
355 631
355 635
355 997
355 998
355 999
356 46
356 666
356 779
356 857
356 911
356 942
356 965
357 481
357 510
357 749
357 845
357 912
357 975
357 987
358 116
358 876
358 950
358 986
358 997
358 998
358 999
359 177
359 326
359 466
359 763
359 951
359 988
359 992
360 874
360 884
360 971
360 984
360 997
360 998
360 999
361 323
361 560
361 582
361 813
361 970
361 981
361 987
362 485
362 713
362 738
362 784
362 826
362 911
362 928
363 58
363 418
363 731
363 947
363 954
363 969
363 979
364 146
364 216
364 374
364 460
364 850
364 982
364 994
365 33
365 154
365 191
365 341
365 834
365 859
365 896
366 479
366 697
366 882
366 935
366 997
366 998
366 999
367 409
367 710
367 812
367 964
367 982
367 994
367 996
368 210
368 324
368 636
368 818
368 953
368 959
368 994
369 561
369 912
369 940
369 953
369 968
369 986
369 996
370 348
370 546
370 907
370 958
370 974
370 975
370 995
371 323
371 336
371 396
371 642
371 820
371 933
371 934
372 166
372 350
372 375
372 629
372 791
372 887
372 897
373 605
373 716
373 718
373 870
373 895
373 897
373 991
374 140
374 581
374 805
374 877
374 969
374 973
374 999
375 169
375 477
375 888
375 899
375 937
375 989
375 995
376 25
376 635
376 658
376 960
376 997
376 998
376 999
377 395
377 455
377 647
377 863
377 937
377 988
377 996
378 369
378 567
378 695
378 804
378 942
378 995
378 997
379 73
379 339
379 398
379 974
379 975
379 988
379 989
380 425
380 465
380 712
380 856
380 946
380 978
380 999
381 4
381 134
381 496
381 748
381 755
381 998
381 999
382 80
382 93
382 361
382 638
382 843
382 867
382 921
383 65
383 343
383 379
383 570
383 674
383 737
383 997
384 11
384 514
384 766
384 798
384 873
384 951
384 992
385 237
385 531
385 571
385 649
385 950
385 973
385 994
386 467
386 682
386 689
386 820
386 891
386 990
386 996
387 102
387 432
387 434
387 890
387 934
387 988
387 996
388 229
388 657
388 756
388 863
388 887
388 892
388 896
389 189
389 343
389 484
389 853
389 946
389 948
389 979
390 579
390 702
390 713
390 750
390 928
390 946
390 973
391 297
391 441
391 461
391 809
391 901
391 957
391 996
392 162
392 762
392 815
392 968
392 970
392 985
392 996
393 439
393 775
393 796
393 829
393 830
393 849
393 958
394 266
394 587
394 792
394 915
394 929
394 994
394 997
395 401
395 611
395 865
395 880
395 911
395 915
395 999
396 308
396 588
396 775
396 934
396 947
396 952
396 998
397 112
397 263
397 687
397 734
397 807
397 980
397 987
398 95
398 550
398 604
398 847
398 854
398 958
398 989
399 303
399 678
399 897
399 952
399 983
399 984
399 999
400 561
400 938
400 959
400 970
400 980
400 996
400 999
401 370
401 427
401 772
401 811
401 964
401 970
401 994
402 408
402 782
402 838
402 845
402 869
402 986
402 988
403 572
403 801
403 870
403 885
403 921
403 933
403 934
404 825
404 931
404 947
404 980
404 983
404 992
404 993
405 216
405 324
405 556
405 682
405 882
405 964
405 982
406 371
406 696
406 728
406 933
406 956
406 976
406 995
407 87
407 363
407 535
407 800
407 907
407 923
407 943
408 609
408 754
408 894
408 948
408 964
408 989
408 991
409 39
409 735
409 827
409 834
409 973
409 979
409 993
410 732
410 771
410 841
410 857
410 883
410 908
410 999
411 82
411 283
411 542
411 564
411 655
411 895
411 991
412 645
412 657
412 854
412 859
412 880
412 964
412 973
413 278
413 629
413 752
413 812
413 826
413 913
413 964
414 402
414 586
414 657
414 769
414 783
414 865
414 981
415 71
415 706
415 718
415 773
415 899
415 903
415 987
416 251
416 719
416 821
416 828
416 847
416 869
416 978
417 133
417 488
417 762
417 970
417 986
417 989
417 996
418 207
418 465
418 539
418 618
418 775
418 782
418 934
419 307
419 390
419 623
419 935
419 979
419 988
419 999
420 159
420 564
420 667
420 669
420 700
420 759
420 964
421 235
421 318
421 666
421 881
421 910
421 968
421 972
422 727
422 938
422 940
422 968
422 985
422 990
422 996
423 86
423 167
423 222
423 265
423 840
423 975
423 991
424 332
424 577
424 708
424 891
424 944
424 976
424 982
425 22
425 61
425 298
425 595
425 690
425 902
425 976
426 595
426 606
426 614
426 687
426 926
426 937
426 974
427 461
427 739
427 856
427 893
427 963
427 979
427 982
428 351
428 392
428 601
428 899
428 902
428 918
428 998
429 553
429 862
429 875
429 946
429 954
429 966
429 969
430 152
430 455
430 879
430 956
430 958
430 974
430 989
431 592
431 690
431 693
431 703
431 772
431 887
431 953
432 44
432 510
432 561
432 586
432 941
432 949
432 979
433 60
433 113
433 353
433 471
433 924
433 986
433 996
434 282
434 327
434 749
434 765
434 780
434 845
434 976
435 14
435 481
435 534
435 790
435 805
435 899
435 979
436 270
436 314
436 485
436 549
436 598
436 793
436 979
437 345
437 481
437 531
437 559
437 708
437 877
437 937
438 389
438 619
438 754
438 791
438 878
438 928
438 959
439 54
439 128
439 588
439 719
439 829
439 866
439 995
440 49
440 105
440 170
440 644
440 871
440 923
440 958
441 285
441 944
441 959
441 970
441 985
441 989
441 996
442 184
442 218
442 636
442 676
442 880
442 978
442 982
443 111
443 641
443 653
443 669
443 746
443 969
443 978
444 122
444 747
444 960
444 962
444 984
444 998
444 999
445 313
445 321
445 947
445 951
445 988
445 992
445 993
446 498
446 522
446 578
446 889
446 901
446 992
446 993
447 64
447 542
447 671
447 731
447 928
447 946
447 973
448 694
448 803
448 914
448 967
448 977
448 982
448 994
449 127
449 539
449 572
449 916
449 934
449 945
449 995
450 537
450 940
450 957
450 959
450 975
450 986
450 990
451 339
451 472
451 903
451 916
451 920
451 933
451 995
452 146
452 231
452 575
452 636
452 644
452 745
452 978
453 5
453 230
453 703
453 749
453 756
453 869
453 945
454 201
454 387
454 468
454 819
454 872
454 949
454 993
455 63
455 157
455 288
455 907
455 938
455 958
455 994
456 751
456 795
456 867
456 883
456 916
456 969
456 995
457 55
457 486
457 657
457 664
457 909
457 964
457 967
458 292
458 484
458 893
458 905
458 950
458 998
458 999
459 532
459 696
459 755
459 848
459 997
459 998
459 999
460 145
460 598
460 603
460 814
460 849
460 982
460 994
461 65
461 675
461 744
461 889
461 927
461 970
461 996
462 23
462 403
462 482
462 840
462 936
462 952
462 995
463 13
463 101
463 372
463 444
463 451
463 863
463 910
464 42
464 882
464 971
464 977
464 997
464 998
464 999
465 178
465 520
465 663
465 843
465 948
465 981
465 991
466 66
466 763
466 931
466 983
466 988
466 989
466 993
467 139
467 645
467 725
467 744
467 926
467 970
467 991
468 2
468 197
468 690
468 800
468 878
468 951
468 984
469 203
469 365
469 707
469 868
469 917
469 927
469 980
470 176
470 501
470 527
470 676
470 719
470 863
470 974
471 433
471 891
471 927
471 957
471 970
471 990
471 996
472 77
472 526
472 749
472 868
472 874
472 973
472 998
473 269
473 363
473 480
473 647
473 822
473 950
473 996
474 35
474 479
474 683
474 950
474 997
474 998
474 999
475 9
475 295
475 580
475 686
475 904
475 918
475 921
476 586
476 800
476 907
476 909
476 935
476 956
476 975
477 665
477 767
477 961
477 983
477 988
477 992
477 993
478 523
478 541
478 558
478 984
478 997
478 998
478 999
479 545
479 717
479 830
479 977
479 984
479 998
479 999
480 196
480 562
480 659
480 680
480 714
480 876
480 927
481 74
481 453
481 794
481 888
481 939
481 987
481 995
482 151
482 557
482 670
482 858
482 952
482 976
482 995
483 180
483 405
483 447
483 702
483 729
483 907
483 960
484 289
484 478
484 698
484 836
484 997
484 998
484 999
485 159
485 183
485 338
485 399
485 435
485 954
485 979
486 447
486 590
486 656
486 750
486 832
486 952
486 997
487 13
487 309
487 460
487 494
487 592
487 821
487 898
488 561
488 682
488 875
488 968
488 985
488 986
488 996
489 332
489 437
489 483
489 782
489 822
489 925
489 930
490 381
490 758
490 784
490 922
490 997
490 998
490 999
491 646
491 829
491 940
491 956
491 959
491 990
491 996
492 342
492 652
492 908
492 960
492 984
492 998
492 999
493 152
493 348
493 474
493 950
493 984
493 998
493 999
494 691
494 770
494 853
494 953
494 969
494 979
494 998
495 48
495 833
495 860
495 951
495 961
495 972
495 980
496 198
496 385
496 821
496 839
496 925
496 973
496 997
497 251
497 611
497 912
497 968
497 985
497 989
497 996
498 161
498 404
498 613
498 766
498 872
498 980
498 992
499 360
499 617
499 730
499 882
499 997
499 998
499 999
500 714
500 743
500 883
500 943
500 955
500 984
500 987
501 284
501 497
501 803
501 855
501 927
501 986
501 996
502 262
502 563
502 657
502 745
502 817
502 945
502 994
503 478
503 816
503 857
503 879
503 976
503 981
503 995
504 271
504 337
504 366
504 754
504 873
504 913
504 991
505 23
505 833
505 872
505 873
505 968
505 972
505 992
506 265
506 423
506 447
506 768
506 930
506 979
506 998
507 96
507 397
507 458
507 876
507 955
507 959
507 996
508 456
508 476
508 560
508 763
508 808
508 926
508 964
509 41
509 596
509 609
509 626
509 684
509 963
509 978
510 197
510 306
510 414
510 465
510 858
510 937
510 997
511 414
511 438
511 494
511 938
511 956
511 986
511 999
512 620
512 720
512 823
512 837
512 883
512 917
512 995
513 767
513 833
513 873
513 884
513 980
513 992
513 993
514 580
514 831
514 873
514 892
514 988
514 992
514 993
515 335
515 375
515 714
515 787
515 910
515 979
515 997
516 506
516 620
516 691
516 782
516 862
516 998
516 999
517 496
517 566
517 570
517 763
517 852
517 929
517 972
518 396
518 739
518 911
518 920
518 954
518 982
518 987
519 316
519 765
519 926
519 971
519 974
519 977
519 981
520 342
520 428
520 515
520 574
520 718
520 820
520 955
521 158
521 262
521 317
521 392
521 727
521 989
521 996
522 419
522 473
522 524
522 723
522 803
522 827
522 988
523 376
523 484
523 625
523 704
523 742
523 998
523 999
524 489
524 571
524 602
524 621
524 770
524 928
524 999
525 282
525 329
525 631
525 861
525 951
525 957
525 966
526 415
526 525
526 814
526 845
526 858
526 993
526 998
527 59
527 130
527 551
527 726
527 925
527 978
527 997
528 175
528 245
528 286
528 703
528 759
528 902
528 986
529 357
529 668
529 783
529 845
529 869
529 875
529 944
530 399
530 549
530 766
530 793
530 958
530 969
530 979
531 97
531 201
531 556
531 586
531 932
531 937
531 998
532 30
532 393
532 423
532 759
532 948
532 955
532 966
533 9
533 107
533 720
533 892
533 954
533 965
533 991
534 189
534 553
534 770
534 790
534 930
534 994
534 996
535 35
535 499
535 758
535 935
535 997
535 998
535 999
536 897
536 956
536 967
536 982
536 986
536 994
536 998
537 417
537 503
537 855
537 891
537 968
537 990
537 996
538 418
538 483
538 534
538 709
538 877
538 940
538 973
539 291
539 574
539 588
539 781
539 810
539 971
539 981
540 249
540 253
540 442
540 501
540 645
540 715
540 944
541 599
541 642
541 971
541 977
541 997
541 998
541 999
542 81
542 789
542 811
542 939
542 988
542 996
542 998
543 172
543 529
543 558
543 869
543 890
543 971
543 994
544 34
544 696
544 721
544 832
544 885
544 966
544 995
545 111
545 218
545 874
545 977
545 997
545 998
545 999
546 245
546 310
546 508
546 864
546 933
546 958
546 975
547 160
547 512
547 670
547 705
547 962
547 976
547 987
548 97
548 769
548 794
548 825
548 868
548 949
548 991
549 363
549 520
549 822
549 954
549 967
549 969
549 979
550 381
550 717
550 884
550 922
550 997
550 998
550 999
551 815
551 924
551 968
551 970
551 989
551 990
551 996
552 213
552 532
552 810
552 823
552 907
552 966
552 991
553 307
553 343
553 374
553 489
553 656
553 782
553 971
554 21
554 670
554 812
554 896
554 936
554 990
554 997
555 371
555 462
555 620
555 976
555 994
555 995
555 996
556 144
556 280
556 443
556 794
556 838
556 934
556 995
557 178
557 239
557 518
557 812
557 835
557 995
557 999
558 150
558 635
558 650
558 742
558 997
558 998
558 999
559 82
559 347
559 529
559 749
559 937
559 950
559 975
560 731
560 778
560 783
560 802
560 928
560 981
560 990
561 433
561 691
561 715
561 889
561 953
561 989
561 996
562 182
562 331
562 544
562 640
562 659
562 921
562 987
563 289
563 290
563 701
563 717
563 905
563 997
563 999
564 51
564 224
564 685
564 751
564 846
564 881
564 966
565 25
565 658
565 971
565 977
565 997
565 998
565 999
566 46
566 99
566 723
566 786
566 804
566 848
566 965
567 145
567 431
567 665
567 904
567 942
567 943
567 974
568 241
568 297
568 574
568 813
568 885
568 954
568 995
569 124
569 309
569 635
569 847
569 965
569 975
569 992
570 463
570 605
570 615
570 641
570 813
570 906
570 965
571 184
571 644
571 694
571 746
571 757
571 982
571 994
572 403
572 681
572 772
572 843
572 952
572 976
572 995
573 233
573 284
573 320
573 507
573 888
573 987
573 990
574 28
574 393
574 750
574 885
574 936
574 967
574 995
575 50
575 594
575 679
575 915
575 967
575 993
575 994
576 274
576 450
576 726
576 963
576 965
576 978
576 995
577 348
577 643
577 683
577 709
577 939
577 997
577 999
578 92
578 301
578 951
578 961
578 983
578 988
578 992
579 181
579 729
579 732
579 811
579 895
579 927
579 966
580 608
580 613
580 932
580 972
580 988
580 992
580 993
581 19
581 702
581 782
581 790
581 859
581 928
581 993
582 279
582 295
582 331
582 500
582 697
582 987
582 996
583 87
583 142
583 618
583 737
583 861
583 943
583 958
584 78
584 826
584 931
584 964
584 967
584 991
584 999
585 0
585 14
585 356
585 496
585 749
585 887
585 978
586 45
586 141
586 891
586 904
586 921
586 937
586 945
587 171
587 195
587 584
587 772
587 964
587 982
587 989
588 142
588 393
588 404
588 462
588 560
588 903
588 995
589 221
589 554
589 726
589 753
589 816
589 899
589 972
590 362
590 396
590 449
590 886
590 901
590 917
590 934
591 273
591 614
591 701
591 709
591 997
591 998
591 999
592 49
592 498
592 690
592 722
592 859
592 925
592 963
593 172
593 466
593 672
593 724
593 799
593 909
593 975
594 345
594 412
594 776
594 846
594 914
594 964
594 978
595 240
595 624
595 724
595 926
595 956
595 975
595 997
596 78
596 171
596 570
596 690
596 821
596 910
596 962
597 370
597 519
597 530
597 595
597 671
597 792
597 943
598 129
598 368
598 577
598 664
598 678
598 866
598 994
599 683
599 848
599 971
599 984
599 997
599 998
599 999
600 137
600 477
600 764
600 851
600 931
600 951
600 992
601 687
601 734
601 743
601 748
601 902
601 918
601 998
602 205
602 400
602 538
602 619
602 895
602 979
602 983
603 112
603 199
603 757
603 899
603 969
603 978
603 991
604 100
604 121
604 204
604 237
604 624
604 737
604 797
605 57
605 525
605 846
605 895
605 966
605 985
605 991
606 355
606 398
606 440
606 508
606 907
606 958
606 983
607 505
607 831
607 947
607 983
607 986
607 988
607 993
608 186
608 305
608 731
608 874
608 933
608 982
608 994
609 164
609 311
609 542
609 552
609 788
609 964
609 991
610 62
610 218
610 565
610 741
610 768
610 998
610 999
611 7
611 417
611 517
611 924
611 957
611 967
611 990
612 207
612 390
612 723
612 738
612 881
612 932
612 954
613 445
613 665
613 860
613 983
613 988
613 992
613 993
614 493
614 550
614 742
614 758
614 935
614 998
614 999
615 580
615 860
615 972
615 980
615 983
615 992
615 993
616 28
616 870
616 883
616 960
616 983
616 991
616 992
617 366
617 755
617 893
617 971
617 984
617 998
617 999
618 692
618 840
618 854
618 899
618 956
618 974
618 995
619 1
619 358
619 511
619 648
619 853
619 969
619 998
620 362
620 637
620 722
620 844
620 852
620 916
620 933
621 308
621 441
621 449
621 590
621 734
621 903
621 995
622 228
622 535
622 802
622 962
622 997
622 998
622 999
623 71
623 182
623 205
623 426
623 930
623 945
623 979
624 100
624 227
624 566
624 761
624 909
624 923
624 975
625 162
625 224
625 325
625 491
625 735
625 953
625 996
626 156
626 373
626 708
626 790
626 860
626 881
626 922
627 82
627 168
627 324
627 760
627 811
627 991
627 998
628 12
628 212
628 439
628 555
628 750
628 813
628 984
629 131
629 340
629 410
629 886
629 908
629 933
629 952
630 96
630 181
630 503
630 624
630 677
630 902
630 955
631 90
631 109
631 122
631 755
631 935
631 997
631 999
632 400
632 433
632 660
632 762
632 924
632 959
632 996
633 24
633 51
633 203
633 235
633 275
633 685
633 796
634 100
634 288
634 455
634 567
634 618
634 862
634 926
635 75
635 655
635 882
635 905
635 939
635 997
635 999
636 29
636 40
636 55
636 183
636 536
636 729
636 771
637 94
637 128
637 883
637 942
637 964
637 976
637 995
638 175
638 187
638 601
638 663
638 743
638 950
638 971
639 667
639 785
639 895
639 920
639 926
639 947
639 966
640 200
640 397
640 660
640 918
640 941
640 987
640 999
641 146
641 252
641 626
641 821
641 931
641 987
641 992
642 701
642 730
642 830
642 962
642 977
642 998
642 999
643 127
643 155
643 217
643 478
643 850
643 997
643 999
644 95
644 799
644 864
644 909
644 923
644 966
644 991
645 285
645 521
645 752
645 968
645 989
645 990
645 996
646 229
646 537
646 671
646 889
646 985
646 986
646 996
647 445
647 578
647 860
647 901
647 988
647 992
647 993
648 26
648 494
648 530
648 621
648 892
648 954
648 966
649 143
649 186
649 541
649 608
649 613
649 760
649 964
650 614
650 679
650 755
650 893
650 984
650 997
650 999
651 80
651 236
651 572
651 693
651 808
651 865
651 910
652 150
652 730
652 830
652 960
652 997
652 998
652 999
653 16
653 300
653 724
653 913
653 991
653 992
653 997
654 768
654 908
654 939
654 962
654 997
654 998
654 999
655 558
655 802
655 848
655 960
655 962
655 998
655 999
656 39
656 590
656 801
656 837
656 890
656 992
656 995
657 385
657 502
657 503
657 612
657 835
657 867
657 918
658 492
658 499
658 654
658 748
658 997
658 998
658 999
659 109
659 220
659 280
659 623
659 888
659 957
659 981
660 742
660 891
660 944
660 957
660 970
660 989
660 996
661 89
661 833
661 889
661 927
661 968
661 989
661 996
662 451
662 456
662 678
662 796
662 896
662 908
662 995
663 138
663 408
663 564
663 750
663 785
663 870
663 991
664 442
664 803
664 844
664 897
664 967
664 992
664 994
665 498
665 842
665 909
665 916
665 972
665 988
665 992
666 383
666 487
666 542
666 788
666 804
666 851
666 948
667 321
667 329
667 373
667 387
667 504
667 966
667 991
668 478
668 652
668 730
668 779
668 971
668 998
668 999
669 219
669 605
669 630
669 911
669 977
669 990
669 994
670 322
670 778
670 817
670 852
670 916
670 920
670 995
671 488
671 809
671 940
671 957
671 986
671 990
671 996
672 247
672 248
672 370
672 407
672 593
672 864
672 957
673 315
673 410
673 568
673 637
673 674
673 705
673 795
674 428
674 470
674 726
674 758
674 910
674 965
674 983
675 338
675 349
675 400
675 940
675 944
675 968
675 996
676 247
676 495
676 690
676 836
676 925
676 942
676 963
677 342
677 475
677 507
677 593
677 680
677 922
677 979
678 86
678 106
678 533
678 628
678 844
678 952
678 995
679 445
679 650
679 939
679 980
679 997
679 998
679 999
680 187
680 280
680 340
680 706
680 773
680 854
680 936
681 388
681 424
681 621
681 628
681 678
681 949
681 995
682 158
682 422
682 645
682 752
682 855
682 912
682 996
683 697
683 748
683 874
683 908
683 977
683 998
683 999
684 505
684 842
684 872
684 972
684 980
684 983
684 993
685 34
685 388
685 419
685 674
685 786
685 978
685 998
686 147
686 286
686 400
686 778
686 864
686 964
686 987
687 130
687 317
687 520
687 888
687 899
687 949
687 995
688 206
688 830
688 850
688 962
688 997
688 998
688 999
689 625
689 756
689 902
689 938
689 985
689 986
689 996
690 509
690 596
690 674
690 757
690 905
690 925
690 965
691 336
691 516
691 623
691 708
691 930
691 969
691 980
692 124
692 606
692 845
692 879
692 923
692 974
692 993
693 210
693 666
693 720
693 892
693 936
693 965
693 974
694 471
694 938
694 959
694 970
694 985
694 989
694 996
695 299
695 831
695 860
695 931
695 947
695 992
695 993
696 512
696 817
696 829
696 830
696 832
696 837
696 906
697 376
697 490
697 801
697 802
697 882
697 997
697 999
698 622
698 643
698 784
698 960
698 997
698 998
698 999
699 36
699 686
699 734
699 942
699 979
699 981
699 987
700 199
700 420
700 546
700 663
700 881
700 936
700 996
701 5
701 195
701 201
701 905
701 922
701 998
701 999
702 504
702 738
702 827
702 834
702 928
702 969
702 998
703 399
703 699
703 936
703 938
703 941
703 955
703 985
704 134
704 191
704 283
704 848
704 962
704 998
704 999
705 38
705 60
705 696
705 806
705 810
705 840
705 852
706 430
706 659
706 807
706 871
706 945
706 987
706 997
707 7
707 432
707 714
707 780
707 794
707 997
707 998
708 269
708 372
708 522
708 612
708 635
708 824
708 994
709 42
709 464
709 784
709 836
709 971
709 997
709 999
710 394
710 628
710 752
710 915
710 981
710 994
710 999
711 392
711 461
711 694
711 968
711 985
711 989
711 996
712 64
712 85
712 351
712 554
712 573
712 932
712 966
713 134
713 189
713 489
713 702
713 818
713 822
713 921
714 165
714 807
714 855
714 876
714 921
714 941
714 954
715 646
715 815
715 924
715 940
715 989
715 990
715 996
716 188
716 651
716 695
716 867
716 914
716 982
716 994
717 758
717 950
717 960
717 971
717 997
717 998
717 999
718 113
718 263
718 562
718 638
718 703
718 818
718 990
719 281
719 524
719 570
719 876
719 942
719 963
719 983
720 124
720 236
720 567
720 692
720 863
720 965
720 996
721 88
721 311
721 611
721 970
721 986
721 989
721 991
722 807
722 906
722 910
722 924
722 965
722 973
722 996
723 376
723 409
723 602
723 698
723 764
723 838
723 993
724 211
724 672
724 792
724 943
724 966
724 974
724 992
725 661
725 721
725 733
725 927
725 989
725 990
725 996
726 15
726 350
726 633
726 666
726 896
726 906
726 974
727 488
727 711
727 970
727 985
727 989
727 990
727 996
728 565
728 704
728 960
728 977
728 997
728 998
728 999
729 68
729 107
729 329
729 485
729 781
729 834
729 979
730 358
730 376
730 381
730 830
730 997
730 998
730 999
731 424
731 602
731 723
731 811
731 886
731 990
731 995
732 588
732 610
732 751
732 835
732 849
732 976
732 995
733 392
733 611
733 815
733 927
733 957
733 985
733 996
734 534
734 582
734 589
734 673
734 904
734 981
734 995
735 441
735 891
735 912
735 959
735 989
735 990
735 996
736 703
736 816
736 918
736 921
736 941
736 955
736 980
737 597
737 604
737 681
737 834
737 907
737 943
737 974
738 374
738 631
738 656
738 764
738 946
738 952
738 954
739 138
739 302
739 716
739 846
739 906
739 916
739 920
740 62
740 132
740 214
740 911
740 931
740 965
740 997
741 148
741 599
741 939
741 962
741 997
741 998
741 999
742 66
742 238
742 697
742 884
742 997
742 998
742 999
743 640
743 787
743 955
743 965
743 987
743 995
743 997
744 733
744 778
744 809
744 940
744 986
744 989
744 990
745 103
745 429
745 649
745 716
745 964
745 967
745 994
746 47
746 261
746 710
746 846
746 979
746 982
746 994
747 658
747 908
747 935
747 984
747 997
747 998
747 999
748 622
748 777
748 905
748 977
748 997
748 998
748 999
749 42
749 258
749 293
749 412
749 822
749 823
749 945
750 255
750 406
750 486
750 544
750 629
750 661
750 933
751 4
751 106
751 202
751 241
751 801
751 976
751 995
752 139
752 501
752 938
752 953
752 955
752 959
752 989
753 153
753 335
753 630
753 693
753 699
753 876
753 955
754 157
754 242
754 300
754 468
754 616
754 639
754 769
755 565
755 631
755 741
755 893
755 977
755 998
755 999
756 437
756 440
756 820
756 838
756 937
756 998
756 999
757 140
757 244
757 470
757 667
757 898
757 916
757 965
758 490
758 773
758 935
758 950
758 984
758 998
758 999
759 6
759 37
759 121
759 168
759 213
759 585
759 991
760 30
760 164
760 260
760 768
760 785
760 948
760 969
761 115
761 473
761 909
761 923
761 929
761 978
761 991
762 325
762 349
762 540
762 725
762 986
762 990
762 996
763 48
763 359
763 819
763 901
763 980
763 988
763 993
764 419
764 423
764 424
764 438
764 706
764 867
764 906
765 44
765 344
765 402
765 739
765 874
765 937
765 984
766 250
766 932
766 980
766 983
766 988
766 992
766 993
767 32
767 647
767 763
767 798
767 980
767 988
767 993
768 650
768 741
768 836
768 848
768 984
768 998
768 999
769 26
769 231
769 295
769 411
769 836
769 868
769 927
770 52
770 167
770 308
770 414
770 793
770 794
770 847
771 104
771 354
771 837
771 852
771 903
771 917
771 992
772 17
772 238
772 384
772 759
772 906
772 969
772 991
773 91
773 147
773 640
773 904
773 941
773 977
773 999
774 117
774 694
774 721
774 875
774 986
774 989
774 996
775 85
775 539
775 732
775 840
775 933
775 995
775 999
776 206
776 674
776 685
776 719
776 906
776 993
776 995
777 155
777 484
777 850
777 874
777 971
777 998
777 999
778 236
778 660
778 815
778 843
778 936
778 981
778 982
779 577
779 591
779 850
779 893
779 971
779 998
779 999
780 246
780 814
780 878
780 890
780 920
780 977
780 993
781 160
781 482
781 841
781 884
781 909
781 917
781 995
782 589
782 767
782 805
782 879
782 946
782 965
782 999
783 144
783 331
783 357
783 674
783 797
783 890
783 937
784 355
784 725
784 728
784 742
784 908
784 997
784 999
785 135
785 364
785 754
785 808
785 833
785 881
785 991
786 132
786 272
786 416
786 603
786 898
786 947
786 997
787 149
787 326
787 483
787 747
787 859
787 981
787 987
788 88
788 641
788 722
788 774
788 896
788 914
788 963
789 81
789 199
789 217
789 667
789 707
789 881
789 948
790 344
790 389
790 424
790 429
790 552
790 917
790 930
791 708
791 759
791 790
791 805
791 939
791 979
791 981
792 761
792 828
792 854
792 879
792 956
792 959
792 974
793 212
793 303
793 423
793 617
793 958
793 973
793 979
794 102
794 246
794 604
794 887
794 949
794 971
794 984
795 83
795 547
795 898
795 917
795 934
795 995
795 999
796 72
796 313
796 403
796 886
796 968
796 976
796 995
797 74
797 135
797 416
797 526
797 856
797 878
797 969
798 831
798 872
798 972
798 983
798 988
798 992
798 993
799 10
799 407
799 508
799 653
799 792
799 975
799 978
800 294
800 582
800 597
800 923
800 958
800 975
800 999
801 57
801 449
801 515
801 544
801 771
801 795
801 995
802 939
802 960
802 971
802 984
802 997
802 998
802 999
803 598
803 846
803 865
803 877
803 895
803 994
803 997
804 20
804 221
804 431
804 527
804 891
804 896
804 983
805 736
805 780
805 824
805 874
805 942
805 946
805 973
806 508
806 528
806 739
806 880
806 982
806 996
806 997
807 175
807 560
807 666
807 736
807 981
807 995
807 997
808 420
808 509
808 649
808 915
808 948
808 966
808 991
809 139
809 268
809 467
809 675
809 752
809 953
809 996
810 511
810 705
810 813
810 835
810 857
810 936
810 995
811 353
811 443
811 609
811 861
811 909
811 966
811 991
812 197
812 261
812 460
812 487
812 868
812 897
812 994
813 371
813 555
813 681
813 771
813 868
813 945
813 976
814 209
814 558
814 559
814 686
814 756
814 797
814 839
815 114
815 607
815 816
815 938
815 953
815 989
815 996
816 249
816 727
816 889
816 959
816 985
816 990
816 996
817 99
817 662
817 810
817 858
817 976
817 995
817 996
818 143
818 598
818 738
818 835
818 897
818 920
818 948
819 299
819 580
819 860
819 894
819 919
819 983
819 992
820 267
820 732
820 841
820 849
820 917
820 996
820 998
821 94
821 105
821 258
821 555
821 602
821 892
821 998
822 52
822 362
822 449
822 697
822 946
822 961
822 979
823 16
823 31
823 215
823 532
823 808
823 948
823 966
824 576
824 723
824 742
824 793
824 805
824 969
824 998
825 855
825 932
825 980
825 987
825 988
825 992
825 993
826 288
826 385
826 448
826 549
826 651
826 919
826 994
827 1
827 27
827 483
827 569
827 648
827 877
827 973
828 193
828 383
828 457
828 669
828 898
828 910
828 994
829 510
829 705
829 775
829 781
829 837
829 993
829 995
830 688
830 704
830 960
830 962
830 997
830 998
830 999
831 684
831 798
831 932
831 972
831 980
831 992
831 993
832 1
832 319
832 574
832 732
832 815
832 934
832 995
833 514
833 851
833 903
833 972
833 983
833 988
833 992
834 208
834 548
834 553
834 814
834 965
834 973
834 987
835 0
835 79
835 557
835 801
835 919
835 941
835 999
836 152
836 591
836 777
836 984
836 997
836 998
836 999
837 354
837 564
837 801
837 840
837 844
837 885
837 999
838 780
838 814
838 868
838 921
838 937
838 945
838 999
839 72
839 309
839 391
839 459
839 490
839 585
839 910
840 34
840 572
840 857
840 894
840 903
840 988
840 995
841 456
841 747
841 751
841 857
841 884
841 934
841 995
842 243
842 301
842 513
842 894
842 972
842 992
842 993
843 103
843 397
843 876
843 918
843 952
843 981
843 990
844 151
844 271
844 817
844 829
844 923
844 976
844 995
845 472
845 704
845 709
845 765
845 780
845 945
845 951
846 179
846 239
846 452
846 818
846 852
846 873
846 982
847 634
847 753
847 800
847 804
847 854
847 879
847 926
848 545
848 747
848 950
848 984
848 997
848 998
848 999
849 429
849 621
849 675
849 681
849 813
849 976
849 995
850 777
850 919
850 939
850 962
850 977
850 997
850 999
851 600
851 615
851 724
851 833
851 932
851 988
851 992
852 174
852 322
852 533
852 775
852 903
852 916
852 952
853 368
853 622
853 764
853 799
853 930
853 973
853 996
854 407
854 430
854 440
854 777
854 864
854 955
854 977
855 88
855 661
855 944
855 957
855 968
855 985
855 996
856 312
856 783
856 919
856 944
856 967
856 982
856 994
857 39
857 316
857 646
857 810
857 854
857 886
857 933
858 188
858 230
858 259
858 890
858 930
858 945
858 968
859 193
859 226
859 380
859 794
859 896
859 947
859 981
860 11
860 767
860 894
860 980
860 983
860 992
860 993
861 741
861 839
861 881
861 966
861 971
861 997
861 999
862 362
862 599
862 791
862 853
862 946
862 979
862 998
863 307
863 641
863 687
863 757
863 828
863 859
863 895
864 290
864 724
864 761
864 847
864 943
864 975
864 997
865 345
865 810
865 835
865 867
865 914
865 964
865 990
866 17
866 594
866 806
866 915
866 924
866 971
866 986
867 36
867 341
867 364
867 587
867 812
867 967
867 994
868 77
868 136
868 434
868 548
868 769
868 828
868 977
869 67
869 172
869 433
869 794
869 811
869 997
869 998
870 74
870 213
870 653
870 760
870 895
870 991
870 993
871 103
871 125
871 133
871 382
871 899
871 985
871 989
872 613
872 819
872 825
872 923
872 980
872 988
872 993
873 600
873 647
873 766
873 798
873 872
873 951
873 983
874 75
874 289
874 717
874 935
874 977
874 998
874 999
875 264
875 816
875 889
875 957
875 959
875 985
875 996
876 55
876 91
876 209
876 475
876 630
876 680
876 979
877 436
877 677
877 707
877 729
877 791
877 954
877 982
878 120
878 452
878 654
878 858
878 888
878 915
878 962
879 121
879 314
879 546
879 698
879 706
879 909
879 958
880 12
880 20
880 276
880 413
880 856
880 963
880 980
881 156
881 354
881 552
881 913
881 986
881 987
881 991
882 293
882 900
882 977
882 984
882 997
882 998
882 999
883 142
883 322
883 462
883 619
883 678
883 776
883 934
884 111
884 688
884 728
884 935
884 997
884 998
884 999
885 390
885 750
885 781
885 795
885 820
885 824
885 996
886 482
886 650
886 726
886 775
886 857
886 952
886 995
887 398
887 517
887 740
887 809
887 925
887 931
887 965
888 46
888 120
888 326
888 582
888 876
888 955
888 989
889 133
889 268
889 284
889 661
889 989
889 990
889 996
890 260
890 344
890 858
890 878
890 949
890 976
890 984
891 229
891 482
891 501
891 551
891 671
891 733
891 970
892 281
892 509
892 576
892 758
892 880
892 887
892 978
893 848
893 939
893 962
893 984
893 997
893 998
893 999
894 31
894 32
894 495
894 607
894 873
894 931
894 961
895 16
895 43
895 242
895 885
895 966
895 989
895 991
896 234
896 244
896 259
896 291
896 804
896 808
896 926
897 126
897 208
897 545
897 623
897 746
897 888
897 994
898 272
898 526
898 617
898 876
898 892
898 929
898 963
899 169
899 871
899 888
899 917
899 976
899 986
899 987
900 217
900 492
900 698
900 884
900 997
900 998
900 999
901 253
901 446
901 825
901 951
901 961
901 965
901 988
902 104
902 415
902 712
902 846
902 871
902 899
902 996
903 656
903 681
903 750
903 849
903 869
903 976
903 978
904 85
904 777
904 824
904 893
904 921
904 982
904 987
905 458
905 688
905 960
905 984
905 997
905 998
905 999
906 416
906 604
906 633
906 859
906 885
906 887
906 911
907 204
907 379
907 397
907 909
907 923
907 975
907 989
908 459
908 617
908 758
908 900
908 905
908 998
908 999
909 310
909 692
909 799
909 847
909 959
909 970
909 993
910 96
910 166
910 263
910 776
910 859
910 925
910 997
911 226
911 487
911 603
911 693
911 845
911 914
911 941
912 296
912 940
912 957
912 970
912 986
912 989
912 996
913 497
913 653
913 711
913 799
913 929
913 966
913 999
914 161
914 405
914 754
914 806
914 818
914 982
914 987
915 35
915 143
915 378
915 575
915 912
915 920
915 967
916 94
916 679
916 820
916 840
916 841
916 903
916 957
917 165
917 486
917 673
917 853
917 976
917 986
917 995
918 110
918 337
918 361
918 475
918 902
918 941
918 997
919 518
919 608
919 657
919 898
919 967
919 988
919 994
920 328
920 335
920 364
920 584
920 798
920 867
920 892
921 149
921 420
921 701
921 787
921 843
921 904
921 987
922 206
922 358
922 563
922 962
922 997
922 998
922 999
923 119
923 441
923 879
923 926
923 956
923 982
923 987
924 296
924 297
924 497
924 809
924 953
924 985
924 986
925 67
925 102
925 411
925 533
925 596
925 974
925 993
926 115
926 771
926 863
926 954
926 975
926 976
926 989
927 537
927 875
927 968
927 970
927 985
927 986
927 996
928 75
928 212
928 318
928 822
928 930
928 948
928 982
929 141
929 365
929 580
929 592
929 676
929 740
929 859
930 198
930 225
930 436
930 516
930 829
930 834
930 928
931 118
931 860
931 947
931 961
931 988
931 992
931 993
932 161
932 477
932 766
932 972
932 983
932 988
932 993
933 336
933 705
933 751
933 793
933 817
933 849
933 929
934 22
934 54
934 99
934 439
934 916
934 976
934 977
935 62
935 292
935 634
935 908
935 997
935 998
935 999
936 315
936 594
936 706
936 710
936 743
936 940
936 979
937 27
937 41
937 131
937 141
937 163
937 402
937 961
938 352
938 694
938 875
938 912
938 924
938 989
938 996
939 266
939 277
939 779
939 984
939 997
939 998
939 999
940 262
940 317
940 551
940 790
940 957
940 985
940 996
941 279
941 408
941 410
941 562
941 962
941 987
941 988
942 222
942 388
942 402
942 584
942 720
942 887
942 943
943 583
943 597
943 627
943 634
943 946
943 974
943 975
944 224
944 660
944 774
944 855
944 970
944 990
944 996
945 26
945 73
945 377
945 756
945 786
945 797
945 998
946 86
946 174
946 612
946 718
946 834
946 963
946 969
947 466
947 615
947 932
947 983
947 988
947 994
947 996
948 271
948 605
948 785
948 808
948 822
948 823
948 996
949 380
949 453
949 516
949 890
949 952
949 981
949 998
950 273
950 523
950 668
950 971
950 997
950 998
950 999
951 513
951 665
951 793
951 932
951 972
951 992
951 993
952 751
952 771
952 796
952 955
952 983
952 990
952 995
953 114
953 450
953 875
953 957
953 985
953 989
953 996
954 19
954 91
954 363
954 394
954 435
954 516
954 862
955 921
955 932
955 933
955 981
955 984
955 987
955 990
956 426
956 519
956 546
956 740
956 968
956 974
956 975
957 725
957 816
957 912
957 968
957 986
957 990
957 996
958 500
958 799
958 879
958 900
958 985
958 996
958 998
959 251
959 471
959 625
959 816
959 986
959 990
959 996
960 642
960 701
960 900
960 984
960 997
960 998
960 999
961 513
961 766
961 842
961 947
961 951
961 983
961 988
962 654
962 830
962 884
962 950
962 997
962 998
962 999
963 30
963 576
963 669
963 722
963 804
963 884
963 949
964 78
964 413
964 425
964 559
964 739
964 806
964 930
965 272
965 443
965 474
965 584
965 850
965 892
965 993
966 126
966 556
966 716
966 861
966 898
966 913
966 967
967 20
967 196
967 305
967 748
967 826
967 931
967 981
968 636
968 938
968 944
968 972
968 989
968 990
968 996
969 118
969 713
969 806
969 862
969 919
969 930
969 973
970 311
970 450
970 660
970 891
970 912
970 940
970 996
971 8
971 900
971 922
971 977
971 997
971 998
971 999
972 177
972 243
972 446
972 932
972 980
972 988
972 993
973 470
973 581
973 877
973 946
973 955
973 969
973 979
974 792
974 800
974 847
974 926
974 933
974 967
974 976
975 123
975 255
975 294
975 427
975 792
975 847
975 968
976 547
976 568
976 628
976 738
976 917
976 933
976 972
977 4
977 704
977 784
977 850
977 997
977 998
977 999
978 202
978 448
978 691
978 736
978 749
978 991
978 995
979 153
979 334
979 375
979 506
979 877
979 969
979 985
980 31
980 137
980 798
980 901
980 988
980 992
980 993
981 418
981 528
981 713
981 753
981 773
981 921
981 965
982 183
982 352
982 452
982 506
982 598
982 664
982 915
983 384
983 445
983 499
983 831
983 947
983 980
983 998
984 89
984 360
984 777
984 971
984 997
984 998
984 999
985 338
985 386
985 878
985 953
985 986
985 990
985 996
986 70
986 540
986 711
986 735
986 752
986 953
986 985
987 415
987 489
987 620
987 689
987 787
987 807
987 981
988 842
988 851
988 873
988 975
988 983
988 992
988 993
989 129
989 264
989 715
989 762
989 959
989 990
989 996
990 214
990 671
990 735
990 889
990 936
990 959
990 989
991 56
991 413
991 420
991 616
991 700
991 938
991 994
992 23
992 466
992 647
992 873
992 947
992 988
992 995
993 194
993 798
993 894
993 931
993 972
993 980
993 992
994 68
994 803
994 880
994 897
994 915
994 919
994 999
995 796
995 805
995 810
995 829
995 917
995 973
995 976
996 60
996 431
996 521
996 524
996 944
996 989
996 990
997 563
997 882
997 905
997 962
997 984
997 998
997 999
998 464
998 479
998 652
998 836
998 984
998 997
998 999
999 8
999 490
999 550
999 939
999 960
999 997
999 998
