106 0
30 0
16 0
19 0
200 0
197 0
34 0
159 0
14 0
17 0
58 1
2 1
55 1
54 1
47 1
62 1
13 1
48 1
6 1
122 1
4 1
28 1
105 1
5 1
8 1
131 1
1 1
139 1
57 1
42 1
7 1
56 1
21 1
43 1
104 1
59 1
26 1
112 1
145 1
0 1
198 1
116 1
3 1
97 1
23 2
31 2
71 2
51 2
53 2
158 2
117 2
88 2
50 2
161 2
98 2
100 2
49 2
15 2
66 2
102 2
20 2
96 2
178 2
126 2
44 2
68 2
52 2
67 2
103 2
130 2
101 2
99 2
87 2
147 2
72 2
152 3
121 3
77 3
209 3
79 3
137 3
83 3
195 3
175 3
75 3
156 3
153 3
80 3
134 3
82 3
187 3
81 3
37 3
74 3
194 3
78 3
65 3
157 3
29 3
85 3
150 3
133 3
201 3
167 3
189 3
172 3
73 3
76 3
204 3
207 3
173 3
186 3
90 4
203 5
27 5
18 5
123 5
119 5
32 5
38 5
36 5
24 5
41 5
113 5
35 5
25 5
118 5
39 5
33 5
191 5
165 6
93 6
185 6
171 6
91 6
169 6
214 6
154 6
89 6
60 6
146 6
95 6
162 6
166 6
176 6
174 6
160 6
92 6
115 6
168 6
46 6
127 6
164 6
140 6
94 6
61 6
45 6
114 6
132 6
69 6
40 6
151 7
143 7
208 7
125 7
183 7
155 7
64 7
177 7
124 7
182 7
181 7
213 7
180 7
138 7
144 7
184 7
179 7
192 7
188 8
190 9
196 10
199 11
111 12
205 12
202 12
129 12
107 12
206 12
86 12
10 12
170 12
135 12
22 12
109 12
128 12
212 12
12 12
136 12
216 12
11 12
110 12
210 12
9 12
108 12
63 13
149 13
148 13
142 13
84 13
70 13
211 13
163 13
215 13
141 13
193 13
120 13