106 0
30 0
16 0
19 0
67 0
200 0
197 0
34 0
159 0
14 0
17 0
38 1
36 1
33 1
24 1
41 1
27 1
32 1
152 2
121 2
77 2
209 2
79 2
137 2
83 2
195 2
175 2
75 2
156 2
153 2
80 2
134 2
82 2
187 2
81 2
37 2
74 2
194 2
78 2
65 2
157 2
29 2
85 2
150 2
133 2
201 2
167 2
189 2
172 2
73 2
76 2
204 2
207 2
173 2
186 2
90 3
119 4
203 4
113 4
35 4
25 4
118 4
191 4
63 5
149 5
148 5
142 5
84 5
70 5
211 5
163 5
215 5
141 5
193 5
120 5
111 6
205 6
202 6
129 6
107 6
206 6
86 6
10 6
28 6
170 6
135 6
22 6
109 6
128 6
212 6
131 6
12 6
136 6
216 6
11 6
110 6
9 6
108 6
58 7
55 7
2 7
190 7
18 7
54 7
47 7
62 7
13 7
48 7
6 7
122 7
4 7
105 7
5 7
8 7
39 7
1 7
139 7
57 7
42 7
7 7
123 7
56 7
21 7
43 7
104 7
59 7
26 7
112 7
145 7
0 7
198 7
116 7
3 7
97 7
151 8
143 8
208 8
125 8
183 8
155 8
64 8
177 8
124 8
182 8
181 8
213 8
180 8
138 8
210 8
144 8
184 8
179 8
192 8
165 9
93 9
185 9
171 9
91 9
169 9
146 9
95 9
162 9
89 9
176 9
174 9
160 9
92 9
46 9
164 9
140 9
94 9
45 9
114 9
166 9
188 10
196 11
199 12
53 13
161 13
50 13
98 13
49 13
15 13
66 13
96 13
178 13
168 13
52 13
130 13
101 13
99 13
61 13
44 13
147 13
69 13
23 13
31 13
71 13
51 13
88 13
158 13
100 13
117 13
102 13
20 13
214 13
154 13
60 13
68 13
126 13
115 13
127 13
103 13
87 13
132 13
40 13
72 13