152 0
121 0
77 0
209 0
79 0
137 0
83 0
195 0
175 0
75 0
156 0
153 0
80 0
134 0
82 0
187 0
81 0
37 0
74 0
194 0
78 0
65 0
157 0
29 0
85 0
150 0
133 0
201 0
167 0
189 0
172 0
73 0
76 0
204 0
207 0
173 0
186 0
203 1
27 1
119 1
32 1
38 1
36 1
24 1
41 1
113 1
35 1
25 1
118 1
67 1
39 1
33 1
191 1
58 2
2 2
55 2
18 2
54 2
47 2
62 2
13 2
48 2
6 2
122 2
4 2
28 2
105 2
5 2
8 2
131 2
1 2
139 2
44 2
57 2
42 2
7 2
158 2
123 2
56 2
21 2
43 2
104 2
59 2
126 2
26 2
112 2
145 2
0 2
198 2
116 2
3 2
97 2
31 3
71 3
51 3
53 3
117 3
88 3
161 3
50 3
98 3
100 3
49 3
15 3
66 3
102 3
20 3
199 3
96 3
68 3
178 3
52 3
200 3
130 3
103 3
101 3
99 3
87 3
72 3
90 4
63 5
149 5
148 5
142 5
84 5
70 5
211 5
163 5
215 5
141 5
193 5
120 5
106 6
30 6
16 6
19 6
197 6
34 6
159 6
14 6
17 6
165 7
185 7
171 7
146 7
89 7
160 7
92 7
168 7
140 7
94 7
61 7
45 7
147 7
69 7
166 7
23 7
93 7
91 7
169 7
214 7
95 7
162 7
154 7
60 7
176 7
174 7
115 7
46 7
127 7
164 7
114 7
132 7
40 7
151 8
143 8
208 8
125 8
183 8
155 8
64 8
177 8
124 8
182 8
181 8
213 8
180 8
138 8
144 8
184 8
179 8
192 8
188 9
190 10
196 11
111 12
205 12
202 12
129 12
107 12
206 12
86 12
10 12
170 12
135 12
22 12
109 12
128 12
212 12
12 12
136 12
216 12
11 12
110 12
210 12
9 12
108 12