38 0
36 0
33 0
24 0
41 0
27 0
32 0
165 1
203 1
185 1
171 1
146 1
119 1
160 1
92 1
168 1
113 1
35 1
140 1
61 1
147 1
69 1
191 1
166 1
23 1
93 1
91 1
169 1
214 1
95 1
60 1
162 1
176 1
174 1
115 1
25 1
118 1
46 1
127 1
164 1
114 1
40 1
31 2
71 2
51 2
190 2
53 2
88 2
100 2
161 2
50 2
98 2
117 2
49 2
15 2
66 2
102 2
20 2
199 2
96 2
68 2
178 2
52 2
67 2
103 2
130 2
200 2
101 2
99 2
45 2
87 2
72 2
58 3
55 3
2 3
121 3
18 3
54 3
47 3
62 3
13 3
48 3
196 3
6 3
122 3
4 3
28 3
105 3
5 3
131 3
8 3
39 3
1 3
139 3
57 3
42 3
7 3
123 3
56 3
21 3
43 3
104 3
59 3
107 3
26 3
112 3
145 3
12 3
0 3
198 3
116 3
3 3
97 3
111 4
158 4
205 4
202 4
129 4
154 4
86 4
206 4
126 4
10 4
170 4
135 4
22 4
108 4
109 4
128 4
212 4
136 4
216 4
11 4
110 4
210 4
44 4
132 4
106 5
30 5
19 5
17 5
197 5
9 5
159 5
14 5
34 5
16 5
152 6
77 6
209 6
79 6
137 6
83 6
195 6
89 6
175 6
75 6
156 6
90 6
153 6
80 6
94 6
134 6
82 6
187 6
81 6
37 6
74 6
194 6
78 6
65 6
157 6
29 6
85 6
150 6
133 6
201 6
167 6
189 6
172 6
73 6
76 6
204 6
207 6
173 6
186 6
151 7
143 7
208 7
125 7
183 7
155 7
64 7
177 7
124 7
182 7
181 7
213 7
180 7
138 7
144 7
184 7
179 7
192 7
188 8
63 9
149 9
148 9
142 9
84 9
70 9
211 9
163 9
215 9
141 9
193 9
120 9