26 0
21 0
105 0
18 0
39 0
2 0
104 0
190 0
0 0
139 0
3 0
131 0
13 0
8 0
6 0
43 0
1 0
44 0
112 0
116 0
5 0
7 0
97 0
198 0
196 0
122 0
126 0
42 0
28 0
48 0
123 0
121 0
158 0
4 0
115 1
127 1
56 1
59 1
62 1
57 1
47 1
145 1
60 1
55 1
58 1
54 1
61 1
40 1
108 2
216 2
10 2
22 2
9 2
86 2
111 2
205 2
107 2
212 2
12 2
135 2
129 2
110 2
128 2
11 2
206 2
136 2
109 2
170 2
140 3
160 3
141 3
149 3
215 3
166 3
90 3
94 3
89 3
120 3
193 3
171 3
93 3
70 3
142 3
211 3
174 3
185 3
63 3
148 3
163 3
165 3
84 3
132 4
161 4
168 4
35 4
50 4
146 4
31 4
66 4
154 4
71 4
96 4
49 4
15 4
103 4
91 4
102 4
87 4
67 4
203 4
53 4
69 4
169 4
214 4
118 4
20 4
23 4
188 4
178 4
68 4
99 4
113 4
164 4
51 4
191 4
147 4
162 4
95 4
130 4
52 4
25 4
114 4
72 4
117 4
92 4
101 4
45 4
88 4
176 4
100 4
119 4
46 4
98 4
76 5
204 5
210 5
156 5
172 5
175 5
167 5
209 5
79 5
189 5
77 5
82 5
73 5
29 5
65 5
194 5
157 5
133 5
153 5
134 5
85 5
83 5
81 5
78 5
173 5
75 5
186 5
187 5
37 5
137 5
195 5
202 5
207 5
74 5
80 5
150 5
152 5
201 5
106 6
199 6
38 6
19 6
36 6
197 6
159 6
33 6
27 6
200 6
17 6
30 6
16 6
34 6
14 6
41 6
32 6
24 6
64 7
184 7
124 7
181 7
143 7
208 7
144 7
179 7
192 7
125 7
155 7
180 7
182 7
183 7
151 7
177 7
213 7
138 7