26 0
21 0
56 0
59 0
62 0
105 0
18 0
2 0
96 0
104 0
190 0
0 0
139 0
47 0
3 0
13 0
54 0
6 0
8 0
43 0
1 0
112 0
116 0
5 0
145 0
97 0
55 0
198 0
196 0
122 0
57 0
42 0
58 0
48 0
123 0
121 0
4 0
35 1
119 1
113 1
191 1
38 1
39 1
25 1
36 1
67 1
203 1
33 1
27 1
118 1
41 1
32 1
24 1
161 2
178 2
68 2
99 2
50 2
51 2
31 2
66 2
71 2
130 2
52 2
15 2
103 2
102 2
72 2
87 2
117 2
53 2
101 2
45 2
100 2
88 2
20 2
49 2
98 2
197 3
159 3
106 3
200 3
17 3
199 3
7 3
126 3
30 3
16 3
34 3
14 3
158 3
19 3
44 3
115 4
132 4
168 4
140 4
160 4
146 4
90 4
61 4
89 4
91 4
69 4
171 4
169 4
214 4
185 4
60 4
23 4
164 4
166 4
94 4
147 4
162 4
95 4
114 4
127 4
92 4
93 4
174 4
176 4
165 4
40 4
46 4
108 5
216 5
210 5
10 5
22 5
86 5
9 5
111 5
154 5
205 5
107 5
212 5
202 5
12 5
135 5
129 5
110 5
128 5
131 5
136 5
206 5
11 5
28 5
109 5
170 5
141 6
149 6
215 6
120 6
193 6
70 6
142 6
211 6
63 6
148 6
84 6
76 7
204 7
156 7
172 7
175 7
167 7
209 7
79 7
189 7
77 7
82 7
73 7
29 7
65 7
194 7
157 7
133 7
153 7
134 7
85 7
83 7
163 7
81 7
78 7
173 7
75 7
186 7
187 7
37 7
137 7
195 7
207 7
74 7
80 7
150 7
152 7
201 7
64 8
184 8
124 8
181 8
143 8
208 8
144 8
179 8
192 8
125 8
155 8
180 8
182 8
183 8
151 8
177 8
213 8
138 8
188 9