26 0
21 0
105 0
18 0
2 0
39 0
104 0
96 0
0 0
107 0
139 0
47 0
3 0
131 0
13 0
8 0
6 0
43 0
1 0
44 0
112 0
116 0
5 0
7 0
97 0
12 0
122 0
126 0
42 0
28 0
48 0
123 0
158 0
4 0
29 1
38 2
41 2
33 2
32 2
24 2
27 2
36 2
56 3
59 3
62 3
57 3
145 3
55 3
58 3
54 3
115 4
132 4
168 4
140 4
160 4
161 4
50 4
66 4
71 4
61 4
87 4
53 4
69 4
171 4
214 4
185 4
60 4
23 4
20 4
178 4
68 4
51 4
164 4
166 4
147 4
130 4
162 4
52 4
127 4
72 4
117 4
93 4
174 4
200 4
40 4
88 4
165 4
49 4
76 5
204 5
156 5
172 5
175 5
167 5
209 5
79 5
189 5
77 5
82 5
73 5
65 5
194 5
157 5
133 5
153 5
134 5
85 5
83 5
163 5
81 5
78 5
173 5
75 5
186 5
187 5
37 5
137 5
195 5
207 5
74 5
80 5
150 5
152 5
201 5
141 6
149 6
215 6
120 6
193 6
70 6
142 6
211 6
63 6
148 6
84 6
89 7
90 8
99 9
35 9
146 9
31 9
113 9
191 9
94 9
15 9
95 9
25 9
91 9
102 9
114 9
67 9
203 9
92 9
101 9
169 9
45 9
176 9
118 9
100 9
119 9
46 9
98 10
103 11
108 12
10 12
22 12
86 12
111 12
154 12
205 12
212 12
135 12
129 12
110 12
128 12
11 12
206 12
136 12
109 12
170 12
121 13
64 14
184 14
124 14
181 14
143 14
208 14
144 14
179 14
192 14
125 14
155 14
180 14
182 14
183 14
151 14
177 14
213 14
138 14
197 15
159 15
106 15
17 15
9 15
30 15
34 15
16 15
14 15
19 15
188 16
190 17
196 18
198 19
199 20
202 21
210 22
216 23