26 0
21 0
56 0
59 0
62 0
105 0
18 0
2 0
39 0
104 0
0 0
107 0
139 0
47 0
3 0
131 0
13 0
54 0
8 0
6 0
1 0
43 0
112 0
116 0
5 0
7 0
97 0
198 0
55 0
196 0
12 0
122 0
57 0
42 0
28 0
48 0
58 0
123 0
121 0
4 0
197 1
159 1
106 1
200 1
17 1
9 1
199 1
30 1
16 1
34 1
14 1
19 1
76 2
204 2
156 2
172 2
175 2
167 2
209 2
79 2
189 2
77 2
82 2
73 2
29 2
65 2
194 2
157 2
133 2
153 2
134 2
85 2
83 2
81 2
78 2
173 2
75 2
186 2
187 2
37 2
137 2
195 2
207 2
74 2
80 2
150 2
152 2
201 2
108 3
132 3
216 3
210 3
10 3
22 3
86 3
111 3
154 3
205 3
212 3
202 3
135 3
129 3
110 3
128 3
11 3
206 3
136 3
109 3
170 3
161 4
50 4
31 4
66 4
71 4
96 4
190 4
15 4
103 4
102 4
87 4
67 4
53 4
23 4
20 4
188 4
44 4
178 4
68 4
99 4
51 4
147 4
162 4
130 4
52 4
72 4
117 4
101 4
45 4
126 4
88 4
100 4
158 4
49 4
98 4
38 5
41 5
33 5
32 5
24 5
27 5
36 5
64 6
184 6
124 6
181 6
143 6
208 6
144 6
179 6
192 6
125 6
155 6
180 6
182 6
183 6
151 6
177 6
213 6
138 6
141 7
149 7
215 7
120 7
193 7
70 7
142 7
211 7
63 7
148 7
163 7
84 7
115 8
168 8
140 8
160 8
35 8
119 8
146 8
90 8
61 8
89 8
91 8
203 8
69 8
171 8
169 8
214 8
185 8
118 8
60 8
113 8
164 8
145 8
191 8
166 8
94 8
95 8
25 8
114 8
127 8
92 8
93 8
174 8
176 8
165 8
40 8
46 8