1 9 5.01 
1 323 3.01 
1 449 3.01 
1 481 4.01 
1 492 5.01 
1 495 5.01 
1 499 12.01 
1 500 35.01 
9 24 1.01 
9 214 3.01 
9 237 0.01 
9 289 0.01 
9 339 1.01 
9 471 6.01 
9 499 18.009999999999998 
9 500 45.01 
323 106 2.01 
323 448 2.01 
323 460 4.01 
323 462 7.01 
323 492 7.01 
323 494 9.01 
323 495 6.01 
323 500 31.009999999999998 
449 298 7.01 
449 318 2.01 
449 323 6.01 
449 460 5.01 
449 485 10.01 
449 495 14.01 
449 500 48.01 
481 296 8.01 
481 314 7.01 
481 383 6.01 
481 486 10.01 
481 492 11.01 
481 494 10.01 
481 500 46.01 
492 102 3.01 
492 396 5.01 
492 413 13.01 
492 460 10.01 
492 481 10.01 
492 500 37.01 
495 60 8.01 
495 182 8.01 
495 226 4.01 
495 308 10.01 
495 487 16.009999999999998 
495 494 14.01 
495 500 38.01 
499 162 38.01 
499 263 30.009999999999998 
499 358 35.01 
499 369 45.01 
499 493 33.01 
499 496 33.01 
499 498 43.01 
500 10 22.009999999999998 
500 293 16.009999999999998 
500 348 43.01 
500 392 27.009999999999998 
500 471 35.01 
500 473 35.01 
500 485 33.01 
2 69 4.01 
2 111 3.01 
2 170 1.01 
2 359 5.01 
2 373 4.01 
2 390 1.01 
2 413 4.01 
2 500 50.01 
69 104 4.01 
69 138 1.01 
69 193 2.01 
69 272 0.01 
69 309 2.01 
69 311 7.01 
69 488 10.01 
69 500 36.01 
111 143 4.01 
111 264 0.01 
111 267 1.01 
111 291 4.01 
111 335 2.01 
111 412 3.01 
111 476 3.01 
111 500 34.01 
170 175 5.01 
170 306 3.01 
170 410 3.01 
170 413 7.01 
170 443 5.01 
170 465 7.01 
170 492 12.01 
170 500 42.01 
359 133 2.01 
359 184 5.01 
359 314 5.01 
359 379 7.01 
359 453 3.01 
359 458 5.01 
359 467 5.01 
359 490 9.01 
373 297 0.01 
373 467 9.01 
373 470 6.01 
373 485 10.01 
373 486 5.01 
373 491 7.01 
373 495 11.01 
373 500 48.01 
390 90 1.01 
390 166 0.01 
390 309 3.01 
390 353 3.01 
390 464 2.01 
390 495 3.01 
390 500 33.01 
413 23 3.01 
413 282 4.01 
413 325 5.01 
413 372 3.01 
413 434 5.01 
413 489 9.01 
413 500 28.009999999999998 
3 27 5.01 
3 266 8.01 
3 461 4.01 
3 469 3.01 
3 479 5.01 
3 496 16.009999999999998 
3 497 14.01 
3 499 41.01 
27 292 1.01 
27 350 1.01 
27 411 2.01 
27 418 2.01 
27 437 4.01 
27 464 4.01 
27 474 3.01 
27 499 26.009999999999998 
266 236 4.01 
266 243 1.01 
266 386 3.01 
266 479 7.01 
266 482 5.01 
266 496 23.009999999999998 
266 497 21.009999999999998 
266 499 33.01 
461 294 6.01 
461 319 3.01 
461 384 6.01 
461 450 5.01 
461 466 5.01 
461 498 23.009999999999998 
461 499 34.01 
469 16 2.01 
469 319 1.01 
469 327 8.01 
469 368 4.01 
469 484 6.01 
469 496 19.009999999999998 
469 499 37.01 
479 130 7.01 
479 341 13.01 
479 384 4.01 
479 464 9.01 
479 497 16.009999999999998 
479 498 17.009999999999998 
479 499 27.009999999999998 
496 249 13.01 
496 305 15.01 
496 341 36.01 
496 440 14.01 
496 447 16.009999999999998 
496 466 13.01 
496 499 47.01 
497 86 12.01 
497 139 31.009999999999998 
497 355 16.009999999999998 
497 451 22.009999999999998 
497 493 17.009999999999998 
497 498 24.009999999999998 
497 499 45.01 
4 34 2.01 
4 180 2.01 
4 252 2.01 
4 320 0.01 
4 378 4.01 
4 397 4.01 
4 491 9.01 
4 500 42.01 
34 12 0.01 
34 13 3.01 
34 81 1.01 
34 274 2.01 
34 288 3.01 
34 346 0.01 
34 349 5.01 
34 500 42.01 
180 336 3.01 
180 375 4.01 
180 396 2.01 
180 445 6.01 
180 447 2.01 
180 478 6.01 
180 491 8.01 
180 500 27.009999999999998 
252 77 2.01 
252 179 3.01 
252 241 3.01 
252 371 3.01 
252 487 6.01 
252 495 14.01 
252 500 45.01 
320 223 4.01 
320 249 2.01 
320 338 3.01 
320 429 2.01 
320 482 3.01 
320 493 15.01 
320 497 12.01 
320 499 41.01 
378 89 1.01 
378 273 0.01 
378 397 6.01 
378 454 3.01 
378 491 10.01 
378 492 2.01 
378 495 13.01 
378 500 31.009999999999998 
397 128 4.01 
397 251 1.01 
397 325 1.01 
397 458 2.01 
397 483 6.01 
397 494 6.01 
397 500 31.009999999999998 
491 93 12.01 
491 170 21.009999999999998 
491 359 5.01 
491 436 3.01 
491 467 9.01 
491 488 9.01 
491 492 8.01 
5 20 3.01 
5 243 9.01 
5 374 5.01 
5 480 5.01 
5 493 12.01 
5 497 14.01 
5 498 15.01 
5 499 43.01 
20 51 2.01 
20 304 4.01 
20 361 5.01 
20 364 5.01 
20 419 1.01 
20 496 17.009999999999998 
20 498 17.009999999999998 
20 499 39.01 
243 45 2.01 
243 79 0.01 
243 356 8.01 
243 466 7.01 
243 483 6.01 
243 496 14.01 
243 498 18.009999999999998 
243 499 33.01 
374 45 2.01 
374 46 3.01 
374 158 4.01 
374 259 3.01 
374 455 4.01 
374 482 5.01 
374 493 13.01 
374 499 41.01 
480 404 6.01 
480 407 5.01 
480 476 9.01 
480 486 5.01 
480 496 13.01 
480 498 24.009999999999998 
480 499 40.01 
493 172 9.01 
493 293 22.009999999999998 
493 350 16.009999999999998 
493 402 6.01 
493 466 7.01 
493 474 19.009999999999998 
493 499 34.01 
498 212 23.009999999999998 
498 352 11.01 
498 432 14.01 
498 448 23.009999999999998 
498 484 19.009999999999998 
498 497 29.009999999999998 
498 499 25.009999999999998 
6 369 2.01 
6 477 7.01 
6 478 7.01 
6 488 6.01 
6 489 6.01 
6 491 6.01 
6 495 12.01 
6 500 36.01 
369 122 5.01 
369 240 6.01 
369 366 4.01 
369 377 3.01 
369 496 24.009999999999998 
369 497 16.009999999999998 
369 498 20.009999999999998 
369 499 41.01 
477 173 9.01 
477 323 4.01 
477 383 6.01 
477 442 5.01 
477 462 11.01 
477 485 6.01 
477 500 47.01 
478 1 5.01 
478 257 6.01 
478 290 7.01 
478 295 2.01 
478 348 7.01 
478 416 4.01 
478 500 98.00999999999999 
488 269 1.01 
488 303 4.01 
488 330 5.01 
488 492 14.01 
488 494 8.01 
488 499 29.009999999999998 
488 500 26.009999999999998 
489 344 4.01 
489 359 9.01 
489 453 2.01 
489 456 5.01 
489 462 6.01 
489 487 7.01 
489 500 43.01 
7 181 0.01 
7 425 7.01 
7 479 6.01 
7 480 2.01 
7 483 7.01 
7 497 12.01 
7 498 18.009999999999998 
7 499 42.01 
181 130 5.01 
181 338 7.01 
181 411 4.01 
181 475 7.01 
181 484 9.01 
181 496 13.01 
181 498 20.009999999999998 
181 499 40.01 
425 58 4.01 
425 436 3.01 
425 463 5.01 
425 476 5.01 
425 479 7.01 
425 497 16.009999999999998 
425 499 52.01 
483 92 5.01 
483 98 7.01 
483 149 17.009999999999998 
483 374 6.01 
483 404 7.01 
483 468 7.01 
483 499 41.01 
8 114 2.01 
8 254 6.01 
8 313 2.01 
8 354 5.01 
8 474 7.01 
8 483 5.01 
8 498 13.01 
8 499 33.01 
114 125 2.01 
114 206 4.01 
114 386 2.01 
114 450 4.01 
114 484 7.01 
114 493 11.01 
114 496 20.009999999999998 
114 499 54.01 
254 22 3.01 
254 65 2.01 
254 293 14.01 
254 301 2.01 
254 350 7.01 
254 376 1.01 
254 493 25.009999999999998 
254 496 14.01 
313 287 2.01 
313 370 3.01 
313 426 2.01 
313 452 3.01 
313 482 8.01 
313 496 12.01 
313 498 12.01 
313 499 47.01 
354 197 6.01 
354 259 6.01 
354 269 4.01 
354 278 1.01 
354 363 3.01 
354 455 6.01 
354 461 4.01 
354 499 32.01 
474 84 3.01 
474 259 9.01 
474 440 16.009999999999998 
474 457 8.01 
474 493 18.009999999999998 
474 497 26.009999999999998 
474 498 20.009999999999998 
24 49 3.01 
24 94 4.01 
24 302 2.01 
24 346 5.01 
24 348 8.01 
24 485 8.01 
24 492 9.01 
24 500 89.00999999999999 
214 23 3.01 
214 164 3.01 
214 231 2.01 
214 459 3.01 
214 484 2.01 
214 487 6.01 
214 492 6.01 
214 500 30.009999999999998 
237 40 3.01 
237 110 1.01 
237 201 2.01 
237 222 0.01 
237 291 0.01 
237 396 8.01 
237 499 21.009999999999998 
237 500 33.01 
289 87 0.01 
289 101 2.01 
289 186 0.01 
289 331 2.01 
289 470 3.01 
289 489 5.01 
289 500 48.01 
339 55 5.01 
339 93 4.01 
339 174 3.01 
339 199 0.01 
339 272 1.01 
339 491 17.009999999999998 
339 500 43.01 
471 124 4.01 
471 412 10.01 
471 490 9.01 
471 494 12.01 
471 495 10.01 
471 500 31.009999999999998 
10 344 7.01 
10 352 6.01 
10 466 8.01 
10 480 6.01 
10 482 5.01 
10 497 21.009999999999998 
10 498 31.009999999999998 
10 499 56.01 
344 114 4.01 
344 411 4.01 
344 435 6.01 
344 446 3.01 
344 482 9.01 
344 493 6.01 
344 496 19.009999999999998 
344 499 64.00999999999999 
352 151 2.01 
352 294 5.01 
352 401 2.01 
352 406 3.01 
352 446 5.01 
352 479 6.01 
352 493 6.01 
352 499 31.009999999999998 
466 91 10.01 
466 97 10.01 
466 483 10.01 
466 484 8.01 
466 496 13.01 
466 497 22.009999999999998 
466 499 53.01 
482 10 4.01 
482 91 4.01 
482 197 12.01 
482 418 6.01 
482 463 9.01 
482 474 7.01 
482 497 23.009999999999998 
11 234 2.01 
11 249 3.01 
11 356 3.01 
11 402 2.01 
11 475 3.01 
11 496 22.009999999999998 
11 498 25.009999999999998 
11 499 42.01 
234 305 4.01 
234 327 2.01 
234 365 5.01 
234 479 7.01 
234 483 10.01 
234 497 10.01 
234 498 19.009999999999998 
234 499 39.01 
249 171 1.01 
249 402 5.01 
249 424 4.01 
249 457 4.01 
249 464 6.01 
249 476 1.01 
249 482 9.01 
249 499 48.01 
356 64 5.01 
356 235 1.01 
356 347 2.01 
356 358 7.01 
356 370 3.01 
356 463 4.01 
356 496 14.01 
356 499 71.00999999999999 
402 429 6.01 
402 451 6.01 
402 463 8.01 
402 469 5.01 
402 477 5.01 
402 498 22.009999999999998 
402 499 36.01 
475 263 8.01 
475 304 7.01 
475 366 9.01 
475 406 4.01 
475 455 11.01 
475 498 17.009999999999998 
475 499 95.00999999999999 
12 179 8.01 
12 231 2.01 
12 340 3.01 
12 459 3.01 
12 477 3.01 
12 487 8.01 
12 490 5.01 
12 500 24.009999999999998 
179 221 4.01 
179 231 4.01 
179 239 1.01 
179 281 3.01 
179 303 2.01 
179 390 1.01 
179 484 5.01 
179 500 32.01 
231 29 3.01 
231 36 7.01 
231 38 3.01 
231 298 2.01 
231 405 10.01 
231 478 5.01 
231 494 12.01 
231 500 40.01 
340 362 3.01 
340 488 8.01 
340 489 4.01 
340 492 3.01 
340 495 8.01 
340 499 12.01 
340 500 30.009999999999998 
459 227 4.01 
459 238 2.01 
459 328 1.01 
459 442 7.01 
459 470 4.01 
459 497 7.01 
459 500 33.01 
487 22 6.01 
487 182 9.01 
487 272 4.01 
487 343 5.01 
487 349 10.01 
487 495 18.009999999999998 
487 500 30.009999999999998 
490 106 3.01 
490 218 4.01 
490 465 17.009999999999998 
490 478 5.01 
490 484 6.01 
490 499 20.009999999999998 
490 500 35.01 
13 175 1.01 
13 270 1.01 
13 362 2.01 
13 460 2.01 
13 462 9.01 
13 467 5.01 
13 490 6.01 
13 500 28.009999999999998 
175 30 2.01 
175 199 1.01 
175 215 4.01 
175 306 7.01 
175 377 1.01 
175 410 8.01 
175 429 1.01 
175 488 6.01 
270 78 3.01 
270 187 2.01 
270 196 0.01 
270 199 9.01 
270 485 5.01 
270 486 10.01 
270 495 12.01 
270 500 57.01 
362 277 1.01 
362 324 2.01 
362 438 2.01 
362 459 0.01 
362 466 1.01 
362 481 4.01 
362 498 14.01 
362 500 28.009999999999998 
460 238 2.01 
460 241 4.01 
460 256 4.01 
460 360 2.01 
460 433 2.01 
460 449 5.01 
460 500 31.009999999999998 
462 17 4.01 
462 300 1.01 
462 389 5.01 
462 416 8.01 
462 471 8.01 
462 492 11.01 
462 500 43.01 
467 177 4.01 
467 222 3.01 
467 345 7.01 
467 368 0.01 
467 442 5.01 
467 485 3.01 
467 500 42.01 
14 138 7.01 
14 179 3.01 
14 226 3.01 
14 361 3.01 
14 460 4.01 
14 467 3.01 
14 494 4.01 
14 500 39.01 
138 9 3.01 
138 300 2.01 
138 399 4.01 
138 423 2.01 
138 433 2.01 
138 486 5.01 
138 494 7.01 
138 500 32.01 
226 9 4.01 
226 398 4.01 
226 419 1.01 
226 430 3.01 
226 443 4.01 
226 456 3.01 
226 465 4.01 
226 500 32.01 
361 42 5.01 
361 47 6.01 
361 140 5.01 
361 206 0.01 
361 406 4.01 
361 445 1.01 
361 493 16.009999999999998 
361 499 40.01 
494 66 8.01 
494 181 3.01 
494 204 10.01 
494 247 10.01 
494 298 4.01 
494 471 15.01 
494 495 20.009999999999998 
15 307 0.01 
15 320 1.01 
15 425 0.01 
15 441 2.01 
15 497 19.009999999999998 
15 498 16.009999999999998 
15 499 44.01 
15 500 29.009999999999998 
307 114 1.01 
307 271 1.01 
307 299 4.01 
307 342 3.01 
307 436 3.01 
307 457 9.01 
307 497 19.009999999999998 
307 499 45.01 
441 52 3.01 
441 380 2.01 
441 431 11.01 
441 448 8.01 
441 464 2.01 
441 479 10.01 
441 499 45.01 
16 380 3.01 
16 419 2.01 
16 421 7.01 
16 450 2.01 
16 469 3.01 
16 497 11.01 
16 498 24.009999999999998 
16 499 33.01 
380 358 7.01 
380 435 6.01 
380 468 7.01 
380 475 4.01 
380 479 9.01 
380 484 9.01 
380 497 18.009999999999998 
380 499 77.00999999999999 
419 232 0.01 
419 292 8.01 
419 299 6.01 
419 337 2.01 
419 395 2.01 
419 463 5.01 
419 499 39.01 
421 54 3.01 
421 275 1.01 
421 418 6.01 
421 419 5.01 
421 444 3.01 
421 468 7.01 
421 496 11.01 
450 7 3.01 
450 200 9.01 
450 251 3.01 
450 268 2.01 
450 493 2.01 
450 498 20.009999999999998 
450 499 49.01 
17 112 3.01 
17 353 2.01 
17 459 3.01 
17 478 4.01 
17 487 5.01 
17 490 8.01 
17 495 8.01 
17 500 40.01 
112 187 0.01 
112 324 2.01 
112 330 1.01 
112 426 4.01 
112 489 10.01 
112 492 6.01 
112 497 14.01 
112 500 29.009999999999998 
353 6 4.01 
353 8 2.01 
353 62 6.01 
353 133 6.01 
353 186 2.01 
353 279 3.01 
353 486 6.01 
353 492 10.01 
18 234 1.01 
18 344 5.01 
18 394 3.01 
18 452 7.01 
18 484 9.01 
18 496 20.009999999999998 
18 498 25.009999999999998 
18 499 48.01 
394 31 8.01 
394 236 5.01 
394 402 2.01 
394 466 4.01 
394 469 6.01 
394 496 17.009999999999998 
394 499 44.01 
452 141 8.01 
452 431 5.01 
452 437 9.01 
452 440 7.01 
452 484 6.01 
452 497 15.01 
452 499 36.01 
484 3 5.01 
484 251 4.01 
484 261 5.01 
484 341 8.01 
484 496 33.01 
484 498 29.009999999999998 
484 499 31.009999999999998 
19 31 3.01 
19 83 4.01 
19 380 4.01 
19 387 5.01 
19 468 7.01 
19 493 15.01 
19 496 22.009999999999998 
19 499 50.01 
31 197 5.01 
31 262 2.01 
31 367 7.01 
31 469 7.01 
31 484 5.01 
31 497 17.009999999999998 
31 498 25.009999999999998 
31 499 51.01 
83 19 5.01 
83 253 3.01 
83 444 7.01 
83 451 3.01 
83 466 3.01 
83 496 19.009999999999998 
83 498 13.01 
83 499 34.01 
387 176 2.01 
387 355 7.01 
387 369 6.01 
387 374 6.01 
387 452 5.01 
387 497 20.009999999999998 
387 499 85.00999999999999 
468 18 8.01 
468 435 6.01 
468 457 3.01 
468 461 7.01 
468 477 5.01 
468 484 9.01 
468 499 21.009999999999998 
51 76 5.01 
51 268 2.01 
51 365 3.01 
51 450 9.01 
51 480 6.01 
51 497 12.01 
51 498 29.009999999999998 
51 499 36.01 
304 18 2.01 
304 83 6.01 
304 183 4.01 
304 229 3.01 
304 428 3.01 
304 461 12.01 
304 498 30.009999999999998 
304 499 28.009999999999998 
364 107 5.01 
364 226 7.01 
364 310 2.01 
364 353 0.01 
364 373 3.01 
364 465 4.01 
364 472 5.01 
364 500 47.01 
21 150 3.01 
21 202 1.01 
21 249 1.01 
21 256 1.01 
21 289 2.01 
21 343 2.01 
21 454 2.01 
21 500 22.009999999999998 
150 29 2.01 
150 32 0.01 
150 414 2.01 
150 427 3.01 
150 490 4.01 
150 491 7.01 
150 492 10.01 
150 500 43.01 
202 292 8.01 
202 307 7.01 
202 367 4.01 
202 369 9.01 
202 411 5.01 
202 496 7.01 
202 497 16.009999999999998 
202 498 25.009999999999998 
256 61 1.01 
256 131 2.01 
256 207 4.01 
256 397 5.01 
256 470 4.01 
256 471 10.01 
256 494 5.01 
256 500 50.01 
343 46 0.01 
343 50 0.01 
343 137 1.01 
343 349 7.01 
343 400 2.01 
343 432 5.01 
343 442 2.01 
343 500 46.01 
454 41 3.01 
454 192 6.01 
454 220 3.01 
454 416 8.01 
454 420 3.01 
454 489 6.01 
454 494 10.01 
22 118 4.01 
22 363 7.01 
22 395 3.01 
22 421 5.01 
22 448 8.01 
22 475 6.01 
22 497 13.01 
22 500 34.01 
118 183 1.01 
118 208 4.01 
118 319 0.01 
118 342 3.01 
118 441 4.01 
118 493 9.01 
118 497 19.009999999999998 
118 499 44.01 
363 380 8.01 
363 387 3.01 
363 425 9.01 
363 432 5.01 
363 440 2.01 
363 447 3.01 
363 483 6.01 
363 498 28.009999999999998 
395 11 6.01 
395 100 2.01 
395 240 2.01 
395 370 3.01 
395 432 2.01 
395 448 1.01 
395 499 42.01 
448 115 7.01 
448 130 11.01 
448 141 1.01 
448 376 5.01 
448 493 12.01 
448 496 12.01 
448 499 35.01 
23 129 1.01 
23 198 2.01 
23 283 0.01 
23 284 2.01 
23 444 3.01 
23 458 9.01 
23 491 6.01 
23 500 37.01 
129 63 0.01 
129 159 2.01 
129 169 5.01 
129 191 2.01 
129 409 2.01 
129 417 2.01 
129 470 4.01 
129 500 38.01 
198 98 0.01 
198 312 4.01 
198 475 3.01 
198 487 2.01 
198 491 4.01 
198 494 10.01 
198 497 8.01 
198 500 24.009999999999998 
283 33 3.01 
283 215 6.01 
283 381 5.01 
283 452 1.01 
283 456 8.01 
283 478 4.01 
283 495 6.01 
283 500 38.01 
284 147 2.01 
284 248 1.01 
284 255 2.01 
284 439 3.01 
284 489 5.01 
284 496 13.01 
284 498 14.01 
284 500 38.01 
444 176 2.01 
444 376 7.01 
444 404 8.01 
444 455 5.01 
444 474 9.01 
444 484 5.01 
444 499 38.01 
458 163 7.01 
458 196 2.01 
458 220 5.01 
458 322 3.01 
458 340 8.01 
458 403 0.01 
458 500 28.009999999999998 
49 6 2.01 
49 258 3.01 
49 442 5.01 
49 459 5.01 
49 467 9.01 
49 473 5.01 
49 491 12.01 
49 500 43.01 
94 45 1.01 
94 112 5.01 
94 345 7.01 
94 364 3.01 
94 438 2.01 
94 459 1.01 
94 492 8.01 
94 500 29.009999999999998 
302 158 4.01 
302 204 1.01 
302 310 1.01 
302 324 3.01 
302 470 1.01 
302 481 8.01 
302 500 40.01 
346 39 2.01 
346 379 3.01 
346 408 6.01 
346 473 2.01 
346 478 7.01 
346 489 8.01 
346 500 50.01 
348 108 4.01 
348 198 2.01 
348 324 5.01 
348 414 4.01 
348 485 10.01 
348 492 12.01 
348 494 12.01 
348 500 49.01 
485 14 11.01 
485 123 6.01 
485 188 14.01 
485 377 9.01 
485 399 12.01 
485 498 12.01 
485 500 24.009999999999998 
25 38 4.01 
25 184 2.01 
25 284 2.01 
25 322 2.01 
25 354 3.01 
25 399 3.01 
25 495 12.01 
25 500 35.01 
38 57 6.01 
38 111 6.01 
38 283 2.01 
38 385 2.01 
38 442 4.01 
38 456 5.01 
38 500 31.009999999999998 
184 95 0.01 
184 286 1.01 
184 325 1.01 
184 360 1.01 
184 453 1.01 
184 478 3.01 
184 494 11.01 
184 500 38.01 
322 66 3.01 
322 143 1.01 
322 358 2.01 
322 372 6.01 
322 397 3.01 
322 454 3.01 
322 486 6.01 
322 497 14.01 
399 365 3.01 
399 486 7.01 
399 488 4.01 
399 490 7.01 
399 494 11.01 
399 495 12.01 
399 500 27.009999999999998 
26 102 3.01 
26 142 2.01 
26 234 0.01 
26 454 6.01 
26 471 6.01 
26 485 3.01 
26 490 8.01 
26 500 52.01 
102 94 2.01 
102 273 7.01 
102 303 2.01 
102 326 7.01 
102 416 3.01 
102 426 2.01 
102 487 5.01 
102 500 48.01 
142 13 3.01 
142 146 7.01 
142 204 4.01 
142 379 1.01 
142 462 1.01 
142 472 8.01 
142 494 16.009999999999998 
142 500 48.01 
292 278 3.01 
292 307 7.01 
292 431 5.01 
292 469 5.01 
292 493 23.009999999999998 
292 497 19.009999999999998 
292 498 26.009999999999998 
292 499 40.01 
350 316 2.01 
350 448 6.01 
350 464 7.01 
350 480 6.01 
350 482 5.01 
350 496 24.009999999999998 
350 497 14.01 
350 499 32.01 
411 74 2.01 
411 136 2.01 
411 286 0.01 
411 342 2.01 
411 376 3.01 
411 444 3.01 
411 499 34.01 
418 44 1.01 
418 327 5.01 
418 380 4.01 
418 386 2.01 
418 497 12.01 
418 498 13.01 
418 499 43.01 
437 74 1.01 
437 275 3.01 
437 331 6.01 
437 428 5.01 
437 484 7.01 
437 498 24.009999999999998 
437 499 28.009999999999998 
464 185 10.01 
464 212 5.01 
464 269 7.01 
464 395 7.01 
464 496 17.009999999999998 
464 498 51.01 
464 499 32.01 
28 163 2.01 
28 169 2.01 
28 427 1.01 
28 453 6.01 
28 458 8.01 
28 495 14.01 
28 500 36.01 
163 34 0.01 
163 165 2.01 
163 265 1.01 
163 366 0.01 
163 415 0.01 
163 471 8.01 
163 494 4.01 
163 500 47.01 
169 244 3.01 
169 371 1.01 
169 423 2.01 
169 427 4.01 
169 459 3.01 
169 462 1.01 
169 467 2.01 
169 500 40.01 
427 75 1.01 
427 260 0.01 
427 277 2.01 
427 408 5.01 
427 415 2.01 
427 491 6.01 
427 500 33.01 
453 174 8.01 
453 260 3.01 
453 317 2.01 
453 382 4.01 
453 422 5.01 
453 486 4.01 
453 500 38.01 
29 69 5.01 
29 103 1.01 
29 239 1.01 
29 376 0.01 
29 439 5.01 
29 485 6.01 
29 493 9.01 
29 500 55.01 
103 67 2.01 
103 224 4.01 
103 364 1.01 
103 381 0.01 
103 391 7.01 
103 470 3.01 
103 488 6.01 
103 500 39.01 
239 43 2.01 
239 78 6.01 
239 214 2.01 
239 333 2.01 
239 407 4.01 
239 413 5.01 
239 434 2.01 
239 500 31.009999999999998 
376 58 3.01 
376 329 2.01 
376 404 7.01 
376 407 1.01 
376 496 12.01 
376 497 17.009999999999998 
376 498 27.009999999999998 
376 499 47.01 
439 205 2.01 
439 375 2.01 
439 393 1.01 
439 398 1.01 
439 490 8.01 
439 498 15.01 
439 500 38.01 
30 285 4.01 
30 351 3.01 
30 378 1.01 
30 434 3.01 
30 462 8.01 
30 467 8.01 
30 481 9.01 
30 500 32.01 
285 121 2.01 
285 134 2.01 
285 184 7.01 
285 400 1.01 
285 477 2.01 
285 487 6.01 
285 495 7.01 
285 500 44.01 
351 111 4.01 
351 379 3.01 
351 420 5.01 
351 460 6.01 
351 478 6.01 
351 481 6.01 
351 488 7.01 
351 500 39.01 
434 161 1.01 
434 277 5.01 
434 398 2.01 
434 405 2.01 
434 480 4.01 
434 494 17.009999999999998 
434 500 27.009999999999998 
197 65 6.01 
197 115 7.01 
197 358 4.01 
197 429 5.01 
197 440 3.01 
197 469 5.01 
197 497 14.01 
197 499 57.01 
262 313 4.01 
262 316 2.01 
262 393 4.01 
262 475 5.01 
262 476 9.01 
262 483 10.01 
262 484 9.01 
262 499 37.01 
367 149 4.01 
367 431 6.01 
367 455 9.01 
367 457 10.01 
367 483 14.01 
367 497 21.009999999999998 
367 498 20.009999999999998 
367 499 36.01 
32 2 2.01 
32 267 0.01 
32 297 1.01 
32 433 2.01 
32 453 3.01 
32 473 10.01 
32 486 9.01 
32 500 43.01 
267 178 2.01 
267 219 2.01 
267 230 2.01 
267 434 3.01 
267 445 6.01 
267 486 9.01 
267 491 6.01 
267 500 37.01 
297 43 3.01 
297 95 4.01 
297 150 11.01 
297 203 1.01 
297 372 5.01 
297 462 10.01 
297 477 5.01 
297 500 30.009999999999998 
433 169 3.01 
433 323 5.01 
433 401 0.01 
433 453 5.01 
433 472 5.01 
433 473 9.01 
433 481 4.01 
473 110 8.01 
473 210 4.01 
473 219 15.01 
473 239 7.01 
473 302 7.01 
473 472 18.009999999999998 
473 500 46.01 
486 168 1.01 
486 336 7.01 
486 355 3.01 
486 371 6.01 
486 398 6.01 
486 465 5.01 
486 494 8.01 
33 107 3.01 
33 188 0.01 
33 312 2.01 
33 339 4.01 
33 340 4.01 
33 467 3.01 
33 499 13.01 
33 500 30.009999999999998 
107 50 3.01 
107 67 9.01 
107 389 3.01 
107 391 4.01 
107 417 2.01 
107 471 11.01 
107 472 5.01 
107 500 60.01 
188 128 5.01 
188 256 2.01 
188 454 7.01 
188 468 4.01 
188 481 5.01 
188 490 3.01 
188 494 5.01 
188 500 36.01 
312 68 2.01 
312 147 1.01 
312 362 3.01 
312 443 4.01 
312 449 4.01 
312 472 4.01 
312 477 1.01 
312 500 54.01 
81 35 2.01 
81 143 3.01 
81 182 1.01 
81 256 2.01 
81 378 5.01 
81 488 3.01 
81 495 14.01 
81 500 39.01 
274 186 0.01 
274 283 4.01 
274 392 6.01 
274 410 4.01 
274 456 4.01 
274 458 4.01 
274 485 10.01 
274 500 73.00999999999999 
288 4 4.01 
288 192 1.01 
288 257 1.01 
288 283 5.01 
288 381 5.01 
288 494 6.01 
288 499 27.009999999999998 
288 500 37.01 
349 2 6.01 
349 121 6.01 
349 186 1.01 
349 219 14.01 
349 359 3.01 
349 392 4.01 
349 488 2.01 
349 497 8.01 
35 124 0.01 
35 155 1.01 
35 250 1.01 
35 312 2.01 
35 389 2.01 
35 465 5.01 
35 491 6.01 
35 500 30.009999999999998 
124 54 3.01 
124 237 3.01 
124 445 2.01 
124 485 8.01 
124 491 4.01 
124 492 10.01 
124 495 10.01 
124 500 39.01 
155 77 5.01 
155 412 3.01 
155 422 3.01 
155 456 4.01 
155 481 5.01 
155 488 7.01 
155 495 8.01 
155 500 37.01 
250 133 2.01 
250 228 1.01 
250 405 1.01 
250 438 5.01 
250 486 9.01 
250 494 6.01 
250 495 11.01 
250 500 29.009999999999998 
389 148 5.01 
389 252 6.01 
389 289 4.01 
389 405 3.01 
389 415 4.01 
389 495 10.01 
389 500 29.009999999999998 
465 30 4.01 
465 172 1.01 
465 190 5.01 
465 439 3.01 
465 460 6.01 
465 482 10.01 
465 488 4.01 
36 298 1.01 
36 391 2.01 
36 445 2.01 
36 470 4.01 
36 473 16.009999999999998 
36 481 8.01 
36 490 5.01 
36 500 52.01 
298 220 1.01 
298 267 3.01 
298 273 0.01 
298 308 4.01 
298 318 5.01 
298 458 5.01 
298 488 1.01 
298 500 34.01 
391 193 2.01 
391 274 3.01 
391 410 3.01 
391 427 4.01 
391 431 4.01 
391 487 3.01 
391 488 8.01 
445 187 3.01 
445 214 3.01 
445 225 3.01 
445 301 2.01 
445 489 9.01 
445 491 7.01 
445 500 45.01 
470 116 1.01 
470 144 3.01 
470 347 4.01 
470 383 3.01 
470 397 7.01 
470 472 4.01 
470 500 41.01 
37 284 4.01 
37 404 5.01 
37 422 4.01 
37 439 6.01 
37 458 1.01 
37 477 7.01 
37 485 8.01 
37 500 39.01 
404 101 2.01 
404 374 9.01 
404 393 2.01 
404 440 2.01 
404 483 2.01 
404 497 12.01 
404 499 45.01 
422 66 1.01 
422 106 1.01 
422 129 8.01 
422 316 0.01 
422 413 6.01 
422 489 5.01 
422 500 27.009999999999998 
57 302 3.01 
57 333 4.01 
57 385 2.01 
57 412 3.01 
57 439 3.01 
57 477 7.01 
57 486 6.01 
57 497 12.01 
385 28 2.01 
385 209 5.01 
385 218 8.01 
385 274 5.01 
385 400 2.01 
385 415 4.01 
385 492 9.01 
385 500 29.009999999999998 
442 224 3.01 
442 318 10.01 
442 462 4.01 
442 470 8.01 
442 492 11.01 
442 494 5.01 
442 495 7.01 
456 348 8.01 
456 353 4.01 
456 381 3.01 
456 489 7.01 
456 492 7.01 
456 499 23.009999999999998 
456 500 90.00999999999999 
39 127 2.01 
39 163 0.01 
39 412 1.01 
39 434 0.01 
39 460 2.01 
39 472 4.01 
39 491 8.01 
39 500 33.01 
127 275 2.01 
127 347 8.01 
127 419 5.01 
127 455 3.01 
127 468 7.01 
127 480 8.01 
127 493 4.01 
127 499 43.01 
412 55 2.01 
412 264 7.01 
412 340 1.01 
412 430 4.01 
412 458 7.01 
412 499 19.009999999999998 
412 500 24.009999999999998 
472 88 3.01 
472 273 1.01 
472 280 7.01 
472 315 4.01 
472 401 4.01 
472 465 6.01 
472 500 26.009999999999998 
40 1 2.01 
40 52 1.01 
40 205 2.01 
40 311 2.01 
40 339 0.01 
40 446 0.01 
40 485 12.01 
40 500 40.01 
52 157 3.01 
52 271 3.01 
52 347 3.01 
52 352 2.01 
52 366 5.01 
52 475 6.01 
52 496 9.01 
52 499 43.01 
205 351 5.01 
205 417 3.01 
205 420 2.01 
205 449 5.01 
205 471 4.01 
205 495 7.01 
205 500 47.01 
311 276 8.01 
311 328 4.01 
311 415 4.01 
311 420 2.01 
311 438 5.01 
311 490 7.01 
311 494 6.01 
311 500 41.01 
446 211 13.01 
446 337 3.01 
446 342 8.01 
446 440 6.01 
446 464 7.01 
446 475 5.01 
446 499 27.009999999999998 
41 57 1.01 
41 315 5.01 
41 390 4.01 
41 420 6.01 
41 423 5.01 
41 458 4.01 
41 490 6.01 
41 500 41.01 
315 24 1.01 
315 224 3.01 
315 281 2.01 
315 338 2.01 
315 414 5.01 
315 460 3.01 
315 487 6.01 
315 500 40.01 
420 117 14.01 
420 153 1.01 
420 300 2.01 
420 495 3.01 
420 496 7.01 
420 500 43.01 
423 62 5.01 
423 170 4.01 
423 328 4.01 
423 422 7.01 
423 477 9.01 
423 491 15.01 
423 500 39.01 
42 358 4.01 
42 387 4.01 
42 451 4.01 
42 479 5.01 
42 483 4.01 
42 493 10.01 
42 497 18.009999999999998 
42 499 66.00999999999999 
358 5 5.01 
358 135 2.01 
358 304 7.01 
358 361 7.01 
358 482 11.01 
358 494 3.01 
358 498 17.009999999999998 
358 499 41.01 
451 132 4.01 
451 229 4.01 
451 409 6.01 
451 437 3.01 
451 476 5.01 
451 496 19.009999999999998 
451 498 32.01 
43 1 3.01 
43 177 3.01 
43 184 4.01 
43 279 3.01 
43 420 3.01 
43 487 7.01 
43 498 13.01 
43 500 28.009999999999998 
177 148 5.01 
177 153 3.01 
177 161 2.01 
177 286 2.01 
177 425 0.01 
177 487 5.01 
177 495 8.01 
177 500 28.009999999999998 
279 230 3.01 
279 265 1.01 
279 300 3.01 
279 314 2.01 
279 377 3.01 
279 481 9.01 
279 494 7.01 
279 500 36.01 
44 341 3.01 
44 342 4.01 
44 350 4.01 
44 418 3.01 
44 441 4.01 
44 469 2.01 
44 496 17.009999999999998 
44 499 40.01 
341 11 5.01 
341 363 4.01 
341 380 5.01 
341 429 7.01 
341 468 1.01 
341 496 13.01 
341 497 24.009999999999998 
341 499 42.01 
342 113 8.01 
342 157 6.01 
342 240 1.01 
342 368 5.01 
342 393 5.01 
342 497 6.01 
342 498 18.009999999999998 
342 499 39.01 
45 395 6.01 
45 409 4.01 
45 428 2.01 
45 441 0.01 
45 493 5.01 
45 496 22.009999999999998 
45 497 15.01 
45 499 38.01 
409 167 1.01 
409 384 5.01 
409 429 2.01 
409 482 7.01 
409 497 24.009999999999998 
409 498 20.009999999999998 
409 499 44.01 
428 233 2.01 
428 305 5.01 
428 386 6.01 
428 474 6.01 
428 483 10.01 
428 493 16.009999999999998 
428 499 31.009999999999998 
46 167 2.01 
46 356 5.01 
46 439 1.01 
46 448 4.01 
46 452 4.01 
46 461 4.01 
46 498 30.009999999999998 
46 499 31.009999999999998 
167 243 6.01 
167 347 4.01 
167 374 3.01 
167 474 4.01 
167 476 5.01 
167 496 10.01 
167 497 17.009999999999998 
167 499 37.01 
47 3 2.01 
47 418 4.01 
47 424 1.01 
47 479 5.01 
47 496 18.009999999999998 
47 497 17.009999999999998 
47 498 27.009999999999998 
47 499 38.01 
424 15 1.01 
424 140 3.01 
424 431 5.01 
424 447 4.01 
424 457 4.01 
424 493 6.01 
424 500 25.009999999999998 
48 183 1.01 
48 251 1.01 
48 329 2.01 
48 448 3.01 
48 468 7.01 
48 496 19.009999999999998 
48 498 35.01 
48 499 41.01 
183 58 0.01 
183 235 2.01 
183 355 1.01 
183 424 4.01 
183 463 5.01 
183 464 3.01 
183 483 3.01 
183 499 34.01 
251 48 1.01 
251 246 4.01 
251 321 3.01 
251 421 3.01 
251 435 3.01 
251 463 5.01 
251 498 17.009999999999998 
251 499 30.009999999999998 
329 5 11.01 
329 243 6.01 
329 347 4.01 
329 411 6.01 
329 447 5.01 
329 496 15.01 
329 497 17.009999999999998 
329 499 32.01 
258 199 1.01 
258 207 3.01 
258 225 2.01 
258 330 4.01 
258 379 6.01 
258 489 5.01 
258 499 28.009999999999998 
258 500 41.01 
50 41 5.01 
50 68 9.01 
50 217 3.01 
50 318 2.01 
50 417 2.01 
50 486 2.01 
50 492 7.01 
50 500 33.01 
68 41 5.01 
68 146 5.01 
68 201 1.01 
68 330 2.01 
68 377 6.01 
68 402 2.01 
68 491 5.01 
68 500 38.01 
217 117 3.01 
217 228 0.01 
217 340 1.01 
217 375 3.01 
217 420 7.01 
217 423 2.01 
217 485 10.01 
217 500 42.01 
318 90 1.01 
318 131 8.01 
318 207 8.01 
318 300 3.01 
318 375 2.01 
318 385 2.01 
318 489 9.01 
318 500 33.01 
417 286 4.01 
417 370 5.01 
417 383 2.01 
417 400 6.01 
417 414 1.01 
417 416 3.01 
417 491 5.01 
76 208 4.01 
76 268 4.01 
76 327 4.01 
76 394 4.01 
76 451 1.01 
76 468 5.01 
76 496 16.009999999999998 
76 499 34.01 
268 139 7.01 
268 307 6.01 
268 363 3.01 
268 406 7.01 
268 446 5.01 
268 484 6.01 
268 497 24.009999999999998 
268 499 43.01 
365 8 4.01 
365 152 4.01 
365 202 3.01 
365 363 4.01 
365 395 6.01 
365 484 9.01 
365 498 25.009999999999998 
365 499 35.01 
157 10 5.01 
157 134 3.01 
157 436 6.01 
157 464 4.01 
157 468 5.01 
157 496 11.01 
157 498 25.009999999999998 
157 499 38.01 
271 82 10.01 
271 424 1.01 
271 425 5.01 
271 428 3.01 
271 469 6.01 
271 479 3.01 
271 498 31.009999999999998 
271 499 30.009999999999998 
347 42 3.01 
347 208 2.01 
347 367 3.01 
347 444 5.01 
347 493 17.009999999999998 
347 496 11.01 
347 498 19.009999999999998 
347 499 45.01 
366 223 5.01 
366 271 14.01 
366 292 3.01 
366 431 8.01 
366 463 8.01 
366 469 2.01 
366 493 14.01 
366 499 42.01 
53 28 5.01 
53 362 3.01 
53 453 2.01 
53 460 6.01 
53 481 12.01 
53 492 8.01 
53 495 11.01 
53 500 40.01 
54 141 1.01 
54 331 2.01 
54 350 6.01 
54 452 8.01 
54 464 0.01 
54 493 16.009999999999998 
54 498 22.009999999999998 
54 499 58.01 
141 44 3.01 
141 80 2.01 
141 149 1.01 
141 321 2.01 
141 344 1.01 
141 448 6.01 
141 457 2.01 
141 499 28.009999999999998 
331 301 8.01 
331 424 7.01 
331 463 6.01 
331 468 2.01 
331 474 8.01 
331 484 10.01 
331 497 7.01 
331 499 38.01 
55 53 1.01 
55 78 3.01 
55 209 1.01 
55 408 1.01 
55 443 5.01 
55 472 3.01 
55 495 9.01 
55 500 26.009999999999998 
78 131 1.01 
78 146 4.01 
78 203 1.01 
78 315 3.01 
78 326 0.01 
78 381 2.01 
78 477 2.01 
78 500 37.01 
209 104 2.01 
209 221 3.01 
209 279 3.01 
209 382 2.01 
209 477 4.01 
209 494 7.01 
209 495 3.01 
209 500 34.01 
408 240 3.01 
408 248 4.01 
408 291 8.01 
408 465 2.01 
408 486 7.01 
408 490 6.01 
408 500 42.01 
443 90 0.01 
443 192 1.01 
443 462 7.01 
443 472 8.01 
443 490 4.01 
443 493 7.01 
443 500 32.01 
56 68 2.01 
56 209 2.01 
56 275 3.01 
56 383 7.01 
56 489 1.01 
56 494 7.01 
56 495 10.01 
56 500 42.01 
275 212 5.01 
275 332 4.01 
275 367 9.01 
275 411 5.01 
275 437 10.01 
275 452 5.01 
275 493 12.01 
275 499 44.01 
383 100 3.01 
383 137 1.01 
383 195 4.01 
383 218 3.01 
383 481 3.01 
383 487 8.01 
383 491 5.01 
383 500 39.01 
333 26 6.01 
333 420 1.01 
333 442 3.01 
333 471 5.01 
333 486 4.01 
333 491 3.01 
333 498 16.009999999999998 
333 500 55.01 
58 134 1.01 
58 233 5.01 
58 337 2.01 
58 419 3.01 
58 447 3.01 
58 496 14.01 
58 498 28.009999999999998 
58 499 47.01 
134 125 3.01 
134 263 10.01 
134 356 7.01 
134 409 3.01 
134 430 1.01 
134 468 6.01 
134 498 30.009999999999998 
134 499 92.00999999999999 
233 136 6.01 
233 266 5.01 
233 299 4.01 
233 421 4.01 
233 457 3.01 
233 484 3.01 
233 498 27.009999999999998 
233 499 35.01 
337 369 2.01 
337 403 4.01 
337 428 5.01 
337 435 3.01 
337 457 7.01 
337 496 6.01 
337 498 18.009999999999998 
337 499 71.00999999999999 
447 254 4.01 
447 407 5.01 
447 470 3.01 
447 482 10.01 
447 493 12.01 
447 496 12.01 
447 499 34.01 
59 253 5.01 
59 407 7.01 
59 451 7.01 
59 476 5.01 
59 483 3.01 
59 484 6.01 
59 497 18.009999999999998 
59 499 41.01 
253 59 4.01 
253 194 5.01 
253 363 5.01 
253 429 1.01 
253 484 10.01 
253 491 0.01 
253 498 19.009999999999998 
253 499 29.009999999999998 
407 246 2.01 
407 450 6.01 
407 451 8.01 
407 483 4.01 
407 497 16.009999999999998 
407 498 23.009999999999998 
407 499 33.01 
476 200 2.01 
476 394 4.01 
476 421 9.01 
476 450 8.01 
476 461 12.01 
476 484 3.01 
476 499 31.009999999999998 
60 103 4.01 
60 110 3.01 
60 296 8.01 
60 357 6.01 
60 392 6.01 
60 469 3.01 
60 489 7.01 
60 500 53.01 
110 36 5.01 
110 244 4.01 
110 381 3.01 
110 433 1.01 
110 473 8.01 
110 485 8.01 
110 493 8.01 
110 500 52.01 
296 88 3.01 
296 216 5.01 
296 222 8.01 
296 364 3.01 
296 416 6.01 
296 423 3.01 
296 500 36.01 
357 145 1.01 
357 258 1.01 
357 282 4.01 
357 289 2.01 
357 307 2.01 
357 438 4.01 
357 458 4.01 
357 500 28.009999999999998 
392 279 7.01 
392 280 6.01 
392 334 2.01 
392 438 2.01 
392 456 15.01 
392 477 5.01 
392 500 43.01 
61 185 2.01 
61 262 3.01 
61 266 3.01 
61 437 7.01 
61 441 4.01 
61 468 3.01 
61 498 19.009999999999998 
61 499 45.01 
185 211 2.01 
185 268 4.01 
185 394 3.01 
185 406 4.01 
185 432 2.01 
185 446 11.01 
185 496 17.009999999999998 
185 499 44.01 
62 147 2.01 
62 245 1.01 
62 276 3.01 
62 317 1.01 
62 434 2.01 
62 487 10.01 
62 498 12.01 
62 499 26.009999999999998 
147 201 3.01 
147 282 1.01 
147 326 5.01 
147 346 3.01 
147 396 7.01 
147 481 7.01 
147 492 5.01 
147 500 32.01 
245 103 5.01 
245 217 4.01 
245 296 7.01 
245 391 4.01 
245 430 2.01 
245 460 4.01 
245 473 11.01 
245 481 9.01 
276 148 0.01 
276 160 4.01 
276 335 6.01 
276 378 2.01 
276 473 5.01 
276 487 5.01 
276 491 16.009999999999998 
276 500 48.01 
317 4 3.01 
317 125 2.01 
317 189 3.01 
317 230 3.01 
317 343 6.01 
317 449 1.01 
317 470 3.01 
317 495 13.01 
63 144 4.01 
63 412 1.01 
63 422 4.01 
63 461 4.01 
63 471 9.01 
63 475 6.01 
63 489 6.01 
63 500 47.01 
144 132 0.01 
144 367 3.01 
144 382 2.01 
144 426 4.01 
144 430 6.01 
144 481 5.01 
144 492 8.01 
144 500 40.01 
64 76 6.01 
64 305 4.01 
64 321 3.01 
64 386 6.01 
64 480 9.01 
64 496 17.009999999999998 
64 498 21.009999999999998 
64 499 31.009999999999998 
305 113 1.01 
305 301 4.01 
305 403 2.01 
305 441 8.01 
305 476 4.01 
305 496 11.01 
305 497 25.009999999999998 
305 499 38.01 
321 263 8.01 
321 301 3.01 
321 320 2.01 
321 331 9.01 
321 361 3.01 
321 451 8.01 
321 483 6.01 
321 499 92.00999999999999 
386 189 1.01 
386 235 3.01 
386 393 9.01 
386 475 4.01 
386 480 4.01 
386 497 14.01 
386 498 19.009999999999998 
386 499 30.009999999999998 
65 84 6.01 
65 91 12.01 
65 97 3.01 
65 162 13.01 
65 476 3.01 
65 496 12.01 
65 497 21.009999999999998 
65 499 121.00999999999999 
84 113 4.01 
84 316 2.01 
84 437 3.01 
84 450 3.01 
84 457 4.01 
84 480 9.01 
84 498 21.009999999999998 
84 499 42.01 
91 42 4.01 
91 136 2.01 
91 171 3.01 
91 266 3.01 
91 441 4.01 
91 483 11.01 
91 498 25.009999999999998 
91 499 39.01 
97 156 0.01 
97 181 2.01 
97 338 2.01 
97 402 3.01 
97 466 5.01 
97 480 7.01 
97 498 21.009999999999998 
97 499 27.009999999999998 
162 47 3.01 
162 96 4.01 
162 295 5.01 
162 319 5.01 
162 409 3.01 
162 464 8.01 
162 496 25.009999999999998 
162 499 40.01 
66 324 1.01 
66 340 6.01 
66 351 3.01 
66 357 0.01 
66 473 8.01 
66 486 7.01 
66 490 14.01 
66 500 41.01 
324 192 3.01 
324 244 8.01 
324 441 0.01 
324 449 3.01 
324 467 4.01 
324 478 5.01 
324 485 10.01 
324 500 26.009999999999998 
67 21 1.01 
67 109 2.01 
67 198 3.01 
67 231 4.01 
67 417 4.01 
67 433 3.01 
67 462 3.01 
67 500 44.01 
109 81 2.01 
109 297 2.01 
109 322 6.01 
109 396 4.01 
109 427 2.01 
109 467 2.01 
109 494 4.01 
109 500 30.009999999999998 
146 177 3.01 
146 215 0.01 
146 401 3.01 
146 445 3.01 
146 462 2.01 
146 488 5.01 
146 489 4.01 
146 500 36.01 
201 164 2.01 
201 442 7.01 
201 459 7.01 
201 473 7.01 
201 474 3.01 
201 494 8.01 
201 498 13.01 
201 500 49.01 
330 191 4.01 
330 245 4.01 
330 375 2.01 
330 396 5.01 
330 405 1.01 
330 486 9.01 
330 489 6.01 
330 500 26.009999999999998 
377 62 3.01 
377 145 8.01 
377 207 3.01 
377 264 1.01 
377 290 0.01 
377 494 11.01 
377 500 28.009999999999998 
104 35 0.01 
104 120 2.01 
104 164 0.01 
104 221 6.01 
104 242 3.01 
104 306 2.01 
104 477 6.01 
104 500 37.01 
193 21 2.01 
193 38 1.01 
193 222 7.01 
193 285 5.01 
193 345 2.01 
193 477 4.01 
193 489 3.01 
193 500 27.009999999999998 
272 70 3.01 
272 129 1.01 
272 241 2.01 
272 252 1.01 
272 389 7.01 
272 422 4.01 
272 450 1.01 
272 500 38.01 
309 13 1.01 
309 284 1.01 
309 357 4.01 
309 372 2.01 
309 473 5.01 
309 495 8.01 
309 500 47.01 
70 63 2.01 
70 120 2.01 
70 178 3.01 
70 285 0.01 
70 326 2.01 
70 427 3.01 
70 470 3.01 
70 500 40.01 
120 345 3.01 
120 359 1.01 
120 399 2.01 
120 439 1.01 
120 473 8.01 
120 487 4.01 
120 490 5.01 
120 500 41.01 
178 53 0.01 
178 142 5.01 
178 277 2.01 
178 287 1.01 
178 335 1.01 
178 494 5.01 
178 495 6.01 
178 500 34.01 
326 56 7.01 
326 180 1.01 
326 303 8.01 
326 309 4.01 
326 383 0.01 
326 418 1.01 
326 486 5.01 
326 500 37.01 
71 191 3.01 
71 195 5.01 
71 283 3.01 
71 297 0.01 
71 312 4.01 
71 349 4.01 
71 486 4.01 
71 500 37.01 
191 270 4.01 
191 335 2.01 
191 373 2.01 
191 442 3.01 
191 453 3.01 
191 481 7.01 
191 489 5.01 
191 500 35.01 
195 73 0.01 
195 203 1.01 
195 247 2.01 
195 291 0.01 
195 360 2.01 
195 408 5.01 
195 500 36.01 
72 32 1.01 
72 306 2.01 
72 310 2.01 
72 317 2.01 
72 438 1.01 
72 492 13.01 
72 495 3.01 
72 500 35.01 
306 60 6.01 
306 73 1.01 
306 85 2.01 
306 415 1.01 
306 423 2.01 
306 426 2.01 
306 489 11.01 
306 500 37.01 
310 422 2.01 
310 423 5.01 
310 477 2.01 
310 487 5.01 
310 490 6.01 
310 491 5.01 
310 495 13.01 
310 500 43.01 
438 53 4.01 
438 239 3.01 
438 388 3.01 
438 410 4.01 
438 488 7.01 
438 490 7.01 
438 500 42.01 
73 14 7.01 
73 138 3.01 
73 391 1.01 
73 443 4.01 
73 454 1.01 
73 467 2.01 
73 481 6.01 
73 500 45.01 
74 5 4.01 
74 235 4.01 
74 294 9.01 
74 431 3.01 
74 469 2.01 
74 493 9.01 
74 496 14.01 
74 499 33.01 
235 194 3.01 
235 253 6.01 
235 264 0.01 
235 461 7.01 
235 474 8.01 
235 483 6.01 
235 498 22.009999999999998 
235 499 31.009999999999998 
294 54 5.01 
294 61 3.01 
294 127 4.01 
294 162 7.01 
294 370 3.01 
294 432 5.01 
294 482 13.01 
294 499 97.00999999999999 
431 152 3.01 
431 287 3.01 
431 418 5.01 
431 436 5.01 
431 448 4.01 
431 479 4.01 
431 499 40.01 
75 82 4.01 
75 135 8.01 
75 411 6.01 
75 424 4.01 
75 429 4.01 
75 475 4.01 
75 496 13.01 
75 499 33.01 
82 259 3.01 
82 294 9.01 
82 331 6.01 
82 370 3.01 
82 425 3.01 
82 447 7.01 
82 469 6.01 
82 499 27.009999999999998 
135 137 1.01 
135 424 11.01 
135 432 8.01 
135 447 7.01 
135 455 4.01 
135 464 7.01 
135 480 1.01 
135 499 26.009999999999998 
429 8 8.01 
429 15 3.01 
429 105 3.01 
429 342 3.01 
429 393 1.01 
429 476 7.01 
429 499 40.01 
208 202 4.01 
208 369 9.01 
208 393 3.01 
208 421 1.01 
208 441 2.01 
208 451 5.01 
208 452 6.01 
208 499 57.01 
327 3 1.01 
327 76 2.01 
327 278 2.01 
327 368 4.01 
327 421 3.01 
327 483 8.01 
327 498 24.009999999999998 
327 499 36.01 
77 37 3.01 
77 227 0.01 
77 255 2.01 
77 309 1.01 
77 406 2.01 
77 449 2.01 
77 453 1.01 
77 500 46.01 
227 173 3.01 
227 232 1.01 
227 298 4.01 
227 310 4.01 
227 359 5.01 
227 480 1.01 
227 488 2.01 
227 500 41.01 
255 276 2.01 
255 311 10.01 
255 353 3.01 
255 488 3.01 
255 490 9.01 
255 491 11.01 
255 495 7.01 
255 500 28.009999999999998 
406 158 4.01 
406 190 2.01 
406 338 5.01 
406 380 5.01 
406 466 5.01 
406 480 5.01 
406 490 2.01 
131 160 2.01 
131 180 3.01 
131 250 3.01 
131 291 4.01 
131 401 4.01 
131 459 3.01 
131 491 7.01 
131 500 37.01 
203 116 8.01 
203 188 0.01 
203 216 5.01 
203 311 4.01 
203 325 7.01 
203 485 8.01 
203 500 46.01 
381 26 4.01 
381 309 3.01 
381 334 2.01 
381 430 2.01 
381 473 8.01 
381 494 7.01 
381 496 10.01 
381 500 56.01 
79 152 6.01 
79 338 4.01 
79 341 4.01 
79 404 3.01 
79 444 6.01 
79 463 5.01 
79 480 11.01 
79 499 42.01 
152 156 5.01 
152 295 9.01 
152 344 2.01 
152 480 6.01 
152 493 14.01 
152 497 12.01 
152 498 18.009999999999998 
152 499 34.01 
338 101 5.01 
338 236 3.01 
338 354 3.01 
338 376 5.01 
338 384 5.01 
338 435 4.01 
338 498 17.009999999999998 
338 499 32.01 
463 52 3.01 
463 59 4.01 
463 313 3.01 
463 361 4.01 
463 484 9.01 
463 493 7.01 
463 499 28.009999999999998 
80 151 3.01 
80 269 3.01 
80 356 1.01 
80 455 2.01 
80 493 19.009999999999998 
80 497 12.01 
80 498 25.009999999999998 
80 499 54.01 
151 16 0.01 
151 48 2.01 
151 92 6.01 
151 167 5.01 
151 355 4.01 
151 480 4.01 
151 498 25.009999999999998 
151 499 42.01 
269 51 2.01 
269 82 3.01 
269 212 9.01 
269 223 1.01 
269 292 6.01 
269 332 4.01 
269 403 2.01 
269 499 53.01 
455 262 1.01 
455 395 7.01 
455 411 4.01 
455 452 6.01 
455 490 0.01 
455 497 17.009999999999998 
455 499 46.01 
143 260 4.01 
143 284 2.01 
143 296 1.01 
143 328 2.01 
143 414 1.01 
143 477 4.01 
143 495 10.01 
143 500 44.01 
182 17 1.01 
182 325 5.01 
182 399 3.01 
182 472 6.01 
182 481 6.01 
182 492 10.01 
182 494 9.01 
182 500 33.01 
259 20 5.01 
259 321 4.01 
259 370 3.01 
259 419 2.01 
259 497 8.01 
259 498 24.009999999999998 
259 499 44.01 
259 500 34.01 
370 65 6.01 
370 75 2.01 
370 86 4.01 
370 337 3.01 
370 461 3.01 
370 493 9.01 
370 498 26.009999999999998 
370 499 41.01 
113 80 4.01 
113 246 2.01 
113 278 5.01 
113 368 8.01 
113 446 5.01 
113 464 3.01 
113 498 18.009999999999998 
113 499 33.01 
316 64 2.01 
316 304 1.01 
316 394 3.01 
316 403 3.01 
316 425 2.01 
316 480 12.01 
316 498 21.009999999999998 
316 499 33.01 
457 74 1.01 
457 234 2.01 
457 374 4.01 
457 386 5.01 
457 436 5.01 
457 450 11.01 
457 468 6.01 
85 198 5.01 
85 242 5.01 
85 373 2.01 
85 400 6.01 
85 417 8.01 
85 457 2.01 
85 491 6.01 
85 500 39.01 
242 107 2.01 
242 228 2.01 
242 248 4.01 
242 357 2.01 
242 392 9.01 
242 414 3.01 
242 478 8.01 
242 500 65.00999999999999 
400 14 1.01 
400 109 3.01 
400 281 5.01 
400 405 1.01 
400 438 8.01 
400 500 33.01 
86 79 0.01 
86 352 3.01 
86 368 7.01 
86 394 5.01 
86 448 4.01 
86 497 14.01 
86 498 29.009999999999998 
86 499 36.01 
368 246 9.01 
368 394 4.01 
368 425 5.01 
368 446 7.01 
368 466 4.01 
368 483 5.01 
368 496 21.009999999999998 
368 499 36.01 
87 6 2.01 
87 35 2.01 
87 108 5.01 
87 216 1.01 
87 433 1.01 
87 437 4.01 
87 492 9.01 
87 500 29.009999999999998 
108 21 3.01 
108 120 7.01 
108 281 0.01 
108 294 0.01 
108 391 3.01 
108 427 2.01 
108 477 6.01 
108 500 35.01 
216 72 2.01 
216 288 2.01 
216 336 2.01 
216 352 2.01 
216 416 6.01 
216 488 7.01 
216 500 40.01 
88 168 3.01 
88 274 3.01 
88 444 1.01 
88 473 8.01 
88 477 4.01 
88 478 4.01 
88 492 4.01 
88 500 39.01 
168 94 1.01 
168 195 1.01 
168 200 1.01 
168 390 3.01 
168 483 3.01 
168 485 6.01 
168 494 9.01 
168 500 48.01 
89 4 2.01 
89 232 0.01 
89 410 5.01 
89 445 3.01 
89 458 4.01 
89 485 6.01 
89 499 19.009999999999998 
89 500 46.01 
232 25 3.01 
232 174 1.01 
232 322 4.01 
232 388 3.01 
232 433 5.01 
232 486 3.01 
232 495 14.01 
232 500 33.01 
410 323 6.01 
410 348 9.01 
410 491 5.01 
410 492 12.01 
410 498 7.01 
410 500 98.00999999999999 
90 17 2.01 
90 213 2.01 
90 255 3.01 
90 439 5.01 
90 481 5.01 
90 487 7.01 
90 489 7.01 
90 500 29.009999999999998 
213 154 0.01 
213 241 2.01 
213 317 3.01 
213 389 3.01 
213 427 3.01 
213 433 4.01 
213 500 46.01 
136 206 5.01 
136 293 5.01 
136 404 6.01 
136 428 2.01 
136 437 7.01 
136 497 20.009999999999998 
136 498 18.009999999999998 
136 499 39.01 
171 404 0.01 
171 432 3.01 
171 444 4.01 
171 457 3.01 
171 479 3.01 
171 498 22.009999999999998 
171 499 40.01 
171 500 30.009999999999998 
92 299 3.01 
92 320 2.01 
92 406 1.01 
92 469 4.01 
92 474 2.01 
92 497 11.01 
92 498 21.009999999999998 
92 499 35.01 
299 18 2.01 
299 139 9.01 
299 185 3.01 
299 233 3.01 
299 421 8.01 
299 450 7.01 
299 476 8.01 
299 497 30.009999999999998 
93 56 1.01 
93 227 3.01 
93 230 2.01 
93 322 3.01 
93 399 4.01 
93 442 5.01 
93 495 6.01 
93 500 37.01 
230 19 1.01 
230 77 1.01 
230 155 7.01 
230 203 4.01 
230 308 1.01 
230 434 2.01 
230 485 11.01 
230 500 39.01 
345 159 10.01 
345 175 3.01 
345 339 3.01 
345 398 2.01 
345 465 8.01 
345 494 6.01 
345 500 24.009999999999998 
95 60 9.01 
95 71 3.01 
95 388 2.01 
95 392 7.01 
95 414 0.01 
95 454 4.01 
95 487 10.01 
95 500 73.00999999999999 
388 117 4.01 
388 187 2.01 
388 280 3.01 
388 346 3.01 
388 416 5.01 
388 472 14.01 
388 500 41.01 
414 302 2.01 
414 349 4.01 
414 382 2.01 
414 467 6.01 
414 492 6.01 
414 493 5.01 
414 494 9.01 
96 16 1.01 
96 20 2.01 
96 172 4.01 
96 176 3.01 
96 211 3.01 
96 455 9.01 
96 496 18.009999999999998 
96 499 44.01 
172 122 5.01 
172 261 4.01 
172 341 2.01 
172 384 7.01 
172 475 12.01 
172 480 7.01 
172 494 9.01 
172 496 29.009999999999998 
176 84 7.01 
176 229 1.01 
176 403 7.01 
176 480 2.01 
176 496 20.009999999999998 
176 497 10.01 
176 498 25.009999999999998 
176 499 37.01 
211 151 3.01 
211 185 6.01 
211 194 4.01 
211 320 1.01 
211 440 4.01 
211 474 9.01 
211 479 7.01 
211 499 44.01 
156 261 0.01 
156 305 5.01 
156 316 1.01 
156 365 5.01 
156 450 2.01 
156 463 2.01 
156 464 6.01 
156 468 2.01 
98 211 3.01 
98 295 2.01 
98 304 3.01 
98 446 10.01 
98 468 5.01 
98 482 5.01 
98 498 24.009999999999998 
98 499 35.01 
295 447 5.01 
295 479 9.01 
295 480 4.01 
295 484 9.01 
295 496 19.009999999999998 
295 497 17.009999999999998 
295 498 26.009999999999998 
295 499 34.01 
99 193 5.01 
99 286 7.01 
99 303 4.01 
99 343 2.01 
99 348 6.01 
99 398 7.01 
99 488 5.01 
99 500 74.00999999999999 
286 339 0.01 
286 398 6.01 
286 462 7.01 
286 478 4.01 
286 489 6.01 
286 490 11.01 
286 494 6.01 
286 500 46.01 
303 145 0.01 
303 254 5.01 
303 377 11.01 
303 396 1.01 
303 433 3.01 
303 454 2.01 
303 493 9.01 
303 500 42.01 
398 453 3.01 
398 481 9.01 
398 492 7.01 
398 494 11.01 
398 495 11.01 
398 496 6.01 
398 500 28.009999999999998 
100 86 3.01 
100 365 5.01 
100 384 3.01 
100 444 5.01 
100 483 14.01 
100 484 10.01 
100 498 15.01 
100 499 38.01 
384 11 6.01 
384 118 2.01 
384 332 2.01 
384 425 3.01 
384 474 6.01 
384 484 10.01 
384 498 28.009999999999998 
384 499 37.01 
101 27 2.01 
101 206 3.01 
101 236 6.01 
101 378 3.01 
101 419 8.01 
101 496 19.009999999999998 
101 498 18.009999999999998 
101 499 43.01 
206 96 1.01 
206 332 1.01 
206 367 4.01 
206 387 5.01 
206 395 7.01 
206 475 4.01 
206 476 4.01 
206 499 48.01 
236 51 6.01 
236 156 2.01 
236 387 5.01 
236 463 6.01 
236 469 7.01 
236 493 22.009999999999998 
236 497 18.009999999999998 
236 499 36.01 
273 56 3.01 
273 193 2.01 
273 205 3.01 
273 378 3.01 
273 476 3.01 
273 485 13.01 
273 495 5.01 
273 500 40.01 
416 210 4.01 
416 223 3.01 
416 415 3.01 
416 449 2.01 
416 488 7.01 
416 499 24.009999999999998 
416 500 34.01 
426 15 0.01 
426 40 10.01 
426 89 2.01 
426 258 2.01 
426 360 2.01 
426 482 4.01 
426 500 29.009999999999998 
224 64 1.01 
224 302 2.01 
224 378 1.01 
224 401 4.01 
224 417 1.01 
224 456 4.01 
224 478 3.01 
224 500 27.009999999999998 
164 37 1.01 
164 102 3.01 
164 224 6.01 
164 238 1.01 
164 410 0.01 
164 449 4.01 
164 454 5.01 
164 500 33.01 
221 237 3.01 
221 458 4.01 
221 460 3.01 
221 467 7.01 
221 479 5.01 
221 486 10.01 
221 495 16.009999999999998 
221 500 30.009999999999998 
105 83 9.01 
105 337 4.01 
105 352 4.01 
105 402 3.01 
105 484 8.01 
105 497 12.01 
105 498 26.009999999999998 
105 499 35.01 
106 50 1.01 
106 72 2.01 
106 357 3.01 
106 364 2.01 
106 478 4.01 
106 485 8.01 
106 494 12.01 
106 500 61.01 
281 213 3.01 
281 225 4.01 
281 371 3.01 
281 454 5.01 
281 472 3.01 
281 473 6.01 
281 496 12.01 
281 500 42.01 
396 119 4.01 
396 201 8.01 
396 346 5.01 
396 430 5.01 
396 435 2.01 
396 489 6.01 
396 500 39.01 
244 55 1.01 
244 67 0.01 
244 270 6.01 
244 408 1.01 
244 471 13.01 
244 489 4.01 
244 491 4.01 
244 500 46.01 
264 12 5.01 
264 242 4.01 
264 387 5.01 
264 401 4.01 
264 478 2.01 
264 485 2.01 
264 495 5.01 
264 500 43.01 
291 373 5.01 
291 412 3.01 
291 413 4.01 
291 462 4.01 
291 486 3.01 
291 489 8.01 
291 492 14.01 
291 500 32.01 
335 227 4.01 
335 244 3.01 
335 318 3.01 
335 442 5.01 
335 470 2.01 
335 472 2.01 
335 473 11.01 
335 500 32.01 
187 49 3.01 
187 213 3.01 
187 288 0.01 
187 371 3.01 
187 372 3.01 
187 397 2.01 
187 495 11.01 
187 500 37.01 
246 27 3.01 
246 261 3.01 
246 386 3.01 
246 403 3.01 
246 452 4.01 
246 466 9.01 
246 483 4.01 
246 499 36.01 
278 295 4.01 
278 299 2.01 
278 461 12.01 
278 463 3.01 
278 475 7.01 
278 493 15.01 
278 496 11.01 
278 499 34.01 
125 97 3.01 
125 190 1.01 
125 287 7.01 
125 369 9.01 
125 474 7.01 
125 479 5.01 
125 497 14.01 
125 499 53.01 
115 46 4.01 
115 271 2.01 
115 313 2.01 
115 409 2.01 
115 461 5.01 
115 497 12.01 
115 498 20.009999999999998 
115 499 32.01 
116 155 1.01 
116 161 2.01 
116 311 6.01 
116 485 10.01 
116 488 6.01 
116 494 4.01 
116 499 24.009999999999998 
116 500 42.01 
161 128 2.01 
161 315 2.01 
161 333 1.01 
161 343 0.01 
161 351 3.01 
161 454 1.01 
161 462 6.01 
161 500 49.01 
117 173 5.01 
117 218 1.01 
117 228 8.01 
117 270 4.01 
117 385 2.01 
117 456 5.01 
117 465 3.01 
173 30 0.01 
173 57 4.01 
173 314 2.01 
173 332 2.01 
173 443 0.01 
173 485 12.01 
173 489 7.01 
173 500 41.01 
218 36 2.01 
218 39 4.01 
218 282 1.01 
218 422 3.01 
218 443 8.01 
218 490 4.01 
218 491 4.01 
218 500 26.009999999999998 
228 87 1.01 
228 96 0.01 
228 99 2.01 
228 389 0.01 
228 439 2.01 
228 489 7.01 
228 491 2.01 
228 500 34.01 
319 59 0.01 
319 374 4.01 
319 446 7.01 
319 448 7.01 
319 464 4.01 
319 493 17.009999999999998 
319 498 27.009999999999998 
319 499 38.01 
119 253 1.01 
119 334 2.01 
119 414 6.01 
119 415 3.01 
119 455 0.01 
119 488 2.01 
119 492 1.01 
119 500 25.009999999999998 
334 315 2.01 
334 379 5.01 
334 413 4.01 
334 486 4.01 
334 489 9.01 
334 494 7.01 
334 495 9.01 
334 500 31.009999999999998 
415 72 5.01 
415 191 1.01 
415 232 2.01 
415 288 1.01 
415 459 7.01 
415 487 9.01 
415 500 32.01 
121 119 1.01 
121 124 0.01 
121 150 2.01 
121 210 1.01 
121 297 8.01 
121 360 5.01 
121 459 3.01 
121 500 34.01 
210 28 2.01 
210 112 4.01 
210 144 3.01 
210 153 2.01 
210 285 2.01 
210 410 4.01 
210 430 3.01 
210 478 7.01 
360 12 2.01 
360 25 3.01 
360 423 3.01 
360 445 3.01 
360 470 6.01 
360 492 6.01 
360 496 6.01 
360 500 33.01 
122 22 7.01 
122 100 4.01 
122 293 15.01 
122 435 6.01 
122 436 5.01 
122 496 12.01 
122 498 26.009999999999998 
122 499 35.01 
293 19 7.01 
293 183 8.01 
293 447 13.01 
293 476 12.01 
293 496 18.009999999999998 
293 497 24.009999999999998 
293 498 34.01 
293 499 51.01 
435 194 2.01 
435 436 5.01 
435 450 3.01 
435 461 8.01 
435 475 6.01 
435 493 14.01 
435 499 36.01 
436 7 5.01 
436 407 8.01 
436 434 3.01 
436 435 5.01 
436 469 6.01 
436 498 27.009999999999998 
436 499 34.01 
123 73 2.01 
123 168 3.01 
123 178 1.01 
123 314 3.01 
123 472 3.01 
123 487 7.01 
123 490 5.01 
123 500 40.01 
314 63 3.01 
314 188 1.01 
314 388 1.01 
314 391 1.01 
314 465 4.01 
314 488 7.01 
314 500 39.01 
190 115 7.01 
190 432 4.01 
190 438 2.01 
190 440 3.01 
190 461 4.01 
190 476 7.01 
190 498 23.009999999999998 
190 499 30.009999999999998 
287 418 6.01 
287 436 7.01 
287 461 7.01 
287 482 12.01 
287 493 12.01 
287 497 10.01 
287 498 24.009999999999998 
287 499 36.01 
126 2 2.01 
126 109 1.01 
126 195 3.01 
126 280 3.01 
126 313 3.01 
126 485 5.01 
126 491 5.01 
126 500 30.009999999999998 
280 39 2.01 
280 362 2.01 
280 390 1.01 
280 433 6.01 
280 434 2.01 
280 488 7.01 
280 500 42.01 
128 7 0.01 
128 99 2.01 
128 205 2.01 
128 317 1.01 
128 388 2.01 
128 390 3.01 
128 487 7.01 
128 500 47.01 
159 71 3.01 
159 126 5.01 
159 321 0.01 
159 408 3.01 
159 470 3.01 
159 485 8.01 
159 487 4.01 
159 500 52.01 
130 79 1.01 
130 376 8.01 
130 419 5.01 
130 457 3.01 
130 475 5.01 
130 480 1.01 
130 493 12.01 
130 499 43.01 
160 99 2.01 
160 267 2.01 
160 426 5.01 
160 472 8.01 
160 478 6.01 
160 485 2.01 
160 487 4.01 
160 500 45.01 
401 126 4.01 
401 477 3.01 
401 486 5.01 
401 488 5.01 
401 490 5.01 
401 500 41.01 
132 75 1.01 
132 262 0.01 
132 354 3.01 
132 429 3.01 
132 436 4.01 
132 479 15.01 
132 482 8.01 
132 499 27.009999999999998 
133 104 2.01 
133 333 3.01 
133 439 4.01 
133 465 3.01 
133 489 7.01 
133 490 5.01 
133 494 7.01 
133 500 36.01 
263 189 7.01 
263 365 4.01 
263 431 7.01 
263 437 5.01 
263 474 11.01 
263 479 9.01 
263 493 11.01 
263 499 45.01 
430 105 3.01 
430 426 8.01 
430 465 4.01 
430 478 5.01 
430 487 4.01 
430 490 6.01 
430 500 32.01 
137 154 1.01 
137 225 4.01 
137 257 1.01 
137 470 1.01 
137 491 7.01 
137 495 3.01 
137 497 8.01 
137 500 30.009999999999998 
432 366 4.01 
432 403 5.01 
432 418 8.01 
432 447 6.01 
432 483 5.01 
432 498 29.009999999999998 
432 499 36.01 
154 209 1.01 
154 349 2.01 
154 412 3.01 
154 460 4.01 
154 467 5.01 
154 486 2.01 
154 489 8.01 
154 500 34.01 
225 142 5.01 
225 405 5.01 
225 443 2.01 
225 453 2.01 
225 454 6.01 
225 471 12.01 
225 472 7.01 
225 500 45.01 
257 95 0.01 
257 265 1.01 
257 399 1.01 
257 456 4.01 
257 482 3.01 
257 489 7.01 
257 499 24.009999999999998 
257 500 36.01 
300 93 3.01 
300 196 1.01 
300 250 4.01 
300 306 4.01 
300 415 4.01 
300 443 2.01 
300 472 9.01 
300 500 38.01 
139 44 5.01 
139 337 6.01 
139 355 1.01 
139 387 8.01 
139 428 2.01 
139 476 7.01 
139 498 24.009999999999998 
139 499 44.01 
355 61 3.01 
355 276 3.01 
355 402 2.01 
355 440 5.01 
355 451 5.01 
355 455 4.01 
355 484 7.01 
355 499 42.01 
140 229 2.01 
140 329 7.01 
140 444 4.01 
140 482 9.01 
140 493 5.01 
140 496 14.01 
140 498 12.01 
140 499 50.01 
229 127 5.01 
229 190 3.01 
229 197 2.01 
229 319 4.01 
229 354 9.01 
229 428 5.01 
229 455 6.01 
229 496 20.009999999999998 
149 233 5.01 
149 327 5.01 
149 407 2.01 
149 441 4.01 
149 444 3.01 
149 476 8.01 
149 498 22.009999999999998 
149 499 44.01 
204 121 7.01 
204 219 9.01 
204 336 3.01 
204 343 2.01 
204 473 6.01 
204 489 3.01 
204 490 6.01 
204 500 64.00999999999999 
379 255 1.01 
379 382 2.01 
379 390 1.01 
379 400 1.01 
379 417 4.01 
379 478 8.01 
379 498 14.01 
379 500 32.01 
260 443 6.01 
260 445 3.01 
260 449 6.01 
260 454 6.01 
260 468 4.01 
260 488 4.01 
260 495 12.01 
260 500 40.01 
328 116 0.01 
328 226 4.01 
328 289 1.01 
328 397 11.01 
328 467 5.01 
328 486 2.01 
328 488 5.01 
328 500 43.01 
382 34 3.01 
382 217 4.01 
382 296 5.01 
382 443 5.01 
382 447 4.01 
382 453 5.01 
382 458 3.01 
382 500 40.01 
145 25 2.01 
145 204 6.01 
145 346 6.01 
145 470 7.01 
145 471 6.01 
145 494 10.01 
145 496 8.01 
145 500 54.01 
215 33 9.01 
215 154 1.01 
215 237 2.01 
215 371 6.01 
215 416 3.01 
215 434 1.01 
215 490 6.01 
215 500 25.009999999999998 
282 37 2.01 
282 217 2.01 
282 272 3.01 
282 330 2.01 
282 333 1.01 
282 397 2.01 
282 490 7.01 
282 500 34.01 
148 70 1.01 
148 71 4.01 
148 360 1.01 
148 383 2.01 
148 398 2.01 
148 408 6.01 
148 459 1.01 
148 500 34.01 
153 182 2.01 
153 247 1.01 
153 252 3.01 
153 257 2.01 
153 260 0.01 
153 400 5.01 
153 474 3.01 
153 500 39.01 
247 40 1.01 
247 157 2.01 
247 196 5.01 
247 220 5.01 
247 382 2.01 
247 385 0.01 
247 426 6.01 
247 500 36.01 
261 92 3.01 
261 189 4.01 
261 290 3.01 
261 409 2.01 
261 451 3.01 
261 496 14.01 
261 498 29.009999999999998 
261 499 45.01 
158 135 3.01 
158 368 7.01 
158 432 8.01 
158 466 7.01 
158 469 5.01 
158 482 9.01 
158 483 4.01 
158 497 13.01 
165 213 2.01 
165 245 2.01 
165 339 1.01 
165 471 6.01 
165 487 6.01 
165 488 4.01 
165 492 8.01 
165 500 34.01 
265 166 5.01 
265 308 4.01 
265 351 2.01 
265 373 2.01 
265 449 7.01 
265 487 11.01 
265 494 12.01 
265 500 38.01 
238 126 2.01 
238 377 5.01 
238 388 4.01 
238 400 0.01 
238 430 6.01 
238 440 4.01 
238 445 6.01 
238 500 45.01 
166 80 0.01 
166 215 4.01 
166 247 2.01 
166 345 0.01 
166 465 2.01 
166 481 3.01 
166 494 17.009999999999998 
166 500 25.009999999999998 
200 31 8.01 
200 202 2.01 
200 254 4.01 
200 354 6.01 
200 429 3.01 
200 476 5.01 
200 498 26.009999999999998 
200 499 43.01 
371 214 6.01 
371 353 5.01 
371 375 2.01 
371 459 6.01 
371 486 6.01 
371 495 8.01 
371 498 5.01 
371 500 39.01 
332 98 3.01 
332 171 4.01 
332 361 6.01 
332 431 2.01 
332 479 6.01 
332 493 14.01 
332 498 24.009999999999998 
332 499 38.01 
174 32 3.01 
174 108 1.01 
174 282 0.01 
174 385 2.01 
174 451 2.01 
174 455 3.01 
174 491 5.01 
174 500 33.01 
199 81 1.01 
199 160 0.01 
199 245 1.01 
199 364 1.01 
199 486 2.01 
199 490 9.01 
199 495 7.01 
199 500 29.009999999999998 
403 407 0.01 
403 421 5.01 
403 482 8.01 
403 496 12.01 
403 497 11.01 
403 498 21.009999999999998 
403 499 40.01 
277 85 2.01 
277 119 2.01 
277 258 1.01 
277 285 7.01 
277 399 3.01 
277 487 8.01 
277 495 7.01 
277 500 30.009999999999998 
336 290 4.01 
336 392 6.01 
336 488 5.01 
336 491 4.01 
336 492 10.01 
336 499 18.009999999999998 
336 500 62.01 
375 382 6.01 
375 401 2.01 
375 459 5.01 
375 466 1.01 
375 488 6.01 
375 492 5.01 
375 499 23.009999999999998 
375 500 22.009999999999998 
325 85 2.01 
325 118 0.01 
325 165 3.01 
325 216 5.01 
325 372 6.01 
325 379 2.01 
325 430 3.01 
325 500 29.009999999999998 
186 23 1.01 
186 33 4.01 
186 165 1.01 
186 238 2.01 
186 308 5.01 
186 423 3.01 
186 495 11.01 
186 500 42.01 
308 123 1.01 
308 334 1.01 
308 351 8.01 
308 357 2.01 
308 460 3.01 
308 499 21.009999999999998 
308 500 31.009999999999998 
372 123 2.01 
372 166 2.01 
372 250 6.01 
372 265 3.01 
372 381 2.01 
372 389 3.01 
372 453 2.01 
372 500 37.01 
189 287 2.01 
189 424 1.01 
189 452 7.01 
189 466 7.01 
189 476 6.01 
189 482 10.01 
189 497 10.01 
189 499 35.01 
440 208 8.01 
440 344 4.01 
440 409 6.01 
440 457 5.01 
440 493 18.009999999999998 
440 498 22.009999999999998 
440 499 48.01 
192 69 3.01 
192 413 0.01 
192 414 0.01 
192 456 4.01 
192 477 5.01 
192 478 8.01 
192 487 6.01 
192 500 32.01 
222 88 5.01 
222 242 5.01 
222 335 4.01 
222 373 3.01 
222 471 5.01 
222 479 2.01 
222 490 6.01 
222 500 45.01 
194 132 3.01 
194 329 3.01 
194 356 0.01 
194 475 12.01 
194 479 7.01 
194 483 7.01 
194 498 29.009999999999998 
194 499 39.01 
196 87 0.01 
196 210 2.01 
196 221 2.01 
196 372 3.01 
196 424 0.01 
196 427 1.01 
196 478 7.01 
196 500 27.009999999999998 
219 290 3.01 
219 336 6.01 
219 362 3.01 
219 426 2.01 
219 445 6.01 
219 456 0.01 
219 473 15.01 
219 483 4.01 
207 70 2.01 
207 312 7.01 
207 334 2.01 
207 375 4.01 
207 405 5.01 
207 408 3.01 
207 500 32.01 
405 328 7.01 
405 371 0.01 
405 422 7.01 
405 449 1.01 
405 456 4.01 
405 487 9.01 
405 490 11.01 
393 140 5.01 
393 200 4.01 
393 329 5.01 
393 475 7.01 
393 496 9.01 
393 498 18.009999999999998 
393 499 41.01 
212 105 2.01 
212 428 3.01 
212 455 6.01 
212 474 4.01 
212 475 5.01 
212 483 7.01 
212 497 17.009999999999998 
212 499 33.01 
241 159 6.01 
241 310 6.01 
241 326 2.01 
241 345 6.01 
241 420 2.01 
241 463 1.01 
241 488 8.01 
241 500 29.009999999999998 
290 26 0.01 
290 49 5.01 
290 288 7.01 
290 350 3.01 
290 489 3.01 
290 499 30.009999999999998 
290 500 43.01 
220 29 3.01 
220 43 1.01 
220 48 1.01 
220 248 1.01 
220 388 5.01 
220 492 9.01 
220 495 18.009999999999998 
220 500 48.01 
248 24 1.01 
248 89 2.01 
248 417 1.01 
248 438 2.01 
248 471 7.01 
248 499 23.009999999999998 
248 500 45.01 
223 122 3.01 
223 384 5.01 
223 446 6.01 
223 452 6.01 
223 461 8.01 
223 474 2.01 
223 493 13.01 
223 499 39.01 
240 435 2.01 
240 441 3.01 
240 446 4.01 
240 452 3.01 
240 463 2.01 
240 482 12.01 
240 496 11.01 
240 499 46.01 
301 47 3.01 
301 366 1.01 
301 406 4.01 
301 437 0.01 
301 474 8.01 
301 497 18.009999999999998 
301 498 28.009999999999998 
301 499 32.01 
