0 154 1.01 
0 274 1.01 
0 334 1.01 
0 436 0.01 
0 464 1.01 
0 482 2.01 
0 499 2.01 
154 37 1.01 
154 237 1.01 
154 417 2.01 
154 434 1.01 
154 441 2.01 
154 449 0.01 
274 226 0.01 
274 437 0.01 
274 447 1.01 
274 450 0.01 
274 461 0.01 
274 471 0.01 
334 25 1.01 
334 202 1.01 
334 243 0.01 
334 349 1.01 
334 426 0.01 
334 482 1.01 
436 233 1.01 
436 258 0.01 
436 264 1.01 
436 407 3.01 
436 475 1.01 
436 484 5.01 
464 214 1.01 
464 280 2.01 
464 291 0.01 
464 446 0.01 
464 454 2.01 
464 478 1.01 
482 30 1.01 
482 400 3.01 
482 464 2.01 
482 473 3.01 
482 476 0.01 
482 486 2.01 
499 286 1.01 
499 291 5.01 
499 401 1.01 
499 487 1.01 
499 489 1.01 
499 498 4.01 
1 168 0.01 
1 294 1.01 
1 304 0.01 
1 403 3.01 
1 413 1.01 
1 494 3.01 
1 498 2.01 
168 13 0.01 
168 242 1.01 
168 361 1.01 
168 392 1.01 
168 411 2.01 
168 492 6.01 
294 97 1.01 
294 186 0.01 
294 260 1.01 
294 354 0.01 
294 374 1.01 
294 479 0.01 
304 234 0.01 
304 408 3.01 
304 412 1.01 
304 494 1.01 
304 497 4.01 
304 498 2.01 
403 129 1.01 
403 148 1.01 
403 238 1.01 
403 335 0.01 
403 408 2.01 
403 427 1.01 
413 143 1.01 
413 146 0.01 
413 191 0.01 
413 217 0.01 
413 439 0.01 
413 485 2.01 
494 214 0.01 
494 320 2.01 
494 335 3.01 
494 406 3.01 
494 408 6.01 
494 491 3.01 
498 414 2.01 
498 424 5.01 
498 430 3.01 
498 479 3.01 
498 485 4.01 
498 495 3.01 
2 26 0.01 
2 220 0.01 
2 273 0.01 
2 276 1.01 
2 354 2.01 
2 375 0.01 
2 432 1.01 
26 36 2.01 
26 182 0.01 
26 288 0.01 
26 387 3.01 
26 393 0.01 
26 397 3.01 
26 479 0.01 
220 112 0.01 
220 451 0.01 
220 465 2.01 
220 468 2.01 
220 477 1.01 
220 497 4.01 
273 326 2.01 
273 368 0.01 
273 411 0.01 
273 451 2.01 
273 469 0.01 
273 494 0.01 
276 33 0.01 
276 135 1.01 
276 296 1.01 
276 379 2.01 
276 484 1.01 
276 487 0.01 
354 209 0.01 
354 238 1.01 
354 416 0.01 
354 438 2.01 
354 459 1.01 
354 495 3.01 
375 161 0.01 
375 206 3.01 
375 346 0.01 
375 421 0.01 
375 474 0.01 
375 495 3.01 
432 188 0.01 
432 321 1.01 
432 459 1.01 
432 468 0.01 
432 472 1.01 
432 497 3.01 
3 88 2.01 
3 353 1.01 
3 380 1.01 
3 391 0.01 
3 461 0.01 
3 473 3.01 
3 478 1.01 
88 28 0.01 
88 71 2.01 
88 373 0.01 
88 450 1.01 
88 475 0.01 
88 484 0.01 
88 498 0.01 
353 55 2.01 
353 133 1.01 
353 199 1.01 
353 346 0.01 
353 467 1.01 
353 485 0.01 
380 200 2.01 
380 410 1.01 
380 413 2.01 
380 430 0.01 
380 485 1.01 
380 498 3.01 
391 7 2.01 
391 78 0.01 
391 342 0.01 
391 414 0.01 
391 430 3.01 
391 498 4.01 
461 72 1.01 
461 163 0.01 
461 191 2.01 
461 358 1.01 
461 482 8.01 
461 490 1.01 
473 56 0.01 
473 190 1.01 
473 212 2.01 
473 446 1.01 
473 478 2.01 
473 494 3.01 
478 9 2.01 
478 97 0.01 
478 334 2.01 
478 346 1.01 
478 358 1.01 
478 475 2.01 
4 127 1.01 
4 245 0.01 
4 259 0.01 
4 360 2.01 
4 445 2.01 
4 465 1.01 
4 481 2.01 
127 48 0.01 
127 109 0.01 
127 110 0.01 
127 412 0.01 
127 436 0.01 
127 490 0.01 
127 495 6.01 
245 94 0.01 
245 394 1.01 
245 436 0.01 
245 446 1.01 
245 485 0.01 
245 493 2.01 
259 106 0.01 
259 250 0.01 
259 342 1.01 
259 475 0.01 
259 480 2.01 
259 498 4.01 
360 155 0.01 
360 276 1.01 
360 379 0.01 
360 479 3.01 
360 493 2.01 
360 497 2.01 
445 298 0.01 
445 416 0.01 
445 439 1.01 
445 448 0.01 
445 459 1.01 
445 499 5.01 
465 19 1.01 
465 47 0.01 
465 67 1.01 
465 361 0.01 
465 426 2.01 
465 432 0.01 
481 185 4.01 
481 239 0.01 
481 482 1.01 
481 483 0.01 
481 486 2.01 
481 490 6.01 
5 295 1.01 
5 372 1.01 
5 429 1.01 
5 471 0.01 
5 490 0.01 
5 493 3.01 
5 498 2.01 
295 122 0.01 
295 360 1.01 
295 397 1.01 
295 460 1.01 
295 464 1.01 
295 488 1.01 
372 127 1.01 
372 192 2.01 
372 322 1.01 
372 405 0.01 
372 425 0.01 
372 453 0.01 
429 296 1.01 
429 433 0.01 
429 489 1.01 
429 492 1.01 
429 493 1.01 
429 499 2.01 
471 16 2.01 
471 85 0.01 
471 195 1.01 
471 201 0.01 
471 332 2.01 
471 351 3.01 
490 180 3.01 
490 205 1.01 
490 314 1.01 
490 380 1.01 
490 454 1.01 
490 480 3.01 
493 103 1.01 
493 236 2.01 
493 280 0.01 
493 284 1.01 
493 342 1.01 
493 485 1.01 
6 29 1.01 
6 128 1.01 
6 257 1.01 
6 269 0.01 
6 281 0.01 
6 403 1.01 
6 497 3.01 
29 113 0.01 
29 209 0.01 
29 364 0.01 
29 447 1.01 
29 464 3.01 
29 498 2.01 
29 499 2.01 
128 3 1.01 
128 213 0.01 
128 395 0.01 
128 402 0.01 
128 481 0.01 
128 487 0.01 
128 497 0.01 
257 119 0.01 
257 317 0.01 
257 344 2.01 
257 390 1.01 
257 456 0.01 
257 494 2.01 
269 70 3.01 
269 132 0.01 
269 323 0.01 
269 362 1.01 
269 494 0.01 
269 499 0.01 
281 139 0.01 
281 335 0.01 
281 377 0.01 
281 444 2.01 
281 473 0.01 
281 496 3.01 
497 8 2.01 
497 254 4.01 
497 296 3.01 
497 406 3.01 
497 474 3.01 
497 478 1.01 
7 8 2.01 
7 171 0.01 
7 298 0.01 
7 449 0.01 
7 480 1.01 
7 485 2.01 
7 492 0.01 
8 99 1.01 
8 181 0.01 
8 302 1.01 
8 382 0.01 
8 385 0.01 
8 456 2.01 
8 497 1.01 
171 75 1.01 
171 81 0.01 
171 203 0.01 
171 389 0.01 
171 416 1.01 
171 498 0.01 
298 230 1.01 
298 312 0.01 
298 336 0.01 
298 447 1.01 
298 461 4.01 
298 483 3.01 
449 12 1.01 
449 195 0.01 
449 371 0.01 
449 440 1.01 
449 487 6.01 
449 495 1.01 
480 5 1.01 
480 85 2.01 
480 256 0.01 
480 353 1.01 
480 493 3.01 
480 498 2.01 
485 308 2.01 
485 403 2.01 
485 406 1.01 
485 430 1.01 
485 461 0.01 
485 467 1.01 
492 41 2.01 
492 162 1.01 
492 270 2.01 
492 457 1.01 
492 490 1.01 
492 499 2.01 
99 5 0.01 
99 143 0.01 
99 189 2.01 
99 279 2.01 
99 344 0.01 
99 473 2.01 
99 498 2.01 
181 110 0.01 
181 391 0.01 
181 460 2.01 
181 464 1.01 
181 480 0.01 
181 498 1.01 
302 108 0.01 
302 156 1.01 
302 268 0.01 
302 350 0.01 
302 477 1.01 
302 493 2.01 
382 54 1.01 
382 184 1.01 
382 210 0.01 
382 258 2.01 
382 468 1.01 
382 479 1.01 
385 260 1.01 
385 320 2.01 
385 326 1.01 
385 332 2.01 
385 378 1.01 
385 390 1.01 
456 97 1.01 
456 137 4.01 
456 145 1.01 
456 374 1.01 
456 446 1.01 
456 483 2.01 
9 121 0.01 
9 442 1.01 
9 459 0.01 
9 460 4.01 
9 466 0.01 
9 475 2.01 
9 478 1.01 
121 15 2.01 
121 51 0.01 
121 206 0.01 
121 259 0.01 
121 471 1.01 
121 484 2.01 
121 488 1.01 
442 39 1.01 
442 271 0.01 
442 386 0.01 
442 431 0.01 
442 486 3.01 
442 496 1.01 
459 49 1.01 
459 178 0.01 
459 320 2.01 
459 413 0.01 
459 426 1.01 
459 431 1.01 
460 272 0.01 
460 412 0.01 
460 476 5.01 
460 488 1.01 
460 490 4.01 
460 498 3.01 
466 51 1.01 
466 137 0.01 
466 207 1.01 
466 401 2.01 
466 468 1.01 
466 496 1.01 
475 231 2.01 
475 327 2.01 
475 419 2.01 
475 439 2.01 
475 463 3.01 
475 473 0.01 
10 217 0.01 
10 248 0.01 
10 344 1.01 
10 404 1.01 
10 416 0.01 
10 481 0.01 
10 497 1.01 
217 248 1.01 
217 348 0.01 
217 460 0.01 
217 474 1.01 
217 495 1.01 
217 498 2.01 
248 17 0.01 
248 105 1.01 
248 225 0.01 
248 360 0.01 
248 411 1.01 
248 450 1.01 
344 332 0.01 
344 361 0.01 
344 449 1.01 
344 486 1.01 
344 489 0.01 
344 496 0.01 
404 83 0.01 
404 152 0.01 
404 191 0.01 
404 329 0.01 
404 362 3.01 
404 448 0.01 
416 1 0.01 
416 38 0.01 
416 54 1.01 
416 60 0.01 
416 443 1.01 
416 476 2.01 
11 43 1.01 
11 107 0.01 
11 119 0.01 
11 166 0.01 
11 247 0.01 
11 343 0.01 
11 487 2.01 
43 28 1.01 
43 63 2.01 
43 164 1.01 
43 244 0.01 
43 266 0.01 
43 289 1.01 
43 494 0.01 
107 101 1.01 
107 201 1.01 
107 323 0.01 
107 354 0.01 
107 443 1.01 
107 467 1.01 
107 474 0.01 
119 10 1.01 
119 198 2.01 
119 256 0.01 
119 361 2.01 
119 412 3.01 
119 437 1.01 
119 447 1.01 
166 428 1.01 
166 438 1.01 
166 461 1.01 
166 471 0.01 
166 479 4.01 
166 485 1.01 
247 104 0.01 
247 105 0.01 
247 449 0.01 
247 452 0.01 
247 456 3.01 
247 497 2.01 
343 13 0.01 
343 228 0.01 
343 344 0.01 
343 439 3.01 
343 472 0.01 
343 489 0.01 
487 81 0.01 
487 195 1.01 
487 254 2.01 
487 425 1.01 
487 485 1.01 
487 496 5.01 
12 186 2.01 
12 293 1.01 
12 373 0.01 
12 415 0.01 
12 418 1.01 
12 488 3.01 
12 499 6.01 
186 96 1.01 
186 297 1.01 
186 306 2.01 
186 379 2.01 
186 391 1.01 
186 456 1.01 
293 207 0.01 
293 221 1.01 
293 228 1.01 
293 264 0.01 
293 331 1.01 
293 478 0.01 
373 83 2.01 
373 125 0.01 
373 147 0.01 
373 408 1.01 
373 418 0.01 
373 467 0.01 
415 123 2.01 
415 175 3.01 
415 265 0.01 
415 452 2.01 
415 477 1.01 
415 498 2.01 
418 178 0.01 
418 216 0.01 
418 343 0.01 
418 345 1.01 
418 366 1.01 
418 410 1.01 
488 275 2.01 
488 328 0.01 
488 424 2.01 
488 465 3.01 
488 469 3.01 
488 495 0.01 
13 2 2.01 
13 174 2.01 
13 215 1.01 
13 384 0.01 
13 422 0.01 
13 473 2.01 
13 477 2.01 
174 2 5.01 
174 108 1.01 
174 145 0.01 
174 338 0.01 
174 495 5.01 
174 499 1.01 
215 136 0.01 
215 438 0.01 
215 452 2.01 
215 472 1.01 
215 485 1.01 
215 491 1.01 
384 238 0.01 
384 308 2.01 
384 357 0.01 
384 394 1.01 
384 402 1.01 
384 497 2.01 
422 24 1.01 
422 65 1.01 
422 209 0.01 
422 369 0.01 
422 465 1.01 
422 499 2.01 
477 159 1.01 
477 236 2.01 
477 277 0.01 
477 436 0.01 
477 455 2.01 
477 494 2.01 
14 131 1.01 
14 209 0.01 
14 301 1.01 
14 330 1.01 
14 406 0.01 
14 479 0.01 
14 480 1.01 
131 80 0.01 
131 204 0.01 
131 418 0.01 
131 428 1.01 
131 487 0.01 
131 496 2.01 
209 68 2.01 
209 331 0.01 
209 379 0.01 
209 393 0.01 
209 399 0.01 
209 475 3.01 
301 12 2.01 
301 106 0.01 
301 230 0.01 
301 294 0.01 
301 476 0.01 
301 489 2.01 
330 227 0.01 
330 317 1.01 
330 373 1.01 
330 418 0.01 
330 496 2.01 
330 498 3.01 
406 383 1.01 
406 411 0.01 
406 418 2.01 
406 428 1.01 
406 453 0.01 
406 492 0.01 
479 93 2.01 
479 282 2.01 
479 352 2.01 
479 477 1.01 
479 487 4.01 
479 489 3.01 
15 124 0.01 
15 142 0.01 
15 189 2.01 
15 210 0.01 
15 366 1.01 
15 465 0.01 
15 499 1.01 
124 285 1.01 
124 371 0.01 
124 409 2.01 
124 439 0.01 
124 487 0.01 
124 496 5.01 
124 499 1.01 
142 64 0.01 
142 113 1.01 
142 412 0.01 
142 425 1.01 
142 451 0.01 
142 498 3.01 
189 63 0.01 
189 185 0.01 
189 429 0.01 
189 462 0.01 
189 478 0.01 
189 481 0.01 
210 356 0.01 
210 382 0.01 
210 420 0.01 
210 435 1.01 
210 452 0.01 
210 497 2.01 
366 177 0.01 
366 207 0.01 
366 370 3.01 
366 482 0.01 
366 487 1.01 
366 498 1.01 
16 72 0.01 
16 407 0.01 
16 410 0.01 
16 442 0.01 
16 455 0.01 
16 491 2.01 
16 495 3.01 
72 164 1.01 
72 400 0.01 
72 421 0.01 
72 439 0.01 
72 461 0.01 
72 477 0.01 
72 489 2.01 
407 22 1.01 
407 294 0.01 
407 303 1.01 
407 444 2.01 
407 472 0.01 
407 494 3.01 
410 313 2.01 
410 390 0.01 
410 405 0.01 
410 435 1.01 
410 450 3.01 
410 479 0.01 
455 23 1.01 
455 53 1.01 
455 121 0.01 
455 407 1.01 
455 488 0.01 
455 491 2.01 
491 367 3.01 
491 375 1.01 
491 423 2.01 
491 468 0.01 
491 469 1.01 
491 476 2.01 
495 4 3.01 
495 175 1.01 
495 387 1.01 
495 452 1.01 
495 491 1.01 
495 498 3.01 
17 42 0.01 
17 165 0.01 
17 239 0.01 
17 357 0.01 
17 407 0.01 
17 439 1.01 
17 462 0.01 
42 101 0.01 
42 152 0.01 
42 373 0.01 
42 414 0.01 
42 465 1.01 
42 473 1.01 
42 486 2.01 
165 3 1.01 
165 23 1.01 
165 73 0.01 
165 378 0.01 
165 421 1.01 
165 438 2.01 
239 159 0.01 
239 398 2.01 
239 450 1.01 
239 451 1.01 
239 491 1.01 
239 496 2.01 
357 311 0.01 
357 400 0.01 
357 483 0.01 
357 487 1.01 
357 494 0.01 
357 497 2.01 
439 61 0.01 
439 289 1.01 
439 391 0.01 
439 464 1.01 
439 490 1.01 
439 493 2.01 
462 77 0.01 
462 102 1.01 
462 343 2.01 
462 410 0.01 
462 454 0.01 
462 486 2.01 
18 53 1.01 
18 183 0.01 
18 257 0.01 
18 285 1.01 
18 453 2.01 
18 473 2.01 
18 499 2.01 
53 247 0.01 
53 261 0.01 
53 392 1.01 
53 451 1.01 
53 473 0.01 
53 485 3.01 
53 496 2.01 
183 22 0.01 
183 117 0.01 
183 328 0.01 
183 407 2.01 
183 468 3.01 
183 497 1.01 
285 62 0.01 
285 420 2.01 
285 423 2.01 
285 471 0.01 
285 492 2.01 
285 497 5.01 
453 29 1.01 
453 40 3.01 
453 396 0.01 
453 431 1.01 
453 493 1.01 
453 494 3.01 
19 315 2.01 
19 388 0.01 
19 401 2.01 
19 448 2.01 
19 449 0.01 
19 488 0.01 
19 492 2.01 
315 381 0.01 
315 392 1.01 
315 398 0.01 
315 445 1.01 
315 484 0.01 
315 497 2.01 
388 77 0.01 
388 82 1.01 
388 294 0.01 
388 305 0.01 
388 446 2.01 
388 494 1.01 
401 239 0.01 
401 340 1.01 
401 381 0.01 
401 455 0.01 
401 496 3.01 
401 499 1.01 
448 21 2.01 
448 57 2.01 
448 129 1.01 
448 289 1.01 
448 319 2.01 
448 405 0.01 
20 160 1.01 
20 276 1.01 
20 295 0.01 
20 342 0.01 
20 369 0.01 
20 471 1.01 
20 496 1.01 
160 64 1.01 
160 89 0.01 
160 220 0.01 
160 284 1.01 
160 494 3.01 
160 499 2.01 
342 275 0.01 
342 430 1.01 
342 432 0.01 
342 461 0.01 
342 463 0.01 
342 484 1.01 
369 101 2.01 
369 171 0.01 
369 345 0.01 
369 401 0.01 
369 484 2.01 
369 495 2.01 
496 223 1.01 
496 286 0.01 
496 450 5.01 
496 466 5.01 
496 487 1.01 
496 491 1.01 
21 0 1.01 
21 287 0.01 
21 484 1.01 
21 490 1.01 
21 495 0.01 
21 496 1.01 
21 498 4.01 
287 9 1.01 
287 35 0.01 
287 158 0.01 
287 206 2.01 
287 381 1.01 
287 496 0.01 
484 270 0.01 
484 292 1.01 
484 304 2.01 
484 403 2.01 
484 425 3.01 
484 490 3.01 
22 282 0.01 
22 359 0.01 
22 377 0.01 
22 390 0.01 
22 478 2.01 
22 494 1.01 
22 496 1.01 
282 43 0.01 
282 223 2.01 
282 396 0.01 
282 420 1.01 
282 440 2.01 
282 496 0.01 
359 199 0.01 
359 224 1.01 
359 389 0.01 
359 439 3.01 
359 489 3.01 
359 499 5.01 
377 122 0.01 
377 197 0.01 
377 204 0.01 
377 384 0.01 
377 435 0.01 
377 451 0.01 
390 266 2.01 
390 311 0.01 
390 414 2.01 
390 444 1.01 
390 453 2.01 
390 482 0.01 
23 85 0.01 
23 128 0.01 
23 365 3.01 
23 434 0.01 
23 475 1.01 
23 495 1.01 
23 499 1.01 
85 8 0.01 
85 57 0.01 
85 157 1.01 
85 349 1.01 
85 465 0.01 
85 478 2.01 
85 490 1.01 
365 20 0.01 
365 81 0.01 
365 165 0.01 
365 399 0.01 
365 414 0.01 
365 496 3.01 
434 259 1.01 
434 332 1.01 
434 347 1.01 
434 388 1.01 
434 391 1.01 
434 498 4.01 
24 133 0.01 
24 233 1.01 
24 320 0.01 
24 342 1.01 
24 359 1.01 
24 362 1.01 
24 465 0.01 
133 222 2.01 
133 244 0.01 
133 280 0.01 
133 289 0.01 
133 378 1.01 
133 470 0.01 
233 196 0.01 
233 327 0.01 
233 330 1.01 
233 354 2.01 
233 414 0.01 
233 475 1.01 
320 86 1.01 
320 124 1.01 
320 293 1.01 
320 372 1.01 
320 462 0.01 
320 494 2.01 
362 56 0.01 
362 150 0.01 
362 234 0.01 
362 339 1.01 
362 448 0.01 
362 498 1.01 
25 59 0.01 
25 186 0.01 
25 273 0.01 
25 403 1.01 
25 452 0.01 
25 483 1.01 
25 486 1.01 
59 266 0.01 
59 300 1.01 
59 323 0.01 
59 367 0.01 
59 455 1.01 
59 472 2.01 
59 495 0.01 
452 123 3.01 
452 389 0.01 
452 399 0.01 
452 429 1.01 
452 446 2.01 
452 493 1.01 
483 112 3.01 
483 261 3.01 
483 455 3.01 
483 474 2.01 
483 480 0.01 
483 485 3.01 
486 257 1.01 
486 277 2.01 
486 283 0.01 
486 422 1.01 
486 482 1.01 
486 491 1.01 
36 154 0.01 
36 398 1.01 
36 427 1.01 
36 445 0.01 
36 458 1.01 
36 475 1.01 
36 483 4.01 
182 40 1.01 
182 242 0.01 
182 269 0.01 
182 386 2.01 
182 453 2.01 
182 473 1.01 
288 218 0.01 
288 339 1.01 
288 384 5.01 
288 454 1.01 
288 495 1.01 
288 497 3.01 
387 76 0.01 
387 127 0.01 
387 324 2.01 
387 430 0.01 
387 458 1.01 
387 476 1.01 
393 116 1.01 
393 252 1.01 
393 415 0.01 
393 430 2.01 
393 474 2.01 
393 498 3.01 
397 132 0.01 
397 297 0.01 
397 448 1.01 
397 467 0.01 
397 479 1.01 
397 495 5.01 
27 19 0.01 
27 299 0.01 
27 326 1.01 
27 352 0.01 
27 381 0.01 
27 458 1.01 
27 462 1.01 
299 129 0.01 
299 234 0.01 
299 253 0.01 
299 438 2.01 
299 483 1.01 
299 495 2.01 
326 161 1.01 
326 210 0.01 
326 256 0.01 
326 467 0.01 
326 481 1.01 
326 497 4.01 
352 300 0.01 
352 325 1.01 
352 374 1.01 
352 405 3.01 
352 445 1.01 
352 489 3.01 
381 277 1.01 
381 302 1.01 
381 383 1.01 
381 408 0.01 
381 478 1.01 
381 491 3.01 
458 84 1.01 
458 211 0.01 
458 337 2.01 
458 479 1.01 
458 482 2.01 
458 486 1.01 
28 212 1.01 
28 231 1.01 
28 318 0.01 
28 369 0.01 
28 415 0.01 
28 471 0.01 
28 497 3.01 
212 201 2.01 
212 205 1.01 
212 248 1.01 
212 323 0.01 
212 417 0.01 
212 444 2.01 
231 87 1.01 
231 247 2.01 
231 318 1.01 
231 429 1.01 
231 466 1.01 
231 497 3.01 
318 7 0.01 
318 192 1.01 
318 411 0.01 
318 444 3.01 
318 457 0.01 
318 496 1.01 
113 187 2.01 
113 200 0.01 
113 446 1.01 
113 461 2.01 
113 462 0.01 
113 470 0.01 
113 497 2.01 
364 201 1.01 
364 312 1.01 
364 408 1.01 
364 444 0.01 
364 497 4.01 
364 499 2.01 
447 164 2.01 
447 365 1.01 
447 435 1.01 
447 462 0.01 
447 474 0.01 
447 486 0.01 
30 14 2.01 
30 333 1.01 
30 335 0.01 
30 351 0.01 
30 431 1.01 
30 460 0.01 
30 464 2.01 
333 283 0.01 
333 367 0.01 
333 376 0.01 
333 387 0.01 
333 447 1.01 
333 448 0.01 
335 95 1.01 
335 319 0.01 
335 407 2.01 
335 449 0.01 
335 488 1.01 
335 494 0.01 
351 13 1.01 
351 157 1.01 
351 267 1.01 
351 299 2.01 
351 341 0.01 
351 385 0.01 
431 140 0.01 
431 268 0.01 
431 303 0.01 
431 394 0.01 
431 456 2.01 
431 498 0.01 
31 130 0.01 
31 168 0.01 
31 180 1.01 
31 251 1.01 
31 402 1.01 
31 461 2.01 
31 494 3.01 
130 288 0.01 
130 404 0.01 
130 431 0.01 
130 461 0.01 
130 481 2.01 
130 497 3.01 
180 428 4.01 
180 434 0.01 
180 481 1.01 
180 483 0.01 
180 485 1.01 
180 493 0.01 
251 279 0.01 
251 300 0.01 
251 316 0.01 
251 460 1.01 
251 464 1.01 
251 480 1.01 
402 31 0.01 
402 119 1.01 
402 445 0.01 
402 448 2.01 
402 488 2.01 
402 498 3.01 
32 215 1.01 
32 228 2.01 
32 240 2.01 
32 319 1.01 
32 463 1.01 
32 464 2.01 
32 495 2.01 
228 79 0.01 
228 339 0.01 
228 401 1.01 
228 447 1.01 
228 457 1.01 
228 494 4.01 
240 260 0.01 
240 287 1.01 
240 348 0.01 
240 403 0.01 
240 434 1.01 
240 495 2.01 
319 52 1.01 
319 408 0.01 
319 440 1.01 
319 441 0.01 
319 474 3.01 
319 488 1.01 
463 80 2.01 
463 134 0.01 
463 141 0.01 
463 208 1.01 
463 424 1.01 
463 494 0.01 
33 196 0.01 
33 345 0.01 
33 391 1.01 
33 476 1.01 
33 484 3.01 
33 491 1.01 
33 495 1.01 
196 15 0.01 
196 324 0.01 
196 356 2.01 
196 424 1.01 
196 486 0.01 
196 492 3.01 
345 68 1.01 
345 309 0.01 
345 318 2.01 
345 457 1.01 
345 461 1.01 
345 499 0.01 
476 271 1.01 
476 295 1.01 
476 378 2.01 
476 392 2.01 
476 396 1.01 
476 483 2.01 
34 66 5.01 
34 114 0.01 
34 300 0.01 
34 396 0.01 
34 439 1.01 
34 443 1.01 
34 490 1.01 
66 187 1.01 
66 368 0.01 
66 443 0.01 
66 471 0.01 
66 483 2.01 
66 486 2.01 
66 498 1.01 
114 416 0.01 
114 428 2.01 
114 460 0.01 
114 473 2.01 
114 492 1.01 
114 495 1.01 
114 498 1.01 
300 33 2.01 
300 41 0.01 
300 375 1.01 
300 402 1.01 
300 482 0.01 
300 493 3.01 
396 18 0.01 
396 43 3.01 
396 407 4.01 
396 482 2.01 
396 483 1.01 
396 498 2.01 
443 108 0.01 
443 455 1.01 
443 456 0.01 
443 459 2.01 
443 471 1.01 
443 494 3.01 
35 21 0.01 
35 237 2.01 
35 278 0.01 
35 338 0.01 
35 351 1.01 
35 362 0.01 
35 364 0.01 
237 166 0.01 
237 240 0.01 
237 436 0.01 
237 496 2.01 
237 497 3.01 
237 498 3.01 
278 98 2.01 
278 162 0.01 
278 336 0.01 
278 369 0.01 
278 425 0.01 
278 498 2.01 
338 310 2.01 
338 380 0.01 
338 392 0.01 
338 424 0.01 
338 458 2.01 
338 485 2.01 
398 118 0.01 
398 379 1.01 
398 402 0.01 
398 469 0.01 
398 483 2.01 
398 499 1.01 
427 82 1.01 
427 144 2.01 
427 216 0.01 
427 256 1.01 
427 481 2.01 
427 497 3.01 
37 88 0.01 
37 118 0.01 
37 302 1.01 
37 397 0.01 
37 441 0.01 
37 482 0.01 
37 484 0.01 
118 32 1.01 
118 90 0.01 
118 190 0.01 
118 300 0.01 
118 306 0.01 
118 360 0.01 
118 454 1.01 
441 67 1.01 
441 246 0.01 
441 348 0.01 
441 425 0.01 
441 446 3.01 
441 482 3.01 
38 214 0.01 
38 304 1.01 
38 347 1.01 
38 412 0.01 
38 467 2.01 
38 493 1.01 
38 498 1.01 
214 10 1.01 
214 232 3.01 
214 263 1.01 
214 409 0.01 
214 456 0.01 
214 489 1.01 
347 93 0.01 
347 136 0.01 
347 292 1.01 
347 397 0.01 
347 476 3.01 
347 498 1.01 
412 37 1.01 
412 350 1.01 
412 441 3.01 
412 442 0.01 
412 480 2.01 
412 490 0.01 
467 78 1.01 
467 326 1.01 
467 436 0.01 
467 442 1.01 
467 490 3.01 
467 491 2.01 
39 29 0.01 
39 83 4.01 
39 125 0.01 
39 384 0.01 
39 398 1.01 
39 400 1.01 
39 464 1.01 
83 75 1.01 
83 169 0.01 
83 243 0.01 
83 380 2.01 
83 423 1.01 
83 475 0.01 
83 497 1.01 
125 35 1.01 
125 258 0.01 
125 309 0.01 
125 392 1.01 
125 405 1.01 
125 478 1.01 
125 496 0.01 
400 217 1.01 
400 327 0.01 
400 409 0.01 
400 444 0.01 
400 452 0.01 
400 491 1.01 
40 86 0.01 
40 103 0.01 
40 226 0.01 
40 349 1.01 
40 386 0.01 
40 440 1.01 
40 471 0.01 
86 11 2.01 
86 430 1.01 
86 453 0.01 
86 470 0.01 
86 478 0.01 
86 494 1.01 
86 497 3.01 
103 217 0.01 
103 383 2.01 
103 389 1.01 
103 485 2.01 
103 490 0.01 
103 497 2.01 
103 498 1.01 
226 98 0.01 
226 333 2.01 
226 340 1.01 
226 370 0.01 
226 420 0.01 
226 476 1.01 
349 53 1.01 
349 176 1.01 
349 288 0.01 
349 465 1.01 
349 466 0.01 
349 496 0.01 
386 274 0.01 
386 406 1.01 
386 426 1.01 
386 473 0.01 
386 477 0.01 
386 484 0.01 
440 54 1.01 
440 73 0.01 
440 305 0.01 
440 375 0.01 
440 465 1.01 
440 486 3.01 
41 190 1.01 
41 285 2.01 
41 334 0.01 
41 376 1.01 
41 456 2.01 
41 487 2.01 
41 497 2.01 
190 28 2.01 
190 58 0.01 
190 266 0.01 
190 301 0.01 
190 415 1.01 
190 473 0.01 
376 229 0.01 
376 246 2.01 
376 291 0.01 
376 350 1.01 
376 395 0.01 
376 444 2.01 
101 173 0.01 
101 227 4.01 
101 339 0.01 
101 426 0.01 
101 458 0.01 
101 466 1.01 
101 482 2.01 
152 333 0.01 
152 429 1.01 
152 438 1.01 
152 468 1.01 
152 498 2.01 
152 499 3.01 
414 179 0.01 
414 212 0.01 
414 428 0.01 
414 487 0.01 
414 490 2.01 
414 493 1.01 
63 68 1.01 
63 212 1.01 
63 274 1.01 
63 376 0.01 
63 423 2.01 
63 480 1.01 
63 494 2.01 
164 179 0.01 
164 259 0.01 
164 351 1.01 
164 472 1.01 
164 479 1.01 
164 499 0.01 
244 11 1.01 
244 111 0.01 
244 307 1.01 
244 363 0.01 
244 379 0.01 
244 497 1.01 
266 32 2.01 
266 50 1.01 
266 232 0.01 
266 388 0.01 
266 472 1.01 
266 492 0.01 
289 221 1.01 
289 238 0.01 
289 404 1.01 
289 438 1.01 
289 466 2.01 
289 475 1.01 
44 3 0.01 
44 421 1.01 
44 450 1.01 
44 462 1.01 
44 467 0.01 
44 485 3.01 
44 498 2.01 
421 208 1.01 
421 372 1.01 
421 406 1.01 
421 408 1.01 
421 495 6.01 
421 498 2.01 
450 131 2.01 
450 182 1.01 
450 359 1.01 
450 364 1.01 
450 458 0.01 
450 466 2.01 
45 25 0.01 
45 181 0.01 
45 222 0.01 
45 372 1.01 
45 463 0.01 
45 475 0.01 
45 496 0.01 
222 138 2.01 
222 213 0.01 
222 216 1.01 
222 311 1.01 
222 485 1.01 
222 491 2.01 
46 354 0.01 
46 377 2.01 
46 383 0.01 
46 453 0.01 
46 456 0.01 
46 491 2.01 
46 496 4.01 
383 9 0.01 
383 301 1.01 
383 350 0.01 
383 440 1.01 
383 456 0.01 
383 478 3.01 
47 417 2.01 
47 418 1.01 
47 453 1.01 
47 458 0.01 
47 465 1.01 
47 470 1.01 
47 491 1.01 
417 95 0.01 
417 202 1.01 
417 291 2.01 
417 450 2.01 
417 489 4.01 
417 499 3.01 
470 117 3.01 
470 189 2.01 
470 312 0.01 
470 457 2.01 
470 468 2.01 
470 479 3.01 
48 26 2.01 
48 265 0.01 
48 303 1.01 
48 305 0.01 
48 308 1.01 
48 344 0.01 
48 433 0.01 
265 269 0.01 
265 295 1.01 
265 429 1.01 
265 431 1.01 
265 472 1.01 
265 496 3.01 
303 359 0.01 
303 390 0.01 
303 416 2.01 
303 432 1.01 
303 483 0.01 
303 491 2.01 
305 144 0.01 
305 155 0.01 
305 335 0.01 
305 413 1.01 
305 478 2.01 
305 497 4.01 
308 100 2.01 
308 368 0.01 
308 480 1.01 
308 489 1.01 
308 493 2.01 
308 494 2.01 
433 27 1.01 
433 219 0.01 
433 234 0.01 
433 388 1.01 
433 423 0.01 
433 462 1.01 
49 139 1.01 
49 280 0.01 
49 325 0.01 
49 353 0.01 
49 385 0.01 
49 451 0.01 
49 464 0.01 
139 4 0.01 
139 32 0.01 
139 272 0.01 
139 349 0.01 
139 393 1.01 
139 490 1.01 
280 94 0.01 
280 262 2.01 
280 412 0.01 
280 447 0.01 
280 470 2.01 
280 472 1.01 
325 26 0.01 
325 187 0.01 
325 461 0.01 
325 472 2.01 
325 479 2.01 
325 495 2.01 
451 219 0.01 
451 290 0.01 
451 368 1.01 
451 441 2.01 
451 490 0.01 
451 494 1.01 
50 71 1.01 
50 278 1.01 
50 306 0.01 
50 391 0.01 
50 482 1.01 
50 486 2.01 
50 499 1.01 
71 93 0.01 
71 115 0.01 
71 116 1.01 
71 243 0.01 
71 317 0.01 
71 338 0.01 
71 497 1.01 
306 249 2.01 
306 251 3.01 
306 283 0.01 
306 284 1.01 
306 435 1.01 
306 494 1.01 
51 162 0.01 
51 366 1.01 
51 466 1.01 
51 484 1.01 
51 488 1.01 
51 492 1.01 
51 499 3.01 
162 144 5.01 
162 193 1.01 
162 431 0.01 
162 493 3.01 
162 498 1.01 
162 499 5.01 
52 152 0.01 
52 193 0.01 
52 249 0.01 
52 413 0.01 
52 425 0.01 
52 488 0.01 
52 499 1.01 
193 170 1.01 
193 262 0.01 
193 366 3.01 
193 424 0.01 
193 459 1.01 
193 497 4.01 
249 76 0.01 
249 376 1.01 
249 429 0.01 
249 483 2.01 
249 492 2.01 
249 497 6.01 
425 75 2.01 
425 278 0.01 
425 359 2.01 
425 405 1.01 
425 443 1.01 
425 445 3.01 
261 334 0.01 
261 436 1.01 
261 450 2.01 
261 482 1.01 
261 494 1.01 
261 497 2.01 
392 299 0.01 
392 306 0.01 
392 400 0.01 
392 481 1.01 
392 487 1.01 
392 498 6.01 
54 56 0.01 
54 167 0.01 
54 328 0.01 
54 343 0.01 
54 364 2.01 
54 430 0.01 
54 455 0.01 
56 6 0.01 
56 31 1.01 
56 265 0.01 
56 341 0.01 
56 389 0.01 
56 456 2.01 
56 486 0.01 
167 12 1.01 
167 311 1.01 
167 377 1.01 
167 437 0.01 
167 492 1.01 
167 499 2.01 
328 51 0.01 
328 62 0.01 
328 354 0.01 
328 427 0.01 
328 476 2.01 
328 497 0.01 
430 14 0.01 
430 227 2.01 
430 460 0.01 
430 480 1.01 
430 493 2.01 
430 495 2.01 
55 138 1.01 
55 245 2.01 
55 369 0.01 
55 433 0.01 
55 434 1.01 
55 482 1.01 
55 499 2.01 
138 315 0.01 
138 322 0.01 
138 367 2.01 
138 402 0.01 
138 492 0.01 
138 499 4.01 
341 147 0.01 
341 374 0.01 
341 382 0.01 
341 433 1.01 
341 465 1.01 
341 472 1.01 
389 372 2.01 
389 469 0.01 
389 479 1.01 
389 490 0.01 
389 497 0.01 
389 498 3.01 
57 30 0.01 
57 140 1.01 
57 198 2.01 
57 286 2.01 
57 350 1.01 
57 375 0.01 
57 476 1.01 
140 115 0.01 
140 120 0.01 
140 386 0.01 
140 419 0.01 
140 433 0.01 
140 499 4.01 
198 299 1.01 
198 321 0.01 
198 361 1.01 
198 375 2.01 
198 454 0.01 
198 488 1.01 
286 89 0.01 
286 205 1.01 
286 381 1.01 
286 446 2.01 
286 489 2.01 
286 495 2.01 
350 116 0.01 
350 141 0.01 
350 337 0.01 
350 493 3.01 
350 495 2.01 
350 498 1.01 
58 146 0.01 
58 245 0.01 
58 404 0.01 
58 426 1.01 
58 435 2.01 
58 463 0.01 
58 499 2.01 
146 23 0.01 
146 241 3.01 
146 347 1.01 
146 370 1.01 
146 442 1.01 
146 482 4.01 
426 248 2.01 
426 331 1.01 
426 437 2.01 
426 452 2.01 
426 457 2.01 
426 479 1.01 
435 27 1.01 
435 255 5.01 
435 291 0.01 
435 378 3.01 
435 458 0.01 
435 477 1.01 
323 58 1.01 
323 198 0.01 
323 200 0.01 
323 331 0.01 
323 396 0.01 
323 457 2.01 
367 18 2.01 
367 274 0.01 
367 355 0.01 
367 440 0.01 
367 472 0.01 
367 475 3.01 
472 146 0.01 
472 327 1.01 
472 341 2.01 
472 367 1.01 
472 432 0.01 
472 480 0.01 
60 123 0.01 
60 292 0.01 
60 402 0.01 
60 435 0.01 
60 457 2.01 
60 470 2.01 
60 489 1.01 
123 19 0.01 
123 178 1.01 
123 230 1.01 
123 286 0.01 
123 419 3.01 
123 484 1.01 
123 493 2.01 
292 224 0.01 
292 341 2.01 
292 420 1.01 
292 463 0.01 
292 483 0.01 
292 491 1.01 
457 194 1.01 
457 321 0.01 
457 378 4.01 
457 418 1.01 
457 466 4.01 
457 499 2.01 
489 110 1.01 
489 292 1.01 
489 294 4.01 
489 476 2.01 
489 477 3.01 
489 497 1.01 
61 140 1.01 
61 167 1.01 
61 340 2.01 
61 342 1.01 
61 443 0.01 
61 482 1.01 
61 495 3.01 
340 24 2.01 
340 197 1.01 
340 226 0.01 
340 338 1.01 
340 487 0.01 
340 497 2.01 
62 10 0.01 
62 33 1.01 
62 305 1.01 
62 328 1.01 
62 384 0.01 
62 444 1.01 
62 481 1.01 
444 192 2.01 
444 352 0.01 
444 385 1.01 
444 453 2.01 
444 466 1.01 
444 484 0.01 
68 6 1.01 
68 235 1.01 
68 324 0.01 
68 337 2.01 
68 405 0.01 
68 452 1.01 
68 490 1.01 
423 69 1.01 
423 153 0.01 
423 348 1.01 
423 432 1.01 
423 454 1.01 
423 458 1.01 
64 182 0.01 
64 219 0.01 
64 315 1.01 
64 324 0.01 
64 357 0.01 
64 497 1.01 
64 498 2.01 
219 47 0.01 
219 350 1.01 
219 352 1.01 
219 448 0.01 
219 463 0.01 
219 489 0.01 
324 449 3.01 
324 462 0.01 
324 483 0.01 
324 488 2.01 
324 496 1.01 
324 499 1.01 
65 20 0.01 
65 168 0.01 
65 263 0.01 
65 442 2.01 
65 443 0.01 
65 492 0.01 
65 497 4.01 
263 50 3.01 
263 267 2.01 
263 448 1.01 
263 451 1.01 
263 460 0.01 
263 497 2.01 
187 92 1.01 
187 390 0.01 
187 417 0.01 
187 435 1.01 
187 450 1.01 
187 459 2.01 
368 24 0.01 
368 142 1.01 
368 386 0.01 
368 439 1.01 
368 471 1.01 
368 498 3.01 
67 55 1.01 
67 104 0.01 
67 185 0.01 
67 262 0.01 
67 400 2.01 
67 437 3.01 
67 499 2.01 
104 6 2.01 
104 180 0.01 
104 388 0.01 
104 476 2.01 
104 477 0.01 
104 486 3.01 
104 494 0.01 
185 314 0.01 
185 347 1.01 
185 419 0.01 
185 436 1.01 
185 474 0.01 
185 495 2.01 
262 45 0.01 
262 96 1.01 
262 142 0.01 
262 279 0.01 
262 399 0.01 
262 459 3.01 
437 203 0.01 
437 247 0.01 
437 423 2.01 
437 488 1.01 
437 493 3.01 
437 496 1.01 
235 39 1.01 
235 233 0.01 
235 250 0.01 
235 442 2.01 
235 454 2.01 
235 491 1.01 
337 79 1.01 
337 111 0.01 
337 188 1.01 
337 243 1.01 
337 433 1.01 
337 437 1.01 
405 103 1.01 
405 172 0.01 
405 242 0.01 
405 313 1.01 
405 486 1.01 
405 499 4.01 
69 18 1.01 
69 310 2.01 
69 356 1.01 
69 417 2.01 
69 465 2.01 
69 486 0.01 
69 492 2.01 
310 4 0.01 
310 60 1.01 
310 143 0.01 
310 232 2.01 
310 442 2.01 
310 496 1.01 
356 48 2.01 
356 155 0.01 
356 165 1.01 
356 268 2.01 
356 481 0.01 
356 483 1.01 
70 345 1.01 
70 401 1.01 
70 428 1.01 
70 432 2.01 
70 474 0.01 
70 488 2.01 
70 498 3.01 
428 170 0.01 
428 171 1.01 
428 336 0.01 
428 372 1.01 
428 434 0.01 
428 495 4.01 
474 34 1.01 
474 45 1.01 
474 173 2.01 
474 211 1.01 
474 261 2.01 
474 499 2.01 
93 130 0.01 
93 284 2.01 
93 336 1.01 
93 417 1.01 
93 470 0.01 
93 488 5.01 
93 497 1.01 
115 102 1.01 
115 213 0.01 
115 252 0.01 
115 427 2.01 
115 492 2.01 
115 493 1.01 
115 497 3.01 
116 348 2.01 
116 362 1.01 
116 412 1.01 
116 416 1.01 
116 489 2.01 
116 492 1.01 
116 498 1.01 
243 221 1.01 
243 285 1.01 
243 365 2.01 
243 366 0.01 
243 471 1.01 
243 497 1.01 
317 113 0.01 
317 154 2.01 
317 307 1.01 
317 388 1.01 
317 409 0.01 
317 459 0.01 
73 107 0.01 
73 135 0.01 
73 196 1.01 
73 223 0.01 
73 404 3.01 
73 434 1.01 
73 449 3.01 
135 198 1.01 
135 337 3.01 
135 402 3.01 
135 423 1.01 
135 453 0.01 
135 470 3.01 
223 151 1.01 
223 315 0.01 
223 420 1.01 
223 437 2.01 
223 492 1.01 
223 499 2.01 
74 172 2.01 
74 252 2.01 
74 307 0.01 
74 343 0.01 
74 386 1.01 
74 484 1.01 
74 489 1.01 
172 232 1.01 
172 279 2.01 
172 421 2.01 
172 441 1.01 
172 451 0.01 
172 471 1.01 
252 258 0.01 
252 382 3.01 
252 423 0.01 
252 441 1.01 
252 478 3.01 
252 484 1.01 
307 67 0.01 
307 158 0.01 
307 353 1.01 
307 462 0.01 
307 470 1.01 
307 479 3.01 
75 203 2.01 
75 218 0.01 
75 227 1.01 
75 302 0.01 
75 371 0.01 
75 468 2.01 
75 493 0.01 
203 38 0.01 
203 265 0.01 
203 413 1.01 
203 434 1.01 
203 465 2.01 
203 469 0.01 
218 11 0.01 
218 276 1.01 
218 292 0.01 
218 316 2.01 
218 357 0.01 
218 476 3.01 
227 70 3.01 
227 345 0.01 
227 460 1.01 
227 492 1.01 
227 493 2.01 
227 498 5.01 
371 447 1.01 
371 449 1.01 
371 454 1.01 
371 486 1.01 
371 494 1.01 
371 499 1.01 
468 410 1.01 
468 429 1.01 
468 474 0.01 
468 491 1.01 
468 492 2.01 
468 498 3.01 
76 126 0.01 
76 468 0.01 
76 469 1.01 
76 487 2.01 
76 489 0.01 
76 492 1.01 
76 499 1.01 
126 77 0.01 
126 384 1.01 
126 457 0.01 
126 479 0.01 
126 485 0.01 
126 487 1.01 
126 499 0.01 
469 87 1.01 
469 235 0.01 
469 383 0.01 
469 417 2.01 
469 422 1.01 
469 491 3.01 
77 229 2.01 
77 340 1.01 
77 380 1.01 
77 382 1.01 
77 395 0.01 
77 492 1.01 
77 499 6.01 
229 120 1.01 
229 197 1.01 
229 309 1.01 
229 394 1.01 
229 418 0.01 
229 499 2.01 
395 376 0.01 
395 493 1.01 
395 494 1.01 
395 496 2.01 
395 498 0.01 
395 499 2.01 
78 134 0.01 
78 176 1.01 
78 322 0.01 
78 349 0.01 
78 353 2.01 
78 480 1.01 
78 490 3.01 
134 66 1.01 
134 172 0.01 
134 249 3.01 
134 311 1.01 
134 432 1.01 
134 457 1.01 
176 193 0.01 
176 267 1.01 
176 403 1.01 
176 414 0.01 
176 422 0.01 
176 480 2.01 
322 105 0.01 
322 263 0.01 
322 278 1.01 
322 481 0.01 
322 484 3.01 
322 491 1.01 
79 228 0.01 
79 297 0.01 
79 322 2.01 
79 385 0.01 
79 483 0.01 
79 493 2.01 
79 496 2.01 
297 91 0.01 
297 210 0.01 
297 317 1.01 
297 485 1.01 
297 494 1.01 
297 497 5.01 
80 136 0.01 
80 281 1.01 
80 378 2.01 
80 383 2.01 
80 433 1.01 
80 462 2.01 
80 484 1.01 
136 40 0.01 
136 95 1.01 
136 448 2.01 
136 453 4.01 
136 470 2.01 
136 486 0.01 
378 1 1.01 
378 92 1.01 
378 220 0.01 
378 329 1.01 
378 443 0.01 
378 468 2.01 
81 215 1.01 
81 240 0.01 
81 328 1.01 
81 399 2.01 
81 454 2.01 
81 495 2.01 
81 499 2.01 
399 202 1.01 
399 321 0.01 
399 330 2.01 
399 365 0.01 
399 496 3.01 
399 499 3.01 
454 246 1.01 
454 308 0.01 
454 398 1.01 
454 421 2.01 
454 462 0.01 
454 496 0.01 
82 213 2.01 
82 222 0.01 
82 295 1.01 
82 330 0.01 
82 436 3.01 
82 451 2.01 
82 481 1.01 
213 25 0.01 
213 183 0.01 
213 293 1.01 
213 346 0.01 
213 367 2.01 
213 428 1.01 
169 125 0.01 
169 343 0.01 
169 401 0.01 
169 473 0.01 
169 477 1.01 
169 481 0.01 
84 46 1.01 
84 371 3.01 
84 440 1.01 
84 449 1.01 
84 474 1.01 
84 484 3.01 
84 495 1.01 
157 204 2.01 
157 254 0.01 
157 255 0.01 
157 270 2.01 
157 312 0.01 
157 370 2.01 
87 16 0.01 
87 99 0.01 
87 169 0.01 
87 223 1.01 
87 261 0.01 
87 441 2.01 
87 481 3.01 
89 84 0.01 
89 98 0.01 
89 199 1.01 
89 229 0.01 
89 469 2.01 
89 475 1.01 
89 494 4.01 
98 112 0.01 
98 139 1.01 
98 231 0.01 
98 233 1.01 
98 282 1.01 
98 356 0.01 
98 488 3.01 
199 0 0.01 
199 66 0.01 
199 373 1.01 
199 463 1.01 
199 488 0.01 
199 495 0.01 
90 443 2.01 
90 452 0.01 
90 454 1.01 
90 455 3.01 
90 481 0.01 
90 489 1.01 
90 496 1.01 
91 169 1.01 
91 357 1.01 
91 403 0.01 
91 435 2.01 
91 445 0.01 
91 447 3.01 
91 491 2.01 
92 111 0.01 
92 133 1.01 
92 218 0.01 
92 314 0.01 
92 387 1.01 
92 410 0.01 
92 464 2.01 
111 69 0.01 
111 99 0.01 
111 325 1.01 
111 453 0.01 
111 455 3.01 
111 458 2.01 
111 459 1.01 
314 194 1.01 
314 224 0.01 
314 370 1.01 
314 384 0.01 
314 436 2.01 
314 475 1.01 
284 156 0.01 
284 373 0.01 
284 448 0.01 
284 472 3.01 
284 490 2.01 
284 497 2.01 
336 316 1.01 
336 318 1.01 
336 347 1.01 
336 363 1.01 
336 410 1.01 
336 421 0.01 
94 114 0.01 
94 336 1.01 
94 353 1.01 
94 422 2.01 
94 441 1.01 
94 446 0.01 
94 458 2.01 
446 173 1.01 
446 313 2.01 
446 355 1.01 
446 424 0.01 
446 451 1.01 
446 482 1.01 
95 42 1.01 
95 167 0.01 
95 215 0.01 
95 251 2.01 
95 388 0.01 
95 467 1.01 
95 493 8.01 
96 74 1.01 
96 135 0.01 
96 150 5.01 
96 161 0.01 
96 287 0.01 
96 480 1.01 
96 489 0.01 
150 74 2.01 
150 321 1.01 
150 405 0.01 
150 422 0.01 
150 460 1.01 
150 461 0.01 
161 236 0.01 
161 382 1.01 
161 438 0.01 
161 480 3.01 
161 489 1.01 
161 496 3.01 
97 305 1.01 
97 358 0.01 
97 366 0.01 
97 404 3.01 
97 406 0.01 
97 458 1.01 
97 480 1.01 
358 225 2.01 
358 324 1.01 
358 351 0.01 
358 419 1.01 
358 427 0.01 
358 456 2.01 
112 100 1.01 
112 237 0.01 
112 257 1.01 
112 325 1.01 
112 441 1.01 
112 462 0.01 
112 463 0.01 
143 159 0.01 
143 290 0.01 
143 333 2.01 
143 374 1.01 
143 386 1.01 
143 473 0.01 
279 82 0.01 
279 160 0.01 
279 411 1.01 
279 481 3.01 
279 490 0.01 
279 497 2.01 
100 90 0.01 
100 174 0.01 
100 188 0.01 
100 467 1.01 
100 495 1.01 
100 498 1.01 
100 499 0.01 
188 59 0.01 
188 114 0.01 
188 397 2.01 
188 490 1.01 
188 493 2.01 
188 498 6.01 
173 0 1.01 
173 50 1.01 
173 271 0.01 
173 277 0.01 
173 393 2.01 
173 426 2.01 
339 104 0.01 
339 270 0.01 
339 385 1.01 
339 429 2.01 
339 476 3.01 
339 493 1.01 
102 88 0.01 
102 226 0.01 
102 316 0.01 
102 349 1.01 
102 382 0.01 
102 427 2.01 
102 455 1.01 
316 253 0.01 
316 267 0.01 
316 398 0.01 
316 467 1.01 
316 474 0.01 
316 477 0.01 
105 34 1.01 
105 36 0.01 
105 371 0.01 
105 415 1.01 
105 437 4.01 
105 465 2.01 
105 498 1.01 
106 355 1.01 
106 449 1.01 
106 466 1.01 
106 470 1.01 
106 492 1.01 
106 496 2.01 
106 499 1.01 
355 128 0.01 
355 147 1.01 
355 297 0.01 
355 370 2.01 
355 424 2.01 
355 482 3.01 
201 17 1.01 
201 84 0.01 
201 175 1.01 
201 471 2.01 
201 495 5.01 
201 499 2.01 
108 31 2.01 
108 87 0.01 
108 170 1.01 
108 184 2.01 
108 424 1.01 
108 438 1.01 
108 459 1.01 
170 65 1.01 
170 177 1.01 
170 208 0.01 
170 218 1.01 
170 244 1.01 
170 360 1.01 
184 61 1.01 
184 73 0.01 
184 327 1.01 
184 344 1.01 
184 427 0.01 
184 499 3.01 
424 48 0.01 
424 216 0.01 
424 358 2.01 
424 419 2.01 
424 495 1.01 
424 497 3.01 
438 166 2.01 
438 262 1.01 
438 304 0.01 
438 471 2.01 
438 489 0.01 
438 491 1.01 
109 92 0.01 
109 149 1.01 
109 282 0.01 
109 355 0.01 
109 381 0.01 
109 393 0.01 
109 496 3.01 
149 120 3.01 
149 148 0.01 
149 156 0.01 
149 452 0.01 
149 469 1.01 
149 477 2.01 
110 396 0.01 
110 451 2.01 
110 457 0.01 
110 474 0.01 
110 477 0.01 
110 479 1.01 
110 480 1.01 
200 153 0.01 
200 163 0.01 
200 303 0.01 
200 478 0.01 
200 485 1.01 
200 487 2.01 
348 70 2.01 
348 207 3.01 
348 368 0.01 
348 419 0.01 
348 475 0.01 
348 483 2.01 
117 150 1.01 
117 205 1.01 
117 225 0.01 
117 304 0.01 
117 444 3.01 
117 446 0.01 
117 499 1.01 
205 117 0.01 
205 347 0.01 
205 468 1.01 
205 469 1.01 
205 478 0.01 
205 491 0.01 
225 249 0.01 
225 252 0.01 
225 379 0.01 
225 466 0.01 
225 468 1.01 
225 499 4.01 
256 41 0.01 
256 160 1.01 
256 251 0.01 
256 310 1.01 
256 459 1.01 
256 467 1.01 
361 149 0.01 
361 337 1.01 
361 411 1.01 
361 467 1.01 
361 479 0.01 
361 495 1.01 
120 34 1.01 
120 72 0.01 
120 76 1.01 
120 79 0.01 
120 250 1.01 
120 313 1.01 
120 497 0.01 
250 121 1.01 
250 245 0.01 
250 281 0.01 
250 358 0.01 
250 363 0.01 
250 478 1.01 
313 55 1.01 
313 132 0.01 
313 269 2.01 
313 332 2.01 
313 369 1.01 
313 469 1.01 
206 78 1.01 
206 204 0.01 
206 326 2.01 
206 415 1.01 
206 445 0.01 
206 474 0.01 
122 316 1.01 
122 387 1.01 
122 411 0.01 
122 459 0.01 
122 475 3.01 
122 486 1.01 
122 499 2.01 
411 64 1.01 
411 346 1.01 
411 356 1.01 
411 404 0.01 
411 469 2.01 
411 489 1.01 
178 376 0.01 
178 385 1.01 
178 409 0.01 
178 466 0.01 
178 492 1.01 
178 496 2.01 
230 22 0.01 
230 220 0.01 
230 329 1.01 
230 340 1.01 
230 399 0.01 
230 415 0.01 
419 134 0.01 
419 230 2.01 
419 374 1.01 
419 400 0.01 
419 484 0.01 
419 488 2.01 
409 2 1.01 
409 174 3.01 
409 297 1.01 
409 339 0.01 
409 363 1.01 
409 413 1.01 
258 253 0.01 
258 346 0.01 
258 440 0.01 
258 473 0.01 
258 491 0.01 
258 493 2.01 
309 59 0.01 
309 151 0.01 
309 348 0.01 
309 394 2.01 
309 492 3.01 
309 493 3.01 
129 163 1.01 
129 302 1.01 
129 308 1.01 
129 310 0.01 
129 397 2.01 
129 467 1.01 
129 485 4.01 
163 49 0.01 
163 293 1.01 
163 383 0.01 
163 486 3.01 
163 493 0.01 
163 499 0.01 
204 231 2.01 
204 264 0.01 
204 275 0.01 
204 287 0.01 
204 487 3.01 
204 497 5.01 
132 35 0.01 
132 36 1.01 
132 157 0.01 
132 460 1.01 
132 489 0.01 
132 495 5.01 
311 273 1.01 
311 290 1.01 
311 413 1.01 
311 420 4.01 
311 471 3.01 
311 477 0.01 
137 15 0.01 
137 106 1.01 
137 145 2.01 
137 484 0.01 
137 487 2.01 
137 496 1.01 
145 27 0.01 
145 37 0.01 
145 235 1.01 
145 250 0.01 
145 456 1.01 
145 498 3.01 
272 253 0.01 
272 281 2.01 
272 320 1.01 
272 389 0.01 
272 434 0.01 
272 459 1.01 
141 7 0.01 
141 63 0.01 
141 275 1.01 
141 387 0.01 
141 441 0.01 
141 499 1.01 
275 69 2.01 
275 94 0.01 
275 288 2.01 
275 338 0.01 
275 427 0.01 
275 463 2.01 
159 203 0.01 
159 219 0.01 
159 331 1.01 
159 433 0.01 
159 434 1.01 
159 447 1.01 
290 44 2.01 
290 107 0.01 
290 122 1.01 
290 317 0.01 
290 431 2.01 
290 496 2.01 
374 60 1.01 
374 91 1.01 
374 246 0.01 
374 362 0.01 
374 409 1.01 
374 480 0.01 
144 5 0.01 
144 293 0.01 
144 341 0.01 
144 359 0.01 
144 497 2.01 
144 498 3.01 
241 153 1.01 
241 394 0.01 
241 416 0.01 
241 422 2.01 
241 452 0.01 
241 496 2.01 
370 74 0.01 
370 224 1.01 
370 368 0.01 
370 398 1.01 
370 470 1.01 
370 498 1.01 
147 126 1.01 
147 325 0.01 
147 443 0.01 
147 464 0.01 
147 486 1.01 
147 491 2.01 
148 44 0.01 
148 181 0.01 
148 380 2.01 
148 393 0.01 
148 443 1.01 
148 490 1.01 
156 89 0.01 
156 442 0.01 
156 464 0.01 
156 477 2.01 
156 482 1.01 
156 494 1.01 
321 457 1.01 
321 461 2.01 
321 487 1.01 
321 494 0.01 
321 496 1.01 
321 499 3.01 
151 16 0.01 
151 47 1.01 
151 138 0.01 
151 395 3.01 
151 463 1.01 
151 492 0.01 
153 264 2.01 
153 365 2.01 
153 419 1.01 
153 484 1.01 
153 498 1.01 
153 499 2.01 
264 44 0.01 
264 130 0.01 
264 194 0.01 
264 296 0.01 
264 310 0.01 
264 420 0.01 
155 299 0.01 
155 345 1.01 
155 449 0.01 
155 454 0.01 
155 455 0.01 
155 469 2.01 
254 38 0.01 
254 52 0.01 
254 211 1.01 
254 307 0.01 
254 399 0.01 
254 469 2.01 
255 229 0.01 
255 301 0.01 
255 356 0.01 
255 470 0.01 
255 489 1.01 
255 492 2.01 
270 208 2.01 
270 240 0.01 
270 254 0.01 
270 363 1.01 
270 393 2.01 
270 463 4.01 
312 90 0.01 
312 426 1.01 
312 462 2.01 
312 470 0.01 
312 477 2.01 
312 488 0.01 
158 137 1.01 
158 241 1.01 
158 360 0.01 
158 442 1.01 
158 476 0.01 
158 497 2.01 
331 109 2.01 
331 149 2.01 
331 377 1.01 
331 431 1.01 
331 435 0.01 
331 472 4.01 
236 49 0.01 
236 237 2.01 
236 314 0.01 
236 364 2.01 
236 394 0.01 
236 472 0.01 
179 58 1.01 
179 199 0.01 
179 290 1.01 
179 322 1.01 
179 329 0.01 
179 355 2.01 
242 296 1.01 
242 389 2.01 
242 445 4.01 
242 448 2.01 
242 457 0.01 
242 496 1.01 
177 330 0.01 
177 352 0.01 
177 437 3.01 
177 438 1.01 
177 468 5.01 
177 492 6.01 
208 260 0.01 
208 271 1.01 
208 313 1.01 
208 444 0.01 
208 450 0.01 
208 456 1.01 
232 115 0.01 
232 151 0.01 
232 409 2.01 
232 432 1.01 
232 473 2.01 
232 494 5.01 
271 100 2.01 
271 176 1.01 
271 179 0.01 
271 184 0.01 
271 268 1.01 
271 488 2.01 
277 141 1.01 
277 244 0.01 
277 298 1.01 
277 445 1.01 
277 492 1.01 
277 495 2.01 
175 46 1.01 
175 301 0.01 
175 303 0.01 
175 395 0.01 
175 481 0.01 
175 495 4.01 
267 272 0.01 
267 395 0.01 
267 425 0.01 
267 442 0.01 
267 476 3.01 
267 486 1.01 
329 102 1.01 
329 314 1.01 
329 377 0.01 
329 474 2.01 
329 481 1.01 
329 488 1.01 
327 1 0.01 
327 14 1.01 
327 86 0.01 
327 183 1.01 
327 484 0.01 
327 493 3.01 
379 57 1.01 
379 126 1.01 
379 222 0.01 
379 263 1.01 
379 440 1.01 
379 488 4.01 
191 235 0.01 
191 309 1.01 
191 414 0.01 
191 476 2.01 
191 494 1.01 
191 498 5.01 
192 158 1.01 
192 206 1.01 
192 315 0.01 
192 480 0.01 
192 481 0.01 
192 495 1.01 
194 80 2.01 
194 307 0.01 
194 425 4.01 
194 472 3.01 
194 486 0.01 
194 492 4.01 
195 42 1.01 
195 61 0.01 
195 255 1.01 
195 334 0.01 
195 390 1.01 
195 417 2.01 
197 221 1.01 
197 312 1.01 
197 318 0.01 
197 333 2.01 
197 428 1.01 
197 446 0.01 
221 148 1.01 
221 214 2.01 
221 404 0.01 
221 433 1.01 
221 467 0.01 
221 485 0.01 
202 39 0.01 
202 109 0.01 
202 392 0.01 
202 440 1.01 
202 450 0.01 
202 472 1.01 
207 225 1.01 
207 298 0.01 
207 365 0.01 
207 483 1.01 
207 485 2.01 
207 496 5.01 
260 17 1.01 
260 96 0.01 
260 463 1.01 
260 477 4.01 
260 479 1.01 
260 482 1.01 
420 273 1.01 
420 364 0.01 
420 445 0.01 
420 458 1.01 
420 464 1.01 
420 493 1.01 
211 20 1.01 
211 363 1.01 
211 396 0.01 
211 466 1.01 
211 494 2.01 
211 499 1.01 
363 45 1.01 
363 211 1.01 
363 409 0.01 
363 421 2.01 
363 488 0.01 
363 494 0.01 
346 272 0.01 
346 380 0.01 
346 387 2.01 
346 397 3.01 
346 406 0.01 
346 497 3.01 
216 65 1.01 
216 306 0.01 
216 319 0.01 
216 426 0.01 
216 455 2.01 
216 463 3.01 
224 91 3.01 
224 202 0.01 
224 447 0.01 
224 490 0.01 
224 492 1.01 
224 496 0.01 
394 131 0.01 
394 242 1.01 
394 351 1.01 
394 427 0.01 
394 457 3.01 
394 487 2.01 
234 239 1.01 
234 298 1.01 
234 323 0.01 
234 355 0.01 
234 371 1.01 
234 470 1.01 
238 460 2.01 
238 470 1.01 
238 483 1.01 
238 487 0.01 
238 493 2.01 
238 498 3.01 
296 200 1.01 
296 309 1.01 
296 319 0.01 
296 455 3.01 
296 481 0.01 
296 496 5.01 
246 30 0.01 
246 395 2.01 
246 410 0.01 
246 447 0.01 
246 463 1.01 
246 466 1.01 
253 62 0.01 
253 71 0.01 
253 118 0.01 
253 241 0.01 
253 483 1.01 
253 495 1.01 
268 124 1.01 
268 329 1.01 
268 361 1.01 
268 407 2.01 
268 474 0.01 
268 487 0.01 
283 46 0.01 
283 236 1.01 
283 381 0.01 
283 437 0.01 
283 460 0.01 
283 490 5.01 
291 52 0.01 
291 241 2.01 
291 358 0.01 
291 468 2.01 
291 483 1.01 
291 499 1.01 
408 255 0.01 
408 283 3.01 
408 352 2.01 
408 357 1.01 
408 422 0.01 
408 495 1.01 
332 21 1.01 
332 177 0.01 
332 415 0.01 
332 458 1.01 
332 469 0.01 
332 499 3.01 
