1 37 0.01 
1 47 0.01 
1 154 1.01 
1 185 0.01 
1 243 0.01 
1 350 0.01 
1 356 1.01 
1 422 1.01 
1 437 0.01 
1 481 1.01 
1 486 3.01 
1 494 1.01 
37 133 0.01 
37 208 0.01 
37 348 1.01 
37 387 2.01 
37 389 0.01 
37 427 0.01 
37 431 2.01 
37 439 0.01 
37 473 3.01 
37 485 2.01 
37 487 3.01 
37 490 1.01 
47 56 1.01 
47 274 2.01 
47 284 0.01 
47 407 1.01 
47 431 1.01 
47 440 0.01 
47 444 2.01 
47 449 1.01 
47 458 0.01 
47 473 0.01 
47 476 0.01 
47 495 2.01 
154 17 0.01 
154 62 1.01 
154 73 2.01 
154 197 0.01 
154 340 0.01 
154 455 1.01 
154 466 3.01 
154 472 3.01 
154 479 2.01 
154 486 1.01 
154 494 1.01 
154 496 1.01 
185 63 1.01 
185 125 1.01 
185 196 1.01 
185 201 0.01 
185 312 1.01 
185 432 1.01 
185 433 2.01 
185 450 2.01 
185 453 2.01 
185 462 2.01 
185 470 1.01 
185 480 1.01 
243 42 0.01 
243 135 0.01 
243 140 0.01 
243 174 0.01 
243 276 1.01 
243 304 0.01 
243 319 1.01 
243 375 1.01 
243 455 2.01 
243 486 0.01 
243 494 0.01 
350 18 0.01 
350 115 0.01 
350 301 1.01 
350 373 1.01 
350 425 2.01 
350 440 1.01 
350 452 0.01 
350 455 2.01 
350 477 1.01 
350 488 3.01 
350 491 0.01 
356 80 1.01 
356 140 1.01 
356 196 1.01 
356 319 2.01 
356 368 0.01 
356 396 2.01 
356 462 2.01 
356 470 0.01 
356 480 0.01 
356 485 0.01 
356 494 3.01 
422 42 0.01 
422 206 0.01 
422 363 1.01 
422 382 1.01 
422 419 0.01 
422 460 0.01 
422 471 0.01 
422 474 1.01 
422 477 2.01 
422 484 1.01 
422 491 1.01 
437 13 0.01 
437 105 0.01 
437 177 3.01 
437 204 0.01 
437 296 1.01 
437 335 0.01 
437 365 0.01 
437 379 1.01 
437 444 0.01 
437 448 2.01 
437 499 1.01 
481 56 0.01 
481 88 2.01 
481 104 3.01 
481 141 1.01 
481 173 0.01 
481 175 2.01 
481 320 1.01 
481 381 1.01 
481 397 2.01 
481 426 1.01 
481 459 1.01 
486 70 2.01 
486 166 0.01 
486 169 0.01 
486 196 2.01 
486 290 2.01 
486 342 1.01 
486 357 1.01 
486 433 1.01 
486 477 3.01 
486 481 3.01 
486 500 2.01 
494 107 1.01 
494 111 1.01 
494 237 2.01 
494 240 1.01 
494 262 3.01 
494 356 1.01 
494 400 2.01 
494 419 3.01 
494 434 1.01 
494 446 1.01 
494 463 1.01 
2 87 0.01 
2 182 0.01 
2 217 0.01 
2 297 0.01 
2 306 0.01 
2 322 1.01 
2 344 1.01 
2 363 1.01 
2 462 4.01 
2 485 1.01 
2 486 1.01 
2 491 2.01 
87 138 2.01 
87 232 0.01 
87 239 0.01 
87 265 1.01 
87 352 1.01 
87 401 0.01 
87 423 1.01 
87 435 0.01 
87 472 0.01 
87 476 2.01 
87 485 0.01 
87 487 0.01 
182 158 1.01 
182 314 0.01 
182 327 1.01 
182 356 0.01 
182 388 0.01 
182 406 1.01 
182 415 2.01 
182 417 1.01 
182 450 0.01 
182 454 2.01 
182 496 0.01 
182 500 3.01 
217 13 1.01 
217 121 2.01 
217 168 1.01 
217 195 0.01 
217 422 2.01 
217 444 0.01 
217 446 1.01 
217 480 0.01 
217 489 0.01 
217 491 2.01 
217 495 2.01 
297 10 2.01 
297 18 0.01 
297 317 0.01 
297 382 0.01 
297 413 1.01 
297 439 0.01 
297 462 0.01 
297 470 0.01 
297 477 1.01 
297 480 1.01 
297 494 0.01 
306 19 1.01 
306 73 0.01 
306 262 0.01 
306 312 0.01 
306 322 1.01 
306 340 1.01 
306 383 0.01 
306 399 0.01 
306 409 0.01 
306 444 0.01 
306 459 2.01 
322 259 0.01 
322 282 1.01 
322 306 0.01 
322 363 0.01 
322 368 1.01 
322 373 1.01 
322 380 0.01 
322 399 3.01 
322 422 1.01 
322 492 2.01 
322 494 1.01 
344 51 2.01 
344 96 3.01 
344 146 1.01 
344 319 1.01 
344 322 0.01 
344 395 3.01 
344 480 2.01 
344 488 2.01 
344 491 0.01 
344 494 2.01 
344 495 0.01 
363 12 1.01 
363 163 1.01 
363 172 0.01 
363 206 0.01 
363 217 2.01 
363 233 0.01 
363 235 2.01 
363 290 2.01 
363 446 0.01 
363 462 2.01 
363 470 0.01 
462 13 2.01 
462 203 0.01 
462 230 1.01 
462 251 0.01 
462 259 0.01 
462 336 0.01 
462 341 0.01 
462 357 1.01 
462 393 1.01 
462 466 2.01 
462 471 1.01 
485 25 0.01 
485 27 1.01 
485 144 0.01 
485 152 1.01 
485 403 1.01 
485 461 1.01 
485 489 2.01 
485 490 3.01 
485 491 1.01 
485 495 3.01 
485 499 0.01 
491 21 0.01 
491 127 0.01 
491 136 1.01 
491 203 2.01 
491 235 0.01 
491 257 5.01 
491 290 0.01 
491 304 0.01 
491 312 3.01 
491 430 1.01 
491 486 3.01 
3 91 1.01 
3 110 0.01 
3 309 1.01 
3 375 2.01 
3 389 1.01 
3 414 1.01 
3 455 0.01 
3 482 4.01 
3 497 0.01 
3 498 0.01 
3 499 1.01 
3 500 4.01 
91 208 0.01 
91 248 1.01 
91 273 0.01 
91 340 0.01 
91 367 1.01 
91 441 1.01 
91 463 1.01 
91 482 3.01 
91 483 2.01 
91 497 1.01 
91 498 1.01 
91 500 4.01 
110 151 0.01 
110 325 0.01 
110 359 0.01 
110 388 1.01 
110 430 1.01 
110 457 1.01 
110 468 2.01 
110 484 1.01 
110 496 1.01 
110 497 1.01 
110 499 2.01 
110 500 2.01 
309 83 1.01 
309 159 2.01 
309 176 0.01 
309 220 0.01 
309 233 1.01 
309 236 1.01 
309 374 0.01 
309 453 2.01 
309 483 1.01 
309 496 2.01 
309 500 5.01 
375 12 0.01 
375 33 1.01 
375 44 0.01 
375 309 1.01 
375 451 1.01 
375 456 1.01 
375 479 1.01 
375 484 0.01 
375 498 1.01 
375 499 2.01 
375 500 4.01 
389 5 2.01 
389 15 1.01 
389 240 0.01 
389 269 0.01 
389 322 1.01 
389 341 1.01 
389 414 0.01 
389 430 2.01 
389 496 2.01 
389 497 1.01 
389 500 2.01 
414 32 1.01 
414 81 1.01 
414 142 1.01 
414 200 0.01 
414 332 1.01 
414 333 0.01 
414 443 0.01 
414 456 1.01 
414 486 0.01 
414 496 3.01 
414 500 4.01 
455 91 1.01 
455 218 1.01 
455 284 1.01 
455 317 0.01 
455 368 1.01 
455 384 0.01 
455 387 1.01 
455 419 0.01 
455 437 1.01 
455 486 1.01 
455 496 2.01 
482 95 2.01 
482 182 2.01 
482 184 0.01 
482 320 1.01 
482 361 3.01 
482 380 1.01 
482 420 1.01 
482 454 2.01 
482 497 3.01 
482 499 3.01 
482 500 0.01 
497 188 0.01 
497 367 4.01 
497 375 2.01 
497 441 1.01 
497 479 3.01 
497 480 0.01 
497 492 1.01 
497 496 4.01 
497 498 1.01 
497 499 3.01 
497 500 5.01 
498 80 4.01 
498 150 4.01 
498 325 2.01 
498 367 0.01 
498 441 1.01 
498 454 1.01 
498 467 1.01 
498 482 2.01 
498 496 0.01 
498 497 1.01 
498 499 5.01 
499 188 1.01 
499 211 2.01 
499 236 3.01 
499 405 3.01 
499 410 2.01 
499 468 2.01 
499 483 3.01 
499 486 2.01 
499 496 2.01 
499 497 5.01 
499 498 3.01 
500 215 0.01 
500 294 0.01 
500 362 0.01 
500 367 0.01 
500 416 0.01 
500 450 0.01 
500 463 0.01 
500 474 0.01 
500 479 0.01 
500 498 0.01 
500 499 0.01 
4 55 0.01 
4 184 0.01 
4 187 0.01 
4 260 0.01 
4 282 0.01 
4 438 0.01 
4 452 1.01 
4 461 1.01 
4 475 0.01 
4 477 0.01 
4 478 2.01 
4 493 0.01 
55 4 1.01 
55 129 1.01 
55 270 0.01 
55 314 1.01 
55 323 0.01 
55 379 0.01 
55 411 3.01 
55 428 2.01 
55 434 1.01 
55 469 0.01 
55 473 0.01 
55 487 1.01 
184 5 1.01 
184 195 2.01 
184 328 0.01 
184 341 0.01 
184 362 0.01 
184 375 1.01 
184 402 0.01 
184 471 0.01 
184 497 1.01 
184 498 1.01 
184 499 3.01 
184 500 3.01 
187 88 1.01 
187 148 0.01 
187 222 1.01 
187 229 0.01 
187 256 2.01 
187 264 0.01 
187 328 0.01 
187 331 1.01 
187 428 0.01 
187 432 0.01 
187 452 0.01 
187 500 2.01 
260 117 2.01 
260 130 1.01 
260 131 2.01 
260 385 2.01 
260 414 0.01 
260 420 0.01 
260 424 0.01 
260 460 1.01 
260 469 4.01 
260 493 1.01 
260 500 3.01 
282 128 1.01 
282 146 0.01 
282 153 0.01 
282 216 1.01 
282 277 0.01 
282 278 0.01 
282 318 2.01 
282 361 0.01 
282 381 1.01 
282 481 1.01 
282 495 1.01 
438 100 0.01 
438 153 0.01 
438 212 2.01 
438 318 4.01 
438 347 0.01 
438 365 1.01 
438 397 1.01 
438 458 0.01 
438 459 2.01 
438 475 2.01 
438 493 0.01 
452 23 0.01 
452 228 0.01 
452 305 0.01 
452 321 3.01 
452 360 0.01 
452 411 1.01 
452 425 1.01 
452 467 1.01 
452 470 0.01 
452 475 1.01 
452 484 1.01 
461 152 0.01 
461 191 0.01 
461 300 2.01 
461 364 0.01 
461 435 2.01 
461 439 3.01 
461 452 3.01 
461 472 0.01 
461 481 0.01 
461 485 0.01 
461 495 5.01 
475 30 0.01 
475 48 1.01 
475 145 1.01 
475 165 1.01 
475 285 1.01 
475 307 1.01 
475 413 1.01 
475 438 1.01 
475 447 5.01 
475 452 4.01 
475 500 2.01 
477 112 1.01 
477 253 2.01 
477 286 4.01 
477 335 1.01 
477 340 1.01 
477 349 0.01 
477 404 0.01 
477 421 2.01 
477 427 1.01 
477 453 2.01 
477 491 1.01 
478 148 1.01 
478 230 0.01 
478 246 2.01 
478 249 1.01 
478 256 0.01 
478 303 3.01 
478 329 0.01 
478 346 0.01 
478 434 3.01 
478 480 1.01 
478 481 2.01 
493 146 0.01 
493 209 4.01 
493 305 2.01 
493 313 1.01 
493 367 2.01 
493 397 2.01 
493 447 4.01 
493 452 1.01 
493 460 0.01 
493 475 2.01 
493 491 3.01 
5 114 1.01 
5 158 3.01 
5 362 0.01 
5 375 2.01 
5 430 2.01 
5 468 1.01 
5 479 0.01 
5 483 0.01 
5 484 0.01 
5 496 1.01 
5 499 0.01 
5 500 0.01 
114 53 0.01 
114 106 1.01 
114 151 0.01 
114 167 0.01 
114 231 1.01 
114 281 1.01 
114 343 0.01 
114 374 0.01 
114 388 1.01 
114 482 0.01 
114 499 2.01 
114 500 3.01 
158 9 0.01 
158 159 0.01 
158 170 1.01 
158 277 2.01 
158 281 2.01 
158 402 1.01 
158 468 2.01 
158 479 2.01 
158 492 1.01 
158 497 0.01 
158 498 5.01 
158 499 1.01 
362 33 1.01 
362 43 1.01 
362 236 1.01 
362 423 0.01 
362 463 2.01 
362 468 1.01 
362 474 2.01 
362 492 1.01 
362 497 0.01 
362 499 2.01 
362 500 1.01 
430 9 1.01 
430 10 1.01 
430 12 0.01 
430 162 1.01 
430 169 2.01 
430 281 0.01 
430 386 0.01 
430 405 1.01 
430 410 3.01 
430 412 0.01 
430 500 3.01 
468 44 2.01 
468 182 3.01 
468 298 3.01 
468 361 1.01 
468 388 0.01 
468 405 0.01 
468 453 1.01 
468 479 0.01 
468 492 1.01 
468 497 1.01 
468 498 2.01 
479 281 0.01 
479 354 1.01 
479 383 0.01 
479 430 0.01 
479 450 0.01 
479 451 3.01 
479 474 0.01 
479 482 0.01 
479 484 2.01 
479 496 2.01 
479 499 4.01 
483 183 1.01 
483 199 0.01 
483 333 5.01 
483 338 0.01 
483 347 1.01 
483 418 3.01 
483 456 2.01 
483 457 2.01 
483 478 1.01 
483 498 3.01 
483 500 5.01 
484 132 0.01 
484 181 2.01 
484 272 3.01 
484 325 3.01 
484 406 2.01 
484 441 1.01 
484 450 3.01 
484 454 1.01 
484 496 2.01 
484 497 2.01 
484 500 4.01 
496 12 4.01 
496 78 0.01 
496 301 2.01 
496 327 6.01 
496 374 2.01 
496 376 1.01 
496 450 1.01 
496 451 1.01 
496 463 0.01 
496 483 1.01 
496 498 4.01 
6 218 0.01 
6 222 0.01 
6 300 2.01 
6 352 0.01 
6 369 0.01 
6 408 0.01 
6 431 0.01 
6 472 2.01 
6 476 0.01 
6 485 2.01 
6 488 1.01 
6 490 0.01 
218 116 0.01 
218 124 1.01 
218 191 0.01 
218 261 0.01 
218 339 1.01 
218 349 0.01 
218 391 1.01 
218 394 0.01 
218 401 0.01 
218 489 4.01 
218 495 4.01 
222 176 0.01 
222 241 0.01 
222 243 2.01 
222 300 1.01 
222 391 0.01 
222 415 0.01 
222 421 2.01 
222 432 1.01 
222 465 1.01 
222 487 3.01 
222 495 0.01 
300 298 1.01 
300 352 0.01 
300 371 1.01 
300 403 2.01 
300 417 1.01 
300 460 1.01 
300 465 1.01 
300 473 1.01 
300 485 2.01 
300 487 1.01 
300 489 1.01 
352 139 3.01 
352 275 1.01 
352 336 0.01 
352 360 0.01 
352 423 2.01 
352 435 1.01 
352 440 1.01 
352 470 0.01 
352 487 3.01 
352 489 2.01 
352 495 2.01 
369 221 0.01 
369 274 1.01 
369 295 1.01 
369 348 2.01 
369 352 0.01 
369 366 4.01 
369 371 0.01 
369 443 2.01 
369 469 1.01 
369 485 1.01 
369 489 1.01 
408 77 0.01 
408 178 0.01 
408 255 0.01 
408 351 1.01 
408 454 1.01 
408 478 1.01 
408 493 3.01 
408 496 3.01 
408 498 3.01 
408 499 4.01 
408 500 5.01 
431 8 1.01 
431 145 1.01 
431 221 0.01 
431 234 0.01 
431 407 2.01 
431 415 0.01 
431 440 1.01 
431 443 2.01 
431 449 1.01 
431 462 0.01 
431 476 2.01 
472 37 2.01 
472 287 0.01 
472 325 0.01 
472 366 4.01 
472 376 1.01 
472 423 3.01 
472 443 0.01 
472 445 0.01 
472 476 0.01 
472 485 1.01 
472 490 2.01 
476 71 0.01 
476 124 0.01 
476 228 2.01 
476 398 1.01 
476 421 3.01 
476 427 0.01 
476 434 1.01 
476 461 0.01 
476 473 4.01 
476 498 1.01 
476 500 1.01 
488 100 2.01 
488 142 0.01 
488 238 1.01 
488 257 0.01 
488 289 1.01 
488 368 2.01 
488 373 1.01 
488 381 2.01 
488 462 0.01 
488 494 1.01 
488 497 1.01 
490 8 2.01 
490 108 1.01 
490 286 2.01 
490 345 3.01 
490 360 2.01 
490 422 0.01 
490 432 0.01 
490 458 3.01 
490 464 2.01 
490 487 2.01 
490 489 4.01 
7 26 1.01 
7 42 1.01 
7 192 0.01 
7 258 0.01 
7 282 0.01 
7 307 1.01 
7 397 0.01 
7 425 0.01 
7 438 2.01 
7 452 1.01 
7 478 5.01 
7 481 2.01 
26 148 1.01 
26 307 0.01 
26 313 2.01 
26 353 0.01 
26 399 2.01 
26 402 0.01 
26 459 3.01 
26 475 1.01 
26 478 0.01 
26 481 2.01 
26 487 3.01 
26 493 4.01 
42 340 0.01 
42 344 1.01 
42 349 2.01 
42 392 0.01 
42 400 0.01 
42 404 0.01 
42 412 1.01 
42 444 0.01 
42 467 1.01 
42 480 1.01 
42 488 2.01 
42 491 0.01 
192 245 1.01 
192 289 1.01 
192 335 1.01 
192 366 0.01 
192 395 0.01 
192 414 1.01 
192 425 1.01 
192 464 0.01 
192 477 1.01 
192 480 1.01 
192 491 1.01 
192 494 2.01 
258 62 0.01 
258 143 1.01 
258 199 1.01 
258 304 0.01 
258 356 0.01 
258 388 0.01 
258 395 0.01 
258 419 1.01 
258 462 0.01 
258 466 0.01 
258 500 2.01 
307 5 0.01 
307 148 0.01 
307 229 2.01 
307 381 1.01 
307 424 0.01 
307 428 1.01 
307 460 1.01 
307 462 3.01 
307 469 0.01 
307 475 1.01 
307 498 4.01 
397 125 0.01 
397 129 0.01 
397 185 0.01 
397 194 0.01 
397 198 1.01 
397 334 0.01 
397 436 1.01 
397 458 2.01 
397 481 0.01 
397 490 0.01 
397 493 2.01 
425 2 3.01 
425 165 3.01 
425 179 1.01 
425 190 0.01 
425 305 1.01 
425 317 0.01 
425 346 0.01 
425 429 2.01 
425 460 5.01 
425 477 2.01 
425 478 0.01 
8 6 1.01 
8 50 0.01 
8 82 2.01 
8 237 0.01 
8 275 2.01 
8 326 0.01 
8 398 1.01 
8 415 0.01 
8 432 1.01 
8 461 0.01 
8 465 0.01 
8 495 0.01 
50 87 1.01 
50 155 0.01 
50 242 1.01 
50 280 1.01 
50 298 1.01 
50 407 2.01 
50 423 2.01 
50 435 1.01 
50 443 0.01 
50 448 0.01 
50 465 0.01 
50 490 1.01 
82 50 1.01 
82 128 0.01 
82 267 0.01 
82 295 0.01 
82 297 2.01 
82 348 1.01 
82 358 0.01 
82 394 0.01 
82 432 0.01 
82 461 3.01 
82 489 0.01 
82 495 2.01 
237 93 0.01 
237 99 1.01 
237 120 2.01 
237 128 0.01 
237 176 0.01 
237 248 1.01 
237 366 0.01 
237 371 0.01 
237 395 1.01 
237 415 2.01 
237 489 0.01 
275 6 2.01 
275 53 0.01 
275 99 1.01 
275 299 0.01 
275 353 0.01 
275 378 1.01 
275 449 2.01 
275 464 3.01 
275 476 3.01 
275 490 0.01 
275 495 1.01 
326 69 2.01 
326 114 0.01 
326 149 0.01 
326 183 1.01 
326 242 1.01 
326 250 0.01 
326 351 1.01 
326 456 1.01 
326 479 2.01 
326 497 2.01 
326 500 2.01 
398 83 0.01 
398 251 1.01 
398 275 1.01 
398 298 1.01 
398 366 0.01 
398 396 2.01 
398 423 1.01 
398 443 2.01 
398 458 1.01 
398 490 0.01 
398 500 2.01 
415 76 0.01 
415 124 1.01 
415 133 0.01 
415 176 1.01 
415 259 1.01 
415 316 1.01 
415 366 0.01 
415 369 1.01 
415 443 2.01 
415 464 0.01 
415 495 0.01 
432 31 1.01 
432 246 2.01 
432 378 0.01 
432 396 2.01 
432 435 5.01 
432 445 1.01 
432 461 1.01 
432 462 2.01 
432 465 2.01 
432 472 3.01 
432 473 0.01 
465 193 0.01 
465 247 0.01 
465 279 1.01 
465 311 4.01 
465 391 2.01 
465 394 3.01 
465 403 0.01 
465 427 2.01 
465 448 0.01 
465 458 1.01 
465 492 2.01 
495 31 0.01 
495 45 3.01 
495 71 1.01 
495 191 4.01 
495 213 2.01 
495 371 1.01 
495 374 2.01 
495 435 1.01 
495 440 1.01 
495 442 1.01 
495 464 1.01 
9 169 0.01 
9 181 2.01 
9 269 0.01 
9 302 0.01 
9 384 2.01 
9 390 0.01 
9 441 1.01 
9 468 1.01 
9 483 1.01 
9 497 3.01 
9 499 4.01 
9 500 3.01 
169 12 0.01 
169 187 0.01 
169 234 0.01 
169 283 1.01 
169 417 1.01 
169 430 1.01 
169 454 1.01 
169 457 1.01 
169 465 1.01 
169 498 1.01 
169 499 3.01 
169 500 3.01 
181 24 0.01 
181 38 1.01 
181 208 0.01 
181 354 0.01 
181 390 1.01 
181 412 0.01 
181 456 0.01 
181 457 1.01 
181 483 0.01 
181 497 1.01 
181 498 0.01 
181 500 2.01 
269 81 0.01 
269 86 0.01 
269 292 1.01 
269 414 0.01 
269 451 1.01 
269 456 1.01 
269 477 0.01 
269 481 1.01 
269 484 2.01 
269 498 3.01 
269 500 2.01 
302 55 0.01 
302 313 1.01 
302 346 0.01 
302 365 0.01 
302 417 0.01 
302 422 1.01 
302 425 0.01 
302 428 0.01 
302 434 4.01 
302 438 1.01 
302 469 1.01 
384 39 0.01 
384 85 1.01 
384 269 0.01 
384 337 0.01 
384 367 1.01 
384 370 1.01 
384 412 1.01 
384 430 0.01 
384 467 1.01 
384 498 0.01 
384 500 2.01 
390 119 5.01 
390 213 2.01 
390 265 0.01 
390 325 1.01 
390 408 1.01 
390 437 1.01 
390 468 1.01 
390 483 1.01 
390 492 0.01 
390 498 3.01 
390 500 2.01 
441 225 2.01 
441 254 0.01 
441 272 0.01 
441 359 1.01 
441 386 3.01 
441 416 0.01 
441 450 1.01 
441 457 0.01 
441 483 2.01 
441 489 2.01 
441 497 1.01 
10 39 1.01 
10 83 0.01 
10 169 0.01 
10 250 0.01 
10 255 0.01 
10 314 0.01 
10 323 0.01 
10 444 0.01 
10 468 0.01 
10 484 1.01 
10 498 1.01 
10 500 3.01 
39 104 1.01 
39 151 1.01 
39 184 0.01 
39 219 0.01 
39 370 2.01 
39 389 1.01 
39 406 0.01 
39 424 1.01 
39 450 2.01 
39 496 0.01 
39 499 3.01 
39 500 4.01 
83 225 3.01 
83 338 1.01 
83 383 0.01 
83 441 1.01 
83 451 1.01 
83 463 1.01 
83 468 0.01 
83 483 1.01 
83 484 0.01 
83 492 1.01 
83 498 1.01 
83 500 3.01 
250 24 0.01 
250 142 0.01 
250 239 0.01 
250 255 0.01 
250 301 1.01 
250 310 1.01 
250 326 0.01 
250 400 0.01 
250 420 1.01 
250 442 1.01 
250 500 2.01 
255 9 1.01 
255 72 0.01 
255 103 0.01 
255 273 2.01 
255 388 1.01 
255 412 0.01 
255 416 0.01 
255 479 0.01 
255 496 1.01 
255 499 4.01 
255 500 4.01 
314 75 0.01 
314 309 0.01 
314 351 1.01 
314 456 2.01 
314 474 3.01 
314 482 0.01 
314 494 2.01 
314 496 1.01 
314 497 2.01 
314 499 3.01 
314 500 1.01 
323 11 1.01 
323 116 0.01 
323 205 1.01 
323 244 1.01 
323 296 0.01 
323 354 1.01 
323 442 1.01 
323 446 0.01 
323 467 1.01 
323 499 2.01 
323 500 2.01 
444 28 1.01 
444 32 1.01 
444 197 0.01 
444 280 2.01 
444 317 0.01 
444 409 0.01 
444 433 2.01 
444 438 0.01 
444 486 1.01 
444 488 1.01 
444 494 4.01 
11 116 1.01 
11 225 0.01 
11 254 1.01 
11 333 1.01 
11 370 1.01 
11 408 3.01 
11 455 1.01 
11 479 1.01 
11 483 1.01 
11 484 1.01 
11 498 2.01 
11 500 2.01 
116 171 0.01 
116 184 1.01 
116 242 0.01 
116 281 0.01 
116 325 0.01 
116 425 0.01 
116 450 1.01 
116 474 0.01 
116 496 0.01 
116 497 2.01 
116 499 2.01 
116 500 3.01 
225 5 0.01 
225 103 1.01 
225 281 0.01 
225 310 2.01 
225 375 1.01 
225 429 0.01 
225 438 1.01 
225 467 0.01 
225 479 1.01 
225 498 2.01 
225 500 2.01 
254 32 0.01 
254 315 1.01 
254 333 0.01 
254 338 1.01 
254 390 1.01 
254 417 2.01 
254 454 1.01 
254 482 1.01 
254 483 0.01 
254 499 3.01 
254 500 0.01 
333 22 0.01 
333 194 0.01 
333 309 0.01 
333 371 1.01 
333 385 2.01 
333 405 1.01 
333 474 1.01 
333 482 1.01 
333 484 0.01 
333 498 1.01 
333 500 1.01 
370 184 2.01 
370 211 0.01 
370 327 1.01 
370 412 2.01 
370 479 1.01 
370 480 0.01 
370 484 0.01 
370 492 3.01 
370 497 4.01 
370 499 1.01 
370 500 3.01 
12 91 0.01 
12 118 2.01 
12 239 0.01 
12 267 0.01 
12 285 0.01 
12 359 0.01 
12 417 2.01 
12 418 2.01 
12 442 0.01 
12 492 0.01 
12 499 3.01 
12 500 7.01 
118 418 0.01 
118 457 0.01 
118 463 1.01 
118 467 0.01 
118 482 2.01 
118 483 4.01 
118 484 0.01 
118 491 2.01 
118 496 1.01 
118 497 3.01 
118 498 1.01 
118 500 2.01 
239 134 0.01 
239 292 0.01 
239 361 0.01 
239 374 0.01 
239 384 1.01 
239 386 0.01 
239 408 0.01 
239 468 0.01 
239 484 1.01 
239 497 2.01 
239 500 3.01 
267 45 0.01 
267 147 0.01 
267 186 0.01 
267 214 2.01 
267 240 0.01 
267 251 0.01 
267 265 1.01 
267 398 1.01 
267 443 0.01 
267 461 1.01 
267 495 2.01 
285 46 2.01 
285 79 0.01 
285 113 0.01 
285 253 0.01 
285 264 0.01 
285 278 0.01 
285 392 0.01 
285 428 0.01 
285 429 0.01 
285 436 0.01 
285 480 0.01 
359 22 1.01 
359 164 1.01 
359 384 0.01 
359 390 0.01 
359 405 1.01 
359 426 2.01 
359 451 1.01 
359 479 3.01 
359 496 1.01 
359 498 1.01 
359 500 4.01 
417 43 0.01 
417 57 2.01 
417 341 0.01 
417 389 2.01 
417 442 1.01 
417 454 0.01 
417 457 1.01 
417 474 1.01 
417 496 2.01 
417 499 5.01 
417 500 4.01 
418 15 1.01 
418 182 0.01 
418 272 0.01 
418 318 0.01 
418 406 0.01 
418 410 1.01 
418 417 0.01 
418 451 0.01 
418 498 2.01 
418 499 0.01 
418 500 2.01 
442 64 0.01 
442 110 1.01 
442 200 1.01 
442 277 2.01 
442 305 1.01 
442 386 0.01 
442 420 0.01 
442 484 1.01 
442 492 2.01 
442 499 1.01 
442 500 3.01 
492 86 2.01 
492 181 0.01 
492 208 2.01 
492 368 6.01 
492 418 2.01 
492 457 3.01 
492 482 0.01 
492 484 5.01 
492 494 2.01 
492 497 2.01 
492 500 2.01 
13 17 2.01 
13 121 1.01 
13 150 0.01 
13 280 1.01 
13 330 0.01 
13 336 2.01 
13 360 0.01 
13 393 1.01 
13 466 0.01 
13 480 1.01 
13 488 1.01 
13 494 0.01 
17 19 1.01 
17 289 0.01 
17 291 0.01 
17 393 2.01 
17 444 0.01 
17 470 2.01 
17 471 2.01 
17 477 3.01 
17 491 1.01 
17 494 0.01 
17 497 0.01 
17 500 1.01 
121 257 0.01 
121 296 0.01 
121 297 1.01 
121 306 0.01 
121 400 0.01 
121 425 2.01 
121 439 1.01 
121 472 1.01 
121 486 0.01 
121 488 0.01 
121 491 2.01 
121 494 1.01 
150 106 0.01 
150 216 0.01 
150 220 0.01 
150 299 0.01 
150 389 1.01 
150 442 3.01 
150 454 1.01 
150 477 0.01 
150 479 1.01 
150 492 1.01 
150 496 2.01 
150 500 3.01 
280 94 0.01 
280 160 0.01 
280 185 0.01 
280 227 0.01 
280 256 0.01 
280 296 0.01 
280 338 1.01 
280 419 1.01 
280 433 0.01 
280 462 1.01 
280 494 2.01 
330 141 1.01 
330 212 1.01 
330 260 1.01 
330 392 1.01 
330 426 1.01 
330 429 1.01 
330 436 1.01 
330 459 1.01 
330 469 0.01 
330 479 0.01 
330 498 1.01 
336 38 1.01 
336 263 1.01 
336 270 1.01 
336 273 0.01 
336 317 0.01 
336 445 0.01 
336 462 1.01 
336 485 0.01 
336 486 2.01 
336 488 1.01 
336 491 1.01 
360 30 0.01 
360 151 1.01 
360 152 3.01 
360 223 0.01 
360 224 0.01 
360 265 1.01 
360 267 0.01 
360 334 0.01 
360 431 1.01 
360 450 2.01 
360 495 2.01 
393 40 1.01 
393 251 1.01 
393 276 0.01 
393 437 0.01 
393 445 5.01 
393 455 2.01 
393 462 0.01 
393 470 1.01 
393 480 1.01 
393 488 0.01 
393 494 4.01 
466 238 0.01 
466 259 0.01 
466 296 1.01 
466 317 3.01 
466 335 1.01 
466 378 0.01 
466 382 1.01 
466 433 0.01 
466 446 0.01 
466 467 0.01 
466 471 1.01 
480 90 1.01 
480 126 0.01 
480 140 2.01 
480 316 0.01 
480 337 1.01 
480 453 2.01 
480 466 1.01 
480 470 1.01 
480 477 0.01 
480 488 4.01 
480 494 5.01 
14 149 1.01 
14 398 0.01 
14 412 1.01 
14 418 2.01 
14 442 0.01 
14 467 0.01 
14 472 1.01 
14 474 0.01 
14 479 1.01 
14 482 1.01 
14 483 2.01 
14 500 1.01 
149 4 0.01 
149 51 1.01 
149 81 0.01 
149 101 1.01 
149 264 1.01 
149 273 0.01 
149 467 0.01 
149 468 2.01 
149 479 0.01 
149 492 1.01 
149 497 1.01 
149 500 1.01 
412 159 1.01 
412 236 2.01 
412 374 1.01 
412 402 0.01 
412 420 2.01 
412 454 4.01 
412 463 2.01 
412 479 0.01 
412 496 2.01 
412 499 4.01 
412 500 5.01 
467 84 0.01 
467 220 2.01 
467 242 1.01 
467 304 0.01 
467 327 3.01 
467 417 1.01 
467 452 0.01 
467 454 1.01 
467 457 2.01 
467 499 2.01 
467 500 2.01 
474 36 0.01 
474 78 0.01 
474 180 1.01 
474 277 1.01 
474 406 1.01 
474 420 1.01 
474 451 2.01 
474 456 2.01 
474 484 0.01 
474 497 2.01 
474 500 2.01 
15 27 1.01 
15 106 0.01 
15 180 0.01 
15 326 1.01 
15 375 0.01 
15 412 0.01 
15 430 2.01 
15 441 0.01 
15 468 1.01 
15 492 0.01 
15 499 1.01 
15 500 1.01 
27 49 3.01 
27 107 1.01 
27 113 1.01 
27 186 0.01 
27 295 0.01 
27 376 0.01 
27 411 0.01 
27 461 1.01 
27 473 1.01 
27 490 2.01 
27 493 2.01 
27 495 1.01 
106 48 1.01 
106 75 2.01 
106 84 1.01 
106 158 1.01 
106 225 1.01 
106 241 0.01 
106 315 0.01 
106 367 0.01 
106 383 1.01 
106 482 2.01 
106 483 1.01 
106 500 3.01 
180 183 0.01 
180 194 0.01 
180 231 2.01 
180 382 0.01 
180 383 0.01 
180 384 1.01 
180 441 2.01 
180 442 0.01 
180 450 0.01 
180 471 0.01 
180 499 3.01 
180 500 4.01 
16 28 1.01 
16 84 2.01 
16 203 1.01 
16 207 0.01 
16 332 1.01 
16 367 1.01 
16 383 1.01 
16 390 0.01 
16 492 1.01 
16 497 3.01 
16 499 3.01 
16 500 3.01 
28 43 0.01 
28 206 3.01 
28 244 0.01 
28 284 0.01 
28 286 1.01 
28 400 1.01 
28 404 0.01 
28 477 0.01 
28 480 1.01 
28 487 3.01 
28 491 1.01 
28 499 1.01 
84 178 2.01 
84 195 0.01 
84 325 2.01 
84 326 0.01 
84 341 2.01 
84 390 2.01 
84 442 1.01 
84 468 1.01 
84 471 1.01 
84 492 3.01 
84 496 2.01 
84 500 4.01 
203 52 0.01 
203 157 1.01 
203 205 0.01 
203 245 1.01 
203 296 2.01 
203 335 0.01 
203 356 1.01 
203 402 0.01 
203 466 3.01 
203 470 1.01 
203 488 3.01 
203 499 1.01 
207 68 0.01 
207 89 0.01 
207 199 1.01 
207 383 0.01 
207 389 0.01 
207 437 0.01 
207 454 0.01 
207 467 1.01 
207 482 2.01 
207 498 3.01 
207 499 3.01 
207 500 4.01 
332 44 0.01 
332 200 1.01 
332 310 1.01 
332 323 0.01 
332 351 0.01 
332 361 0.01 
332 444 0.01 
332 484 2.01 
332 498 4.01 
332 499 4.01 
332 500 1.01 
367 162 2.01 
367 208 0.01 
367 219 0.01 
367 332 0.01 
367 370 1.01 
367 384 2.01 
367 389 1.01 
367 410 0.01 
367 412 1.01 
367 496 2.01 
367 500 3.01 
383 16 1.01 
383 57 1.01 
383 325 0.01 
383 341 0.01 
383 375 0.01 
383 388 0.01 
383 467 0.01 
383 482 1.01 
383 498 2.01 
383 499 3.01 
383 500 3.01 
19 28 0.01 
19 192 0.01 
19 203 1.01 
19 204 2.01 
19 219 0.01 
19 246 0.01 
19 413 2.01 
19 433 0.01 
19 462 4.01 
19 467 0.01 
19 471 1.01 
19 491 0.01 
289 29 3.01 
289 61 0.01 
289 78 1.01 
289 154 2.01 
289 173 0.01 
289 288 0.01 
289 404 0.01 
289 453 2.01 
289 477 0.01 
289 495 1.01 
289 500 0.01 
291 295 2.01 
291 396 0.01 
291 415 1.01 
291 448 0.01 
291 472 1.01 
291 473 1.01 
291 485 2.01 
291 489 0.01 
291 490 1.01 
291 495 0.01 
291 498 0.01 
470 40 0.01 
470 154 1.01 
470 192 0.01 
470 217 3.01 
470 347 1.01 
470 364 0.01 
470 405 2.01 
470 422 1.01 
470 445 2.01 
470 472 0.01 
470 495 2.01 
471 49 0.01 
471 230 0.01 
471 240 3.01 
471 258 1.01 
471 286 1.01 
471 304 1.01 
471 340 0.01 
471 363 1.01 
471 394 1.01 
471 443 2.01 
471 466 3.01 
18 61 1.01 
18 202 0.01 
18 286 0.01 
18 290 0.01 
18 319 0.01 
18 416 2.01 
18 437 0.01 
18 453 2.01 
18 491 1.01 
18 494 1.01 
18 497 1.01 
18 499 1.01 
61 68 1.01 
61 143 2.01 
61 181 1.01 
61 258 1.01 
61 288 1.01 
61 343 1.01 
61 352 0.01 
61 373 0.01 
61 443 2.01 
61 470 3.01 
61 486 2.01 
61 488 1.01 
202 77 0.01 
202 82 1.01 
202 103 2.01 
202 177 0.01 
202 198 0.01 
202 281 2.01 
202 307 2.01 
202 433 0.01 
202 437 1.01 
202 465 0.01 
202 493 0.01 
202 498 0.01 
286 156 0.01 
286 174 1.01 
286 379 0.01 
286 433 0.01 
286 437 0.01 
286 446 1.01 
286 456 1.01 
286 462 1.01 
286 491 0.01 
286 494 5.01 
286 495 2.01 
290 28 0.01 
290 67 0.01 
290 100 0.01 
290 189 1.01 
290 259 1.01 
290 283 0.01 
290 284 0.01 
290 311 0.01 
290 344 1.01 
290 395 0.01 
290 470 1.01 
319 67 1.01 
319 262 0.01 
319 335 0.01 
319 358 1.01 
319 422 2.01 
319 437 2.01 
319 444 3.01 
319 457 3.01 
319 485 1.01 
319 494 3.01 
319 499 1.01 
416 219 1.01 
416 239 0.01 
416 412 1.01 
416 430 1.01 
416 441 2.01 
416 451 2.01 
416 463 1.01 
416 484 1.01 
416 496 2.01 
416 499 1.01 
416 500 3.01 
453 42 1.01 
453 200 0.01 
453 350 0.01 
453 382 4.01 
453 399 3.01 
453 413 1.01 
453 448 1.01 
453 451 4.01 
453 474 3.01 
453 488 2.01 
453 491 3.01 
204 97 0.01 
204 127 1.01 
204 138 0.01 
204 172 1.01 
204 179 1.01 
204 195 0.01 
204 224 1.01 
204 268 1.01 
204 344 1.01 
204 349 0.01 
204 471 1.01 
204 474 1.01 
219 101 2.01 
219 205 0.01 
219 405 1.01 
219 418 1.01 
219 446 1.01 
219 457 1.01 
219 474 0.01 
219 479 1.01 
219 496 2.01 
219 498 0.01 
219 500 1.01 
246 49 2.01 
246 193 1.01 
246 228 0.01 
246 232 1.01 
246 298 2.01 
246 316 1.01 
246 355 0.01 
246 403 1.01 
246 465 1.01 
246 485 2.01 
246 500 3.01 
413 40 2.01 
413 59 0.01 
413 168 0.01 
413 263 0.01 
413 404 0.01 
413 444 0.01 
413 463 0.01 
413 469 5.01 
413 471 0.01 
413 488 2.01 
413 499 4.01 
433 18 1.01 
433 125 1.01 
433 154 1.01 
433 157 1.01 
433 293 0.01 
433 347 4.01 
433 441 2.01 
433 448 0.01 
433 488 2.01 
433 492 1.01 
433 497 1.01 
20 51 0.01 
20 69 2.01 
20 254 0.01 
20 361 2.01 
20 362 0.01 
20 366 0.01 
20 378 0.01 
20 420 1.01 
20 467 0.01 
20 498 1.01 
20 499 3.01 
20 500 1.01 
51 89 0.01 
51 134 0.01 
51 299 0.01 
51 351 0.01 
51 354 1.01 
51 420 1.01 
51 441 1.01 
51 490 0.01 
51 496 1.01 
51 497 1.01 
51 499 4.01 
51 500 4.01 
69 9 1.01 
69 149 0.01 
69 301 0.01 
69 315 1.01 
69 408 3.01 
69 429 0.01 
69 456 0.01 
69 482 0.01 
69 487 2.01 
69 496 0.01 
69 499 3.01 
69 500 3.01 
361 183 0.01 
361 294 1.01 
361 310 2.01 
361 314 1.01 
361 326 0.01 
361 417 0.01 
361 442 2.01 
361 474 3.01 
361 492 2.01 
361 499 1.01 
361 500 3.01 
366 35 1.01 
366 64 1.01 
366 120 0.01 
366 155 0.01 
366 247 1.01 
366 261 2.01 
366 293 0.01 
366 357 0.01 
366 376 4.01 
366 403 0.01 
366 480 2.01 
378 275 1.01 
378 300 1.01 
378 303 1.01 
378 316 1.01 
378 324 0.01 
378 458 1.01 
378 473 1.01 
378 487 4.01 
378 489 2.01 
378 495 0.01 
378 496 0.01 
420 69 4.01 
420 85 1.01 
420 122 0.01 
420 323 0.01 
420 406 1.01 
420 414 1.01 
420 427 0.01 
420 442 0.01 
420 498 2.01 
420 499 3.01 
420 500 2.01 
21 98 1.01 
21 224 0.01 
21 311 1.01 
21 334 0.01 
21 352 1.01 
21 376 2.01 
21 421 0.01 
21 427 2.01 
21 469 0.01 
21 485 0.01 
21 489 2.01 
21 495 2.01 
98 241 3.01 
98 267 0.01 
98 279 1.01 
98 364 1.01 
98 370 2.01 
98 371 0.01 
98 435 1.01 
98 439 1.01 
98 443 1.01 
98 461 2.01 
98 485 0.01 
98 487 1.01 
224 267 1.01 
224 279 0.01 
224 369 0.01 
224 387 1.01 
224 403 0.01 
224 427 0.01 
224 439 3.01 
224 464 3.01 
224 476 1.01 
224 493 1.01 
224 495 1.01 
311 107 0.01 
311 345 2.01 
311 394 0.01 
311 401 0.01 
311 407 2.01 
311 423 0.01 
311 440 1.01 
311 458 0.01 
311 472 2.01 
311 490 2.01 
311 495 2.01 
334 147 0.01 
334 246 0.01 
334 291 0.01 
334 316 2.01 
334 369 0.01 
334 382 0.01 
334 439 1.01 
334 440 1.01 
334 472 2.01 
334 490 2.01 
334 495 2.01 
376 35 0.01 
376 52 2.01 
376 132 1.01 
376 144 0.01 
376 176 1.01 
376 207 1.01 
376 356 0.01 
376 364 1.01 
376 366 0.01 
376 378 0.01 
376 495 3.01 
421 128 0.01 
421 159 2.01 
421 237 1.01 
421 269 1.01 
421 303 0.01 
421 452 1.01 
421 464 1.01 
421 472 3.01 
421 487 0.01 
421 489 1.01 
421 490 0.01 
427 124 1.01 
427 193 1.01 
427 376 0.01 
427 404 0.01 
427 415 0.01 
427 432 1.01 
427 473 2.01 
427 485 0.01 
427 488 1.01 
427 489 1.01 
427 490 0.01 
469 50 1.01 
469 229 1.01 
469 331 3.01 
469 404 6.01 
469 408 1.01 
469 409 1.01 
469 434 4.01 
469 436 1.01 
469 438 1.01 
469 473 1.01 
469 495 1.01 
489 175 2.01 
489 237 4.01 
489 261 3.01 
489 387 2.01 
489 394 1.01 
489 407 1.01 
489 439 0.01 
489 440 0.01 
489 471 0.01 
489 490 3.01 
489 494 1.01 
22 132 1.01 
22 150 0.01 
22 178 4.01 
22 269 1.01 
22 301 0.01 
22 388 1.01 
22 408 1.01 
22 463 0.01 
22 492 2.01 
22 496 2.01 
22 499 0.01 
22 500 1.01 
132 53 1.01 
132 277 0.01 
132 315 2.01 
132 337 0.01 
132 362 1.01 
132 369 1.01 
132 374 0.01 
132 482 1.01 
132 483 3.01 
132 484 0.01 
132 499 3.01 
132 500 0.01 
178 14 1.01 
178 185 1.01 
178 287 1.01 
178 290 1.01 
178 390 3.01 
178 414 1.01 
178 417 1.01 
178 483 0.01 
178 492 0.01 
178 498 3.01 
178 499 3.01 
178 500 2.01 
301 11 0.01 
301 20 0.01 
301 39 0.01 
301 162 2.01 
301 207 1.01 
301 361 0.01 
301 384 2.01 
301 441 0.01 
301 468 1.01 
301 497 2.01 
301 500 1.01 
388 111 0.01 
388 114 0.01 
388 169 1.01 
388 205 1.01 
388 332 0.01 
388 370 0.01 
388 420 1.01 
388 479 0.01 
388 497 4.01 
388 498 3.01 
388 500 7.01 
463 43 0.01 
463 84 0.01 
463 116 0.01 
463 178 0.01 
463 181 0.01 
463 323 2.01 
463 483 1.01 
463 484 3.01 
463 496 2.01 
463 499 2.01 
463 500 2.01 
23 41 0.01 
23 168 0.01 
23 268 1.01 
23 382 1.01 
23 409 0.01 
23 446 0.01 
23 448 1.01 
23 449 1.01 
23 458 0.01 
23 471 0.01 
23 480 2.01 
23 488 2.01 
41 45 1.01 
41 54 1.01 
41 65 2.01 
41 140 3.01 
41 209 0.01 
41 385 0.01 
41 426 0.01 
41 459 0.01 
41 475 0.01 
41 478 4.01 
41 488 1.01 
41 493 3.01 
168 95 0.01 
168 174 0.01 
168 202 0.01 
168 349 2.01 
168 397 0.01 
168 433 1.01 
168 448 0.01 
168 453 0.01 
168 454 1.01 
168 477 1.01 
168 486 1.01 
168 491 0.01 
268 58 0.01 
268 73 0.01 
268 136 0.01 
268 204 1.01 
268 280 0.01 
268 297 1.01 
268 392 0.01 
268 440 0.01 
268 471 3.01 
268 480 0.01 
268 494 1.01 
382 17 0.01 
382 188 0.01 
382 192 1.01 
382 270 2.01 
382 404 2.01 
382 437 2.01 
382 445 0.01 
382 453 0.01 
382 478 1.01 
382 491 3.01 
382 494 0.01 
409 44 0.01 
409 59 2.01 
409 90 0.01 
409 111 0.01 
409 245 0.01 
409 258 0.01 
409 343 0.01 
409 400 1.01 
409 445 1.01 
409 473 2.01 
409 477 1.01 
446 195 0.01 
446 323 1.01 
446 416 2.01 
446 422 0.01 
446 444 2.01 
446 445 1.01 
446 476 1.01 
446 477 1.01 
446 480 2.01 
446 486 0.01 
446 491 2.01 
448 196 0.01 
448 297 3.01 
448 348 4.01 
448 404 1.01 
448 413 2.01 
448 453 2.01 
448 460 0.01 
448 462 1.01 
448 464 0.01 
448 471 1.01 
448 488 1.01 
449 85 1.01 
449 222 0.01 
449 224 3.01 
449 247 2.01 
449 303 0.01 
449 324 0.01 
449 387 2.01 
449 401 1.01 
449 412 0.01 
449 464 0.01 
449 489 2.01 
458 35 1.01 
458 64 2.01 
458 210 1.01 
458 223 1.01 
458 353 0.01 
458 430 1.01 
458 433 0.01 
458 439 0.01 
458 449 0.01 
458 476 0.01 
458 495 1.01 
24 277 0.01 
24 383 2.01 
24 389 0.01 
24 390 0.01 
24 416 0.01 
24 418 0.01 
24 474 0.01 
24 479 1.01 
24 482 2.01 
24 498 0.01 
24 499 2.01 
24 500 2.01 
277 3 0.01 
277 91 2.01 
277 182 0.01 
277 200 0.01 
277 348 1.01 
277 410 1.01 
277 456 2.01 
277 482 2.01 
277 492 2.01 
277 499 0.01 
277 500 4.01 
25 40 1.01 
25 64 0.01 
25 278 0.01 
25 300 3.01 
25 303 0.01 
25 348 2.01 
25 387 0.01 
25 431 1.01 
25 439 0.01 
25 451 0.01 
25 487 1.01 
25 495 3.01 
40 39 0.01 
40 63 0.01 
40 201 0.01 
40 238 0.01 
40 352 0.01 
40 393 1.01 
40 431 1.01 
40 456 0.01 
40 470 0.01 
40 486 1.01 
40 488 0.01 
40 491 1.01 
64 7 0.01 
64 37 2.01 
64 86 2.01 
64 139 0.01 
64 241 0.01 
64 274 2.01 
64 387 0.01 
64 436 0.01 
64 449 0.01 
64 476 1.01 
64 489 1.01 
64 490 0.01 
278 31 0.01 
278 96 0.01 
278 179 1.01 
278 320 2.01 
278 346 1.01 
278 385 4.01 
278 392 0.01 
278 426 1.01 
278 459 1.01 
278 460 1.01 
278 469 3.01 
303 99 1.01 
303 120 0.01 
303 274 0.01 
303 308 2.01 
303 311 0.01 
303 339 0.01 
303 345 2.01 
303 396 0.01 
303 490 0.01 
303 494 3.01 
303 500 2.01 
348 242 1.01 
348 267 3.01 
348 308 2.01 
348 345 2.01 
348 387 1.01 
348 415 0.01 
348 435 1.01 
348 464 2.01 
348 487 1.01 
348 489 0.01 
348 490 2.01 
387 120 0.01 
387 133 0.01 
387 340 0.01 
387 431 3.01 
387 449 3.01 
387 457 1.01 
387 458 2.01 
387 465 2.01 
387 485 1.01 
387 490 3.01 
387 495 0.01 
439 144 0.01 
439 191 3.01 
439 287 0.01 
439 312 0.01 
439 387 1.01 
439 391 1.01 
439 458 0.01 
439 464 3.01 
439 473 0.01 
439 476 3.01 
439 500 1.01 
451 134 1.01 
451 239 1.01 
451 386 1.01 
451 388 1.01 
451 441 0.01 
451 456 1.01 
451 476 1.01 
451 479 0.01 
451 498 5.01 
451 499 0.01 
451 500 3.01 
487 27 2.01 
487 99 0.01 
487 107 1.01 
487 287 0.01 
487 350 1.01 
487 377 5.01 
487 391 2.01 
487 415 1.01 
487 440 1.01 
487 476 0.01 
487 496 0.01 
148 6 0.01 
148 76 0.01 
148 92 2.01 
148 411 0.01 
148 438 2.01 
148 447 0.01 
148 452 1.01 
148 469 0.01 
148 478 0.01 
148 481 0.01 
148 484 0.01 
148 499 0.01 
313 29 1.01 
313 92 0.01 
313 173 0.01 
313 239 0.01 
313 321 1.01 
313 465 1.01 
313 468 0.01 
313 469 1.01 
313 475 1.01 
313 482 0.01 
313 493 0.01 
353 30 1.01 
353 47 1.01 
353 145 2.01 
353 153 1.01 
353 352 3.01 
353 396 2.01 
353 473 2.01 
353 476 0.01 
353 489 1.01 
353 495 1.01 
353 499 2.01 
399 143 1.01 
399 147 0.01 
399 174 1.01 
399 190 0.01 
399 268 1.01 
399 382 0.01 
399 404 2.01 
399 466 1.01 
399 471 1.01 
399 475 1.01 
399 494 0.01 
402 44 0.01 
402 61 2.01 
402 110 0.01 
402 227 0.01 
402 328 1.01 
402 383 0.01 
402 420 1.01 
402 456 0.01 
402 457 1.01 
402 499 3.01 
402 500 2.01 
459 7 0.01 
459 29 1.01 
459 226 0.01 
459 271 3.01 
459 282 2.01 
459 392 3.01 
459 423 2.01 
459 447 1.01 
459 460 2.01 
459 493 0.01 
459 499 1.01 
49 287 0.01 
49 300 1.01 
49 308 0.01 
49 320 0.01 
49 360 0.01 
49 372 0.01 
49 377 0.01 
49 432 0.01 
49 439 3.01 
49 458 1.01 
49 484 2.01 
49 495 2.01 
107 9 0.01 
107 222 1.01 
107 223 1.01 
107 265 2.01 
107 353 0.01 
107 360 1.01 
107 398 0.01 
107 431 1.01 
107 464 2.01 
107 465 1.01 
107 487 0.01 
107 494 0.01 
113 46 1.01 
113 79 1.01 
113 117 1.01 
113 160 0.01 
113 186 0.01 
113 187 1.01 
113 225 0.01 
113 285 1.01 
113 294 0.01 
113 302 1.01 
113 355 0.01 
113 447 3.01 
186 71 0.01 
186 126 2.01 
186 189 2.01 
186 255 0.01 
186 348 1.01 
186 394 0.01 
186 398 1.01 
186 431 1.01 
186 438 0.01 
186 440 1.01 
186 473 2.01 
186 500 2.01 
295 268 1.01 
295 303 0.01 
295 316 0.01 
295 372 0.01 
295 378 1.01 
295 464 1.01 
295 465 0.01 
295 476 0.01 
295 485 1.01 
295 486 1.01 
295 493 1.01 
411 102 0.01 
411 163 0.01 
411 252 0.01 
411 262 0.01 
411 264 0.01 
411 306 0.01 
411 330 1.01 
411 397 1.01 
411 424 2.01 
411 434 2.01 
411 469 1.01 
473 52 1.01 
473 144 3.01 
473 228 0.01 
473 291 1.01 
473 311 1.01 
473 345 0.01 
473 387 1.01 
473 403 2.01 
473 449 2.01 
473 494 2.01 
473 500 3.01 
43 119 1.01 
43 142 0.01 
43 158 1.01 
43 183 2.01 
43 354 1.01 
43 416 0.01 
43 478 1.01 
43 483 1.01 
43 496 0.01 
43 497 0.01 
43 499 1.01 
43 500 6.01 
206 98 1.01 
206 123 0.01 
206 201 2.01 
206 247 2.01 
206 286 1.01 
206 290 1.01 
206 336 0.01 
206 370 1.01 
206 419 2.01 
206 475 0.01 
206 488 1.01 
206 494 0.01 
244 39 0.01 
244 150 0.01 
244 215 0.01 
244 386 0.01 
244 414 0.01 
244 450 1.01 
244 468 2.01 
244 474 0.01 
244 497 2.01 
244 498 1.01 
244 500 0.01 
284 141 1.01 
284 232 1.01 
284 268 1.01 
284 293 1.01 
284 356 1.01 
284 357 1.01 
284 403 0.01 
284 455 1.01 
284 470 1.01 
284 471 0.01 
284 494 3.01 
400 138 1.01 
400 177 0.01 
400 344 0.01 
400 358 1.01 
400 380 0.01 
400 422 1.01 
400 437 0.01 
400 464 1.01 
400 470 1.01 
400 485 3.01 
400 497 1.01 
404 33 0.01 
404 262 0.01 
404 271 0.01 
404 293 0.01 
404 304 2.01 
404 399 2.01 
404 417 1.01 
404 455 1.01 
404 480 1.01 
404 488 1.01 
404 497 1.01 
29 153 0.01 
29 175 1.01 
29 249 1.01 
29 282 2.01 
29 312 1.01 
29 329 1.01 
29 424 1.01 
29 428 0.01 
29 438 0.01 
29 466 0.01 
29 469 4.01 
29 498 2.01 
153 48 1.01 
153 206 0.01 
153 211 0.01 
153 260 3.01 
153 385 1.01 
153 392 1.01 
153 401 0.01 
153 424 1.01 
153 429 1.01 
153 436 1.01 
153 452 1.01 
153 493 1.01 
175 131 0.01 
175 141 1.01 
175 190 1.01 
175 212 1.01 
175 276 0.01 
175 410 2.01 
175 436 0.01 
175 439 0.01 
175 475 1.01 
175 481 1.01 
175 493 3.01 
175 498 2.01 
249 235 1.01 
249 274 2.01 
249 313 1.01 
249 392 2.01 
249 406 1.01 
249 434 0.01 
249 442 0.01 
249 453 1.01 
249 469 1.01 
249 490 1.01 
249 493 1.01 
312 268 2.01 
312 270 1.01 
312 313 0.01 
312 357 1.01 
312 373 1.01 
312 409 1.01 
312 447 2.01 
312 466 4.01 
312 470 0.01 
312 488 1.01 
312 499 0.01 
329 36 1.01 
329 156 2.01 
329 260 0.01 
329 320 0.01 
329 331 0.01 
329 379 2.01 
329 418 3.01 
329 428 0.01 
329 455 1.01 
329 469 3.01 
329 493 4.01 
424 79 2.01 
424 144 0.01 
424 318 2.01 
424 385 0.01 
424 414 0.01 
424 429 2.01 
424 438 1.01 
424 447 2.01 
424 453 0.01 
424 478 1.01 
424 493 1.01 
428 165 1.01 
428 187 0.01 
428 276 2.01 
428 278 0.01 
428 344 0.01 
428 346 0.01 
428 392 0.01 
428 425 2.01 
428 426 2.01 
428 447 0.01 
428 491 2.01 
30 47 0.01 
30 63 2.01 
30 212 1.01 
30 232 1.01 
30 345 0.01 
30 403 4.01 
30 454 0.01 
30 485 0.01 
30 487 2.01 
30 489 2.01 
30 490 2.01 
30 495 1.01 
63 61 1.01 
63 227 0.01 
63 336 0.01 
63 356 1.01 
63 358 0.01 
63 368 0.01 
63 373 0.01 
63 436 1.01 
63 477 2.01 
63 484 0.01 
63 486 1.01 
63 493 0.01 
212 26 1.01 
212 250 1.01 
212 260 1.01 
212 271 0.01 
212 342 1.01 
212 361 0.01 
212 379 1.01 
212 452 1.01 
212 469 0.01 
212 483 1.01 
212 493 3.01 
232 66 0.01 
232 308 0.01 
232 334 1.01 
232 377 1.01 
232 397 1.01 
232 443 1.01 
232 464 0.01 
232 465 0.01 
232 476 3.01 
232 494 1.01 
232 495 3.01 
345 35 0.01 
345 287 0.01 
345 407 1.01 
345 421 1.01 
345 443 3.01 
345 449 1.01 
345 468 2.01 
345 472 1.01 
345 485 0.01 
345 487 1.01 
345 493 1.01 
403 25 1.01 
403 224 0.01 
403 252 1.01 
403 324 2.01 
403 427 1.01 
403 440 1.01 
403 449 2.01 
403 458 1.01 
403 473 0.01 
403 485 0.01 
403 500 0.01 
454 38 2.01 
454 180 0.01 
454 194 1.01 
454 244 2.01 
454 341 1.01 
454 359 0.01 
454 389 2.01 
454 414 1.01 
454 450 3.01 
454 492 3.01 
454 500 1.01 
31 353 1.01 
31 371 1.01 
31 394 0.01 
31 415 0.01 
31 440 1.01 
31 465 1.01 
31 473 1.01 
31 476 0.01 
31 488 2.01 
31 489 1.01 
31 490 2.01 
31 497 0.01 
371 246 2.01 
371 292 1.01 
371 308 0.01 
371 311 1.01 
371 329 1.01 
371 353 0.01 
371 372 3.01 
371 394 1.01 
371 432 2.01 
371 450 0.01 
371 465 0.01 
394 6 0.01 
394 75 0.01 
394 82 0.01 
394 251 0.01 
394 338 0.01 
394 401 0.01 
394 435 0.01 
394 458 2.01 
394 485 1.01 
394 490 4.01 
394 495 2.01 
440 155 0.01 
440 218 2.01 
440 287 1.01 
440 324 0.01 
440 334 2.01 
440 366 2.01 
440 449 1.01 
440 460 0.01 
440 472 1.01 
440 490 4.01 
440 495 3.01 
32 16 2.01 
32 80 0.01 
32 81 0.01 
32 110 0.01 
32 181 0.01 
32 243 0.01 
32 368 3.01 
32 463 1.01 
32 479 0.01 
32 497 2.01 
32 499 0.01 
32 500 2.01 
80 10 0.01 
80 14 0.01 
80 122 0.01 
80 158 3.01 
80 180 1.01 
80 233 1.01 
80 242 1.01 
80 351 0.01 
80 463 0.01 
80 497 3.01 
80 498 1.01 
80 500 1.01 
81 66 0.01 
81 102 0.01 
81 333 0.01 
81 367 0.01 
81 402 4.01 
81 454 1.01 
81 468 1.01 
81 484 1.01 
81 492 2.01 
81 497 4.01 
81 499 1.01 
81 500 0.01 
368 90 2.01 
368 99 0.01 
368 100 1.01 
368 192 1.01 
368 235 0.01 
368 393 1.01 
368 419 6.01 
368 471 0.01 
368 477 1.01 
368 481 2.01 
368 498 2.01 
33 32 1.01 
33 119 1.01 
33 162 1.01 
33 188 0.01 
33 233 4.01 
33 294 1.01 
33 435 4.01 
33 457 2.01 
33 482 3.01 
33 498 1.01 
33 499 3.01 
33 500 4.01 
119 35 0.01 
119 77 0.01 
119 213 0.01 
119 215 0.01 
119 273 0.01 
119 309 0.01 
119 333 0.01 
119 482 1.01 
119 486 5.01 
119 496 3.01 
119 497 2.01 
119 500 4.01 
162 11 2.01 
162 116 0.01 
162 231 1.01 
162 272 0.01 
162 332 1.01 
162 357 0.01 
162 367 1.01 
162 419 3.01 
162 468 0.01 
162 498 1.01 
162 499 1.01 
162 500 5.01 
188 10 1.01 
188 83 0.01 
188 85 0.01 
188 182 0.01 
188 194 0.01 
188 301 0.01 
188 305 2.01 
188 359 0.01 
188 492 0.01 
188 497 3.01 
188 499 4.01 
188 500 2.01 
233 3 0.01 
233 199 0.01 
233 219 1.01 
233 344 0.01 
233 370 0.01 
233 418 1.01 
233 467 0.01 
233 470 1.01 
233 482 1.01 
233 499 5.01 
233 500 4.01 
294 149 2.01 
294 231 0.01 
294 244 0.01 
294 272 0.01 
294 273 1.01 
294 310 4.01 
294 332 2.01 
294 418 0.01 
294 496 0.01 
294 498 2.01 
294 500 3.01 
435 47 1.01 
435 274 1.01 
435 298 1.01 
435 360 0.01 
435 423 0.01 
435 440 0.01 
435 458 1.01 
435 473 1.01 
435 475 0.01 
435 488 0.01 
435 498 0.01 
457 43 0.01 
457 149 1.01 
457 263 0.01 
457 314 0.01 
457 328 2.01 
457 362 0.01 
457 408 1.01 
457 450 0.01 
457 476 0.01 
457 483 1.01 
457 499 3.01 
34 226 1.01 
34 231 1.01 
34 267 0.01 
34 276 0.01 
34 302 0.01 
34 342 0.01 
34 379 0.01 
34 386 0.01 
34 429 0.01 
34 434 2.01 
34 493 3.01 
34 500 1.01 
226 7 3.01 
226 217 0.01 
226 271 1.01 
226 307 0.01 
226 365 1.01 
226 409 1.01 
226 411 1.01 
226 460 1.01 
226 475 1.01 
226 478 2.01 
226 482 2.01 
231 86 0.01 
231 150 0.01 
231 200 1.01 
231 361 1.01 
231 442 0.01 
231 447 0.01 
231 468 2.01 
231 479 1.01 
231 492 1.01 
231 498 0.01 
231 499 4.01 
276 36 0.01 
276 48 0.01 
276 141 0.01 
276 245 2.01 
276 322 1.01 
276 330 2.01 
276 426 4.01 
276 436 0.01 
276 459 0.01 
276 463 2.01 
276 493 1.01 
342 34 0.01 
342 146 0.01 
342 249 1.01 
342 264 1.01 
342 365 0.01 
342 425 1.01 
342 438 2.01 
342 447 0.01 
342 470 2.01 
342 493 2.01 
342 496 0.01 
379 17 1.01 
379 113 2.01 
379 149 0.01 
379 190 0.01 
379 229 1.01 
379 256 2.01 
379 329 0.01 
379 381 2.01 
379 391 1.01 
379 398 1.01 
379 460 1.01 
386 118 0.01 
386 337 0.01 
386 389 0.01 
386 399 1.01 
386 454 0.01 
386 456 0.01 
386 483 2.01 
386 484 2.01 
386 497 1.01 
386 499 1.01 
386 500 4.01 
429 19 1.01 
429 311 0.01 
429 331 1.01 
429 333 0.01 
429 355 0.01 
429 379 2.01 
429 397 1.01 
429 428 0.01 
429 481 2.01 
429 493 0.01 
429 499 1.01 
434 131 1.01 
434 135 2.01 
434 179 0.01 
434 210 1.01 
434 256 0.01 
434 321 1.01 
434 358 2.01 
434 426 0.01 
434 428 1.01 
434 449 0.01 
434 459 0.01 
35 21 1.01 
35 189 1.01 
35 348 1.01 
35 352 1.01 
35 387 1.01 
35 407 3.01 
35 443 3.01 
35 449 2.01 
35 464 1.01 
35 474 2.01 
35 481 0.01 
35 489 0.01 
189 45 1.01 
189 176 2.01 
189 197 2.01 
189 261 1.01 
189 291 0.01 
189 302 0.01 
189 316 1.01 
189 348 1.01 
189 376 1.01 
189 378 3.01 
189 406 0.01 
189 473 0.01 
407 145 1.01 
407 222 0.01 
407 334 1.01 
407 348 2.01 
407 364 2.01 
407 396 0.01 
407 439 0.01 
407 459 0.01 
407 486 1.01 
407 490 1.01 
407 495 1.01 
443 27 2.01 
443 31 0.01 
443 70 0.01 
443 155 1.01 
443 298 1.01 
443 353 0.01 
443 427 2.01 
443 439 3.01 
443 476 0.01 
443 485 3.01 
443 487 1.01 
464 52 1.01 
464 73 0.01 
464 232 0.01 
464 372 1.01 
464 393 4.01 
464 396 1.01 
464 423 1.01 
464 467 1.01 
464 476 0.01 
464 485 4.01 
464 495 1.01 
36 129 1.01 
36 198 0.01 
36 320 0.01 
36 329 1.01 
36 332 0.01 
36 424 1.01 
36 434 0.01 
36 469 2.01 
36 475 1.01 
36 478 1.01 
36 485 3.01 
36 493 1.01 
129 115 1.01 
129 256 0.01 
129 276 0.01 
129 354 0.01 
129 399 1.01 
129 434 3.01 
129 447 1.01 
129 459 0.01 
129 476 2.01 
129 478 1.01 
129 479 1.01 
129 481 1.01 
198 79 0.01 
198 146 0.01 
198 209 1.01 
198 248 0.01 
198 342 2.01 
198 373 1.01 
198 387 0.01 
198 429 2.01 
198 452 2.01 
198 469 3.01 
198 481 1.01 
198 498 1.01 
320 4 0.01 
320 41 0.01 
320 74 1.01 
320 113 1.01 
320 209 1.01 
320 278 1.01 
320 343 2.01 
320 353 2.01 
320 379 1.01 
320 438 1.01 
320 459 1.01 
133 247 1.01 
133 275 0.01 
133 331 0.01 
133 360 1.01 
133 376 1.01 
133 401 0.01 
133 411 2.01 
133 415 2.01 
133 439 2.01 
133 450 1.01 
133 464 3.01 
133 487 0.01 
208 133 1.01 
208 225 0.01 
208 269 1.01 
208 309 0.01 
208 375 0.01 
208 391 0.01 
208 416 1.01 
208 483 1.01 
208 492 2.01 
208 499 1.01 
208 500 3.01 
38 14 2.01 
38 213 0.01 
38 242 0.01 
38 402 1.01 
38 403 1.01 
38 418 1.01 
38 430 0.01 
38 451 0.01 
38 454 1.01 
38 461 2.01 
38 463 0.01 
38 500 2.01 
213 10 1.01 
213 22 1.01 
213 134 0.01 
213 375 1.01 
213 467 0.01 
213 468 0.01 
213 481 0.01 
213 491 0.01 
213 498 1.01 
213 499 3.01 
213 500 2.01 
242 24 1.01 
242 93 0.01 
242 207 0.01 
242 233 0.01 
242 260 0.01 
242 318 0.01 
242 326 1.01 
242 457 1.01 
242 474 0.01 
242 496 2.01 
242 500 2.01 
104 78 0.01 
104 292 0.01 
104 323 0.01 
104 402 1.01 
104 429 3.01 
104 450 0.01 
104 459 0.01 
104 483 1.01 
104 496 2.01 
104 498 1.01 
104 499 0.01 
104 500 1.01 
151 51 0.01 
151 272 0.01 
151 323 0.01 
151 326 0.01 
151 364 0.01 
151 370 0.01 
151 430 0.01 
151 471 1.01 
151 483 2.01 
151 492 2.01 
151 499 1.01 
151 500 6.01 
406 104 2.01 
406 250 0.01 
406 338 0.01 
406 361 4.01 
406 370 1.01 
406 374 0.01 
406 384 1.01 
406 402 1.01 
406 482 0.01 
406 497 1.01 
406 499 3.01 
450 75 1.01 
450 122 0.01 
450 335 1.01 
450 418 0.01 
450 452 0.01 
450 474 1.01 
450 482 1.01 
450 492 1.01 
450 496 0.01 
450 499 1.01 
450 500 3.01 
201 24 1.01 
201 140 1.01 
201 147 1.01 
201 253 0.01 
201 272 1.01 
201 356 0.01 
201 357 1.01 
201 393 1.01 
201 446 1.01 
201 453 0.01 
201 480 0.01 
201 491 0.01 
238 60 0.01 
238 108 1.01 
238 118 1.01 
238 172 2.01 
238 203 0.01 
238 284 0.01 
238 297 0.01 
238 343 0.01 
238 393 2.01 
238 445 0.01 
238 488 2.01 
456 234 0.01 
456 253 1.01 
456 327 2.01 
456 351 0.01 
456 359 0.01 
456 408 1.01 
456 457 2.01 
456 479 2.01 
456 496 3.01 
456 498 3.01 
456 500 3.01 
45 8 2.01 
45 105 1.01 
45 421 0.01 
45 431 1.01 
45 446 1.01 
45 458 0.01 
45 472 1.01 
45 473 3.01 
45 487 1.01 
45 489 0.01 
45 495 0.01 
45 497 0.01 
54 90 1.01 
54 235 0.01 
54 247 0.01 
54 278 2.01 
54 329 0.01 
54 355 1.01 
54 363 0.01 
54 392 0.01 
54 426 0.01 
54 429 0.01 
54 434 3.01 
54 478 1.01 
65 160 0.01 
65 260 4.01 
65 285 2.01 
65 381 1.01 
65 411 2.01 
65 434 2.01 
65 445 0.01 
65 460 1.01 
65 469 1.01 
65 475 0.01 
65 481 2.01 
65 488 1.01 
140 97 1.01 
140 165 0.01 
140 206 1.01 
140 245 1.01 
140 266 0.01 
140 351 0.01 
140 395 1.01 
140 413 0.01 
140 448 0.01 
140 471 0.01 
140 479 2.01 
140 488 0.01 
209 156 0.01 
209 158 0.01 
209 334 0.01 
209 447 0.01 
209 452 1.01 
209 470 2.01 
209 474 0.01 
209 475 0.01 
209 481 1.01 
209 493 1.01 
209 498 2.01 
385 36 0.01 
385 65 1.01 
385 282 2.01 
385 313 1.01 
385 330 0.01 
385 436 0.01 
385 438 2.01 
385 455 1.01 
385 473 3.01 
385 481 0.01 
385 493 1.01 
426 65 1.01 
426 74 2.01 
426 411 0.01 
426 424 0.01 
426 428 5.01 
426 429 2.01 
426 457 0.01 
426 469 2.01 
426 478 0.01 
426 481 2.01 
426 491 0.01 
340 67 1.01 
340 136 0.01 
340 195 0.01 
340 202 1.01 
340 350 1.01 
340 371 1.01 
340 388 0.01 
340 453 1.01 
340 480 1.01 
340 486 0.01 
340 500 2.01 
349 96 0.01 
349 164 1.01 
349 166 0.01 
349 280 0.01 
349 350 2.01 
349 363 1.01 
349 380 0.01 
349 486 3.01 
349 491 1.01 
349 496 0.01 
349 500 7.01 
392 102 1.01 
392 156 0.01 
392 173 1.01 
392 216 2.01 
392 381 0.01 
392 424 2.01 
392 475 0.01 
392 478 0.01 
392 481 0.01 
392 483 0.01 
392 497 1.01 
142 65 0.01 
142 191 0.01 
142 231 0.01 
142 292 2.01 
142 405 2.01 
142 441 2.01 
142 456 1.01 
142 463 1.01 
142 467 0.01 
142 498 1.01 
142 499 2.01 
142 500 4.01 
183 281 0.01 
183 282 0.01 
183 338 1.01 
183 341 0.01 
183 354 0.01 
183 388 0.01 
183 410 1.01 
183 436 0.01 
183 467 0.01 
183 483 0.01 
183 492 1.01 
183 500 1.01 
354 93 1.01 
354 106 0.01 
354 254 2.01 
354 327 1.01 
354 420 2.01 
354 467 1.01 
354 474 3.01 
354 487 0.01 
354 497 1.01 
354 499 5.01 
354 500 0.01 
44 33 0.01 
44 57 1.01 
44 72 0.01 
44 80 1.01 
44 95 0.01 
44 214 1.01 
44 417 1.01 
44 474 2.01 
44 496 0.01 
44 497 0.01 
44 498 1.01 
44 500 6.01 
57 86 1.01 
57 215 0.01 
57 234 2.01 
57 236 0.01 
57 383 0.01 
57 409 0.01 
57 440 0.01 
57 451 1.01 
57 474 0.01 
57 497 0.01 
57 498 1.01 
57 500 1.01 
72 266 0.01 
72 301 1.01 
72 327 1.01 
72 337 0.01 
72 410 0.01 
72 432 2.01 
72 473 2.01 
72 479 2.01 
72 496 1.01 
72 497 2.01 
72 499 7.01 
72 500 2.01 
95 211 0.01 
95 296 0.01 
95 351 0.01 
95 359 2.01 
95 395 0.01 
95 408 0.01 
95 410 0.01 
95 417 0.01 
95 467 0.01 
95 479 1.01 
95 499 1.01 
95 500 5.01 
214 56 0.01 
214 74 2.01 
214 308 0.01 
214 311 0.01 
214 423 0.01 
214 432 0.01 
214 449 0.01 
214 454 0.01 
214 461 1.01 
214 465 1.01 
214 495 0.01 
105 20 0.01 
105 138 0.01 
105 170 0.01 
105 174 1.01 
105 185 0.01 
105 262 1.01 
105 363 0.01 
105 396 0.01 
105 409 2.01 
105 446 1.01 
105 466 1.01 
105 477 1.01 
46 7 1.01 
46 67 1.01 
46 210 1.01 
46 212 1.01 
46 216 2.01 
46 320 0.01 
46 330 0.01 
46 422 1.01 
46 428 1.01 
46 441 2.01 
46 475 1.01 
46 493 2.01 
67 171 1.01 
67 206 1.01 
67 270 0.01 
67 280 1.01 
67 340 0.01 
67 422 0.01 
67 448 0.01 
67 470 1.01 
67 488 0.01 
67 490 1.01 
67 496 2.01 
67 500 0.01 
210 65 0.01 
210 97 1.01 
210 137 1.01 
210 163 2.01 
210 204 0.01 
210 355 0.01 
210 425 2.01 
210 434 1.01 
210 437 0.01 
210 472 0.01 
210 493 3.01 
216 160 0.01 
216 264 0.01 
216 321 0.01 
216 350 1.01 
216 355 0.01 
216 385 4.01 
216 459 1.01 
216 460 2.01 
216 469 2.01 
216 475 1.01 
216 479 1.01 
56 133 0.01 
56 251 0.01 
56 426 1.01 
56 427 0.01 
56 439 1.01 
56 446 0.01 
56 465 0.01 
56 473 1.01 
56 485 1.01 
56 487 1.01 
56 489 2.01 
56 490 0.01 
274 25 2.01 
274 30 0.01 
274 49 0.01 
274 60 0.01 
274 222 0.01 
274 295 0.01 
274 377 0.01 
274 435 0.01 
274 451 1.01 
274 464 1.01 
274 473 1.01 
48 46 0.01 
48 137 0.01 
48 302 2.01 
48 397 0.01 
48 407 0.01 
48 425 0.01 
48 426 1.01 
48 434 0.01 
48 452 1.01 
48 460 0.01 
48 481 2.01 
48 500 4.01 
137 34 0.01 
137 92 2.01 
137 135 1.01 
137 230 1.01 
137 359 0.01 
137 397 0.01 
137 460 1.01 
137 470 1.01 
137 475 2.01 
137 493 1.01 
137 498 0.01 
137 499 0.01 
460 74 2.01 
460 92 1.01 
460 130 2.01 
460 313 2.01 
460 319 3.01 
460 346 1.01 
460 365 1.01 
460 407 2.01 
460 436 2.01 
460 475 1.01 
460 493 5.01 
287 27 1.01 
287 221 0.01 
287 223 2.01 
287 369 2.01 
287 378 0.01 
287 391 2.01 
287 394 0.01 
287 427 2.01 
287 487 0.01 
287 490 1.01 
287 494 1.01 
308 128 1.01 
308 316 1.01 
308 317 0.01 
308 339 2.01 
308 378 0.01 
308 427 0.01 
308 478 0.01 
308 485 2.01 
308 487 1.01 
308 492 3.01 
308 495 0.01 
372 108 2.01 
372 246 1.01 
372 252 0.01 
372 345 1.01 
372 369 2.01 
372 419 1.01 
372 427 1.01 
372 449 1.01 
372 461 0.01 
372 487 6.01 
372 500 2.01 
377 218 1.01 
377 334 5.01 
377 373 2.01 
377 378 0.01 
377 430 1.01 
377 435 0.01 
377 464 0.01 
377 473 4.01 
377 487 2.01 
377 490 0.01 
377 495 0.01 
155 71 1.01 
155 186 2.01 
155 237 0.01 
155 324 0.01 
155 391 2.01 
155 421 2.01 
155 428 1.01 
155 461 2.01 
155 472 0.01 
155 485 1.01 
155 490 0.01 
155 499 1.01 
298 11 3.01 
298 144 0.01 
298 279 0.01 
298 300 0.01 
298 339 1.01 
298 360 0.01 
298 364 1.01 
298 461 3.01 
298 462 2.01 
298 485 2.01 
298 487 2.01 
423 108 0.01 
423 224 2.01 
423 261 3.01 
423 321 0.01 
423 339 1.01 
423 427 0.01 
423 432 1.01 
423 443 2.01 
423 448 1.01 
423 459 1.01 
423 472 2.01 
89 51 1.01 
89 151 0.01 
89 261 0.01 
89 294 0.01 
89 310 0.01 
89 321 0.01 
89 417 0.01 
89 430 0.01 
89 457 0.01 
89 490 3.01 
89 496 1.01 
89 500 2.01 
134 18 0.01 
134 244 0.01 
134 328 0.01 
134 337 0.01 
134 359 0.01 
134 393 1.01 
134 402 1.01 
134 442 2.01 
134 451 1.01 
134 497 1.01 
134 498 3.01 
134 500 3.01 
299 77 0.01 
299 142 0.01 
299 254 0.01 
299 337 0.01 
299 406 2.01 
299 416 1.01 
299 435 1.01 
299 468 0.01 
299 474 1.01 
299 497 0.01 
299 499 2.01 
351 5 0.01 
351 20 1.01 
351 159 1.01 
351 236 0.01 
351 255 0.01 
351 354 2.01 
351 416 1.01 
351 456 3.01 
351 467 1.01 
351 498 3.01 
351 499 1.01 
52 76 0.01 
52 193 1.01 
52 287 3.01 
52 349 0.01 
52 440 1.01 
52 443 2.01 
52 458 1.01 
52 472 1.01 
52 485 3.01 
52 489 0.01 
52 495 2.01 
52 500 1.01 
76 152 1.01 
76 172 0.01 
76 324 0.01 
76 372 0.01 
76 377 0.01 
76 382 1.01 
76 403 0.01 
76 432 1.01 
76 443 2.01 
76 472 4.01 
76 487 5.01 
76 495 0.01 
193 56 0.01 
193 183 0.01 
193 214 0.01 
193 291 1.01 
193 345 1.01 
193 377 2.01 
193 391 0.01 
193 461 0.01 
193 472 1.01 
193 476 1.01 
193 488 1.01 
193 489 1.01 
53 114 0.01 
53 123 0.01 
53 273 1.01 
53 365 0.01 
53 400 0.01 
53 416 0.01 
53 442 0.01 
53 463 0.01 
53 484 0.01 
53 496 2.01 
53 499 2.01 
53 500 4.01 
123 105 1.01 
123 121 0.01 
123 284 0.01 
123 340 0.01 
123 404 0.01 
123 448 2.01 
123 453 4.01 
123 464 1.01 
123 466 1.01 
123 469 2.01 
123 474 0.01 
123 489 2.01 
273 14 0.01 
273 95 1.01 
273 219 0.01 
273 315 0.01 
273 338 0.01 
273 405 1.01 
273 442 0.01 
273 482 0.01 
273 492 1.01 
273 497 1.01 
273 500 1.01 
365 163 2.01 
365 173 1.01 
365 216 0.01 
365 305 1.01 
365 330 0.01 
365 426 2.01 
365 438 0.01 
365 466 0.01 
365 475 2.01 
365 497 0.01 
365 498 2.01 
90 46 2.01 
90 88 0.01 
90 192 2.01 
90 268 0.01 
90 317 0.01 
90 393 0.01 
90 446 0.01 
90 448 2.01 
90 462 0.01 
90 486 1.01 
90 494 0.01 
90 497 1.01 
235 62 0.01 
235 112 0.01 
235 197 1.01 
235 211 0.01 
235 217 0.01 
235 279 2.01 
235 400 0.01 
235 445 0.01 
235 466 0.01 
235 491 1.01 
235 494 1.01 
247 87 1.01 
247 291 1.01 
247 391 0.01 
247 396 1.01 
247 421 1.01 
247 472 1.01 
247 475 0.01 
247 476 1.01 
247 489 3.01 
247 495 2.01 
247 498 2.01 
355 88 0.01 
355 155 0.01 
355 285 0.01 
355 342 0.01 
355 351 0.01 
355 425 0.01 
355 438 2.01 
355 478 1.01 
355 480 0.01 
355 493 2.01 
355 499 1.01 
270 122 0.01 
270 186 0.01 
270 258 2.01 
270 322 4.01 
270 367 0.01 
270 380 0.01 
270 409 1.01 
270 413 1.01 
270 466 0.01 
270 477 0.01 
270 491 2.01 
251 126 0.01 
251 193 1.01 
251 202 1.01 
251 224 0.01 
251 245 0.01 
251 396 2.01 
251 432 0.01 
251 461 1.01 
251 485 3.01 
251 487 0.01 
251 489 2.01 
86 22 0.01 
86 72 1.01 
86 333 2.01 
86 416 1.01 
86 429 0.01 
86 482 1.01 
86 483 0.01 
86 484 1.01 
86 496 1.01 
86 498 1.01 
86 499 2.01 
86 500 4.01 
215 20 1.01 
215 270 0.01 
215 292 2.01 
215 341 0.01 
215 345 0.01 
215 420 0.01 
215 441 0.01 
215 467 2.01 
215 468 0.01 
215 474 0.01 
215 500 2.01 
234 103 0.01 
234 104 0.01 
234 205 1.01 
234 351 1.01 
234 362 0.01 
234 374 0.01 
234 460 0.01 
234 474 1.01 
234 482 5.01 
234 499 1.01 
234 500 2.01 
236 101 0.01 
236 104 3.01 
236 209 1.01 
236 234 0.01 
236 294 0.01 
236 412 0.01 
236 456 1.01 
236 484 2.01 
236 487 1.01 
236 498 2.01 
236 500 3.01 
58 14 0.01 
58 60 1.01 
58 100 0.01 
58 140 1.01 
58 249 0.01 
58 304 1.01 
58 358 0.01 
58 471 0.01 
58 491 1.01 
58 492 2.01 
58 494 0.01 
58 499 2.01 
60 19 0.01 
60 143 0.01 
60 147 3.01 
60 170 0.01 
60 316 0.01 
60 347 0.01 
60 445 1.01 
60 455 2.01 
60 466 2.01 
60 470 5.01 
60 477 1.01 
60 486 1.01 
100 119 0.01 
100 290 0.01 
100 408 0.01 
100 413 0.01 
100 430 1.01 
100 432 1.01 
100 444 1.01 
100 446 1.01 
100 472 0.01 
100 477 1.01 
100 492 1.01 
100 494 0.01 
304 125 0.01 
304 238 0.01 
304 283 1.01 
304 369 0.01 
304 434 3.01 
304 466 4.01 
304 480 1.01 
304 483 4.01 
304 488 0.01 
304 494 1.01 
304 499 0.01 
358 13 1.01 
358 96 0.01 
358 112 0.01 
358 129 0.01 
358 380 0.01 
358 385 1.01 
358 444 0.01 
358 449 1.01 
358 486 2.01 
358 491 2.01 
358 494 2.01 
59 289 2.01 
59 309 0.01 
59 319 0.01 
59 368 0.01 
59 380 0.01 
59 399 1.01 
59 421 1.01 
59 433 0.01 
59 470 2.01 
59 480 0.01 
59 486 0.01 
59 491 0.01 
380 2 0.01 
380 63 3.01 
380 109 0.01 
380 368 0.01 
380 411 0.01 
380 444 4.01 
380 446 1.01 
380 455 1.01 
380 464 1.01 
380 491 2.01 
380 494 3.01 
143 18 2.01 
143 70 0.01 
143 168 0.01 
143 289 0.01 
143 290 0.01 
143 296 0.01 
143 399 0.01 
143 444 1.01 
143 463 2.01 
143 471 0.01 
143 473 2.01 
143 500 1.01 
147 19 0.01 
147 204 1.01 
147 243 0.01 
147 363 1.01 
147 395 0.01 
147 419 1.01 
147 422 3.01 
147 451 2.01 
147 467 0.01 
147 475 1.01 
147 482 2.01 
147 491 1.01 
170 71 0.01 
170 83 0.01 
170 188 0.01 
170 207 1.01 
170 283 0.01 
170 294 0.01 
170 314 0.01 
170 479 3.01 
170 483 0.01 
170 484 1.01 
170 498 1.01 
170 500 5.01 
316 248 1.01 
316 275 2.01 
316 366 1.01 
316 369 2.01 
316 378 2.01 
316 423 0.01 
316 458 4.01 
316 465 3.01 
316 485 2.01 
316 490 3.01 
316 500 2.01 
347 23 0.01 
347 123 1.01 
347 154 3.01 
347 196 1.01 
347 253 0.01 
347 284 2.01 
347 312 1.01 
347 470 5.01 
347 484 0.01 
347 485 1.01 
347 493 1.01 
445 124 0.01 
445 167 2.01 
445 185 0.01 
445 215 1.01 
445 227 1.01 
445 390 1.01 
445 407 2.01 
445 448 2.01 
445 453 1.01 
445 495 3.01 
445 500 6.01 
68 164 2.01 
68 293 0.01 
68 304 0.01 
68 319 0.01 
68 340 0.01 
68 344 1.01 
68 394 0.01 
68 402 0.01 
68 457 2.01 
68 471 0.01 
68 477 1.01 
68 488 2.01 
288 60 2.01 
288 111 0.01 
288 220 0.01 
288 254 0.01 
288 368 1.01 
288 380 1.01 
288 418 0.01 
288 437 0.01 
288 466 1.01 
288 486 3.01 
288 488 0.01 
343 171 3.01 
343 344 0.01 
343 347 0.01 
343 386 1.01 
343 400 2.01 
343 424 1.01 
343 441 1.01 
343 455 0.01 
343 458 2.01 
343 471 2.01 
343 486 2.01 
373 143 2.01 
373 159 1.01 
373 266 1.01 
373 288 2.01 
373 296 4.01 
373 343 1.01 
373 350 1.01 
373 358 1.01 
373 453 2.01 
373 486 3.01 
373 490 1.01 
62 121 2.01 
62 270 0.01 
62 301 0.01 
62 332 1.01 
62 419 0.01 
62 448 2.01 
62 456 0.01 
62 466 0.01 
62 471 0.01 
62 477 1.01 
62 486 1.01 
62 499 1.01 
419 84 2.01 
419 235 2.01 
419 283 0.01 
419 306 1.01 
419 415 0.01 
419 446 1.01 
419 453 0.01 
419 455 2.01 
419 462 1.01 
419 466 2.01 
419 494 1.01 
227 123 0.01 
227 245 0.01 
227 322 0.01 
227 346 0.01 
227 349 1.01 
227 399 1.01 
227 455 0.01 
227 489 0.01 
227 491 1.01 
227 494 0.01 
227 500 2.01 
436 129 2.01 
436 148 0.01 
436 250 1.01 
436 285 1.01 
436 307 2.01 
436 339 1.01 
436 379 1.01 
436 411 2.01 
436 465 1.01 
436 478 2.01 
436 493 5.01 
139 21 2.01 
139 121 1.01 
139 221 0.01 
139 237 0.01 
139 376 0.01 
139 421 3.01 
139 464 0.01 
139 469 0.01 
139 476 1.01 
139 483 2.01 
139 487 0.01 
139 490 1.01 
241 21 2.01 
241 136 0.01 
241 191 1.01 
241 196 2.01 
241 279 0.01 
241 334 0.01 
241 339 1.01 
241 432 0.01 
241 465 1.01 
241 472 2.01 
241 485 3.01 
160 54 0.01 
160 113 2.01 
160 305 1.01 
160 318 0.01 
160 321 1.01 
160 346 0.01 
160 365 1.01 
160 420 3.01 
160 460 1.01 
160 481 0.01 
160 494 2.01 
160 500 1.01 
381 102 0.01 
381 161 0.01 
381 187 0.01 
381 201 1.01 
381 256 3.01 
381 342 0.01 
381 383 0.01 
381 397 1.01 
381 469 1.01 
381 473 0.01 
381 475 2.01 
66 1 0.01 
66 47 0.01 
66 139 0.01 
66 145 1.01 
66 311 0.01 
66 372 0.01 
66 421 2.01 
66 435 1.01 
66 473 0.01 
66 485 0.01 
66 489 0.01 
66 497 1.01 
145 49 2.01 
145 180 0.01 
145 266 0.01 
145 295 0.01 
145 298 0.01 
145 369 3.01 
145 394 0.01 
145 398 2.01 
145 428 1.01 
145 464 1.01 
145 490 1.01 
145 495 0.01 
171 1 0.01 
171 123 0.01 
171 259 0.01 
171 263 1.01 
171 289 0.01 
171 347 1.01 
171 358 0.01 
171 388 1.01 
171 399 2.01 
171 404 1.01 
171 480 1.01 
171 492 2.01 
164 94 0.01 
164 96 2.01 
164 166 1.01 
164 201 2.01 
164 277 0.01 
164 280 0.01 
164 336 0.01 
164 362 1.01 
164 444 2.01 
164 462 0.01 
164 470 2.01 
164 483 1.01 
293 2 0.01 
293 89 0.01 
293 167 1.01 
293 197 2.01 
293 243 0.01 
293 266 0.01 
293 433 0.01 
293 471 1.01 
293 478 1.01 
293 494 1.01 
293 496 0.01 
315 53 1.01 
315 57 1.01 
315 89 1.01 
315 142 0.01 
315 170 1.01 
315 301 2.01 
315 374 0.01 
315 441 0.01 
315 484 1.01 
315 492 1.01 
315 499 2.01 
70 58 0.01 
70 410 1.01 
70 418 2.01 
70 444 2.01 
70 447 0.01 
70 455 1.01 
70 461 0.01 
70 466 2.01 
70 468 1.01 
70 486 0.01 
70 492 2.01 
70 494 1.01 
410 3 3.01 
410 91 0.01 
410 205 1.01 
410 328 1.01 
410 414 1.01 
410 468 0.01 
410 483 2.01 
410 491 0.01 
410 498 1.01 
410 499 4.01 
410 500 7.01 
447 54 1.01 
447 130 0.01 
447 175 1.01 
447 229 0.01 
447 321 1.01 
447 342 2.01 
447 400 0.01 
447 422 3.01 
447 425 2.01 
447 466 1.01 
447 493 3.01 
71 34 0.01 
71 107 1.01 
71 189 0.01 
71 244 0.01 
71 274 2.01 
71 279 0.01 
71 377 2.01 
71 398 3.01 
71 401 1.01 
71 440 0.01 
71 490 5.01 
71 495 2.01 
279 22 0.01 
279 56 1.01 
279 76 1.01 
279 189 1.01 
279 218 1.01 
279 246 0.01 
279 303 2.01 
279 353 0.01 
279 431 1.01 
279 487 0.01 
279 491 1.01 
401 265 0.01 
401 303 1.01 
401 372 1.01 
401 405 2.01 
401 407 2.01 
401 428 2.01 
401 435 2.01 
401 458 1.01 
401 476 1.01 
401 485 1.01 
401 495 1.01 
266 127 0.01 
266 175 0.01 
266 257 0.01 
266 262 0.01 
266 317 1.01 
266 373 0.01 
266 446 0.01 
266 456 1.01 
266 466 1.01 
266 477 2.01 
266 491 4.01 
327 132 0.01 
327 234 1.01 
327 386 1.01 
327 390 0.01 
327 406 0.01 
327 408 0.01 
327 451 1.01 
327 457 0.01 
327 474 0.01 
327 492 1.01 
327 500 4.01 
337 59 0.01 
337 77 3.01 
337 213 0.01 
337 277 1.01 
337 333 2.01 
337 478 0.01 
337 482 0.01 
337 492 1.01 
337 496 2.01 
337 497 1.01 
337 500 1.01 
73 25 0.01 
73 28 0.01 
73 109 1.01 
73 136 2.01 
73 227 1.01 
73 229 1.01 
73 306 2.01 
73 307 1.01 
73 437 0.01 
73 453 0.01 
73 462 0.01 
73 471 1.01 
109 1 1.01 
109 23 0.01 
109 62 0.01 
109 167 0.01 
109 235 0.01 
109 257 1.01 
109 343 0.01 
109 444 2.01 
109 445 1.01 
109 482 1.01 
109 484 1.01 
109 500 2.01 
136 23 2.01 
136 172 2.01 
136 283 1.01 
136 291 0.01 
136 314 0.01 
136 343 1.01 
136 380 2.01 
136 419 0.01 
136 433 2.01 
136 448 1.01 
136 488 1.01 
136 493 0.01 
229 29 0.01 
229 48 1.01 
229 178 1.01 
229 230 1.01 
229 302 1.01 
229 341 3.01 
229 392 0.01 
229 426 1.01 
229 461 1.01 
229 469 3.01 
229 478 3.01 
74 41 0.01 
74 216 1.01 
74 275 1.01 
74 302 1.01 
74 415 1.01 
74 421 1.01 
74 424 0.01 
74 436 0.01 
74 452 3.01 
74 459 1.01 
74 460 0.01 
74 482 3.01 
75 89 0.01 
75 127 0.01 
75 215 0.01 
75 265 0.01 
75 310 0.01 
75 337 1.01 
75 454 3.01 
75 496 1.01 
75 497 1.01 
75 498 2.01 
75 499 2.01 
75 500 1.01 
127 58 0.01 
127 117 0.01 
127 157 2.01 
127 266 0.01 
127 312 0.01 
127 445 2.01 
127 455 1.01 
127 470 3.01 
127 480 1.01 
127 486 3.01 
127 498 1.01 
127 500 6.01 
265 161 1.01 
265 214 1.01 
265 259 1.01 
265 364 0.01 
265 372 0.01 
265 398 1.01 
265 427 0.01 
265 440 1.01 
265 472 1.01 
265 487 0.01 
265 489 2.01 
310 13 0.01 
310 354 0.01 
310 384 0.01 
310 441 1.01 
310 442 0.01 
310 469 0.01 
310 484 0.01 
310 496 1.01 
310 498 1.01 
310 499 5.01 
310 500 5.01 
152 108 0.01 
152 228 0.01 
152 241 3.01 
152 265 1.01 
152 403 0.01 
152 407 0.01 
152 432 0.01 
152 436 1.01 
152 439 3.01 
152 449 2.01 
152 476 1.01 
152 485 1.01 
172 168 1.01 
172 236 1.01 
172 336 1.01 
172 393 2.01 
172 409 0.01 
172 413 1.01 
172 420 0.01 
172 448 2.01 
172 462 1.01 
172 488 2.01 
172 494 1.01 
172 495 1.01 
324 218 1.01 
324 360 0.01 
324 376 1.01 
324 396 0.01 
324 461 1.01 
324 473 0.01 
324 475 0.01 
324 482 0.01 
324 485 1.01 
324 489 1.01 
324 490 7.01 
77 24 1.01 
77 38 0.01 
77 295 0.01 
77 405 1.01 
77 450 0.01 
77 468 2.01 
77 474 0.01 
77 489 1.01 
77 496 0.01 
77 497 3.01 
77 499 4.01 
77 500 4.01 
405 53 0.01 
405 119 2.01 
405 346 0.01 
405 359 1.01 
405 386 0.01 
405 389 0.01 
405 406 0.01 
405 463 2.01 
405 492 4.01 
405 497 3.01 
405 500 3.01 
78 15 0.01 
78 315 1.01 
78 338 1.01 
78 410 3.01 
78 416 2.01 
78 451 1.01 
78 457 1.01 
78 492 3.01 
78 497 1.01 
78 498 2.01 
78 499 2.01 
78 500 3.01 
338 20 2.01 
338 26 0.01 
338 272 1.01 
338 299 1.01 
338 354 2.01 
338 414 1.01 
338 451 1.01 
338 456 0.01 
338 492 2.01 
338 496 2.01 
338 500 8.01 
79 94 1.01 
79 115 1.01 
79 210 0.01 
79 252 0.01 
79 318 2.01 
79 320 0.01 
79 447 0.01 
79 466 1.01 
79 469 0.01 
79 475 1.01 
79 478 1.01 
79 493 2.01 
94 1 1.01 
94 130 2.01 
94 152 0.01 
94 201 0.01 
94 306 1.01 
94 347 0.01 
94 373 0.01 
94 422 0.01 
94 453 2.01 
94 480 0.01 
94 491 0.01 
94 494 0.01 
115 41 0.01 
115 55 1.01 
115 69 3.01 
115 101 2.01 
115 131 1.01 
115 249 1.01 
115 328 0.01 
115 426 0.01 
115 436 1.01 
115 479 1.01 
115 487 1.01 
115 493 2.01 
252 4 0.01 
252 161 2.01 
252 190 1.01 
252 230 1.01 
252 305 0.01 
252 333 1.01 
252 416 1.01 
252 424 1.01 
252 477 0.01 
252 478 0.01 
252 481 2.01 
318 115 1.01 
318 156 0.01 
318 160 0.01 
318 249 1.01 
318 327 0.01 
318 342 0.01 
318 377 0.01 
318 431 2.01 
318 459 0.01 
318 469 1.01 
318 493 3.01 
122 188 0.01 
122 388 2.01 
122 408 0.01 
122 410 1.01 
122 450 0.01 
122 454 0.01 
122 457 0.01 
122 467 1.01 
122 468 1.01 
122 479 0.01 
122 492 3.01 
122 500 2.01 
102 7 0.01 
102 72 0.01 
102 74 1.01 
102 137 1.01 
102 179 0.01 
102 289 0.01 
102 300 1.01 
102 302 0.01 
102 329 0.01 
102 438 2.01 
102 460 0.01 
102 475 0.01 
128 25 0.01 
128 139 3.01 
128 221 0.01 
128 342 1.01 
128 371 0.01 
128 384 1.01 
128 403 1.01 
128 449 0.01 
128 472 1.01 
128 476 0.01 
128 489 2.01 
128 495 2.01 
195 125 0.01 
195 253 1.01 
195 286 3.01 
195 325 1.01 
195 347 0.01 
195 357 1.01 
195 368 1.01 
195 377 0.01 
195 385 0.01 
195 489 1.01 
195 497 1.01 
195 500 2.01 
325 118 1.01 
325 170 0.01 
325 384 0.01 
325 386 1.01 
325 402 1.01 
325 412 0.01 
325 440 2.01 
325 484 2.01 
325 492 1.01 
325 497 1.01 
325 500 2.01 
341 85 3.01 
341 132 0.01 
341 194 0.01 
341 199 2.01 
341 220 1.01 
341 299 0.01 
341 405 2.01 
341 442 3.01 
341 454 2.01 
341 463 3.01 
341 500 5.01 
85 16 0.01 
85 32 1.01 
85 38 0.01 
85 103 0.01 
85 309 1.01 
85 414 2.01 
85 451 0.01 
85 453 0.01 
85 472 2.01 
85 497 2.01 
85 498 3.01 
85 500 8.01 
103 72 1.01 
103 234 1.01 
103 250 0.01 
103 328 0.01 
103 332 1.01 
103 358 0.01 
103 361 0.01 
103 430 0.01 
103 450 0.01 
103 484 0.01 
103 498 4.01 
103 500 2.01 
138 16 0.01 
138 257 2.01 
138 263 1.01 
138 266 0.01 
138 273 0.01 
138 399 1.01 
138 409 2.01 
138 423 0.01 
138 445 0.01 
138 455 1.01 
138 486 0.01 
138 491 1.01 
88 58 0.01 
88 161 1.01 
88 187 0.01 
88 190 0.01 
88 318 1.01 
88 324 1.01 
88 331 0.01 
88 429 0.01 
88 481 1.01 
88 486 0.01 
88 493 2.01 
88 500 1.01 
161 4 1.01 
161 112 0.01 
161 226 0.01 
161 230 0.01 
161 330 0.01 
161 346 1.01 
161 355 2.01 
161 390 1.01 
161 447 0.01 
161 452 0.01 
161 478 0.01 
161 488 0.01 
190 15 0.01 
190 55 0.01 
190 62 1.01 
190 88 1.01 
190 135 0.01 
190 223 0.01 
190 342 0.01 
190 424 1.01 
190 459 3.01 
190 461 1.01 
190 478 1.01 
190 481 1.01 
331 8 1.01 
331 26 1.01 
331 130 1.01 
331 198 1.01 
331 252 1.01 
331 276 0.01 
331 278 0.01 
331 365 2.01 
331 436 0.01 
331 469 3.01 
331 476 0.01 
261 66 1.01 
261 87 1.01 
261 248 0.01 
261 304 0.01 
261 376 3.01 
261 423 1.01 
261 426 2.01 
261 458 1.01 
261 461 1.01 
261 465 3.01 
261 496 0.01 
321 110 1.01 
321 285 1.01 
321 411 1.01 
321 429 1.01 
321 441 0.01 
321 447 0.01 
321 452 0.01 
321 457 1.01 
321 460 2.01 
321 493 1.01 
321 498 1.01 
317 68 1.01 
317 70 1.01 
317 238 1.01 
317 254 2.01 
317 258 1.01 
317 271 0.01 
317 363 0.01 
317 437 3.01 
317 462 2.01 
317 463 1.01 
317 489 0.01 
248 186 0.01 
248 241 0.01 
248 295 0.01 
248 355 0.01 
248 372 1.01 
248 421 0.01 
248 431 2.01 
248 444 0.01 
248 458 2.01 
248 464 0.01 
248 495 0.01 
92 41 0.01 
92 173 0.01 
92 318 0.01 
92 372 0.01 
92 380 0.01 
92 427 1.01 
92 428 0.01 
92 436 0.01 
92 459 1.01 
92 469 2.01 
92 481 2.01 
92 493 4.01 
173 153 3.01 
173 179 0.01 
173 226 0.01 
173 278 1.01 
173 297 0.01 
173 363 0.01 
173 365 0.01 
173 426 0.01 
173 431 1.01 
173 452 1.01 
173 481 1.01 
173 490 0.01 
93 75 0.01 
93 180 0.01 
93 269 1.01 
93 299 1.01 
93 456 2.01 
93 474 0.01 
93 479 0.01 
93 484 1.01 
93 497 3.01 
93 498 1.01 
93 499 1.01 
93 500 5.01 
130 115 4.01 
130 117 1.01 
130 143 0.01 
130 434 0.01 
130 438 2.01 
130 439 0.01 
130 447 0.01 
130 454 1.01 
130 460 2.01 
130 478 3.01 
130 481 1.01 
130 492 2.01 
211 15 2.01 
211 233 1.01 
211 255 0.01 
211 323 0.01 
211 406 1.01 
211 447 3.01 
211 457 3.01 
211 487 0.01 
211 496 1.01 
211 498 5.01 
211 500 2.01 
296 2 1.01 
296 3 0.01 
296 111 0.01 
296 243 2.01 
296 356 0.01 
296 374 0.01 
296 406 1.01 
296 433 0.01 
296 470 3.01 
296 471 1.01 
296 486 2.01 
395 81 0.01 
395 198 0.01 
395 286 0.01 
395 289 0.01 
395 336 2.01 
395 349 0.01 
395 381 1.01 
395 480 0.01 
395 482 2.01 
395 494 0.01 
395 500 1.01 
96 134 0.01 
96 280 1.01 
96 336 1.01 
96 376 1.01 
96 395 0.01 
96 413 1.01 
96 437 0.01 
96 444 1.01 
96 448 2.01 
96 470 2.01 
96 486 0.01 
96 494 1.01 
97 2 0.01 
97 59 3.01 
97 167 1.01 
97 240 0.01 
97 327 0.01 
97 357 0.01 
97 358 0.01 
97 413 1.01 
97 449 0.01 
97 462 4.01 
97 466 1.01 
97 480 1.01 
167 59 0.01 
167 105 0.01 
167 162 0.01 
167 164 0.01 
167 166 1.01 
167 171 1.01 
167 326 1.01 
167 335 0.01 
167 357 1.01 
167 448 1.01 
167 471 1.01 
167 488 0.01 
240 97 0.01 
240 177 0.01 
240 221 0.01 
240 288 0.01 
240 298 1.01 
240 357 0.01 
240 395 1.01 
240 445 0.01 
240 453 0.01 
240 486 1.01 
240 494 1.01 
357 240 1.01 
357 266 1.01 
357 288 2.01 
357 300 0.01 
357 306 0.01 
357 380 0.01 
357 477 2.01 
357 480 1.01 
357 491 1.01 
357 494 1.01 
357 496 0.01 
364 378 0.01 
364 389 0.01 
364 415 1.01 
364 423 0.01 
364 431 1.01 
364 439 1.01 
364 462 2.01 
364 464 1.01 
364 489 0.01 
364 495 1.01 
364 496 3.01 
99 126 1.01 
99 145 2.01 
99 177 0.01 
99 237 1.01 
99 303 0.01 
99 335 0.01 
99 421 2.01 
99 440 1.01 
99 461 1.01 
99 472 2.01 
99 483 0.01 
99 489 2.01 
126 21 1.01 
126 66 2.01 
126 299 0.01 
126 369 1.01 
126 393 0.01 
126 404 0.01 
126 427 0.01 
126 439 1.01 
126 443 0.01 
126 465 1.01 
126 489 1.01 
126 490 1.01 
177 171 0.01 
177 217 2.01 
177 226 1.01 
177 297 2.01 
177 409 0.01 
177 419 2.01 
177 426 0.01 
177 437 2.01 
177 445 1.01 
177 448 0.01 
177 489 1.01 
177 491 3.01 
335 42 1.01 
335 61 1.01 
335 148 3.01 
335 227 2.01 
335 253 1.01 
335 261 0.01 
335 269 0.01 
335 382 1.01 
335 400 1.01 
335 422 0.01 
335 477 1.01 
101 208 1.01 
101 213 0.01 
101 294 0.01 
101 371 3.01 
101 374 2.01 
101 482 0.01 
101 483 0.01 
101 492 1.01 
101 496 2.01 
101 497 0.01 
101 499 0.01 
101 500 1.01 
374 95 0.01 
374 122 2.01 
374 151 1.01 
374 172 2.01 
374 292 0.01 
374 310 0.01 
374 390 1.01 
374 417 0.01 
374 496 3.01 
374 497 1.01 
374 500 4.01 
179 36 0.01 
179 163 2.01 
179 271 0.01 
179 295 0.01 
179 307 1.01 
179 345 1.01 
179 428 1.01 
179 436 1.01 
179 451 1.01 
179 460 1.01 
179 481 1.01 
179 486 1.01 
328 3 0.01 
328 93 0.01 
328 314 0.01 
328 324 0.01 
328 332 2.01 
328 423 0.01 
328 456 0.01 
328 482 2.01 
328 483 1.01 
328 497 5.01 
328 500 3.01 
292 80 0.01 
292 101 0.01 
292 170 0.01 
292 326 1.01 
292 410 1.01 
292 416 3.01 
292 430 0.01 
292 467 0.01 
292 483 0.01 
292 492 0.01 
292 500 5.01 
174 17 1.01 
174 127 1.01 
174 167 1.01 
174 177 2.01 
174 293 5.01 
174 319 0.01 
174 350 2.01 
174 386 0.01 
174 400 0.01 
174 409 2.01 
174 477 0.01 
174 500 1.01 
262 60 0.01 
262 90 0.01 
262 112 2.01 
262 138 0.01 
262 164 0.01 
262 240 2.01 
262 292 0.01 
262 445 1.01 
262 455 3.01 
262 480 0.01 
262 490 1.01 
396 87 0.01 
396 109 0.01 
396 223 1.01 
396 248 2.01 
396 435 2.01 
396 442 1.01 
396 461 3.01 
396 465 1.01 
396 487 1.01 
396 489 2.01 
396 495 1.01 
223 31 0.01 
223 50 0.01 
223 174 0.01 
223 247 0.01 
223 251 0.01 
223 336 1.01 
223 339 0.01 
223 364 0.01 
223 461 0.01 
223 485 0.01 
223 487 2.01 
108 152 0.01 
108 168 0.01 
108 255 0.01 
108 353 0.01 
108 366 0.01 
108 391 0.01 
108 407 2.01 
108 415 1.01 
108 431 0.01 
108 476 0.01 
108 489 0.01 
108 490 1.01 
391 50 0.01 
391 52 1.01 
391 82 2.01 
391 189 2.01 
391 339 1.01 
391 353 0.01 
391 362 0.01 
391 364 2.01 
391 371 0.01 
391 449 1.01 
391 499 2.01 
257 23 0.01 
257 63 3.01 
257 166 1.01 
257 308 0.01 
257 312 1.01 
257 329 1.01 
257 356 1.01 
257 358 1.01 
257 445 2.01 
257 480 0.01 
257 486 2.01 
111 1 2.01 
111 67 1.01 
111 109 0.01 
111 157 0.01 
111 162 0.01 
111 270 1.01 
111 373 0.01 
111 390 0.01 
111 394 0.01 
111 443 0.01 
111 445 1.01 
111 453 3.01 
157 58 0.01 
157 263 1.01 
157 306 0.01 
157 350 1.01 
157 396 0.01 
157 401 0.01 
157 409 0.01 
157 419 0.01 
157 446 1.01 
157 455 1.01 
157 480 3.01 
157 489 1.01 
112 54 1.01 
112 92 0.01 
112 109 1.01 
112 137 3.01 
112 164 0.01 
112 202 0.01 
112 268 0.01 
112 382 1.01 
112 400 0.01 
112 433 0.01 
112 455 1.01 
112 488 0.01 
117 54 0.01 
117 166 0.01 
117 210 0.01 
117 249 1.01 
117 271 0.01 
117 331 1.01 
117 381 0.01 
117 411 0.01 
117 459 2.01 
117 478 1.01 
117 493 2.01 
117 495 1.01 
281 139 1.01 
281 211 0.01 
281 413 1.01 
281 430 1.01 
281 450 2.01 
281 463 0.01 
281 484 0.01 
281 490 0.01 
281 492 1.01 
281 499 3.01 
281 500 6.01 
131 150 1.01 
131 165 1.01 
131 264 1.01 
131 330 2.01 
131 331 0.01 
131 381 0.01 
131 424 1.01 
131 436 0.01 
131 442 1.01 
131 481 2.01 
131 493 1.01 
131 500 7.01 
166 40 0.01 
166 55 0.01 
166 94 0.01 
166 193 0.01 
166 202 0.01 
166 258 1.01 
166 373 0.01 
166 382 0.01 
166 398 1.01 
166 413 0.01 
166 448 0.01 
166 488 1.01 
271 29 1.01 
271 106 0.01 
271 146 2.01 
271 307 1.01 
271 315 0.01 
271 419 0.01 
271 445 0.01 
271 459 0.01 
271 475 3.01 
271 478 2.01 
271 494 3.01 
120 82 0.01 
120 232 0.01 
120 291 3.01 
120 401 2.01 
120 461 0.01 
120 465 0.01 
120 487 2.01 
120 488 0.01 
120 490 3.01 
120 491 0.01 
120 495 0.01 
120 497 1.01 
124 98 0.01 
124 157 2.01 
124 223 0.01 
124 308 2.01 
124 364 0.01 
124 377 2.01 
124 437 0.01 
124 449 0.01 
124 465 3.01 
124 472 3.01 
124 473 2.01 
124 487 2.01 
125 73 1.01 
125 79 0.01 
125 105 0.01 
125 308 1.01 
125 322 1.01 
125 331 1.01 
125 395 0.01 
125 446 3.01 
125 470 0.01 
125 474 0.01 
125 485 0.01 
125 495 3.01 
221 126 2.01 
221 155 0.01 
221 330 1.01 
221 398 1.01 
221 401 3.01 
221 432 3.01 
221 449 1.01 
221 458 1.01 
221 476 1.01 
221 487 0.01 
221 496 3.01 
256 26 0.01 
256 165 0.01 
256 212 0.01 
256 229 1.01 
256 233 0.01 
256 257 1.01 
256 411 1.01 
256 413 0.01 
256 452 2.01 
256 477 0.01 
256 499 1.01 
165 135 0.01 
165 141 1.01 
165 154 0.01 
165 156 1.01 
165 161 1.01 
165 264 0.01 
165 276 0.01 
165 365 2.01 
165 425 0.01 
165 452 0.01 
165 481 0.01 
165 483 2.01 
264 57 1.01 
264 117 1.01 
264 120 0.01 
264 198 0.01 
264 226 0.01 
264 330 1.01 
264 379 1.01 
264 434 2.01 
264 469 0.01 
264 475 2.01 
264 480 2.01 
135 46 0.01 
135 226 0.01 
135 271 4.01 
135 331 1.01 
135 377 2.01 
135 381 1.01 
135 392 1.01 
135 424 0.01 
135 425 2.01 
135 460 1.01 
135 477 0.01 
135 478 0.01 
283 203 3.01 
283 297 1.01 
283 322 1.01 
283 354 2.01 
283 392 3.01 
283 422 3.01 
283 446 1.01 
283 448 0.01 
283 471 0.01 
283 491 2.01 
283 494 1.01 
230 163 1.01 
230 169 0.01 
230 381 1.01 
230 385 1.01 
230 401 0.01 
230 412 1.01 
230 438 1.01 
230 478 2.01 
230 492 2.01 
230 493 3.01 
230 495 1.01 
263 204 0.01 
263 243 0.01 
263 274 2.01 
263 293 1.01 
263 310 1.01 
263 312 0.01 
263 344 1.01 
263 350 0.01 
263 399 0.01 
263 459 1.01 
263 488 2.01 
245 94 1.01 
245 114 0.01 
245 225 1.01 
245 238 0.01 
245 284 1.01 
245 335 0.01 
245 455 1.01 
245 480 1.01 
245 488 1.01 
245 491 0.01 
245 495 1.01 
141 34 1.01 
141 209 1.01 
141 210 1.01 
141 227 0.01 
141 241 0.01 
141 302 0.01 
141 379 1.01 
141 424 2.01 
141 435 1.01 
141 447 0.01 
141 478 1.01 
141 493 1.01 
191 37 1.01 
191 98 0.01 
191 313 1.01 
191 360 1.01 
191 377 1.01 
191 421 0.01 
191 435 0.01 
191 472 0.01 
191 473 0.01 
191 489 1.01 
191 495 2.01 
191 500 2.01 
144 8 0.01 
144 232 0.01 
144 238 0.01 
144 267 1.01 
144 275 0.01 
144 334 0.01 
144 352 0.01 
144 398 1.01 
144 431 1.01 
144 476 1.01 
144 490 3.01 
144 493 0.01 
146 34 1.01 
146 178 0.01 
146 228 2.01 
146 252 0.01 
146 282 0.01 
146 288 1.01 
146 329 0.01 
146 355 0.01 
146 425 0.01 
146 459 1.01 
146 481 1.01 
146 493 2.01 
228 66 1.01 
228 76 1.01 
228 222 0.01 
228 279 1.01 
228 401 0.01 
228 423 1.01 
228 431 1.01 
228 433 0.01 
228 486 0.01 
228 490 2.01 
228 491 1.01 
220 207 0.01 
220 383 2.01 
220 408 0.01 
220 420 0.01 
220 450 1.01 
220 458 1.01 
220 463 1.01 
220 476 1.01 
220 498 1.01 
220 499 2.01 
220 500 2.01 
272 11 1.01 
272 118 0.01 
272 380 0.01 
272 433 0.01 
272 474 0.01 
272 492 1.01 
272 496 2.01 
272 497 2.01 
272 498 0.01 
272 499 3.01 
272 500 3.01 
197 68 1.01 
197 147 0.01 
197 157 1.01 
197 171 1.01 
197 343 3.01 
197 363 1.01 
197 424 1.01 
197 433 2.01 
197 435 0.01 
197 446 0.01 
197 477 0.01 
197 479 0.01 
156 102 1.01 
156 252 1.01 
156 321 0.01 
156 355 1.01 
156 385 0.01 
156 397 1.01 
156 403 0.01 
156 428 2.01 
156 475 1.01 
156 481 1.01 
156 493 0.01 
156 494 2.01 
159 220 0.01 
159 328 0.01 
159 362 2.01 
159 375 0.01 
159 402 1.01 
159 454 0.01 
159 466 1.01 
159 467 1.01 
159 484 0.01 
159 498 2.01 
159 499 0.01 
159 500 3.01 
305 355 0.01 
305 379 2.01 
305 411 2.01 
305 429 2.01 
305 447 1.01 
305 452 0.01 
305 468 2.01 
305 478 1.01 
305 481 1.01 
305 487 0.01 
305 496 0.01 
346 137 0.01 
346 153 1.01 
346 161 0.01 
346 175 0.01 
346 319 0.01 
346 385 0.01 
346 425 1.01 
346 429 2.01 
346 459 0.01 
346 471 3.01 
346 475 3.01 
163 160 0.01 
163 285 1.01 
163 305 1.01 
163 313 0.01 
163 320 1.01 
163 372 0.01 
163 397 1.01 
163 405 1.01 
163 447 1.01 
163 460 1.01 
163 478 1.01 
163 493 2.01 
259 97 0.01 
259 263 0.01 
259 293 2.01 
259 343 0.01 
259 413 2.01 
259 470 2.01 
259 486 1.01 
259 488 1.01 
259 491 2.01 
259 499 2.01 
259 500 0.01 
176 6 1.01 
176 30 0.01 
176 37 0.01 
176 98 0.01 
176 197 0.01 
176 228 0.01 
176 248 0.01 
176 352 2.01 
176 391 1.01 
176 443 1.01 
176 468 1.01 
176 472 4.01 
194 16 1.01 
194 93 0.01 
194 131 0.01 
194 314 2.01 
194 315 0.01 
194 337 0.01 
194 370 0.01 
194 414 1.01 
194 455 1.01 
194 467 0.01 
194 499 4.01 
194 500 2.01 
196 68 0.01 
196 283 0.01 
196 288 1.01 
196 339 0.01 
196 349 0.01 
196 359 0.01 
196 393 0.01 
196 404 0.01 
196 455 1.01 
196 465 0.01 
196 470 0.01 
196 490 0.01 
253 70 1.01 
253 283 1.01 
253 315 0.01 
253 347 0.01 
253 349 2.01 
253 375 0.01 
253 395 0.01 
253 437 1.01 
253 471 1.01 
253 477 1.01 
253 486 0.01 
339 45 2.01 
339 64 0.01 
339 214 1.01 
339 324 1.01 
339 337 1.01 
339 371 1.01 
339 372 1.01 
339 407 0.01 
339 410 0.01 
339 473 2.01 
339 495 0.01 
199 69 1.01 
199 231 2.01 
199 299 0.01 
199 389 1.01 
199 405 0.01 
199 406 0.01 
199 414 1.01 
199 463 1.01 
199 492 0.01 
199 496 2.01 
199 499 4.01 
199 500 2.01 
200 33 0.01 
200 199 1.01 
200 244 0.01 
200 288 1.01 
200 309 0.01 
200 338 0.01 
200 395 1.01 
200 418 2.01 
200 463 2.01 
200 476 1.01 
200 498 0.01 
200 500 6.01 
205 78 0.01 
205 184 0.01 
205 214 0.01 
205 239 1.01 
205 250 1.01 
205 299 1.01 
205 362 0.01 
205 384 0.01 
205 451 0.01 
205 456 2.01 
205 474 3.01 
205 500 7.01 
