1 2 6.01 
1 48 3.01 
1 50 9.01 
1 75 5.01 
1 84 2.01 
1 98 8.01 
1 400 5.01 
1 474 7.01 
1 479 10.01 
1 487 12.01 
1 492 16.009999999999998 
1 500 51.01 
2 23 6.01 
2 66 6.01 
2 108 6.01 
2 147 2.01 
2 293 7.01 
2 372 6.01 
2 430 8.01 
2 436 5.01 
2 447 4.01 
2 455 16.009999999999998 
2 458 5.01 
2 461 6.01 
48 108 9.01 
48 243 4.01 
48 295 5.01 
48 303 6.01 
48 325 7.01 
48 353 3.01 
48 359 7.01 
48 445 5.01 
48 464 6.01 
48 471 6.01 
48 488 10.01 
48 500 41.01 
50 150 6.01 
50 155 5.01 
50 215 5.01 
50 234 1.01 
50 362 3.01 
50 378 3.01 
50 380 6.01 
50 390 4.01 
50 485 14.01 
50 487 12.01 
50 497 15.01 
50 500 40.01 
75 93 3.01 
75 148 3.01 
75 221 6.01 
75 280 5.01 
75 304 5.01 
75 307 6.01 
75 373 2.01 
75 389 8.01 
75 398 8.01 
75 460 6.01 
75 477 9.01 
75 500 40.01 
84 93 1.01 
84 169 7.01 
84 183 3.01 
84 232 3.01 
84 308 0.01 
84 347 2.01 
84 389 6.01 
84 402 6.01 
84 464 8.01 
84 482 6.01 
84 493 14.01 
84 500 45.01 
98 1 3.01 
98 47 4.01 
98 110 2.01 
98 189 2.01 
98 211 3.01 
98 220 8.01 
98 343 7.01 
98 402 7.01 
98 485 10.01 
98 486 12.01 
98 496 12.01 
98 500 56.01 
400 87 2.01 
400 223 4.01 
400 274 4.01 
400 312 2.01 
400 450 4.01 
400 468 9.01 
400 478 7.01 
400 484 8.01 
400 488 14.01 
400 489 13.01 
400 490 9.01 
474 99 7.01 
474 200 7.01 
474 209 17.009999999999998 
474 282 12.01 
474 352 10.01 
474 379 9.01 
474 432 11.01 
474 480 10.01 
474 482 5.01 
474 495 20.009999999999998 
474 500 47.01 
479 151 9.01 
479 170 9.01 
479 273 6.01 
479 284 7.01 
479 309 11.01 
479 322 6.01 
479 335 4.01 
479 380 8.01 
479 485 11.01 
479 495 17.009999999999998 
479 500 64.00999999999999 
487 80 16.009999999999998 
487 95 4.01 
487 131 8.01 
487 385 16.009999999999998 
487 438 18.009999999999998 
487 441 13.01 
487 452 16.009999999999998 
487 480 18.009999999999998 
487 485 18.009999999999998 
487 490 23.009999999999998 
487 500 45.01 
492 29 16.009999999999998 
492 110 7.01 
492 120 18.009999999999998 
492 243 17.009999999999998 
492 265 20.009999999999998 
492 328 14.01 
492 403 27.009999999999998 
492 449 9.01 
492 453 11.01 
492 455 16.009999999999998 
492 500 54.01 
500 137 34.01 
500 170 43.01 
500 171 47.01 
500 175 29.009999999999998 
500 265 42.01 
500 343 34.01 
500 407 38.01 
500 436 40.01 
500 464 51.01 
500 484 54.01 
500 498 40.01 
23 122 3.01 
23 256 3.01 
23 311 7.01 
23 334 3.01 
23 376 1.01 
23 475 10.01 
23 476 13.01 
23 478 10.01 
23 481 8.01 
23 493 12.01 
23 498 19.009999999999998 
23 499 31.009999999999998 
66 42 7.01 
66 260 5.01 
66 280 4.01 
66 292 3.01 
66 353 4.01 
66 388 7.01 
66 399 12.01 
66 445 3.01 
66 480 15.01 
66 495 13.01 
66 498 21.009999999999998 
66 499 28.009999999999998 
108 176 1.01 
108 191 5.01 
108 209 2.01 
108 352 4.01 
108 353 6.01 
108 401 4.01 
108 412 3.01 
108 475 5.01 
108 481 15.01 
108 496 15.01 
108 497 16.009999999999998 
108 498 23.009999999999998 
147 136 6.01 
147 155 5.01 
147 253 3.01 
147 347 5.01 
147 349 6.01 
147 350 4.01 
147 365 5.01 
147 403 4.01 
147 412 5.01 
147 435 9.01 
147 492 19.009999999999998 
147 500 35.01 
293 9 10.01 
293 70 4.01 
293 75 7.01 
293 83 3.01 
293 175 6.01 
293 256 9.01 
293 259 1.01 
293 265 5.01 
293 319 5.01 
293 464 16.009999999999998 
293 465 10.01 
372 10 6.01 
372 80 4.01 
372 269 1.01 
372 285 6.01 
372 298 5.01 
372 326 9.01 
372 330 7.01 
372 453 7.01 
372 488 17.009999999999998 
372 491 11.01 
372 492 17.009999999999998 
430 55 4.01 
430 164 6.01 
430 222 15.01 
430 225 5.01 
430 320 8.01 
430 361 7.01 
430 372 10.01 
430 438 5.01 
430 442 8.01 
430 484 14.01 
430 491 5.01 
436 46 6.01 
436 225 6.01 
436 256 10.01 
436 264 8.01 
436 281 11.01 
436 312 3.01 
436 393 6.01 
436 404 15.01 
436 424 7.01 
436 495 12.01 
436 500 55.01 
447 129 9.01 
447 133 13.01 
447 135 9.01 
447 187 8.01 
447 392 9.01 
447 408 5.01 
447 412 12.01 
447 429 14.01 
447 488 7.01 
447 499 23.009999999999998 
447 500 49.01 
455 93 8.01 
455 141 5.01 
455 147 9.01 
455 173 5.01 
455 201 6.01 
455 258 9.01 
455 304 2.01 
455 461 9.01 
455 465 15.01 
455 472 8.01 
455 490 11.01 
458 61 9.01 
458 194 4.01 
458 318 6.01 
458 349 5.01 
458 364 5.01 
458 387 5.01 
458 460 11.01 
458 462 9.01 
458 479 9.01 
458 490 11.01 
458 492 21.009999999999998 
461 54 7.01 
461 174 5.01 
461 233 6.01 
461 245 8.01 
461 325 5.01 
461 329 6.01 
461 349 8.01 
461 475 11.01 
461 485 17.009999999999998 
461 491 13.01 
461 500 50.01 
3 22 4.01 
3 188 6.01 
3 339 7.01 
3 379 7.01 
3 410 6.01 
3 476 8.01 
3 478 10.01 
3 493 13.01 
3 495 17.009999999999998 
3 496 17.009999999999998 
3 497 20.009999999999998 
3 499 31.009999999999998 
22 50 3.01 
22 66 3.01 
22 91 6.01 
22 140 5.01 
22 237 8.01 
22 399 7.01 
22 432 4.01 
22 493 12.01 
22 495 20.009999999999998 
22 497 18.009999999999998 
22 498 22.009999999999998 
22 499 34.01 
188 20 3.01 
188 178 7.01 
188 209 4.01 
188 412 7.01 
188 419 3.01 
188 446 8.01 
188 478 9.01 
188 480 10.01 
188 493 22.009999999999998 
188 495 13.01 
188 499 26.009999999999998 
188 500 30.009999999999998 
339 59 5.01 
339 79 3.01 
339 131 3.01 
339 188 8.01 
339 223 5.01 
339 273 5.01 
339 361 4.01 
339 375 15.01 
339 472 7.01 
339 496 17.009999999999998 
339 499 26.009999999999998 
379 118 11.01 
379 223 6.01 
379 255 5.01 
379 283 6.01 
379 411 12.01 
379 432 3.01 
379 443 9.01 
379 478 8.01 
379 496 16.009999999999998 
379 498 18.009999999999998 
379 499 38.01 
410 79 7.01 
410 101 6.01 
410 214 6.01 
410 282 5.01 
410 355 8.01 
410 362 5.01 
410 371 5.01 
410 493 16.009999999999998 
410 495 14.01 
410 497 28.009999999999998 
410 499 28.009999999999998 
476 11 6.01 
476 37 11.01 
476 109 9.01 
476 143 5.01 
476 208 4.01 
476 251 12.01 
476 270 3.01 
476 327 7.01 
476 345 10.01 
476 496 26.009999999999998 
476 499 30.009999999999998 
478 238 9.01 
478 327 9.01 
478 353 13.01 
478 357 9.01 
478 412 10.01 
478 443 7.01 
478 481 19.009999999999998 
478 484 14.01 
478 493 17.009999999999998 
478 495 19.009999999999998 
478 499 30.009999999999998 
493 192 16.009999999999998 
493 239 18.009999999999998 
493 406 28.009999999999998 
493 410 15.01 
493 411 13.01 
493 413 16.009999999999998 
493 443 14.01 
493 475 12.01 
493 476 23.009999999999998 
493 488 13.01 
493 498 22.009999999999998 
495 227 16.009999999999998 
495 311 17.009999999999998 
495 374 21.009999999999998 
495 410 19.009999999999998 
495 451 18.009999999999998 
495 457 15.01 
495 463 21.009999999999998 
495 476 21.009999999999998 
495 480 20.009999999999998 
495 496 35.01 
495 497 16.009999999999998 
496 3 16.009999999999998 
496 74 17.009999999999998 
496 121 16.009999999999998 
496 178 8.01 
496 277 23.009999999999998 
496 296 16.009999999999998 
496 311 20.009999999999998 
496 459 26.009999999999998 
496 468 8.01 
496 482 13.01 
496 493 19.009999999999998 
497 5 14.01 
497 26 6.01 
497 99 15.01 
497 159 28.009999999999998 
497 351 19.009999999999998 
497 450 14.01 
497 476 26.009999999999998 
497 495 28.009999999999998 
497 496 19.009999999999998 
497 499 29.009999999999998 
497 500 41.01 
499 17 22.009999999999998 
499 31 24.009999999999998 
499 199 32.01 
499 239 20.009999999999998 
499 307 20.009999999999998 
499 399 33.01 
499 493 37.01 
499 496 37.01 
499 497 35.01 
499 498 47.01 
499 500 48.01 
4 53 3.01 
4 57 5.01 
4 132 7.01 
4 151 2.01 
4 258 3.01 
4 322 5.01 
4 400 5.01 
4 447 7.01 
4 472 10.01 
4 485 7.01 
4 489 10.01 
4 500 47.01 
53 142 2.01 
53 225 4.01 
53 303 2.01 
53 306 4.01 
53 360 3.01 
53 419 7.01 
53 423 7.01 
53 427 4.01 
53 484 11.01 
53 487 11.01 
53 496 15.01 
53 500 39.01 
57 192 8.01 
57 204 4.01 
57 237 4.01 
57 249 7.01 
57 318 9.01 
57 367 2.01 
57 368 2.01 
57 456 4.01 
57 465 10.01 
57 485 14.01 
57 492 16.009999999999998 
57 500 37.01 
132 10 9.01 
132 157 5.01 
132 395 5.01 
132 396 5.01 
132 445 9.01 
132 447 10.01 
132 460 5.01 
132 464 9.01 
132 473 7.01 
132 487 7.01 
132 499 22.009999999999998 
132 500 36.01 
151 12 4.01 
151 21 3.01 
151 303 3.01 
151 365 7.01 
151 375 4.01 
151 392 5.01 
151 456 8.01 
151 471 5.01 
151 473 9.01 
151 484 11.01 
151 486 6.01 
151 500 36.01 
258 120 4.01 
258 126 6.01 
258 169 3.01 
258 182 8.01 
258 393 8.01 
258 423 4.01 
258 424 3.01 
258 450 6.01 
258 491 11.01 
258 492 12.01 
258 493 10.01 
322 46 8.01 
322 359 2.01 
322 378 3.01 
322 412 9.01 
322 421 7.01 
322 433 6.01 
322 453 5.01 
322 455 6.01 
322 478 7.01 
322 496 9.01 
322 498 19.009999999999998 
472 32 2.01 
472 83 4.01 
472 105 5.01 
472 259 5.01 
472 419 6.01 
472 448 15.01 
472 456 15.01 
472 463 8.01 
472 491 17.009999999999998 
472 493 13.01 
472 500 39.01 
485 166 9.01 
485 231 8.01 
485 276 11.01 
485 311 10.01 
485 337 12.01 
485 359 10.01 
485 416 6.01 
485 425 9.01 
485 486 15.01 
485 489 18.009999999999998 
485 491 17.009999999999998 
489 25 5.01 
489 38 7.01 
489 77 12.01 
489 102 18.009999999999998 
489 218 11.01 
489 253 13.01 
489 276 12.01 
489 357 12.01 
489 375 10.01 
489 469 11.01 
489 500 55.01 
5 89 4.01 
5 121 4.01 
5 191 3.01 
5 270 4.01 
5 379 7.01 
5 411 4.01 
5 459 9.01 
5 476 10.01 
5 495 9.01 
5 497 18.009999999999998 
5 498 19.009999999999998 
5 499 23.009999999999998 
89 33 1.01 
89 220 2.01 
89 275 0.01 
89 374 5.01 
89 395 2.01 
89 418 6.01 
89 457 4.01 
89 481 16.009999999999998 
89 495 20.009999999999998 
89 496 26.009999999999998 
89 498 28.009999999999998 
89 499 28.009999999999998 
121 49 5.01 
121 60 4.01 
121 223 2.01 
121 262 4.01 
121 273 5.01 
121 274 6.01 
121 277 4.01 
121 339 9.01 
121 342 11.01 
121 376 4.01 
121 480 7.01 
121 499 27.009999999999998 
191 114 0.01 
191 251 6.01 
191 435 3.01 
191 454 5.01 
191 473 9.01 
191 474 5.01 
191 480 7.01 
191 493 14.01 
191 496 17.009999999999998 
191 497 15.01 
191 498 31.009999999999998 
191 499 28.009999999999998 
270 31 2.01 
270 199 4.01 
270 261 6.01 
270 353 3.01 
270 418 9.01 
270 431 4.01 
270 459 7.01 
270 478 5.01 
270 495 13.01 
270 497 19.009999999999998 
270 499 42.01 
411 160 5.01 
411 193 7.01 
411 223 4.01 
411 255 5.01 
411 374 5.01 
411 451 15.01 
411 474 4.01 
411 495 19.009999999999998 
411 497 18.009999999999998 
411 499 25.009999999999998 
411 500 41.01 
459 5 4.01 
459 109 3.01 
459 145 4.01 
459 363 5.01 
459 418 5.01 
459 474 12.01 
459 477 12.01 
459 495 22.009999999999998 
459 498 23.009999999999998 
459 499 28.009999999999998 
459 500 37.01 
498 108 20.009999999999998 
498 160 24.009999999999998 
498 212 33.01 
498 215 19.009999999999998 
498 457 21.009999999999998 
498 480 21.009999999999998 
498 493 23.009999999999998 
498 496 21.009999999999998 
498 497 23.009999999999998 
498 499 41.01 
498 500 40.01 
6 199 4.01 
6 327 5.01 
6 426 5.01 
6 443 9.01 
6 457 8.01 
6 475 12.01 
6 476 15.01 
6 481 9.01 
6 493 15.01 
6 496 15.01 
6 497 16.009999999999998 
6 499 46.01 
199 20 3.01 
199 23 4.01 
199 205 4.01 
199 312 1.01 
199 340 8.01 
199 457 7.01 
199 459 8.01 
199 493 10.01 
199 497 22.009999999999998 
199 498 19.009999999999998 
199 499 24.009999999999998 
199 500 32.01 
327 5 5.01 
327 146 10.01 
327 158 6.01 
327 321 1.01 
327 432 10.01 
327 467 4.01 
327 481 4.01 
327 493 9.01 
327 497 23.009999999999998 
327 498 20.009999999999998 
327 499 18.009999999999998 
426 277 8.01 
426 318 9.01 
426 333 2.01 
426 406 10.01 
426 422 4.01 
426 476 15.01 
426 480 10.01 
426 481 14.01 
426 490 9.01 
426 493 21.009999999999998 
426 499 23.009999999999998 
443 143 6.01 
443 242 1.01 
443 262 3.01 
443 283 13.01 
443 289 5.01 
443 446 11.01 
443 475 7.01 
443 481 11.01 
443 493 14.01 
443 497 19.009999999999998 
443 499 17.009999999999998 
457 231 9.01 
457 342 4.01 
457 388 6.01 
457 426 13.01 
457 440 7.01 
457 475 6.01 
457 479 4.01 
457 493 17.009999999999998 
457 495 17.009999999999998 
457 497 17.009999999999998 
457 500 24.009999999999998 
475 18 8.01 
475 108 11.01 
475 195 8.01 
475 339 12.01 
475 420 10.01 
475 434 11.01 
475 474 19.009999999999998 
475 478 10.01 
475 494 11.01 
475 498 31.009999999999998 
475 499 24.009999999999998 
481 67 10.01 
481 94 17.009999999999998 
481 209 8.01 
481 336 10.01 
481 339 16.009999999999998 
481 413 10.01 
481 420 19.009999999999998 
481 432 12.01 
481 443 15.01 
481 466 12.01 
481 499 30.009999999999998 
7 72 3.01 
7 74 5.01 
7 226 3.01 
7 247 4.01 
7 317 1.01 
7 366 7.01 
7 455 10.01 
7 474 5.01 
7 491 8.01 
7 492 19.009999999999998 
7 494 11.01 
7 498 15.01 
72 224 5.01 
72 272 7.01 
72 287 3.01 
72 290 9.01 
72 309 0.01 
72 402 4.01 
72 403 3.01 
72 428 3.01 
72 443 4.01 
72 483 13.01 
72 487 11.01 
72 500 45.01 
74 16 1.01 
74 79 5.01 
74 248 4.01 
74 288 2.01 
74 420 4.01 
74 429 7.01 
74 459 5.01 
74 478 8.01 
74 494 7.01 
74 495 18.009999999999998 
74 496 15.01 
74 497 18.009999999999998 
226 81 7.01 
226 211 4.01 
226 281 2.01 
226 304 6.01 
226 366 10.01 
226 383 5.01 
226 423 5.01 
226 472 8.01 
226 489 11.01 
226 491 14.01 
226 499 24.009999999999998 
226 500 30.009999999999998 
247 129 8.01 
247 157 3.01 
247 248 2.01 
247 346 6.01 
247 354 3.01 
247 389 10.01 
247 394 8.01 
247 465 9.01 
247 467 6.01 
247 494 19.009999999999998 
247 498 15.01 
317 28 7.01 
317 291 7.01 
317 336 2.01 
317 348 3.01 
317 393 5.01 
317 402 6.01 
317 404 8.01 
317 458 5.01 
317 470 3.01 
317 490 8.01 
317 500 39.01 
366 2 3.01 
366 72 2.01 
366 98 7.01 
366 133 4.01 
366 240 3.01 
366 378 6.01 
366 397 5.01 
366 430 5.01 
366 486 7.01 
366 487 12.01 
366 492 22.009999999999998 
491 56 13.01 
491 148 17.009999999999998 
491 165 11.01 
491 292 13.01 
491 332 8.01 
491 358 12.01 
491 398 14.01 
491 403 15.01 
491 439 9.01 
491 441 9.01 
491 468 16.009999999999998 
494 7 15.01 
494 19 21.009999999999998 
494 82 20.009999999999998 
494 90 17.009999999999998 
494 111 8.01 
494 119 13.01 
494 320 16.009999999999998 
494 331 15.01 
494 332 7.01 
494 340 10.01 
494 391 21.009999999999998 
8 1 6.01 
8 73 5.01 
8 129 2.01 
8 394 1.01 
8 428 2.01 
8 430 1.01 
8 470 6.01 
8 472 8.01 
8 477 7.01 
8 479 15.01 
8 499 25.009999999999998 
8 500 39.01 
73 51 2.01 
73 106 0.01 
73 275 4.01 
73 293 6.01 
73 403 6.01 
73 419 4.01 
73 445 6.01 
73 448 0.01 
73 455 4.01 
73 468 1.01 
73 484 9.01 
73 500 42.01 
129 218 2.01 
129 236 4.01 
129 301 4.01 
129 322 7.01 
129 349 5.01 
129 378 4.01 
129 455 8.01 
129 460 5.01 
129 462 8.01 
129 484 14.01 
129 488 8.01 
129 500 44.01 
394 10 9.01 
394 126 4.01 
394 160 6.01 
394 239 3.01 
394 292 3.01 
394 336 2.01 
394 416 8.01 
394 478 12.01 
394 482 3.01 
394 486 12.01 
394 500 36.01 
428 85 10.01 
428 102 3.01 
428 179 8.01 
428 183 5.01 
428 222 6.01 
428 255 4.01 
428 283 5.01 
428 286 5.01 
428 448 8.01 
428 458 14.01 
428 486 9.01 
470 8 4.01 
470 37 6.01 
470 356 8.01 
470 373 8.01 
470 408 9.01 
470 440 4.01 
470 441 4.01 
470 446 9.01 
470 452 11.01 
470 464 8.01 
470 500 43.01 
477 153 6.01 
477 164 8.01 
477 245 5.01 
477 285 10.01 
477 292 4.01 
477 319 11.01 
477 465 19.009999999999998 
477 467 10.01 
477 468 7.01 
477 483 10.01 
477 500 39.01 
9 44 2.01 
9 82 7.01 
9 140 1.01 
9 165 5.01 
9 194 7.01 
9 247 9.01 
9 404 5.01 
9 405 4.01 
9 423 7.01 
9 456 3.01 
9 460 6.01 
9 465 11.01 
44 9 3.01 
44 87 7.01 
44 161 3.01 
44 186 4.01 
44 211 1.01 
44 417 9.01 
44 421 9.01 
44 441 6.01 
44 489 14.01 
44 492 9.01 
44 498 17.009999999999998 
44 499 22.009999999999998 
82 144 4.01 
82 185 3.01 
82 204 10.01 
82 247 11.01 
82 290 5.01 
82 291 10.01 
82 304 5.01 
82 324 8.01 
82 343 9.01 
82 429 5.01 
82 461 7.01 
82 500 47.01 
140 48 2.01 
140 61 4.01 
140 191 4.01 
140 351 6.01 
140 352 4.01 
140 384 3.01 
140 457 3.01 
140 459 7.01 
140 493 13.01 
140 497 21.009999999999998 
140 498 21.009999999999998 
140 499 26.009999999999998 
165 52 7.01 
165 70 2.01 
165 122 4.01 
165 133 5.01 
165 147 5.01 
165 235 3.01 
165 310 3.01 
165 396 4.01 
165 404 4.01 
165 459 10.01 
165 492 18.009999999999998 
165 493 12.01 
194 103 2.01 
194 150 7.01 
194 162 4.01 
194 245 6.01 
194 258 5.01 
194 344 2.01 
194 396 8.01 
194 420 10.01 
194 461 9.01 
194 480 10.01 
194 489 6.01 
194 500 39.01 
404 21 3.01 
404 117 9.01 
404 197 8.01 
404 293 7.01 
404 297 6.01 
404 346 9.01 
404 413 6.01 
404 472 10.01 
404 488 11.01 
404 494 14.01 
404 500 39.01 
405 256 6.01 
405 269 3.01 
405 305 3.01 
405 307 9.01 
405 382 4.01 
405 430 12.01 
405 436 8.01 
405 461 7.01 
405 480 10.01 
405 491 11.01 
405 500 35.01 
423 150 9.01 
423 152 3.01 
423 293 9.01 
423 307 7.01 
423 404 11.01 
423 405 9.01 
423 428 6.01 
423 438 8.01 
423 449 5.01 
423 490 9.01 
423 494 16.009999999999998 
456 210 4.01 
456 353 4.01 
456 441 10.01 
456 455 7.01 
456 464 9.01 
456 482 13.01 
456 483 8.01 
456 490 12.01 
456 493 15.01 
456 497 12.01 
456 500 32.01 
460 60 7.01 
460 85 9.01 
460 100 6.01 
460 200 5.01 
460 261 7.01 
460 284 9.01 
460 477 10.01 
460 486 11.01 
460 489 13.01 
460 499 35.01 
460 500 31.009999999999998 
465 63 6.01 
465 171 3.01 
465 322 5.01 
465 331 8.01 
465 347 9.01 
465 362 6.01 
465 383 6.01 
465 425 8.01 
465 440 5.01 
465 458 11.01 
465 487 14.01 
10 113 4.01 
10 246 5.01 
10 280 10.01 
10 288 1.01 
10 409 7.01 
10 417 6.01 
10 460 6.01 
10 464 9.01 
10 482 6.01 
10 487 15.01 
10 495 13.01 
10 500 47.01 
113 79 3.01 
113 132 2.01 
113 328 3.01 
113 331 6.01 
113 425 9.01 
113 431 11.01 
113 468 5.01 
113 483 8.01 
113 486 15.01 
113 496 18.009999999999998 
113 498 20.009999999999998 
113 500 32.01 
246 142 5.01 
246 155 6.01 
246 164 4.01 
246 226 2.01 
246 285 3.01 
246 363 4.01 
246 439 6.01 
246 465 9.01 
246 479 10.01 
246 494 15.01 
246 499 38.01 
280 82 1.01 
280 97 7.01 
280 203 6.01 
280 316 1.01 
280 323 7.01 
280 337 3.01 
280 369 7.01 
280 391 5.01 
280 438 10.01 
280 487 12.01 
280 500 28.009999999999998 
288 32 3.01 
288 35 5.01 
288 107 6.01 
288 232 4.01 
288 249 7.01 
288 484 6.01 
288 485 7.01 
288 486 7.01 
288 491 10.01 
288 494 16.009999999999998 
288 500 37.01 
409 308 9.01 
409 351 8.01 
409 371 10.01 
409 380 7.01 
409 400 4.01 
409 441 9.01 
409 445 4.01 
409 469 11.01 
409 473 6.01 
409 498 21.009999999999998 
409 500 38.01 
417 2 7.01 
417 14 1.01 
417 55 9.01 
417 159 6.01 
417 349 4.01 
417 434 5.01 
417 447 6.01 
417 467 6.01 
417 485 11.01 
417 490 8.01 
417 491 11.01 
464 1 4.01 
464 59 14.01 
464 175 14.01 
464 229 11.01 
464 298 8.01 
464 408 11.01 
464 445 14.01 
464 484 18.009999999999998 
464 490 16.009999999999998 
464 499 21.009999999999998 
464 500 48.01 
482 149 7.01 
482 156 10.01 
482 269 3.01 
482 279 8.01 
482 396 9.01 
482 402 9.01 
482 448 7.01 
482 450 7.01 
482 490 16.009999999999998 
482 495 17.009999999999998 
482 496 25.009999999999998 
11 205 4.01 
11 345 6.01 
11 424 7.01 
11 427 8.01 
11 451 4.01 
11 472 9.01 
11 474 1.01 
11 478 7.01 
11 483 9.01 
11 493 22.009999999999998 
11 498 20.009999999999998 
11 499 24.009999999999998 
205 114 4.01 
205 154 1.01 
205 166 8.01 
205 282 4.01 
205 376 6.01 
205 480 7.01 
205 494 8.01 
205 496 23.009999999999998 
205 497 13.01 
205 498 22.009999999999998 
205 499 32.01 
205 500 38.01 
345 80 6.01 
345 127 7.01 
345 157 2.01 
345 287 4.01 
345 332 7.01 
345 385 3.01 
345 421 9.01 
345 468 11.01 
345 469 7.01 
345 498 24.009999999999998 
345 500 45.01 
424 125 6.01 
424 236 9.01 
424 244 7.01 
424 344 6.01 
424 461 9.01 
424 463 6.01 
424 468 5.01 
424 471 7.01 
424 483 9.01 
424 491 15.01 
424 496 16.009999999999998 
427 49 7.01 
427 268 6.01 
427 357 8.01 
427 408 4.01 
427 409 7.01 
427 451 10.01 
427 476 5.01 
427 496 13.01 
427 498 20.009999999999998 
427 499 30.009999999999998 
427 500 38.01 
451 78 11.01 
451 267 7.01 
451 351 8.01 
451 357 6.01 
451 371 9.01 
451 388 9.01 
451 394 9.01 
451 432 2.01 
451 446 11.01 
451 480 7.01 
451 495 12.01 
483 136 7.01 
483 137 11.01 
483 253 9.01 
483 319 7.01 
483 360 12.01 
483 442 12.01 
483 463 9.01 
483 470 14.01 
483 492 18.009999999999998 
483 495 9.01 
483 499 28.009999999999998 
12 186 5.01 
12 216 5.01 
12 222 5.01 
12 246 0.01 
12 346 5.01 
12 461 7.01 
12 463 5.01 
12 465 6.01 
12 492 13.01 
12 494 16.009999999999998 
12 496 20.009999999999998 
12 499 20.009999999999998 
186 2 6.01 
186 117 7.01 
186 169 2.01 
186 306 8.01 
186 312 2.01 
186 391 9.01 
186 398 4.01 
186 436 9.01 
186 465 9.01 
186 481 12.01 
186 483 10.01 
186 494 20.009999999999998 
216 63 5.01 
216 125 3.01 
216 188 2.01 
216 218 7.01 
216 266 6.01 
216 271 8.01 
216 329 7.01 
216 393 8.01 
216 467 5.01 
216 469 10.01 
216 492 13.01 
216 494 20.009999999999998 
222 59 7.01 
222 173 4.01 
222 184 9.01 
222 232 6.01 
222 279 4.01 
222 291 6.01 
222 303 2.01 
222 345 6.01 
222 434 5.01 
222 470 2.01 
222 497 7.01 
222 500 38.01 
346 12 4.01 
346 163 4.01 
346 184 5.01 
346 240 6.01 
346 272 5.01 
346 300 2.01 
346 398 5.01 
346 438 6.01 
346 455 8.01 
346 492 10.01 
346 494 11.01 
463 89 4.01 
463 184 6.01 
463 225 4.01 
463 248 4.01 
463 335 4.01 
463 357 8.01 
463 385 3.01 
463 452 10.01 
463 487 13.01 
463 499 23.009999999999998 
463 500 25.009999999999998 
13 86 1.01 
13 280 3.01 
13 338 6.01 
13 345 6.01 
13 369 9.01 
13 383 4.01 
13 398 3.01 
13 419 6.01 
13 439 8.01 
13 461 7.01 
13 487 13.01 
13 488 9.01 
86 31 5.01 
86 65 5.01 
86 230 1.01 
86 373 3.01 
86 400 5.01 
86 414 4.01 
86 458 13.01 
86 464 7.01 
86 467 4.01 
86 488 9.01 
86 493 15.01 
86 500 41.01 
338 39 4.01 
338 41 7.01 
338 83 1.01 
338 206 6.01 
338 246 3.01 
338 285 7.01 
338 341 4.01 
338 344 7.01 
338 349 3.01 
338 414 5.01 
338 442 4.01 
369 76 7.01 
369 152 8.01 
369 243 3.01 
369 293 1.01 
369 404 7.01 
369 438 9.01 
369 452 10.01 
369 457 7.01 
369 467 8.01 
369 492 8.01 
369 500 47.01 
383 12 5.01 
383 227 12.01 
383 264 5.01 
383 269 2.01 
383 294 7.01 
383 358 8.01 
383 463 12.01 
383 470 6.01 
383 498 16.009999999999998 
383 499 23.009999999999998 
383 500 36.01 
398 62 5.01 
398 249 2.01 
398 320 10.01 
398 323 3.01 
398 414 6.01 
398 429 8.01 
398 438 6.01 
398 449 10.01 
398 467 9.01 
398 485 12.01 
398 500 39.01 
419 146 8.01 
419 245 6.01 
419 306 9.01 
419 345 6.01 
419 358 11.01 
419 409 11.01 
419 433 7.01 
419 463 9.01 
419 487 13.01 
419 496 16.009999999999998 
419 500 40.01 
439 13 8.01 
439 85 3.01 
439 136 5.01 
439 207 10.01 
439 336 9.01 
439 401 6.01 
439 433 1.01 
439 467 15.01 
439 483 14.01 
439 492 15.01 
439 494 18.009999999999998 
488 33 11.01 
488 179 11.01 
488 222 12.01 
488 230 15.01 
488 267 15.01 
488 337 11.01 
488 346 6.01 
488 447 10.01 
488 468 10.01 
488 484 17.009999999999998 
488 496 11.01 
14 56 3.01 
14 93 7.01 
14 204 5.01 
14 233 1.01 
14 364 6.01 
14 383 6.01 
14 414 3.01 
14 450 3.01 
14 464 7.01 
14 482 10.01 
14 488 8.01 
14 500 44.01 
56 34 6.01 
56 61 4.01 
56 235 8.01 
56 258 4.01 
56 266 4.01 
56 305 4.01 
56 342 2.01 
56 361 8.01 
56 373 6.01 
56 427 5.01 
56 455 7.01 
56 491 8.01 
93 86 4.01 
93 180 3.01 
93 229 5.01 
93 250 6.01 
93 297 3.01 
93 306 4.01 
93 362 2.01 
93 432 4.01 
93 444 8.01 
93 480 13.01 
93 486 10.01 
93 489 12.01 
204 110 7.01 
204 263 4.01 
204 326 2.01 
204 331 6.01 
204 439 4.01 
204 459 4.01 
204 462 8.01 
204 465 7.01 
204 466 12.01 
204 471 7.01 
204 484 13.01 
204 490 16.009999999999998 
233 58 6.01 
233 99 5.01 
233 137 6.01 
233 187 2.01 
233 194 5.01 
233 319 4.01 
233 341 5.01 
233 354 7.01 
233 420 5.01 
233 456 5.01 
233 475 8.01 
233 500 50.01 
364 50 2.01 
364 113 4.01 
364 250 7.01 
364 294 8.01 
364 326 5.01 
364 375 8.01 
364 442 6.01 
364 454 11.01 
364 496 18.009999999999998 
364 497 16.009999999999998 
364 500 33.01 
414 181 1.01 
414 190 4.01 
414 196 7.01 
414 257 7.01 
414 287 6.01 
414 380 7.01 
414 426 5.01 
414 470 6.01 
414 472 8.01 
414 495 15.01 
414 500 41.01 
450 164 10.01 
450 220 2.01 
450 267 9.01 
450 429 7.01 
450 434 4.01 
450 442 7.01 
450 473 4.01 
450 482 11.01 
450 486 18.009999999999998 
450 494 13.01 
450 500 44.01 
15 9 7.01 
15 52 7.01 
15 194 2.01 
15 256 4.01 
15 293 7.01 
15 380 3.01 
15 403 5.01 
15 426 6.01 
15 469 4.01 
15 476 11.01 
15 491 10.01 
15 494 17.009999999999998 
52 265 7.01 
52 281 5.01 
52 304 3.01 
52 349 6.01 
52 411 3.01 
52 436 14.01 
52 438 6.01 
52 461 8.01 
52 464 2.01 
52 489 15.01 
52 491 8.01 
52 492 17.009999999999998 
256 35 7.01 
256 76 6.01 
256 145 1.01 
256 274 4.01 
256 313 1.01 
256 420 9.01 
256 438 8.01 
256 469 8.01 
256 491 8.01 
256 494 21.009999999999998 
256 499 31.009999999999998 
380 28 4.01 
380 189 7.01 
380 373 6.01 
380 382 9.01 
380 427 6.01 
380 442 8.01 
380 456 5.01 
380 468 12.01 
380 491 6.01 
380 496 13.01 
380 500 38.01 
403 5 1.01 
403 24 9.01 
403 33 5.01 
403 120 7.01 
403 207 5.01 
403 416 3.01 
403 419 7.01 
403 441 11.01 
403 447 9.01 
403 453 10.01 
403 495 15.01 
469 52 13.01 
469 216 8.01 
469 294 3.01 
469 356 17.009999999999998 
469 359 15.01 
469 402 4.01 
469 452 9.01 
469 476 6.01 
469 487 19.009999999999998 
469 492 14.01 
469 500 34.01 
16 74 4.01 
16 122 4.01 
16 144 2.01 
16 348 2.01 
16 352 4.01 
16 412 7.01 
16 431 4.01 
16 475 15.01 
16 476 4.01 
16 481 10.01 
16 498 20.009999999999998 
16 499 22.009999999999998 
122 25 6.01 
122 160 3.01 
122 167 3.01 
122 365 5.01 
122 371 10.01 
122 395 4.01 
122 451 7.01 
122 495 20.009999999999998 
122 496 17.009999999999998 
122 497 22.009999999999998 
122 498 27.009999999999998 
122 499 23.009999999999998 
144 22 5.01 
144 95 4.01 
144 348 4.01 
144 357 4.01 
144 386 2.01 
144 399 5.01 
144 410 5.01 
144 422 5.01 
144 482 7.01 
144 497 19.009999999999998 
144 498 22.009999999999998 
144 499 25.009999999999998 
348 94 4.01 
348 146 3.01 
348 273 7.01 
348 375 5.01 
348 411 5.01 
348 422 6.01 
348 475 5.01 
348 486 11.01 
348 495 11.01 
348 496 20.009999999999998 
348 499 29.009999999999998 
352 239 5.01 
352 268 6.01 
352 289 3.01 
352 420 13.01 
352 479 9.01 
352 480 7.01 
352 493 17.009999999999998 
352 496 21.009999999999998 
352 497 16.009999999999998 
352 498 27.009999999999998 
352 499 31.009999999999998 
412 37 4.01 
412 154 6.01 
412 167 5.01 
412 224 7.01 
412 251 6.01 
412 257 8.01 
412 277 5.01 
412 448 6.01 
412 478 11.01 
412 497 11.01 
412 499 20.009999999999998 
431 1 12.01 
431 50 3.01 
431 121 3.01 
431 352 8.01 
431 415 6.01 
431 435 5.01 
431 452 10.01 
431 466 6.01 
431 486 10.01 
431 498 15.01 
431 500 40.01 
17 88 2.01 
17 260 3.01 
17 277 10.01 
17 319 5.01 
17 356 6.01 
17 377 5.01 
17 471 11.01 
17 483 8.01 
17 484 9.01 
17 489 10.01 
17 492 10.01 
17 497 14.01 
88 138 6.01 
88 177 12.01 
88 245 1.01 
88 262 4.01 
88 271 3.01 
88 335 10.01 
88 407 2.01 
88 423 1.01 
88 449 6.01 
88 465 7.01 
88 484 14.01 
88 500 41.01 
260 67 2.01 
260 140 3.01 
260 180 2.01 
260 210 1.01 
260 270 3.01 
260 299 4.01 
260 368 3.01 
260 412 8.01 
260 496 18.009999999999998 
260 498 18.009999999999998 
260 499 32.01 
277 166 2.01 
277 201 5.01 
277 282 8.01 
277 348 4.01 
277 415 5.01 
277 448 11.01 
277 459 8.01 
277 476 8.01 
277 493 8.01 
277 495 12.01 
277 499 27.009999999999998 
319 19 1.01 
319 291 4.01 
319 307 4.01 
319 396 6.01 
319 443 5.01 
319 472 7.01 
319 474 6.01 
319 480 8.01 
319 484 15.01 
319 485 8.01 
319 500 46.01 
356 98 4.01 
356 147 5.01 
356 252 4.01 
356 300 4.01 
356 338 7.01 
356 452 9.01 
356 460 9.01 
356 468 10.01 
356 485 12.01 
356 489 11.01 
356 490 20.009999999999998 
377 26 6.01 
377 89 3.01 
377 127 2.01 
377 227 2.01 
377 237 2.01 
377 278 4.01 
377 310 8.01 
377 341 5.01 
377 450 6.01 
377 469 6.01 
377 488 18.009999999999998 
471 53 6.01 
471 54 9.01 
471 226 6.01 
471 234 7.01 
471 386 6.01 
471 391 8.01 
471 444 7.01 
471 456 9.01 
471 489 9.01 
471 499 30.009999999999998 
471 500 31.009999999999998 
484 142 19.009999999999998 
484 218 10.01 
484 396 19.009999999999998 
484 399 12.01 
484 406 10.01 
484 431 12.01 
484 436 14.01 
484 444 14.01 
484 479 14.01 
484 483 18.009999999999998 
484 488 16.009999999999998 
18 23 3.01 
18 140 5.01 
18 262 9.01 
18 295 8.01 
18 363 2.01 
18 366 7.01 
18 436 4.01 
18 478 8.01 
18 481 12.01 
18 497 15.01 
18 498 16.009999999999998 
18 499 28.009999999999998 
262 341 5.01 
262 374 10.01 
262 420 5.01 
262 451 11.01 
262 476 6.01 
262 480 9.01 
262 493 11.01 
262 496 12.01 
262 497 21.009999999999998 
262 498 19.009999999999998 
262 499 30.009999999999998 
295 124 12.01 
295 127 7.01 
295 184 5.01 
295 201 8.01 
295 231 4.01 
295 288 6.01 
295 414 3.01 
295 444 7.01 
295 450 9.01 
295 479 11.01 
295 500 39.01 
363 101 10.01 
363 185 6.01 
363 255 3.01 
363 354 0.01 
363 413 5.01 
363 446 2.01 
363 481 10.01 
363 496 7.01 
363 497 24.009999999999998 
363 498 25.009999999999998 
363 500 42.01 
19 125 0.01 
19 215 5.01 
19 315 3.01 
19 345 3.01 
19 348 4.01 
19 460 9.01 
19 468 8.01 
19 469 8.01 
19 473 13.01 
19 484 13.01 
19 492 13.01 
19 500 34.01 
125 112 2.01 
125 139 3.01 
125 181 5.01 
125 183 6.01 
125 392 5.01 
125 400 8.01 
125 420 4.01 
125 430 4.01 
125 436 6.01 
125 491 18.009999999999998 
125 492 5.01 
125 500 46.01 
215 14 8.01 
215 126 4.01 
215 138 4.01 
215 176 3.01 
215 214 4.01 
215 287 10.01 
215 343 7.01 
215 424 7.01 
215 453 15.01 
215 482 13.01 
215 489 17.009999999999998 
215 500 40.01 
315 166 13.01 
315 310 4.01 
315 420 4.01 
315 447 10.01 
315 464 7.01 
315 471 8.01 
315 478 6.01 
315 480 11.01 
315 493 15.01 
315 498 26.009999999999998 
315 499 25.009999999999998 
468 166 7.01 
468 231 9.01 
468 289 2.01 
468 307 6.01 
468 426 8.01 
468 460 7.01 
468 463 10.01 
468 472 2.01 
468 488 17.009999999999998 
468 496 11.01 
468 500 40.01 
473 17 7.01 
473 71 10.01 
473 167 4.01 
473 345 8.01 
473 391 3.01 
473 414 7.01 
473 421 17.009999999999998 
473 426 6.01 
473 483 13.01 
473 490 11.01 
473 500 37.01 
20 6 4.01 
20 84 7.01 
20 144 5.01 
20 220 3.01 
20 311 3.01 
20 475 6.01 
20 478 8.01 
20 489 13.01 
20 493 13.01 
20 497 8.01 
20 498 23.009999999999998 
20 499 31.009999999999998 
220 8 3.01 
220 132 4.01 
220 180 7.01 
220 413 3.01 
220 420 9.01 
220 443 5.01 
220 452 6.01 
220 484 11.01 
220 493 13.01 
220 495 21.009999999999998 
220 498 34.01 
220 499 30.009999999999998 
311 159 4.01 
311 217 7.01 
311 248 5.01 
311 324 5.01 
311 330 7.01 
311 342 6.01 
311 384 5.01 
311 493 7.01 
311 497 15.01 
311 498 19.009999999999998 
311 499 26.009999999999998 
21 8 6.01 
21 58 7.01 
21 202 3.01 
21 281 4.01 
21 393 8.01 
21 398 5.01 
21 433 6.01 
21 489 8.01 
21 491 15.01 
21 492 10.01 
21 495 16.009999999999998 
21 500 36.01 
58 112 9.01 
58 119 3.01 
58 163 3.01 
58 234 2.01 
58 279 5.01 
58 325 7.01 
58 377 2.01 
58 379 3.01 
58 398 9.01 
58 462 11.01 
58 491 14.01 
58 492 13.01 
202 27 10.01 
202 110 7.01 
202 246 7.01 
202 333 4.01 
202 338 7.01 
202 370 6.01 
202 380 6.01 
202 397 7.01 
202 407 3.01 
202 473 10.01 
202 490 11.01 
202 500 61.01 
281 13 8.01 
281 21 5.01 
281 228 6.01 
281 244 6.01 
281 350 2.01 
281 369 2.01 
281 413 3.01 
281 449 4.01 
281 461 8.01 
281 477 5.01 
281 488 10.01 
393 162 9.01 
393 218 6.01 
393 235 5.01 
393 242 9.01 
393 265 6.01 
393 346 14.01 
393 373 2.01 
393 423 9.01 
393 458 8.01 
393 491 21.009999999999998 
393 498 16.009999999999998 
433 62 6.01 
433 174 10.01 
433 383 8.01 
433 437 9.01 
433 449 6.01 
433 485 6.01 
433 487 17.009999999999998 
433 491 18.009999999999998 
433 492 11.01 
433 494 13.01 
433 500 51.01 
91 42 3.01 
91 238 5.01 
91 266 5.01 
91 283 4.01 
91 355 5.01 
91 476 5.01 
91 478 10.01 
91 479 11.01 
91 495 14.01 
91 496 11.01 
91 498 22.009999999999998 
91 499 35.01 
237 23 1.01 
237 41 5.01 
237 233 8.01 
237 244 5.01 
237 298 6.01 
237 328 9.01 
237 377 2.01 
237 382 5.01 
237 397 1.01 
237 485 14.01 
237 493 14.01 
237 500 37.01 
399 25 3.01 
399 42 6.01 
399 108 8.01 
399 122 7.01 
399 371 6.01 
399 384 6.01 
399 426 6.01 
399 451 10.01 
399 474 8.01 
399 475 19.009999999999998 
399 497 14.01 
432 25 4.01 
432 143 6.01 
432 178 11.01 
432 212 1.01 
432 238 11.01 
432 459 9.01 
432 475 13.01 
432 495 8.01 
432 496 21.009999999999998 
432 497 19.009999999999998 
432 499 27.009999999999998 
334 132 10.01 
334 301 10.01 
334 321 3.01 
334 407 10.01 
334 410 7.01 
334 425 1.01 
334 460 7.01 
334 484 17.009999999999998 
334 489 6.01 
334 499 34.01 
334 500 41.01 
376 67 2.01 
376 296 1.01 
376 312 3.01 
376 371 7.01 
376 422 5.01 
376 443 8.01 
376 470 4.01 
376 495 14.01 
376 497 14.01 
376 498 35.01 
376 499 21.009999999999998 
24 34 6.01 
24 150 3.01 
24 171 6.01 
24 279 6.01 
24 328 5.01 
24 335 7.01 
24 358 8.01 
24 423 7.01 
24 439 8.01 
24 448 6.01 
24 482 20.009999999999998 
24 486 6.01 
34 90 6.01 
34 117 5.01 
34 246 3.01 
34 254 2.01 
34 366 3.01 
34 417 8.01 
34 433 9.01 
34 467 7.01 
34 481 15.01 
34 487 15.01 
34 496 16.009999999999998 
34 498 21.009999999999998 
150 28 8.01 
150 30 8.01 
150 158 3.01 
150 214 7.01 
150 267 4.01 
150 327 3.01 
150 337 7.01 
150 359 6.01 
150 432 6.01 
150 444 5.01 
150 469 8.01 
150 488 10.01 
171 250 7.01 
171 259 3.01 
171 393 3.01 
171 431 5.01 
171 450 7.01 
171 452 6.01 
171 461 10.01 
171 477 11.01 
171 483 12.01 
171 486 13.01 
171 489 8.01 
171 500 33.01 
279 184 9.01 
279 299 5.01 
279 340 5.01 
279 414 5.01 
279 468 14.01 
279 478 6.01 
279 481 11.01 
279 485 16.009999999999998 
279 492 13.01 
279 493 17.009999999999998 
279 500 40.01 
328 27 4.01 
328 60 7.01 
328 117 5.01 
328 135 5.01 
328 298 0.01 
328 316 7.01 
328 368 3.01 
328 452 9.01 
328 453 10.01 
328 466 8.01 
328 500 49.01 
335 73 6.01 
335 138 6.01 
335 185 7.01 
335 229 4.01 
335 424 6.01 
335 435 7.01 
335 445 12.01 
335 473 7.01 
335 482 8.01 
335 484 19.009999999999998 
335 500 45.01 
358 78 0.01 
358 172 5.01 
358 230 6.01 
358 251 9.01 
358 371 10.01 
358 437 7.01 
358 471 5.01 
358 477 10.01 
358 483 8.01 
358 494 9.01 
358 500 34.01 
448 32 11.01 
448 233 6.01 
448 281 5.01 
448 299 8.01 
448 367 3.01 
448 390 5.01 
448 417 4.01 
448 486 9.01 
448 487 17.009999999999998 
448 490 12.01 
448 500 45.01 
486 106 10.01 
486 143 6.01 
486 221 8.01 
486 231 8.01 
486 287 9.01 
486 385 11.01 
486 392 17.009999999999998 
486 433 11.01 
486 463 10.01 
486 479 18.009999999999998 
486 487 14.01 
25 18 3.01 
25 31 5.01 
25 134 1.01 
25 205 9.01 
25 241 9.01 
25 454 3.01 
25 455 6.01 
25 466 5.01 
25 480 10.01 
25 493 15.01 
25 495 17.009999999999998 
25 499 41.01 
31 248 6.01 
31 310 4.01 
31 315 4.01 
31 355 7.01 
31 371 1.01 
31 427 6.01 
31 472 12.01 
31 474 8.01 
31 476 13.01 
31 477 8.01 
31 493 18.009999999999998 
31 499 23.009999999999998 
134 109 2.01 
134 128 5.01 
134 239 10.01 
134 284 5.01 
134 318 5.01 
134 393 6.01 
134 493 24.009999999999998 
134 495 16.009999999999998 
134 496 19.009999999999998 
134 498 21.009999999999998 
134 499 28.009999999999998 
134 500 37.01 
241 205 5.01 
241 335 4.01 
241 354 6.01 
241 386 3.01 
241 387 4.01 
241 422 7.01 
241 432 5.01 
241 459 6.01 
241 480 13.01 
241 495 9.01 
241 496 16.009999999999998 
241 499 29.009999999999998 
454 11 8.01 
454 207 8.01 
454 230 9.01 
454 260 3.01 
454 305 10.01 
454 387 8.01 
454 411 6.01 
454 434 8.01 
454 487 15.01 
454 489 9.01 
454 500 41.01 
466 61 3.01 
466 64 8.01 
466 170 6.01 
466 439 11.01 
466 458 19.009999999999998 
466 463 8.01 
466 472 11.01 
466 480 7.01 
466 489 17.009999999999998 
466 499 25.009999999999998 
466 500 59.01 
480 3 8.01 
480 45 10.01 
480 118 10.01 
480 167 6.01 
480 242 5.01 
480 335 9.01 
480 359 15.01 
480 459 11.01 
480 472 8.01 
480 498 23.009999999999998 
480 499 35.01 
26 141 1.01 
26 374 3.01 
26 388 4.01 
26 438 2.01 
26 440 6.01 
26 481 11.01 
26 493 15.01 
26 495 15.01 
26 496 11.01 
26 497 18.009999999999998 
26 499 25.009999999999998 
26 500 39.01 
141 15 6.01 
141 35 8.01 
141 126 6.01 
141 149 6.01 
141 280 8.01 
141 336 7.01 
141 350 6.01 
141 360 5.01 
141 431 2.01 
141 433 7.01 
141 479 9.01 
141 483 10.01 
374 159 1.01 
374 178 4.01 
374 376 10.01 
374 406 6.01 
374 425 3.01 
374 449 6.01 
374 457 13.01 
374 470 5.01 
374 475 5.01 
374 481 9.01 
374 498 25.009999999999998 
388 153 9.01 
388 191 4.01 
388 252 12.01 
388 255 6.01 
388 352 2.01 
388 418 6.01 
388 459 5.01 
388 493 14.01 
388 496 25.009999999999998 
388 497 21.009999999999998 
388 499 30.009999999999998 
438 96 3.01 
438 133 11.01 
438 181 7.01 
438 187 5.01 
438 274 8.01 
438 372 8.01 
438 408 6.01 
438 455 7.01 
438 473 9.01 
438 494 15.01 
438 500 42.01 
440 7 9.01 
440 9 5.01 
440 24 6.01 
440 365 9.01 
440 372 5.01 
440 393 8.01 
440 425 12.01 
440 436 6.01 
440 462 16.009999999999998 
440 467 2.01 
440 500 41.01 
27 148 2.01 
27 254 3.01 
27 320 4.01 
27 383 4.01 
27 392 7.01 
27 416 10.01 
27 441 8.01 
27 479 11.01 
27 482 9.01 
27 483 7.01 
27 488 12.01 
27 500 45.01 
148 131 8.01 
148 176 5.01 
148 238 1.01 
148 300 5.01 
148 350 5.01 
148 358 4.01 
148 394 5.01 
148 435 5.01 
148 465 5.01 
148 472 10.01 
148 494 13.01 
148 500 44.01 
254 107 5.01 
254 149 4.01 
254 161 4.01 
254 230 2.01 
254 278 6.01 
254 401 6.01 
254 404 9.01 
254 421 5.01 
254 439 8.01 
254 488 11.01 
254 499 31.009999999999998 
320 73 2.01 
320 189 2.01 
320 192 3.01 
320 196 4.01 
320 210 4.01 
320 313 8.01 
320 316 9.01 
320 328 4.01 
320 436 11.01 
320 486 14.01 
320 494 13.01 
392 49 5.01 
392 54 4.01 
392 151 2.01 
392 152 4.01 
392 350 5.01 
392 389 6.01 
392 401 5.01 
392 437 6.01 
392 442 6.01 
392 491 16.009999999999998 
392 499 19.009999999999998 
416 148 5.01 
416 182 6.01 
416 225 6.01 
416 286 5.01 
416 354 10.01 
416 373 4.01 
416 380 4.01 
416 483 8.01 
416 493 14.01 
416 499 26.009999999999998 
416 500 55.01 
441 33 15.01 
441 214 8.01 
441 228 11.01 
441 243 9.01 
441 271 9.01 
441 387 3.01 
441 461 11.01 
441 472 7.01 
441 483 11.01 
441 498 11.01 
441 500 37.01 
28 19 6.01 
28 68 5.01 
28 91 3.01 
28 218 4.01 
28 232 7.01 
28 359 7.01 
28 370 10.01 
28 438 5.01 
28 441 4.01 
28 483 6.01 
28 490 17.009999999999998 
28 500 44.01 
68 80 6.01 
68 112 3.01 
68 216 6.01 
68 307 4.01 
68 341 4.01 
68 360 3.01 
68 372 11.01 
68 479 10.01 
68 485 4.01 
68 488 10.01 
68 489 18.009999999999998 
68 500 42.01 
218 48 4.01 
218 286 7.01 
218 357 6.01 
218 389 9.01 
218 397 7.01 
218 401 10.01 
218 421 7.01 
218 428 6.01 
218 433 14.01 
218 444 13.01 
218 465 3.01 
218 491 14.01 
232 63 3.01 
232 249 3.01 
232 278 10.01 
232 305 6.01 
232 386 1.01 
232 425 7.01 
232 444 7.01 
232 469 5.01 
232 486 12.01 
232 491 7.01 
232 497 17.009999999999998 
232 500 43.01 
359 176 5.01 
359 247 3.01 
359 318 5.01 
359 336 3.01 
359 339 5.01 
359 364 7.01 
359 377 4.01 
359 423 2.01 
359 435 5.01 
359 488 13.01 
359 492 10.01 
370 5 6.01 
370 177 4.01 
370 458 5.01 
370 464 18.009999999999998 
370 471 6.01 
370 479 7.01 
370 482 12.01 
370 484 8.01 
370 487 8.01 
370 499 25.009999999999998 
370 500 47.01 
490 60 9.01 
490 165 7.01 
490 221 8.01 
490 362 3.01 
490 386 16.009999999999998 
490 390 15.01 
490 425 10.01 
490 434 14.01 
490 489 19.009999999999998 
490 492 14.01 
490 500 42.01 
29 100 0.01 
29 215 4.01 
29 237 8.01 
29 239 3.01 
29 243 10.01 
29 309 4.01 
29 314 5.01 
29 454 5.01 
29 489 9.01 
29 491 9.01 
29 499 40.01 
29 500 43.01 
100 34 8.01 
100 115 4.01 
100 340 5.01 
100 428 7.01 
100 451 5.01 
100 470 7.01 
100 471 4.01 
100 479 8.01 
100 482 4.01 
100 496 10.01 
100 499 27.009999999999998 
100 500 35.01 
239 3 2.01 
239 91 5.01 
239 242 5.01 
239 257 5.01 
239 260 1.01 
239 284 8.01 
239 289 8.01 
239 410 7.01 
239 426 4.01 
239 481 15.01 
239 496 23.009999999999998 
239 499 37.01 
243 142 5.01 
243 172 3.01 
243 192 5.01 
243 326 8.01 
243 356 5.01 
243 429 14.01 
243 442 5.01 
243 447 6.01 
243 471 15.01 
243 472 10.01 
243 485 12.01 
243 490 11.01 
309 68 4.01 
309 104 9.01 
309 142 6.01 
309 320 9.01 
309 385 3.01 
309 423 3.01 
309 434 6.01 
309 462 6.01 
309 482 9.01 
309 492 21.009999999999998 
309 500 44.01 
314 102 3.01 
314 163 3.01 
314 272 4.01 
314 279 9.01 
314 349 8.01 
314 364 6.01 
314 381 3.01 
314 415 4.01 
314 419 9.01 
314 442 6.01 
314 490 16.009999999999998 
30 115 4.01 
30 197 6.01 
30 244 4.01 
30 318 4.01 
30 328 5.01 
30 351 11.01 
30 400 4.01 
30 434 7.01 
30 448 5.01 
30 486 12.01 
30 498 18.009999999999998 
30 500 41.01 
115 109 1.01 
115 123 3.01 
115 206 1.01 
115 228 4.01 
115 343 10.01 
115 364 5.01 
115 428 3.01 
115 431 4.01 
115 464 8.01 
115 486 14.01 
115 488 16.009999999999998 
115 499 26.009999999999998 
197 174 6.01 
197 236 3.01 
197 338 8.01 
197 360 3.01 
197 361 4.01 
197 398 7.01 
197 437 10.01 
197 445 5.01 
197 466 9.01 
197 473 10.01 
197 492 9.01 
197 494 15.01 
244 57 4.01 
244 168 7.01 
244 177 4.01 
244 203 6.01 
244 321 5.01 
244 349 8.01 
244 367 7.01 
244 407 8.01 
244 428 3.01 
244 471 8.01 
244 473 11.01 
244 500 54.01 
318 24 5.01 
318 199 2.01 
318 217 5.01 
318 269 8.01 
318 299 2.01 
318 323 5.01 
318 341 1.01 
318 385 9.01 
318 490 23.009999999999998 
318 495 14.01 
318 500 35.01 
351 42 6.01 
351 85 14.01 
351 94 6.01 
351 116 4.01 
351 347 2.01 
351 410 4.01 
351 413 6.01 
351 427 10.01 
351 459 9.01 
351 498 22.009999999999998 
351 499 29.009999999999998 
434 72 1.01 
434 103 3.01 
434 149 5.01 
434 313 4.01 
434 341 7.01 
434 416 3.01 
434 435 9.01 
434 474 8.01 
434 487 11.01 
434 489 15.01 
434 500 32.01 
248 37 6.01 
248 66 5.01 
248 339 5.01 
248 367 5.01 
248 410 5.01 
248 411 2.01 
248 481 19.009999999999998 
248 494 11.01 
248 495 17.009999999999998 
248 498 18.009999999999998 
248 499 29.009999999999998 
310 51 5.01 
310 95 6.01 
310 268 4.01 
310 327 4.01 
310 415 4.01 
310 474 10.01 
310 475 12.01 
310 494 12.01 
310 497 11.01 
310 498 15.01 
310 500 42.01 
355 22 6.01 
355 26 2.01 
355 174 10.01 
355 257 5.01 
355 268 6.01 
355 404 0.01 
355 474 8.01 
355 495 16.009999999999998 
355 497 23.009999999999998 
355 498 23.009999999999998 
355 499 25.009999999999998 
371 67 5.01 
371 115 6.01 
371 138 2.01 
371 220 10.01 
371 342 2.01 
371 350 3.01 
371 451 4.01 
371 486 13.01 
371 497 19.009999999999998 
371 498 28.009999999999998 
371 499 29.009999999999998 
32 4 6.01 
32 154 2.01 
32 198 3.01 
32 271 3.01 
32 321 5.01 
32 341 3.01 
32 361 3.01 
32 409 7.01 
32 441 4.01 
32 461 4.01 
32 484 9.01 
32 500 49.01 
154 23 5.01 
154 46 3.01 
154 283 5.01 
154 386 4.01 
154 457 6.01 
154 470 6.01 
154 475 6.01 
154 493 19.009999999999998 
154 495 15.01 
154 496 14.01 
154 498 17.009999999999998 
154 499 29.009999999999998 
198 6 2.01 
198 97 6.01 
198 140 4.01 
198 383 7.01 
198 388 3.01 
198 390 7.01 
198 414 6.01 
198 443 3.01 
198 487 12.01 
198 488 9.01 
198 490 8.01 
198 500 43.01 
271 273 7.01 
271 275 5.01 
271 321 7.01 
271 387 3.01 
271 463 9.01 
271 487 9.01 
271 489 10.01 
271 490 9.01 
271 495 20.009999999999998 
271 497 13.01 
271 500 33.01 
321 24 8.01 
321 46 5.01 
321 269 6.01 
321 302 7.01 
321 336 9.01 
321 444 6.01 
321 461 4.01 
321 463 10.01 
321 487 11.01 
321 499 24.009999999999998 
321 500 39.01 
341 287 6.01 
341 317 6.01 
341 395 5.01 
341 406 6.01 
341 482 12.01 
341 483 11.01 
341 485 10.01 
341 487 5.01 
341 496 11.01 
341 497 18.009999999999998 
341 500 34.01 
361 129 5.01 
361 141 7.01 
361 246 7.01 
361 254 8.01 
361 306 5.01 
361 367 4.01 
361 417 6.01 
361 421 3.01 
361 432 4.01 
361 433 8.01 
361 478 7.01 
33 68 1.01 
33 125 5.01 
33 187 8.01 
33 188 5.01 
33 271 8.01 
33 381 3.01 
33 408 3.01 
33 446 5.01 
33 460 4.01 
33 489 7.01 
33 491 11.01 
33 500 38.01 
187 13 5.01 
187 64 3.01 
187 167 2.01 
187 333 8.01 
187 337 5.01 
187 458 7.01 
187 463 7.01 
187 467 8.01 
187 484 10.01 
187 485 15.01 
187 498 19.009999999999998 
187 500 44.01 
381 39 7.01 
381 53 9.01 
381 75 3.01 
381 156 5.01 
381 291 5.01 
381 315 4.01 
381 462 9.01 
381 488 11.01 
381 493 16.009999999999998 
381 497 17.009999999999998 
381 500 36.01 
408 28 3.01 
408 105 4.01 
408 208 7.01 
408 297 7.01 
408 448 8.01 
408 449 10.01 
408 452 10.01 
408 486 11.01 
408 490 12.01 
408 493 11.01 
408 500 52.01 
446 16 6.01 
446 241 12.01 
446 384 6.01 
446 395 6.01 
446 422 8.01 
446 480 10.01 
446 485 10.01 
446 496 19.009999999999998 
446 497 23.009999999999998 
446 498 19.009999999999998 
446 499 29.009999999999998 
90 131 2.01 
90 177 2.01 
90 179 5.01 
90 297 4.01 
90 323 10.01 
90 400 5.01 
90 462 13.01 
90 479 5.01 
90 487 12.01 
90 489 13.01 
90 494 13.01 
90 500 43.01 
117 20 2.01 
117 229 5.01 
117 253 5.01 
117 312 8.01 
117 391 7.01 
117 433 6.01 
117 462 5.01 
117 464 12.01 
117 491 13.01 
117 492 7.01 
117 494 23.009999999999998 
117 500 55.01 
467 123 8.01 
467 148 7.01 
467 285 8.01 
467 424 4.01 
467 437 8.01 
467 453 7.01 
467 458 10.01 
467 464 11.01 
467 486 13.01 
467 491 15.01 
467 500 51.01 
35 76 11.01 
35 126 10.01 
35 303 3.01 
35 329 2.01 
35 385 2.01 
35 417 6.01 
35 429 8.01 
35 453 8.01 
35 465 10.01 
35 471 6.01 
35 487 10.01 
35 494 16.009999999999998 
76 21 2.01 
76 96 5.01 
76 157 2.01 
76 221 3.01 
76 266 4.01 
76 327 2.01 
76 352 2.01 
76 394 6.01 
76 480 11.01 
76 481 8.01 
76 492 11.01 
76 494 13.01 
126 15 8.01 
126 19 5.01 
126 370 8.01 
126 392 6.01 
126 397 5.01 
126 438 5.01 
126 444 5.01 
126 445 9.01 
126 446 8.01 
126 479 12.01 
126 494 16.009999999999998 
126 500 31.009999999999998 
303 162 2.01 
303 196 4.01 
303 222 4.01 
303 269 9.01 
303 354 6.01 
303 363 4.01 
303 439 9.01 
303 469 2.01 
303 490 7.01 
303 499 22.009999999999998 
303 500 48.01 
329 15 6.01 
329 278 10.01 
329 294 6.01 
329 301 5.01 
329 334 7.01 
329 350 8.01 
329 364 7.01 
329 374 3.01 
329 433 6.01 
329 449 3.01 
329 494 16.009999999999998 
385 177 11.01 
385 190 4.01 
385 202 2.01 
385 308 7.01 
385 366 4.01 
385 409 6.01 
385 471 6.01 
385 472 11.01 
385 475 7.01 
385 478 6.01 
385 500 39.01 
429 120 2.01 
429 231 9.01 
429 280 6.01 
429 290 7.01 
429 294 6.01 
429 308 6.01 
429 377 5.01 
429 462 4.01 
429 473 2.01 
429 494 20.009999999999998 
429 500 39.01 
453 58 10.01 
453 127 5.01 
453 205 4.01 
453 211 9.01 
453 228 9.01 
453 290 8.01 
453 391 7.01 
453 430 6.01 
453 468 11.01 
453 492 20.009999999999998 
453 494 22.009999999999998 
36 107 6.01 
36 276 4.01 
36 285 6.01 
36 297 2.01 
36 326 5.01 
36 350 9.01 
36 360 12.01 
36 430 5.01 
36 437 7.01 
36 447 7.01 
36 494 17.009999999999998 
36 500 38.01 
107 130 2.01 
107 204 6.01 
107 281 3.01 
107 314 3.01 
107 439 11.01 
107 453 4.01 
107 466 9.01 
107 467 11.01 
107 491 8.01 
107 494 13.01 
107 496 19.009999999999998 
107 500 52.01 
276 39 3.01 
276 103 2.01 
276 123 5.01 
276 378 5.01 
276 394 3.01 
276 460 7.01 
276 461 9.01 
276 473 10.01 
276 483 5.01 
276 498 22.009999999999998 
276 500 33.01 
285 65 3.01 
285 182 8.01 
285 298 6.01 
285 302 3.01 
285 424 5.01 
285 435 9.01 
285 436 11.01 
285 454 8.01 
285 455 5.01 
285 490 12.01 
285 500 42.01 
297 347 6.01 
297 372 6.01 
297 403 8.01 
297 423 4.01 
297 442 7.01 
297 459 3.01 
297 485 9.01 
297 489 10.01 
297 491 15.01 
297 492 18.009999999999998 
297 494 17.009999999999998 
326 12 4.01 
326 168 4.01 
326 204 8.01 
326 319 6.01 
326 408 3.01 
326 429 7.01 
326 453 4.01 
326 466 6.01 
326 467 17.009999999999998 
326 477 14.01 
326 492 11.01 
350 41 5.01 
350 129 5.01 
350 245 3.01 
350 326 8.01 
350 362 5.01 
350 370 5.01 
350 416 5.01 
350 447 13.01 
350 462 5.01 
350 475 9.01 
350 492 14.01 
360 151 5.01 
360 189 4.01 
360 309 4.01 
360 365 7.01 
360 370 6.01 
360 411 7.01 
360 415 3.01 
360 430 6.01 
360 482 7.01 
360 494 19.009999999999998 
360 500 37.01 
437 106 6.01 
437 197 6.01 
437 206 7.01 
437 384 3.01 
437 390 5.01 
437 436 11.01 
437 438 9.01 
437 465 10.01 
437 476 15.01 
437 481 8.01 
437 494 25.009999999999998 
37 45 1.01 
37 99 3.01 
37 153 3.01 
37 341 6.01 
37 384 9.01 
37 426 8.01 
37 432 5.01 
37 493 16.009999999999998 
37 497 19.009999999999998 
37 498 24.009999999999998 
37 499 26.009999999999998 
37 500 36.01 
45 71 4.01 
45 94 2.01 
45 134 7.01 
45 160 10.01 
45 208 7.01 
45 248 2.01 
45 343 6.01 
45 474 7.01 
45 484 6.01 
45 497 17.009999999999998 
45 498 18.009999999999998 
45 499 26.009999999999998 
99 136 5.01 
99 181 4.01 
99 236 1.01 
99 418 9.01 
99 456 1.01 
99 457 9.01 
99 475 12.01 
99 476 8.01 
99 493 11.01 
99 495 18.009999999999998 
99 498 21.009999999999998 
99 499 25.009999999999998 
153 31 7.01 
153 166 3.01 
153 224 4.01 
153 283 7.01 
153 355 6.01 
153 457 7.01 
153 474 11.01 
153 483 9.01 
153 487 12.01 
153 494 8.01 
153 499 34.01 
153 500 30.009999999999998 
384 11 4.01 
384 36 3.01 
384 120 5.01 
384 139 4.01 
384 144 5.01 
384 451 8.01 
384 491 16.009999999999998 
384 495 12.01 
384 497 8.01 
384 498 19.009999999999998 
384 499 32.01 
38 112 2.01 
38 324 7.01 
38 351 4.01 
38 378 7.01 
38 421 10.01 
38 450 9.01 
38 456 5.01 
38 470 10.01 
38 477 7.01 
38 482 12.01 
38 485 8.01 
38 500 39.01 
112 47 6.01 
112 280 2.01 
112 296 3.01 
112 374 4.01 
112 396 3.01 
112 429 8.01 
112 440 7.01 
112 476 8.01 
112 489 12.01 
112 490 9.01 
112 494 14.01 
112 495 13.01 
324 51 1.01 
324 61 7.01 
324 176 6.01 
324 377 7.01 
324 382 3.01 
324 452 12.01 
324 457 4.01 
324 458 11.01 
324 483 11.01 
324 487 9.01 
324 499 20.009999999999998 
378 71 6.01 
378 267 4.01 
378 355 5.01 
378 361 5.01 
378 366 4.01 
378 391 4.01 
378 414 5.01 
378 456 7.01 
378 469 9.01 
378 491 11.01 
378 492 15.01 
421 170 11.01 
421 206 3.01 
421 215 7.01 
421 222 4.01 
421 228 6.01 
421 265 10.01 
421 274 5.01 
421 424 9.01 
421 467 9.01 
421 490 6.01 
421 500 53.01 
39 168 6.01 
39 253 3.01 
39 295 11.01 
39 296 4.01 
39 309 4.01 
39 344 5.01 
39 382 2.01 
39 442 8.01 
39 457 7.01 
39 465 9.01 
39 482 10.01 
39 487 10.01 
168 76 3.01 
168 135 7.01 
168 203 13.01 
168 323 2.01 
168 397 7.01 
168 415 8.01 
168 434 6.01 
168 437 4.01 
168 464 11.01 
168 476 4.01 
168 481 6.01 
168 498 14.01 
253 24 4.01 
253 229 8.01 
253 271 2.01 
253 305 3.01 
253 358 6.01 
253 427 7.01 
253 473 8.01 
253 481 7.01 
253 490 13.01 
253 491 13.01 
253 500 48.01 
296 185 4.01 
296 224 3.01 
296 257 3.01 
296 317 3.01 
296 352 4.01 
296 417 4.01 
296 471 8.01 
296 474 12.01 
296 478 10.01 
296 496 10.01 
296 499 29.009999999999998 
344 30 3.01 
344 42 5.01 
344 170 6.01 
344 251 3.01 
344 303 5.01 
344 439 3.01 
344 473 9.01 
344 488 10.01 
344 490 11.01 
344 494 12.01 
344 500 53.01 
382 16 6.01 
382 29 7.01 
382 40 3.01 
382 179 8.01 
382 198 3.01 
382 364 5.01 
382 410 1.01 
382 484 10.01 
382 489 13.01 
382 496 15.01 
382 500 36.01 
442 73 5.01 
442 337 5.01 
442 338 5.01 
442 388 5.01 
442 411 3.01 
442 435 6.01 
442 441 5.01 
442 471 7.01 
442 485 14.01 
442 487 17.009999999999998 
442 500 47.01 
40 48 4.01 
40 88 6.01 
40 193 5.01 
40 206 6.01 
40 343 7.01 
40 403 10.01 
40 455 7.01 
40 471 6.01 
40 485 4.01 
40 488 12.01 
40 492 18.009999999999998 
40 500 54.01 
193 163 6.01 
193 187 4.01 
193 254 2.01 
193 297 1.01 
193 302 2.01 
193 335 6.01 
193 359 11.01 
193 469 6.01 
193 472 3.01 
193 484 17.009999999999998 
193 486 11.01 
193 500 39.01 
206 43 6.01 
206 158 6.01 
206 203 6.01 
206 204 3.01 
206 236 2.01 
206 299 3.01 
206 311 3.01 
206 312 7.01 
206 338 3.01 
206 423 10.01 
206 491 19.009999999999998 
206 492 13.01 
343 94 5.01 
343 148 8.01 
343 217 5.01 
343 294 6.01 
343 394 7.01 
343 458 5.01 
343 476 6.01 
343 489 10.01 
343 496 14.01 
343 497 18.009999999999998 
343 500 37.01 
41 64 3.01 
41 112 3.01 
41 158 7.01 
41 207 5.01 
41 405 9.01 
41 428 3.01 
41 438 7.01 
41 473 8.01 
41 484 9.01 
41 488 11.01 
41 492 13.01 
41 500 43.01 
64 84 4.01 
64 196 7.01 
64 279 4.01 
64 292 8.01 
64 322 5.01 
64 358 2.01 
64 367 6.01 
64 390 3.01 
64 445 10.01 
64 454 6.01 
64 474 9.01 
64 500 45.01 
158 13 6.01 
158 47 4.01 
158 232 4.01 
158 334 7.01 
158 346 6.01 
158 369 7.01 
158 423 7.01 
158 430 5.01 
158 467 10.01 
158 492 16.009999999999998 
158 493 11.01 
158 494 19.009999999999998 
207 4 9.01 
207 184 6.01 
207 291 4.01 
207 329 6.01 
207 372 7.01 
207 405 9.01 
207 417 1.01 
207 430 11.01 
207 458 6.01 
207 485 9.01 
207 494 17.009999999999998 
207 500 47.01 
42 6 6.01 
42 208 5.01 
42 219 6.01 
42 252 8.01 
42 265 7.01 
42 289 6.01 
42 369 4.01 
42 388 10.01 
42 478 9.01 
42 488 14.01 
42 495 14.01 
42 499 26.009999999999998 
208 153 5.01 
208 257 8.01 
208 276 4.01 
208 318 4.01 
208 376 6.01 
208 379 5.01 
208 384 6.01 
208 388 11.01 
208 412 7.01 
208 427 4.01 
208 493 22.009999999999998 
208 499 24.009999999999998 
219 78 9.01 
219 149 8.01 
219 197 7.01 
219 211 3.01 
219 280 3.01 
219 299 4.01 
219 331 6.01 
219 430 4.01 
219 471 8.01 
219 494 16.009999999999998 
219 497 14.01 
219 500 45.01 
252 45 2.01 
252 224 5.01 
252 323 3.01 
252 363 7.01 
252 409 5.01 
252 448 8.01 
252 481 3.01 
252 482 4.01 
252 493 9.01 
252 496 18.009999999999998 
252 499 22.009999999999998 
265 3 3.01 
265 47 5.01 
265 186 2.01 
265 263 1.01 
265 286 5.01 
265 375 5.01 
265 392 9.01 
265 472 8.01 
265 489 13.01 
265 490 13.01 
265 495 13.01 
289 51 8.01 
289 89 5.01 
289 128 5.01 
289 353 2.01 
289 396 5.01 
289 406 14.01 
289 446 4.01 
289 482 12.01 
289 486 6.01 
289 497 15.01 
289 499 30.009999999999998 
43 60 3.01 
43 313 3.01 
43 343 10.01 
43 354 4.01 
43 397 2.01 
43 407 11.01 
43 415 4.01 
43 437 5.01 
43 448 5.01 
43 466 6.01 
43 489 10.01 
43 500 60.01 
60 257 6.01 
60 281 3.01 
60 344 1.01 
60 375 9.01 
60 384 4.01 
60 408 3.01 
60 461 6.01 
60 470 11.01 
60 479 6.01 
60 482 3.01 
60 487 2.01 
60 500 41.01 
313 92 5.01 
313 100 5.01 
313 117 6.01 
313 227 4.01 
313 301 7.01 
313 361 3.01 
313 417 5.01 
313 429 6.01 
313 435 4.01 
313 449 9.01 
313 498 27.009999999999998 
354 57 10.01 
354 71 4.01 
354 77 4.01 
354 186 3.01 
354 249 4.01 
354 278 4.01 
354 318 4.01 
354 334 7.01 
354 431 8.01 
354 492 9.01 
354 496 18.009999999999998 
397 46 6.01 
397 132 4.01 
397 201 9.01 
397 338 11.01 
397 398 7.01 
397 404 2.01 
397 430 12.01 
397 444 16.009999999999998 
397 449 6.01 
397 460 5.01 
397 462 8.01 
407 87 6.01 
407 287 6.01 
407 302 4.01 
407 305 5.01 
407 325 7.01 
407 340 10.01 
407 367 8.01 
407 422 4.01 
407 445 8.01 
407 497 22.009999999999998 
407 500 35.01 
415 14 4.01 
415 115 3.01 
415 234 8.01 
415 275 7.01 
415 314 13.01 
415 329 6.01 
415 426 4.01 
415 432 5.01 
415 450 3.01 
415 458 3.01 
415 477 6.01 
87 9 7.01 
87 83 6.01 
87 113 5.01 
87 144 5.01 
87 302 0.01 
87 307 4.01 
87 308 1.01 
87 405 10.01 
87 419 2.01 
87 442 8.01 
87 458 9.01 
87 500 45.01 
161 20 5.01 
161 58 5.01 
161 90 5.01 
161 102 3.01 
161 320 3.01 
161 462 8.01 
161 471 6.01 
161 492 19.009999999999998 
161 493 11.01 
161 497 13.01 
161 498 19.009999999999998 
161 500 36.01 
211 36 3.01 
211 189 8.01 
211 198 7.01 
211 293 2.01 
211 301 7.01 
211 338 5.01 
211 392 8.01 
211 436 9.01 
211 461 10.01 
211 474 4.01 
211 491 14.01 
211 499 24.009999999999998 
71 78 2.01 
71 314 4.01 
71 337 6.01 
71 398 3.01 
71 416 3.01 
71 440 5.01 
71 469 8.01 
71 485 10.01 
71 489 14.01 
71 490 9.01 
71 494 19.009999999999998 
71 500 38.01 
94 122 7.01 
94 308 4.01 
94 395 4.01 
94 399 6.01 
94 400 6.01 
94 426 5.01 
94 427 6.01 
94 446 6.01 
94 495 7.01 
94 496 13.01 
94 497 17.009999999999998 
94 499 28.009999999999998 
160 74 5.01 
160 180 3.01 
160 212 10.01 
160 416 3.01 
160 474 6.01 
160 476 5.01 
160 486 11.01 
160 496 24.009999999999998 
160 497 24.009999999999998 
160 498 30.009999999999998 
160 499 31.009999999999998 
160 500 47.01 
46 56 3.01 
46 65 2.01 
46 116 0.01 
46 141 6.01 
46 232 1.01 
46 314 7.01 
46 350 8.01 
46 461 12.01 
46 485 8.01 
46 491 18.009999999999998 
46 494 7.01 
46 499 15.01 
65 155 11.01 
65 168 3.01 
65 173 5.01 
65 186 6.01 
65 203 4.01 
65 361 3.01 
65 402 9.01 
65 415 6.01 
65 440 6.01 
65 445 6.01 
65 447 3.01 
65 481 6.01 
116 131 7.01 
116 139 5.01 
116 356 3.01 
116 362 5.01 
116 464 6.01 
116 469 8.01 
116 482 6.01 
116 484 14.01 
116 487 12.01 
116 488 10.01 
116 497 9.01 
116 500 46.01 
47 149 2.01 
47 240 3.01 
47 247 7.01 
47 304 10.01 
47 313 10.01 
47 316 6.01 
47 347 3.01 
47 409 5.01 
47 453 10.01 
47 467 6.01 
47 488 9.01 
47 500 40.01 
149 1 3.01 
149 105 5.01 
149 263 5.01 
149 324 4.01 
149 325 4.01 
149 326 7.01 
149 378 3.01 
149 437 5.01 
149 449 8.01 
149 494 12.01 
149 495 11.01 
149 500 45.01 
240 44 2.01 
240 228 11.01 
240 229 4.01 
240 254 7.01 
240 274 5.01 
240 316 3.01 
240 412 5.01 
240 430 5.01 
240 447 7.01 
240 479 5.01 
240 489 10.01 
240 491 13.01 
304 153 4.01 
304 161 6.01 
304 236 3.01 
304 331 4.01 
304 346 5.01 
304 404 5.01 
304 455 7.01 
304 465 8.01 
304 475 11.01 
304 482 9.01 
304 492 18.009999999999998 
316 36 6.01 
316 90 2.01 
316 104 12.01 
316 201 5.01 
316 219 5.01 
316 271 2.01 
316 323 7.01 
316 366 10.01 
316 436 10.01 
316 483 10.01 
316 487 9.01 
347 96 5.01 
347 228 4.01 
347 309 5.01 
347 343 4.01 
347 373 7.01 
347 440 7.01 
347 465 15.01 
347 489 13.01 
347 492 21.009999999999998 
347 498 26.009999999999998 
347 499 16.009999999999998 
325 34 6.01 
325 279 9.01 
325 342 6.01 
325 389 7.01 
325 395 4.01 
325 421 14.01 
325 462 7.01 
325 465 3.01 
325 467 8.01 
325 468 9.01 
325 500 37.01 
353 59 13.01 
353 221 13.01 
353 260 11.01 
353 337 4.01 
353 395 5.01 
353 451 7.01 
353 481 16.009999999999998 
353 488 11.01 
353 495 18.009999999999998 
353 496 22.009999999999998 
353 499 17.009999999999998 
445 150 5.01 
445 162 6.01 
445 250 5.01 
445 314 11.01 
445 381 6.01 
445 444 7.01 
445 449 9.01 
445 459 7.01 
445 467 12.01 
445 488 10.01 
445 500 40.01 
49 22 5.01 
49 106 4.01 
49 208 7.01 
49 268 3.01 
49 296 6.01 
49 427 7.01 
49 438 3.01 
49 453 7.01 
49 493 15.01 
49 495 18.009999999999998 
49 498 15.01 
49 499 27.009999999999998 
106 8 3.01 
106 88 6.01 
106 164 5.01 
106 263 4.01 
106 286 2.01 
106 383 2.01 
106 396 8.01 
106 425 3.01 
106 442 3.01 
106 497 10.01 
106 498 25.009999999999998 
106 500 36.01 
268 32 3.01 
268 82 5.01 
268 145 3.01 
268 260 15.01 
268 371 9.01 
268 376 8.01 
268 412 3.01 
268 495 17.009999999999998 
268 496 12.01 
268 497 13.01 
268 498 23.009999999999998 
155 197 8.01 
155 249 4.01 
155 263 5.01 
155 361 6.01 
155 421 5.01 
155 424 3.01 
155 429 4.01 
155 449 4.01 
155 484 17.009999999999998 
155 491 19.009999999999998 
155 496 17.009999999999998 
155 499 27.009999999999998 
234 78 2.01 
234 259 7.01 
234 264 2.01 
234 317 3.01 
234 372 6.01 
234 382 10.01 
234 387 3.01 
234 453 6.01 
234 475 3.01 
234 482 10.01 
234 492 19.009999999999998 
234 500 41.01 
362 215 7.01 
362 332 8.01 
362 368 6.01 
362 404 11.01 
362 406 5.01 
362 469 10.01 
362 470 2.01 
362 476 13.01 
362 489 6.01 
362 490 13.01 
362 493 12.01 
390 282 5.01 
390 345 2.01 
390 383 4.01 
390 433 6.01 
390 450 9.01 
390 471 6.01 
390 477 9.01 
390 486 16.009999999999998 
390 497 16.009999999999998 
390 499 17.009999999999998 
390 500 47.01 
51 54 5.01 
51 69 3.01 
51 140 6.01 
51 195 3.01 
51 198 7.01 
51 298 5.01 
51 310 3.01 
51 443 7.01 
51 451 12.01 
51 496 17.009999999999998 
51 497 14.01 
51 499 27.009999999999998 
54 32 5.01 
54 36 4.01 
54 175 8.01 
54 213 6.01 
54 214 5.01 
54 250 6.01 
54 320 5.01 
54 347 3.01 
54 429 9.01 
54 461 6.01 
54 465 5.01 
54 495 12.01 
69 29 6.01 
69 180 6.01 
69 241 7.01 
69 251 4.01 
69 379 8.01 
69 399 6.01 
69 422 5.01 
69 478 7.01 
69 494 12.01 
69 496 10.01 
69 498 21.009999999999998 
69 499 27.009999999999998 
195 66 5.01 
195 172 5.01 
195 282 3.01 
195 379 5.01 
195 450 6.01 
195 457 5.01 
195 474 12.01 
195 481 6.01 
195 495 9.01 
195 496 21.009999999999998 
195 498 26.009999999999998 
195 499 19.009999999999998 
298 198 7.01 
298 240 3.01 
298 259 3.01 
298 264 5.01 
298 378 8.01 
298 394 3.01 
298 429 5.01 
298 479 2.01 
298 487 13.01 
298 488 18.009999999999998 
298 490 14.01 
349 52 5.01 
349 250 5.01 
349 325 9.01 
349 338 3.01 
349 447 7.01 
349 463 10.01 
349 465 12.01 
349 470 9.01 
349 485 15.01 
349 491 11.01 
349 500 35.01 
142 55 5.01 
142 214 6.01 
142 223 4.01 
142 230 5.01 
142 302 4.01 
142 308 6.01 
142 324 4.01 
142 395 8.01 
142 445 2.01 
142 454 5.01 
142 466 3.01 
142 472 10.01 
225 44 4.01 
225 64 8.01 
225 100 5.01 
225 178 4.01 
225 202 5.01 
225 318 4.01 
225 377 6.01 
225 413 6.01 
225 434 4.01 
225 466 10.01 
225 483 5.01 
225 500 38.01 
306 86 5.01 
306 113 4.01 
306 244 4.01 
306 317 5.01 
306 446 2.01 
306 464 6.01 
306 479 8.01 
306 488 10.01 
306 495 6.01 
306 496 9.01 
306 500 51.01 
175 34 6.01 
175 183 8.01 
175 213 10.01 
175 217 5.01 
175 219 8.01 
175 230 7.01 
175 258 9.01 
175 263 10.01 
175 453 7.01 
175 467 11.01 
175 479 10.01 
175 492 18.009999999999998 
213 7 10.01 
213 41 8.01 
213 128 2.01 
213 130 9.01 
213 156 8.01 
213 235 6.01 
213 246 7.01 
213 268 4.01 
213 440 5.01 
213 449 5.01 
213 455 4.01 
213 491 15.01 
214 14 3.01 
214 39 8.01 
214 97 4.01 
214 192 4.01 
214 323 6.01 
214 375 8.01 
214 451 10.01 
214 463 6.01 
214 469 12.01 
214 470 7.01 
214 499 20.009999999999998 
214 500 46.01 
250 68 2.01 
250 182 4.01 
250 336 3.01 
250 354 4.01 
250 386 5.01 
250 387 3.01 
250 401 5.01 
250 466 10.01 
250 490 21.009999999999998 
250 497 14.01 
250 500 53.01 
55 15 8.01 
55 28 1.01 
55 62 3.01 
55 173 2.01 
55 322 1.01 
55 405 3.01 
55 437 4.01 
55 477 8.01 
55 480 7.01 
55 484 10.01 
55 494 13.01 
55 500 52.01 
62 224 7.01 
62 226 4.01 
62 258 6.01 
62 329 6.01 
62 331 7.01 
62 349 2.01 
62 369 7.01 
62 398 2.01 
62 407 10.01 
62 440 3.01 
62 492 8.01 
62 493 17.009999999999998 
173 68 6.01 
173 127 6.01 
173 165 6.01 
173 174 9.01 
173 182 4.01 
173 191 3.01 
173 254 2.01 
173 290 7.01 
173 447 9.01 
173 468 12.01 
173 491 12.01 
173 492 20.009999999999998 
61 86 2.01 
61 92 2.01 
61 305 9.01 
61 319 10.01 
61 332 4.01 
61 365 3.01 
61 441 9.01 
61 451 5.01 
61 475 6.01 
61 485 9.01 
61 494 16.009999999999998 
61 500 43.01 
235 157 3.01 
235 175 3.01 
235 322 0.01 
235 368 7.01 
235 378 5.01 
235 381 5.01 
235 424 6.01 
235 440 5.01 
235 481 7.01 
235 486 6.01 
235 491 14.01 
235 494 17.009999999999998 
266 30 5.01 
266 37 3.01 
266 63 4.01 
266 82 5.01 
266 364 6.01 
266 387 4.01 
266 438 11.01 
266 449 6.01 
266 469 5.01 
266 491 12.01 
266 494 24.009999999999998 
305 292 5.01 
305 330 5.01 
305 360 5.01 
305 408 3.01 
305 416 7.01 
305 418 4.01 
305 437 4.01 
305 471 10.01 
305 472 7.01 
305 488 8.01 
305 493 11.01 
342 156 4.01 
342 188 1.01 
342 262 4.01 
342 273 6.01 
342 358 3.01 
342 395 9.01 
342 442 11.01 
342 481 7.01 
342 497 19.009999999999998 
342 498 20.009999999999998 
342 499 23.009999999999998 
373 2 5.01 
373 81 4.01 
373 142 9.01 
373 356 10.01 
373 381 6.01 
373 389 4.01 
373 416 6.01 
373 417 13.01 
373 425 7.01 
373 489 12.01 
373 500 48.01 
192 171 10.01 
192 173 5.01 
192 263 8.01 
192 289 7.01 
192 300 3.01 
192 306 9.01 
192 332 6.01 
192 344 3.01 
192 425 8.01 
192 489 9.01 
192 497 18.009999999999998 
192 500 52.01 
249 47 4.01 
249 174 3.01 
249 234 7.01 
249 333 3.01 
249 381 6.01 
249 433 5.01 
249 469 7.01 
249 472 7.01 
249 479 7.01 
249 483 8.01 
249 500 50.01 
367 344 6.01 
367 386 8.01 
367 434 7.01 
367 435 4.01 
367 481 5.01 
367 483 7.01 
367 486 4.01 
367 487 9.01 
367 492 14.01 
367 494 14.01 
367 500 40.01 
368 85 10.01 
368 124 7.01 
368 154 3.01 
368 286 3.01 
368 384 2.01 
368 460 12.01 
368 473 11.01 
368 485 6.01 
368 488 9.01 
368 490 13.01 
368 500 36.01 
119 38 5.01 
119 145 3.01 
119 147 5.01 
119 168 6.01 
119 219 6.01 
119 290 10.01 
119 385 10.01 
119 393 3.01 
119 403 6.01 
119 453 10.01 
119 494 15.01 
119 500 36.01 
163 104 8.01 
163 171 8.01 
163 194 1.01 
163 222 3.01 
163 227 9.01 
163 268 6.01 
163 418 5.01 
163 449 8.01 
163 456 3.01 
163 467 10.01 
163 477 8.01 
163 483 5.01 
462 181 8.01 
462 322 11.01 
462 356 5.01 
462 366 5.01 
462 402 5.01 
462 428 6.01 
462 453 5.01 
462 457 5.01 
462 494 16.009999999999998 
462 495 14.01 
462 500 55.01 
59 18 6.01 
59 154 4.01 
59 212 2.01 
59 252 6.01 
59 270 2.01 
59 295 8.01 
59 348 6.01 
59 374 4.01 
59 422 5.01 
59 446 8.01 
59 480 9.01 
59 498 21.009999999999998 
212 262 6.01 
212 291 6.01 
212 351 4.01 
212 374 6.01 
212 376 2.01 
212 418 2.01 
212 445 4.01 
212 446 6.01 
212 473 6.01 
212 478 4.01 
212 497 29.009999999999998 
212 499 26.009999999999998 
422 185 5.01 
422 208 4.01 
422 330 6.01 
422 348 5.01 
422 420 4.01 
422 459 8.01 
422 474 5.01 
422 495 9.01 
422 496 21.009999999999998 
422 497 26.009999999999998 
422 499 26.009999999999998 
257 59 6.01 
257 118 4.01 
257 252 2.01 
257 353 7.01 
257 412 5.01 
257 443 10.01 
257 476 11.01 
257 477 4.01 
257 496 20.009999999999998 
257 498 21.009999999999998 
257 499 36.01 
375 4 5.01 
375 90 3.01 
375 92 6.01 
375 130 5.01 
375 137 5.01 
375 288 5.01 
375 396 3.01 
375 454 3.01 
375 490 10.01 
375 499 28.009999999999998 
375 500 59.01 
92 27 4.01 
92 119 2.01 
92 244 6.01 
92 290 7.01 
92 294 5.01 
92 368 7.01 
92 400 2.01 
92 456 9.01 
92 465 5.01 
92 471 6.01 
92 489 11.01 
92 500 29.009999999999998 
332 63 1.01 
332 124 6.01 
332 295 10.01 
332 428 9.01 
332 430 7.01 
332 466 8.01 
332 468 6.01 
332 477 6.01 
332 479 8.01 
332 487 13.01 
332 494 17.009999999999998 
365 130 7.01 
365 196 4.01 
365 277 8.01 
365 278 5.01 
365 330 6.01 
365 422 9.01 
365 463 5.01 
365 469 12.01 
365 488 7.01 
365 499 28.009999999999998 
365 500 41.01 
224 6 7.01 
224 11 4.01 
224 74 5.01 
224 123 0.01 
224 251 10.01 
224 284 4.01 
224 315 5.01 
224 355 10.01 
224 412 3.01 
224 471 7.01 
224 492 10.01 
224 499 34.01 
331 272 6.01 
331 275 4.01 
331 316 3.01 
331 405 2.01 
331 425 3.01 
331 433 7.01 
331 437 12.01 
331 470 4.01 
331 492 11.01 
331 499 26.009999999999998 
331 500 32.01 
63 158 5.01 
63 190 3.01 
63 297 3.01 
63 300 6.01 
63 326 7.01 
63 356 5.01 
63 389 7.01 
63 401 8.01 
63 404 5.01 
63 433 4.01 
63 492 14.01 
63 500 45.01 
190 77 2.01 
190 213 5.01 
190 330 4.01 
190 376 7.01 
190 387 3.01 
190 396 8.01 
190 472 5.01 
190 486 10.01 
190 489 18.009999999999998 
190 490 13.01 
190 492 12.01 
190 500 38.01 
300 103 2.01 
300 255 4.01 
300 340 6.01 
300 380 6.01 
300 384 5.01 
300 402 4.01 
300 405 7.01 
300 414 7.01 
300 485 7.01 
300 497 16.009999999999998 
300 500 24.009999999999998 
389 70 5.01 
389 175 11.01 
389 181 1.01 
389 202 4.01 
389 367 4.01 
389 397 8.01 
389 429 12.01 
389 460 11.01 
389 465 10.01 
389 492 18.009999999999998 
389 500 55.01 
401 320 6.01 
401 372 15.01 
401 397 6.01 
401 423 6.01 
401 439 12.01 
401 453 14.01 
401 455 7.01 
401 487 12.01 
401 489 14.01 
401 491 24.009999999999998 
401 498 26.009999999999998 
196 200 4.01 
196 212 3.01 
196 283 2.01 
196 292 10.01 
196 334 7.01 
196 365 9.01 
196 382 5.01 
196 459 6.01 
196 473 5.01 
196 479 5.01 
196 497 12.01 
196 500 51.01 
292 6 7.01 
292 30 1.01 
292 161 3.01 
292 278 7.01 
292 334 5.01 
292 368 1.01 
292 409 2.01 
292 434 3.01 
292 466 6.01 
292 488 9.01 
292 497 20.009999999999998 
203 65 5.01 
203 135 9.01 
203 158 2.01 
203 200 4.01 
203 218 5.01 
203 235 4.01 
203 266 6.01 
203 390 9.01 
203 451 9.01 
203 477 10.01 
203 489 14.01 
203 500 39.01 
402 43 9.01 
402 139 7.01 
402 288 4.01 
402 309 10.01 
402 317 3.01 
402 320 10.01 
402 415 16.009999999999998 
402 478 6.01 
402 488 8.01 
402 491 19.009999999999998 
402 500 39.01 
67 25 6.01 
67 69 1.01 
67 145 2.01 
67 220 6.01 
67 277 6.01 
67 463 3.01 
67 467 8.01 
67 477 7.01 
67 481 7.01 
67 494 21.009999999999998 
67 495 21.009999999999998 
67 499 19.009999999999998 
145 16 10.01 
145 44 5.01 
145 195 2.01 
145 270 5.01 
145 289 5.01 
145 351 5.01 
145 364 8.01 
145 435 7.01 
145 479 9.01 
145 493 12.01 
145 498 17.009999999999998 
145 499 36.01 
80 27 6.01 
80 235 5.01 
80 282 4.01 
80 332 6.01 
80 400 6.01 
80 428 6.01 
80 436 8.01 
80 437 7.01 
80 485 10.01 
80 488 14.01 
80 490 9.01 
80 500 44.01 
307 92 1.01 
307 190 7.01 
307 238 4.01 
307 241 6.01 
307 281 6.01 
307 381 3.01 
307 419 5.01 
307 434 6.01 
307 445 4.01 
307 485 14.01 
307 500 55.01 
180 69 9.01 
180 315 3.01 
180 370 4.01 
180 411 5.01 
180 418 2.01 
180 454 9.01 
180 458 4.01 
180 464 11.01 
180 480 8.01 
180 497 18.009999999999998 
180 498 19.009999999999998 
180 499 29.009999999999998 
251 118 2.01 
251 238 7.01 
251 315 9.01 
251 351 4.01 
251 356 6.01 
251 431 4.01 
251 451 5.01 
251 466 3.01 
251 468 1.01 
251 498 22.009999999999998 
251 499 17.009999999999998 
70 55 4.01 
70 56 4.01 
70 84 9.01 
70 113 2.01 
70 125 5.01 
70 237 5.01 
70 262 6.01 
70 317 7.01 
70 369 3.01 
70 403 4.01 
70 424 5.01 
70 462 9.01 
78 314 6.01 
78 333 6.01 
78 456 5.01 
78 462 9.01 
78 466 7.01 
78 472 4.01 
78 473 8.01 
78 477 4.01 
78 478 9.01 
78 486 11.01 
78 494 13.01 
78 500 35.01 
337 30 8.01 
337 111 5.01 
337 213 6.01 
337 235 7.01 
337 324 6.01 
337 333 8.01 
337 346 7.01 
337 398 8.01 
337 414 6.01 
337 470 6.01 
337 482 11.01 
272 36 3.01 
272 65 2.01 
272 93 10.01 
272 303 2.01 
272 439 6.01 
272 469 4.01 
272 487 17.009999999999998 
272 488 11.01 
272 491 14.01 
272 492 10.01 
272 494 13.01 
287 43 3.01 
287 45 3.01 
287 75 4.01 
287 179 4.01 
287 193 5.01 
287 241 6.01 
287 382 4.01 
287 394 6.01 
287 487 12.01 
287 499 28.009999999999998 
287 500 48.01 
290 62 7.01 
290 209 4.01 
290 314 5.01 
290 316 8.01 
290 325 6.01 
290 417 5.01 
290 418 8.01 
290 445 6.01 
290 460 7.01 
290 490 13.01 
290 493 17.009999999999998 
275 19 4.01 
275 38 5.01 
275 69 12.01 
275 110 7.01 
275 335 5.01 
275 385 3.01 
275 450 6.01 
275 476 5.01 
275 489 19.009999999999998 
275 498 21.009999999999998 
275 500 45.01 
79 134 9.01 
79 250 4.01 
79 261 2.01 
79 311 3.01 
79 406 10.01 
79 426 5.01 
79 443 3.01 
79 474 7.01 
79 476 11.01 
79 495 26.009999999999998 
79 498 22.009999999999998 
79 499 18.009999999999998 
420 388 2.01 
420 399 6.01 
420 413 10.01 
420 432 5.01 
420 474 11.01 
420 478 12.01 
420 486 9.01 
420 495 15.01 
420 498 21.009999999999998 
420 499 28.009999999999998 
420 500 37.01 
221 55 4.01 
221 97 6.01 
221 111 8.01 
221 132 7.01 
221 202 8.01 
221 313 10.01 
221 328 4.01 
221 451 14.01 
221 474 6.01 
221 477 5.01 
221 489 8.01 
221 500 43.01 
96 53 3.01 
96 155 6.01 
96 327 6.01 
96 388 1.01 
96 389 6.01 
96 409 6.01 
96 421 3.01 
96 423 5.01 
96 437 7.01 
96 454 6.01 
96 461 6.01 
96 476 2.01 
157 35 5.01 
157 40 4.01 
157 44 3.01 
157 72 6.01 
157 96 5.01 
157 107 8.01 
157 234 5.01 
157 305 7.01 
157 439 1.01 
157 443 4.01 
157 477 7.01 
157 490 7.01 
77 38 5.01 
77 190 4.01 
77 285 7.01 
77 298 5.01 
77 386 3.01 
77 410 5.01 
77 413 7.01 
77 419 5.01 
77 431 5.01 
77 448 5.01 
77 479 10.01 
77 500 31.009999999999998 
386 18 3.01 
386 26 6.01 
386 267 3.01 
386 441 4.01 
386 448 6.01 
386 466 5.01 
386 473 3.01 
386 485 9.01 
386 486 17.009999999999998 
386 498 24.009999999999998 
386 500 43.01 
413 89 4.01 
413 328 3.01 
413 340 4.01 
413 416 9.01 
413 427 10.01 
413 476 9.01 
413 480 9.01 
413 493 16.009999999999998 
413 497 17.009999999999998 
413 498 18.009999999999998 
413 499 23.009999999999998 
333 13 3.01 
333 92 3.01 
333 98 4.01 
333 107 3.01 
333 308 1.01 
333 405 7.01 
333 468 10.01 
333 469 9.01 
333 470 6.01 
333 488 17.009999999999998 
333 500 40.01 
261 252 7.01 
261 284 11.01 
261 331 3.01 
261 337 4.01 
261 352 5.01 
261 399 11.01 
261 413 9.01 
261 427 4.01 
261 446 5.01 
261 454 4.01 
261 498 15.01 
406 51 8.01 
406 103 2.01 
406 114 7.01 
406 128 9.01 
406 212 13.01 
406 357 11.01 
406 410 6.01 
406 411 7.01 
406 441 4.01 
406 451 8.01 
406 499 28.009999999999998 
282 101 8.01 
282 273 2.01 
282 315 4.01 
282 363 7.01 
282 422 3.01 
282 457 10.01 
282 470 12.01 
282 476 8.01 
282 489 8.01 
282 498 25.009999999999998 
282 499 22.009999999999998 
81 39 9.01 
81 130 2.01 
81 209 5.01 
81 219 2.01 
81 259 4.01 
81 391 4.01 
81 393 9.01 
81 447 7.01 
81 470 8.01 
81 482 6.01 
81 490 14.01 
81 497 13.01 
130 147 5.01 
130 159 5.01 
130 313 8.01 
130 450 13.01 
130 462 4.01 
130 467 5.01 
130 486 12.01 
130 491 8.01 
130 492 12.01 
130 494 12.01 
130 496 13.01 
130 500 36.01 
209 77 3.01 
209 144 3.01 
209 238 7.01 
209 287 3.01 
209 342 8.01 
209 379 8.01 
209 401 6.01 
209 426 9.01 
209 474 7.01 
209 496 12.01 
209 499 30.009999999999998 
209 500 31.009999999999998 
259 293 3.01 
259 299 4.01 
259 334 1.01 
259 363 3.01 
259 402 6.01 
259 441 7.01 
259 458 5.01 
259 486 9.01 
259 489 14.01 
259 490 13.01 
259 495 12.01 
391 81 8.01 
391 201 8.01 
391 264 4.01 
391 274 12.01 
391 301 3.01 
391 323 5.01 
391 397 9.01 
391 401 6.01 
391 440 4.01 
391 450 6.01 
391 500 36.01 
185 138 5.01 
185 167 7.01 
185 261 4.01 
185 457 11.01 
185 480 12.01 
185 481 9.01 
185 490 8.01 
185 495 12.01 
185 496 17.009999999999998 
185 497 14.01 
185 498 28.009999999999998 
185 499 29.009999999999998 
291 114 1.01 
291 195 4.01 
291 286 8.01 
291 383 4.01 
291 394 3.01 
291 471 7.01 
291 477 8.01 
291 486 9.01 
291 488 8.01 
291 499 27.009999999999998 
291 500 34.01 
83 136 7.01 
83 226 6.01 
83 309 7.01 
83 321 3.01 
83 329 4.01 
83 444 7.01 
83 462 6.01 
83 475 8.01 
83 490 12.01 
83 492 18.009999999999998 
83 494 16.009999999999998 
83 499 19.009999999999998 
136 27 7.01 
136 135 7.01 
136 329 1.01 
136 347 4.01 
136 391 9.01 
136 423 6.01 
136 424 2.01 
136 431 7.01 
136 447 10.01 
136 455 5.01 
136 459 5.01 
136 478 10.01 
444 70 8.01 
444 161 4.01 
444 192 2.01 
444 221 6.01 
444 227 9.01 
444 390 7.01 
444 442 3.01 
444 454 11.01 
444 485 11.01 
444 496 10.01 
444 500 49.01 
169 45 7.01 
169 210 1.01 
169 221 3.01 
169 302 2.01 
169 326 8.01 
169 329 3.01 
169 332 2.01 
169 362 11.01 
169 409 4.01 
169 486 12.01 
169 498 21.009999999999998 
169 500 38.01 
183 16 12.01 
183 29 5.01 
183 97 8.01 
183 98 2.01 
183 243 12.01 
183 348 7.01 
183 367 5.01 
183 408 3.01 
183 457 8.01 
183 472 2.01 
183 479 7.01 
183 497 14.01 
308 102 5.01 
308 114 4.01 
308 200 4.01 
308 231 5.01 
308 290 8.01 
308 355 5.01 
308 448 11.01 
308 480 9.01 
308 482 11.01 
308 485 14.01 
308 489 13.01 
85 116 8.01 
85 124 9.01 
85 197 6.01 
85 285 1.01 
85 291 4.01 
85 324 1.01 
85 346 4.01 
85 407 3.01 
85 454 5.01 
85 465 7.01 
85 483 7.01 
85 488 9.01 
124 87 4.01 
124 135 5.01 
124 352 5.01 
124 416 5.01 
124 428 4.01 
124 444 5.01 
124 463 4.01 
124 468 6.01 
124 469 7.01 
124 479 6.01 
124 496 16.009999999999998 
124 500 36.01 
230 53 6.01 
230 183 5.01 
230 187 5.01 
230 225 6.01 
230 242 5.01 
230 249 4.01 
230 377 4.01 
230 427 7.01 
230 431 2.01 
230 483 7.01 
230 487 13.01 
230 498 24.009999999999998 
302 15 3.01 
302 137 13.01 
302 183 4.01 
302 354 11.01 
302 356 4.01 
302 463 12.01 
302 477 5.01 
302 490 11.01 
302 494 15.01 
302 498 11.01 
302 500 55.01 
138 198 4.01 
138 202 7.01 
138 245 3.01 
138 354 4.01 
138 366 4.01 
138 416 2.01 
138 441 7.01 
138 474 10.01 
138 489 9.01 
138 492 5.01 
138 495 16.009999999999998 
138 500 41.01 
177 77 4.01 
177 106 4.01 
177 138 6.01 
177 232 3.01 
177 236 2.01 
177 339 3.01 
177 444 8.01 
177 483 8.01 
177 484 11.01 
177 488 12.01 
177 499 18.009999999999998 
177 500 47.01 
245 33 5.01 
245 191 7.01 
245 347 4.01 
245 387 7.01 
245 418 9.01 
245 431 3.01 
245 454 4.01 
245 456 6.01 
245 468 8.01 
245 490 16.009999999999998 
245 495 20.009999999999998 
245 500 34.01 
449 57 5.01 
449 88 6.01 
449 105 16.009999999999998 
449 240 4.01 
449 401 11.01 
449 417 7.01 
449 439 7.01 
449 440 9.01 
449 485 14.01 
449 489 12.01 
449 491 11.01 
395 69 6.01 
395 86 5.01 
395 146 5.01 
395 199 2.01 
395 239 3.01 
395 385 3.01 
395 482 8.01 
395 494 19.009999999999998 
395 495 12.01 
395 497 11.01 
395 498 20.009999999999998 
418 199 6.01 
418 296 11.01 
418 357 4.01 
418 475 3.01 
418 482 11.01 
418 489 10.01 
418 496 15.01 
418 497 19.009999999999998 
418 498 25.009999999999998 
418 499 46.01 
418 500 43.01 
131 359 3.01 
131 362 0.01 
131 369 7.01 
131 405 4.01 
131 436 4.01 
131 456 8.01 
131 471 8.01 
131 477 6.01 
131 479 6.01 
131 486 7.01 
131 495 20.009999999999998 
131 500 40.01 
179 96 3.01 
179 163 7.01 
179 176 3.01 
179 279 3.01 
179 361 5.01 
179 370 7.01 
179 400 7.01 
179 464 6.01 
179 466 6.01 
179 470 7.01 
179 493 16.009999999999998 
179 500 37.01 
323 146 4.01 
323 151 5.01 
323 182 3.01 
323 206 4.01 
323 297 5.01 
323 302 7.01 
323 371 5.01 
323 405 7.01 
323 439 7.01 
323 462 6.01 
323 491 13.01 
238 20 4.01 
238 134 8.01 
238 255 7.01 
238 260 6.01 
238 273 9.01 
238 315 7.01 
238 348 6.01 
238 427 10.01 
238 484 13.01 
238 495 13.01 
238 498 18.009999999999998 
238 499 39.01 
283 11 2.01 
283 357 9.01 
283 406 7.01 
283 420 3.01 
283 457 13.01 
283 473 4.01 
283 493 16.009999999999998 
283 497 23.009999999999998 
283 498 18.009999999999998 
283 499 23.009999999999998 
283 500 36.01 
294 17 4.01 
294 355 5.01 
294 380 7.01 
294 400 5.01 
294 415 7.01 
294 421 6.01 
294 435 4.01 
294 464 14.01 
294 489 13.01 
294 499 37.01 
294 500 40.01 
229 40 3.01 
229 71 7.01 
229 253 10.01 
229 289 4.01 
229 368 4.01 
229 399 6.01 
229 432 9.01 
229 473 6.01 
229 482 11.01 
229 484 17.009999999999998 
229 487 5.01 
229 500 48.01 
95 66 2.01 
95 134 6.01 
95 143 5.01 
95 241 5.01 
95 342 3.01 
95 425 7.01 
95 434 8.01 
95 459 4.01 
95 475 9.01 
95 492 15.01 
95 496 12.01 
95 499 38.01 
143 154 7.01 
143 224 3.01 
143 382 4.01 
143 413 7.01 
143 418 7.01 
143 446 7.01 
143 480 11.01 
143 481 11.01 
143 493 11.01 
143 496 22.009999999999998 
143 499 28.009999999999998 
143 500 35.01 
425 193 5.01 
425 244 13.01 
425 314 6.01 
425 390 9.01 
425 407 9.01 
425 422 7.01 
425 458 11.01 
425 482 14.01 
425 483 13.01 
425 484 17.009999999999998 
425 489 17.009999999999998 
97 40 6.01 
97 87 5.01 
97 169 2.01 
97 226 7.01 
97 381 3.01 
97 408 3.01 
97 442 6.01 
97 479 17.009999999999998 
97 484 12.01 
97 486 5.01 
97 493 10.01 
97 500 33.01 
110 10 4.01 
110 169 4.01 
110 193 9.01 
110 333 5.01 
110 334 4.01 
110 381 7.01 
110 386 2.01 
110 454 7.01 
110 466 9.01 
110 478 4.01 
110 490 15.01 
110 500 38.01 
189 62 2.01 
189 190 6.01 
189 233 3.01 
189 301 8.01 
189 379 4.01 
189 454 2.01 
189 468 7.01 
189 472 7.01 
189 487 11.01 
189 489 11.01 
189 490 7.01 
189 491 15.01 
181 136 5.01 
181 150 4.01 
181 161 5.01 
181 173 2.01 
181 272 5.01 
181 313 4.01 
181 407 8.01 
181 421 7.01 
181 482 9.01 
181 492 15.01 
181 494 9.01 
181 497 18.009999999999998 
236 54 5.01 
236 141 1.01 
236 168 4.01 
236 216 5.01 
236 219 6.01 
236 252 7.01 
236 369 7.01 
236 444 9.01 
236 452 3.01 
236 463 11.01 
236 494 16.009999999999998 
236 500 40.01 
340 4 6.01 
340 207 6.01 
340 274 4.01 
340 336 8.01 
340 376 9.01 
340 454 10.01 
340 458 8.01 
340 468 9.01 
340 486 9.01 
340 497 19.009999999999998 
340 500 46.01 
101 188 6.01 
101 288 2.01 
101 296 4.01 
101 379 9.01 
101 384 4.01 
101 388 8.01 
101 418 7.01 
101 491 10.01 
101 496 20.009999999999998 
101 497 14.01 
101 498 24.009999999999998 
101 499 36.01 
102 18 6.01 
102 104 6.01 
102 109 3.01 
102 278 4.01 
102 431 3.01 
102 435 4.01 
102 463 9.01 
102 468 4.01 
102 474 7.01 
102 481 11.01 
102 490 14.01 
102 500 33.01 
104 70 7.01 
104 80 6.01 
104 84 9.01 
104 219 4.01 
104 261 2.01 
104 292 3.01 
104 367 5.01 
104 374 8.01 
104 431 14.01 
104 445 12.01 
104 458 5.01 
104 500 54.01 
109 172 5.01 
109 261 5.01 
109 327 4.01 
109 363 9.01 
109 380 3.01 
109 443 6.01 
109 446 5.01 
109 448 3.01 
109 456 3.01 
109 496 10.01 
109 497 15.01 
109 498 21.009999999999998 
278 17 4.01 
278 275 3.01 
278 294 8.01 
278 303 5.01 
278 350 6.01 
278 450 3.01 
278 460 6.01 
278 470 6.01 
278 477 5.01 
278 491 14.01 
278 500 43.01 
435 247 13.01 
435 288 8.01 
435 295 10.01 
435 330 5.01 
435 383 3.01 
435 419 3.01 
435 424 4.01 
435 450 4.01 
435 456 10.01 
435 462 6.01 
435 463 7.01 
103 116 2.01 
103 152 2.01 
103 179 2.01 
103 229 3.01 
103 284 13.01 
103 300 5.01 
103 315 2.01 
103 415 5.01 
103 469 8.01 
103 488 14.01 
103 497 23.009999999999998 
103 500 50.01 
152 119 3.01 
152 171 11.01 
152 321 5.01 
152 366 7.01 
152 378 5.01 
152 397 6.01 
152 401 3.01 
152 421 3.01 
152 461 9.01 
152 483 10.01 
152 485 8.01 
152 500 49.01 
284 316 3.01 
284 351 8.01 
284 359 4.01 
284 406 11.01 
284 446 4.01 
284 480 15.01 
284 485 9.01 
284 493 12.01 
284 495 13.01 
284 496 19.009999999999998 
284 498 23.009999999999998 
105 40 11.01 
105 48 4.01 
105 115 1.01 
105 134 1.01 
105 282 3.01 
105 298 4.01 
105 321 3.01 
105 330 3.01 
105 454 4.01 
105 477 7.01 
105 495 14.01 
105 500 39.01 
330 14 3.01 
330 116 9.01 
330 234 5.01 
330 402 6.01 
330 428 3.01 
330 439 7.01 
330 470 4.01 
330 484 15.01 
330 488 4.01 
330 499 32.01 
330 500 41.01 
164 3 5.01 
164 67 6.01 
164 156 4.01 
164 225 8.01 
164 340 1.01 
164 368 3.01 
164 377 6.01 
164 414 5.01 
164 460 4.01 
164 487 13.01 
164 491 13.01 
164 493 16.009999999999998 
263 152 7.01 
263 226 6.01 
263 233 9.01 
263 382 10.01 
263 419 4.01 
263 440 7.01 
263 452 9.01 
263 485 11.01 
263 486 13.01 
263 488 15.01 
263 494 16.009999999999998 
286 29 6.01 
286 237 2.01 
286 276 3.01 
286 300 2.01 
286 401 4.01 
286 455 8.01 
286 471 7.01 
286 484 12.01 
286 488 8.01 
286 499 27.009999999999998 
286 500 38.01 
396 275 5.01 
396 276 8.01 
396 360 5.01 
396 364 3.01 
396 375 4.01 
396 377 2.01 
396 446 6.01 
396 453 2.01 
396 480 12.01 
396 488 5.01 
396 500 50.01 
176 10 4.01 
176 88 8.01 
176 172 4.01 
176 211 3.01 
176 266 7.01 
176 275 4.01 
176 276 1.01 
176 370 5.01 
176 399 5.01 
176 408 3.01 
176 409 5.01 
176 500 38.01 
172 35 5.01 
172 57 4.01 
172 111 6.01 
172 164 10.01 
172 227 7.01 
172 264 3.01 
172 375 5.01 
172 462 9.01 
172 466 4.01 
172 484 14.01 
172 495 25.009999999999998 
172 500 35.01 
111 101 6.01 
111 210 1.01 
111 317 3.01 
111 372 9.01 
111 382 6.01 
111 435 6.01 
111 452 9.01 
111 466 8.01 
111 477 11.01 
111 489 16.009999999999998 
111 493 13.01 
111 500 37.01 
210 76 4.01 
210 270 8.01 
210 295 7.01 
210 370 4.01 
210 428 9.01 
210 450 4.01 
210 452 12.01 
210 466 7.01 
210 470 9.01 
210 473 6.01 
210 487 13.01 
210 500 36.01 
452 233 9.01 
452 259 8.01 
452 267 7.01 
452 277 6.01 
452 295 13.01 
452 425 11.01 
452 446 7.01 
452 448 15.01 
452 473 13.01 
452 477 9.01 
452 485 16.009999999999998 
114 95 3.01 
114 178 7.01 
114 427 5.01 
114 481 5.01 
114 484 18.009999999999998 
114 487 11.01 
114 488 16.009999999999998 
114 491 14.01 
114 493 14.01 
114 495 9.01 
114 496 15.01 
114 499 28.009999999999998 
178 283 5.01 
178 339 6.01 
178 353 7.01 
178 363 8.01 
178 406 6.01 
178 422 7.01 
178 451 5.01 
178 474 9.01 
178 478 12.01 
178 493 8.01 
178 498 21.009999999999998 
178 499 30.009999999999998 
123 22 10.01 
123 50 4.01 
123 237 2.01 
123 296 0.01 
123 345 6.01 
123 369 6.01 
123 390 4.01 
123 475 9.01 
123 486 6.01 
123 488 5.01 
123 490 10.01 
123 500 46.01 
228 124 1.01 
228 165 3.01 
228 177 5.01 
228 213 5.01 
228 319 6.01 
228 368 1.01 
228 417 6.01 
228 447 9.01 
228 483 16.009999999999998 
228 492 12.01 
228 494 14.01 
228 500 47.01 
139 38 3.01 
139 409 3.01 
139 438 7.01 
139 454 4.01 
139 460 6.01 
139 464 12.01 
139 469 3.01 
139 482 8.01 
139 491 11.01 
139 498 19.009999999999998 
139 499 25.009999999999998 
139 500 38.01 
312 81 4.01 
312 216 10.01 
312 392 2.01 
312 393 10.01 
312 424 1.01 
312 437 10.01 
312 465 8.01 
312 486 13.01 
312 492 12.01 
312 498 28.009999999999998 
312 500 36.01 
118 121 8.01 
118 145 3.01 
118 205 2.01 
118 306 6.01 
118 355 3.01 
118 381 2.01 
118 407 4.01 
118 410 3.01 
118 426 2.01 
118 464 5.01 
118 474 5.01 
118 495 14.01 
120 52 4.01 
120 258 5.01 
120 266 6.01 
120 272 2.01 
120 333 2.01 
120 456 9.01 
120 463 5.01 
120 467 13.01 
120 480 8.01 
120 484 9.01 
120 494 15.01 
120 498 22.009999999999998 
223 26 4.01 
223 128 3.01 
223 261 7.01 
223 381 10.01 
223 406 12.01 
223 469 6.01 
223 480 8.01 
223 493 16.009999999999998 
223 496 18.009999999999998 
223 497 19.009999999999998 
223 498 21.009999999999998 
223 499 21.009999999999998 
273 242 2.01 
273 276 9.01 
273 310 6.01 
273 348 7.01 
273 411 3.01 
273 432 9.01 
273 484 8.01 
273 490 18.009999999999998 
273 496 12.01 
273 499 31.009999999999998 
273 500 43.01 
274 81 8.01 
274 99 6.01 
274 119 10.01 
274 157 5.01 
274 316 4.01 
274 325 12.01 
274 447 7.01 
274 453 6.01 
274 460 7.01 
274 492 13.01 
274 495 14.01 
167 49 4.01 
167 153 5.01 
167 159 5.01 
167 242 8.01 
167 376 5.01 
167 418 7.01 
167 478 7.01 
167 493 11.01 
167 495 14.01 
167 496 20.009999999999998 
167 497 19.009999999999998 
167 499 30.009999999999998 
135 216 3.01 
135 247 4.01 
135 304 6.01 
135 312 5.01 
135 322 6.01 
135 389 3.01 
135 390 6.01 
135 440 7.01 
135 462 5.01 
135 483 9.01 
135 490 19.009999999999998 
135 494 9.01 
127 100 3.01 
127 156 4.01 
127 194 2.01 
127 203 6.01 
127 217 1.01 
127 272 7.01 
127 424 4.01 
127 483 11.01 
127 487 14.01 
127 490 17.009999999999998 
127 499 30.009999999999998 
127 500 38.01 
156 7 9.01 
156 139 5.01 
156 193 6.01 
156 301 4.01 
156 324 5.01 
156 333 1.01 
156 385 10.01 
156 422 1.01 
156 431 9.01 
156 467 4.01 
156 485 12.01 
156 500 39.01 
217 7 4.01 
217 170 8.01 
217 196 4.01 
217 288 1.01 
217 325 5.01 
217 360 7.01 
217 402 8.01 
217 434 4.01 
217 442 8.01 
217 466 12.01 
217 487 9.01 
217 499 23.009999999999998 
128 101 2.01 
128 223 5.01 
128 248 5.01 
128 284 5.01 
128 310 2.01 
128 332 2.01 
128 355 3.01 
128 475 4.01 
128 495 11.01 
128 496 16.009999999999998 
128 498 15.01 
128 499 23.009999999999998 
301 41 4.01 
301 213 7.01 
301 331 4.01 
301 377 4.01 
301 437 9.01 
301 439 4.01 
301 452 8.01 
301 456 3.01 
301 479 12.01 
301 491 14.01 
301 494 15.01 
159 4 2.01 
159 180 5.01 
159 185 7.01 
159 241 9.01 
159 395 8.01 
159 407 7.01 
159 475 8.01 
159 478 10.01 
159 495 18.009999999999998 
159 497 18.009999999999998 
159 498 22.009999999999998 
159 499 25.009999999999998 
133 118 3.01 
133 155 1.01 
133 379 4.01 
133 392 4.01 
133 405 5.01 
133 483 8.01 
133 487 8.01 
133 490 6.01 
133 491 16.009999999999998 
133 494 13.01 
133 496 14.01 
133 500 48.01 
137 152 7.01 
137 306 3.01 
137 330 5.01 
137 419 10.01 
137 443 5.01 
137 452 8.01 
137 462 10.01 
137 470 9.01 
137 473 8.01 
137 477 10.01 
137 499 30.009999999999998 
137 500 41.01 
336 8 8.01 
336 73 4.01 
336 162 5.01 
336 304 10.01 
336 340 7.01 
336 373 7.01 
336 448 4.01 
336 484 11.01 
336 498 18.009999999999998 
336 499 23.009999999999998 
336 500 32.01 
357 146 3.01 
357 327 12.01 
357 339 6.01 
357 380 6.01 
357 480 10.01 
357 481 11.01 
357 490 4.01 
357 493 21.009999999999998 
357 496 13.01 
357 499 21.009999999999998 
357 500 37.01 
146 137 3.01 
146 143 6.01 
146 195 6.01 
146 220 4.01 
146 399 8.01 
146 426 5.01 
146 457 9.01 
146 468 4.01 
146 475 9.01 
146 493 18.009999999999998 
146 494 11.01 
146 499 28.009999999999998 
267 79 3.01 
267 105 5.01 
267 353 7.01 
267 362 7.01 
267 365 4.01 
267 373 7.01 
267 375 5.01 
267 471 5.01 
267 481 7.01 
267 482 5.01 
267 500 38.01 
166 91 3.01 
166 95 2.01 
166 121 2.01 
166 387 5.01 
166 443 6.01 
166 458 7.01 
166 478 11.01 
166 480 8.01 
166 495 19.009999999999998 
166 497 21.009999999999998 
166 498 28.009999999999998 
166 499 19.009999999999998 
162 43 6.01 
162 253 5.01 
162 299 2.01 
162 317 6.01 
162 386 8.01 
162 444 12.01 
162 456 10.01 
162 483 14.01 
162 488 7.01 
162 490 10.01 
162 491 15.01 
162 500 54.01 
299 56 5.01 
299 104 7.01 
299 139 6.01 
299 163 13.01 
299 195 4.01 
299 452 11.01 
299 466 5.01 
299 479 9.01 
299 482 8.01 
299 491 10.01 
299 500 41.01 
227 43 8.01 
227 49 8.01 
227 133 3.01 
227 162 6.01 
227 210 5.01 
227 256 3.01 
227 264 7.01 
227 415 2.01 
227 425 6.01 
227 428 5.01 
227 484 10.01 
227 500 51.01 
387 160 4.01 
387 217 7.01 
387 240 5.01 
387 334 2.01 
387 344 8.01 
387 455 5.01 
387 459 4.01 
387 472 6.01 
387 479 14.01 
387 485 12.01 
387 500 41.01 
242 311 7.01 
242 363 8.01 
242 403 5.01 
242 411 7.01 
242 413 6.01 
242 420 8.01 
242 478 11.01 
242 481 16.009999999999998 
242 495 16.009999999999998 
242 498 14.01 
242 499 23.009999999999998 
242 500 32.01 
170 91 3.01 
170 165 7.01 
170 391 2.01 
170 434 8.01 
170 454 8.01 
170 466 12.01 
170 484 16.009999999999998 
170 486 8.01 
170 487 19.009999999999998 
170 490 10.01 
170 495 16.009999999999998 
170 500 47.01 
264 72 5.01 
264 200 7.01 
264 217 0.01 
264 358 7.01 
264 360 9.01 
264 365 2.01 
264 376 3.01 
264 456 5.01 
264 490 8.01 
264 498 15.01 
264 500 39.01 
174 12 7.01 
174 83 2.01 
174 133 2.01 
174 207 3.01 
174 358 2.01 
174 392 4.01 
174 448 4.01 
174 455 7.01 
174 461 4.01 
174 492 11.01 
174 494 10.01 
174 500 40.01 
182 240 8.01 
182 243 4.01 
182 254 5.01 
182 389 7.01 
182 414 4.01 
182 429 9.01 
182 440 6.01 
182 473 9.01 
182 482 12.01 
182 486 16.009999999999998 
182 491 14.01 
182 494 19.009999999999998 
184 172 4.01 
184 300 6.01 
184 324 4.01 
184 328 2.01 
184 365 4.01 
184 394 4.01 
184 430 8.01 
184 435 6.01 
184 457 8.01 
184 473 8.01 
184 477 9.01 
184 500 36.01 
200 64 9.01 
200 169 7.01 
200 189 7.01 
200 319 5.01 
200 440 4.01 
200 444 6.01 
200 449 4.01 
200 468 15.01 
200 477 5.01 
200 487 10.01 
200 498 18.009999999999998 
200 500 52.01 
201 21 12.01 
201 58 10.01 
201 256 4.01 
201 270 8.01 
201 335 12.01 
201 342 3.01 
201 344 7.01 
201 378 3.01 
201 403 2.01 
201 460 4.01 
201 470 4.01 
201 491 17.009999999999998 
231 17 6.01 
231 75 3.01 
231 111 7.01 
231 123 9.01 
231 141 4.01 
231 151 4.01 
231 321 6.01 
231 437 7.01 
231 460 6.01 
231 479 8.01 
231 483 17.009999999999998 
231 489 12.01 
255 310 10.01 
255 432 14.01 
255 441 5.01 
255 475 6.01 
255 476 7.01 
255 481 8.01 
255 493 11.01 
255 495 24.009999999999998 
255 496 5.01 
255 498 15.01 
255 499 29.009999999999998 
269 186 8.01 
269 286 5.01 
269 370 7.01 
269 415 6.01 
269 419 8.01 
269 433 3.01 
269 471 7.01 
269 477 7.01 
269 485 13.01 
269 499 27.009999999999998 
269 500 33.01 
