0 125 6.01 
0 291 3.01 
0 356 8.01 
0 398 5.01 
0 423 9.01 
0 437 9.01 
0 464 2.01 
0 475 11.01 
0 485 13.01 
0 489 15.01 
0 495 24.009999999999998 
0 499 45.01 
125 70 5.01 
125 183 5.01 
125 387 5.01 
125 388 9.01 
125 398 4.01 
125 422 8.01 
125 447 7.01 
125 460 8.01 
125 478 5.01 
125 490 21.009999999999998 
125 496 21.009999999999998 
125 499 35.01 
291 224 3.01 
291 246 6.01 
291 316 0.01 
291 467 4.01 
291 476 1.01 
291 479 10.01 
291 480 15.01 
291 488 8.01 
291 492 14.01 
291 493 10.01 
291 494 13.01 
291 498 28.009999999999998 
356 138 5.01 
356 243 6.01 
356 272 4.01 
356 323 12.01 
356 444 11.01 
356 451 4.01 
356 456 7.01 
356 474 10.01 
356 486 13.01 
356 496 25.009999999999998 
356 497 27.009999999999998 
356 498 30.009999999999998 
398 200 6.01 
398 382 8.01 
398 397 9.01 
398 419 6.01 
398 442 6.01 
398 464 12.01 
398 471 10.01 
398 472 13.01 
398 480 9.01 
398 485 14.01 
398 499 28.009999999999998 
423 213 8.01 
423 228 4.01 
423 241 5.01 
423 381 4.01 
423 389 7.01 
423 425 6.01 
423 460 10.01 
423 477 11.01 
423 486 16.009999999999998 
423 497 27.009999999999998 
423 498 35.01 
437 138 6.01 
437 203 10.01 
437 221 7.01 
437 350 9.01 
437 418 5.01 
437 436 12.01 
437 444 15.01 
437 463 6.01 
437 485 13.01 
437 498 34.01 
437 499 32.01 
464 201 8.01 
464 230 8.01 
464 305 8.01 
464 355 8.01 
464 414 9.01 
464 422 7.01 
464 425 18.009999999999998 
464 426 8.01 
464 437 14.01 
464 450 7.01 
464 495 16.009999999999998 
475 40 10.01 
475 296 11.01 
475 318 10.01 
475 356 12.01 
475 454 9.01 
475 482 17.009999999999998 
475 488 14.01 
475 489 18.009999999999998 
475 495 23.009999999999998 
475 497 29.009999999999998 
475 499 27.009999999999998 
485 134 12.01 
485 185 6.01 
485 199 7.01 
485 226 12.01 
485 260 14.01 
485 317 10.01 
485 349 11.01 
485 464 16.009999999999998 
485 490 15.01 
485 493 19.009999999999998 
485 499 50.01 
489 38 16.009999999999998 
489 53 17.009999999999998 
489 54 13.01 
489 165 10.01 
489 222 16.009999999999998 
489 358 14.01 
489 412 17.009999999999998 
489 414 9.01 
489 420 15.01 
489 448 19.009999999999998 
489 493 15.01 
495 48 16.009999999999998 
495 89 9.01 
495 109 12.01 
495 161 19.009999999999998 
495 283 15.01 
495 331 20.009999999999998 
495 481 27.009999999999998 
495 491 17.009999999999998 
495 497 40.01 
495 498 29.009999999999998 
495 499 44.01 
499 10 37.01 
499 85 44.01 
499 149 32.01 
499 157 27.009999999999998 
499 185 33.01 
499 210 37.01 
499 374 34.01 
499 395 42.01 
499 436 37.01 
499 437 42.01 
499 498 43.01 
1 6 6.01 
1 12 5.01 
1 420 7.01 
1 435 8.01 
1 442 7.01 
1 446 5.01 
1 454 3.01 
1 482 10.01 
1 488 18.009999999999998 
1 490 16.009999999999998 
1 494 7.01 
1 497 20.009999999999998 
6 5 5.01 
6 269 7.01 
6 279 4.01 
6 368 8.01 
6 421 7.01 
6 425 5.01 
6 451 7.01 
6 459 6.01 
6 476 4.01 
6 488 16.009999999999998 
6 492 14.01 
6 494 16.009999999999998 
12 412 2.01 
12 414 6.01 
12 419 6.01 
12 438 5.01 
12 439 4.01 
12 474 8.01 
12 478 7.01 
12 485 14.01 
12 490 11.01 
12 492 22.009999999999998 
12 497 30.009999999999998 
12 499 29.009999999999998 
420 151 4.01 
420 327 8.01 
420 433 11.01 
420 445 7.01 
420 473 14.01 
420 474 4.01 
420 475 8.01 
420 483 7.01 
420 484 14.01 
420 486 12.01 
420 491 23.009999999999998 
435 33 3.01 
435 147 9.01 
435 217 10.01 
435 243 8.01 
435 372 5.01 
435 410 11.01 
435 455 6.01 
435 488 20.009999999999998 
435 489 15.01 
435 494 14.01 
435 499 45.01 
442 73 8.01 
442 130 6.01 
442 198 9.01 
442 225 4.01 
442 277 9.01 
442 366 7.01 
442 428 7.01 
442 449 10.01 
442 450 4.01 
442 460 10.01 
442 483 18.009999999999998 
446 7 7.01 
446 43 6.01 
446 116 8.01 
446 301 4.01 
446 413 13.01 
446 435 10.01 
446 473 16.009999999999998 
446 488 16.009999999999998 
446 491 18.009999999999998 
446 492 17.009999999999998 
446 499 43.01 
454 148 6.01 
454 201 3.01 
454 202 7.01 
454 212 7.01 
454 281 8.01 
454 389 8.01 
454 401 10.01 
454 404 10.01 
454 485 20.009999999999998 
454 486 21.009999999999998 
454 488 17.009999999999998 
482 172 11.01 
482 226 12.01 
482 333 13.01 
482 350 17.009999999999998 
482 365 10.01 
482 390 10.01 
482 418 7.01 
482 487 7.01 
482 496 22.009999999999998 
482 498 34.01 
482 499 44.01 
488 121 11.01 
488 233 11.01 
488 345 12.01 
488 355 17.009999999999998 
488 372 12.01 
488 411 9.01 
488 464 16.009999999999998 
488 475 21.009999999999998 
488 481 19.009999999999998 
488 486 18.009999999999998 
488 490 21.009999999999998 
490 161 10.01 
490 307 11.01 
490 420 16.009999999999998 
490 424 9.01 
490 433 14.01 
490 450 16.009999999999998 
490 460 19.009999999999998 
490 473 17.009999999999998 
490 486 14.01 
490 494 24.009999999999998 
490 496 27.009999999999998 
494 67 17.009999999999998 
494 80 15.01 
494 158 17.009999999999998 
494 283 14.01 
494 370 19.009999999999998 
494 398 15.01 
494 430 9.01 
494 435 9.01 
494 492 15.01 
494 495 26.009999999999998 
494 498 40.01 
497 204 24.009999999999998 
497 235 20.009999999999998 
497 296 29.009999999999998 
497 408 16.009999999999998 
497 410 32.01 
497 429 25.009999999999998 
497 455 25.009999999999998 
497 461 21.009999999999998 
497 468 18.009999999999998 
497 482 23.009999999999998 
497 493 20.009999999999998 
2 177 4.01 
2 225 8.01 
2 280 5.01 
2 385 2.01 
2 387 3.01 
2 425 5.01 
2 452 9.01 
2 480 9.01 
2 484 12.01 
2 487 9.01 
2 491 13.01 
2 494 18.009999999999998 
177 182 7.01 
177 226 11.01 
177 349 8.01 
177 382 5.01 
177 430 8.01 
177 437 11.01 
177 451 6.01 
177 477 8.01 
177 488 15.01 
177 489 13.01 
177 495 23.009999999999998 
177 499 30.009999999999998 
225 23 8.01 
225 72 0.01 
225 260 3.01 
225 385 7.01 
225 442 4.01 
225 466 6.01 
225 487 18.009999999999998 
225 491 12.01 
225 494 20.009999999999998 
225 495 17.009999999999998 
225 498 28.009999999999998 
225 499 38.01 
280 163 9.01 
280 235 12.01 
280 300 5.01 
280 325 5.01 
280 327 7.01 
280 333 6.01 
280 377 6.01 
280 393 5.01 
280 457 13.01 
280 474 3.01 
280 496 20.009999999999998 
280 498 22.009999999999998 
385 69 5.01 
385 124 8.01 
385 365 5.01 
385 382 7.01 
385 423 8.01 
385 424 10.01 
385 466 2.01 
385 471 12.01 
385 479 7.01 
385 487 7.01 
385 493 16.009999999999998 
387 210 8.01 
387 259 5.01 
387 287 9.01 
387 321 4.01 
387 371 6.01 
387 424 2.01 
387 437 6.01 
387 447 9.01 
387 454 6.01 
387 495 22.009999999999998 
387 499 50.01 
425 33 7.01 
425 97 2.01 
425 119 3.01 
425 190 6.01 
425 217 5.01 
425 279 11.01 
425 300 6.01 
425 305 9.01 
425 489 9.01 
425 492 20.009999999999998 
425 493 15.01 
452 66 9.01 
452 70 4.01 
452 109 4.01 
452 263 5.01 
452 292 5.01 
452 349 6.01 
452 406 8.01 
452 471 7.01 
452 480 12.01 
452 487 15.01 
452 497 32.01 
480 60 10.01 
480 137 6.01 
480 169 8.01 
480 255 6.01 
480 265 9.01 
480 356 11.01 
480 463 15.01 
480 470 9.01 
480 489 16.009999999999998 
480 495 16.009999999999998 
480 499 43.01 
484 19 13.01 
484 30 16.009999999999998 
484 134 11.01 
484 141 6.01 
484 305 9.01 
484 417 12.01 
484 422 18.009999999999998 
484 428 13.01 
484 458 13.01 
484 491 19.009999999999998 
484 499 32.01 
487 107 10.01 
487 215 7.01 
487 238 10.01 
487 380 5.01 
487 404 19.009999999999998 
487 450 6.01 
487 468 13.01 
487 477 13.01 
487 483 25.009999999999998 
487 492 14.01 
487 495 15.01 
491 15 16.009999999999998 
491 330 22.009999999999998 
491 356 21.009999999999998 
491 422 12.01 
491 427 15.01 
491 449 15.01 
491 461 16.009999999999998 
491 474 17.009999999999998 
491 484 15.01 
491 489 18.009999999999998 
491 498 38.01 
3 5 0.01 
3 82 5.01 
3 171 9.01 
3 200 4.01 
3 210 6.01 
3 314 4.01 
3 457 6.01 
3 468 14.01 
3 480 8.01 
3 483 11.01 
3 493 18.009999999999998 
3 496 17.009999999999998 
5 4 8.01 
5 255 12.01 
5 259 5.01 
5 274 10.01 
5 301 5.01 
5 420 1.01 
5 436 7.01 
5 456 10.01 
5 459 4.01 
5 485 11.01 
5 498 26.009999999999998 
5 499 37.01 
82 4 4.01 
82 271 8.01 
82 319 4.01 
82 348 10.01 
82 358 6.01 
82 433 4.01 
82 436 9.01 
82 467 6.01 
82 474 9.01 
82 494 7.01 
82 496 24.009999999999998 
82 499 34.01 
171 24 7.01 
171 38 4.01 
171 245 3.01 
171 282 4.01 
171 326 7.01 
171 393 5.01 
171 426 8.01 
171 464 11.01 
171 475 9.01 
171 488 10.01 
171 489 15.01 
171 496 16.009999999999998 
200 173 4.01 
200 257 4.01 
200 379 5.01 
200 391 3.01 
200 401 7.01 
200 436 8.01 
200 458 7.01 
200 464 7.01 
200 475 6.01 
200 493 16.009999999999998 
200 496 20.009999999999998 
200 499 32.01 
210 11 5.01 
210 75 3.01 
210 192 10.01 
210 216 7.01 
210 335 4.01 
210 349 7.01 
210 465 11.01 
210 468 8.01 
210 473 9.01 
210 486 13.01 
210 496 16.009999999999998 
210 498 40.01 
314 69 6.01 
314 120 3.01 
314 152 8.01 
314 153 4.01 
314 252 3.01 
314 301 10.01 
314 366 1.01 
314 384 5.01 
314 451 6.01 
314 485 13.01 
314 486 12.01 
314 498 24.009999999999998 
457 159 8.01 
457 178 13.01 
457 310 8.01 
457 369 6.01 
457 417 6.01 
457 420 8.01 
457 431 6.01 
457 447 5.01 
457 464 11.01 
457 494 14.01 
457 496 23.009999999999998 
468 57 5.01 
468 101 9.01 
468 106 4.01 
468 353 8.01 
468 389 9.01 
468 395 10.01 
468 441 10.01 
468 450 15.01 
468 451 11.01 
468 477 8.01 
468 496 16.009999999999998 
483 58 12.01 
483 265 12.01 
483 321 19.009999999999998 
483 343 13.01 
483 364 13.01 
483 412 17.009999999999998 
483 440 9.01 
483 453 17.009999999999998 
483 496 28.009999999999998 
483 498 28.009999999999998 
483 499 40.01 
493 24 19.009999999999998 
493 198 16.009999999999998 
493 226 19.009999999999998 
493 309 20.009999999999998 
493 376 19.009999999999998 
493 405 12.01 
493 419 15.01 
493 431 11.01 
493 480 25.009999999999998 
493 483 31.009999999999998 
493 499 46.01 
496 39 24.009999999999998 
496 280 18.009999999999998 
496 313 21.009999999999998 
496 329 25.009999999999998 
496 384 19.009999999999998 
496 400 30.009999999999998 
496 478 29.009999999999998 
496 479 17.009999999999998 
496 483 26.009999999999998 
496 497 25.009999999999998 
496 499 39.01 
4 2 4.01 
4 62 7.01 
4 157 8.01 
4 270 4.01 
4 380 3.01 
4 444 10.01 
4 452 2.01 
4 472 9.01 
4 477 5.01 
4 490 5.01 
4 498 25.009999999999998 
4 499 42.01 
62 75 6.01 
62 143 5.01 
62 184 6.01 
62 244 4.01 
62 424 8.01 
62 428 8.01 
62 451 8.01 
62 480 7.01 
62 483 9.01 
62 493 17.009999999999998 
62 494 16.009999999999998 
62 495 12.01 
157 55 5.01 
157 94 4.01 
157 194 6.01 
157 221 8.01 
157 260 4.01 
157 338 4.01 
157 380 4.01 
157 429 10.01 
157 494 17.009999999999998 
157 495 13.01 
157 497 25.009999999999998 
157 498 25.009999999999998 
270 51 6.01 
270 226 3.01 
270 286 3.01 
270 301 8.01 
270 357 5.01 
270 372 3.01 
270 442 4.01 
270 445 6.01 
270 489 12.01 
270 493 14.01 
270 498 33.01 
270 499 27.009999999999998 
380 11 7.01 
380 176 4.01 
380 179 2.01 
380 184 6.01 
380 203 5.01 
380 311 2.01 
380 322 5.01 
380 357 3.01 
380 478 12.01 
380 489 7.01 
380 492 16.009999999999998 
444 236 6.01 
444 237 1.01 
444 252 6.01 
444 286 9.01 
444 313 6.01 
444 315 6.01 
444 383 5.01 
444 464 8.01 
444 474 7.01 
444 495 13.01 
444 499 43.01 
472 0 12.01 
472 105 9.01 
472 175 11.01 
472 222 6.01 
472 366 7.01 
472 408 6.01 
472 438 13.01 
472 442 17.009999999999998 
472 494 26.009999999999998 
472 495 17.009999999999998 
472 499 39.01 
477 56 6.01 
477 74 10.01 
477 98 9.01 
477 142 12.01 
477 170 6.01 
477 243 10.01 
477 259 11.01 
477 263 8.01 
477 436 11.01 
477 449 9.01 
477 497 34.01 
498 167 22.009999999999998 
498 177 32.01 
498 216 31.009999999999998 
498 368 33.01 
498 383 29.009999999999998 
498 401 22.009999999999998 
498 446 26.009999999999998 
498 482 33.01 
498 485 34.01 
498 490 29.009999999999998 
498 497 61.01 
255 5 0.01 
255 187 8.01 
255 248 4.01 
255 312 3.01 
255 367 5.01 
255 439 2.01 
255 448 3.01 
255 455 12.01 
255 474 9.01 
255 478 10.01 
255 486 13.01 
255 499 37.01 
259 241 3.01 
259 306 3.01 
259 317 5.01 
259 351 1.01 
259 433 7.01 
259 487 10.01 
259 489 10.01 
259 492 20.009999999999998 
259 493 18.009999999999998 
259 495 16.009999999999998 
259 497 20.009999999999998 
259 499 25.009999999999998 
274 143 6.01 
274 230 2.01 
274 250 6.01 
274 363 2.01 
274 373 7.01 
274 393 6.01 
274 428 5.01 
274 436 5.01 
274 456 5.01 
274 458 5.01 
274 463 9.01 
274 486 17.009999999999998 
301 6 8.01 
301 155 4.01 
301 162 5.01 
301 358 4.01 
301 400 9.01 
301 410 10.01 
301 437 9.01 
301 461 9.01 
301 462 8.01 
301 490 13.01 
301 494 14.01 
301 499 42.01 
436 116 6.01 
436 181 18.009999999999998 
436 206 11.01 
436 290 6.01 
436 314 4.01 
436 443 6.01 
436 463 7.01 
436 478 6.01 
436 493 18.009999999999998 
436 494 11.01 
436 499 38.01 
456 150 6.01 
456 252 10.01 
456 257 2.01 
456 316 5.01 
456 343 6.01 
456 403 5.01 
456 464 12.01 
456 486 20.009999999999998 
456 491 18.009999999999998 
456 498 33.01 
456 499 36.01 
459 3 15.01 
459 91 5.01 
459 171 7.01 
459 183 9.01 
459 381 4.01 
459 439 8.01 
459 453 11.01 
459 477 14.01 
459 481 10.01 
459 485 17.009999999999998 
459 486 12.01 
269 104 2.01 
269 117 8.01 
269 268 4.01 
269 416 5.01 
269 433 5.01 
269 452 8.01 
269 468 6.01 
269 480 7.01 
269 487 12.01 
269 497 18.009999999999998 
269 498 18.009999999999998 
269 499 32.01 
279 159 6.01 
279 235 6.01 
279 276 2.01 
279 302 3.01 
279 307 8.01 
279 315 11.01 
279 419 11.01 
279 430 5.01 
279 453 10.01 
279 473 7.01 
279 484 13.01 
279 488 13.01 
368 26 3.01 
368 51 3.01 
368 292 7.01 
368 350 7.01 
368 381 8.01 
368 404 8.01 
368 469 10.01 
368 474 6.01 
368 479 8.01 
368 498 36.01 
368 499 31.009999999999998 
421 44 9.01 
421 287 4.01 
421 294 10.01 
421 376 10.01 
421 435 8.01 
421 474 11.01 
421 475 2.01 
421 494 12.01 
421 497 23.009999999999998 
421 498 30.009999999999998 
421 499 35.01 
451 191 10.01 
451 266 9.01 
451 283 10.01 
451 315 3.01 
451 369 6.01 
451 383 4.01 
451 390 3.01 
451 422 13.01 
451 471 13.01 
451 476 4.01 
451 491 18.009999999999998 
476 22 8.01 
476 58 8.01 
476 107 11.01 
476 194 7.01 
476 217 7.01 
476 240 12.01 
476 377 9.01 
476 394 12.01 
476 467 6.01 
476 497 22.009999999999998 
476 499 36.01 
492 30 16.009999999999998 
492 195 8.01 
492 217 11.01 
492 332 21.009999999999998 
492 403 22.009999999999998 
492 419 15.01 
492 437 16.009999999999998 
492 452 30.009999999999998 
492 465 13.01 
492 473 19.009999999999998 
492 499 37.01 
7 59 9.01 
7 381 3.01 
7 405 2.01 
7 413 6.01 
7 455 3.01 
7 460 7.01 
7 476 6.01 
7 482 21.009999999999998 
7 487 7.01 
7 492 14.01 
7 493 17.009999999999998 
7 498 44.01 
59 53 4.01 
59 68 4.01 
59 102 5.01 
59 154 9.01 
59 159 4.01 
59 201 3.01 
59 204 3.01 
59 285 2.01 
59 331 4.01 
59 427 5.01 
59 458 8.01 
59 477 6.01 
381 47 5.01 
381 66 3.01 
381 133 6.01 
381 181 5.01 
381 274 11.01 
381 352 3.01 
381 449 10.01 
381 464 7.01 
381 483 13.01 
381 496 26.009999999999998 
381 498 37.01 
405 186 3.01 
405 197 7.01 
405 292 4.01 
405 311 6.01 
405 402 5.01 
405 462 10.01 
405 466 7.01 
405 482 15.01 
405 493 20.009999999999998 
405 495 18.009999999999998 
405 498 36.01 
413 125 7.01 
413 148 3.01 
413 235 5.01 
413 297 4.01 
413 423 6.01 
413 440 3.01 
413 445 12.01 
413 455 10.01 
413 478 7.01 
413 491 13.01 
413 499 28.009999999999998 
455 17 5.01 
455 263 9.01 
455 272 7.01 
455 295 12.01 
455 302 3.01 
455 316 12.01 
455 337 6.01 
455 359 8.01 
455 445 12.01 
455 497 26.009999999999998 
455 498 29.009999999999998 
460 53 7.01 
460 57 9.01 
460 165 6.01 
460 180 8.01 
460 235 9.01 
460 285 9.01 
460 333 6.01 
460 344 11.01 
460 437 8.01 
460 490 15.01 
460 492 20.009999999999998 
8 319 6.01 
8 360 6.01 
8 368 7.01 
8 377 4.01 
8 399 10.01 
8 413 6.01 
8 441 6.01 
8 486 14.01 
8 491 12.01 
8 497 21.009999999999998 
8 498 44.01 
8 499 25.009999999999998 
319 50 7.01 
319 123 6.01 
319 132 2.01 
319 283 6.01 
319 366 3.01 
319 480 7.01 
319 482 10.01 
319 485 8.01 
319 486 13.01 
319 490 9.01 
319 498 26.009999999999998 
319 499 28.009999999999998 
360 123 8.01 
360 181 5.01 
360 184 7.01 
360 193 9.01 
360 200 4.01 
360 240 3.01 
360 284 11.01 
360 353 3.01 
360 384 6.01 
360 434 10.01 
360 436 7.01 
377 223 2.01 
377 252 3.01 
377 380 7.01 
377 416 5.01 
377 462 10.01 
377 466 7.01 
377 482 10.01 
377 491 9.01 
377 497 18.009999999999998 
377 498 26.009999999999998 
377 499 35.01 
399 116 5.01 
399 139 2.01 
399 174 2.01 
399 205 4.01 
399 430 5.01 
399 462 9.01 
399 469 6.01 
399 479 14.01 
399 488 10.01 
399 492 9.01 
399 497 35.01 
441 203 6.01 
441 234 5.01 
441 246 4.01 
441 261 5.01 
441 321 5.01 
441 323 8.01 
441 439 12.01 
441 445 10.01 
441 457 7.01 
441 489 10.01 
441 498 29.009999999999998 
486 178 12.01 
486 225 19.009999999999998 
486 262 11.01 
486 363 9.01 
486 368 17.009999999999998 
486 401 9.01 
486 407 18.009999999999998 
486 415 10.01 
486 485 18.009999999999998 
486 493 19.009999999999998 
486 497 31.009999999999998 
9 96 4.01 
9 154 3.01 
9 155 2.01 
9 166 2.01 
9 349 5.01 
9 430 6.01 
9 475 7.01 
9 477 6.01 
9 478 14.01 
9 490 15.01 
9 492 10.01 
9 499 37.01 
96 32 2.01 
96 355 5.01 
96 372 5.01 
96 423 4.01 
96 460 5.01 
96 473 11.01 
96 483 10.01 
96 484 12.01 
96 488 16.009999999999998 
96 492 13.01 
96 496 22.009999999999998 
96 498 29.009999999999998 
154 34 5.01 
154 147 6.01 
154 201 6.01 
154 284 4.01 
154 353 5.01 
154 359 3.01 
154 431 10.01 
154 468 11.01 
154 473 7.01 
154 474 12.01 
154 479 12.01 
154 488 11.01 
155 31 8.01 
155 256 2.01 
155 285 7.01 
155 316 4.01 
155 328 3.01 
155 353 4.01 
155 418 6.01 
155 460 10.01 
155 479 9.01 
155 487 11.01 
155 488 8.01 
155 494 13.01 
166 307 8.01 
166 323 5.01 
166 380 5.01 
166 383 4.01 
166 389 4.01 
166 411 6.01 
166 413 6.01 
166 432 8.01 
166 454 11.01 
166 494 9.01 
166 498 35.01 
166 499 31.009999999999998 
349 11 8.01 
349 107 2.01 
349 185 8.01 
349 253 5.01 
349 257 4.01 
349 466 7.01 
349 474 6.01 
349 481 9.01 
349 485 12.01 
349 491 15.01 
349 498 28.009999999999998 
349 499 43.01 
430 8 12.01 
430 68 6.01 
430 197 6.01 
430 288 2.01 
430 410 6.01 
430 425 5.01 
430 446 4.01 
430 486 15.01 
430 489 19.009999999999998 
430 494 14.01 
430 496 17.009999999999998 
478 8 5.01 
478 46 14.01 
478 79 12.01 
478 101 7.01 
478 215 5.01 
478 371 12.01 
478 387 16.009999999999998 
478 427 10.01 
478 464 9.01 
478 497 23.009999999999998 
478 499 36.01 
10 34 3.01 
10 348 1.01 
10 387 6.01 
10 443 5.01 
10 451 10.01 
10 460 9.01 
10 475 13.01 
10 477 11.01 
10 493 19.009999999999998 
10 494 12.01 
10 495 17.009999999999998 
10 499 34.01 
34 64 2.01 
34 103 2.01 
34 197 1.01 
34 201 10.01 
34 204 7.01 
34 233 5.01 
34 241 6.01 
34 352 3.01 
34 439 3.01 
34 456 5.01 
34 492 19.009999999999998 
34 499 28.009999999999998 
348 139 6.01 
348 185 8.01 
348 311 8.01 
348 327 4.01 
348 347 3.01 
348 363 7.01 
348 410 6.01 
348 447 5.01 
348 475 11.01 
348 497 20.009999999999998 
348 498 31.009999999999998 
348 499 39.01 
443 54 3.01 
443 351 7.01 
443 352 9.01 
443 368 4.01 
443 447 8.01 
443 491 20.009999999999998 
443 493 16.009999999999998 
443 494 10.01 
443 495 20.009999999999998 
443 497 22.009999999999998 
443 499 38.01 
11 57 3.01 
11 152 5.01 
11 351 4.01 
11 411 6.01 
11 440 5.01 
11 450 9.01 
11 461 9.01 
11 480 8.01 
11 490 18.009999999999998 
11 492 19.009999999999998 
11 494 18.009999999999998 
11 499 41.01 
57 10 8.01 
57 70 8.01 
57 169 2.01 
57 184 2.01 
57 233 3.01 
57 284 8.01 
57 410 8.01 
57 417 7.01 
57 468 8.01 
57 483 14.01 
57 490 10.01 
57 499 54.01 
152 139 4.01 
152 182 4.01 
152 200 4.01 
152 202 3.01 
152 217 2.01 
152 349 7.01 
152 378 2.01 
152 409 5.01 
152 410 4.01 
152 413 9.01 
152 428 12.01 
152 486 16.009999999999998 
351 94 7.01 
351 168 8.01 
351 187 3.01 
351 222 7.01 
351 290 3.01 
351 298 5.01 
351 354 5.01 
351 454 8.01 
351 479 9.01 
351 489 18.009999999999998 
351 491 17.009999999999998 
351 499 35.01 
411 17 8.01 
411 36 3.01 
411 264 5.01 
411 323 9.01 
411 392 8.01 
411 403 4.01 
411 448 7.01 
411 464 5.01 
411 471 13.01 
411 488 12.01 
411 497 18.009999999999998 
440 42 4.01 
440 259 9.01 
440 400 7.01 
440 413 6.01 
440 455 11.01 
440 476 9.01 
440 482 11.01 
440 487 11.01 
440 494 13.01 
440 497 22.009999999999998 
440 498 28.009999999999998 
450 92 6.01 
450 137 6.01 
450 153 4.01 
450 427 8.01 
450 452 10.01 
450 454 13.01 
450 473 10.01 
450 485 11.01 
450 488 9.01 
450 490 5.01 
450 497 22.009999999999998 
461 86 7.01 
461 107 9.01 
461 131 5.01 
461 297 9.01 
461 361 11.01 
461 371 7.01 
461 470 7.01 
461 493 12.01 
461 495 14.01 
461 496 31.009999999999998 
461 499 41.01 
412 61 3.01 
412 169 4.01 
412 188 5.01 
412 309 7.01 
412 323 3.01 
412 361 5.01 
412 465 8.01 
412 468 11.01 
412 493 17.009999999999998 
412 495 17.009999999999998 
412 499 39.01 
414 8 2.01 
414 112 7.01 
414 173 4.01 
414 271 8.01 
414 405 9.01 
414 428 3.01 
414 433 7.01 
414 466 7.01 
414 468 6.01 
414 481 10.01 
414 498 21.009999999999998 
419 162 3.01 
419 181 8.01 
419 242 7.01 
419 258 7.01 
419 335 3.01 
419 392 7.01 
419 471 9.01 
419 483 7.01 
419 490 14.01 
419 498 27.009999999999998 
419 499 43.01 
438 54 8.01 
438 191 4.01 
438 213 4.01 
438 215 13.01 
438 270 5.01 
438 320 4.01 
438 322 11.01 
438 350 6.01 
438 463 7.01 
438 498 24.009999999999998 
438 499 25.009999999999998 
439 249 12.01 
439 274 10.01 
439 305 4.01 
439 322 3.01 
439 396 8.01 
439 418 8.01 
439 465 15.01 
439 470 7.01 
439 484 14.01 
439 492 22.009999999999998 
439 495 18.009999999999998 
474 59 6.01 
474 268 3.01 
474 299 6.01 
474 378 8.01 
474 455 11.01 
474 456 10.01 
474 467 10.01 
474 473 7.01 
474 489 12.01 
474 493 20.009999999999998 
474 499 33.01 
13 64 4.01 
13 292 2.01 
13 340 9.01 
13 376 5.01 
13 414 4.01 
13 443 5.01 
13 445 4.01 
13 471 5.01 
13 472 7.01 
13 478 7.01 
13 479 7.01 
13 495 10.01 
64 108 5.01 
64 178 6.01 
64 301 8.01 
64 369 4.01 
64 381 3.01 
64 411 3.01 
64 426 5.01 
64 434 5.01 
64 469 11.01 
64 475 16.009999999999998 
64 482 10.01 
64 499 25.009999999999998 
292 174 4.01 
292 281 3.01 
292 333 7.01 
292 405 5.01 
292 457 5.01 
292 459 8.01 
292 477 11.01 
292 478 10.01 
292 482 15.01 
292 490 15.01 
292 497 16.009999999999998 
292 498 29.009999999999998 
340 5 7.01 
340 41 2.01 
340 121 5.01 
340 153 4.01 
340 172 7.01 
340 250 4.01 
340 376 9.01 
340 423 7.01 
340 471 9.01 
340 478 13.01 
340 498 34.01 
340 499 29.009999999999998 
376 13 3.01 
376 146 7.01 
376 150 7.01 
376 206 9.01 
376 356 8.01 
376 384 3.01 
376 448 8.01 
376 462 6.01 
376 476 10.01 
376 478 14.01 
376 497 24.009999999999998 
445 93 1.01 
445 325 6.01 
445 384 6.01 
445 421 11.01 
445 424 10.01 
445 433 13.01 
445 434 5.01 
445 462 6.01 
445 481 18.009999999999998 
445 487 9.01 
445 496 24.009999999999998 
471 131 10.01 
471 135 2.01 
471 138 5.01 
471 363 15.01 
471 367 4.01 
471 414 11.01 
471 459 9.01 
471 466 8.01 
471 485 11.01 
471 495 17.009999999999998 
471 498 31.009999999999998 
479 42 10.01 
479 170 10.01 
479 236 5.01 
479 288 10.01 
479 374 8.01 
479 383 10.01 
479 449 8.01 
479 482 17.009999999999998 
479 497 25.009999999999998 
479 498 36.01 
479 499 38.01 
14 36 1.01 
14 189 3.01 
14 208 4.01 
14 302 5.01 
14 345 6.01 
14 359 4.01 
14 425 3.01 
14 438 9.01 
14 448 7.01 
14 494 13.01 
14 497 24.009999999999998 
14 498 35.01 
36 13 3.01 
36 62 6.01 
36 245 2.01 
36 304 3.01 
36 308 8.01 
36 367 4.01 
36 409 5.01 
36 418 2.01 
36 463 6.01 
36 473 7.01 
36 479 7.01 
36 492 17.009999999999998 
189 26 5.01 
189 144 3.01 
189 306 4.01 
189 319 3.01 
189 328 5.01 
189 377 10.01 
189 443 4.01 
189 446 4.01 
189 467 6.01 
189 471 8.01 
189 493 11.01 
189 498 19.009999999999998 
208 7 4.01 
208 212 5.01 
208 226 4.01 
208 261 9.01 
208 408 5.01 
208 432 8.01 
208 477 8.01 
208 490 8.01 
208 493 10.01 
208 495 20.009999999999998 
208 497 20.009999999999998 
208 498 19.009999999999998 
302 8 0.01 
302 67 7.01 
302 142 5.01 
302 164 6.01 
302 247 4.01 
302 347 9.01 
302 376 9.01 
302 429 4.01 
302 454 10.01 
302 476 6.01 
302 485 15.01 
302 497 25.009999999999998 
345 47 11.01 
345 72 8.01 
345 273 7.01 
345 275 4.01 
345 364 4.01 
345 392 9.01 
345 427 5.01 
345 435 6.01 
345 446 3.01 
345 460 10.01 
345 494 16.009999999999998 
345 499 37.01 
359 51 2.01 
359 110 5.01 
359 126 5.01 
359 316 9.01 
359 378 3.01 
359 390 6.01 
359 396 7.01 
359 415 5.01 
359 486 21.009999999999998 
359 493 17.009999999999998 
359 495 15.01 
448 135 8.01 
448 180 7.01 
448 249 7.01 
448 266 7.01 
448 354 6.01 
448 440 8.01 
448 445 14.01 
448 451 10.01 
448 482 10.01 
448 488 9.01 
448 498 19.009999999999998 
15 3 5.01 
15 103 5.01 
15 104 4.01 
15 170 3.01 
15 264 6.01 
15 277 2.01 
15 342 8.01 
15 423 7.01 
15 456 8.01 
15 458 9.01 
15 483 10.01 
15 495 21.009999999999998 
103 29 6.01 
103 99 2.01 
103 110 1.01 
103 229 6.01 
103 295 3.01 
103 312 1.01 
103 424 2.01 
103 446 8.01 
103 463 5.01 
103 494 14.01 
103 498 26.009999999999998 
103 499 29.009999999999998 
104 64 5.01 
104 74 4.01 
104 141 6.01 
104 161 8.01 
104 346 9.01 
104 389 6.01 
104 409 5.01 
104 459 7.01 
104 468 11.01 
104 486 9.01 
104 498 28.009999999999998 
104 499 36.01 
170 48 5.01 
170 118 3.01 
170 186 4.01 
170 190 5.01 
170 278 3.01 
170 280 7.01 
170 317 8.01 
170 390 5.01 
170 411 6.01 
170 427 3.01 
170 472 11.01 
170 498 25.009999999999998 
264 135 4.01 
264 153 6.01 
264 301 2.01 
264 321 4.01 
264 388 4.01 
264 425 3.01 
264 453 12.01 
264 483 17.009999999999998 
264 486 15.01 
264 492 20.009999999999998 
264 494 7.01 
264 496 19.009999999999998 
277 54 5.01 
277 186 3.01 
277 327 7.01 
277 463 7.01 
277 474 6.01 
277 477 12.01 
277 486 12.01 
277 489 21.009999999999998 
277 490 11.01 
277 491 12.01 
277 496 22.009999999999998 
277 499 28.009999999999998 
342 20 3.01 
342 79 3.01 
342 92 7.01 
342 247 3.01 
342 367 5.01 
342 394 11.01 
342 415 8.01 
342 441 3.01 
342 484 11.01 
342 492 11.01 
342 494 13.01 
342 497 15.01 
458 227 6.01 
458 274 9.01 
458 370 7.01 
458 402 8.01 
458 420 6.01 
458 432 11.01 
458 439 7.01 
458 443 3.01 
458 448 11.01 
458 488 22.009999999999998 
458 489 11.01 
16 112 5.01 
16 127 5.01 
16 241 10.01 
16 346 2.01 
16 401 8.01 
16 425 8.01 
16 448 9.01 
16 463 7.01 
16 478 10.01 
16 488 16.009999999999998 
16 490 15.01 
16 491 17.009999999999998 
112 51 2.01 
112 62 4.01 
112 146 6.01 
112 265 6.01 
112 285 5.01 
112 319 4.01 
112 367 7.01 
112 452 7.01 
112 455 4.01 
112 477 9.01 
112 495 15.01 
112 498 28.009999999999998 
127 43 6.01 
127 234 5.01 
127 296 9.01 
127 382 6.01 
127 386 4.01 
127 470 2.01 
127 486 8.01 
127 489 5.01 
127 491 17.009999999999998 
127 496 10.01 
127 498 25.009999999999998 
127 499 38.01 
241 56 5.01 
241 110 3.01 
241 168 8.01 
241 174 3.01 
241 276 8.01 
241 324 4.01 
241 327 5.01 
241 386 10.01 
241 395 8.01 
241 480 12.01 
241 485 14.01 
241 499 38.01 
346 57 7.01 
346 104 6.01 
346 253 6.01 
346 342 8.01 
346 365 13.01 
346 367 1.01 
346 386 5.01 
346 403 11.01 
346 417 3.01 
346 451 3.01 
346 485 15.01 
346 495 15.01 
401 309 5.01 
401 354 5.01 
401 456 5.01 
401 466 12.01 
401 467 9.01 
401 469 10.01 
401 470 10.01 
401 479 9.01 
401 486 12.01 
401 488 14.01 
401 495 24.009999999999998 
463 72 6.01 
463 95 6.01 
463 149 11.01 
463 246 6.01 
463 330 9.01 
463 361 10.01 
463 383 12.01 
463 478 8.01 
463 482 9.01 
463 498 41.01 
463 499 62.01 
17 92 6.01 
17 147 5.01 
17 248 5.01 
17 264 11.01 
17 304 7.01 
17 315 4.01 
17 404 3.01 
17 465 4.01 
17 472 4.01 
17 473 10.01 
17 494 10.01 
17 499 28.009999999999998 
92 111 2.01 
92 208 6.01 
92 223 6.01 
92 386 4.01 
92 406 4.01 
92 425 4.01 
92 429 7.01 
92 432 5.01 
92 482 11.01 
92 485 10.01 
92 497 27.009999999999998 
92 498 31.009999999999998 
147 49 5.01 
147 52 5.01 
147 94 1.01 
147 152 3.01 
147 230 4.01 
147 246 6.01 
147 254 4.01 
147 309 2.01 
147 366 8.01 
147 390 7.01 
147 485 12.01 
147 490 12.01 
248 56 4.01 
248 149 4.01 
248 218 4.01 
248 219 7.01 
248 227 2.01 
248 276 2.01 
248 390 3.01 
248 446 6.01 
248 450 14.01 
248 478 7.01 
248 494 23.009999999999998 
248 499 42.01 
304 173 2.01 
304 198 6.01 
304 266 3.01 
304 273 6.01 
304 375 7.01 
304 404 6.01 
304 407 5.01 
304 410 9.01 
304 460 8.01 
304 462 6.01 
304 488 8.01 
304 496 21.009999999999998 
315 130 2.01 
315 199 14.01 
315 312 9.01 
315 322 7.01 
315 324 8.01 
315 367 3.01 
315 425 7.01 
315 445 2.01 
315 486 17.009999999999998 
315 487 9.01 
315 496 17.009999999999998 
315 498 26.009999999999998 
404 213 7.01 
404 234 7.01 
404 250 3.01 
404 268 6.01 
404 332 7.01 
404 374 8.01 
404 382 6.01 
404 451 9.01 
404 483 11.01 
404 487 12.01 
404 499 47.01 
465 12 6.01 
465 210 2.01 
465 256 9.01 
465 321 6.01 
465 385 13.01 
465 483 14.01 
465 487 9.01 
465 490 15.01 
465 494 14.01 
465 496 16.009999999999998 
465 499 50.01 
473 61 8.01 
473 93 8.01 
473 96 4.01 
473 116 13.01 
473 176 6.01 
473 208 12.01 
473 411 14.01 
473 428 10.01 
473 474 10.01 
473 480 9.01 
473 490 18.009999999999998 
18 105 4.01 
18 115 4.01 
18 120 8.01 
18 220 4.01 
18 231 5.01 
18 238 8.01 
18 443 5.01 
18 459 9.01 
18 474 4.01 
18 482 6.01 
18 485 18.009999999999998 
18 492 17.009999999999998 
105 130 4.01 
105 174 4.01 
105 232 5.01 
105 310 7.01 
105 392 4.01 
105 436 11.01 
105 465 7.01 
105 469 7.01 
105 486 11.01 
105 494 13.01 
105 496 17.009999999999998 
105 497 21.009999999999998 
115 9 4.01 
115 33 1.01 
115 126 6.01 
115 141 5.01 
115 295 2.01 
115 317 1.01 
115 352 5.01 
115 400 7.01 
115 475 8.01 
115 478 9.01 
115 493 21.009999999999998 
115 499 34.01 
120 45 4.01 
120 311 5.01 
120 332 4.01 
120 372 6.01 
120 404 5.01 
120 454 6.01 
120 480 8.01 
120 481 9.01 
120 487 11.01 
120 492 11.01 
120 496 20.009999999999998 
120 497 22.009999999999998 
220 182 2.01 
220 271 4.01 
220 289 7.01 
220 296 8.01 
220 341 3.01 
220 441 4.01 
220 488 17.009999999999998 
220 489 14.01 
220 491 12.01 
220 496 25.009999999999998 
220 497 27.009999999999998 
220 498 23.009999999999998 
231 72 3.01 
231 303 3.01 
231 310 2.01 
231 355 11.01 
231 381 5.01 
231 391 10.01 
231 400 3.01 
231 415 9.01 
231 464 5.01 
231 468 7.01 
231 477 13.01 
231 489 18.009999999999998 
238 77 8.01 
238 270 6.01 
238 401 5.01 
238 407 7.01 
238 418 7.01 
238 422 6.01 
238 454 8.01 
238 455 7.01 
238 459 7.01 
238 464 8.01 
238 485 13.01 
238 496 16.009999999999998 
19 50 6.01 
19 110 4.01 
19 139 4.01 
19 178 4.01 
19 198 3.01 
19 217 3.01 
19 369 2.01 
19 452 3.01 
19 481 8.01 
19 484 11.01 
19 486 16.009999999999998 
19 499 36.01 
50 160 8.01 
50 207 4.01 
50 214 4.01 
50 347 7.01 
50 352 4.01 
50 448 9.01 
50 459 6.01 
50 461 6.01 
50 470 9.01 
50 495 18.009999999999998 
50 497 21.009999999999998 
50 498 28.009999999999998 
110 136 3.01 
110 216 6.01 
110 242 2.01 
110 245 0.01 
110 407 8.01 
110 423 11.01 
110 425 5.01 
110 479 10.01 
110 488 13.01 
110 491 8.01 
110 494 15.01 
110 496 26.009999999999998 
139 73 5.01 
139 111 10.01 
139 128 2.01 
139 132 5.01 
139 253 3.01 
139 337 1.01 
139 373 5.01 
139 414 6.01 
139 444 4.01 
139 471 8.01 
139 480 7.01 
139 497 22.009999999999998 
178 286 8.01 
178 293 5.01 
178 370 6.01 
178 417 9.01 
178 447 4.01 
178 452 9.01 
178 453 4.01 
178 461 6.01 
178 483 12.01 
178 484 9.01 
178 490 7.01 
178 496 26.009999999999998 
198 3 4.01 
198 73 7.01 
198 132 4.01 
198 213 4.01 
198 325 4.01 
198 397 5.01 
198 421 2.01 
198 443 5.01 
198 459 5.01 
198 495 17.009999999999998 
198 497 22.009999999999998 
198 499 32.01 
217 68 8.01 
217 214 8.01 
217 291 6.01 
217 337 4.01 
217 388 9.01 
217 460 9.01 
217 468 8.01 
217 474 6.01 
217 476 11.01 
217 480 10.01 
217 488 16.009999999999998 
217 499 31.009999999999998 
369 76 10.01 
369 297 5.01 
369 305 6.01 
369 312 5.01 
369 316 3.01 
369 361 4.01 
369 409 7.01 
369 411 8.01 
369 461 15.01 
369 494 14.01 
369 497 19.009999999999998 
481 18 9.01 
481 180 5.01 
481 334 11.01 
481 354 10.01 
481 391 16.009999999999998 
481 468 16.009999999999998 
481 470 9.01 
481 480 14.01 
481 487 21.009999999999998 
481 493 22.009999999999998 
481 499 36.01 
20 124 5.01 
20 263 3.01 
20 266 4.01 
20 289 9.01 
20 343 5.01 
20 376 3.01 
20 402 7.01 
20 436 8.01 
20 453 3.01 
20 465 11.01 
20 496 10.01 
20 497 21.009999999999998 
124 24 5.01 
124 219 2.01 
124 329 6.01 
124 376 11.01 
124 432 1.01 
124 472 9.01 
124 473 10.01 
124 481 6.01 
124 492 16.009999999999998 
124 493 16.009999999999998 
124 494 12.01 
124 498 25.009999999999998 
263 14 6.01 
263 37 4.01 
263 235 4.01 
263 244 3.01 
263 248 5.01 
263 347 8.01 
263 434 5.01 
263 449 9.01 
263 473 1.01 
263 477 4.01 
263 489 9.01 
263 497 33.01 
266 28 2.01 
266 150 3.01 
266 248 7.01 
266 251 7.01 
266 314 1.01 
266 332 3.01 
266 365 4.01 
266 375 10.01 
266 382 5.01 
266 490 17.009999999999998 
266 492 16.009999999999998 
266 499 28.009999999999998 
289 45 4.01 
289 55 6.01 
289 129 6.01 
289 162 4.01 
289 254 4.01 
289 257 7.01 
289 312 5.01 
289 346 3.01 
289 422 3.01 
289 465 8.01 
289 470 7.01 
289 496 26.009999999999998 
343 113 7.01 
343 138 7.01 
343 179 3.01 
343 202 5.01 
343 388 3.01 
343 391 2.01 
343 472 2.01 
343 475 5.01 
343 480 9.01 
343 488 7.01 
343 497 24.009999999999998 
343 499 37.01 
402 155 8.01 
402 179 5.01 
402 217 9.01 
402 294 5.01 
402 379 1.01 
402 465 6.01 
402 480 12.01 
402 483 11.01 
402 488 16.009999999999998 
402 496 15.01 
402 499 35.01 
453 65 6.01 
453 105 2.01 
453 127 2.01 
453 129 9.01 
453 165 6.01 
453 186 6.01 
453 245 7.01 
453 289 11.01 
453 321 9.01 
453 393 6.01 
453 463 12.01 
21 82 2.01 
21 115 3.01 
21 219 9.01 
21 278 4.01 
21 373 5.01 
21 406 6.01 
21 410 5.01 
21 468 11.01 
21 471 9.01 
21 481 7.01 
21 494 10.01 
21 495 13.01 
219 39 3.01 
219 154 5.01 
219 304 8.01 
219 370 4.01 
219 396 5.01 
219 399 1.01 
219 403 5.01 
219 469 6.01 
219 480 13.01 
219 490 14.01 
219 492 20.009999999999998 
219 494 16.009999999999998 
278 39 5.01 
278 66 7.01 
278 267 2.01 
278 281 12.01 
278 325 7.01 
278 408 7.01 
278 454 9.01 
278 460 5.01 
278 473 8.01 
278 481 10.01 
278 484 14.01 
278 499 30.009999999999998 
373 236 5.01 
373 323 8.01 
373 329 7.01 
373 421 7.01 
373 437 13.01 
373 454 7.01 
373 468 8.01 
373 471 5.01 
373 485 8.01 
373 492 18.009999999999998 
373 494 18.009999999999998 
406 211 4.01 
406 330 3.01 
406 340 2.01 
406 346 9.01 
406 358 2.01 
406 365 6.01 
406 443 6.01 
406 465 2.01 
406 479 11.01 
406 485 8.01 
406 498 26.009999999999998 
410 155 8.01 
410 206 4.01 
410 219 5.01 
410 266 10.01 
410 284 16.009999999999998 
410 285 4.01 
410 360 6.01 
410 393 8.01 
410 482 12.01 
410 491 18.009999999999998 
410 499 30.009999999999998 
22 20 2.01 
22 239 8.01 
22 267 5.01 
22 329 4.01 
22 335 1.01 
22 338 8.01 
22 373 10.01 
22 483 11.01 
22 494 10.01 
22 496 22.009999999999998 
22 497 23.009999999999998 
22 498 31.009999999999998 
239 1 1.01 
239 60 4.01 
239 215 4.01 
239 293 3.01 
239 309 7.01 
239 343 6.01 
239 390 7.01 
239 421 6.01 
239 438 2.01 
239 493 16.009999999999998 
239 495 15.01 
239 499 26.009999999999998 
267 141 4.01 
267 308 6.01 
267 350 6.01 
267 394 6.01 
267 400 8.01 
267 411 10.01 
267 429 8.01 
267 456 7.01 
267 457 13.01 
267 471 10.01 
267 482 12.01 
267 496 19.009999999999998 
329 46 7.01 
329 114 2.01 
329 151 4.01 
329 248 5.01 
329 353 4.01 
329 407 4.01 
329 447 10.01 
329 481 8.01 
329 483 15.01 
329 490 12.01 
329 496 22.009999999999998 
329 499 25.009999999999998 
335 16 3.01 
335 83 6.01 
335 135 3.01 
335 136 14.01 
335 233 4.01 
335 262 7.01 
335 329 5.01 
335 379 10.01 
335 436 9.01 
335 443 6.01 
335 472 9.01 
335 499 39.01 
338 33 1.01 
338 256 6.01 
338 312 2.01 
338 335 5.01 
338 379 4.01 
338 416 5.01 
338 424 8.01 
338 472 3.01 
338 473 12.01 
338 491 15.01 
338 498 21.009999999999998 
338 499 32.01 
23 8 3.01 
23 97 4.01 
23 313 4.01 
23 336 6.01 
23 404 5.01 
23 438 5.01 
23 450 6.01 
23 454 11.01 
23 484 11.01 
23 488 12.01 
23 492 11.01 
23 499 28.009999999999998 
97 18 6.01 
97 168 4.01 
97 191 2.01 
97 333 1.01 
97 466 7.01 
97 483 10.01 
97 485 12.01 
97 487 19.009999999999998 
97 491 3.01 
97 493 11.01 
97 495 15.01 
97 496 19.009999999999998 
313 22 5.01 
313 83 3.01 
313 402 8.01 
313 419 8.01 
313 446 7.01 
313 481 6.01 
313 483 10.01 
313 494 17.009999999999998 
313 495 14.01 
313 496 16.009999999999998 
313 497 20.009999999999998 
313 498 25.009999999999998 
336 27 8.01 
336 31 7.01 
336 48 2.01 
336 164 2.01 
336 232 7.01 
336 265 1.01 
336 267 4.01 
336 280 8.01 
336 339 6.01 
336 487 15.01 
336 491 6.01 
336 496 26.009999999999998 
24 77 4.01 
24 245 8.01 
24 362 3.01 
24 371 6.01 
24 381 9.01 
24 432 8.01 
24 453 8.01 
24 480 11.01 
24 492 16.009999999999998 
24 495 23.009999999999998 
24 497 26.009999999999998 
24 499 40.01 
77 16 7.01 
77 65 3.01 
77 78 5.01 
77 97 3.01 
77 195 7.01 
77 412 2.01 
77 483 11.01 
77 490 16.009999999999998 
77 496 18.009999999999998 
77 497 23.009999999999998 
77 498 23.009999999999998 
77 499 28.009999999999998 
245 28 7.01 
245 110 3.01 
245 252 5.01 
245 431 6.01 
245 434 6.01 
245 448 6.01 
245 449 5.01 
245 481 15.01 
245 483 15.01 
245 487 12.01 
245 488 18.009999999999998 
245 494 14.01 
362 58 6.01 
362 109 6.01 
362 126 6.01 
362 166 6.01 
362 388 4.01 
362 428 7.01 
362 449 8.01 
362 476 18.009999999999998 
362 477 15.01 
362 489 11.01 
362 498 28.009999999999998 
371 10 4.01 
371 99 3.01 
371 159 13.01 
371 238 2.01 
371 258 9.01 
371 397 9.01 
371 410 5.01 
371 489 13.01 
371 495 15.01 
371 498 22.009999999999998 
371 499 50.01 
432 90 9.01 
432 176 5.01 
432 199 3.01 
432 342 7.01 
432 401 12.01 
432 412 10.01 
432 436 6.01 
432 443 8.01 
432 472 12.01 
432 492 19.009999999999998 
432 495 24.009999999999998 
25 140 6.01 
25 220 4.01 
25 261 6.01 
25 370 5.01 
25 374 7.01 
25 384 3.01 
25 415 2.01 
25 433 7.01 
25 444 7.01 
25 485 11.01 
25 486 15.01 
25 494 21.009999999999998 
140 63 5.01 
140 137 3.01 
140 182 4.01 
140 228 6.01 
140 251 10.01 
140 278 4.01 
140 287 4.01 
140 297 3.01 
140 395 9.01 
140 396 6.01 
140 464 6.01 
140 495 14.01 
261 13 4.01 
261 135 3.01 
261 224 5.01 
261 286 3.01 
261 321 6.01 
261 357 6.01 
261 362 4.01 
261 427 5.01 
261 440 7.01 
261 489 15.01 
261 497 21.009999999999998 
261 498 23.009999999999998 
370 15 6.01 
370 322 7.01 
370 345 3.01 
370 401 2.01 
370 412 2.01 
370 433 8.01 
370 435 5.01 
370 473 9.01 
370 474 13.01 
370 491 19.009999999999998 
370 492 14.01 
374 179 5.01 
374 289 6.01 
374 349 7.01 
374 370 8.01 
374 444 11.01 
374 454 12.01 
374 485 18.009999999999998 
374 486 17.009999999999998 
374 487 15.01 
374 496 27.009999999999998 
374 499 29.009999999999998 
384 94 4.01 
384 125 3.01 
384 199 2.01 
384 211 5.01 
384 336 4.01 
384 337 6.01 
384 388 4.01 
384 391 5.01 
384 488 19.009999999999998 
384 497 19.009999999999998 
384 498 37.01 
415 143 5.01 
415 199 6.01 
415 256 13.01 
415 275 3.01 
415 315 8.01 
415 331 9.01 
415 471 9.01 
415 474 4.01 
415 489 12.01 
415 497 25.009999999999998 
415 499 23.009999999999998 
433 150 6.01 
433 251 6.01 
433 262 8.01 
433 395 12.01 
433 427 10.01 
433 435 10.01 
433 463 8.01 
433 465 10.01 
433 479 10.01 
433 486 15.01 
433 491 13.01 
26 9 5.01 
26 225 5.01 
26 230 6.01 
26 243 4.01 
26 251 2.01 
26 294 8.01 
26 425 8.01 
26 435 7.01 
26 438 4.01 
26 449 6.01 
26 478 9.01 
26 494 16.009999999999998 
230 14 4.01 
230 159 5.01 
230 371 4.01 
230 419 8.01 
230 422 9.01 
230 440 8.01 
230 471 10.01 
230 484 12.01 
230 485 12.01 
230 492 23.009999999999998 
230 498 34.01 
230 499 28.009999999999998 
243 10 5.01 
243 19 7.01 
243 122 3.01 
243 171 1.01 
243 354 6.01 
243 392 7.01 
243 424 4.01 
243 447 7.01 
243 452 7.01 
243 466 3.01 
243 470 12.01 
243 499 47.01 
251 89 4.01 
251 127 6.01 
251 188 10.01 
251 196 4.01 
251 200 4.01 
251 240 3.01 
251 241 1.01 
251 282 10.01 
251 296 5.01 
251 340 5.01 
251 394 5.01 
251 498 24.009999999999998 
294 283 8.01 
294 377 3.01 
294 399 10.01 
294 409 6.01 
294 412 13.01 
294 435 7.01 
294 440 9.01 
294 458 11.01 
294 465 5.01 
294 468 13.01 
294 498 20.009999999999998 
294 499 43.01 
449 14 3.01 
449 128 3.01 
449 145 6.01 
449 314 4.01 
449 320 13.01 
449 467 7.01 
449 470 11.01 
449 474 12.01 
449 476 18.009999999999998 
449 497 20.009999999999998 
449 498 29.009999999999998 
27 147 4.01 
27 163 0.01 
27 188 6.01 
27 273 4.01 
27 373 8.01 
27 468 10.01 
27 477 10.01 
27 480 7.01 
27 491 11.01 
27 496 14.01 
27 497 17.009999999999998 
27 499 42.01 
163 91 4.01 
163 128 3.01 
163 187 4.01 
163 313 3.01 
163 327 5.01 
163 393 3.01 
163 430 1.01 
163 447 9.01 
163 454 7.01 
163 473 7.01 
163 479 5.01 
163 496 22.009999999999998 
188 175 3.01 
188 192 3.01 
188 203 7.01 
188 221 8.01 
188 240 5.01 
188 253 4.01 
188 318 10.01 
188 381 6.01 
188 443 6.01 
188 484 14.01 
188 497 18.009999999999998 
188 498 36.01 
273 23 6.01 
273 53 1.01 
273 60 0.01 
273 88 6.01 
273 99 8.01 
273 207 7.01 
273 225 8.01 
273 407 10.01 
273 444 9.01 
273 484 7.01 
273 493 23.009999999999998 
273 494 15.01 
28 1 2.01 
28 15 3.01 
28 108 12.01 
28 207 3.01 
28 340 8.01 
28 380 13.01 
28 403 1.01 
28 447 6.01 
28 475 8.01 
28 488 11.01 
28 492 12.01 
28 497 19.009999999999998 
108 1 5.01 
108 67 3.01 
108 207 1.01 
108 273 6.01 
108 396 3.01 
108 417 3.01 
108 426 8.01 
108 454 3.01 
108 455 4.01 
108 478 15.01 
108 481 6.01 
108 497 18.009999999999998 
207 75 4.01 
207 145 5.01 
207 231 7.01 
207 295 5.01 
207 430 7.01 
207 457 5.01 
207 466 3.01 
207 476 14.01 
207 484 12.01 
207 487 7.01 
207 493 19.009999999999998 
207 496 11.01 
403 131 4.01 
403 227 5.01 
403 258 4.01 
403 266 10.01 
403 329 9.01 
403 341 6.01 
403 428 5.01 
403 490 13.01 
403 492 20.009999999999998 
403 497 32.01 
403 498 26.009999999999998 
447 18 14.01 
447 138 6.01 
447 162 5.01 
447 164 9.01 
447 291 8.01 
447 469 7.01 
447 480 10.01 
447 495 20.009999999999998 
447 497 28.009999999999998 
447 498 22.009999999999998 
447 499 27.009999999999998 
29 44 1.01 
29 156 5.01 
29 194 11.01 
29 276 4.01 
29 300 7.01 
29 316 2.01 
29 320 4.01 
29 375 2.01 
29 464 8.01 
29 471 11.01 
29 488 13.01 
29 489 19.009999999999998 
44 69 7.01 
44 91 6.01 
44 134 5.01 
44 186 4.01 
44 310 11.01 
44 331 6.01 
44 343 1.01 
44 376 4.01 
44 382 5.01 
44 480 7.01 
44 481 13.01 
44 499 31.009999999999998 
156 29 6.01 
156 170 3.01 
156 193 5.01 
156 290 8.01 
156 305 6.01 
156 320 6.01 
156 326 7.01 
156 360 7.01 
156 367 11.01 
156 406 4.01 
156 459 5.01 
156 476 6.01 
194 256 5.01 
194 380 6.01 
194 383 5.01 
194 407 4.01 
194 446 10.01 
194 463 12.01 
194 481 16.009999999999998 
194 483 11.01 
194 486 12.01 
194 488 14.01 
194 492 17.009999999999998 
194 499 33.01 
276 183 3.01 
276 197 5.01 
276 203 4.01 
276 245 8.01 
276 319 2.01 
276 394 10.01 
276 402 6.01 
276 419 4.01 
276 461 3.01 
276 483 7.01 
276 490 11.01 
276 494 13.01 
300 64 4.01 
300 185 6.01 
300 306 4.01 
300 403 1.01 
300 425 5.01 
300 481 6.01 
300 490 14.01 
300 492 12.01 
300 494 17.009999999999998 
300 496 22.009999999999998 
300 498 17.009999999999998 
300 499 49.01 
316 60 4.01 
316 106 4.01 
316 276 5.01 
316 325 4.01 
316 345 7.01 
316 406 5.01 
316 460 7.01 
316 475 14.01 
316 487 17.009999999999998 
316 488 15.01 
316 490 12.01 
316 491 17.009999999999998 
320 120 3.01 
320 132 9.01 
320 145 7.01 
320 385 5.01 
320 403 10.01 
320 419 4.01 
320 429 10.01 
320 441 7.01 
320 466 13.01 
320 495 21.009999999999998 
320 497 17.009999999999998 
320 499 34.01 
375 102 6.01 
375 220 1.01 
375 293 6.01 
375 307 8.01 
375 317 3.01 
375 431 6.01 
375 458 7.01 
375 477 7.01 
375 486 17.009999999999998 
375 491 14.01 
375 493 13.01 
30 187 11.01 
30 229 3.01 
30 311 3.01 
30 339 9.01 
30 362 0.01 
30 393 4.01 
30 443 8.01 
30 445 7.01 
30 492 20.009999999999998 
30 493 19.009999999999998 
30 495 11.01 
30 499 27.009999999999998 
187 14 5.01 
187 25 4.01 
187 49 6.01 
187 281 2.01 
187 395 13.01 
187 411 10.01 
187 441 6.01 
187 467 6.01 
187 479 16.009999999999998 
187 484 8.01 
187 497 18.009999999999998 
187 498 29.009999999999998 
229 36 4.01 
229 228 5.01 
229 264 7.01 
229 371 8.01 
229 440 6.01 
229 447 7.01 
229 485 8.01 
229 488 13.01 
229 489 9.01 
229 492 13.01 
229 494 10.01 
229 495 19.009999999999998 
311 79 8.01 
311 224 4.01 
311 231 6.01 
311 330 6.01 
311 419 5.01 
311 420 5.01 
311 430 7.01 
311 431 11.01 
311 481 6.01 
311 484 10.01 
311 495 14.01 
311 499 52.01 
339 21 4.01 
339 137 6.01 
339 178 9.01 
339 191 5.01 
339 288 4.01 
339 310 9.01 
339 382 6.01 
339 408 4.01 
339 447 9.01 
339 459 8.01 
339 495 22.009999999999998 
339 498 30.009999999999998 
393 6 7.01 
393 37 6.01 
393 78 5.01 
393 126 11.01 
393 272 7.01 
393 308 4.01 
393 341 4.01 
393 356 9.01 
393 362 4.01 
393 414 7.01 
393 490 16.009999999999998 
31 195 7.01 
31 275 4.01 
31 280 7.01 
31 364 3.01 
31 385 6.01 
31 402 9.01 
31 405 11.01 
31 445 6.01 
31 456 8.01 
31 466 6.01 
31 496 24.009999999999998 
31 499 31.009999999999998 
195 55 4.01 
195 81 7.01 
195 263 5.01 
195 317 7.01 
195 449 6.01 
195 455 7.01 
195 457 6.01 
195 465 6.01 
195 495 22.009999999999998 
195 496 13.01 
195 497 20.009999999999998 
195 499 27.009999999999998 
275 123 12.01 
275 137 3.01 
275 378 3.01 
275 390 6.01 
275 396 11.01 
275 397 4.01 
275 457 5.01 
275 466 8.01 
275 469 10.01 
275 477 8.01 
275 479 8.01 
275 495 18.009999999999998 
364 38 3.01 
364 143 4.01 
364 258 3.01 
364 378 10.01 
364 412 6.01 
364 440 5.01 
364 457 6.01 
364 475 8.01 
364 483 12.01 
364 491 20.009999999999998 
364 496 25.009999999999998 
466 15 8.01 
466 27 6.01 
466 49 7.01 
466 88 10.01 
466 189 5.01 
466 203 8.01 
466 314 11.01 
466 419 14.01 
466 442 10.01 
466 450 10.01 
466 482 11.01 
32 74 5.01 
32 98 5.01 
32 289 7.01 
32 326 8.01 
32 334 4.01 
32 401 4.01 
32 457 6.01 
32 475 9.01 
32 487 12.01 
32 489 14.01 
32 491 9.01 
32 499 36.01 
74 7 2.01 
74 393 7.01 
74 394 3.01 
74 406 6.01 
74 428 6.01 
74 436 9.01 
74 437 4.01 
74 448 7.01 
74 464 4.01 
74 482 13.01 
74 497 22.009999999999998 
74 498 31.009999999999998 
98 3 4.01 
98 22 0.01 
98 71 2.01 
98 276 4.01 
98 336 5.01 
98 358 7.01 
98 398 7.01 
98 457 9.01 
98 469 9.01 
98 491 11.01 
98 494 12.01 
98 496 25.009999999999998 
326 25 7.01 
326 71 5.01 
326 114 2.01 
326 155 3.01 
326 261 3.01 
326 300 7.01 
326 313 3.01 
326 335 4.01 
326 408 4.01 
326 458 2.01 
326 486 18.009999999999998 
326 489 12.01 
334 174 5.01 
334 180 11.01 
334 342 9.01 
334 359 3.01 
334 362 9.01 
334 387 8.01 
334 395 9.01 
334 397 9.01 
334 448 8.01 
334 457 5.01 
334 489 10.01 
334 498 22.009999999999998 
33 51 2.01 
33 81 7.01 
33 242 5.01 
33 244 1.01 
33 283 3.01 
33 439 7.01 
33 451 11.01 
33 458 7.01 
33 461 9.01 
33 492 12.01 
33 496 17.009999999999998 
33 499 30.009999999999998 
51 152 9.01 
51 301 6.01 
51 324 3.01 
51 386 5.01 
51 424 4.01 
51 447 10.01 
51 460 8.01 
51 468 7.01 
51 472 4.01 
51 479 6.01 
51 493 19.009999999999998 
51 499 27.009999999999998 
81 35 2.01 
81 75 6.01 
81 161 3.01 
81 231 3.01 
81 236 7.01 
81 398 3.01 
81 401 7.01 
81 403 4.01 
81 489 12.01 
81 493 19.009999999999998 
81 496 18.009999999999998 
81 499 33.01 
242 12 5.01 
242 70 3.01 
242 275 3.01 
242 286 5.01 
242 415 7.01 
242 437 11.01 
242 438 9.01 
242 456 4.01 
242 461 6.01 
242 476 7.01 
242 495 13.01 
242 499 36.01 
244 30 3.01 
244 223 6.01 
244 326 4.01 
244 338 4.01 
244 420 7.01 
244 442 7.01 
244 453 4.01 
244 456 3.01 
244 475 8.01 
244 480 9.01 
244 496 26.009999999999998 
244 499 41.01 
283 170 2.01 
283 197 4.01 
283 299 4.01 
283 346 7.01 
283 377 9.01 
283 402 8.01 
283 405 12.01 
283 406 2.01 
283 435 12.01 
283 468 13.01 
283 488 10.01 
283 498 25.009999999999998 
197 112 7.01 
197 236 4.01 
197 250 7.01 
197 265 5.01 
197 300 5.01 
197 306 2.01 
197 445 8.01 
197 477 5.01 
197 488 13.01 
197 496 24.009999999999998 
197 497 15.01 
197 498 27.009999999999998 
201 28 3.01 
201 79 5.01 
201 140 8.01 
201 289 4.01 
201 320 5.01 
201 422 1.01 
201 440 3.01 
201 442 4.01 
201 455 6.01 
201 484 15.01 
201 485 13.01 
201 494 10.01 
204 121 6.01 
204 138 4.01 
204 140 5.01 
204 212 7.01 
204 290 3.01 
204 315 2.01 
204 401 9.01 
204 408 10.01 
204 416 10.01 
204 442 4.01 
204 490 11.01 
204 491 13.01 
233 244 7.01 
233 271 2.01 
233 302 4.01 
233 388 7.01 
233 411 10.01 
233 456 7.01 
233 473 7.01 
233 488 7.01 
233 490 15.01 
233 492 11.01 
233 496 26.009999999999998 
233 498 36.01 
352 36 8.01 
352 46 4.01 
352 84 7.01 
352 191 4.01 
352 212 5.01 
352 221 5.01 
352 272 4.01 
352 351 6.01 
352 361 2.01 
352 433 9.01 
352 478 9.01 
352 490 16.009999999999998 
35 32 2.01 
35 40 3.01 
35 59 5.01 
35 82 7.01 
35 87 5.01 
35 302 2.01 
35 330 6.01 
35 348 3.01 
35 476 7.01 
35 489 12.01 
35 491 17.009999999999998 
35 499 45.01 
40 50 8.01 
40 288 6.01 
40 408 8.01 
40 416 8.01 
40 432 4.01 
40 437 7.01 
40 458 2.01 
40 473 9.01 
40 478 8.01 
40 482 7.01 
40 494 10.01 
40 499 43.01 
87 7 8.01 
87 146 4.01 
87 291 3.01 
87 299 6.01 
87 405 3.01 
87 434 6.01 
87 469 7.01 
87 478 9.01 
87 484 10.01 
87 490 11.01 
87 492 16.009999999999998 
87 499 34.01 
330 98 6.01 
330 106 6.01 
330 177 7.01 
330 227 5.01 
330 318 10.01 
330 338 9.01 
330 389 4.01 
330 416 6.01 
330 433 9.01 
330 436 7.01 
330 461 7.01 
330 499 40.01 
308 52 5.01 
308 66 7.01 
308 216 9.01 
308 237 8.01 
308 408 4.01 
308 432 7.01 
308 447 7.01 
308 453 7.01 
308 467 11.01 
308 491 12.01 
308 492 12.01 
308 495 12.01 
367 153 4.01 
367 169 1.01 
367 278 2.01 
367 284 8.01 
367 334 8.01 
367 360 5.01 
367 413 5.01 
367 443 7.01 
367 482 13.01 
367 486 14.01 
367 499 37.01 
409 136 4.01 
409 364 7.01 
409 390 3.01 
409 414 5.01 
409 416 12.01 
409 426 6.01 
409 458 7.01 
409 462 7.01 
409 469 11.01 
409 472 11.01 
409 484 15.01 
418 41 7.01 
418 147 3.01 
418 253 4.01 
418 301 6.01 
418 344 5.01 
418 345 10.01 
418 423 8.01 
418 431 9.01 
418 435 10.01 
418 484 13.01 
418 498 24.009999999999998 
37 35 3.01 
37 98 3.01 
37 105 5.01 
37 211 4.01 
37 327 4.01 
37 437 8.01 
37 458 7.01 
37 462 6.01 
37 466 6.01 
37 492 20.009999999999998 
37 495 22.009999999999998 
37 496 23.009999999999998 
211 80 8.01 
211 214 5.01 
211 270 7.01 
211 320 2.01 
211 324 3.01 
211 423 5.01 
211 461 7.01 
211 466 7.01 
211 470 9.01 
211 486 10.01 
211 487 17.009999999999998 
211 498 25.009999999999998 
327 83 3.01 
327 157 4.01 
327 167 8.01 
327 229 5.01 
327 240 7.01 
327 292 7.01 
327 313 12.01 
327 336 6.01 
327 396 10.01 
327 488 20.009999999999998 
327 496 28.009999999999998 
327 498 40.01 
462 46 7.01 
462 63 11.01 
462 129 6.01 
462 168 4.01 
462 223 15.01 
462 340 5.01 
462 365 10.01 
462 434 7.01 
462 475 9.01 
462 492 18.009999999999998 
462 496 17.009999999999998 
38 32 8.01 
38 63 3.01 
38 163 3.01 
38 213 7.01 
38 305 4.01 
38 457 7.01 
38 462 9.01 
38 481 12.01 
38 483 12.01 
38 491 12.01 
38 496 18.009999999999998 
38 497 24.009999999999998 
63 238 5.01 
63 273 5.01 
63 311 5.01 
63 369 3.01 
63 373 7.01 
63 383 8.01 
63 406 3.01 
63 418 4.01 
63 448 5.01 
63 475 8.01 
63 487 15.01 
63 499 30.009999999999998 
213 31 6.01 
213 221 5.01 
213 377 7.01 
213 437 5.01 
213 441 5.01 
213 444 7.01 
213 456 3.01 
213 457 8.01 
213 471 9.01 
213 480 3.01 
213 496 20.009999999999998 
213 499 37.01 
305 34 5.01 
305 87 1.01 
305 136 4.01 
305 175 2.01 
305 218 2.01 
305 234 3.01 
305 279 8.01 
305 335 10.01 
305 336 10.01 
305 372 6.01 
305 451 10.01 
305 496 19.009999999999998 
39 273 1.01 
39 278 3.01 
39 302 4.01 
39 353 6.01 
39 376 5.01 
39 406 6.01 
39 421 4.01 
39 485 13.01 
39 492 11.01 
39 493 19.009999999999998 
39 497 20.009999999999998 
39 498 22.009999999999998 
353 175 10.01 
353 225 8.01 
353 251 4.01 
353 288 3.01 
353 303 4.01 
353 391 8.01 
353 393 5.01 
353 439 5.01 
353 469 4.01 
353 488 13.01 
353 496 10.01 
353 499 45.01 
288 47 4.01 
288 63 1.01 
288 212 5.01 
288 220 4.01 
288 222 5.01 
288 227 3.01 
288 330 4.01 
288 345 10.01 
288 398 6.01 
288 475 4.01 
288 493 15.01 
288 499 33.01 
408 136 6.01 
408 211 4.01 
408 284 4.01 
408 339 4.01 
408 371 5.01 
408 399 6.01 
408 400 5.01 
408 412 9.01 
408 477 12.01 
408 495 18.009999999999998 
408 499 35.01 
416 19 2.01 
416 21 4.01 
416 109 5.01 
416 113 6.01 
416 134 5.01 
416 275 5.01 
416 328 7.01 
416 352 3.01 
416 426 8.01 
416 439 2.01 
416 486 14.01 
41 47 3.01 
41 70 6.01 
41 118 3.01 
41 180 6.01 
41 378 5.01 
41 403 6.01 
41 489 10.01 
41 492 12.01 
41 495 17.009999999999998 
41 497 20.009999999999998 
41 498 34.01 
41 499 44.01 
47 186 3.01 
47 205 7.01 
47 270 5.01 
47 282 3.01 
47 287 5.01 
47 297 4.01 
47 318 5.01 
47 389 3.01 
47 418 4.01 
47 487 15.01 
47 498 30.009999999999998 
47 499 44.01 
70 102 4.01 
70 188 1.01 
70 218 5.01 
70 255 2.01 
70 308 7.01 
70 326 11.01 
70 350 5.01 
70 378 7.01 
70 440 7.01 
70 466 10.01 
70 484 9.01 
70 498 29.009999999999998 
118 85 6.01 
118 130 3.01 
118 133 4.01 
118 163 3.01 
118 258 4.01 
118 362 4.01 
118 365 6.01 
118 458 7.01 
118 487 7.01 
118 497 13.01 
118 498 31.009999999999998 
118 499 41.01 
180 42 4.01 
180 366 4.01 
180 384 10.01 
180 392 2.01 
180 460 10.01 
180 464 11.01 
180 474 8.01 
180 477 6.01 
180 481 10.01 
180 486 14.01 
180 487 16.009999999999998 
180 493 20.009999999999998 
378 9 3.01 
378 159 7.01 
378 307 4.01 
378 328 4.01 
378 342 6.01 
378 450 8.01 
378 459 13.01 
378 487 23.009999999999998 
378 491 20.009999999999998 
378 497 14.01 
378 498 23.009999999999998 
42 71 4.01 
42 246 3.01 
42 282 6.01 
42 307 6.01 
42 333 9.01 
42 338 5.01 
42 353 5.01 
42 357 4.01 
42 386 4.01 
42 424 12.01 
42 482 17.009999999999998 
42 496 25.009999999999998 
71 32 5.01 
71 48 5.01 
71 271 6.01 
71 290 3.01 
71 319 8.01 
71 366 3.01 
71 381 3.01 
71 453 7.01 
71 458 5.01 
71 467 2.01 
71 476 5.01 
71 493 16.009999999999998 
246 88 2.01 
246 167 6.01 
246 229 4.01 
246 387 4.01 
246 417 2.01 
246 458 3.01 
246 461 5.01 
246 474 9.01 
246 488 11.01 
246 489 7.01 
246 493 17.009999999999998 
246 497 18.009999999999998 
282 46 7.01 
282 162 2.01 
282 210 5.01 
282 348 6.01 
282 397 4.01 
282 415 10.01 
282 447 8.01 
282 475 9.01 
282 482 11.01 
282 491 16.009999999999998 
282 495 13.01 
282 498 36.01 
307 163 4.01 
307 300 5.01 
307 377 3.01 
307 379 6.01 
307 385 6.01 
307 399 6.01 
307 430 4.01 
307 441 9.01 
307 458 9.01 
307 473 9.01 
307 492 16.009999999999998 
307 497 28.009999999999998 
333 117 3.01 
333 119 1.01 
333 296 8.01 
333 304 6.01 
333 369 6.01 
333 424 7.01 
333 437 9.01 
333 477 9.01 
333 478 7.01 
333 495 21.009999999999998 
333 497 20.009999999999998 
333 498 21.009999999999998 
357 152 10.01 
357 238 4.01 
357 347 8.01 
357 351 12.01 
357 365 6.01 
357 382 8.01 
357 391 7.01 
357 455 4.01 
357 468 12.01 
357 476 20.009999999999998 
357 498 29.009999999999998 
357 499 31.009999999999998 
386 6 9.01 
386 86 3.01 
386 108 6.01 
386 117 5.01 
386 126 3.01 
386 160 8.01 
386 206 6.01 
386 222 3.01 
386 433 8.01 
386 445 6.01 
386 480 10.01 
424 0 7.01 
424 30 4.01 
424 40 5.01 
424 81 4.01 
424 237 11.01 
424 300 3.01 
424 357 10.01 
424 449 9.01 
424 461 8.01 
424 497 29.009999999999998 
424 499 30.009999999999998 
43 45 4.01 
43 83 6.01 
43 89 2.01 
43 100 10.01 
43 117 2.01 
43 165 4.01 
43 204 6.01 
43 343 8.01 
43 418 5.01 
43 458 6.01 
43 472 7.01 
43 491 15.01 
45 31 6.01 
45 163 3.01 
45 237 5.01 
45 364 3.01 
45 413 10.01 
45 427 8.01 
45 460 5.01 
45 462 11.01 
45 466 9.01 
45 496 26.009999999999998 
45 498 17.009999999999998 
45 499 40.01 
83 7 3.01 
83 45 9.01 
83 133 2.01 
83 150 2.01 
83 334 5.01 
83 393 7.01 
83 407 4.01 
83 458 7.01 
83 480 5.01 
83 483 7.01 
83 490 14.01 
83 496 22.009999999999998 
89 115 5.01 
89 167 6.01 
89 230 7.01 
89 309 4.01 
89 319 6.01 
89 370 4.01 
89 427 5.01 
89 439 5.01 
89 453 10.01 
89 456 13.01 
89 489 7.01 
89 495 23.009999999999998 
100 61 3.01 
100 173 4.01 
100 194 5.01 
100 204 11.01 
100 227 4.01 
100 255 3.01 
100 361 3.01 
100 385 5.01 
100 440 4.01 
100 491 16.009999999999998 
100 498 27.009999999999998 
100 499 32.01 
117 267 9.01 
117 322 2.01 
117 346 2.01 
117 357 4.01 
117 364 7.01 
117 366 4.01 
117 391 3.01 
117 399 7.01 
117 427 7.01 
117 465 13.01 
117 486 18.009999999999998 
117 490 12.01 
165 183 4.01 
165 234 8.01 
165 242 5.01 
165 318 9.01 
165 375 8.01 
165 397 2.01 
165 461 4.01 
165 462 7.01 
165 475 7.01 
165 492 9.01 
165 498 22.009999999999998 
165 499 33.01 
69 41 4.01 
69 133 6.01 
69 175 4.01 
69 187 4.01 
69 255 9.01 
69 285 6.01 
69 405 5.01 
69 468 8.01 
69 479 5.01 
69 484 10.01 
69 498 29.009999999999998 
69 499 42.01 
91 68 3.01 
91 243 7.01 
91 270 7.01 
91 400 12.01 
91 444 7.01 
91 451 7.01 
91 452 5.01 
91 459 5.01 
91 476 14.01 
91 477 20.009999999999998 
91 492 17.009999999999998 
91 496 33.01 
134 9 6.01 
134 20 4.01 
134 140 1.01 
134 280 4.01 
134 287 4.01 
134 298 6.01 
134 328 4.01 
134 434 9.01 
134 466 8.01 
134 469 8.01 
134 485 15.01 
134 498 27.009999999999998 
186 24 1.01 
186 56 4.01 
186 156 5.01 
186 329 2.01 
186 443 6.01 
186 445 8.01 
186 447 7.01 
186 449 10.01 
186 471 8.01 
186 496 20.009999999999998 
186 497 19.009999999999998 
186 498 25.009999999999998 
310 91 8.01 
310 128 6.01 
310 210 5.01 
310 223 1.01 
310 306 6.01 
310 317 10.01 
310 336 4.01 
310 408 8.01 
310 460 3.01 
310 485 7.01 
310 491 13.01 
310 496 22.009999999999998 
331 100 3.01 
331 115 5.01 
331 221 2.01 
331 224 3.01 
331 234 5.01 
331 384 8.01 
331 400 6.01 
331 461 4.01 
331 474 11.01 
331 482 6.01 
331 497 28.009999999999998 
331 499 45.01 
382 84 1.01 
382 193 4.01 
382 233 4.01 
382 348 5.01 
382 406 8.01 
382 459 11.01 
382 467 8.01 
382 472 10.01 
382 487 9.01 
382 493 17.009999999999998 
382 499 37.01 
237 336 8.01 
237 416 6.01 
237 417 5.01 
237 436 6.01 
237 452 4.01 
237 483 9.01 
237 484 12.01 
237 489 8.01 
237 495 19.009999999999998 
237 496 22.009999999999998 
237 498 31.009999999999998 
237 499 41.01 
427 2 4.01 
427 303 4.01 
427 387 5.01 
427 389 5.01 
427 397 8.01 
427 443 5.01 
427 470 9.01 
427 473 5.01 
427 476 14.01 
427 497 23.009999999999998 
427 498 25.009999999999998 
46 140 7.01 
46 145 9.01 
46 240 6.01 
46 261 7.01 
46 384 5.01 
46 421 4.01 
46 467 12.01 
46 470 6.01 
46 491 15.01 
46 493 10.01 
46 496 19.009999999999998 
46 498 24.009999999999998 
145 85 7.01 
145 205 3.01 
145 302 3.01 
145 329 5.01 
145 357 10.01 
145 377 5.01 
145 405 4.01 
145 453 7.01 
145 466 8.01 
145 481 11.01 
145 495 17.009999999999998 
145 498 30.009999999999998 
240 252 3.01 
240 260 3.01 
240 333 4.01 
240 387 6.01 
240 406 4.01 
240 417 4.01 
240 469 4.01 
240 478 10.01 
240 479 11.01 
240 497 13.01 
240 498 42.01 
240 499 43.01 
467 16 6.01 
467 23 2.01 
467 94 8.01 
467 131 5.01 
467 245 6.01 
467 272 5.01 
467 306 7.01 
467 374 10.01 
467 452 5.01 
467 492 15.01 
467 499 46.01 
470 211 6.01 
470 294 7.01 
470 328 8.01 
470 396 10.01 
470 403 5.01 
470 405 8.01 
470 446 11.01 
470 448 12.01 
470 478 16.009999999999998 
470 496 19.009999999999998 
470 498 30.009999999999998 
205 144 6.01 
205 204 4.01 
205 268 6.01 
205 322 9.01 
205 410 5.01 
205 411 8.01 
205 445 7.01 
205 448 3.01 
205 470 7.01 
205 477 6.01 
205 497 25.009999999999998 
205 498 30.009999999999998 
287 106 3.01 
287 341 11.01 
287 404 1.01 
287 410 5.01 
287 442 7.01 
287 457 8.01 
287 462 13.01 
287 464 8.01 
287 474 7.01 
287 481 10.01 
287 492 22.009999999999998 
287 497 23.009999999999998 
297 21 2.01 
297 27 3.01 
297 104 4.01 
297 206 7.01 
297 290 4.01 
297 358 2.01 
297 359 6.01 
297 360 2.01 
297 429 8.01 
297 484 10.01 
297 487 13.01 
297 497 27.009999999999998 
318 12 10.01 
318 25 3.01 
318 208 3.01 
318 239 3.01 
318 262 0.01 
318 320 3.01 
318 412 5.01 
318 440 6.01 
318 490 14.01 
318 495 12.01 
318 498 31.009999999999998 
318 499 36.01 
389 78 3.01 
389 107 3.01 
389 232 6.01 
389 269 6.01 
389 333 6.01 
389 455 6.01 
389 479 4.01 
389 484 9.01 
389 496 18.009999999999998 
389 497 34.01 
389 498 33.01 
48 118 8.01 
48 282 5.01 
48 294 8.01 
48 399 8.01 
48 414 7.01 
48 449 5.01 
48 461 4.01 
48 479 7.01 
48 481 15.01 
48 486 9.01 
48 496 23.009999999999998 
48 498 25.009999999999998 
49 127 8.01 
49 261 3.01 
49 277 6.01 
49 292 4.01 
49 352 4.01 
49 384 10.01 
49 441 8.01 
49 471 10.01 
49 473 5.01 
49 490 6.01 
49 491 14.01 
49 495 15.01 
160 67 8.01 
160 88 10.01 
160 119 5.01 
160 247 1.01 
160 273 6.01 
160 327 5.01 
160 361 2.01 
160 444 8.01 
160 485 15.01 
160 491 18.009999999999998 
160 496 20.009999999999998 
160 499 37.01 
214 52 5.01 
214 134 5.01 
214 232 6.01 
214 313 1.01 
214 363 4.01 
214 398 4.01 
214 467 12.01 
214 481 8.01 
214 486 13.01 
214 490 10.01 
214 495 21.009999999999998 
214 498 29.009999999999998 
347 18 4.01 
347 39 5.01 
347 50 2.01 
347 205 5.01 
347 325 8.01 
347 363 4.01 
347 404 4.01 
347 470 7.01 
347 478 7.01 
347 482 12.01 
347 495 20.009999999999998 
347 498 30.009999999999998 
324 127 4.01 
324 149 7.01 
324 209 0.01 
324 285 8.01 
324 391 10.01 
324 422 6.01 
324 470 8.01 
324 479 6.01 
324 483 8.01 
324 485 9.01 
324 492 12.01 
324 497 19.009999999999998 
52 151 3.01 
52 207 5.01 
52 272 2.01 
52 324 2.01 
52 334 4.01 
52 385 2.01 
52 388 6.01 
52 459 7.01 
52 484 8.01 
52 485 8.01 
52 494 13.01 
52 496 21.009999999999998 
151 169 5.01 
151 171 8.01 
151 232 7.01 
151 266 7.01 
151 453 9.01 
151 455 10.01 
151 467 7.01 
151 475 9.01 
151 483 8.01 
151 490 13.01 
151 496 19.009999999999998 
151 499 38.01 
272 78 5.01 
272 148 2.01 
272 228 13.01 
272 308 7.01 
272 326 6.01 
272 332 2.01 
272 359 6.01 
272 368 7.01 
272 485 15.01 
272 489 6.01 
272 497 20.009999999999998 
272 498 41.01 
388 122 11.01 
388 141 5.01 
388 257 8.01 
388 289 10.01 
388 368 8.01 
388 407 10.01 
388 418 1.01 
388 463 10.01 
388 475 8.01 
388 492 20.009999999999998 
388 498 28.009999999999998 
53 255 1.01 
53 309 8.01 
53 318 3.01 
53 349 5.01 
53 374 5.01 
53 433 6.01 
53 454 10.01 
53 482 13.01 
53 487 13.01 
53 495 19.009999999999998 
53 496 11.01 
53 499 37.01 
309 1 8.01 
309 201 6.01 
309 264 5.01 
309 323 8.01 
309 356 5.01 
309 373 10.01 
309 469 9.01 
309 474 7.01 
309 475 8.01 
309 488 12.01 
309 489 11.01 
309 499 28.009999999999998 
54 73 2.01 
54 158 5.01 
54 238 5.01 
54 249 8.01 
54 328 5.01 
54 349 4.01 
54 416 7.01 
54 474 12.01 
54 491 15.01 
54 492 23.009999999999998 
54 493 19.009999999999998 
54 495 20.009999999999998 
73 23 6.01 
73 76 2.01 
73 83 4.01 
73 160 2.01 
73 165 4.01 
73 324 4.01 
73 374 8.01 
73 380 3.01 
73 412 5.01 
73 433 2.01 
73 493 16.009999999999998 
73 499 35.01 
158 106 5.01 
158 182 4.01 
158 209 4.01 
158 318 4.01 
158 375 5.01 
158 379 6.01 
158 391 7.01 
158 417 10.01 
158 450 3.01 
158 474 7.01 
158 492 12.01 
158 496 13.01 
249 192 1.01 
249 205 3.01 
249 208 6.01 
249 222 5.01 
249 230 5.01 
249 269 5.01 
249 311 3.01 
249 331 6.01 
249 392 6.01 
249 489 15.01 
249 495 17.009999999999998 
249 499 35.01 
328 82 7.01 
328 130 5.01 
328 230 8.01 
328 233 2.01 
328 276 7.01 
328 352 3.01 
328 353 2.01 
328 443 11.01 
328 477 13.01 
328 483 8.01 
328 486 10.01 
328 489 17.009999999999998 
55 20 5.01 
55 76 6.01 
55 172 6.01 
55 209 1.01 
55 281 6.01 
55 288 3.01 
55 316 4.01 
55 402 5.01 
55 440 3.01 
55 462 7.01 
55 496 25.009999999999998 
55 498 29.009999999999998 
76 79 2.01 
76 176 9.01 
76 196 4.01 
76 251 7.01 
76 264 6.01 
76 268 8.01 
76 366 4.01 
76 476 10.01 
76 489 6.01 
76 494 10.01 
76 496 22.009999999999998 
76 498 32.01 
172 158 4.01 
172 252 4.01 
172 287 6.01 
172 361 5.01 
172 375 3.01 
172 405 5.01 
172 429 6.01 
172 439 4.01 
172 440 8.01 
172 449 7.01 
172 479 16.009999999999998 
172 498 30.009999999999998 
209 322 5.01 
209 338 7.01 
209 363 4.01 
209 456 9.01 
209 463 7.01 
209 467 8.01 
209 477 8.01 
209 484 10.01 
209 486 14.01 
209 488 20.009999999999998 
209 491 16.009999999999998 
209 492 17.009999999999998 
281 11 4.01 
281 268 11.01 
281 295 8.01 
281 307 5.01 
281 370 3.01 
281 375 12.01 
281 402 7.01 
281 429 9.01 
281 450 5.01 
281 455 8.01 
281 484 8.01 
281 497 28.009999999999998 
56 282 6.01 
56 283 6.01 
56 362 7.01 
56 402 5.01 
56 427 6.01 
56 434 6.01 
56 438 4.01 
56 452 4.01 
56 478 12.01 
56 488 17.009999999999998 
56 491 11.01 
56 498 29.009999999999998 
434 144 7.01 
434 192 8.01 
434 298 12.01 
434 342 5.01 
434 354 8.01 
434 395 12.01 
434 415 8.01 
434 426 5.01 
434 472 11.01 
434 482 19.009999999999998 
434 492 8.01 
169 128 6.01 
169 158 2.01 
169 250 8.01 
169 338 5.01 
169 398 5.01 
169 438 3.01 
169 472 15.01 
169 487 19.009999999999998 
169 490 13.01 
169 492 27.009999999999998 
169 493 16.009999999999998 
169 498 33.01 
184 221 3.01 
184 229 5.01 
184 233 8.01 
184 341 5.01 
184 434 11.01 
184 450 4.01 
184 467 6.01 
184 480 8.01 
184 490 10.01 
184 492 19.009999999999998 
184 493 15.01 
184 499 32.01 
284 156 4.01 
284 184 10.01 
284 189 4.01 
284 219 12.01 
284 299 4.01 
284 371 3.01 
284 434 7.01 
284 450 3.01 
284 451 4.01 
284 453 6.01 
284 469 6.01 
284 498 35.01 
417 176 3.01 
417 215 5.01 
417 376 7.01 
417 396 1.01 
417 431 9.01 
417 442 5.01 
417 465 12.01 
417 467 6.01 
417 483 18.009999999999998 
417 494 13.01 
417 496 27.009999999999998 
58 80 5.01 
58 212 2.01 
58 318 6.01 
58 319 5.01 
58 368 4.01 
58 389 2.01 
58 409 4.01 
58 418 7.01 
58 422 8.01 
58 427 8.01 
58 497 27.009999999999998 
58 498 44.01 
80 309 3.01 
80 360 10.01 
80 368 8.01 
80 420 3.01 
80 454 5.01 
80 470 4.01 
80 477 6.01 
80 478 11.01 
80 491 13.01 
80 494 16.009999999999998 
80 498 30.009999999999998 
80 499 21.009999999999998 
212 216 4.01 
212 229 3.01 
212 355 4.01 
212 388 7.01 
212 426 7.01 
212 427 3.01 
212 453 8.01 
212 476 8.01 
212 482 10.01 
212 495 15.01 
212 497 14.01 
212 499 36.01 
422 44 3.01 
422 143 4.01 
422 156 3.01 
422 214 6.01 
422 281 2.01 
422 325 6.01 
422 348 7.01 
422 452 5.01 
422 457 7.01 
422 471 17.009999999999998 
422 499 36.01 
68 40 3.01 
68 67 7.01 
68 74 5.01 
68 103 7.01 
68 125 8.01 
68 347 5.01 
68 388 6.01 
68 415 6.01 
68 430 3.01 
68 486 3.01 
68 490 15.01 
68 497 27.009999999999998 
102 60 3.01 
102 189 5.01 
102 222 7.01 
102 244 1.01 
102 408 4.01 
102 416 7.01 
102 442 10.01 
102 486 12.01 
102 487 16.009999999999998 
102 491 13.01 
102 497 24.009999999999998 
102 499 36.01 
159 15 6.01 
159 54 9.01 
159 90 4.01 
159 95 5.01 
159 195 6.01 
159 269 4.01 
159 401 8.01 
159 414 2.01 
159 464 4.01 
159 465 10.01 
159 474 9.01 
159 499 34.01 
285 84 4.01 
285 358 5.01 
285 418 4.01 
285 428 9.01 
285 448 6.01 
285 458 11.01 
285 462 9.01 
285 473 10.01 
285 488 11.01 
285 492 17.009999999999998 
285 494 11.01 
285 498 31.009999999999998 
60 86 3.01 
60 123 2.01 
60 179 7.01 
60 198 4.01 
60 206 6.01 
60 270 6.01 
60 273 9.01 
60 298 6.01 
60 340 5.01 
60 362 5.01 
60 497 30.009999999999998 
60 499 42.01 
86 93 7.01 
86 165 4.01 
86 172 5.01 
86 200 3.01 
86 431 5.01 
86 435 7.01 
86 461 5.01 
86 463 10.01 
86 465 10.01 
86 469 12.01 
86 495 16.009999999999998 
86 499 34.01 
123 57 10.01 
123 96 4.01 
123 293 4.01 
123 354 5.01 
123 359 3.01 
123 429 7.01 
123 469 15.01 
123 472 9.01 
123 481 10.01 
123 484 3.01 
123 492 16.009999999999998 
123 495 16.009999999999998 
179 244 4.01 
179 376 7.01 
179 378 4.01 
179 396 9.01 
179 441 8.01 
179 473 11.01 
179 480 6.01 
179 488 7.01 
179 489 17.009999999999998 
179 490 14.01 
179 491 10.01 
179 497 18.009999999999998 
206 115 7.01 
206 141 7.01 
206 167 1.01 
206 269 2.01 
206 288 4.01 
206 432 9.01 
206 439 9.01 
206 481 6.01 
206 482 13.01 
206 492 18.009999999999998 
206 498 37.01 
206 499 37.01 
298 21 2.01 
298 111 3.01 
298 202 4.01 
298 218 5.01 
298 353 7.01 
298 361 5.01 
298 445 6.01 
298 459 5.01 
298 483 6.01 
298 488 14.01 
298 493 18.009999999999998 
298 496 17.009999999999998 
61 90 6.01 
61 149 5.01 
61 218 7.01 
61 224 5.01 
61 254 5.01 
61 356 4.01 
61 357 5.01 
61 475 12.01 
61 490 12.01 
61 495 17.009999999999998 
61 498 32.01 
61 499 48.01 
90 58 4.01 
90 145 5.01 
90 219 4.01 
90 284 5.01 
90 298 6.01 
90 444 5.01 
90 456 3.01 
90 459 11.01 
90 484 6.01 
90 492 16.009999999999998 
90 493 8.01 
90 495 16.009999999999998 
149 13 8.01 
149 151 8.01 
149 191 5.01 
149 192 8.01 
149 280 7.01 
149 369 10.01 
149 416 7.01 
149 475 10.01 
149 483 13.01 
149 493 10.01 
149 495 14.01 
149 499 28.009999999999998 
218 0 6.01 
218 86 3.01 
218 108 4.01 
218 188 11.01 
218 224 6.01 
218 339 7.01 
218 355 3.01 
218 405 6.01 
218 414 1.01 
218 435 6.01 
218 445 7.01 
218 499 23.009999999999998 
224 207 5.01 
224 308 6.01 
224 339 7.01 
224 344 5.01 
224 426 6.01 
224 442 4.01 
224 444 7.01 
224 475 7.01 
224 480 5.01 
224 494 15.01 
224 498 22.009999999999998 
224 499 35.01 
254 118 6.01 
254 122 3.01 
254 179 1.01 
254 196 9.01 
254 228 5.01 
254 361 1.01 
254 367 5.01 
254 419 11.01 
254 428 4.01 
254 486 14.01 
254 487 8.01 
254 491 17.009999999999998 
75 36 2.01 
75 68 0.01 
75 133 3.01 
75 151 5.01 
75 293 5.01 
75 379 2.01 
75 394 5.01 
75 413 3.01 
75 429 4.01 
75 431 2.01 
75 496 25.009999999999998 
75 499 39.01 
143 18 8.01 
143 188 4.01 
143 214 10.01 
143 365 8.01 
143 369 6.01 
143 380 5.01 
143 409 6.01 
143 463 8.01 
143 470 10.01 
143 472 6.01 
143 485 9.01 
143 489 14.01 
428 91 7.01 
428 183 11.01 
428 274 4.01 
428 278 7.01 
428 349 9.01 
428 399 10.01 
428 441 12.01 
428 446 9.01 
428 481 10.01 
428 484 15.01 
428 495 19.009999999999998 
383 135 7.01 
383 157 9.01 
383 278 3.01 
383 350 4.01 
383 351 5.01 
383 413 7.01 
383 468 7.01 
383 470 6.01 
383 493 15.01 
383 497 22.009999999999998 
383 498 32.01 
426 146 10.01 
426 154 4.01 
426 177 8.01 
426 231 4.01 
426 259 7.01 
426 391 6.01 
426 409 6.01 
426 421 9.01 
426 452 7.01 
426 478 13.01 
426 494 17.009999999999998 
469 87 8.01 
469 101 3.01 
469 153 5.01 
469 409 6.01 
469 438 12.01 
469 451 9.01 
469 464 8.01 
469 479 15.01 
469 482 19.009999999999998 
469 484 20.009999999999998 
469 497 28.009999999999998 
65 49 2.01 
65 88 5.01 
65 119 5.01 
65 158 1.01 
65 363 7.01 
65 371 7.01 
65 422 5.01 
65 436 12.01 
65 446 5.01 
65 482 9.01 
65 493 14.01 
65 497 16.009999999999998 
88 22 10.01 
88 189 3.01 
88 190 10.01 
88 254 5.01 
88 259 7.01 
88 389 7.01 
88 411 11.01 
88 435 12.01 
88 467 10.01 
88 488 9.01 
88 489 8.01 
88 498 24.009999999999998 
119 22 6.01 
119 185 5.01 
119 287 6.01 
119 292 8.01 
119 330 5.01 
119 332 3.01 
119 336 9.01 
119 338 4.01 
119 341 2.01 
119 387 9.01 
119 438 6.01 
119 462 6.01 
363 5 11.01 
363 16 3.01 
363 196 4.01 
363 375 5.01 
363 393 10.01 
363 416 7.01 
363 431 5.01 
363 454 11.01 
363 468 5.01 
363 470 2.01 
363 487 12.01 
66 178 4.01 
66 329 8.01 
66 332 7.01 
66 341 5.01 
66 366 9.01 
66 422 4.01 
66 453 6.01 
66 457 10.01 
66 460 3.01 
66 492 16.009999999999998 
66 496 16.009999999999998 
66 499 31.009999999999998 
332 32 5.01 
332 140 4.01 
332 173 8.01 
332 211 4.01 
332 229 4.01 
332 257 6.01 
332 404 5.01 
332 450 6.01 
332 452 4.01 
332 484 11.01 
332 490 18.009999999999998 
332 492 9.01 
341 1 3.01 
341 11 8.01 
341 190 7.01 
341 294 5.01 
341 319 5.01 
341 333 5.01 
341 412 7.01 
341 458 8.01 
341 468 9.01 
341 473 11.01 
341 494 12.01 
341 495 11.01 
366 181 8.01 
366 254 6.01 
366 370 7.01 
366 373 4.01 
366 400 4.01 
366 444 5.01 
366 484 8.01 
366 485 8.01 
366 493 24.009999999999998 
366 496 19.009999999999998 
366 498 35.01 
67 61 4.01 
67 253 1.01 
67 299 5.01 
67 332 8.01 
67 341 3.01 
67 421 8.01 
67 446 9.01 
67 479 9.01 
67 489 16.009999999999998 
67 490 7.01 
67 491 14.01 
67 499 30.009999999999998 
253 2 3.01 
253 123 7.01 
253 137 6.01 
253 314 2.01 
253 364 5.01 
253 413 3.01 
253 430 3.01 
253 454 4.01 
253 472 9.01 
253 474 7.01 
253 485 5.01 
253 487 3.01 
299 10 6.01 
299 162 7.01 
299 196 4.01 
299 271 10.01 
299 346 7.01 
299 365 5.01 
299 451 11.01 
299 457 8.01 
299 488 17.009999999999998 
299 495 26.009999999999998 
299 497 19.009999999999998 
299 498 34.01 
133 147 7.01 
133 400 4.01 
133 422 6.01 
133 449 6.01 
133 454 3.01 
133 457 4.01 
133 476 14.01 
133 487 10.01 
133 489 8.01 
133 494 15.01 
133 498 32.01 
133 499 35.01 
175 26 8.01 
175 28 6.01 
175 63 7.01 
175 282 5.01 
175 394 3.01 
175 438 3.01 
175 442 6.01 
175 464 9.01 
175 481 12.01 
175 487 9.01 
175 489 10.01 
175 490 17.009999999999998 
350 27 3.01 
350 181 6.01 
350 312 6.01 
350 362 4.01 
350 368 10.01 
350 384 5.01 
350 471 3.01 
350 475 10.01 
350 477 7.01 
350 495 16.009999999999998 
350 497 23.009999999999998 
350 498 35.01 
271 38 13.01 
271 50 3.01 
271 113 5.01 
271 121 3.01 
271 155 6.01 
271 352 4.01 
271 358 4.01 
271 369 7.01 
271 391 6.01 
271 482 11.01 
271 491 13.01 
271 493 16.009999999999998 
290 65 5.01 
290 177 5.01 
290 263 0.01 
290 304 6.01 
290 356 9.01 
290 361 1.01 
290 375 8.01 
290 481 8.01 
290 484 10.01 
290 491 26.009999999999998 
290 493 12.01 
290 496 14.01 
72 26 2.01 
72 31 4.01 
72 124 5.01 
72 269 4.01 
72 279 3.01 
72 303 7.01 
72 470 7.01 
72 475 5.01 
72 485 10.01 
72 488 15.01 
72 494 15.01 
72 495 21.009999999999998 
303 74 1.01 
303 133 6.01 
303 195 3.01 
303 215 9.01 
303 332 5.01 
303 347 4.01 
303 359 5.01 
303 389 8.01 
303 462 13.01 
303 490 14.01 
303 494 12.01 
303 498 20.009999999999998 
394 66 7.01 
394 76 7.01 
394 77 5.01 
394 287 4.01 
394 295 3.01 
394 388 5.01 
394 402 10.01 
394 482 8.01 
394 496 12.01 
394 497 28.009999999999998 
394 498 26.009999999999998 
293 3 6.01 
293 17 4.01 
293 33 4.01 
293 77 2.01 
293 145 4.01 
293 169 4.01 
293 237 3.01 
293 264 5.01 
293 364 4.01 
293 460 5.01 
293 476 11.01 
293 496 23.009999999999998 
379 144 7.01 
379 177 7.01 
379 219 7.01 
379 232 10.01 
379 247 6.01 
379 453 6.01 
379 463 6.01 
379 478 8.01 
379 485 14.01 
379 492 15.01 
379 495 18.009999999999998 
429 48 11.01 
429 134 3.01 
429 364 5.01 
429 381 7.01 
429 413 7.01 
429 418 3.01 
429 476 15.01 
429 494 15.01 
429 496 20.009999999999998 
429 497 20.009999999999998 
429 498 37.01 
431 62 9.01 
431 121 3.01 
431 277 6.01 
431 308 8.01 
431 417 3.01 
431 421 4.01 
431 474 14.01 
431 483 14.01 
431 493 15.01 
431 496 19.009999999999998 
431 498 32.01 
79 52 6.01 
79 240 9.01 
79 283 2.01 
79 299 3.01 
79 354 8.01 
79 360 3.01 
79 362 2.01 
79 387 7.01 
79 429 10.01 
79 434 5.01 
79 485 14.01 
79 497 31.009999999999998 
176 80 2.01 
176 160 4.01 
176 171 1.01 
176 292 5.01 
176 348 4.01 
176 406 6.01 
176 430 4.01 
176 461 8.01 
176 491 11.01 
176 493 14.01 
176 496 17.009999999999998 
176 499 42.01 
196 251 6.01 
196 275 2.01 
196 372 3.01 
196 373 6.01 
196 397 5.01 
196 449 6.01 
196 454 7.01 
196 459 7.01 
196 462 6.01 
196 490 16.009999999999998 
196 495 17.009999999999998 
196 499 42.01 
268 97 5.01 
268 142 7.01 
268 180 0.01 
268 214 3.01 
268 297 7.01 
268 302 9.01 
268 321 7.01 
268 460 14.01 
268 472 10.01 
268 478 8.01 
268 487 8.01 
268 497 23.009999999999998 
78 20 6.01 
78 161 4.01 
78 253 7.01 
78 289 3.01 
78 317 3.01 
78 364 6.01 
78 450 11.01 
78 472 6.01 
78 490 13.01 
78 494 19.009999999999998 
78 496 19.009999999999998 
78 499 33.01 
161 95 8.01 
161 131 5.01 
161 160 5.01 
161 300 3.01 
161 320 3.01 
161 326 8.01 
161 340 3.01 
161 359 5.01 
161 459 10.01 
161 470 8.01 
161 493 13.01 
161 499 29.009999999999998 
317 55 8.01 
317 113 3.01 
317 184 6.01 
317 293 7.01 
317 343 8.01 
317 394 4.01 
317 426 7.01 
317 476 10.01 
317 483 9.01 
317 491 16.009999999999998 
317 496 18.009999999999998 
317 498 36.01 
354 76 6.01 
354 90 2.01 
354 113 4.01 
354 150 6.01 
354 151 5.01 
354 227 5.01 
354 360 9.01 
354 369 8.01 
354 386 4.01 
354 461 6.01 
354 494 15.01 
354 499 38.01 
236 142 3.01 
236 144 5.01 
236 168 7.01 
236 276 2.01 
236 331 6.01 
236 335 4.01 
236 407 4.01 
236 453 5.01 
236 463 6.01 
236 481 7.01 
236 495 19.009999999999998 
236 499 35.01 
358 100 7.01 
358 218 2.01 
358 223 7.01 
358 254 5.01 
358 267 3.01 
358 269 4.01 
358 326 4.01 
358 379 11.01 
358 420 6.01 
358 423 7.01 
358 489 14.01 
358 491 13.01 
150 41 4.01 
150 84 4.01 
150 277 2.01 
150 399 3.01 
150 415 7.01 
150 416 7.01 
150 429 6.01 
150 443 1.01 
150 467 8.01 
150 480 8.01 
150 486 14.01 
150 492 15.01 
407 89 4.01 
407 166 2.01 
407 257 4.01 
407 290 4.01 
407 297 6.01 
407 344 5.01 
407 392 2.01 
407 438 8.01 
407 487 10.01 
407 490 13.01 
407 494 9.01 
84 65 5.01 
84 220 8.01 
84 272 4.01 
84 274 7.01 
84 279 7.01 
84 296 6.01 
84 398 7.01 
84 469 9.01 
84 479 12.01 
84 484 10.01 
84 486 18.009999999999998 
84 496 27.009999999999998 
296 92 6.01 
296 190 4.01 
296 255 5.01 
296 306 7.01 
296 337 4.01 
296 410 15.01 
296 426 7.01 
296 476 13.01 
296 477 13.01 
296 478 14.01 
296 498 34.01 
296 499 36.01 
85 92 10.01 
85 260 9.01 
85 339 3.01 
85 340 5.01 
85 354 7.01 
85 386 7.01 
85 389 6.01 
85 399 5.01 
85 423 6.01 
85 455 7.01 
85 477 7.01 
85 498 36.01 
260 0 6.01 
260 288 6.01 
260 399 5.01 
260 423 3.01 
260 434 10.01 
260 446 5.01 
260 472 10.01 
260 482 12.01 
260 483 13.01 
260 493 8.01 
260 497 33.01 
260 498 34.01 
93 17 3.01 
93 132 5.01 
93 148 1.01 
93 171 4.01 
93 281 7.01 
93 337 2.01 
93 415 6.01 
93 430 6.01 
93 435 8.01 
93 441 6.01 
93 473 4.01 
93 483 13.01 
146 49 4.01 
146 320 4.01 
146 348 4.01 
146 357 4.01 
146 372 5.01 
146 373 5.01 
146 395 6.01 
146 448 1.01 
146 483 6.01 
146 496 25.009999999999998 
146 497 13.01 
146 499 36.01 
190 53 3.01 
190 87 7.01 
190 100 2.01 
190 103 5.01 
190 247 4.01 
190 307 3.01 
190 380 7.01 
190 446 6.01 
190 469 10.01 
190 470 4.01 
190 486 16.009999999999998 
190 494 16.009999999999998 
167 158 3.01 
167 166 4.01 
167 249 6.01 
167 254 3.01 
167 303 2.01 
167 356 4.01 
167 424 7.01 
167 476 9.01 
167 481 9.01 
167 489 15.01 
167 496 15.01 
167 498 36.01 
400 41 2.01 
400 108 3.01 
400 149 4.01 
400 243 11.01 
400 291 5.01 
400 425 4.01 
400 430 11.01 
400 440 4.01 
400 463 6.01 
400 487 20.009999999999998 
400 499 49.01 
111 30 4.01 
111 327 4.01 
111 342 4.01 
111 385 7.01 
111 446 5.01 
111 471 2.01 
111 484 9.01 
111 487 21.009999999999998 
111 489 16.009999999999998 
111 492 21.009999999999998 
111 493 15.01 
111 497 22.009999999999998 
223 39 4.01 
223 190 4.01 
223 274 12.01 
223 355 3.01 
223 383 12.01 
223 388 9.01 
223 414 6.01 
223 475 7.01 
223 479 12.01 
223 491 14.01 
223 494 12.01 
223 498 29.009999999999998 
132 4 2.01 
132 170 4.01 
132 182 1.01 
132 244 7.01 
132 261 4.01 
132 323 3.01 
132 370 3.01 
132 395 10.01 
132 443 7.01 
132 466 7.01 
132 493 9.01 
132 499 48.01 
148 69 4.01 
148 89 6.01 
148 345 6.01 
148 346 6.01 
148 351 10.01 
148 372 6.01 
148 377 6.01 
148 382 6.01 
148 473 8.01 
148 474 6.01 
148 476 7.01 
148 495 19.009999999999998 
337 295 5.01 
337 296 1.01 
337 304 5.01 
337 325 4.01 
337 404 10.01 
337 421 11.01 
337 429 8.01 
337 434 5.01 
337 477 14.01 
337 479 10.01 
337 488 22.009999999999998 
337 497 30.009999999999998 
94 187 7.01 
94 231 6.01 
94 278 3.01 
94 314 5.01 
94 355 4.01 
94 414 14.01 
94 466 15.01 
94 470 7.01 
94 478 12.01 
94 487 8.01 
94 497 15.01 
94 498 27.009999999999998 
355 9 8.01 
355 124 5.01 
355 125 8.01 
355 193 5.01 
355 242 3.01 
355 310 8.01 
355 413 8.01 
355 444 8.01 
355 492 16.009999999999998 
355 494 15.01 
355 495 9.01 
355 499 28.009999999999998 
95 198 2.01 
95 199 4.01 
95 345 4.01 
95 365 5.01 
95 429 5.01 
95 432 13.01 
95 464 6.01 
95 467 9.01 
95 489 14.01 
95 492 10.01 
95 493 15.01 
95 499 41.01 
199 0 10.01 
199 27 5.01 
199 122 6.01 
199 242 4.01 
199 294 6.01 
199 312 5.01 
199 396 4.01 
199 397 4.01 
199 407 7.01 
199 409 7.01 
199 472 11.01 
199 494 18.009999999999998 
365 156 7.01 
365 157 11.01 
365 220 5.01 
365 265 6.01 
365 323 10.01 
365 417 5.01 
365 419 9.01 
365 476 8.01 
365 479 12.01 
365 493 17.009999999999998 
365 498 27.009999999999998 
372 43 7.01 
372 146 2.01 
372 154 3.01 
372 239 2.01 
372 241 8.01 
372 324 3.01 
372 415 7.01 
372 487 12.01 
372 494 11.01 
372 496 19.009999999999998 
372 498 32.01 
168 61 8.01 
168 335 7.01 
168 352 7.01 
168 426 7.01 
168 439 8.01 
168 451 5.01 
168 467 6.01 
168 489 11.01 
168 491 18.009999999999998 
168 494 14.01 
168 498 28.009999999999998 
168 499 45.01 
191 24 1.01 
191 195 4.01 
191 197 5.01 
191 228 3.01 
191 236 4.01 
191 237 2.01 
191 265 11.01 
191 358 4.01 
191 472 8.01 
191 480 10.01 
191 489 9.01 
191 499 25.009999999999998 
99 23 7.01 
99 241 4.01 
99 248 4.01 
99 342 2.01 
99 364 6.01 
99 407 10.01 
99 457 4.01 
99 469 5.01 
99 487 17.009999999999998 
99 490 7.01 
99 492 14.01 
99 494 16.009999999999998 
173 4 6.01 
173 73 2.01 
173 109 7.01 
173 172 0.01 
173 347 11.01 
173 374 8.01 
173 442 7.01 
173 463 11.01 
173 479 5.01 
173 481 8.01 
173 482 11.01 
173 499 36.01 
227 44 7.01 
227 324 3.01 
227 343 4.01 
227 350 5.01 
227 403 6.01 
227 472 7.01 
227 475 4.01 
227 476 6.01 
227 477 10.01 
227 495 17.009999999999998 
227 496 19.009999999999998 
227 499 42.01 
361 100 7.01 
361 111 6.01 
361 144 5.01 
361 176 8.01 
361 272 3.01 
361 344 11.01 
361 484 12.01 
361 495 15.01 
361 497 23.009999999999998 
361 498 28.009999999999998 
361 499 39.01 
101 45 3.01 
101 59 4.01 
101 166 6.01 
101 193 7.01 
101 209 4.01 
101 383 4.01 
101 385 8.01 
101 423 3.01 
101 473 5.01 
101 479 9.01 
101 497 23.009999999999998 
101 499 42.01 
193 42 2.01 
193 81 4.01 
193 102 3.01 
193 331 4.01 
193 404 4.01 
193 439 8.01 
193 441 5.01 
193 487 12.01 
193 488 15.01 
193 495 27.009999999999998 
193 496 21.009999999999998 
193 499 25.009999999999998 
222 12 8.01 
222 37 6.01 
222 148 4.01 
222 246 4.01 
222 308 7.01 
222 363 9.01 
222 380 5.01 
222 438 9.01 
222 471 6.01 
222 486 15.01 
222 491 11.01 
222 496 25.009999999999998 
295 34 3.01 
295 152 5.01 
295 209 3.01 
295 228 5.01 
295 344 9.01 
295 351 7.01 
295 381 5.01 
295 428 3.01 
295 460 9.01 
295 481 8.01 
295 486 8.01 
295 499 42.01 
312 96 5.01 
312 101 2.01 
312 175 4.01 
312 193 9.01 
312 256 8.01 
312 343 6.01 
312 446 6.01 
312 463 8.01 
312 484 8.01 
312 490 2.01 
312 491 8.01 
312 498 30.009999999999998 
141 2 3.01 
141 13 5.01 
141 114 9.01 
141 347 4.01 
141 395 8.01 
141 434 11.01 
141 471 7.01 
141 480 13.01 
141 484 5.01 
141 496 13.01 
141 498 27.009999999999998 
141 499 40.01 
130 131 5.01 
130 174 6.01 
130 192 6.01 
130 224 8.01 
130 246 3.01 
130 260 3.01 
130 334 13.01 
130 337 4.01 
130 344 6.01 
130 438 4.01 
130 491 16.009999999999998 
130 494 17.009999999999998 
174 29 3.01 
174 78 6.01 
174 154 7.01 
174 268 2.01 
174 367 7.01 
174 420 5.01 
174 439 4.01 
174 465 7.01 
174 478 7.01 
174 487 12.01 
174 488 10.01 
174 497 17.009999999999998 
232 348 13.01 
232 402 7.01 
232 420 4.01 
232 431 10.01 
232 433 7.01 
232 438 3.01 
232 465 8.01 
232 491 19.009999999999998 
232 492 12.01 
232 496 18.009999999999998 
232 497 23.009999999999998 
232 499 19.009999999999998 
392 77 6.01 
392 279 7.01 
392 322 8.01 
392 404 6.01 
392 409 12.01 
392 411 3.01 
392 472 9.01 
392 476 15.01 
392 485 10.01 
392 495 17.009999999999998 
392 497 11.01 
106 183 9.01 
106 328 5.01 
106 344 3.01 
106 390 9.01 
106 405 8.01 
106 428 4.01 
106 442 8.01 
106 452 6.01 
106 476 11.01 
106 481 12.01 
106 485 10.01 
106 499 24.009999999999998 
183 242 3.01 
183 291 6.01 
183 293 6.01 
183 344 4.01 
183 452 5.01 
183 455 7.01 
183 460 10.01 
183 481 16.009999999999998 
183 485 11.01 
183 488 14.01 
183 490 14.01 
183 498 30.009999999999998 
344 29 9.01 
344 65 9.01 
344 85 4.01 
344 93 8.01 
344 194 4.01 
344 317 6.01 
344 355 4.01 
344 371 6.01 
344 377 2.01 
344 488 19.009999999999998 
344 493 14.01 
344 496 28.009999999999998 
390 42 5.01 
390 117 13.01 
390 118 12.01 
390 139 4.01 
390 189 3.01 
390 271 3.01 
390 334 5.01 
390 346 5.01 
390 385 4.01 
390 434 8.01 
390 497 25.009999999999998 
107 34 2.01 
107 157 6.01 
107 194 12.01 
107 249 3.01 
107 378 6.01 
107 385 5.01 
107 394 3.01 
107 449 4.01 
107 471 4.01 
107 472 8.01 
107 481 6.01 
107 489 11.01 
396 17 10.01 
396 104 7.01 
396 143 2.01 
396 168 5.01 
396 225 5.01 
396 354 2.01 
396 372 4.01 
396 423 9.01 
396 463 8.01 
396 495 15.01 
396 499 47.01 
109 220 10.01 
109 249 4.01 
109 260 1.01 
109 286 6.01 
109 313 7.01 
109 318 4.01 
109 456 10.01 
109 459 6.01 
109 461 4.01 
109 493 16.009999999999998 
109 498 34.01 
109 499 28.009999999999998 
286 35 3.01 
286 62 3.01 
286 124 3.01 
286 305 5.01 
286 441 5.01 
286 461 12.01 
286 473 10.01 
286 480 9.01 
286 490 15.01 
286 493 12.01 
286 495 18.009999999999998 
286 499 32.01 
136 82 3.01 
136 84 3.01 
136 213 3.01 
136 324 4.01 
136 340 4.01 
136 360 1.01 
136 386 7.01 
136 398 4.01 
136 451 5.01 
136 481 8.01 
136 489 14.01 
136 499 23.009999999999998 
216 43 9.01 
216 114 7.01 
216 399 4.01 
216 461 8.01 
216 465 6.01 
216 474 8.01 
216 483 14.01 
216 484 13.01 
216 487 12.01 
216 491 18.009999999999998 
216 496 20.009999999999998 
216 499 44.01 
265 236 7.01 
265 284 2.01 
265 350 8.01 
265 372 4.01 
265 393 6.01 
265 403 6.01 
265 421 4.01 
265 487 10.01 
265 491 10.01 
265 497 19.009999999999998 
265 498 32.01 
265 499 23.009999999999998 
113 130 6.01 
113 234 3.01 
113 328 6.01 
113 375 7.01 
113 424 3.01 
113 452 13.01 
113 483 12.01 
113 487 9.01 
113 491 14.01 
113 493 15.01 
113 494 14.01 
113 499 32.01 
234 19 3.01 
234 43 11.01 
234 164 11.01 
234 290 4.01 
234 298 8.01 
234 339 5.01 
234 397 8.01 
234 407 8.01 
234 437 4.01 
234 441 11.01 
234 478 9.01 
234 488 13.01 
114 56 3.01 
114 98 4.01 
114 103 2.01 
114 383 4.01 
114 392 5.01 
114 417 5.01 
114 431 8.01 
114 453 7.01 
114 485 11.01 
114 487 9.01 
114 496 32.01 
114 499 38.01 
126 25 5.01 
126 37 11.01 
126 299 7.01 
126 374 3.01 
126 426 10.01 
126 432 2.01 
126 442 0.01 
126 451 6.01 
126 469 9.01 
126 475 9.01 
126 493 18.009999999999998 
126 497 18.009999999999998 
116 26 2.01 
116 40 16.009999999999998 
116 99 5.01 
116 341 3.01 
116 406 8.01 
116 427 7.01 
116 432 4.01 
116 433 5.01 
116 460 9.01 
116 465 5.01 
116 486 17.009999999999998 
116 490 18.009999999999998 
322 136 3.01 
322 258 6.01 
322 298 5.01 
322 337 5.01 
322 353 7.01 
322 439 5.01 
322 462 8.01 
322 469 2.01 
322 480 6.01 
322 482 8.01 
322 489 17.009999999999998 
322 499 30.009999999999998 
391 248 5.01 
391 282 4.01 
391 304 10.01 
391 334 2.01 
391 336 4.01 
391 346 9.01 
391 378 3.01 
391 466 10.01 
391 479 15.01 
391 486 11.01 
391 491 9.01 
258 2 4.01 
258 52 1.01 
258 129 6.01 
258 267 7.01 
258 392 9.01 
258 424 9.01 
258 425 4.01 
258 447 9.01 
258 482 13.01 
258 495 20.009999999999998 
258 498 34.01 
258 499 41.01 
185 59 6.01 
185 93 10.01 
185 164 4.01 
185 387 10.01 
185 447 5.01 
185 480 11.01 
185 482 5.01 
185 483 6.01 
185 485 17.009999999999998 
185 494 19.009999999999998 
185 498 36.01 
185 499 30.009999999999998 
121 35 8.01 
121 112 7.01 
121 114 5.01 
121 297 4.01 
121 351 2.01 
121 362 5.01 
121 401 5.01 
121 432 7.01 
121 484 12.01 
121 486 12.01 
121 493 17.009999999999998 
121 496 15.01 
122 148 4.01 
122 164 3.01 
122 367 5.01 
122 368 12.01 
122 370 6.01 
122 375 2.01 
122 397 4.01 
122 441 5.01 
122 468 11.01 
122 486 9.01 
122 490 17.009999999999998 
122 497 23.009999999999998 
164 6 2.01 
164 19 9.01 
164 97 6.01 
164 247 13.01 
164 275 1.01 
164 306 2.01 
164 348 2.01 
164 463 4.01 
164 471 3.01 
164 472 9.01 
164 493 9.01 
164 499 45.01 
397 64 3.01 
397 235 4.01 
397 239 9.01 
397 373 9.01 
397 395 5.01 
397 396 8.01 
397 412 8.01 
397 415 8.01 
397 459 9.01 
397 487 12.01 
397 493 14.01 
128 96 2.01 
128 146 2.01 
128 366 3.01 
128 409 6.01 
128 417 4.01 
128 431 8.01 
128 451 3.01 
128 465 7.01 
128 491 13.01 
128 493 10.01 
128 496 16.009999999999998 
128 499 30.009999999999998 
129 37 4.01 
129 75 7.01 
129 303 9.01 
129 310 3.01 
129 330 9.01 
129 337 5.01 
129 446 7.01 
129 470 9.01 
129 484 8.01 
129 489 3.01 
129 496 22.009999999999998 
129 499 35.01 
131 250 4.01 
131 271 1.01 
131 291 6.01 
131 335 4.01 
131 382 5.01 
131 386 10.01 
131 432 1.01 
131 441 6.01 
131 479 12.01 
131 480 11.01 
131 486 9.01 
131 499 28.009999999999998 
192 28 7.01 
192 116 6.01 
192 226 3.01 
192 286 4.01 
192 314 2.01 
192 363 7.01 
192 414 5.01 
192 470 5.01 
192 485 15.01 
192 487 13.01 
192 492 17.009999999999998 
192 499 30.009999999999998 
250 71 2.01 
250 139 4.01 
250 231 4.01 
250 258 2.01 
250 304 7.01 
250 413 7.01 
250 449 8.01 
250 470 10.01 
250 476 11.01 
250 478 11.01 
250 495 25.009999999999998 
250 498 23.009999999999998 
182 21 4.01 
182 35 6.01 
182 87 6.01 
182 280 3.01 
182 374 5.01 
182 477 16.009999999999998 
182 483 10.01 
182 488 22.009999999999998 
182 489 11.01 
182 491 15.01 
182 493 22.009999999999998 
182 495 14.01 
323 95 2.01 
323 120 5.01 
323 277 7.01 
323 420 6.01 
323 435 6.01 
323 444 7.01 
323 456 8.01 
323 471 7.01 
323 474 11.01 
323 491 10.01 
323 497 17.009999999999998 
323 498 26.009999999999998 
395 105 5.01 
395 256 5.01 
395 279 11.01 
395 315 5.01 
395 342 9.01 
395 359 16.009999999999998 
395 394 6.01 
395 448 8.01 
395 470 10.01 
395 484 11.01 
395 495 20.009999999999998 
135 55 3.01 
135 142 6.01 
135 161 4.01 
135 262 8.01 
135 369 4.01 
135 378 6.01 
135 421 6.01 
135 482 9.01 
135 487 8.01 
135 496 23.009999999999998 
135 497 21.009999999999998 
135 499 30.009999999999998 
142 95 8.01 
142 101 3.01 
142 160 4.01 
142 293 4.01 
142 345 4.01 
142 384 8.01 
142 462 8.01 
142 473 4.01 
142 479 16.009999999999998 
142 491 20.009999999999998 
142 497 14.01 
142 498 35.01 
262 14 2.01 
262 47 7.01 
262 71 9.01 
262 81 7.01 
262 205 5.01 
262 416 8.01 
262 467 10.01 
262 481 4.01 
262 488 15.01 
262 489 6.01 
262 494 17.009999999999998 
262 497 16.009999999999998 
137 80 3.01 
137 119 4.01 
137 208 5.01 
137 421 7.01 
137 431 9.01 
137 458 10.01 
137 466 3.01 
137 490 11.01 
137 491 17.009999999999998 
137 493 16.009999999999998 
137 495 22.009999999999998 
137 499 29.009999999999998 
138 38 8.01 
138 44 4.01 
138 387 4.01 
138 444 8.01 
138 447 12.01 
138 450 7.01 
138 464 10.01 
138 467 5.01 
138 486 11.01 
138 490 12.01 
138 493 11.01 
138 499 32.01 
228 111 2.01 
228 120 4.01 
228 122 1.01 
228 202 1.01 
228 259 4.01 
228 285 5.01 
228 338 7.01 
228 426 10.01 
228 458 5.01 
228 494 12.01 
228 497 32.01 
228 498 27.009999999999998 
144 99 3.01 
144 347 5.01 
144 408 2.01 
144 419 3.01 
144 423 5.01 
144 444 11.01 
144 484 12.01 
144 486 12.01 
144 489 14.01 
144 495 19.009999999999998 
144 498 31.009999999999998 
144 499 35.01 
202 267 3.01 
202 277 4.01 
202 281 6.01 
202 331 4.01 
202 334 4.01 
202 371 8.01 
202 386 7.01 
202 467 6.01 
202 483 18.009999999999998 
202 493 12.01 
202 495 18.009999999999998 
202 499 36.01 
153 132 6.01 
153 156 3.01 
153 262 3.01 
153 294 6.01 
153 321 8.01 
153 357 5.01 
153 363 7.01 
153 379 4.01 
153 439 5.01 
153 448 6.01 
153 462 10.01 
153 469 7.01 
321 216 4.01 
321 286 6.01 
321 339 5.01 
321 394 7.01 
321 449 8.01 
321 453 3.01 
321 455 8.01 
321 480 13.01 
321 481 11.01 
321 483 15.01 
321 496 25.009999999999998 
321 499 36.01 
256 16 4.01 
256 167 4.01 
256 218 5.01 
256 275 4.01 
256 331 9.01 
256 374 3.01 
256 409 5.01 
256 426 13.01 
256 444 2.01 
256 462 4.01 
256 484 13.01 
256 494 11.01 
221 102 11.01 
221 129 11.01 
221 239 2.01 
221 299 0.01 
221 311 7.01 
221 351 6.01 
221 398 5.01 
221 432 9.01 
221 445 6.01 
221 455 9.01 
221 492 16.009999999999998 
221 499 37.01 
247 29 2.01 
247 166 10.01 
247 173 4.01 
247 202 1.01 
247 239 3.01 
247 350 3.01 
247 386 5.01 
247 430 4.01 
247 457 4.01 
247 493 11.01 
247 498 39.01 
247 499 24.009999999999998 
162 58 4.01 
162 223 9.01 
162 274 7.01 
162 339 4.01 
162 379 12.01 
162 438 4.01 
162 459 6.01 
162 463 8.01 
162 465 11.01 
162 488 14.01 
162 495 17.009999999999998 
162 499 37.01 
306 209 7.01 
306 232 5.01 
306 262 5.01 
306 358 3.01 
306 428 8.01 
306 450 5.01 
306 487 10.01 
306 489 11.01 
306 491 10.01 
306 495 21.009999999999998 
306 496 17.009999999999998 
306 498 30.009999999999998 
252 25 6.01 
252 247 6.01 
252 303 8.01 
252 448 3.01 
252 450 9.01 
252 455 2.01 
252 472 14.01 
252 476 16.009999999999998 
252 479 8.01 
252 487 15.01 
252 488 14.01 
252 497 30.009999999999998 
226 237 6.01 
226 243 5.01 
226 295 5.01 
226 298 5.01 
226 310 3.01 
226 360 3.01 
226 390 6.01 
226 456 8.01 
226 481 16.009999999999998 
226 486 9.01 
226 487 11.01 
226 499 38.01 
181 4 3.01 
181 90 4.01 
181 249 3.01 
181 277 1.01 
181 360 5.01 
181 390 0.01 
181 392 7.01 
181 400 8.01 
181 456 7.01 
181 471 4.01 
181 496 11.01 
181 498 24.009999999999998 
203 72 6.01 
203 85 4.01 
203 172 5.01 
203 291 7.01 
203 330 7.01 
203 355 8.01 
203 415 0.01 
203 471 9.01 
203 477 11.01 
203 488 15.01 
203 494 17.009999999999998 
203 499 55.01 
325 112 1.01 
325 238 9.01 
325 239 7.01 
325 250 7.01 
325 279 5.01 
325 445 13.01 
325 452 9.01 
325 457 10.01 
325 469 8.01 
325 493 13.01 
325 498 39.01 
325 499 31.009999999999998 
257 86 1.01 
257 326 5.01 
257 345 10.01 
257 392 2.01 
257 418 6.01 
257 420 6.01 
257 440 4.01 
257 465 7.01 
257 482 13.01 
257 488 9.01 
257 492 17.009999999999998 
257 498 28.009999999999998 
215 69 3.01 
215 142 2.01 
215 315 5.01 
215 402 8.01 
215 408 8.01 
215 422 5.01 
215 424 8.01 
215 480 9.01 
215 483 5.01 
215 493 15.01 
215 497 24.009999999999998 
215 499 28.009999999999998 
235 196 7.01 
235 263 7.01 
235 303 14.01 
235 325 4.01 
235 379 4.01 
235 398 3.01 
235 456 7.01 
235 462 6.01 
235 470 11.01 
235 496 19.009999999999998 
235 497 18.009999999999998 
235 498 20.009999999999998 
