1 66 7.01 
1 148 6.01 
1 190 7.01 
1 270 4.01 
1 289 7.01 
1 326 4.01 
1 377 5.01 
1 387 4.01 
1 390 12.01 
1 456 9.01 
1 468 15.01 
1 492 15.01 
66 128 4.01 
66 263 4.01 
66 327 9.01 
66 374 5.01 
66 391 8.01 
66 418 13.01 
66 439 9.01 
66 442 9.01 
66 447 10.01 
66 451 10.01 
66 456 12.01 
66 499 27.009999999999998 
148 147 9.01 
148 263 6.01 
148 325 7.01 
148 379 8.01 
148 393 11.01 
148 425 6.01 
148 436 7.01 
148 445 4.01 
148 471 12.01 
148 473 10.01 
148 497 19.009999999999998 
148 499 18.009999999999998 
190 97 5.01 
190 143 7.01 
190 361 2.01 
190 383 7.01 
190 385 6.01 
190 448 14.01 
190 459 2.01 
190 473 6.01 
190 485 10.01 
190 491 18.009999999999998 
190 497 17.009999999999998 
190 499 27.009999999999998 
270 23 8.01 
270 173 5.01 
270 273 5.01 
270 284 5.01 
270 347 5.01 
270 379 5.01 
270 449 10.01 
270 458 6.01 
270 469 7.01 
270 494 10.01 
270 497 22.009999999999998 
289 65 7.01 
289 70 6.01 
289 158 6.01 
289 228 5.01 
289 305 11.01 
289 313 6.01 
289 317 8.01 
289 409 10.01 
289 442 8.01 
289 446 6.01 
289 456 13.01 
326 65 9.01 
326 76 6.01 
326 242 5.01 
326 256 8.01 
326 275 6.01 
326 341 10.01 
326 377 10.01 
326 417 12.01 
326 435 5.01 
326 476 12.01 
326 500 31.009999999999998 
377 33 9.01 
377 73 8.01 
377 82 5.01 
377 256 3.01 
377 276 4.01 
377 369 9.01 
377 373 5.01 
377 395 5.01 
377 435 6.01 
377 456 6.01 
377 459 13.01 
387 32 17.009999999999998 
387 173 7.01 
387 354 8.01 
387 365 6.01 
387 378 3.01 
387 414 15.01 
387 441 9.01 
387 453 15.01 
387 454 8.01 
387 481 13.01 
387 492 16.009999999999998 
390 88 3.01 
390 173 8.01 
390 260 10.01 
390 323 11.01 
390 388 6.01 
390 399 5.01 
390 446 7.01 
390 477 6.01 
390 489 10.01 
390 497 22.009999999999998 
390 500 20.009999999999998 
456 6 10.01 
456 51 7.01 
456 90 8.01 
456 193 16.009999999999998 
456 272 11.01 
456 317 9.01 
456 365 8.01 
456 385 8.01 
456 442 10.01 
456 445 8.01 
456 446 10.01 
468 87 9.01 
468 89 5.01 
468 133 8.01 
468 145 13.01 
468 225 13.01 
468 230 9.01 
468 422 7.01 
468 477 17.009999999999998 
468 481 10.01 
468 489 6.01 
468 500 34.01 
492 80 14.01 
492 224 12.01 
492 261 15.01 
492 345 24.009999999999998 
492 379 12.01 
492 407 28.009999999999998 
492 433 14.01 
492 457 16.009999999999998 
492 467 18.009999999999998 
492 476 16.009999999999998 
492 500 36.01 
2 53 1.01 
2 195 8.01 
2 231 6.01 
2 264 13.01 
2 374 8.01 
2 407 5.01 
2 432 6.01 
2 438 6.01 
2 461 13.01 
2 490 17.009999999999998 
2 498 20.009999999999998 
2 499 18.009999999999998 
53 79 6.01 
53 132 7.01 
53 190 3.01 
53 219 3.01 
53 344 4.01 
53 382 6.01 
53 420 6.01 
53 471 9.01 
53 490 15.01 
53 494 14.01 
53 498 12.01 
53 500 40.01 
195 108 2.01 
195 169 6.01 
195 251 6.01 
195 274 3.01 
195 279 3.01 
195 322 5.01 
195 378 12.01 
195 432 13.01 
195 436 2.01 
195 455 6.01 
195 476 7.01 
195 484 14.01 
231 11 8.01 
231 123 4.01 
231 253 3.01 
231 282 5.01 
231 392 4.01 
231 429 9.01 
231 441 8.01 
231 449 12.01 
231 451 13.01 
231 461 14.01 
231 500 21.009999999999998 
264 60 8.01 
264 112 3.01 
264 182 5.01 
264 209 4.01 
264 269 1.01 
264 358 5.01 
264 421 8.01 
264 426 3.01 
264 437 6.01 
264 457 8.01 
264 494 20.009999999999998 
374 110 3.01 
374 153 8.01 
374 199 11.01 
374 272 10.01 
374 279 4.01 
374 315 5.01 
374 336 6.01 
374 375 7.01 
374 407 14.01 
374 444 13.01 
374 480 8.01 
407 69 13.01 
407 89 5.01 
407 110 6.01 
407 138 5.01 
407 297 2.01 
407 329 5.01 
407 345 8.01 
407 356 5.01 
407 379 12.01 
407 383 11.01 
407 472 5.01 
432 26 12.01 
432 116 12.01 
432 354 2.01 
432 383 7.01 
432 441 14.01 
432 477 9.01 
432 484 16.009999999999998 
432 487 11.01 
432 490 16.009999999999998 
432 491 19.009999999999998 
432 498 14.01 
438 70 16.009999999999998 
438 93 8.01 
438 135 4.01 
438 172 2.01 
438 186 7.01 
438 317 10.01 
438 350 8.01 
438 474 14.01 
438 480 17.009999999999998 
438 496 23.009999999999998 
438 500 37.01 
461 179 3.01 
461 195 6.01 
461 226 11.01 
461 266 10.01 
461 292 9.01 
461 300 9.01 
461 306 5.01 
461 401 9.01 
461 443 11.01 
461 448 14.01 
461 490 13.01 
490 57 14.01 
490 259 16.009999999999998 
490 374 12.01 
490 409 20.009999999999998 
490 419 19.009999999999998 
490 437 16.009999999999998 
490 474 17.009999999999998 
490 484 14.01 
490 489 17.009999999999998 
490 493 21.009999999999998 
490 500 38.01 
498 139 29.009999999999998 
498 261 17.009999999999998 
498 329 21.009999999999998 
498 344 16.009999999999998 
498 373 22.009999999999998 
498 417 12.01 
498 450 20.009999999999998 
498 462 18.009999999999998 
498 486 27.009999999999998 
498 490 37.01 
498 494 24.009999999999998 
499 114 15.01 
499 188 30.009999999999998 
499 211 20.009999999999998 
499 213 22.009999999999998 
499 337 26.009999999999998 
499 446 26.009999999999998 
499 456 26.009999999999998 
499 460 26.009999999999998 
499 474 22.009999999999998 
499 493 23.009999999999998 
499 497 29.009999999999998 
3 82 7.01 
3 283 6.01 
3 292 5.01 
3 311 3.01 
3 313 3.01 
3 365 12.01 
3 386 4.01 
3 406 8.01 
3 424 13.01 
3 435 8.01 
3 438 8.01 
3 493 21.009999999999998 
82 90 10.01 
82 178 5.01 
82 189 6.01 
82 208 6.01 
82 233 3.01 
82 332 7.01 
82 336 8.01 
82 378 10.01 
82 436 9.01 
82 443 9.01 
82 447 9.01 
82 492 8.01 
283 17 4.01 
283 169 2.01 
283 180 9.01 
283 330 2.01 
283 384 6.01 
283 387 7.01 
283 416 4.01 
283 428 9.01 
283 457 8.01 
283 474 6.01 
283 486 21.009999999999998 
292 47 3.01 
292 201 10.01 
292 351 6.01 
292 360 4.01 
292 395 8.01 
292 414 7.01 
292 424 5.01 
292 447 8.01 
292 464 6.01 
292 493 17.009999999999998 
292 494 22.009999999999998 
311 23 5.01 
311 39 8.01 
311 73 5.01 
311 165 5.01 
311 179 7.01 
311 189 7.01 
311 357 4.01 
311 382 10.01 
311 402 6.01 
311 431 7.01 
311 493 16.009999999999998 
313 17 10.01 
313 27 3.01 
313 41 8.01 
313 267 7.01 
313 269 8.01 
313 405 5.01 
313 446 13.01 
313 457 12.01 
313 480 4.01 
313 486 11.01 
313 494 10.01 
365 183 9.01 
365 198 9.01 
365 326 13.01 
365 418 5.01 
365 422 6.01 
365 442 9.01 
365 447 7.01 
365 456 5.01 
365 471 6.01 
365 494 16.009999999999998 
365 496 8.01 
386 55 7.01 
386 136 7.01 
386 183 6.01 
386 193 5.01 
386 274 4.01 
386 292 7.01 
386 404 2.01 
386 454 4.01 
386 459 8.01 
386 486 21.009999999999998 
386 494 17.009999999999998 
406 18 4.01 
406 125 7.01 
406 138 7.01 
406 175 4.01 
406 232 13.01 
406 412 11.01 
406 443 4.01 
406 478 8.01 
406 486 7.01 
406 489 15.01 
406 494 15.01 
424 22 9.01 
424 117 4.01 
424 166 5.01 
424 292 2.01 
424 301 5.01 
424 311 11.01 
424 416 6.01 
424 478 11.01 
424 486 23.009999999999998 
424 493 27.009999999999998 
424 500 21.009999999999998 
435 126 9.01 
435 168 6.01 
435 277 13.01 
435 347 11.01 
435 400 6.01 
435 438 8.01 
435 458 7.01 
435 475 14.01 
435 493 16.009999999999998 
435 496 24.009999999999998 
435 500 38.01 
493 311 16.009999999999998 
493 313 16.009999999999998 
493 404 22.009999999999998 
493 406 17.009999999999998 
493 423 8.01 
493 424 24.009999999999998 
493 428 13.01 
493 452 20.009999999999998 
493 485 9.01 
493 497 30.009999999999998 
493 500 21.009999999999998 
4 70 4.01 
4 95 6.01 
4 180 7.01 
4 330 4.01 
4 358 5.01 
4 415 13.01 
4 431 7.01 
4 438 12.01 
4 449 7.01 
4 451 11.01 
4 459 11.01 
4 483 9.01 
70 42 7.01 
70 135 9.01 
70 273 7.01 
70 278 4.01 
70 323 7.01 
70 389 7.01 
70 407 6.01 
70 454 7.01 
70 458 7.01 
70 483 9.01 
70 484 5.01 
70 487 14.01 
95 243 11.01 
95 245 7.01 
95 304 7.01 
95 332 8.01 
95 356 8.01 
95 380 7.01 
95 433 7.01 
95 473 11.01 
95 492 16.009999999999998 
95 498 8.01 
95 499 19.009999999999998 
95 500 36.01 
180 56 4.01 
180 130 5.01 
180 302 8.01 
180 316 6.01 
180 319 4.01 
180 325 4.01 
180 350 4.01 
180 395 3.01 
180 398 4.01 
180 420 9.01 
180 444 14.01 
180 483 12.01 
330 36 9.01 
330 45 3.01 
330 104 11.01 
330 316 10.01 
330 385 10.01 
330 424 12.01 
330 426 7.01 
330 444 11.01 
330 486 9.01 
330 490 11.01 
330 498 21.009999999999998 
358 110 4.01 
358 130 9.01 
358 171 4.01 
358 206 9.01 
358 302 7.01 
358 347 7.01 
358 362 7.01 
358 363 4.01 
358 371 10.01 
358 413 5.01 
358 487 13.01 
415 245 10.01 
415 310 4.01 
415 346 8.01 
415 420 6.01 
415 453 11.01 
415 471 13.01 
415 481 8.01 
415 485 15.01 
415 497 17.009999999999998 
415 499 28.009999999999998 
415 500 31.009999999999998 
431 121 13.01 
431 142 4.01 
431 178 13.01 
431 267 9.01 
431 344 4.01 
431 406 9.01 
431 425 3.01 
431 429 8.01 
431 458 9.01 
431 464 8.01 
431 483 14.01 
449 59 8.01 
449 141 6.01 
449 185 14.01 
449 186 7.01 
449 258 10.01 
449 267 11.01 
449 358 11.01 
449 396 9.01 
449 458 11.01 
449 471 15.01 
449 488 10.01 
451 70 15.01 
451 145 6.01 
451 332 17.009999999999998 
451 341 11.01 
451 371 9.01 
451 396 10.01 
451 414 12.01 
451 429 9.01 
451 446 13.01 
451 464 12.01 
451 487 16.009999999999998 
459 17 8.01 
459 226 9.01 
459 326 13.01 
459 336 9.01 
459 341 7.01 
459 359 9.01 
459 403 10.01 
459 410 18.009999999999998 
459 411 9.01 
459 467 10.01 
459 492 16.009999999999998 
483 11 9.01 
483 35 19.009999999999998 
483 100 12.01 
483 332 7.01 
483 363 15.01 
483 420 12.01 
483 429 22.009999999999998 
483 437 12.01 
483 438 16.009999999999998 
483 480 12.01 
483 488 22.009999999999998 
5 191 4.01 
5 239 9.01 
5 291 8.01 
5 403 5.01 
5 425 8.01 
5 432 4.01 
5 433 8.01 
5 445 11.01 
5 471 14.01 
5 496 15.01 
5 497 13.01 
5 499 24.009999999999998 
191 96 2.01 
191 203 6.01 
191 309 11.01 
191 348 8.01 
191 355 3.01 
191 361 11.01 
191 366 2.01 
191 430 9.01 
191 453 5.01 
191 473 15.01 
191 497 28.009999999999998 
191 500 33.01 
239 113 3.01 
239 141 7.01 
239 215 10.01 
239 278 5.01 
239 314 4.01 
239 319 8.01 
239 348 12.01 
239 394 8.01 
239 412 7.01 
239 437 9.01 
239 490 13.01 
291 245 8.01 
291 254 7.01 
291 268 5.01 
291 315 3.01 
291 331 3.01 
291 380 9.01 
291 430 6.01 
291 439 8.01 
291 473 9.01 
291 479 13.01 
291 499 24.009999999999998 
403 102 3.01 
403 204 7.01 
403 208 6.01 
403 236 5.01 
403 322 4.01 
403 426 5.01 
403 438 10.01 
403 470 3.01 
403 495 12.01 
403 496 15.01 
403 500 37.01 
425 150 14.01 
425 307 5.01 
425 368 7.01 
425 410 7.01 
425 435 11.01 
425 441 12.01 
425 446 10.01 
425 473 7.01 
425 485 17.009999999999998 
425 497 19.009999999999998 
425 499 16.009999999999998 
433 36 9.01 
433 275 8.01 
433 337 9.01 
433 395 10.01 
433 425 18.009999999999998 
433 439 11.01 
433 441 13.01 
433 466 8.01 
433 471 17.009999999999998 
433 479 7.01 
433 500 23.009999999999998 
445 177 11.01 
445 237 7.01 
445 243 7.01 
445 332 7.01 
445 335 14.01 
445 361 9.01 
445 407 11.01 
445 415 8.01 
445 485 15.01 
445 497 18.009999999999998 
445 499 27.009999999999998 
471 36 18.009999999999998 
471 78 12.01 
471 106 9.01 
471 147 15.01 
471 161 12.01 
471 339 9.01 
471 440 14.01 
471 473 19.009999999999998 
471 479 10.01 
471 497 18.009999999999998 
471 499 30.009999999999998 
496 163 12.01 
496 176 25.009999999999998 
496 227 20.009999999999998 
496 256 23.009999999999998 
496 316 16.009999999999998 
496 329 26.009999999999998 
496 357 22.009999999999998 
496 414 18.009999999999998 
496 443 11.01 
496 474 26.009999999999998 
496 499 33.01 
497 60 18.009999999999998 
497 91 16.009999999999998 
497 148 17.009999999999998 
497 165 17.009999999999998 
497 213 26.009999999999998 
497 233 13.01 
497 304 28.009999999999998 
497 325 22.009999999999998 
497 381 13.01 
497 471 25.009999999999998 
497 473 33.01 
6 47 7.01 
6 51 8.01 
6 255 6.01 
6 287 6.01 
6 412 14.01 
6 428 5.01 
6 436 9.01 
6 444 4.01 
6 445 11.01 
6 476 8.01 
6 478 12.01 
6 494 13.01 
47 144 6.01 
47 252 4.01 
47 311 8.01 
47 342 9.01 
47 384 7.01 
47 392 7.01 
47 397 9.01 
47 410 7.01 
47 457 9.01 
47 478 13.01 
47 486 12.01 
47 491 18.009999999999998 
51 68 9.01 
51 165 6.01 
51 216 7.01 
51 274 4.01 
51 312 6.01 
51 352 9.01 
51 422 7.01 
51 454 3.01 
51 473 7.01 
51 491 15.01 
51 495 11.01 
51 500 34.01 
255 62 3.01 
255 191 9.01 
255 310 8.01 
255 328 4.01 
255 344 8.01 
255 409 4.01 
255 430 9.01 
255 433 10.01 
255 435 9.01 
255 460 11.01 
255 479 9.01 
287 16 4.01 
287 65 5.01 
287 167 5.01 
287 330 7.01 
287 369 11.01 
287 391 4.01 
287 397 11.01 
287 403 4.01 
287 455 7.01 
287 467 6.01 
287 500 37.01 
412 96 2.01 
412 241 8.01 
412 333 6.01 
412 376 8.01 
412 382 7.01 
412 416 11.01 
412 423 10.01 
412 467 5.01 
412 478 18.009999999999998 
412 482 9.01 
412 486 18.009999999999998 
428 10 4.01 
428 97 9.01 
428 271 12.01 
428 320 13.01 
428 362 6.01 
428 369 7.01 
428 404 7.01 
428 476 16.009999999999998 
428 493 14.01 
428 496 21.009999999999998 
428 499 32.01 
436 85 8.01 
436 200 11.01 
436 324 8.01 
436 373 11.01 
436 374 10.01 
436 401 17.009999999999998 
436 456 10.01 
436 467 11.01 
436 491 20.009999999999998 
436 498 17.009999999999998 
436 500 33.01 
444 57 6.01 
444 71 15.01 
444 104 14.01 
444 222 16.009999999999998 
444 326 7.01 
444 356 14.01 
444 407 12.01 
444 459 7.01 
444 475 8.01 
444 481 7.01 
444 490 25.009999999999998 
476 147 15.01 
476 225 11.01 
476 357 10.01 
476 363 9.01 
476 400 16.009999999999998 
476 449 14.01 
476 465 16.009999999999998 
476 472 19.009999999999998 
476 481 10.01 
476 487 17.009999999999998 
476 496 19.009999999999998 
478 9 20.009999999999998 
478 92 12.01 
478 183 13.01 
478 204 10.01 
478 235 12.01 
478 290 10.01 
478 388 12.01 
478 413 8.01 
478 444 13.01 
478 457 6.01 
478 494 24.009999999999998 
494 105 14.01 
494 235 15.01 
494 271 11.01 
494 282 18.009999999999998 
494 387 13.01 
494 416 14.01 
494 452 15.01 
494 471 14.01 
494 490 21.009999999999998 
494 493 18.009999999999998 
494 499 18.009999999999998 
7 90 4.01 
7 150 4.01 
7 241 3.01 
7 337 6.01 
7 404 0.01 
7 433 10.01 
7 445 9.01 
7 463 12.01 
7 469 8.01 
7 470 14.01 
7 497 18.009999999999998 
7 499 21.009999999999998 
90 87 4.01 
90 189 14.01 
90 210 7.01 
90 362 4.01 
90 369 7.01 
90 449 6.01 
90 454 4.01 
90 456 3.01 
90 490 11.01 
90 492 20.009999999999998 
90 493 14.01 
90 500 37.01 
150 40 2.01 
150 67 7.01 
150 99 2.01 
150 161 3.01 
150 339 8.01 
150 380 8.01 
150 403 5.01 
150 453 3.01 
150 485 12.01 
150 495 19.009999999999998 
150 499 27.009999999999998 
150 500 25.009999999999998 
241 155 7.01 
241 256 2.01 
241 310 5.01 
241 361 10.01 
241 366 6.01 
241 430 4.01 
241 474 6.01 
241 488 11.01 
241 497 20.009999999999998 
241 498 16.009999999999998 
241 499 23.009999999999998 
337 201 5.01 
337 308 4.01 
337 439 6.01 
337 453 13.01 
337 460 13.01 
337 465 8.01 
337 470 17.009999999999998 
337 473 8.01 
337 485 5.01 
337 492 9.01 
337 497 18.009999999999998 
404 27 11.01 
404 204 4.01 
404 268 7.01 
404 269 10.01 
404 288 7.01 
404 289 8.01 
404 424 12.01 
404 486 8.01 
404 493 15.01 
404 494 24.009999999999998 
404 497 18.009999999999998 
463 28 8.01 
463 49 7.01 
463 119 5.01 
463 284 9.01 
463 294 3.01 
463 295 15.01 
463 421 15.01 
463 454 15.01 
463 475 14.01 
463 492 14.01 
463 494 13.01 
469 15 9.01 
469 60 7.01 
469 150 10.01 
469 177 9.01 
469 240 11.01 
469 243 1.01 
469 425 12.01 
469 484 16.009999999999998 
469 485 17.009999999999998 
469 496 26.009999999999998 
469 499 19.009999999999998 
470 61 11.01 
470 84 6.01 
470 95 9.01 
470 115 6.01 
470 155 13.01 
470 334 11.01 
470 425 16.009999999999998 
470 431 8.01 
470 460 13.01 
470 493 17.009999999999998 
470 497 15.01 
8 35 11.01 
8 268 4.01 
8 321 5.01 
8 373 6.01 
8 375 8.01 
8 399 6.01 
8 408 9.01 
8 437 2.01 
8 446 7.01 
8 483 8.01 
8 490 21.009999999999998 
8 498 21.009999999999998 
35 99 4.01 
35 180 5.01 
35 239 7.01 
35 273 8.01 
35 293 12.01 
35 306 6.01 
35 368 7.01 
35 421 12.01 
35 456 7.01 
35 483 13.01 
35 488 10.01 
35 497 25.009999999999998 
268 34 3.01 
268 103 9.01 
268 114 8.01 
268 136 4.01 
268 225 3.01 
268 250 8.01 
268 273 7.01 
268 355 6.01 
268 485 13.01 
268 497 21.009999999999998 
268 499 19.009999999999998 
321 111 7.01 
321 281 3.01 
321 317 7.01 
321 357 8.01 
321 389 15.01 
321 423 7.01 
321 425 5.01 
321 434 13.01 
321 466 6.01 
321 473 12.01 
321 494 11.01 
373 167 6.01 
373 293 6.01 
373 375 3.01 
373 419 7.01 
373 437 9.01 
373 460 10.01 
373 462 8.01 
373 466 11.01 
373 482 11.01 
373 486 9.01 
373 498 12.01 
375 47 2.01 
375 115 7.01 
375 330 8.01 
375 345 11.01 
375 352 6.01 
375 371 8.01 
375 373 8.01 
375 441 10.01 
375 488 9.01 
375 496 11.01 
375 498 20.009999999999998 
399 115 7.01 
399 178 5.01 
399 214 8.01 
399 417 11.01 
399 436 8.01 
399 444 4.01 
399 447 9.01 
399 485 12.01 
399 493 13.01 
399 496 9.01 
399 498 23.009999999999998 
408 159 9.01 
408 279 6.01 
408 296 6.01 
408 306 14.01 
408 399 10.01 
408 411 8.01 
408 429 11.01 
408 447 13.01 
408 457 4.01 
408 483 14.01 
408 490 18.009999999999998 
437 19 3.01 
437 22 5.01 
437 69 10.01 
437 109 9.01 
437 148 8.01 
437 285 6.01 
437 300 8.01 
437 367 8.01 
437 393 13.01 
437 408 10.01 
437 443 15.01 
446 211 10.01 
446 262 7.01 
446 323 6.01 
446 325 9.01 
446 434 15.01 
446 437 10.01 
446 456 15.01 
446 461 14.01 
446 469 8.01 
446 492 18.009999999999998 
446 496 16.009999999999998 
9 61 6.01 
9 96 3.01 
9 109 6.01 
9 204 4.01 
9 260 5.01 
9 281 7.01 
9 382 13.01 
9 384 8.01 
9 426 6.01 
9 464 4.01 
9 493 14.01 
9 494 18.009999999999998 
61 235 3.01 
61 259 7.01 
61 269 10.01 
61 294 5.01 
61 295 10.01 
61 411 7.01 
61 441 5.01 
61 442 3.01 
61 457 7.01 
61 464 6.01 
61 483 4.01 
61 486 7.01 
96 6 4.01 
96 9 7.01 
96 21 5.01 
96 93 3.01 
96 189 5.01 
96 204 4.01 
96 227 3.01 
96 270 7.01 
96 292 7.01 
96 302 2.01 
96 310 7.01 
96 433 4.01 
109 101 9.01 
109 113 10.01 
109 125 9.01 
109 231 11.01 
109 326 6.01 
109 380 7.01 
109 390 4.01 
109 413 7.01 
109 420 9.01 
109 466 9.01 
109 483 11.01 
109 487 23.009999999999998 
204 3 8.01 
204 10 9.01 
204 34 2.01 
204 197 4.01 
204 251 7.01 
204 257 3.01 
204 386 6.01 
204 404 3.01 
204 438 11.01 
204 478 16.009999999999998 
204 484 9.01 
204 493 18.009999999999998 
260 50 12.01 
260 152 8.01 
260 198 7.01 
260 211 5.01 
260 240 2.01 
260 365 12.01 
260 446 10.01 
260 455 6.01 
260 468 5.01 
260 474 13.01 
260 475 9.01 
281 20 8.01 
281 25 7.01 
281 141 8.01 
281 359 5.01 
281 366 5.01 
281 406 6.01 
281 458 5.01 
281 463 13.01 
281 480 8.01 
281 489 9.01 
281 500 40.01 
382 52 4.01 
382 207 8.01 
382 305 3.01 
382 372 5.01 
382 386 12.01 
382 402 7.01 
382 452 5.01 
382 478 12.01 
382 493 24.009999999999998 
382 497 19.009999999999998 
382 500 31.009999999999998 
384 76 9.01 
384 105 13.01 
384 118 7.01 
384 127 7.01 
384 397 7.01 
384 402 7.01 
384 436 8.01 
384 447 5.01 
384 486 9.01 
384 495 10.01 
384 498 23.009999999999998 
426 64 7.01 
426 114 4.01 
426 207 10.01 
426 229 4.01 
426 230 9.01 
426 267 10.01 
426 296 9.01 
426 454 11.01 
426 475 12.01 
426 489 13.01 
426 496 16.009999999999998 
464 149 12.01 
464 217 12.01 
464 231 17.009999999999998 
464 244 8.01 
464 248 12.01 
464 356 6.01 
464 401 8.01 
464 458 9.01 
464 484 9.01 
464 487 25.009999999999998 
464 500 38.01 
10 18 4.01 
10 48 4.01 
10 192 11.01 
10 252 10.01 
10 287 4.01 
10 308 2.01 
10 376 9.01 
10 392 6.01 
10 401 8.01 
10 461 11.01 
10 470 8.01 
10 494 15.01 
18 83 6.01 
18 92 3.01 
18 160 11.01 
18 202 2.01 
18 220 9.01 
18 283 8.01 
18 322 4.01 
18 412 10.01 
18 477 12.01 
18 478 22.009999999999998 
18 487 11.01 
18 494 15.01 
48 109 7.01 
48 121 7.01 
48 207 8.01 
48 265 5.01 
48 320 10.01 
48 376 8.01 
48 382 11.01 
48 386 12.01 
48 457 8.01 
48 486 18.009999999999998 
48 494 19.009999999999998 
48 498 18.009999999999998 
192 182 10.01 
192 206 10.01 
192 252 9.01 
192 292 3.01 
192 412 5.01 
192 429 8.01 
192 445 6.01 
192 452 10.01 
192 454 10.01 
192 459 11.01 
192 486 13.01 
192 494 12.01 
252 47 6.01 
252 79 4.01 
252 138 6.01 
252 164 7.01 
252 216 6.01 
252 416 9.01 
252 443 10.01 
252 448 8.01 
252 493 10.01 
252 494 13.01 
252 500 34.01 
308 85 4.01 
308 132 9.01 
308 188 6.01 
308 196 8.01 
308 338 5.01 
308 345 11.01 
308 359 6.01 
308 399 4.01 
308 416 8.01 
308 437 12.01 
308 452 8.01 
376 3 5.01 
376 257 7.01 
376 282 6.01 
376 306 4.01 
376 375 13.01 
376 393 12.01 
376 447 8.01 
376 450 9.01 
376 460 12.01 
376 493 11.01 
376 494 20.009999999999998 
392 113 5.01 
392 144 9.01 
392 175 1.01 
392 180 10.01 
392 187 6.01 
392 201 5.01 
392 206 7.01 
392 332 5.01 
392 444 8.01 
392 462 9.01 
392 466 10.01 
401 196 7.01 
401 222 12.01 
401 308 11.01 
401 373 8.01 
401 453 8.01 
401 467 6.01 
401 479 7.01 
401 489 14.01 
401 490 9.01 
401 498 22.009999999999998 
401 500 26.009999999999998 
11 156 3.01 
11 275 3.01 
11 298 7.01 
11 319 3.01 
11 371 5.01 
11 373 4.01 
11 409 11.01 
11 420 9.01 
11 427 9.01 
11 466 7.01 
11 483 10.01 
11 500 40.01 
156 14 4.01 
156 241 3.01 
156 328 5.01 
156 415 4.01 
156 421 5.01 
156 445 10.01 
156 471 6.01 
156 472 7.01 
156 473 6.01 
156 485 7.01 
156 497 22.009999999999998 
156 499 26.009999999999998 
275 28 6.01 
275 199 3.01 
275 224 8.01 
275 228 4.01 
275 363 6.01 
275 419 7.01 
275 454 7.01 
275 476 6.01 
275 489 14.01 
275 495 10.01 
275 500 35.01 
298 133 3.01 
298 260 6.01 
298 334 5.01 
298 361 6.01 
298 398 6.01 
298 413 9.01 
298 431 10.01 
298 449 9.01 
298 451 10.01 
298 466 11.01 
298 499 26.009999999999998 
319 107 3.01 
319 175 5.01 
319 220 2.01 
319 314 7.01 
319 393 8.01 
319 415 4.01 
319 421 10.01 
319 449 15.01 
319 487 12.01 
319 489 16.009999999999998 
319 498 17.009999999999998 
371 119 7.01 
371 130 13.01 
371 217 9.01 
371 288 4.01 
371 314 5.01 
371 379 5.01 
371 424 11.01 
371 431 11.01 
371 449 9.01 
371 487 12.01 
371 496 19.009999999999998 
409 159 3.01 
409 257 6.01 
409 337 3.01 
409 374 9.01 
409 398 7.01 
409 413 11.01 
409 417 10.01 
409 427 10.01 
409 482 16.009999999999998 
409 484 20.009999999999998 
409 498 9.01 
420 53 4.01 
420 109 9.01 
420 149 11.01 
420 202 11.01 
420 217 11.01 
420 349 6.01 
420 391 9.01 
420 421 5.01 
420 422 8.01 
420 429 10.01 
420 476 12.01 
427 124 7.01 
427 144 9.01 
427 246 11.01 
427 267 8.01 
427 394 5.01 
427 413 7.01 
427 450 10.01 
427 473 8.01 
427 483 9.01 
427 495 15.01 
427 500 30.009999999999998 
466 14 9.01 
466 43 7.01 
466 74 7.01 
466 101 7.01 
466 218 6.01 
466 303 9.01 
466 358 10.01 
466 422 15.01 
466 458 13.01 
466 468 18.009999999999998 
466 498 12.01 
500 227 38.01 
500 293 29.009999999999998 
500 295 34.01 
500 348 42.01 
500 353 30.009999999999998 
500 397 26.009999999999998 
500 459 33.01 
500 468 21.009999999999998 
500 472 24.009999999999998 
500 474 31.009999999999998 
500 496 36.01 
12 62 4.01 
12 81 4.01 
12 266 5.01 
12 351 8.01 
12 357 4.01 
12 381 8.01 
12 385 4.01 
12 405 5.01 
12 423 4.01 
12 476 11.01 
12 496 18.009999999999998 
12 500 32.01 
62 117 5.01 
62 121 4.01 
62 260 8.01 
62 318 6.01 
62 401 8.01 
62 435 7.01 
62 479 10.01 
62 489 17.009999999999998 
62 491 15.01 
62 495 15.01 
62 497 9.01 
62 500 32.01 
81 63 4.01 
81 107 4.01 
81 259 8.01 
81 266 7.01 
81 335 14.01 
81 463 10.01 
81 465 8.01 
81 467 10.01 
81 476 9.01 
81 489 14.01 
81 499 20.009999999999998 
81 500 34.01 
266 100 5.01 
266 362 7.01 
266 403 5.01 
266 426 14.01 
266 440 12.01 
266 463 8.01 
266 488 16.009999999999998 
266 489 16.009999999999998 
266 490 14.01 
266 492 17.009999999999998 
266 497 15.01 
351 134 7.01 
351 349 8.01 
351 415 7.01 
351 433 9.01 
351 453 9.01 
351 458 8.01 
351 469 13.01 
351 479 9.01 
351 485 14.01 
351 497 20.009999999999998 
351 499 19.009999999999998 
357 199 7.01 
357 320 5.01 
357 322 8.01 
357 424 7.01 
357 438 6.01 
357 450 7.01 
357 453 11.01 
357 463 11.01 
357 474 7.01 
357 479 12.01 
357 500 40.01 
381 65 8.01 
381 137 1.01 
381 205 12.01 
381 350 6.01 
381 368 10.01 
381 459 15.01 
381 464 18.009999999999998 
381 480 8.01 
381 487 21.009999999999998 
381 495 20.009999999999998 
381 500 37.01 
385 71 4.01 
385 195 5.01 
385 263 5.01 
385 407 6.01 
385 417 13.01 
385 441 13.01 
385 447 6.01 
385 471 18.009999999999998 
385 475 19.009999999999998 
385 490 14.01 
385 498 20.009999999999998 
405 37 8.01 
405 181 8.01 
405 223 8.01 
405 294 5.01 
405 335 7.01 
405 479 13.01 
405 488 9.01 
405 489 10.01 
405 495 17.009999999999998 
405 498 13.01 
405 500 43.01 
423 55 6.01 
423 112 8.01 
423 284 13.01 
423 287 6.01 
423 347 8.01 
423 389 13.01 
423 391 5.01 
423 430 6.01 
423 480 15.01 
423 490 23.009999999999998 
423 500 33.01 
13 69 3.01 
13 107 1.01 
13 128 5.01 
13 218 5.01 
13 285 7.01 
13 363 8.01 
13 410 9.01 
13 411 5.01 
13 415 6.01 
13 468 14.01 
13 474 7.01 
13 500 41.01 
69 90 3.01 
69 110 11.01 
69 272 7.01 
69 385 5.01 
69 398 7.01 
69 402 14.01 
69 417 9.01 
69 435 5.01 
69 461 12.01 
69 484 7.01 
69 498 19.009999999999998 
69 499 22.009999999999998 
107 13 6.01 
107 20 4.01 
107 136 4.01 
107 139 5.01 
107 159 8.01 
107 277 8.01 
107 364 10.01 
107 426 9.01 
107 491 14.01 
107 494 12.01 
107 495 22.009999999999998 
107 500 36.01 
128 202 6.01 
128 278 4.01 
128 355 6.01 
128 383 6.01 
128 412 12.01 
128 452 11.01 
128 472 6.01 
128 481 5.01 
128 493 20.009999999999998 
128 495 16.009999999999998 
128 497 13.01 
128 499 22.009999999999998 
218 113 2.01 
218 275 7.01 
218 333 6.01 
218 348 10.01 
218 357 7.01 
218 448 12.01 
218 482 8.01 
218 489 12.01 
218 495 19.009999999999998 
218 499 16.009999999999998 
218 500 39.01 
285 77 7.01 
285 115 5.01 
285 154 6.01 
285 228 3.01 
285 300 5.01 
285 329 7.01 
285 408 8.01 
285 437 12.01 
285 444 6.01 
285 450 16.009999999999998 
285 471 16.009999999999998 
363 29 6.01 
363 281 10.01 
363 331 8.01 
363 338 11.01 
363 349 5.01 
363 358 6.01 
363 362 7.01 
363 434 14.01 
363 463 12.01 
363 494 11.01 
363 500 28.009999999999998 
410 44 4.01 
410 51 5.01 
410 73 7.01 
410 170 8.01 
410 199 6.01 
410 200 9.01 
410 208 5.01 
410 322 10.01 
410 487 10.01 
410 499 25.009999999999998 
410 500 31.009999999999998 
411 224 6.01 
411 249 6.01 
411 324 10.01 
411 331 4.01 
411 400 13.01 
411 405 9.01 
411 415 6.01 
411 429 15.01 
411 455 8.01 
411 466 18.009999999999998 
411 489 16.009999999999998 
474 146 13.01 
474 173 10.01 
474 266 10.01 
474 331 14.01 
474 341 15.01 
474 350 11.01 
474 352 20.009999999999998 
474 419 11.01 
474 440 14.01 
474 487 16.009999999999998 
474 488 21.009999999999998 
14 146 10.01 
14 149 6.01 
14 160 10.01 
14 177 6.01 
14 289 8.01 
14 303 8.01 
14 379 7.01 
14 394 7.01 
14 398 5.01 
14 402 4.01 
14 405 5.01 
14 493 18.009999999999998 
146 117 6.01 
146 251 4.01 
146 256 8.01 
146 331 4.01 
146 425 7.01 
146 448 8.01 
146 453 10.01 
146 475 13.01 
146 493 10.01 
146 496 13.01 
146 498 21.009999999999998 
146 500 28.009999999999998 
149 83 6.01 
149 119 4.01 
149 131 5.01 
149 195 5.01 
149 290 3.01 
149 302 6.01 
149 394 2.01 
149 395 6.01 
149 437 8.01 
149 483 13.01 
149 485 10.01 
149 500 36.01 
160 109 11.01 
160 170 6.01 
160 180 11.01 
160 298 8.01 
160 307 5.01 
160 314 14.01 
160 394 13.01 
160 397 12.01 
160 427 16.009999999999998 
160 487 14.01 
160 492 9.01 
160 494 12.01 
177 7 7.01 
177 48 12.01 
177 151 6.01 
177 234 6.01 
177 243 13.01 
177 268 2.01 
177 328 5.01 
177 445 8.01 
177 453 8.01 
177 485 16.009999999999998 
177 497 18.009999999999998 
177 499 29.009999999999998 
303 74 9.01 
303 202 6.01 
303 314 2.01 
303 383 2.01 
303 420 16.009999999999998 
303 451 13.01 
303 454 10.01 
303 472 11.01 
303 487 8.01 
303 489 9.01 
303 500 30.009999999999998 
379 229 6.01 
379 236 7.01 
379 256 10.01 
379 358 7.01 
379 383 13.01 
379 418 12.01 
379 429 8.01 
379 431 10.01 
379 451 14.01 
379 456 8.01 
379 465 8.01 
394 66 3.01 
394 113 7.01 
394 120 8.01 
394 149 6.01 
394 343 12.01 
394 451 7.01 
394 464 10.01 
394 473 5.01 
394 498 18.009999999999998 
394 499 30.009999999999998 
394 500 26.009999999999998 
398 120 6.01 
398 154 8.01 
398 278 12.01 
398 285 6.01 
398 307 5.01 
398 396 8.01 
398 440 20.009999999999998 
398 455 7.01 
398 481 12.01 
398 483 5.01 
398 500 40.01 
402 43 9.01 
402 58 2.01 
402 114 8.01 
402 118 10.01 
402 232 2.01 
402 247 5.01 
402 374 3.01 
402 406 5.01 
402 428 8.01 
402 440 7.01 
402 493 26.009999999999998 
15 45 7.01 
15 79 3.01 
15 114 3.01 
15 161 2.01 
15 203 6.01 
15 317 4.01 
15 353 7.01 
15 430 6.01 
15 433 7.01 
15 471 14.01 
15 499 27.009999999999998 
15 500 27.009999999999998 
45 89 6.01 
45 231 2.01 
45 244 6.01 
45 304 5.01 
45 388 4.01 
45 425 4.01 
45 460 10.01 
45 469 4.01 
45 471 10.01 
45 479 7.01 
45 496 14.01 
45 499 26.009999999999998 
79 138 8.01 
79 176 2.01 
79 250 6.01 
79 393 5.01 
79 402 6.01 
79 416 13.01 
79 442 5.01 
79 452 3.01 
79 459 6.01 
79 464 11.01 
79 493 17.009999999999998 
79 500 24.009999999999998 
114 30 9.01 
114 163 4.01 
114 188 7.01 
114 355 9.01 
114 359 6.01 
114 465 8.01 
114 468 5.01 
114 469 10.01 
114 470 8.01 
114 490 12.01 
114 491 9.01 
114 499 24.009999999999998 
161 5 7.01 
161 41 4.01 
161 78 10.01 
161 141 1.01 
161 156 11.01 
161 190 5.01 
161 268 7.01 
161 346 9.01 
161 460 8.01 
161 480 12.01 
161 497 15.01 
161 499 17.009999999999998 
203 95 10.01 
203 245 3.01 
203 255 12.01 
203 291 11.01 
203 300 8.01 
203 328 10.01 
203 409 6.01 
203 468 9.01 
203 471 12.01 
203 472 6.01 
203 476 12.01 
203 497 18.009999999999998 
317 198 5.01 
317 205 7.01 
317 230 8.01 
317 287 7.01 
317 330 6.01 
317 368 3.01 
317 451 11.01 
317 468 10.01 
317 481 15.01 
317 492 25.009999999999998 
317 500 37.01 
353 46 5.01 
353 160 4.01 
353 169 4.01 
353 223 11.01 
353 306 11.01 
353 375 8.01 
353 399 8.01 
353 441 9.01 
353 482 9.01 
353 485 17.009999999999998 
353 498 17.009999999999998 
430 278 7.01 
430 399 6.01 
430 415 7.01 
430 433 15.01 
430 435 9.01 
430 439 10.01 
430 459 7.01 
430 470 15.01 
430 485 9.01 
430 497 18.009999999999998 
430 499 24.009999999999998 
16 156 4.01 
16 244 8.01 
16 269 6.01 
16 342 7.01 
16 354 7.01 
16 400 7.01 
16 403 7.01 
16 434 10.01 
16 459 10.01 
16 485 13.01 
16 496 17.009999999999998 
16 500 32.01 
244 111 5.01 
244 132 6.01 
244 214 7.01 
244 255 9.01 
244 259 3.01 
244 318 7.01 
244 434 8.01 
244 436 10.01 
244 472 8.01 
244 495 12.01 
244 500 32.01 
269 3 6.01 
269 124 9.01 
269 187 7.01 
269 201 6.01 
269 264 3.01 
269 321 9.01 
269 387 7.01 
269 396 6.01 
269 452 15.01 
269 486 12.01 
269 493 11.01 
342 32 2.01 
342 395 8.01 
342 404 10.01 
342 409 4.01 
342 426 6.01 
342 448 10.01 
342 449 7.01 
342 478 11.01 
342 495 10.01 
342 496 16.009999999999998 
342 500 26.009999999999998 
354 72 5.01 
354 97 4.01 
354 111 5.01 
354 342 8.01 
354 405 6.01 
354 409 5.01 
354 440 4.01 
354 462 13.01 
354 463 16.009999999999998 
354 466 8.01 
354 500 35.01 
400 11 10.01 
400 223 4.01 
400 245 6.01 
400 264 3.01 
400 275 6.01 
400 417 11.01 
400 435 14.01 
400 455 10.01 
400 465 16.009999999999998 
400 475 9.01 
400 499 21.009999999999998 
434 119 11.01 
434 218 13.01 
434 331 7.01 
434 426 8.01 
434 435 8.01 
434 437 6.01 
434 448 13.01 
434 480 17.009999999999998 
434 483 16.009999999999998 
434 489 8.01 
434 495 15.01 
485 3 3.01 
485 45 9.01 
485 203 14.01 
485 255 9.01 
485 287 6.01 
485 325 14.01 
485 328 15.01 
485 337 12.01 
485 460 10.01 
485 477 9.01 
485 489 15.01 
17 38 3.01 
17 164 7.01 
17 172 5.01 
17 219 4.01 
17 222 7.01 
17 376 5.01 
17 382 12.01 
17 412 15.01 
17 452 6.01 
17 461 12.01 
17 483 7.01 
17 486 13.01 
38 207 6.01 
38 264 10.01 
38 370 4.01 
38 397 8.01 
38 457 8.01 
38 459 6.01 
38 472 11.01 
38 477 12.01 
38 481 9.01 
38 486 13.01 
38 493 18.009999999999998 
38 499 17.009999999999998 
164 247 7.01 
164 360 7.01 
164 369 9.01 
164 391 9.01 
164 484 7.01 
164 486 9.01 
164 487 6.01 
164 489 15.01 
164 491 13.01 
164 495 14.01 
164 496 21.009999999999998 
164 500 27.009999999999998 
172 50 6.01 
172 101 6.01 
172 107 8.01 
172 199 7.01 
172 281 7.01 
172 299 7.01 
172 366 7.01 
172 438 7.01 
172 459 5.01 
172 488 9.01 
172 494 13.01 
172 500 35.01 
219 10 11.01 
219 111 8.01 
219 235 2.01 
219 252 11.01 
219 304 5.01 
219 353 10.01 
219 363 3.01 
219 404 4.01 
219 412 9.01 
219 483 17.009999999999998 
219 486 13.01 
222 33 7.01 
222 85 5.01 
222 260 4.01 
222 283 5.01 
222 323 7.01 
222 340 5.01 
222 370 14.01 
222 408 2.01 
222 432 6.01 
222 484 14.01 
222 498 21.009999999999998 
452 179 6.01 
452 264 19.009999999999998 
452 328 8.01 
452 341 10.01 
452 384 13.01 
452 426 11.01 
452 440 15.01 
452 445 11.01 
452 479 16.009999999999998 
452 494 18.009999999999998 
452 500 29.009999999999998 
486 24 19.009999999999998 
486 122 10.01 
486 193 15.01 
486 209 13.01 
486 311 13.01 
486 384 13.01 
486 428 16.009999999999998 
486 448 17.009999999999998 
486 467 11.01 
486 493 22.009999999999998 
486 500 33.01 
83 53 3.01 
83 209 5.01 
83 283 8.01 
83 305 6.01 
83 428 11.01 
83 431 7.01 
83 434 6.01 
83 452 5.01 
83 457 9.01 
83 482 9.01 
83 488 11.01 
83 494 18.009999999999998 
92 64 7.01 
92 76 5.01 
92 87 5.01 
92 166 9.01 
92 183 0.01 
92 357 9.01 
92 376 4.01 
92 412 13.01 
92 482 7.01 
92 493 9.01 
92 494 22.009999999999998 
92 497 18.009999999999998 
202 56 4.01 
202 145 8.01 
202 309 9.01 
202 347 4.01 
202 367 10.01 
202 369 5.01 
202 376 0.01 
202 402 11.01 
202 433 6.01 
202 456 8.01 
202 468 7.01 
202 478 11.01 
220 327 5.01 
220 352 5.01 
220 358 7.01 
220 368 8.01 
220 372 12.01 
220 391 12.01 
220 414 4.01 
220 438 5.01 
220 474 17.009999999999998 
220 482 12.01 
220 489 11.01 
322 48 5.01 
322 62 9.01 
322 68 1.01 
322 177 5.01 
322 407 5.01 
322 449 5.01 
322 450 11.01 
322 463 6.01 
322 476 8.01 
322 495 15.01 
322 500 30.009999999999998 
477 52 10.01 
477 108 15.01 
477 254 13.01 
477 321 14.01 
477 360 5.01 
477 378 18.009999999999998 
477 424 11.01 
477 489 21.009999999999998 
477 492 18.009999999999998 
477 493 16.009999999999998 
477 500 28.009999999999998 
487 99 22.009999999999998 
487 194 15.01 
487 217 12.01 
487 272 17.009999999999998 
487 278 16.009999999999998 
487 315 6.01 
487 400 8.01 
487 412 14.01 
487 422 12.01 
487 464 17.009999999999998 
487 500 38.01 
19 23 4.01 
19 163 7.01 
19 222 6.01 
19 296 3.01 
19 338 5.01 
19 353 9.01 
19 361 6.01 
19 401 10.01 
19 443 10.01 
19 486 16.009999999999998 
19 489 7.01 
19 498 23.009999999999998 
23 30 2.01 
23 86 4.01 
23 142 7.01 
23 206 3.01 
23 301 5.01 
23 343 6.01 
23 396 6.01 
23 427 6.01 
23 436 6.01 
23 449 8.01 
23 466 7.01 
23 499 18.009999999999998 
163 7 4.01 
163 98 5.01 
163 134 5.01 
163 151 8.01 
163 238 2.01 
163 248 5.01 
163 254 5.01 
163 408 8.01 
163 423 10.01 
163 458 9.01 
163 460 12.01 
163 499 36.01 
296 22 8.01 
296 155 4.01 
296 157 10.01 
296 340 4.01 
296 353 6.01 
296 364 8.01 
296 419 7.01 
296 423 6.01 
296 424 14.01 
296 428 9.01 
296 462 10.01 
338 39 4.01 
338 69 7.01 
338 142 16.009999999999998 
338 178 14.01 
338 244 0.01 
338 261 4.01 
338 375 8.01 
338 441 10.01 
338 455 9.01 
338 482 5.01 
338 493 14.01 
361 104 10.01 
361 368 11.01 
361 374 9.01 
361 425 10.01 
361 453 9.01 
361 470 10.01 
361 471 5.01 
361 473 7.01 
361 497 17.009999999999998 
361 498 16.009999999999998 
361 499 12.01 
443 17 8.01 
443 22 13.01 
443 128 6.01 
443 274 9.01 
443 308 15.01 
443 407 8.01 
443 429 10.01 
443 436 13.01 
443 461 8.01 
443 492 17.009999999999998 
443 498 20.009999999999998 
489 162 17.009999999999998 
489 204 12.01 
489 239 8.01 
489 327 17.009999999999998 
489 411 12.01 
489 434 15.01 
489 438 13.01 
489 467 21.009999999999998 
489 471 22.009999999999998 
489 480 10.01 
489 488 25.009999999999998 
20 74 5.01 
20 106 3.01 
20 127 9.01 
20 161 3.01 
20 284 4.01 
20 410 7.01 
20 454 6.01 
20 469 6.01 
20 474 17.009999999999998 
20 490 9.01 
20 496 17.009999999999998 
20 500 38.01 
74 3 6.01 
74 94 9.01 
74 121 4.01 
74 127 9.01 
74 215 7.01 
74 293 6.01 
74 392 8.01 
74 395 7.01 
74 422 11.01 
74 461 5.01 
74 464 14.01 
74 492 11.01 
106 40 9.01 
106 143 10.01 
106 311 5.01 
106 405 7.01 
106 415 6.01 
106 439 4.01 
106 451 9.01 
106 479 8.01 
106 489 12.01 
106 492 16.009999999999998 
106 497 23.009999999999998 
106 499 23.009999999999998 
127 287 6.01 
127 294 7.01 
127 321 6.01 
127 363 2.01 
127 367 8.01 
127 395 6.01 
127 465 6.01 
127 467 15.01 
127 473 6.01 
127 488 14.01 
127 496 16.009999999999998 
127 500 38.01 
284 150 6.01 
284 210 8.01 
284 218 4.01 
284 294 4.01 
284 300 5.01 
284 438 8.01 
284 487 9.01 
284 488 14.01 
284 491 20.009999999999998 
284 495 15.01 
284 500 33.01 
454 31 6.01 
454 72 8.01 
454 240 8.01 
454 254 6.01 
454 305 11.01 
454 335 5.01 
454 346 6.01 
454 381 9.01 
454 455 11.01 
454 478 16.009999999999998 
454 500 32.01 
21 24 8.01 
21 256 2.01 
21 327 5.01 
21 401 4.01 
21 408 2.01 
21 418 5.01 
21 432 2.01 
21 452 6.01 
21 455 6.01 
21 456 10.01 
21 486 15.01 
21 497 16.009999999999998 
24 38 10.01 
24 203 7.01 
24 280 10.01 
24 292 4.01 
24 369 5.01 
24 388 6.01 
24 438 3.01 
24 447 7.01 
24 477 9.01 
24 481 8.01 
24 492 19.009999999999998 
24 500 32.01 
256 176 3.01 
256 274 7.01 
256 284 9.01 
256 309 10.01 
256 331 13.01 
256 335 4.01 
256 391 5.01 
256 440 11.01 
256 454 6.01 
256 457 9.01 
256 500 27.009999999999998 
327 7 3.01 
327 39 3.01 
327 102 3.01 
327 112 5.01 
327 197 6.01 
327 227 8.01 
327 299 6.01 
327 312 4.01 
327 422 3.01 
327 459 10.01 
327 496 18.009999999999998 
418 150 5.01 
418 174 5.01 
418 312 11.01 
418 323 6.01 
418 365 15.01 
418 394 7.01 
418 426 9.01 
418 473 9.01 
418 477 10.01 
418 491 24.009999999999998 
418 492 13.01 
455 42 11.01 
455 170 10.01 
455 196 10.01 
455 259 10.01 
455 349 13.01 
455 417 9.01 
455 434 9.01 
455 467 21.009999999999998 
455 487 20.009999999999998 
455 496 16.009999999999998 
455 500 41.01 
22 87 4.01 
22 105 4.01 
22 187 4.01 
22 226 2.01 
22 253 7.01 
22 278 6.01 
22 285 6.01 
22 316 4.01 
22 394 6.01 
22 425 5.01 
22 461 9.01 
22 498 18.009999999999998 
87 94 6.01 
87 260 6.01 
87 289 4.01 
87 295 8.01 
87 323 8.01 
87 372 2.01 
87 388 7.01 
87 391 3.01 
87 474 9.01 
87 481 10.01 
87 495 17.009999999999998 
87 498 17.009999999999998 
105 144 5.01 
105 166 9.01 
105 213 1.01 
105 257 6.01 
105 319 3.01 
105 416 7.01 
105 429 3.01 
105 478 14.01 
105 486 14.01 
105 490 11.01 
105 494 17.009999999999998 
105 497 16.009999999999998 
187 74 6.01 
187 112 11.01 
187 131 14.01 
187 297 7.01 
187 324 10.01 
187 330 5.01 
187 338 7.01 
187 389 10.01 
187 476 8.01 
187 490 17.009999999999998 
187 492 11.01 
187 498 19.009999999999998 
226 132 3.01 
226 194 3.01 
226 284 7.01 
226 401 8.01 
226 409 7.01 
226 419 5.01 
226 482 15.01 
226 486 11.01 
226 490 20.009999999999998 
226 498 23.009999999999998 
226 500 35.01 
253 8 2.01 
253 58 8.01 
253 158 11.01 
253 243 7.01 
253 285 3.01 
253 406 8.01 
253 438 7.01 
253 441 9.01 
253 443 12.01 
253 490 15.01 
253 497 21.009999999999998 
278 28 12.01 
278 86 7.01 
278 154 16.009999999999998 
278 245 3.01 
278 370 12.01 
278 395 10.01 
278 398 10.01 
278 404 6.01 
278 421 5.01 
278 449 11.01 
278 466 11.01 
316 44 5.01 
316 117 7.01 
316 238 9.01 
316 370 9.01 
316 401 7.01 
316 418 3.01 
316 428 9.01 
316 444 8.01 
316 450 8.01 
316 462 4.01 
316 492 26.009999999999998 
30 5 3.01 
30 72 10.01 
30 101 7.01 
30 151 1.01 
30 172 6.01 
30 185 6.01 
30 339 2.01 
30 463 8.01 
30 470 13.01 
30 471 10.01 
30 497 20.009999999999998 
30 499 26.009999999999998 
86 21 7.01 
86 296 5.01 
86 333 7.01 
86 349 9.01 
86 356 4.01 
86 427 6.01 
86 463 15.01 
86 480 9.01 
86 488 12.01 
86 490 10.01 
86 495 13.01 
86 500 20.009999999999998 
142 19 6.01 
142 56 7.01 
142 59 3.01 
142 279 4.01 
142 344 5.01 
142 407 3.01 
142 417 6.01 
142 441 4.01 
142 482 20.009999999999998 
142 489 15.01 
142 490 15.01 
142 500 32.01 
206 23 6.01 
206 136 3.01 
206 251 3.01 
206 261 2.01 
206 293 5.01 
206 307 11.01 
206 427 7.01 
206 449 9.01 
206 471 11.01 
206 487 10.01 
206 488 10.01 
206 500 33.01 
301 46 5.01 
301 391 12.01 
301 425 9.01 
301 445 14.01 
301 454 7.01 
301 474 5.01 
301 475 7.01 
301 477 9.01 
301 481 12.01 
301 491 12.01 
301 500 35.01 
343 184 5.01 
343 306 11.01 
343 307 4.01 
343 315 11.01 
343 332 8.01 
343 393 3.01 
343 418 9.01 
343 421 9.01 
343 463 8.01 
343 487 12.01 
343 496 20.009999999999998 
396 35 12.01 
396 270 10.01 
396 390 6.01 
396 395 6.01 
396 408 8.01 
396 421 14.01 
396 458 8.01 
396 470 13.01 
396 477 16.009999999999998 
396 495 10.01 
396 500 20.009999999999998 
280 1 4.01 
280 110 10.01 
280 195 8.01 
280 202 3.01 
280 211 4.01 
280 263 6.01 
280 288 7.01 
280 463 4.01 
280 480 11.01 
280 481 6.01 
280 497 12.01 
369 31 10.01 
369 59 7.01 
369 90 7.01 
369 122 11.01 
369 219 7.01 
369 228 4.01 
369 243 3.01 
369 262 8.01 
369 475 10.01 
369 480 9.01 
369 500 31.009999999999998 
388 28 7.01 
388 139 4.01 
388 212 13.01 
388 224 6.01 
388 263 7.01 
388 333 9.01 
388 342 11.01 
388 392 7.01 
388 450 9.01 
388 493 14.01 
388 499 25.009999999999998 
447 21 9.01 
447 25 10.01 
447 82 6.01 
447 202 6.01 
447 216 10.01 
447 279 15.01 
447 318 8.01 
447 350 8.01 
447 361 8.01 
447 477 14.01 
447 481 11.01 
481 131 10.01 
481 221 6.01 
481 228 13.01 
481 259 9.01 
481 372 7.01 
481 381 4.01 
481 390 13.01 
481 442 8.01 
481 492 17.009999999999998 
481 497 25.009999999999998 
481 498 21.009999999999998 
25 168 7.01 
25 223 5.01 
25 318 4.01 
25 327 9.01 
25 387 6.01 
25 434 5.01 
25 455 8.01 
25 480 20.009999999999998 
25 490 13.01 
25 495 26.009999999999998 
25 496 17.009999999999998 
25 500 29.009999999999998 
168 50 7.01 
168 113 6.01 
168 223 8.01 
168 342 5.01 
168 359 8.01 
168 396 4.01 
168 405 7.01 
168 419 5.01 
168 454 8.01 
168 487 8.01 
168 489 10.01 
168 500 23.009999999999998 
223 197 5.01 
223 234 1.01 
223 296 7.01 
223 349 7.01 
223 354 9.01 
223 426 5.01 
223 440 4.01 
223 455 7.01 
223 475 7.01 
223 496 14.01 
223 499 13.01 
318 300 8.01 
318 314 7.01 
318 435 13.01 
318 440 11.01 
318 463 6.01 
318 467 6.01 
318 475 5.01 
318 491 14.01 
318 495 22.009999999999998 
318 496 20.009999999999998 
318 500 37.01 
480 67 8.01 
480 98 7.01 
480 185 11.01 
480 229 5.01 
480 333 18.009999999999998 
480 342 9.01 
480 411 11.01 
480 443 7.01 
480 455 7.01 
480 458 19.009999999999998 
480 495 19.009999999999998 
495 78 23.009999999999998 
495 179 12.01 
495 237 8.01 
495 249 15.01 
495 298 12.01 
495 348 13.01 
495 359 21.009999999999998 
495 376 10.01 
495 472 19.009999999999998 
495 489 25.009999999999998 
495 496 25.009999999999998 
26 27 8.01 
26 80 3.01 
26 262 1.01 
26 274 6.01 
26 308 2.01 
26 337 6.01 
26 374 9.01 
26 375 7.01 
26 461 9.01 
26 475 5.01 
26 484 15.01 
26 498 13.01 
27 9 9.01 
27 61 8.01 
27 138 7.01 
27 283 7.01 
27 292 6.01 
27 295 6.01 
27 303 5.01 
27 342 3.01 
27 455 9.01 
27 460 5.01 
27 493 19.009999999999998 
27 495 20.009999999999998 
80 189 3.01 
80 209 6.01 
80 248 7.01 
80 271 6.01 
80 335 10.01 
80 336 8.01 
80 396 7.01 
80 401 9.01 
80 442 3.01 
80 447 15.01 
80 468 12.01 
80 477 7.01 
262 77 12.01 
262 184 9.01 
262 324 7.01 
262 347 6.01 
262 362 6.01 
262 405 8.01 
262 424 7.01 
262 442 7.01 
262 475 15.01 
262 488 12.01 
262 500 33.01 
274 210 5.01 
274 253 4.01 
274 284 8.01 
274 306 5.01 
274 315 4.01 
274 325 6.01 
274 345 5.01 
274 461 11.01 
274 462 11.01 
274 482 13.01 
274 498 23.009999999999998 
475 38 8.01 
475 200 7.01 
475 312 11.01 
475 411 6.01 
475 414 10.01 
475 423 6.01 
475 425 11.01 
475 449 11.01 
475 496 21.009999999999998 
475 498 21.009999999999998 
475 500 41.01 
484 75 10.01 
484 142 18.009999999999998 
484 162 18.009999999999998 
484 212 11.01 
484 274 7.01 
484 330 15.01 
484 385 13.01 
484 460 15.01 
484 482 14.01 
484 490 9.01 
484 495 20.009999999999998 
138 19 3.01 
138 166 1.01 
138 192 6.01 
138 290 5.01 
138 386 13.01 
138 397 5.01 
138 446 6.01 
138 448 5.01 
138 452 11.01 
138 482 11.01 
138 493 12.01 
138 494 17.009999999999998 
295 171 7.01 
295 181 5.01 
295 191 7.01 
295 201 4.01 
295 217 7.01 
295 406 12.01 
295 424 8.01 
295 483 7.01 
295 486 18.009999999999998 
295 493 22.009999999999998 
295 494 21.009999999999998 
460 19 17.009999999999998 
460 265 6.01 
460 344 12.01 
460 346 12.01 
460 350 6.01 
460 386 13.01 
460 430 8.01 
460 439 10.01 
460 473 15.01 
460 497 23.009999999999998 
460 499 29.009999999999998 
28 64 7.01 
28 117 5.01 
28 197 4.01 
28 210 2.01 
28 400 9.01 
28 411 6.01 
28 414 6.01 
28 455 7.01 
28 465 11.01 
28 488 12.01 
28 496 22.009999999999998 
28 500 28.009999999999998 
64 9 5.01 
64 18 3.01 
64 220 7.01 
64 234 6.01 
64 287 6.01 
64 349 5.01 
64 410 8.01 
64 414 6.01 
64 478 17.009999999999998 
64 495 14.01 
64 496 9.01 
64 500 30.009999999999998 
117 186 6.01 
117 212 7.01 
117 254 6.01 
117 339 6.01 
117 347 2.01 
117 352 10.01 
117 382 7.01 
117 423 10.01 
117 467 10.01 
117 488 12.01 
117 498 17.009999999999998 
117 500 42.01 
197 25 6.01 
197 241 1.01 
197 263 4.01 
197 276 7.01 
197 301 7.01 
197 425 6.01 
197 440 9.01 
197 456 8.01 
197 472 10.01 
197 479 12.01 
197 491 10.01 
197 500 36.01 
210 13 6.01 
210 16 4.01 
210 236 5.01 
210 262 6.01 
210 363 14.01 
210 408 6.01 
210 463 5.01 
210 475 9.01 
210 480 13.01 
210 491 7.01 
210 500 36.01 
414 172 5.01 
414 223 11.01 
414 248 4.01 
414 276 4.01 
414 332 7.01 
414 354 10.01 
414 365 4.01 
414 468 9.01 
414 491 10.01 
414 495 14.01 
414 500 38.01 
465 1 8.01 
465 67 7.01 
465 136 8.01 
465 405 7.01 
465 426 13.01 
465 450 12.01 
465 459 6.01 
465 460 11.01 
465 475 21.009999999999998 
465 495 20.009999999999998 
465 500 35.01 
488 249 22.009999999999998 
488 303 13.01 
488 321 17.009999999999998 
488 363 16.009999999999998 
488 434 22.009999999999998 
488 444 21.009999999999998 
488 454 15.01 
488 480 17.009999999999998 
488 491 28.009999999999998 
488 495 21.009999999999998 
488 499 31.009999999999998 
29 57 7.01 
29 167 6.01 
29 178 7.01 
29 236 4.01 
29 253 5.01 
29 297 8.01 
29 399 9.01 
29 436 6.01 
29 448 9.01 
29 460 5.01 
29 465 7.01 
29 490 12.01 
57 71 10.01 
57 167 8.01 
57 266 7.01 
57 298 4.01 
57 306 2.01 
57 316 5.01 
57 333 7.01 
57 400 2.01 
57 454 6.01 
57 462 7.01 
57 484 17.009999999999998 
57 498 18.009999999999998 
167 52 5.01 
167 60 4.01 
167 132 8.01 
167 251 3.01 
167 277 7.01 
167 297 6.01 
167 344 8.01 
167 407 9.01 
167 443 10.01 
167 494 17.009999999999998 
167 498 20.009999999999998 
167 499 11.01 
178 2 9.01 
178 142 10.01 
178 381 11.01 
178 385 6.01 
178 439 8.01 
178 443 9.01 
178 453 8.01 
178 474 4.01 
178 484 6.01 
178 490 13.01 
178 498 20.009999999999998 
178 500 32.01 
236 12 6.01 
236 26 6.01 
236 277 4.01 
236 281 3.01 
236 350 1.01 
236 365 6.01 
236 435 11.01 
236 449 4.01 
236 479 14.01 
236 495 13.01 
236 496 13.01 
297 37 7.01 
297 43 11.01 
297 44 14.01 
297 75 7.01 
297 140 5.01 
297 355 6.01 
297 356 9.01 
297 385 6.01 
297 417 5.01 
297 437 5.01 
297 470 11.01 
448 111 6.01 
448 125 5.01 
448 240 10.01 
448 258 6.01 
448 301 6.01 
448 407 8.01 
448 459 13.01 
448 465 12.01 
448 491 15.01 
448 493 20.009999999999998 
448 494 18.009999999999998 
72 36 5.01 
72 108 3.01 
72 162 4.01 
72 172 5.01 
72 214 6.01 
72 221 6.01 
72 247 8.01 
72 266 6.01 
72 359 8.01 
72 406 11.01 
72 459 6.01 
72 500 31.009999999999998 
101 42 6.01 
101 231 8.01 
101 343 6.01 
101 352 6.01 
101 368 10.01 
101 396 10.01 
101 420 7.01 
101 464 16.009999999999998 
101 485 7.01 
101 487 20.009999999999998 
101 488 18.009999999999998 
101 493 11.01 
151 147 3.01 
151 149 6.01 
151 203 6.01 
151 291 6.01 
151 335 6.01 
151 378 9.01 
151 434 3.01 
151 460 13.01 
151 470 9.01 
151 485 8.01 
151 491 13.01 
151 499 21.009999999999998 
185 14 6.01 
185 85 5.01 
185 121 5.01 
185 282 7.01 
185 293 6.01 
185 323 4.01 
185 331 4.01 
185 464 6.01 
185 483 9.01 
185 487 18.009999999999998 
185 494 20.009999999999998 
185 499 21.009999999999998 
339 67 8.01 
339 248 7.01 
339 310 7.01 
339 404 5.01 
339 412 8.01 
339 453 9.01 
339 464 6.01 
339 473 9.01 
339 478 10.01 
339 497 24.009999999999998 
339 499 29.009999999999998 
31 66 9.01 
31 205 3.01 
31 260 7.01 
31 378 3.01 
31 389 8.01 
31 418 9.01 
31 442 9.01 
31 463 7.01 
31 475 11.01 
31 480 10.01 
31 481 6.01 
31 495 17.009999999999998 
205 82 9.01 
205 208 12.01 
205 221 7.01 
205 390 6.01 
205 417 7.01 
205 444 8.01 
205 447 7.01 
205 477 13.01 
205 481 16.009999999999998 
205 485 9.01 
205 493 14.01 
205 499 23.009999999999998 
378 135 5.01 
378 193 6.01 
378 232 6.01 
378 280 7.01 
378 281 7.01 
378 314 4.01 
378 336 8.01 
378 388 7.01 
378 402 13.01 
378 477 19.009999999999998 
378 492 20.009999999999998 
389 78 7.01 
389 149 8.01 
389 247 7.01 
389 253 8.01 
389 361 4.01 
389 381 10.01 
389 438 10.01 
389 476 8.01 
389 477 17.009999999999998 
389 495 19.009999999999998 
389 496 19.009999999999998 
442 12 7.01 
442 105 7.01 
442 134 11.01 
442 140 9.01 
442 225 13.01 
442 366 9.01 
442 378 8.01 
442 460 14.01 
442 477 15.01 
442 481 11.01 
442 484 12.01 
32 98 7.01 
32 232 3.01 
32 235 2.01 
32 299 11.01 
32 309 5.01 
32 359 2.01 
32 360 9.01 
32 405 7.01 
32 411 9.01 
32 496 21.009999999999998 
32 499 30.009999999999998 
32 500 27.009999999999998 
98 62 5.01 
98 117 3.01 
98 286 6.01 
98 299 9.01 
98 350 5.01 
98 379 3.01 
98 383 8.01 
98 389 9.01 
98 419 4.01 
98 423 6.01 
98 433 10.01 
98 489 9.01 
232 76 2.01 
232 118 8.01 
232 179 6.01 
232 271 5.01 
232 313 5.01 
232 319 7.01 
232 329 5.01 
232 395 5.01 
232 457 9.01 
232 493 16.009999999999998 
232 500 40.01 
235 144 7.01 
235 209 3.01 
235 237 9.01 
235 242 8.01 
235 397 5.01 
235 404 9.01 
235 420 4.01 
235 427 11.01 
235 474 8.01 
235 478 7.01 
235 494 26.009999999999998 
299 92 7.01 
299 119 8.01 
299 133 3.01 
299 341 3.01 
299 382 3.01 
299 480 14.01 
299 489 14.01 
299 491 16.009999999999998 
299 495 11.01 
299 496 13.01 
299 500 28.009999999999998 
309 87 8.01 
309 128 8.01 
309 129 3.01 
309 225 8.01 
309 257 5.01 
309 367 12.01 
309 378 10.01 
309 382 7.01 
309 428 14.01 
309 475 9.01 
309 492 18.009999999999998 
359 136 6.01 
359 157 7.01 
359 184 7.01 
359 262 11.01 
359 410 9.01 
359 447 5.01 
359 476 11.01 
359 483 15.01 
359 494 11.01 
359 495 16.009999999999998 
359 500 41.01 
360 30 8.01 
360 39 10.01 
360 349 6.01 
360 366 7.01 
360 434 14.01 
360 435 10.01 
360 462 10.01 
360 463 6.01 
360 476 13.01 
360 477 8.01 
360 500 34.01 
33 29 3.01 
33 129 6.01 
33 222 3.01 
33 265 3.01 
33 327 3.01 
33 403 5.01 
33 412 7.01 
33 448 9.01 
33 476 10.01 
33 480 11.01 
33 490 11.01 
33 496 14.01 
129 154 9.01 
129 236 8.01 
129 275 4.01 
129 277 4.01 
129 291 6.01 
129 348 8.01 
129 392 5.01 
129 468 8.01 
129 469 4.01 
129 472 15.01 
129 495 17.009999999999998 
129 500 40.01 
265 146 3.01 
265 183 11.01 
265 247 4.01 
265 248 5.01 
265 430 7.01 
265 433 6.01 
265 445 6.01 
265 464 7.01 
265 471 10.01 
265 497 19.009999999999998 
265 499 29.009999999999998 
34 264 5.01 
34 402 7.01 
34 404 6.01 
34 412 4.01 
34 424 10.01 
34 435 8.01 
34 474 4.01 
34 475 9.01 
34 485 6.01 
34 490 17.009999999999998 
34 493 19.009999999999998 
34 494 8.01 
99 88 8.01 
99 120 8.01 
99 315 6.01 
99 343 8.01 
99 399 4.01 
99 431 8.01 
99 435 8.01 
99 443 8.01 
99 451 8.01 
99 458 9.01 
99 483 9.01 
99 491 12.01 
273 4 7.01 
273 160 9.01 
273 379 8.01 
273 394 6.01 
273 413 5.01 
273 416 14.01 
273 427 9.01 
273 433 7.01 
273 466 10.01 
273 473 8.01 
273 484 15.01 
293 358 12.01 
293 367 5.01 
293 371 12.01 
293 393 5.01 
293 427 6.01 
293 439 15.01 
293 449 7.01 
293 451 11.01 
293 479 6.01 
293 483 11.01 
293 494 23.009999999999998 
306 2 2.01 
306 52 4.01 
306 217 6.01 
306 224 6.01 
306 297 4.01 
306 364 10.01 
306 428 12.01 
306 436 6.01 
306 473 7.01 
306 490 17.009999999999998 
306 498 17.009999999999998 
368 5 3.01 
368 67 3.01 
368 91 8.01 
368 95 10.01 
368 329 4.01 
368 416 6.01 
368 469 14.01 
368 495 19.009999999999998 
368 497 25.009999999999998 
368 498 9.01 
368 499 15.01 
421 5 6.01 
421 74 6.01 
421 194 12.01 
421 228 5.01 
421 249 5.01 
421 270 6.01 
421 392 7.01 
421 413 5.01 
421 491 24.009999999999998 
421 492 13.01 
421 498 20.009999999999998 
36 32 2.01 
36 188 5.01 
36 291 4.01 
36 299 4.01 
36 334 4.01 
36 346 11.01 
36 351 8.01 
36 445 7.01 
36 457 8.01 
36 460 10.01 
36 479 13.01 
36 481 8.01 
188 24 1.01 
188 64 7.01 
188 190 3.01 
188 191 7.01 
188 238 5.01 
188 250 6.01 
188 396 10.01 
188 415 9.01 
188 439 11.01 
188 487 13.01 
188 496 20.009999999999998 
188 499 15.01 
334 30 7.01 
334 351 7.01 
334 402 4.01 
334 433 11.01 
334 439 4.01 
334 479 8.01 
334 487 7.01 
334 490 16.009999999999998 
334 497 23.009999999999998 
334 498 19.009999999999998 
334 499 28.009999999999998 
346 50 7.01 
346 176 9.01 
346 334 6.01 
346 445 12.01 
346 453 16.009999999999998 
346 469 11.01 
346 470 10.01 
346 488 11.01 
346 496 17.009999999999998 
346 497 19.009999999999998 
346 499 22.009999999999998 
457 38 5.01 
457 48 10.01 
457 297 3.01 
457 402 8.01 
457 410 6.01 
457 431 11.01 
457 478 9.01 
457 483 20.009999999999998 
457 486 21.009999999999998 
457 494 17.009999999999998 
457 498 21.009999999999998 
479 7 13.01 
479 351 22.009999999999998 
479 354 5.01 
479 415 12.01 
479 439 13.01 
479 445 16.009999999999998 
479 453 16.009999999999998 
479 456 12.01 
479 460 8.01 
479 472 11.01 
479 497 26.009999999999998 
37 57 9.01 
37 88 7.01 
37 140 7.01 
37 319 4.01 
37 367 6.01 
37 432 5.01 
37 446 8.01 
37 456 8.01 
37 468 11.01 
37 482 8.01 
37 491 11.01 
37 492 11.01 
88 20 7.01 
88 54 2.01 
88 164 3.01 
88 207 6.01 
88 226 4.01 
88 372 6.01 
88 414 8.01 
88 442 4.01 
88 456 5.01 
88 467 9.01 
88 468 9.01 
88 498 15.01 
140 126 4.01 
140 139 6.01 
140 205 6.01 
140 261 10.01 
140 280 9.01 
140 305 13.01 
140 359 4.01 
140 446 15.01 
140 477 14.01 
140 490 14.01 
140 493 16.009999999999998 
140 498 21.009999999999998 
367 42 3.01 
367 96 8.01 
367 158 4.01 
367 277 8.01 
367 303 8.01 
367 328 5.01 
367 411 5.01 
367 454 7.01 
367 481 11.01 
367 495 18.009999999999998 
367 497 14.01 
482 116 14.01 
482 238 9.01 
482 351 11.01 
482 352 14.01 
482 353 11.01 
482 385 14.01 
482 407 15.01 
482 419 11.01 
482 437 13.01 
482 450 14.01 
482 462 14.01 
491 190 12.01 
491 294 17.009999999999998 
491 301 15.01 
491 346 15.01 
491 364 17.009999999999998 
491 400 12.01 
491 440 11.01 
491 488 8.01 
491 492 18.009999999999998 
491 495 17.009999999999998 
491 500 35.01 
207 40 7.01 
207 102 13.01 
207 184 4.01 
207 199 6.01 
207 249 6.01 
207 268 5.01 
207 295 7.01 
207 339 13.01 
207 379 6.01 
207 406 11.01 
207 478 6.01 
207 493 13.01 
370 26 8.01 
370 104 8.01 
370 251 12.01 
370 378 8.01 
370 401 6.01 
370 444 16.009999999999998 
370 480 9.01 
370 488 7.01 
370 490 10.01 
370 498 13.01 
370 500 31.009999999999998 
397 55 9.01 
397 122 10.01 
397 162 6.01 
397 219 12.01 
397 283 10.01 
397 360 8.01 
397 411 8.01 
397 424 14.01 
397 440 9.01 
397 491 16.009999999999998 
397 492 12.01 
472 2 8.01 
472 86 9.01 
472 125 11.01 
472 153 13.01 
472 186 3.01 
472 262 6.01 
472 426 13.01 
472 432 5.01 
472 477 16.009999999999998 
472 491 18.009999999999998 
472 495 16.009999999999998 
39 95 6.01 
39 269 7.01 
39 372 8.01 
39 410 5.01 
39 428 8.01 
39 459 16.009999999999998 
39 472 8.01 
39 474 9.01 
39 488 12.01 
39 495 16.009999999999998 
39 496 12.01 
39 500 38.01 
372 128 7.01 
372 152 9.01 
372 241 7.01 
372 317 10.01 
372 419 11.01 
372 440 8.01 
372 447 11.01 
372 463 8.01 
372 468 9.01 
372 477 14.01 
372 496 14.01 
40 71 9.01 
40 255 1.01 
40 304 10.01 
40 415 4.01 
40 433 11.01 
40 470 7.01 
40 480 10.01 
40 482 6.01 
40 485 18.009999999999998 
40 490 8.01 
40 497 12.01 
40 499 18.009999999999998 
71 44 6.01 
71 157 9.01 
71 211 4.01 
71 353 7.01 
71 383 8.01 
71 437 12.01 
71 443 9.01 
71 444 6.01 
71 461 10.01 
71 472 11.01 
71 492 15.01 
71 500 33.01 
304 148 8.01 
304 177 8.01 
304 254 5.01 
304 258 7.01 
304 404 7.01 
304 408 5.01 
304 471 7.01 
304 475 9.01 
304 485 12.01 
304 499 16.009999999999998 
304 500 42.01 
41 84 9.01 
41 116 10.01 
41 120 2.01 
41 145 5.01 
41 317 10.01 
41 361 3.01 
41 385 8.01 
41 387 6.01 
41 390 9.01 
41 452 10.01 
41 492 12.01 
41 496 18.009999999999998 
84 62 4.01 
84 80 2.01 
84 89 7.01 
84 143 4.01 
84 246 3.01 
84 310 9.01 
84 363 6.01 
84 380 7.01 
84 400 5.01 
84 473 9.01 
84 497 16.009999999999998 
84 499 27.009999999999998 
116 2 4.01 
116 35 4.01 
116 178 10.01 
116 196 5.01 
116 272 4.01 
116 353 11.01 
116 385 10.01 
116 432 3.01 
116 450 7.01 
116 461 11.01 
116 496 14.01 
116 499 19.009999999999998 
120 230 7.01 
120 273 9.01 
120 298 4.01 
120 381 6.01 
120 392 9.01 
120 422 12.01 
120 449 7.01 
120 466 7.01 
120 487 9.01 
120 488 9.01 
120 489 14.01 
120 500 28.009999999999998 
145 162 9.01 
145 211 8.01 
145 305 12.01 
145 309 10.01 
145 355 5.01 
145 362 5.01 
145 367 10.01 
145 399 5.01 
145 421 10.01 
145 447 7.01 
145 456 8.01 
145 458 8.01 
42 170 11.01 
42 301 7.01 
42 319 5.01 
42 397 6.01 
42 398 5.01 
42 431 9.01 
42 464 8.01 
42 466 7.01 
42 486 12.01 
42 487 14.01 
42 496 16.009999999999998 
42 497 12.01 
170 20 10.01 
170 184 8.01 
170 211 6.01 
170 265 6.01 
170 354 10.01 
170 362 3.01 
170 435 5.01 
170 476 11.01 
170 480 13.01 
170 494 14.01 
170 496 18.009999999999998 
170 500 29.009999999999998 
43 25 1.01 
43 158 4.01 
43 324 8.01 
43 384 3.01 
43 406 11.01 
43 409 13.01 
43 440 7.01 
43 448 7.01 
43 450 7.01 
43 482 15.01 
43 484 12.01 
43 490 14.01 
158 19 6.01 
158 29 4.01 
158 79 9.01 
158 115 5.01 
158 372 7.01 
158 409 11.01 
158 462 3.01 
158 482 14.01 
158 486 10.01 
158 490 15.01 
158 498 24.009999999999998 
158 499 21.009999999999998 
324 15 2.01 
324 112 9.01 
324 158 11.01 
324 226 4.01 
324 318 7.01 
324 330 10.01 
324 344 11.01 
324 351 2.01 
324 441 8.01 
324 463 5.01 
324 484 12.01 
440 247 13.01 
440 280 8.01 
440 308 5.01 
440 322 10.01 
440 326 7.01 
440 357 5.01 
440 469 13.01 
440 472 12.01 
440 488 16.009999999999998 
440 491 21.009999999999998 
440 495 28.009999999999998 
450 159 11.01 
450 242 10.01 
450 296 12.01 
450 432 6.01 
450 478 13.01 
450 482 12.01 
450 485 7.01 
450 490 20.009999999999998 
450 495 16.009999999999998 
450 498 22.009999999999998 
450 500 28.009999999999998 
44 29 4.01 
44 31 7.01 
44 43 10.01 
44 296 6.01 
44 313 6.01 
44 338 9.01 
44 345 15.01 
44 356 8.01 
44 376 7.01 
44 458 11.01 
44 484 13.01 
44 500 31.009999999999998 
345 43 10.01 
345 153 13.01 
345 182 6.01 
345 187 5.01 
345 370 5.01 
345 371 10.01 
345 394 3.01 
345 399 11.01 
345 427 11.01 
345 484 19.009999999999998 
345 489 16.009999999999998 
356 142 9.01 
356 158 7.01 
356 271 7.01 
356 408 10.01 
356 436 11.01 
356 441 9.01 
356 443 8.01 
356 447 7.01 
356 455 8.01 
356 481 9.01 
356 496 20.009999999999998 
458 72 2.01 
458 154 4.01 
458 213 8.01 
458 225 11.01 
458 392 13.01 
458 395 10.01 
458 403 15.01 
458 422 15.01 
458 429 3.01 
458 451 7.01 
458 497 25.009999999999998 
89 97 7.01 
89 231 6.01 
89 355 3.01 
89 380 6.01 
89 404 8.01 
89 425 7.01 
89 438 7.01 
89 479 17.009999999999998 
89 485 15.01 
89 497 28.009999999999998 
89 498 15.01 
89 499 18.009999999999998 
46 50 8.01 
46 98 8.01 
46 326 10.01 
46 389 6.01 
46 453 15.01 
46 463 10.01 
46 467 7.01 
46 490 13.01 
46 491 17.009999999999998 
46 497 16.009999999999998 
46 499 24.009999999999998 
46 500 30.009999999999998 
50 198 6.01 
50 224 8.01 
50 346 5.01 
50 389 4.01 
50 437 7.01 
50 463 5.01 
50 465 6.01 
50 482 10.01 
50 489 7.01 
50 491 11.01 
50 496 14.01 
50 500 31.009999999999998 
453 36 14.01 
453 277 6.01 
453 355 12.01 
453 439 10.01 
453 471 14.01 
453 473 16.009999999999998 
453 485 15.01 
453 494 16.009999999999998 
453 495 15.01 
453 497 24.009999999999998 
453 499 32.01 
467 163 7.01 
467 215 8.01 
467 242 11.01 
467 262 10.01 
467 321 12.01 
467 442 14.01 
467 475 11.01 
467 480 13.01 
467 488 19.009999999999998 
467 493 14.01 
467 500 33.01 
144 57 3.01 
144 77 2.01 
144 155 8.01 
144 219 4.01 
144 329 3.01 
144 386 4.01 
144 397 8.01 
144 468 9.01 
144 478 10.01 
144 486 12.01 
144 493 11.01 
144 494 14.01 
121 103 4.01 
121 239 6.01 
121 273 6.01 
121 348 7.01 
121 421 5.01 
121 430 7.01 
121 431 7.01 
121 462 4.01 
121 464 11.01 
121 468 15.01 
121 487 13.01 
121 497 17.009999999999998 
320 93 1.01 
320 183 8.01 
320 223 4.01 
320 271 11.01 
320 402 5.01 
320 428 6.01 
320 433 3.01 
320 442 11.01 
320 469 5.01 
320 478 16.009999999999998 
320 493 20.009999999999998 
49 176 2.01 
49 244 6.01 
49 286 5.01 
49 288 6.01 
49 380 7.01 
49 381 7.01 
49 448 6.01 
49 459 9.01 
49 465 10.01 
49 480 9.01 
49 489 8.01 
49 496 27.009999999999998 
176 32 5.01 
176 73 5.01 
176 130 9.01 
176 152 3.01 
176 318 7.01 
176 338 7.01 
176 347 4.01 
176 412 8.01 
176 435 9.01 
176 439 7.01 
176 496 15.01 
176 500 41.01 
286 165 9.01 
286 170 10.01 
286 249 8.01 
286 259 6.01 
286 375 13.01 
286 421 13.01 
286 426 7.01 
286 454 10.01 
286 465 11.01 
286 492 6.01 
286 496 17.009999999999998 
288 41 8.01 
288 44 6.01 
288 94 7.01 
288 137 8.01 
288 145 8.01 
288 286 9.01 
288 415 9.01 
288 468 10.01 
288 469 8.01 
288 478 11.01 
288 492 17.009999999999998 
380 118 7.01 
380 262 7.01 
380 265 6.01 
380 339 4.01 
380 351 6.01 
380 360 10.01 
380 361 4.01 
380 430 9.01 
380 479 15.01 
380 488 19.009999999999998 
380 499 19.009999999999998 
198 123 6.01 
198 212 4.01 
198 246 7.01 
198 364 11.01 
198 387 2.01 
198 388 14.01 
198 392 7.01 
198 431 11.01 
198 446 8.01 
198 468 10.01 
198 492 20.009999999999998 
198 499 13.01 
224 10 6.01 
224 181 6.01 
224 281 3.01 
224 334 7.01 
224 454 12.01 
224 476 12.01 
224 489 9.01 
224 491 14.01 
224 495 13.01 
224 499 21.009999999999998 
224 500 43.01 
68 27 7.01 
68 124 4.01 
68 168 3.01 
68 184 6.01 
68 195 3.01 
68 348 9.01 
68 377 3.01 
68 414 6.01 
68 474 10.01 
68 483 6.01 
68 498 12.01 
68 500 31.009999999999998 
165 81 7.01 
165 192 6.01 
165 226 5.01 
165 242 4.01 
165 322 4.01 
165 423 7.01 
165 440 10.01 
165 469 9.01 
165 482 14.01 
165 484 9.01 
165 488 13.01 
165 500 30.009999999999998 
216 8 4.01 
216 21 6.01 
216 31 6.01 
216 169 4.01 
216 266 6.01 
216 295 1.01 
216 309 2.01 
216 365 5.01 
216 418 4.01 
216 498 19.009999999999998 
216 499 19.009999999999998 
312 127 13.01 
312 287 7.01 
312 333 5.01 
312 339 2.01 
312 389 12.01 
312 423 9.01 
312 488 19.009999999999998 
312 489 13.01 
312 491 13.01 
312 495 11.01 
312 500 36.01 
352 16 8.01 
352 72 4.01 
352 127 7.01 
352 335 10.01 
352 377 5.01 
352 440 12.01 
352 467 13.01 
352 480 14.01 
352 488 14.01 
352 489 23.009999999999998 
352 500 30.009999999999998 
422 16 10.01 
422 81 7.01 
422 159 5.01 
422 168 5.01 
422 217 13.01 
422 302 7.01 
422 371 11.01 
422 420 7.01 
422 466 11.01 
422 487 16.009999999999998 
422 496 12.01 
473 60 11.01 
473 325 10.01 
473 331 9.01 
473 368 18.009999999999998 
473 434 7.01 
473 439 13.01 
473 470 16.009999999999998 
473 496 19.009999999999998 
473 498 21.009999999999998 
473 499 25.009999999999998 
473 500 36.01 
52 88 5.01 
52 111 6.01 
52 157 4.01 
52 300 13.01 
52 320 6.01 
52 340 5.01 
52 385 5.01 
52 399 10.01 
52 430 12.01 
52 444 5.01 
52 475 7.01 
52 498 19.009999999999998 
111 255 5.01 
111 259 6.01 
111 301 4.01 
111 347 5.01 
111 381 4.01 
111 421 4.01 
111 439 8.01 
111 452 10.01 
111 455 7.01 
111 491 17.009999999999998 
111 496 17.009999999999998 
111 500 31.009999999999998 
157 29 3.01 
157 120 1.01 
157 318 7.01 
157 329 5.01 
157 330 4.01 
157 383 11.01 
157 419 12.01 
157 440 5.01 
157 443 9.01 
157 450 8.01 
157 461 9.01 
157 484 19.009999999999998 
300 8 6.01 
300 139 4.01 
300 316 3.01 
300 353 12.01 
300 373 7.01 
300 461 8.01 
300 465 14.01 
300 490 26.009999999999998 
300 491 12.01 
300 495 16.009999999999998 
300 498 33.01 
340 77 10.01 
340 138 1.01 
340 279 12.01 
340 298 5.01 
340 324 8.01 
340 344 4.01 
340 375 8.01 
340 409 11.01 
340 470 12.01 
340 471 9.01 
340 490 15.01 
132 4 4.01 
132 58 3.01 
132 94 8.01 
132 251 7.01 
132 308 4.01 
132 356 7.01 
132 432 10.01 
132 441 13.01 
132 443 13.01 
132 453 5.01 
132 490 17.009999999999998 
132 500 28.009999999999998 
344 210 3.01 
344 219 8.01 
344 253 5.01 
344 270 6.01 
344 338 6.01 
344 340 8.01 
344 364 14.01 
344 432 5.01 
344 482 9.01 
344 498 19.009999999999998 
344 500 43.01 
54 37 3.01 
54 68 7.01 
54 124 4.01 
54 140 3.01 
54 171 7.01 
54 173 2.01 
54 212 2.01 
54 245 6.01 
54 291 9.01 
54 305 8.01 
54 415 3.01 
54 486 12.01 
124 21 3.01 
124 49 8.01 
124 66 6.01 
124 68 5.01 
124 189 10.01 
124 380 4.01 
124 387 4.01 
124 447 14.01 
124 467 11.01 
124 477 8.01 
124 489 10.01 
124 492 17.009999999999998 
171 6 6.01 
171 134 10.01 
171 216 8.01 
171 225 6.01 
171 228 8.01 
171 317 10.01 
171 386 6.01 
171 436 15.01 
171 460 7.01 
171 477 11.01 
171 478 11.01 
171 497 20.009999999999998 
173 54 4.01 
173 205 10.01 
173 289 5.01 
173 343 7.01 
173 372 5.01 
173 388 10.01 
173 410 8.01 
173 431 5.01 
173 477 11.01 
173 492 19.009999999999998 
173 495 18.009999999999998 
173 496 17.009999999999998 
212 234 4.01 
212 263 11.01 
212 288 9.01 
212 378 7.01 
212 394 5.01 
212 401 8.01 
212 418 9.01 
212 446 10.01 
212 474 6.01 
212 476 10.01 
212 492 19.009999999999998 
245 147 4.01 
245 151 5.01 
245 254 7.01 
245 304 11.01 
245 337 7.01 
245 443 7.01 
245 476 8.01 
245 480 10.01 
245 488 10.01 
245 491 13.01 
245 497 21.009999999999998 
305 37 14.01 
305 65 5.01 
305 103 7.01 
305 191 9.01 
305 280 11.01 
305 309 3.01 
305 396 9.01 
305 447 9.01 
305 461 7.01 
305 466 7.01 
305 499 28.009999999999998 
55 18 9.01 
55 34 9.01 
55 102 4.01 
55 176 3.01 
55 294 3.01 
55 400 11.01 
55 416 8.01 
55 424 5.01 
55 441 8.01 
55 478 16.009999999999998 
55 483 10.01 
55 494 21.009999999999998 
102 4 2.01 
102 182 5.01 
102 207 2.01 
102 339 5.01 
102 384 7.01 
102 424 11.01 
102 457 13.01 
102 479 6.01 
102 486 11.01 
102 487 13.01 
102 493 16.009999999999998 
102 497 11.01 
294 235 3.01 
294 280 3.01 
294 286 7.01 
294 354 8.01 
294 365 11.01 
294 403 11.01 
294 423 11.01 
294 472 8.01 
294 485 17.009999999999998 
294 491 13.01 
294 500 31.009999999999998 
416 20 6.01 
416 84 4.01 
416 93 15.01 
416 118 3.01 
416 257 9.01 
416 275 10.01 
416 313 13.01 
416 406 11.01 
416 457 14.01 
416 461 15.01 
416 486 28.009999999999998 
441 281 7.01 
441 347 10.01 
441 370 7.01 
441 409 11.01 
441 436 15.01 
441 450 9.01 
441 460 12.01 
441 461 10.01 
441 462 14.01 
441 490 21.009999999999998 
441 496 15.01 
56 85 5.01 
56 134 8.01 
56 237 8.01 
56 288 2.01 
56 302 6.01 
56 390 5.01 
56 414 10.01 
56 477 14.01 
56 479 11.01 
56 481 10.01 
56 491 15.01 
56 492 13.01 
85 112 4.01 
85 153 6.01 
85 214 4.01 
85 222 6.01 
85 272 11.01 
85 320 11.01 
85 399 10.01 
85 407 10.01 
85 410 5.01 
85 444 12.01 
85 448 8.01 
85 484 21.009999999999998 
134 131 11.01 
134 133 6.01 
134 135 5.01 
134 139 7.01 
134 227 5.01 
134 271 6.01 
134 369 4.01 
134 389 8.01 
134 446 12.01 
134 462 14.01 
134 463 5.01 
134 487 8.01 
237 91 7.01 
237 114 3.01 
237 216 9.01 
237 233 11.01 
237 283 5.01 
237 413 7.01 
237 481 13.01 
237 492 19.009999999999998 
237 493 20.009999999999998 
237 494 16.009999999999998 
237 500 27.009999999999998 
302 4 3.01 
302 11 5.01 
302 15 5.01 
302 198 4.01 
302 231 8.01 
302 379 3.01 
302 384 8.01 
302 396 7.01 
302 483 15.01 
302 487 17.009999999999998 
302 488 16.009999999999998 
333 116 5.01 
333 162 5.01 
333 229 10.01 
333 328 7.01 
333 369 8.01 
333 414 3.01 
333 458 1.01 
333 472 9.01 
333 487 11.01 
333 489 19.009999999999998 
333 496 12.01 
462 135 12.01 
462 353 6.01 
462 383 8.01 
462 389 9.01 
462 401 8.01 
462 436 15.01 
462 437 12.01 
462 477 11.01 
462 482 16.009999999999998 
462 492 17.009999999999998 
462 498 21.009999999999998 
58 75 6.01 
58 155 2.01 
58 187 5.01 
58 285 9.01 
58 374 6.01 
58 444 9.01 
58 450 11.01 
58 478 6.01 
58 485 11.01 
58 491 13.01 
58 492 15.01 
58 498 13.01 
75 129 4.01 
75 276 6.01 
75 370 6.01 
75 382 3.01 
75 417 5.01 
75 433 8.01 
75 450 6.01 
75 465 6.01 
75 482 7.01 
75 484 9.01 
75 490 12.01 
75 498 23.009999999999998 
155 98 5.01 
155 156 8.01 
155 181 4.01 
155 250 7.01 
155 265 4.01 
155 453 5.01 
155 469 9.01 
155 473 5.01 
155 495 11.01 
155 497 16.009999999999998 
155 499 20.009999999999998 
155 500 32.01 
59 174 3.01 
59 200 4.01 
59 206 3.01 
59 215 8.01 
59 350 3.01 
59 359 7.01 
59 379 7.01 
59 388 2.01 
59 420 5.01 
59 422 8.01 
59 427 3.01 
59 483 10.01 
174 14 3.01 
174 41 6.01 
174 124 9.01 
174 133 7.01 
174 197 3.01 
174 265 5.01 
174 313 6.01 
174 424 3.01 
174 439 5.01 
174 468 16.009999999999998 
174 486 10.01 
174 492 6.01 
200 145 2.01 
200 164 5.01 
200 192 2.01 
200 224 4.01 
200 229 8.01 
200 366 9.01 
200 373 8.01 
200 389 9.01 
200 438 3.01 
200 466 8.01 
200 498 23.009999999999998 
200 500 31.009999999999998 
215 4 3.01 
215 54 4.01 
215 116 8.01 
215 123 6.01 
215 146 4.01 
215 278 13.01 
215 279 5.01 
215 393 7.01 
215 458 10.01 
215 466 7.01 
215 487 18.009999999999998 
350 210 2.01 
350 221 5.01 
350 323 17.009999999999998 
350 333 5.01 
350 342 6.01 
350 432 9.01 
350 454 7.01 
350 480 15.01 
350 496 17.009999999999998 
350 499 25.009999999999998 
350 500 30.009999999999998 
60 97 1.01 
60 156 8.01 
60 248 7.01 
60 250 10.01 
60 283 3.01 
60 377 5.01 
60 425 7.01 
60 460 4.01 
60 469 13.01 
60 477 11.01 
60 490 8.01 
60 499 34.01 
97 2 4.01 
97 106 7.01 
97 143 10.01 
97 155 5.01 
97 190 6.01 
97 368 4.01 
97 442 6.01 
97 445 7.01 
97 452 2.01 
97 476 6.01 
97 479 9.01 
97 499 27.009999999999998 
248 54 4.01 
248 148 5.01 
248 163 3.01 
248 291 6.01 
248 346 5.01 
248 351 6.01 
248 445 12.01 
248 452 11.01 
248 469 8.01 
248 470 9.01 
248 499 29.009999999999998 
250 15 10.01 
250 157 3.01 
250 357 4.01 
250 368 9.01 
250 415 10.01 
250 479 10.01 
250 480 5.01 
250 485 14.01 
250 495 15.01 
250 497 21.009999999999998 
250 499 25.009999999999998 
259 51 4.01 
259 81 4.01 
259 236 6.01 
259 275 5.01 
259 318 10.01 
259 378 8.01 
259 428 7.01 
259 446 12.01 
259 486 18.009999999999998 
259 495 10.01 
259 500 38.01 
63 46 3.01 
63 213 3.01 
63 277 5.01 
63 348 6.01 
63 360 3.01 
63 364 1.01 
63 411 6.01 
63 450 8.01 
63 464 6.01 
63 467 13.01 
63 474 12.01 
63 500 47.01 
213 30 7.01 
213 177 7.01 
213 185 3.01 
213 207 6.01 
213 334 10.01 
213 343 5.01 
213 351 11.01 
213 460 11.01 
213 469 11.01 
213 491 8.01 
213 497 15.01 
277 99 2.01 
277 127 5.01 
277 317 8.01 
277 341 9.01 
277 342 5.01 
277 378 5.01 
277 386 7.01 
277 410 7.01 
277 465 6.01 
277 497 19.009999999999998 
277 500 24.009999999999998 
348 51 7.01 
348 83 3.01 
348 168 22.009999999999998 
348 214 5.01 
348 276 6.01 
348 423 6.01 
348 432 9.01 
348 438 10.01 
348 448 6.01 
348 483 13.01 
348 488 15.01 
364 157 11.01 
364 159 11.01 
364 186 9.01 
364 226 4.01 
364 296 9.01 
364 377 9.01 
364 449 8.01 
364 467 9.01 
364 482 19.009999999999998 
364 498 26.009999999999998 
364 500 37.01 
234 49 9.01 
234 203 6.01 
234 218 2.01 
234 240 5.01 
234 244 8.01 
234 457 9.01 
234 488 9.01 
234 489 12.01 
234 491 14.01 
234 492 11.01 
234 500 25.009999999999998 
349 10 6.01 
349 150 8.01 
349 212 3.01 
349 352 11.01 
349 454 13.01 
349 463 13.01 
349 465 7.01 
349 475 3.01 
349 476 13.01 
349 492 12.01 
349 500 31.009999999999998 
65 129 8.01 
65 131 7.01 
65 240 6.01 
65 246 1.01 
65 298 4.01 
65 327 8.01 
65 374 9.01 
65 414 9.01 
65 448 10.01 
65 472 11.01 
65 491 19.009999999999998 
65 494 8.01 
131 24 5.01 
131 56 13.01 
131 130 8.01 
131 208 3.01 
131 229 7.01 
131 230 9.01 
131 333 5.01 
131 367 12.01 
131 371 10.01 
131 388 5.01 
131 479 5.01 
131 488 10.01 
240 12 8.01 
240 118 5.01 
240 214 7.01 
240 227 8.01 
240 273 8.01 
240 284 3.01 
240 448 9.01 
240 475 8.01 
240 484 6.01 
240 494 16.009999999999998 
240 500 49.01 
246 46 8.01 
246 175 4.01 
246 290 7.01 
246 341 9.01 
246 392 7.01 
246 395 8.01 
246 434 5.01 
246 483 6.01 
246 487 9.01 
246 495 11.01 
246 500 22.009999999999998 
263 12 8.01 
263 137 3.01 
263 187 7.01 
263 220 1.01 
263 286 6.01 
263 303 7.01 
263 307 5.01 
263 365 8.01 
263 418 10.01 
263 446 5.01 
263 477 12.01 
391 22 5.01 
391 69 7.01 
391 200 7.01 
391 242 4.01 
391 333 4.01 
391 358 9.01 
391 360 5.01 
391 455 8.01 
391 472 3.01 
391 476 7.01 
391 500 34.01 
439 104 8.01 
439 191 13.01 
439 254 7.01 
439 361 11.01 
439 398 9.01 
439 425 9.01 
439 453 11.01 
439 470 9.01 
439 497 17.009999999999998 
439 499 24.009999999999998 
439 500 35.01 
67 148 6.01 
67 166 6.01 
67 297 7.01 
67 334 6.01 
67 390 6.01 
67 423 4.01 
67 430 9.01 
67 451 11.01 
67 469 10.01 
67 479 13.01 
67 485 13.01 
67 499 22.009999999999998 
166 8 4.01 
166 34 5.01 
166 151 6.01 
166 156 5.01 
166 193 4.01 
166 276 7.01 
166 340 0.01 
166 382 9.01 
166 397 8.01 
166 416 9.01 
166 457 6.01 
166 462 8.01 
184 39 5.01 
184 78 8.01 
184 164 6.01 
184 181 9.01 
184 210 8.01 
184 321 8.01 
184 354 9.01 
184 360 9.01 
184 377 9.01 
184 489 15.01 
184 496 16.009999999999998 
184 500 31.009999999999998 
110 52 6.01 
110 195 4.01 
110 267 5.01 
110 300 8.01 
110 373 4.01 
110 374 5.01 
110 430 4.01 
110 462 1.01 
110 463 8.01 
110 491 17.009999999999998 
110 498 23.009999999999998 
110 500 36.01 
272 116 9.01 
272 167 5.01 
272 222 5.01 
272 234 5.01 
272 299 4.01 
272 324 6.01 
272 370 7.01 
272 402 6.01 
272 403 7.01 
272 408 5.01 
272 432 12.01 
417 26 3.01 
417 128 9.01 
417 205 6.01 
417 329 10.01 
417 377 10.01 
417 432 18.009999999999998 
417 442 12.01 
417 462 17.009999999999998 
417 467 14.01 
417 484 13.01 
417 498 22.009999999999998 
135 31 6.01 
135 196 4.01 
135 208 2.01 
135 237 6.01 
135 258 7.01 
135 419 4.01 
135 442 7.01 
135 450 8.01 
135 456 6.01 
135 468 6.01 
135 488 8.01 
135 491 14.01 
323 1 3.01 
323 103 4.01 
323 107 3.01 
323 182 8.01 
323 219 2.01 
323 221 6.01 
323 252 4.01 
323 418 4.01 
323 471 6.01 
323 481 10.01 
323 492 10.01 
211 37 6.01 
211 137 12.01 
211 261 11.01 
211 288 11.01 
211 336 6.01 
211 399 7.01 
211 400 5.01 
211 470 9.01 
211 481 13.01 
211 492 16.009999999999998 
211 500 31.009999999999998 
383 229 3.01 
383 302 2.01 
383 360 3.01 
383 409 8.01 
383 419 7.01 
383 436 10.01 
383 441 7.01 
383 462 9.01 
383 466 2.01 
383 482 13.01 
383 484 11.01 
108 13 15.01 
108 80 9.01 
108 94 4.01 
108 193 3.01 
108 212 5.01 
108 363 8.01 
108 390 7.01 
108 469 6.01 
108 473 6.01 
108 481 18.009999999999998 
108 492 18.009999999999998 
108 500 27.009999999999998 
162 146 9.01 
162 165 7.01 
162 174 6.01 
162 252 7.01 
162 340 10.01 
162 400 6.01 
162 410 7.01 
162 417 10.01 
162 426 8.01 
162 465 12.01 
162 491 14.01 
162 500 35.01 
214 234 4.01 
214 302 14.01 
214 326 2.01 
214 354 7.01 
214 384 8.01 
214 441 6.01 
214 457 7.01 
214 475 5.01 
214 488 18.009999999999998 
214 491 18.009999999999998 
214 494 14.01 
221 106 7.01 
221 108 11.01 
221 137 3.01 
221 174 5.01 
221 202 5.01 
221 260 1.01 
221 304 8.01 
221 353 9.01 
221 464 4.01 
221 496 18.009999999999998 
221 500 36.01 
247 12 3.01 
247 64 2.01 
247 258 7.01 
247 345 7.01 
247 352 7.01 
247 403 4.01 
247 476 16.009999999999998 
247 491 5.01 
247 497 21.009999999999998 
247 498 17.009999999999998 
247 500 34.01 
73 13 7.01 
73 126 4.01 
73 205 7.01 
73 258 6.01 
73 286 6.01 
73 381 5.01 
73 416 12.01 
73 459 10.01 
73 465 14.01 
73 472 10.01 
73 476 13.01 
73 496 18.009999999999998 
126 179 7.01 
126 220 7.01 
126 258 14.01 
126 321 6.01 
126 366 4.01 
126 405 8.01 
126 408 10.01 
126 448 10.01 
126 490 14.01 
126 491 20.009999999999998 
126 496 16.009999999999998 
126 500 28.009999999999998 
258 58 4.01 
258 61 7.01 
258 63 3.01 
258 318 3.01 
258 367 8.01 
258 438 2.01 
258 448 9.01 
258 488 18.009999999999998 
258 493 15.01 
258 495 16.009999999999998 
258 500 35.01 
94 41 8.01 
94 54 4.01 
94 103 3.01 
94 261 5.01 
94 280 7.01 
94 349 5.01 
94 355 8.01 
94 420 3.01 
94 464 9.01 
94 468 14.01 
94 477 4.01 
94 495 19.009999999999998 
395 160 6.01 
395 194 4.01 
395 334 2.01 
395 427 9.01 
395 429 6.01 
395 449 8.01 
395 459 11.01 
395 466 11.01 
395 482 7.01 
395 483 13.01 
395 500 28.009999999999998 
276 46 12.01 
276 137 8.01 
276 280 7.01 
276 305 6.01 
276 322 5.01 
276 326 4.01 
276 448 8.01 
276 457 9.01 
276 474 8.01 
276 488 13.01 
276 500 41.01 
76 40 2.01 
76 264 7.01 
76 271 5.01 
76 282 7.01 
76 290 5.01 
76 295 8.01 
76 322 9.01 
76 406 5.01 
76 452 9.01 
76 484 14.01 
76 490 19.009999999999998 
76 494 16.009999999999998 
271 17 3.01 
271 182 6.01 
271 197 4.01 
271 201 6.01 
271 334 6.01 
271 386 2.01 
271 412 4.01 
271 465 9.01 
271 474 11.01 
271 478 9.01 
271 499 18.009999999999998 
282 27 10.01 
282 83 6.01 
282 102 5.01 
282 232 7.01 
282 239 9.01 
282 404 12.01 
282 474 14.01 
282 485 5.01 
282 486 17.009999999999998 
282 487 10.01 
282 495 16.009999999999998 
290 14 15.01 
290 289 9.01 
290 315 10.01 
290 341 6.01 
290 418 9.01 
290 431 12.01 
290 451 15.01 
290 469 11.01 
290 478 11.01 
290 483 6.01 
290 487 8.01 
77 92 4.01 
77 108 6.01 
77 263 4.01 
77 291 8.01 
77 324 8.01 
77 364 8.01 
77 408 7.01 
77 430 4.01 
77 437 10.01 
77 444 9.01 
77 482 14.01 
77 498 15.01 
78 28 10.01 
78 32 8.01 
78 208 4.01 
78 266 5.01 
78 270 6.01 
78 312 6.01 
78 357 7.01 
78 360 3.01 
78 387 9.01 
78 394 4.01 
78 476 10.01 
78 500 34.01 
208 1 3.01 
208 7 2.01 
208 123 8.01 
208 206 7.01 
208 336 6.01 
208 362 7.01 
208 369 11.01 
208 387 12.01 
208 398 8.01 
208 413 10.01 
208 471 10.01 
208 499 14.01 
393 185 11.01 
393 188 5.01 
393 200 5.01 
393 203 7.01 
393 250 7.01 
393 270 9.01 
393 314 11.01 
393 319 1.01 
393 379 12.01 
393 394 8.01 
393 429 4.01 
189 81 10.01 
189 134 7.01 
189 174 8.01 
189 237 5.01 
189 289 2.01 
189 299 6.01 
189 356 2.01 
189 357 6.01 
189 446 10.01 
189 447 10.01 
189 451 6.01 
189 462 16.009999999999998 
209 38 6.01 
209 48 6.01 
209 242 4.01 
209 257 5.01 
209 311 7.01 
209 320 4.01 
209 328 9.01 
209 367 10.01 
209 439 5.01 
209 491 16.009999999999998 
209 494 16.009999999999998 
335 86 5.01 
335 352 6.01 
335 359 3.01 
335 377 9.01 
335 411 8.01 
335 434 9.01 
335 435 9.01 
335 467 10.01 
335 472 8.01 
335 488 16.009999999999998 
335 500 38.01 
336 75 4.01 
336 154 8.01 
336 214 7.01 
336 292 9.01 
336 294 7.01 
336 299 6.01 
336 327 5.01 
336 354 7.01 
336 372 8.01 
336 387 12.01 
336 492 20.009999999999998 
233 11 4.01 
233 16 3.01 
233 147 2.01 
233 312 9.01 
233 336 4.01 
233 337 11.01 
233 390 7.01 
233 413 7.01 
233 488 13.01 
233 489 19.009999999999998 
233 492 15.01 
332 34 5.01 
332 99 6.01 
332 160 11.01 
332 267 8.01 
332 331 9.01 
332 371 4.01 
332 393 6.01 
332 396 6.01 
332 411 10.01 
332 445 7.01 
332 455 6.01 
143 9 1.01 
143 15 6.01 
143 40 15.01 
143 84 3.01 
143 206 7.01 
143 307 8.01 
143 390 6.01 
143 415 11.01 
143 471 9.01 
143 484 9.01 
143 497 26.009999999999998 
143 499 23.009999999999998 
310 45 8.01 
310 47 4.01 
310 63 9.01 
310 268 2.01 
310 370 5.01 
310 422 5.01 
310 433 15.01 
310 439 10.01 
310 470 11.01 
310 479 15.01 
310 499 18.009999999999998 
112 308 8.01 
112 356 10.01 
112 382 6.01 
112 393 2.01 
112 427 5.01 
112 432 4.01 
112 436 10.01 
112 441 8.01 
112 443 11.01 
112 483 6.01 
112 496 14.01 
112 498 18.009999999999998 
153 8 7.01 
153 297 9.01 
153 306 8.01 
153 320 7.01 
153 344 4.01 
153 356 4.01 
153 364 12.01 
153 419 5.01 
153 466 15.01 
153 481 7.01 
153 491 14.01 
153 493 11.01 
355 213 10.01 
355 241 11.01 
355 334 8.01 
355 337 5.01 
355 339 5.01 
355 390 13.01 
355 405 4.01 
355 423 11.01 
355 445 12.01 
355 469 20.009999999999998 
355 499 36.01 
362 33 2.01 
362 253 7.01 
362 312 4.01 
362 377 10.01 
362 410 11.01 
362 455 10.01 
362 475 10.01 
362 484 9.01 
362 491 12.01 
362 499 21.009999999999998 
362 500 31.009999999999998 
91 163 5.01 
91 238 6.01 
91 241 5.01 
91 265 5.01 
91 282 10.01 
91 406 5.01 
91 457 13.01 
91 468 12.01 
91 470 4.01 
91 472 8.01 
91 479 13.01 
91 499 19.009999999999998 
238 73 6.01 
238 89 3.01 
238 106 4.01 
238 255 8.01 
238 325 5.01 
238 343 6.01 
238 387 3.01 
238 420 11.01 
238 430 10.01 
238 497 21.009999999999998 
238 499 22.009999999999998 
183 92 8.01 
183 105 3.01 
183 295 9.01 
183 345 5.01 
183 346 4.01 
183 366 15.01 
183 384 12.01 
183 406 10.01 
183 428 14.01 
183 436 13.01 
183 493 10.01 
183 494 17.009999999999998 
93 55 5.01 
93 96 2.01 
93 141 6.01 
93 168 10.01 
93 192 6.01 
93 194 3.01 
93 289 4.01 
93 340 3.01 
93 426 7.01 
93 470 7.01 
93 475 7.01 
93 493 16.009999999999998 
141 239 7.01 
141 256 4.01 
141 313 12.01 
141 348 10.01 
141 393 3.01 
141 398 6.01 
141 413 3.01 
141 422 6.01 
141 442 7.01 
141 458 8.01 
141 464 9.01 
141 472 9.01 
194 109 6.01 
194 122 8.01 
194 123 8.01 
194 209 8.01 
194 267 8.01 
194 303 5.01 
194 394 11.01 
194 421 9.01 
194 451 7.01 
194 483 14.01 
194 494 15.01 
194 495 10.01 
103 230 4.01 
103 233 7.01 
103 288 10.01 
103 337 3.01 
103 418 12.01 
103 442 6.01 
103 446 12.01 
103 456 9.01 
103 465 6.01 
103 482 12.01 
103 492 18.009999999999998 
103 495 14.01 
261 166 3.01 
261 192 3.01 
261 272 8.01 
261 310 8.01 
261 342 5.01 
261 388 9.01 
261 442 12.01 
261 468 10.01 
261 492 11.01 
261 495 11.01 
261 497 14.01 
243 255 5.01 
243 304 8.01 
243 339 8.01 
243 346 6.01 
243 453 5.01 
243 469 8.01 
243 473 7.01 
243 475 11.01 
243 479 10.01 
243 498 16.009999999999998 
243 499 28.009999999999998 
227 129 5.01 
227 153 7.01 
227 164 7.01 
227 209 9.01 
227 220 6.01 
227 252 7.01 
227 336 5.01 
227 480 7.01 
227 489 13.01 
227 490 11.01 
227 500 30.009999999999998 
419 93 7.01 
419 329 7.01 
419 374 8.01 
419 399 5.01 
419 401 10.01 
419 416 5.01 
419 437 16.009999999999998 
419 451 11.01 
419 473 7.01 
419 478 18.009999999999998 
419 482 16.009999999999998 
315 233 8.01 
315 246 5.01 
315 293 12.01 
315 307 8.01 
315 355 3.01 
315 431 8.01 
315 434 6.01 
315 466 7.01 
315 467 8.01 
315 487 10.01 
315 494 18.009999999999998 
100 133 6.01 
100 185 4.01 
100 194 7.01 
100 216 6.01 
100 233 5.01 
100 290 5.01 
100 297 4.01 
100 311 7.01 
100 332 9.01 
100 393 6.01 
100 420 5.01 
100 464 5.01 
133 26 8.01 
133 108 3.01 
133 186 7.01 
133 198 4.01 
133 237 7.01 
133 309 6.01 
133 310 8.01 
133 323 5.01 
133 411 5.01 
133 447 10.01 
133 462 8.01 
133 492 13.01 
182 79 5.01 
182 122 8.01 
182 221 7.01 
182 273 4.01 
182 313 11.01 
182 320 3.01 
182 398 5.01 
182 428 11.01 
182 431 6.01 
182 478 9.01 
182 493 18.009999999999998 
182 494 26.009999999999998 
230 24 7.01 
230 82 7.01 
230 171 3.01 
230 257 6.01 
230 293 4.01 
230 349 6.01 
230 450 7.01 
230 455 9.01 
230 486 19.009999999999998 
230 492 16.009999999999998 
230 500 36.01 
104 153 10.01 
104 175 3.01 
104 250 3.01 
104 364 10.01 
104 375 4.01 
104 383 9.01 
104 436 14.01 
104 450 12.01 
104 479 13.01 
104 481 5.01 
104 490 9.01 
104 498 21.009999999999998 
175 101 10.01 
175 270 4.01 
175 392 9.01 
175 396 5.01 
175 397 10.01 
175 420 8.01 
175 458 8.01 
175 466 14.01 
175 473 10.01 
175 485 12.01 
175 487 13.01 
175 497 23.009999999999998 
257 192 3.01 
257 279 11.01 
257 358 6.01 
257 376 2.01 
257 386 8.01 
257 403 4.01 
257 413 15.01 
257 428 9.01 
257 488 13.01 
257 489 11.01 
257 494 22.009999999999998 
429 130 10.01 
429 175 2.01 
429 302 5.01 
429 303 7.01 
429 307 9.01 
429 365 10.01 
429 376 6.01 
429 405 8.01 
429 443 6.01 
429 445 11.01 
429 449 7.01 
136 63 8.01 
136 68 7.01 
136 91 6.01 
136 220 2.01 
136 310 9.01 
136 324 4.01 
136 414 3.01 
136 416 7.01 
136 474 7.01 
136 476 15.01 
136 496 21.009999999999998 
136 500 37.01 
139 152 5.01 
139 216 6.01 
139 369 10.01 
139 372 5.01 
139 387 4.01 
139 400 10.01 
139 442 6.01 
139 451 8.01 
139 468 8.01 
139 473 7.01 
139 493 12.01 
139 495 17.009999999999998 
159 63 2.01 
159 272 3.01 
159 296 10.01 
159 304 10.01 
159 330 6.01 
159 383 5.01 
159 409 5.01 
159 418 9.01 
159 477 8.01 
159 482 7.01 
159 496 17.009999999999998 
159 498 13.01 
193 53 3.01 
193 122 5.01 
193 144 8.01 
193 230 3.01 
193 282 5.01 
193 338 4.01 
193 376 11.01 
193 384 10.01 
193 389 14.01 
193 410 7.01 
193 424 6.01 
193 439 3.01 
113 23 4.01 
113 100 7.01 
113 290 5.01 
113 340 13.01 
113 375 2.01 
113 380 4.01 
113 398 8.01 
113 413 6.01 
113 427 8.01 
113 452 18.009999999999998 
113 497 20.009999999999998 
113 499 17.009999999999998 
125 66 10.01 
125 200 9.01 
125 264 6.01 
125 285 4.01 
125 294 3.01 
125 312 3.01 
125 326 6.01 
125 416 11.01 
125 423 6.01 
125 444 6.01 
125 474 14.01 
125 491 9.01 
413 204 6.01 
413 249 5.01 
413 319 5.01 
413 325 10.01 
413 343 16.009999999999998 
413 388 11.01 
413 427 9.01 
413 431 13.01 
413 451 10.01 
413 480 14.01 
413 496 10.01 
267 13 4.01 
267 70 5.01 
267 125 7.01 
267 215 5.01 
267 246 5.01 
267 343 7.01 
267 393 10.01 
267 398 9.01 
267 413 15.01 
267 444 9.01 
267 461 10.01 
347 76 9.01 
347 146 6.01 
347 169 8.01 
347 197 2.01 
347 218 5.01 
347 470 6.01 
347 488 10.01 
347 489 16.009999999999998 
347 494 22.009999999999998 
347 495 18.009999999999998 
347 500 31.009999999999998 
115 58 7.01 
115 165 8.01 
115 196 5.01 
115 327 4.01 
115 340 13.01 
115 408 6.01 
115 432 6.01 
115 450 7.01 
115 451 6.01 
115 470 5.01 
115 496 17.009999999999998 
115 498 16.009999999999998 
196 140 6.01 
196 338 8.01 
196 380 2.01 
196 386 9.01 
196 408 6.01 
196 409 3.01 
196 444 9.01 
196 461 6.01 
196 470 14.01 
196 484 12.01 
196 498 21.009999999999998 
196 500 34.01 
186 299 8.01 
186 366 7.01 
186 372 4.01 
186 388 6.01 
186 422 3.01 
186 455 10.01 
186 465 7.01 
186 467 8.01 
186 470 4.01 
186 485 4.01 
186 495 16.009999999999998 
186 500 26.009999999999998 
254 126 8.01 
254 198 6.01 
254 235 4.01 
254 351 6.01 
254 380 9.01 
254 429 12.01 
254 470 4.01 
254 471 8.01 
254 497 15.01 
254 499 22.009999999999998 
254 500 31.009999999999998 
118 33 2.01 
118 53 3.01 
118 201 6.01 
118 324 7.01 
118 426 6.01 
118 452 3.01 
118 456 8.01 
118 478 10.01 
118 491 15.01 
118 493 22.009999999999998 
118 494 22.009999999999998 
118 497 29.009999999999998 
201 193 6.01 
201 240 2.01 
201 269 6.01 
201 377 6.01 
201 391 8.01 
201 402 3.01 
201 407 5.01 
201 456 12.01 
201 487 15.01 
201 493 14.01 
201 494 18.009999999999998 
201 499 13.01 
119 18 3.01 
119 126 8.01 
119 258 10.01 
119 362 10.01 
119 366 5.01 
119 418 8.01 
119 421 10.01 
119 457 5.01 
119 465 11.01 
119 467 7.01 
119 491 20.009999999999998 
119 500 24.009999999999998 
366 86 9.01 
366 119 2.01 
366 196 3.01 
366 244 9.01 
366 301 7.01 
366 377 3.01 
366 445 9.01 
366 480 14.01 
366 489 15.01 
366 499 29.009999999999998 
366 500 29.009999999999998 
122 6 5.01 
122 49 7.01 
122 61 4.01 
122 143 8.01 
122 215 6.01 
122 232 3.01 
122 243 4.01 
122 282 8.01 
122 397 5.01 
122 493 15.01 
122 498 20.009999999999998 
122 500 31.009999999999998 
123 35 9.01 
123 45 4.01 
123 161 3.01 
123 261 11.01 
123 358 6.01 
123 428 6.01 
123 429 6.01 
123 431 16.009999999999998 
123 462 6.01 
123 464 3.01 
123 483 13.01 
123 487 17.009999999999998 
179 6 6.01 
179 75 6.01 
179 83 8.01 
179 180 5.01 
179 320 5.01 
179 397 8.01 
179 434 3.01 
179 441 12.01 
179 452 5.01 
179 479 6.01 
179 486 8.01 
179 494 13.01 
154 141 4.01 
154 227 7.01 
154 298 6.01 
154 315 10.01 
154 398 8.01 
154 421 2.01 
154 446 7.01 
154 453 7.01 
154 458 7.01 
154 465 11.01 
154 484 6.01 
154 500 41.01 
130 42 6.01 
130 100 4.01 
130 121 1.01 
130 246 6.01 
130 247 7.01 
130 335 6.01 
130 384 6.01 
130 391 12.01 
130 392 4.01 
130 414 7.01 
130 427 8.01 
130 464 9.01 
229 5 3.01 
229 234 3.01 
229 301 10.01 
229 343 4.01 
229 391 3.01 
229 459 8.01 
229 474 11.01 
229 488 11.01 
229 489 12.01 
229 491 21.009999999999998 
229 500 46.01 
251 129 7.01 
251 300 6.01 
251 373 12.01 
251 390 6.01 
251 443 9.01 
251 453 6.01 
251 462 7.01 
251 476 14.01 
251 482 4.01 
251 490 11.01 
251 499 19.009999999999998 
137 140 11.01 
137 152 5.01 
137 173 4.01 
137 221 2.01 
137 309 6.01 
137 316 6.01 
137 345 7.01 
137 370 6.01 
137 381 5.01 
137 430 7.01 
137 477 7.01 
137 492 16.009999999999998 
152 56 6.01 
152 131 11.01 
152 233 5.01 
152 305 2.01 
152 316 13.01 
152 338 8.01 
152 373 5.01 
152 376 3.01 
152 437 8.01 
152 468 9.01 
152 481 8.01 
152 491 19.009999999999998 
279 77 7.01 
279 100 11.01 
279 286 5.01 
279 340 5.01 
279 419 4.01 
279 422 4.01 
279 449 6.01 
279 461 7.01 
279 490 16.009999999999998 
279 493 12.01 
279 498 19.009999999999998 
307 59 5.01 
307 123 7.01 
307 167 2.01 
307 194 12.01 
307 290 6.01 
307 312 6.01 
307 464 9.01 
307 481 10.01 
307 483 9.01 
307 487 22.009999999999998 
307 492 14.01 
329 132 10.01 
329 169 5.01 
329 285 2.01 
329 308 8.01 
329 345 8.01 
329 364 10.01 
329 484 11.01 
329 486 13.01 
329 495 20.009999999999998 
329 496 11.01 
329 498 20.009999999999998 
331 174 5.01 
331 286 4.01 
331 327 3.01 
331 371 10.01 
331 417 9.01 
331 438 5.01 
331 455 5.01 
331 459 9.01 
331 491 23.009999999999998 
331 495 16.009999999999998 
331 500 33.01 
147 84 9.01 
147 91 6.01 
147 232 4.01 
147 276 7.01 
147 328 9.01 
147 355 3.01 
147 469 10.01 
147 481 8.01 
147 485 14.01 
147 497 24.009999999999998 
147 499 24.009999999999998 
147 500 23.009999999999998 
328 238 12.01 
328 268 3.01 
328 311 11.01 
328 315 5.01 
328 325 10.01 
328 472 5.01 
328 476 5.01 
328 479 16.009999999999998 
328 485 15.01 
328 497 24.009999999999998 
328 499 28.009999999999998 
325 199 7.01 
325 213 12.01 
325 321 8.01 
325 349 7.01 
325 368 11.01 
325 380 7.01 
325 460 10.01 
325 469 16.009999999999998 
325 479 10.01 
325 492 16.009999999999998 
325 499 29.009999999999998 
181 49 7.01 
181 71 7.01 
181 126 4.01 
181 381 6.01 
181 391 14.01 
181 452 9.01 
181 472 9.01 
181 475 13.01 
181 478 9.01 
181 485 8.01 
181 498 14.01 
181 500 35.01 
314 120 7.01 
314 170 3.01 
314 188 4.01 
314 239 7.01 
314 293 6.01 
314 332 10.01 
314 419 10.01 
314 429 3.01 
314 458 11.01 
314 481 5.01 
314 497 18.009999999999998 
242 1 6.01 
242 152 5.01 
242 215 8.01 
242 417 11.01 
242 432 7.01 
242 434 8.01 
242 440 7.01 
242 472 11.01 
242 474 13.01 
242 480 7.01 
242 500 37.01 
169 110 4.01 
169 172 2.01 
169 218 7.01 
169 238 5.01 
169 316 13.01 
169 417 9.01 
169 451 7.01 
169 461 8.01 
169 462 11.01 
169 477 18.009999999999998 
169 484 11.01 
169 490 18.009999999999998 
225 151 9.01 
225 274 8.01 
225 367 8.01 
225 372 11.01 
225 375 7.01 
225 466 10.01 
225 484 12.01 
225 486 12.01 
225 488 9.01 
225 489 18.009999999999998 
225 492 16.009999999999998 
228 80 10.01 
228 88 5.01 
228 124 8.01 
228 135 7.01 
228 171 8.01 
228 236 4.01 
228 418 8.01 
228 454 11.01 
228 478 8.01 
228 481 7.01 
228 497 21.009999999999998 
199 33 6.01 
199 55 5.01 
199 181 7.01 
199 335 6.01 
199 336 8.01 
199 350 6.01 
199 400 10.01 
199 405 9.01 
199 427 4.01 
199 440 8.01 
199 461 9.01 
199 488 6.01 
249 125 2.01 
249 161 8.01 
249 171 5.01 
249 276 11.01 
249 314 6.01 
249 341 10.01 
249 403 8.01 
249 458 9.01 
249 495 15.01 
249 499 17.009999999999998 
249 500 35.01 
217 59 8.01 
217 115 2.01 
217 143 8.01 
217 298 5.01 
217 303 5.01 
217 352 7.01 
217 371 1.01 
217 422 6.01 
217 469 5.01 
217 487 18.009999999999998 
217 498 17.009999999999998 
341 25 3.01 
341 269 4.01 
341 350 11.01 
341 362 2.01 
341 370 3.01 
341 403 5.01 
341 420 4.01 
341 430 10.01 
341 474 11.01 
341 482 10.01 
341 500 34.01 
