0 2
1 3
2 3
3 2
4 2
5 2
6 1
7 2
8 1
9 1
10 3
11 3
12 1
13 3
14 3
15 3
16 2
17 2
18 1
19 2
20 2
21 2
22 2
23 1
24 2
25 3
26 2
27 3
28 2
29 2
30 3
31 3
32 3
33 2
34 2
35 2
36 3
37 3
38 2
39 1
40 1
41 2
42 1
43 1
44 3
45 1
46 3
47 2
48 3
49 2
50 1
51 3
52 2
53 3
54 1
55 1
56 2
57 3
58 2
59 2
60 2
61 2
62 3
63 3
64 1
65 2
66 3
67 1
68 3
69 1
70 3
71 2
72 2
73 2
74 3
75 3
76 2
77 3
78 2
79 3
80 3
81 2
82 3
83 2
84 2
85 1
86 1
87 2
88 2
89 3
90 1
91 1
92 3
93 3
94 3
95 3
96 1
97 2
98 2
99 2
100 1
101 1
102 2
103 3
104 3
105 2
106 3
107 1
108 1
109 1
110 2
111 3
112 2
113 1
114 3
115 2
116 3
117 1
118 3
119 2
120 3
121 3
122 2
123 1
124 2
125 3
126 3
127 3
128 2
129 3
130 3
131 1
132 2
133 3
134 3
135 3
136 3
137 3
138 3
139 1
140 2
141 3
142 1
143 3
144 1
145 3
146 2
147 1
148 3
149 3
150 2
151 1
152 3
153 1
154 3
155 1
156 2
157 3
158 3
159 3
160 3
161 2
162 1
163 3
164 3
165 2
166 3
167 1
168 1
169 3
170 3
171 2
172 2
173 1
174 1
175 3
176 3
177 3
178 3
179 1
180 3
181 2
182 3
183 2
184 3
185 3
186 3
187 3
188 3
189 2
190 1
191 3
192 1
193 3
194 1
195 1
196 2
197 3
198 2
199 3
200 1
201 3
202 1
203 2
204 3
205 1
206 1
207 3
208 2
209 3
210 3
211 1
212 3
213 2
214 3
215 3
216 1
217 2
218 1
219 1
220 3
221 3
222 3
223 2
224 1
225 3
226 2
227 3
228 2
229 3
230 2
231 2
232 3
233 3
234 3
235 1
236 3
237 2
238 1
239 1
240 2
241 3
242 2
243 2
244 3
245 3
246 1
247 3
248 2
249 2
250 1
251 3
252 3
253 3
254 1
255 3
256 3
257 3
258 1
259 3
260 3
261 2
262 1
263 1
264 3
265 3
266 2
267 3
268 2
269 2
270 2
271 1
272 1
273 3
274 1
275 2
276 3
277 3
278 2
279 1
280 2
281 2
282 1
283 1
284 2
285 2
286 2
287 2
288 1
289 1
290 1
291 3
292 1
293 3
294 3
295 2
296 3
297 1
298 1
299 1
300 1
301 3
302 2
303 1
304 3
305 3
306 1
307 3
308 1
309 3
310 1
311 1
312 2
313 1
314 3
315 3
316 2
317 1
318 2
319 3
320 3
321 3
322 1
323 1
324 2
325 3
326 2
327 3
328 1
329 3
330 1
331 3
332 3
333 3
334 3
335 3
336 1
337 1
338 1
339 2
340 1
341 1
342 1
343 1
344 3
345 3
346 3
347 1
348 2
349 3
350 3
351 3
352 1
353 2
354 1
355 3
356 2
357 1
358 2
359 2
360 2
361 2
362 1
363 2
364 3
365 3
366 3
367 3
368 1
369 3
370 3
371 3
372 3
373 2
374 3
375 3
376 3
377 2
378 3
379 1
380 2
381 1
382 3
383 2
384 1
385 2
386 1
387 2
388 3
389 1
390 1
391 3
392 1
393 2
394 3
395 3
396 3
397 1
398 3
399 2
400 3
401 3
402 2
403 3
404 3
405 3
406 3
407 3
408 3
409 3
410 1
411 1
412 2
413 3
414 3
415 2
416 1
417 3
418 1
419 2
420 3
421 1
422 2
423 3
424 1
425 1
426 1
427 3
428 3
429 1
430 3
431 2
432 1
433 1
434 1
435 3
436 3
437 2
438 1
439 2
440 3
441 1
442 3
443 1
444 1
445 2
446 1
447 2
448 3
449 2
450 1
451 3
452 3
453 3
454 2
455 3
456 2
457 1
458 1
459 3
460 2
461 1
462 3
463 2
464 1
465 2
466 2
467 1
468 1
469 3
470 3
471 3
472 3
473 3
474 3
475 2
476 2
477 3
478 3
479 3
480 1
481 2
482 1
483 2
484 3
485 3
486 2
487 1
488 2
489 2
490 2
491 1
492 1
493 1
494 2
495 3
496 2
497 1
498 2
499 2
500 2
501 3
502 1
503 3
504 2
505 2
506 3
507 3
508 1
509 3
510 3
511 1
512 2
513 2
514 2
515 2
516 3
517 1
518 1
519 3
520 1
521 1
522 2
523 3
524 2
525 3
526 2
527 2
528 3
529 3
530 3
531 1
532 1
533 3
534 2
535 3
536 3
537 3
538 1
539 2
540 1
541 3
542 1
543 3
544 3
545 3
546 1
547 2
548 1
549 2
550 3
551 2
552 3
553 3
554 2
555 2
556 3
557 3
558 3
559 3
560 2
561 1
562 2
563 3
564 3
565 3
566 1
567 1
568 2
569 2
570 3
571 3
572 3
573 3
574 3
575 1
576 2
577 3
578 3
579 2
580 3
581 3
582 2
583 3
584 2
585 3
586 3
587 3
588 2
589 3
590 3
591 2
592 1
593 3
594 3
595 1
596 2
597 2
598 1
599 2
600 3
601 2
602 2
603 3
604 2
605 2
606 2
607 3
608 3
609 2
610 2
611 1
612 3
613 3
614 3
615 2
616 2
617 3
618 3
619 3
620 2
621 1
622 1
623 2
624 2
625 2
626 3
627 3
628 2
629 2
630 2
631 1
632 2
633 1
634 3
635 2
636 3
637 1
638 3
639 1
640 3
641 2
642 2
643 2
644 3
645 2
646 2
647 3
648 2
649 3
650 2
651 2
652 1
653 2
654 2
655 2
656 3
657 2
658 3
659 2
660 3
661 2
662 2
663 3
664 2
665 1
666 2
667 3
668 2
669 2
670 3
671 2
672 3
673 3
674 3
675 3
676 3
677 1
678 1
679 3
680 3
681 3
682 2
683 3
684 1
685 3
686 3
687 3
688 1
689 1
690 2
691 2
692 3
693 3
694 2
695 1
696 3
697 3
698 3
699 3
700 3
701 1
702 3
703 1
704 1
705 1
706 3
707 3
708 1
709 1
710 3
711 2
712 2
713 2
714 3
715 1
716 2
717 1
718 2
719 3
720 3
721 3
722 3
723 2
724 1
725 2
726 1
727 3
728 1
729 3
730 3
731 1
732 1
733 2
734 1
735 2
736 1
737 2
738 3
739 3
740 2
741 3
742 3
743 3
744 2
745 2
746 3
747 1
748 1
749 3
750 2
751 3
752 2
753 2
754 3
755 3
756 3
757 3
758 3
759 1
760 2
761 2
762 1
763 1
764 1
765 2
766 2
767 3
768 2
769 1
770 1
771 2
772 2
773 3
774 3
775 2
776 1
777 2
778 3
779 3
780 1
781 3
782 3
783 2
784 3
785 3
786 2
787 1
788 3
789 3
790 3
791 1
792 3
793 1
794 1
795 1
796 2
797 2
798 2
799 3
800 3
801 3
802 3
803 1
804 2
805 1
806 3
807 2
808 3
809 3
810 2
811 3
812 2
813 3
814 3
815 2
816 3
817 3
818 3
819 3
820 2
821 1
822 3
823 2
824 2
825 1
826 1
827 2
828 1
829 1
830 2
831 2
832 3
833 3
834 3
835 1
836 2
837 2
838 2
839 3
840 1
841 2
842 1
843 1
844 1
845 3
846 3
847 1
848 1
849 3
850 1
851 2
852 2
853 2
854 1
855 2
856 3
857 3
858 1
859 3
860 3
861 1
862 1
863 1
864 3
865 1
866 1
867 3
868 3
869 1
870 3
871 3
872 3
873 2
874 3
875 3
876 1
877 2
878 1
879 3
880 3
881 2
882 1
883 2
884 2
885 1
886 2
887 2
888 3
889 2
890 1
891 1
892 1
893 3
894 3
895 2
896 2
897 3
898 2
899 2
900 3
901 3
902 1
903 3
904 2
905 3
906 2
907 1
908 2
909 3
910 1
911 3
912 3
913 3
914 3
915 2
916 3
917 2
918 2
919 2
920 3
921 3
922 3
923 3
924 1
925 3
926 1
927 2
928 2
929 3
930 3
931 3
932 2
933 3
934 1
935 3
936 3
937 3
938 3
939 3
940 2
941 3
942 2
943 1
944 3
945 3
946 1
947 2
948 3
949 3
950 3
951 2
952 1
953 2
954 3
955 3
956 3
957 2
958 2
959 3
960 2
961 3
962 3
963 1
964 2
965 3
966 2
967 1
968 1
969 2
970 1
971 1
972 3
973 3
974 1
975 2
976 3
977 2
978 3
979 2
980 2
981 1
982 3
983 1
984 3
985 3
986 3
987 1
988 2
989 3
990 2
991 3
992 3
993 3
994 1
995 2
996 2
997 3
998 3
999 3
