0 5
1 2
2 7
3 7
4 4
5 4
6 6
7 1
8 1
9 3
10 3
11 5
12 3
13 4
14 5
15 6
16 3
17 7
18 4
19 2
20 2
21 3
22 5
23 4
24 6
25 4
26 7
27 1
28 2
29 4
30 4
31 7
32 2
33 2
34 4
35 2
36 6
37 4
38 2
39 3
40 2
41 5
42 6
43 3
44 6
45 4
46 4
47 6
48 2
49 6
50 2
51 1
52 4
53 4
54 1
55 4
56 1
57 6
58 5
59 6
60 3
61 2
62 3
63 5
64 2
65 5
66 3
67 1
68 7
69 4
70 4
71 4
72 4
73 6
74 3
75 4
76 4
77 7
78 2
79 7
80 5
81 3
82 4
83 6
84 3
85 4
86 6
87 3
88 7
89 3
90 5
91 5
92 7
93 6
94 6
95 6
96 7
97 2
98 1
99 1
100 4
101 7
102 4
103 4
104 7
105 5
106 7
107 7
108 3
109 1
110 3
111 5
112 4
113 7
114 5
115 7
116 3
117 6
118 7
119 5
120 2
121 7
122 1
123 5
124 4
125 4
126 7
127 4
128 2
129 7
130 2
131 4
132 5
133 3
134 1
135 1
136 4
137 6
138 1
139 2
140 4
141 2
142 7
143 6
144 4
145 3
146 3
147 3
148 3
149 4
150 6
151 6
152 4
153 3
154 7
155 2
156 2
157 1
158 7
159 4
160 4
161 4
162 1
163 2
164 7
165 3
166 2
167 3
168 4
169 3
170 1
171 1
172 2
173 4
174 7
175 3
176 3
177 6
178 2
179 4
180 2
181 5
182 7
183 6
184 7
185 4
186 1
187 4
188 1
189 3
190 5
191 1
192 7
193 7
194 1
195 4
196 2
197 4
198 4
199 1
200 6
201 7
202 6
203 6
204 1
205 4
206 2
207 7
208 6
209 5
210 4
211 2
212 5
213 6
214 6
215 5
216 6
217 5
218 5
219 7
220 1
221 4
222 5
223 6
224 6
225 4
226 3
227 4
228 2
229 7
230 7
231 6
232 2
233 2
234 3
235 6
236 5
237 5
238 4
239 7
240 5
241 3
242 1
243 6
244 5
245 5
246 3
247 4
248 5
249 7
250 7
251 5
252 7
253 4
254 2
255 4
256 3
257 6
258 1
259 2
260 3
261 3
262 4
263 4
264 6
265 1
266 4
267 6
268 4
269 5
270 1
271 4
272 3
273 4
274 2
275 5
276 3
277 3
278 3
279 4
280 5
281 4
282 3
283 4
284 7
285 3
286 2
287 5
288 3
289 3
290 5
291 1
292 1
293 5
294 1
295 4
296 3
297 3
298 4
299 2
300 6
301 5
302 2
303 1
304 4
305 4
306 7
307 4
308 6
309 3
310 2
311 1
312 5
313 3
314 3
315 3
316 2
317 6
318 4
319 7
320 6
321 7
322 7
323 1
324 6
325 5
326 4
327 5
328 5
329 7
330 3
331 1
332 3
333 7
334 7
335 6
336 7
337 3
338 2
339 2
340 7
341 3
342 7
343 6
344 4
345 1
346 6
347 3
348 6
349 4
350 2
351 7
352 4
353 6
354 2
355 6
356 4
357 2
358 5
359 6
360 6
361 3
362 7
363 2
364 3
365 3
366 3
367 4
368 6
369 4
370 4
371 4
372 6
373 2
374 6
375 4
376 1
377 3
378 5
379 4
380 5
381 4
382 6
383 3
384 4
385 7
386 5
387 4
388 1
389 4
390 7
391 2
392 1
393 2
394 5
395 2
396 2
397 1
398 6
399 5
400 6
401 7
402 1
403 7
404 2
405 3
406 5
407 4
408 4
409 3
410 6
411 6
412 4
413 1
414 3
415 4
416 4
417 7
418 3
419 4
420 7
421 7
422 6
423 6
424 2
425 2
426 7
427 4
428 5
429 3
430 1
431 7
432 1
433 1
434 3
435 6
436 6
437 6
438 6
439 3
440 2
441 3
442 3
443 1
444 1
445 1
446 5
447 5
448 4
449 1
450 4
451 6
452 1
453 6
454 3
455 6
456 7
457 4
458 7
459 1
460 4
461 3
462 7
463 5
464 1
465 5
466 5
467 7
468 5
469 3
470 4
471 4
472 1
473 4
474 5
475 7
476 7
477 1
478 6
479 1
480 2
481 7
482 4
483 3
484 7
485 5
486 2
487 6
488 3
489 7
490 6
491 1
492 1
493 5
494 7
495 7
496 3
497 4
498 2
499 4
500 6
501 4
502 6
503 5
504 6
505 4
506 7
507 3
508 5
509 3
510 7
511 2
512 5
513 6
514 4
515 3
516 2
517 4
518 1
519 4
520 7
521 6
522 5
523 6
524 1
525 7
526 3
527 3
528 5
529 2
530 2
531 6
532 7
533 2
534 5
535 3
536 2
537 1
538 5
539 4
540 1
541 7
542 1
543 4
544 1
545 2
546 3
547 4
548 2
549 4
550 4
551 5
552 1
553 7
554 4
555 6
556 2
557 3
558 4
559 3
560 7
561 4
562 6
563 3
564 6
565 3
566 2
567 7
568 2
569 1
570 7
571 5
572 2
573 3
574 6
575 1
576 4
577 2
578 5
579 3
580 6
581 7
582 4
583 5
584 7
585 6
586 7
587 1
588 3
589 7
590 3
591 6
592 1
593 7
594 5
595 1
596 3
597 2
598 7
599 3
600 5
601 2
602 1
603 6
604 4
605 3
606 6
607 1
608 1
609 6
610 4
611 2
612 4
613 1
614 6
615 4
616 1
617 4
618 6
619 3
620 3
621 5
622 6
623 4
624 6
625 2
626 7
627 3
628 5
629 2
630 6
631 2
632 2
633 4
634 2
635 6
636 5
637 5
638 5
639 4
640 6
641 6
642 2
643 1
644 7
645 4
646 4
647 5
648 7
649 6
650 4
651 6
652 3
653 7
654 5
655 3
656 4
657 2
658 5
659 1
660 6
661 1
662 3
663 4
664 4
665 2
666 2
667 6
668 7
669 7
670 4
671 4
672 7
673 3
674 5
675 2
676 4
677 1
678 7
679 1
680 3
681 6
682 1
683 1
684 6
685 7
686 7
687 2
688 1
689 7
690 4
691 5
692 1
693 1
694 4
695 3
696 6
697 1
698 4
699 7
700 5
701 4
702 4
703 7
704 7
705 5
706 3
707 6
708 1
709 4
710 5
711 1
712 1
713 1
714 7
715 2
716 1
717 1
718 3
719 2
720 2
721 3
722 4
723 4
724 7
725 4
726 3
727 2
728 5
729 3
730 1
731 3
732 7
733 3
734 2
735 6
736 4
737 4
738 4
739 7
740 2
741 7
742 1
743 4
744 5
745 4
746 3
747 7
748 5
749 3
750 3
751 2
752 4
753 5
754 7
755 5
756 1
757 2
758 2
759 5
760 1
761 2
762 2
763 4
764 6
765 2
766 4
767 3
768 1
769 2
770 3
771 1
772 6
773 2
774 4
775 4
776 7
777 1
778 4
779 7
780 1
781 4
782 3
783 3
784 1
785 4
786 7
787 4
788 7
789 3
790 1
791 2
792 1
793 3
794 4
795 1
796 5
797 6
798 3
799 7
800 5
801 6
802 3
803 2
804 7
805 3
806 7
807 1
808 4
809 4
810 2
811 2
812 2
813 3
814 3
815 1
816 1
817 7
818 1
819 4
820 6
821 4
822 3
823 4
824 4
825 6
826 6
827 6
828 3
829 5
830 1
831 3
832 2
833 7
834 5
835 4
836 3
837 3
838 5
839 4
840 2
841 1
842 6
843 4
844 4
845 1
846 5
847 6
848 2
849 3
850 3
851 2
852 3
853 3
854 5
855 3
856 4
857 3
858 4
859 5
860 4
861 2
862 3
863 3
864 2
865 4
866 4
867 7
868 1
869 5
870 2
871 4
872 2
873 3
874 4
875 3
876 4
877 3
878 1
879 1
880 4
881 7
882 7
883 7
884 1
885 4
886 4
887 3
888 7
889 3
890 4
891 6
892 3
893 3
894 1
895 7
896 7
897 3
898 2
899 1
900 3
901 2
902 3
903 1
904 3
905 1
906 3
907 7
908 2
909 6
910 1
911 3
912 3
913 5
914 3
915 7
916 1
917 2
918 5
919 5
920 5
921 5
922 3
923 3
924 3
925 3
926 3
927 1
928 3
929 1
930 7
931 7
932 6
933 6
934 4
935 1
936 4
937 3
938 4
939 7
940 6
941 4
942 2
943 2
944 3
945 4
946 4
947 4
948 3
949 7
950 7
951 1
952 6
953 1
954 4
955 2
956 4
957 4
958 7
959 2
960 6
961 2
962 6
963 5
964 4
965 5
966 3
967 7
968 1
969 6
970 7
971 3
972 3
973 7
974 2
975 5
976 3
977 4
978 2
979 6
980 3
981 1
982 5
983 3
984 1
985 5
986 3
987 1
988 2
989 2
990 4
991 2
992 7
993 4
994 7
995 7
996 4
997 4
998 4
999 4
