0 1
1 4
2 2
3 4
4 4
5 3
6 4
7 4
8 1
9 4
10 4
11 1
12 4
13 3
14 2
15 3
16 2
17 1
18 4
19 2
20 3
21 4
22 4
23 2
24 2
25 4
26 2
27 2
28 4
29 1
30 1
31 3
32 3
33 4
34 2
35 4
36 4
37 4
38 1
39 1
40 3
41 2
42 3
43 2
44 2
45 3
46 4
47 1
48 3
49 4
50 2
51 2
52 2
53 4
54 4
55 1
56 2
57 1
58 2
59 4
60 1
61 3
62 4
63 2
64 3
65 1
66 3
67 1
68 1
69 4
70 2
71 1
72 2
73 2
74 1
75 4
76 2
77 1
78 4
79 4
80 2
81 1
82 2
83 4
84 4
85 3
86 2
87 4
88 3
89 4
90 2
91 2
92 2
93 1
94 4
95 1
96 4
97 4
98 1
99 1
100 1
101 4
102 4
103 4
104 2
105 3
106 3
107 4
108 2
109 4
110 1
111 2
112 2
113 1
114 2
115 1
116 1
117 4
118 4
119 4
120 2
121 1
122 1
123 4
124 2
125 4
126 4
127 2
128 1
129 4
130 2
131 1
132 3
133 3
134 2
135 2
136 4
137 4
138 3
139 3
140 3
141 2
142 2
143 2
144 4
145 4
146 1
147 1
148 3
149 3
150 2
151 1
152 2
153 4
154 2
155 1
156 3
157 1
158 1
159 2
160 1
161 4
162 4
163 4
164 3
165 3
166 4
167 4
168 2
169 3
170 3
171 3
172 3
173 2
174 2
175 4
176 2
177 4
178 4
179 1
180 2
181 1
182 3
183 2
184 2
185 1
186 3
187 3
188 3
189 4
190 4
191 1
192 1
193 2
194 4
195 4
196 1
197 1
198 3
199 2
200 4
201 2
202 3
203 2
204 2
205 3
206 2
207 1
208 4
209 4
210 2
211 4
212 4
213 3
214 2
215 2
216 1
217 4
218 3
219 2
220 4
221 3
222 3
223 4
224 1
225 3
226 2
227 4
228 3
229 2
230 4
231 4
232 4
233 4
234 1
235 3
236 4
237 3
238 4
239 4
240 4
241 3
242 1
243 1
244 2
245 1
246 4
247 4
248 2
249 4
250 4
251 3
252 3
253 2
254 1
255 2
256 2
257 1
258 1
259 2
260 2
261 4
262 4
263 2
264 4
265 1
266 1
267 3
268 4
269 1
270 1
271 3
272 4
273 2
274 2
275 2
276 4
277 1
278 4
279 3
280 4
281 2
282 2
283 1
284 4
285 2
286 4
287 1
288 1
289 2
290 4
291 1
292 4
293 4
294 1
295 4
296 2
297 3
298 4
299 1
300 4
301 4
302 3
303 4
304 2
305 4
306 4
307 2
308 3
309 4
310 3
311 1
312 1
313 3
314 1
315 4
316 4
317 1
318 1
319 4
320 4
321 1
322 3
323 3
324 4
325 4
326 1
327 4
328 1
329 3
330 2
331 4
332 1
333 1
334 2
335 3
336 4
337 2
338 3
339 3
340 1
341 2
342 1
343 2
344 1
345 4
346 3
347 3
348 4
349 4
350 2
351 1
352 3
353 3
354 4
355 2
356 3
357 2
358 4
359 3
360 4
361 4
362 1
363 3
364 2
365 4
366 2
367 1
368 3
369 2
370 2
371 4
372 4
373 2
374 3
375 3
376 1
377 1
378 1
379 3
380 1
381 1
382 3
383 1
384 2
385 2
386 1
387 4
388 3
389 1
390 3
391 4
392 4
393 2
394 3
395 2
396 4
397 4
398 4
399 2
400 1
401 3
402 4
403 3
404 3
405 2
406 3
407 3
408 2
409 3
410 1
411 2
412 2
413 4
414 4
415 2
416 4
417 3
418 4
419 2
420 3
421 1
422 1
423 2
424 2
425 4
426 3
427 1
428 4
429 4
430 1
431 3
432 3
433 4
434 3
435 3
436 2
437 2
438 3
439 2
440 2
441 4
442 3
443 3
444 4
445 1
446 2
447 4
448 1
449 3
450 3
451 4
452 4
453 4
454 3
455 3
456 4
457 2
458 4
459 4
460 4
461 4
462 2
463 4
464 4
465 3
466 3
467 1
468 2
469 4
470 3
471 2
472 3
473 1
474 3
475 4
476 4
477 3
478 1
479 1
480 4
481 4
482 2
483 2
484 4
485 4
486 4
487 3
488 3
489 2
490 2
491 4
492 3
493 3
494 4
495 2
496 2
497 2
498 4
499 2
500 1
501 3
502 1
503 1
504 3
505 4
506 4
507 4
508 2
509 1
510 2
511 3
512 1
513 1
514 1
515 3
516 3
517 3
518 4
519 4
520 4
521 1
522 1
523 4
524 4
525 1
526 2
527 3
528 3
529 4
530 3
531 3
532 4
533 2
534 3
535 1
536 4
537 4
538 4
539 3
540 4
541 3
542 4
543 1
544 2
545 2
546 4
547 4
548 3
549 4
550 4
551 2
552 2
553 2
554 3
555 2
556 1
557 4
558 3
559 1
560 2
561 4
562 1
563 3
564 3
565 2
566 2
567 3
568 4
569 1
570 3
571 1
572 3
573 4
574 3
575 1
576 2
577 3
578 3
579 4
580 4
581 1
582 3
583 4
584 2
585 3
586 3
587 4
588 3
589 1
590 1
591 2
592 2
593 1
594 4
595 4
596 4
597 2
598 1
599 3
600 4
601 2
602 4
603 2
604 2
605 4
606 3
607 3
608 4
609 2
610 3
611 3
612 3
613 1
614 2
615 4
616 4
617 1
618 4
619 2
620 2
621 4
622 1
623 3
624 1
625 3
626 1
627 3
628 4
629 3
630 1
631 2
632 4
633 2
634 4
635 3
636 1
637 2
638 2
639 2
640 2
641 4
642 4
643 3
644 3
645 4
646 4
647 4
648 4
649 4
650 4
651 1
652 4
653 2
654 2
655 1
656 1
657 2
658 1
659 4
660 2
661 2
662 2
663 2
664 3
665 1
666 3
667 2
668 3
669 1
670 4
671 1
672 1
673 2
674 2
675 4
676 1
677 4
678 4
679 1
680 2
681 1
682 1
683 2
684 4
685 4
686 3
687 1
688 3
689 1
690 1
691 1
692 2
693 3
694 4
695 2
696 4
697 1
698 3
699 4
700 3
701 2
702 3
703 2
704 2
705 3
706 1
707 4
708 3
709 2
710 4
711 1
712 2
713 1
714 4
715 2
716 2
717 1
718 1
719 3
720 2
721 2
722 4
723 3
724 4
725 2
726 2
727 3
728 3
729 4
730 1
731 2
732 4
733 4
734 1
735 4
736 1
737 4
738 2
739 4
740 4
741 2
742 4
743 1
744 2
745 4
746 1
747 1
748 1
749 4
750 4
751 2
752 4
753 4
754 4
755 2
756 2
757 4
758 2
759 4
760 2
761 4
762 2
763 1
764 3
765 1
766 4
767 1
768 4
769 4
770 1
771 4
772 4
773 3
774 1
775 1
776 1
777 3
778 2
779 4
780 3
781 1
782 1
783 4
784 3
785 3
786 3
787 4
788 3
789 4
790 3
791 2
792 4
793 2
794 4
795 4
796 4
797 1
798 4
799 4
800 2
801 2
802 2
803 2
804 2
805 4
806 1
807 2
808 2
809 1
810 2
811 2
812 3
813 1
814 3
815 4
816 2
817 1
818 2
819 4
820 2
821 1
822 2
823 4
824 4
825 4
826 4
827 1
828 1
829 2
830 4
831 4
832 2
833 4
834 1
835 4
836 1
837 1
838 2
839 3
840 1
841 4
842 1
843 4
844 1
845 4
846 2
847 2
848 1
849 1
850 2
851 3
852 4
853 2
854 2
855 2
856 4
857 2
858 1
859 2
860 2
861 1
862 2
863 3
864 2
865 1
866 3
867 1
868 2
869 3
870 4
871 2
872 4
873 4
874 1
875 1
876 4
877 2
878 1
879 4
880 4
881 1
882 1
883 1
884 4
885 1
886 2
887 1
888 1
889 2
890 4
891 3
892 2
893 4
894 4
895 4
896 1
897 4
898 2
899 1
900 1
901 3
902 4
903 3
904 3
905 2
906 3
907 1
908 1
909 1
910 2
911 2
912 2
913 1
914 4
915 1
916 3
917 2
918 4
919 3
920 2
921 4
922 1
923 4
924 4
925 2
926 2
927 2
928 4
929 3
930 1
931 3
932 4
933 4
934 2
935 3
936 2
937 1
938 4
939 1
940 4
941 3
942 2
943 3
944 4
945 4
946 3
947 4
948 2
949 3
950 4
951 4
952 1
953 4
954 1
955 4
956 1
957 1
958 4
959 2
960 1
961 4
962 2
963 4
964 1
965 2
966 1
967 2
968 4
969 1
970 1
971 3
972 1
973 4
974 3
975 4
976 1
977 4
978 3
979 4
980 4
981 3
982 2
983 3
984 4
985 2
986 1
987 4
988 1
989 1
990 2
991 3
992 3
993 4
994 4
995 2
996 3
997 2
998 4
999 4
