0 129
0 160
0 769
0 908
0 933
0 983
0 991
0 997
1 197
1 236
1 237
1 737
1 742
1 864
1 989
1 994
2 60
2 688
2 915
2 928
2 947
2 960
2 989
2 996
3 70
3 89
3 400
3 700
3 976
3 994
3 996
3 997
4 283
4 774
4 793
4 958
4 978
4 991
4 998
4 999
5 628
5 784
5 931
5 933
5 935
5 958
5 988
5 993
6 213
6 588
6 648
6 649
6 798
6 981
6 991
6 999
7 109
7 477
7 625
7 736
7 803
7 982
7 991
7 997
8 122
8 230
8 349
8 683
8 753
8 989
8 997
8 998
9 155
9 220
9 343
9 356
9 861
9 959
9 998
9 999
10 145
10 476
10 719
10 869
10 945
10 950
10 995
10 998
11 6
11 23
11 393
11 971
11 980
11 983
11 991
11 999
12 665
12 928
12 947
12 975
12 986
12 987
12 994
12 995
13 130
13 600
13 606
13 699
13 876
13 977
13 994
13 999
14 6
14 448
14 781
14 861
14 910
14 931
14 990
14 998
15 309
15 737
15 944
15 956
15 965
15 982
15 995
15 997
16 505
16 736
16 822
16 912
16 965
16 978
16 986
16 992
17 697
17 728
17 937
17 952
17 965
17 992
17 998
17 999
18 30
18 53
18 270
18 313
18 454
18 782
18 983
18 991
19 51
19 505
19 587
19 671
19 806
19 829
19 984
19 988
20 49
20 128
20 532
20 787
20 975
20 978
20 988
20 989
21 303
21 596
21 748
21 772
21 798
21 963
21 966
21 978
22 144
22 271
22 411
22 483
22 594
22 694
22 704
22 923
23 411
23 427
23 806
23 949
23 973
23 984
23 991
23 996
24 77
24 717
24 725
24 828
24 873
24 883
24 996
24 997
25 398
25 526
25 584
25 826
25 841
25 863
25 970
25 980
26 437
26 586
26 831
26 838
26 893
26 947
26 993
26 999
27 37
27 266
27 324
27 408
27 614
27 945
27 947
27 997
28 522
28 609
28 619
28 811
28 937
28 995
28 996
28 998
29 243
29 788
29 826
29 829
29 938
29 990
29 993
29 995
30 45
30 509
30 594
30 633
30 792
30 901
30 941
30 951
31 523
31 723
31 869
31 878
31 888
31 922
31 983
31 998
32 502
32 504
32 629
32 718
32 853
32 916
32 996
32 997
33 35
33 68
33 221
33 518
33 858
33 863
33 926
33 995
34 82
34 124
34 227
34 303
34 794
34 877
34 987
34 992
35 412
35 502
35 689
35 721
35 878
35 946
35 985
35 995
36 104
36 608
36 724
36 820
36 891
36 922
36 995
36 996
37 116
37 698
37 885
37 946
37 989
37 992
37 993
37 998
38 6
38 33
38 233
38 493
38 685
38 943
38 987
38 997
39 676
39 873
39 961
39 982
39 989
39 994
39 995
39 999
40 332
40 642
40 719
40 924
40 946
40 948
40 989
40 998
41 176
41 179
41 277
41 654
41 960
41 991
41 993
41 995
42 183
42 256
42 280
42 563
42 927
42 995
42 996
42 999
43 273
43 483
43 635
43 853
43 959
43 986
43 995
43 996
44 68
44 935
44 960
44 985
44 987
44 992
44 995
44 996
45 374
45 586
45 620
45 793
45 892
45 936
45 968
45 996
46 618
46 654
46 755
46 804
46 973
46 985
46 998
46 999
47 128
47 165
47 675
47 724
47 787
47 978
47 994
47 999
48 52
48 762
48 858
48 864
48 906
48 964
48 983
48 986
49 101
49 369
49 657
49 877
49 985
49 990
49 994
49 999
50 156
50 200
50 750
50 935
50 976
50 992
50 998
50 999
51 153
51 451
51 517
51 521
51 794
51 807
51 859
51 992
52 251
52 357
52 405
52 583
52 870
52 949
52 998
52 999
53 359
53 360
53 727
53 833
53 865
53 930
53 985
53 997
54 71
54 241
54 875
54 979
54 990
54 991
54 993
54 998
55 18
55 113
55 910
55 940
55 954
55 994
55 996
55 997
56 546
56 623
56 707
56 874
56 915
56 938
56 961
56 972
57 9
57 489
57 735
57 773
57 819
57 927
57 962
57 991
58 264
58 293
58 830
58 856
58 907
58 963
58 975
58 991
59 616
59 735
59 876
59 910
59 929
59 985
59 987
59 991
60 147
60 430
60 599
60 920
60 980
60 993
60 995
60 999
61 251
61 398
61 825
61 843
61 927
61 939
61 970
61 996
62 44
62 492
62 586
62 631
62 766
62 815
62 833
62 875
63 417
63 531
63 568
63 673
63 807
63 857
63 974
63 996
64 401
64 681
64 965
64 983
64 990
64 991
64 997
64 999
65 272
65 298
65 495
65 513
65 783
65 952
65 991
65 996
66 12
66 607
66 786
66 794
66 878
66 950
66 971
66 974
67 39
67 342
67 478
67 692
67 744
67 892
67 968
67 997
68 417
68 647
68 905
68 927
68 930
68 984
68 991
68 993
69 337
69 694
69 764
69 876
69 915
69 994
69 997
69 999
70 131
70 245
70 390
70 582
70 653
70 926
70 996
70 998
71 220
71 361
71 713
71 871
71 952
71 981
71 986
71 997
72 42
72 333
72 407
72 491
72 688
72 775
72 795
72 996
73 4
73 408
73 681
73 685
73 799
73 830
73 884
73 993
74 38
74 788
74 894
74 935
74 951
74 993
74 995
74 998
75 270
75 420
75 495
75 774
75 947
75 992
75 996
75 999
76 488
76 593
76 821
76 840
76 958
76 961
76 996
76 999
77 415
77 423
77 571
77 842
77 964
77 971
77 992
77 995
78 20
78 158
78 503
78 823
78 918
78 994
78 997
78 998
79 140
79 318
79 824
79 877
79 895
79 956
79 957
79 979
80 320
80 399
80 499
80 827
80 874
80 891
80 895
80 923
81 10
81 59
81 343
81 414
81 919
81 931
81 994
81 997
82 629
82 654
82 869
82 901
82 968
82 990
82 992
82 999
83 163
83 224
83 254
83 806
83 920
83 987
83 990
83 992
84 186
84 215
84 607
84 665
84 754
84 839
84 963
84 981
85 31
85 172
85 747
85 941
85 963
85 986
85 995
85 996
86 112
86 421
86 731
86 972
86 981
86 991
86 997
86 998
87 416
87 641
87 771
87 881
87 957
87 977
87 983
87 999
88 85
88 361
88 413
88 768
88 971
88 984
88 986
88 995
89 598
89 628
89 855
89 881
89 882
89 981
89 989
89 992
90 336
90 406
90 600
90 670
90 882
90 925
90 978
90 999
91 109
91 198
91 262
91 417
91 591
91 751
91 991
91 995
92 561
92 815
92 827
92 916
92 952
92 988
92 991
92 997
93 410
93 516
93 533
93 565
93 616
93 801
93 983
93 985
94 70
94 239
94 520
94 780
94 872
94 987
94 994
94 996
95 142
95 180
95 316
95 580
95 679
95 686
95 782
95 836
96 170
96 524
96 705
96 832
96 967
96 980
96 991
96 998
97 679
97 725
97 726
97 776
97 821
97 895
97 901
97 911
98 64
98 710
98 717
98 827
98 889
98 906
98 998
98 999
99 371
99 792
99 885
99 934
99 988
99 990
99 997
99 999
100 11
100 311
100 700
100 936
100 940
100 957
100 997
100 999
101 442
101 734
101 849
101 856
101 991
101 992
101 997
101 999
102 138
102 262
102 396
102 643
102 677
102 693
102 847
102 869
103 578
103 579
103 658
103 678
103 961
103 992
103 994
103 997
104 397
104 563
104 611
104 804
104 814
104 915
104 919
104 939
105 264
105 529
105 637
105 961
105 989
105 991
105 996
105 997
106 54
106 414
106 722
106 767
106 796
106 898
106 908
106 981
107 22
107 461
107 701
107 778
107 951
107 955
107 956
107 996
108 63
108 576
108 666
108 877
108 898
108 928
108 946
108 989
109 191
109 412
109 470
109 665
109 725
109 907
109 959
109 968
110 34
110 426
110 543
110 554
110 915
110 980
110 990
110 999
111 290
111 403
111 847
111 914
111 970
111 973
111 984
111 994
112 5
112 146
112 466
112 678
112 992
112 995
112 998
112 999
113 191
113 678
113 955
113 969
113 978
113 983
113 993
113 999
114 739
114 906
114 918
114 943
114 955
114 961
114 992
114 998
115 475
115 525
115 788
115 959
115 979
115 982
115 990
115 998
116 22
116 65
116 398
116 541
116 593
116 835
116 966
116 991
117 247
117 729
117 841
117 915
117 952
117 970
117 985
117 995
118 206
118 648
118 766
118 834
118 951
118 988
118 996
118 999
119 16
119 361
119 811
119 848
119 963
119 981
119 992
119 998
120 147
120 193
120 291
120 396
120 644
120 677
120 681
120 890
121 89
121 604
121 787
121 860
121 886
121 913
121 968
121 982
122 8
122 38
122 302
122 406
122 579
122 652
122 842
122 906
123 334
123 475
123 530
123 713
123 785
123 968
123 991
123 994
124 540
124 658
124 666
124 784
124 813
124 827
124 948
124 978
125 28
125 141
125 314
125 575
125 661
125 911
125 974
125 997
126 208
126 730
126 852
126 885
126 928
126 964
126 988
126 997
127 66
127 686
127 727
127 843
127 993
127 995
127 996
127 999
128 43
128 679
128 820
128 894
128 932
128 977
128 995
128 999
129 484
129 497
129 862
129 870
129 969
129 985
129 992
129 997
130 580
130 675
130 846
130 894
130 942
130 993
130 995
130 996
131 407
131 508
131 555
131 748
131 808
131 832
131 904
131 941
132 313
132 614
132 689
132 698
132 796
132 952
132 989
132 993
133 167
133 393
133 428
133 790
133 842
133 969
133 993
133 999
134 802
134 849
134 887
134 924
134 925
134 992
134 995
134 998
135 528
135 572
135 702
135 730
135 896
135 965
135 977
135 979
136 129
136 372
136 551
136 674
136 844
136 976
136 989
136 996
137 69
137 150
137 448
137 784
137 987
137 994
137 996
137 998
138 360
138 382
138 655
138 716
138 937
138 982
138 991
138 996
139 234
139 779
139 879
139 915
139 983
139 989
139 993
139 997
140 682
140 783
140 848
140 985
140 990
140 991
140 995
140 996
141 92
141 555
141 600
141 976
141 980
141 985
141 993
141 998
142 566
142 718
142 740
142 815
142 934
142 955
142 988
142 993
143 772
143 808
143 812
143 837
143 951
143 966
143 996
143 997
144 585
144 703
144 746
144 832
144 861
144 880
144 991
144 999
145 482
145 658
145 966
145 976
145 982
145 989
145 998
145 999
146 147
146 409
146 465
146 749
146 918
146 925
146 978
146 997
147 211
147 228
147 638
147 697
147 886
147 980
147 993
147 999
148 24
148 81
148 155
148 332
148 835
148 917
148 953
148 990
149 196
149 459
149 546
149 796
149 945
149 947
149 974
149 993
150 79
150 328
150 491
150 865
150 964
150 995
150 998
150 999
151 25
151 642
151 919
151 987
151 988
151 995
151 997
151 998
152 212
152 331
152 426
152 670
152 758
152 929
152 998
152 999
153 67
153 425
153 636
153 821
153 836
153 986
153 994
153 997
154 200
154 358
154 433
154 770
154 883
154 958
154 997
154 999
155 255
155 336
155 429
155 551
155 632
155 786
155 806
155 996
156 248
156 488
156 862
156 909
156 969
156 979
156 993
156 996
157 151
157 253
157 319
157 649
157 902
157 914
157 968
157 992
158 432
158 697
158 726
158 732
158 963
158 983
158 994
158 998
159 178
159 322
159 514
159 794
159 889
159 958
159 997
159 998
160 633
160 694
160 711
160 774
160 906
160 917
160 983
160 999
161 1
161 72
161 367
161 877
161 905
161 916
161 966
161 999
162 110
162 394
162 625
162 872
162 886
162 986
162 987
162 998
163 427
163 560
163 636
163 809
163 832
163 875
163 976
163 991
164 210
164 444
164 689
164 744
164 937
164 960
164 992
164 996
165 127
165 464
165 659
165 705
165 875
165 994
165 995
165 996
166 495
166 658
166 733
166 761
166 938
166 941
166 989
166 999
167 530
167 616
167 661
167 940
167 954
167 970
167 998
167 999
168 78
168 676
168 764
168 827
168 930
168 994
168 996
168 999
169 334
169 493
169 528
169 977
169 986
169 995
169 996
169 998
170 2
170 444
170 661
170 722
170 912
170 989
170 995
170 996
171 613
171 799
171 865
171 898
171 975
171 993
171 994
171 995
172 116
172 199
172 626
172 800
172 949
172 972
172 974
172 991
173 223
173 348
173 447
173 921
173 940
173 982
173 986
173 998
174 15
174 45
174 732
174 803
174 921
174 973
174 993
174 997
175 444
175 712
175 747
175 778
175 863
175 938
175 983
175 987
176 281
176 464
176 771
176 839
176 981
176 983
176 990
176 996
177 60
177 258
177 351
177 966
177 982
177 987
177 989
177 996
178 144
178 183
178 208
178 385
178 441
178 768
178 964
178 999
179 475
179 530
179 564
179 766
179 978
179 986
179 993
179 999
180 156
180 320
180 434
180 561
180 803
180 986
180 997
180 999
181 158
181 470
181 617
181 756
181 922
181 938
181 997
181 998
182 259
182 364
182 514
182 880
182 925
182 929
182 967
182 999
183 435
183 713
183 772
183 773
183 866
183 878
183 900
183 966
184 593
184 698
184 883
184 889
184 937
184 948
184 987
184 988
185 36
185 97
185 583
185 756
185 824
185 837
185 870
185 997
186 421
186 668
186 730
186 884
186 913
186 992
186 994
186 998
187 406
187 508
187 654
187 898
187 932
187 988
187 989
187 998
188 7
188 702
188 819
188 847
188 884
188 933
188 975
188 996
189 348
189 487
189 622
189 760
189 814
189 866
189 908
189 970
190 149
190 395
190 577
190 634
190 653
190 690
190 964
190 995
191 520
191 655
191 688
191 831
191 890
191 973
191 990
191 995
192 25
192 248
192 278
192 506
192 641
192 956
192 988
192 995
193 346
193 720
193 751
193 758
193 848
193 850
193 951
193 994
194 152
194 187
194 513
194 543
194 650
194 725
194 978
194 999
195 304
195 795
195 831
195 891
195 917
195 937
195 975
195 990
196 295
196 562
196 574
196 863
196 880
196 921
196 961
196 992
197 146
197 344
197 768
197 794
197 824
197 934
197 990
197 991
198 251
198 401
198 609
198 834
198 905
198 913
198 967
198 992
199 484
199 566
199 581
199 796
199 838
199 936
199 965
199 994
200 516
200 563
200 624
200 755
200 950
200 983
200 993
200 997
201 869
201 895
201 922
201 950
201 965
201 970
201 981
201 997
202 300
202 494
202 773
202 884
202 888
202 928
202 992
202 998
203 636
203 661
203 698
203 840
203 980
203 981
203 985
203 993
204 326
204 409
204 651
204 984
204 986
204 991
204 993
204 996
205 169
205 440
205 775
205 934
205 962
205 974
205 995
205 998
206 434
206 667
206 711
206 913
206 923
206 934
206 984
206 991
207 491
207 532
207 680
207 837
207 853
207 933
207 971
207 994
208 42
208 225
208 467
208 478
208 889
208 981
208 988
208 999
209 481
209 565
209 631
209 753
209 792
209 828
209 890
209 985
210 315
210 351
210 715
210 886
210 936
210 984
210 992
210 995
211 3
211 190
211 736
211 905
211 949
211 967
211 984
211 998
212 193
212 547
212 652
212 712
212 802
212 862
212 971
212 997
213 770
213 914
213 925
213 944
213 956
213 962
213 983
213 999
214 471
214 687
214 920
214 935
214 955
214 961
214 968
214 991
215 57
215 774
215 836
215 985
215 993
215 995
215 997
215 998
216 198
216 302
216 395
216 883
216 902
216 905
216 982
216 996
217 281
217 534
217 611
217 696
217 932
217 963
217 988
217 994
218 292
218 605
218 883
218 908
218 950
218 953
218 974
218 997
219 52
219 141
219 195
219 436
219 938
219 976
219 993
219 998
220 165
220 260
220 468
220 829
220 990
220 995
220 998
220 999
221 215
221 362
221 676
221 750
221 850
221 972
221 986
221 991
222 747
222 772
222 780
222 828
222 913
222 949
222 993
222 998
223 184
223 548
223 617
223 918
223 926
223 975
223 993
223 998
224 136
224 458
224 939
224 957
224 980
224 984
224 994
224 997
225 229
225 568
225 601
225 806
225 886
225 943
225 987
225 988
226 11
226 73
226 160
226 514
226 614
226 786
226 851
226 900
227 69
227 692
227 820
227 868
227 886
227 989
227 996
227 997
228 125
228 552
228 716
228 854
228 936
228 995
228 997
228 998
229 481
229 640
229 717
229 849
229 924
229 925
229 970
229 990
230 47
230 125
230 298
230 646
230 692
230 693
230 993
230 996
231 264
231 759
231 785
231 835
231 862
231 897
231 965
231 998
232 152
232 239
232 242
232 418
232 706
232 932
232 952
232 986
233 123
233 277
233 405
233 957
233 987
233 995
233 996
233 999
234 416
234 757
234 795
234 810
234 864
234 869
234 887
234 996
235 211
235 390
235 472
235 826
235 830
235 976
235 995
235 997
236 648
236 737
236 902
236 974
236 976
236 995
236 997
236 998
237 792
237 834
237 915
237 922
237 982
237 989
237 994
237 998
238 610
238 622
238 758
238 890
238 899
238 938
238 994
238 998
239 62
239 119
239 488
239 765
239 932
239 933
239 996
239 999
240 223
240 506
240 546
240 716
240 821
240 935
240 971
240 999
241 295
241 489
241 844
241 913
241 936
241 973
241 979
241 997
242 92
242 199
242 487
242 817
242 897
242 978
242 986
242 997
243 272
243 629
243 756
243 782
243 948
243 983
243 996
243 997
244 71
244 462
244 841
244 896
244 917
244 975
244 995
244 999
245 426
245 827
245 836
245 867
245 912
245 944
245 955
245 994
246 918
246 937
246 963
246 968
246 991
246 992
246 993
246 997
247 340
247 662
247 752
247 984
247 991
247 995
247 997
247 998
248 335
248 515
248 536
248 645
248 857
248 942
248 989
248 994
249 134
249 415
249 434
249 835
249 969
249 970
249 998
249 999
250 97
250 472
250 788
250 917
250 986
250 994
250 998
250 999
251 313
251 582
251 645
251 764
251 778
251 940
251 994
251 998
252 102
252 408
252 498
252 807
252 864
252 907
252 927
252 993
253 170
253 381
253 570
253 615
253 824
253 957
253 968
253 995
254 365
254 438
254 486
254 695
254 860
254 960
254 968
254 998
255 401
255 511
255 735
255 805
255 988
255 991
255 996
255 999
256 8
256 48
256 678
256 702
256 734
256 986
256 998
256 999
257 204
257 548
257 634
257 771
257 808
257 973
257 979
257 992
258 218
258 288
258 450
258 620
258 813
258 882
258 894
258 996
259 189
259 389
259 522
259 539
259 701
259 940
259 977
259 989
260 61
260 193
260 433
260 647
260 822
260 887
260 946
260 993
261 22
261 333
261 619
261 852
261 880
261 983
261 996
261 999
262 17
262 91
262 629
262 764
262 902
262 947
262 957
262 995
263 64
263 174
263 276
263 277
263 656
263 790
263 923
263 981
264 263
264 521
264 633
264 710
264 722
264 845
264 902
264 999
265 139
265 691
265 818
265 872
265 992
265 994
265 996
265 999
266 603
266 899
266 929
266 949
266 974
266 983
266 993
266 997
267 773
267 948
267 956
267 972
267 992
267 995
267 996
267 998
268 293
268 656
268 779
268 814
268 882
268 923
268 995
268 996
269 5
269 265
269 641
269 768
269 939
269 962
269 993
269 999
270 465
270 656
270 692
270 823
270 868
270 954
270 981
270 993
271 46
271 462
271 676
271 722
271 956
271 992
271 994
271 998
272 178
272 279
272 644
272 718
272 862
272 886
272 894
272 992
273 164
273 332
273 456
273 527
273 807
273 838
273 936
273 974
274 32
274 67
274 403
274 703
274 780
274 981
274 983
274 998
275 131
275 309
275 567
275 746
275 966
275 967
275 984
275 998
276 46
276 290
276 327
276 538
276 632
276 890
276 978
276 991
277 47
277 685
277 733
277 890
277 896
277 993
277 995
277 999
278 23
278 366
278 529
278 801
278 867
278 893
278 994
278 997
279 351
279 498
279 745
279 779
279 861
279 938
279 981
279 990
280 225
280 813
280 891
280 974
280 975
280 987
280 992
280 994
281 510
281 612
281 739
281 748
281 912
281 915
281 959
281 999
282 230
282 413
282 424
282 476
282 655
282 970
282 987
282 995
283 174
283 701
283 757
283 937
283 977
283 978
283 993
283 995
284 425
284 719
284 834
284 958
284 978
284 979
284 997
284 998
285 282
285 522
285 597
285 759
285 872
285 917
285 998
285 999
286 137
286 335
286 788
286 902
286 916
286 965
286 992
286 999
287 90
287 443
287 602
287 716
287 776
287 811
287 921
287 960
288 26
288 204
288 370
288 861
288 908
288 923
288 956
288 985
289 16
289 117
289 244
289 445
289 676
289 841
289 980
289 995
290 24
290 389
290 838
290 942
290 948
290 983
290 998
290 999
291 80
291 613
291 644
291 783
291 957
291 978
291 992
291 997
292 114
292 310
292 375
292 488
292 695
292 872
292 994
292 999
293 137
293 526
293 752
293 840
293 854
293 948
293 977
293 996
294 267
294 350
294 739
294 855
294 940
294 982
294 996
294 999
295 9
295 84
295 90
295 729
295 816
295 843
295 857
295 989
296 58
296 686
296 788
296 861
296 994
296 996
296 998
296 999
297 431
297 462
297 537
297 801
297 837
297 981
297 997
297 999
298 500
298 897
298 900
298 904
298 920
298 978
298 986
298 995
299 19
299 159
299 280
299 317
299 526
299 705
299 731
299 856
300 202
300 247
300 547
300 552
300 865
300 995
300 996
300 998
301 405
301 446
301 538
301 645
301 780
301 916
301 954
301 997
302 111
302 200
302 482
302 764
302 884
302 919
302 959
302 997
303 304
303 634
303 727
303 844
303 877
303 910
303 977
303 992
304 247
304 775
304 895
304 920
304 991
304 994
304 995
304 997
305 274
305 287
305 761
305 882
305 982
305 991
305 996
305 999
306 214
306 308
306 501
306 520
306 787
306 989
306 995
306 998
307 359
307 498
307 659
307 687
307 906
307 939
307 990
307 997
308 101
308 619
308 844
308 935
308 970
308 986
308 996
308 997
309 106
309 173
309 790
309 857
309 933
309 995
309 998
309 999
310 429
310 468
310 728
310 798
310 846
310 857
310 969
310 994
311 391
311 708
311 753
311 812
311 851
311 893
311 947
311 998
312 149
312 237
312 607
312 717
312 844
312 860
312 941
312 982
313 9
313 278
313 684
313 897
313 986
313 988
313 990
313 997
314 244
314 501
314 529
314 749
314 770
314 942
314 992
314 995
315 549
315 778
315 798
315 939
315 954
315 969
315 980
315 999
316 437
316 465
316 582
316 628
316 659
316 754
316 957
316 995
317 226
317 294
317 433
317 682
317 945
317 959
317 965
317 999
318 232
318 306
318 449
318 858
318 889
318 904
318 983
318 992
319 381
319 387
319 454
319 479
319 515
319 590
319 631
319 999
320 386
320 542
320 584
320 964
320 965
320 986
320 996
320 997
321 471
321 583
321 758
321 879
321 930
321 992
321 997
321 998
322 453
322 507
322 519
322 853
322 874
322 907
322 952
322 982
323 591
323 622
323 665
323 682
323 724
323 861
323 917
323 996
324 20
324 214
324 533
324 565
324 867
324 992
324 995
324 999
325 271
325 645
325 762
325 900
325 910
325 973
325 991
325 999
326 240
326 263
326 388
326 855
326 931
326 971
326 981
326 995
327 34
327 61
327 723
327 790
327 965
327 990
327 997
327 998
328 225
328 373
328 497
328 570
328 907
328 982
328 992
328 996
329 317
329 479
329 670
329 697
329 708
329 928
329 948
329 957
330 74
330 485
330 844
330 921
330 945
330 962
330 985
330 995
331 12
331 188
331 828
331 944
331 969
331 990
331 995
331 996
332 379
332 591
332 735
332 870
332 942
332 955
332 973
332 986
333 460
333 820
333 845
333 889
333 959
333 982
333 997
333 999
334 768
334 813
334 880
334 949
334 967
334 992
334 996
334 999
335 218
335 279
335 649
335 773
335 888
335 904
335 968
335 971
336 680
336 765
336 804
336 838
336 891
336 953
336 992
336 999
337 106
337 784
337 797
337 943
337 963
337 995
337 998
337 999
338 400
338 581
338 859
338 897
338 911
338 934
338 966
338 992
339 0
339 160
339 358
339 399
339 741
339 940
339 996
339 998
340 133
340 384
340 874
340 907
340 978
340 983
340 991
340 998
341 185
341 597
341 662
341 699
341 775
341 930
341 937
341 990
342 14
342 769
342 864
342 929
342 932
342 970
342 985
342 997
343 125
343 378
343 605
343 865
343 967
343 974
343 980
343 994
344 633
344 870
344 961
344 964
344 983
344 992
344 995
344 998
345 240
345 322
345 870
345 919
345 964
345 985
345 996
345 998
346 58
346 485
346 660
346 973
346 986
346 989
346 992
346 999
347 158
347 283
347 406
347 445
347 525
347 884
347 994
347 997
348 611
348 653
348 655
348 754
348 888
348 901
348 982
348 999
349 482
349 843
349 849
349 973
349 978
349 987
349 994
349 997
350 13
350 231
350 848
350 891
350 917
350 942
350 994
350 996
351 352
351 479
351 538
351 545
351 798
351 897
351 981
351 999
352 298
352 439
352 891
352 896
352 941
352 990
352 997
352 998
353 94
353 296
353 781
353 832
353 911
353 925
353 941
353 966
354 276
354 628
354 738
354 825
354 930
354 984
354 997
354 998
355 297
355 458
355 599
355 738
355 759
355 984
355 985
355 997
356 589
356 750
356 796
356 833
356 835
356 971
356 986
356 999
357 114
357 255
357 424
357 712
357 773
357 836
357 889
357 908
358 80
358 436
358 810
358 892
358 981
358 992
358 994
358 999
359 206
359 376
359 477
359 641
359 852
359 973
359 983
359 987
360 32
360 457
360 588
360 809
360 819
360 974
360 992
360 999
361 98
361 132
361 196
361 674
361 919
361 933
361 960
361 998
362 76
362 176
362 279
362 347
362 696
362 706
362 760
362 946
363 154
363 610
363 695
363 703
363 891
363 904
363 970
363 997
364 54
364 265
364 476
364 780
364 900
364 903
364 952
364 996
365 149
365 620
365 657
365 946
365 950
365 964
365 990
365 999
366 85
366 345
366 473
366 789
366 822
366 914
366 995
366 996
367 218
367 224
367 299
367 719
367 725
367 885
367 962
367 989
368 242
368 469
368 635
368 794
368 833
368 868
368 950
368 986
369 414
369 642
369 681
369 744
369 769
369 828
369 979
369 990
370 185
370 205
370 576
370 604
370 731
370 894
370 995
370 997
371 3
371 133
371 770
371 952
371 971
371 995
371 996
371 997
372 464
372 567
372 688
372 732
372 961
372 988
372 992
372 998
373 87
373 428
373 437
373 917
373 951
373 988
373 994
373 995
374 702
374 884
374 888
374 936
374 973
374 977
374 988
374 992
375 59
375 151
375 556
375 807
375 889
375 981
375 995
375 997
376 450
376 620
376 881
376 927
376 957
376 982
376 994
376 998
377 222
377 534
377 559
377 812
377 926
377 938
377 954
377 979
378 61
378 65
378 142
378 143
378 802
378 901
378 936
378 998
379 508
379 743
379 867
379 873
379 909
379 981
379 985
379 999
380 5
380 62
380 340
380 436
380 518
380 874
380 980
380 991
381 209
381 797
381 916
381 950
381 960
381 974
381 991
381 997
382 260
382 421
382 567
382 645
382 715
382 871
382 916
382 956
383 384
383 596
383 745
383 774
383 847
383 987
383 990
383 995
384 115
384 733
384 951
384 966
384 979
384 983
384 995
384 999
385 316
385 473
385 666
385 736
385 923
385 931
385 989
385 999
386 44
386 126
386 296
386 354
386 751
386 769
386 797
386 996
387 442
387 595
387 690
387 710
387 899
387 967
387 981
387 993
388 430
388 459
388 714
388 899
388 949
388 963
388 983
388 995
389 140
389 429
389 815
389 974
389 993
389 994
389 996
389 999
390 14
390 392
390 554
390 663
390 893
390 983
390 994
390 995
391 531
391 557
391 787
391 950
391 962
391 988
391 991
391 994
392 105
392 442
392 504
392 859
392 942
392 993
392 994
392 997
393 509
393 697
393 846
393 911
393 953
393 971
393 979
393 999
394 194
394 410
394 560
394 915
394 984
394 985
394 994
394 995
395 284
395 330
395 851
395 939
395 955
395 976
395 995
395 997
396 112
396 276
396 345
396 842
396 851
396 984
396 987
396 994
397 4
397 138
397 460
397 944
397 989
397 990
397 996
397 997
398 442
398 470
398 557
398 723
398 924
398 985
398 988
398 992
399 254
399 419
399 461
399 772
399 800
399 871
399 991
399 997
400 349
400 524
400 865
400 892
400 946
400 984
400 996
400 998
401 286
401 500
401 527
401 808
401 918
401 925
401 976
401 984
402 511
402 781
402 886
402 928
402 940
402 992
402 995
402 996
403 25
403 440
403 626
403 793
403 852
403 872
403 976
403 997
404 473
404 627
404 870
404 955
404 976
404 986
404 987
404 999
405 420
405 451
405 706
405 725
405 920
405 954
405 989
405 999
406 220
406 626
406 669
406 882
406 976
406 991
406 992
406 996
407 2
407 214
407 282
407 530
407 792
407 859
407 860
407 986
408 84
408 268
408 552
408 648
408 724
408 943
408 964
408 997
409 536
409 763
409 777
409 950
409 979
409 993
409 994
409 998
410 544
410 624
410 784
410 840
410 960
410 980
410 987
410 998
411 112
411 760
411 846
411 876
411 904
411 943
411 947
411 986
412 344
412 448
412 802
412 820
412 873
412 968
412 994
412 996
413 124
413 224
413 252
413 352
413 905
413 947
413 956
413 999
414 253
414 499
414 896
414 911
414 970
414 971
414 982
414 996
415 190
415 866
415 892
415 902
415 967
415 993
415 995
415 999
416 186
416 596
416 817
416 917
416 979
416 994
416 997
416 998
417 71
417 188
417 295
417 674
417 763
417 879
417 987
417 991
418 157
418 465
418 684
418 734
418 818
418 950
418 985
418 997
419 452
419 612
419 621
419 873
419 926
419 967
419 985
419 997
420 239
420 738
420 793
420 905
420 919
420 963
420 986
420 997
421 698
421 757
421 767
421 837
421 872
421 926
421 975
421 996
422 126
422 182
422 518
422 917
422 985
422 995
422 997
422 998
423 201
423 443
423 460
423 638
423 671
423 797
423 876
423 992
424 76
424 720
424 734
424 823
424 947
424 957
424 959
424 969
425 331
425 773
425 855
425 951
425 993
425 995
425 996
425 999
426 535
426 693
426 712
426 756
426 868
426 922
426 961
426 997
427 653
427 760
427 860
427 900
427 932
427 973
427 975
427 990
428 751
428 800
428 849
428 985
428 986
428 988
428 998
428 999
429 394
429 486
429 509
429 822
429 896
429 908
429 993
429 995
430 286
430 507
430 591
430 918
430 944
430 954
430 958
430 999
431 141
431 696
431 753
431 824
431 915
431 981
431 992
431 995
432 114
432 287
432 668
432 922
432 949
432 995
432 997
432 999
433 146
433 847
433 888
433 916
433 934
433 984
433 996
433 997
434 121
434 321
434 454
434 585
434 804
434 833
434 868
434 966
435 28
435 88
435 257
435 472
435 660
435 879
435 972
435 993
436 558
436 567
436 834
436 933
436 945
436 994
436 996
436 999
437 300
437 603
437 608
437 691
437 956
437 982
437 996
437 999
438 137
438 579
438 920
438 943
438 969
438 985
438 995
438 997
439 642
439 660
439 927
439 928
439 969
439 984
439 986
439 995
440 480
440 839
440 851
440 976
440 979
440 990
440 995
440 997
441 96
441 700
441 803
441 805
441 875
441 984
441 993
441 999
442 15
442 680
442 755
442 806
442 899
442 985
442 987
442 997
443 240
443 741
443 962
443 977
443 982
443 995
443 996
443 998
444 154
444 392
444 621
444 807
444 909
444 930
444 982
444 999
445 391
445 555
445 790
445 854
445 961
445 984
445 996
445 999
446 183
446 821
446 875
446 910
446 973
446 974
446 994
446 999
447 372
447 706
447 754
447 852
447 925
447 993
447 997
447 998
448 97
448 161
448 625
448 832
448 924
448 973
448 988
448 996
449 108
449 418
449 611
449 694
449 939
449 970
449 989
449 994
450 79
450 394
450 506
450 715
450 740
450 979
450 996
450 998
451 457
451 585
451 672
451 724
451 726
451 877
451 980
451 996
452 706
452 808
452 921
452 977
452 978
452 990
452 997
452 999
453 213
453 662
453 866
453 931
453 977
453 990
453 994
453 997
454 100
454 441
454 731
454 751
454 859
454 924
454 946
454 975
455 161
455 575
455 722
455 853
455 920
455 931
455 976
455 993
456 210
456 382
456 693
456 708
456 978
456 988
456 989
456 994
457 329
457 528
457 732
457 784
457 983
457 985
457 993
457 999
458 100
458 166
458 195
458 212
458 777
458 933
458 996
458 999
459 43
459 353
459 595
459 761
459 877
459 980
459 993
459 994
460 364
460 597
460 930
460 954
460 980
460 993
460 996
460 997
461 148
461 540
461 688
461 701
461 823
461 855
461 964
461 997
462 17
462 148
462 423
462 793
462 924
462 961
462 989
462 999
463 197
463 275
463 388
463 587
463 726
463 747
463 937
463 939
464 198
464 238
464 552
464 849
464 931
464 959
464 992
464 995
465 519
465 785
465 852
465 876
465 931
465 974
465 990
465 999
466 132
466 469
466 683
466 776
466 834
466 881
466 994
466 998
467 311
467 534
467 545
467 592
467 858
467 979
467 989
467 997
468 13
468 95
468 150
468 790
468 929
468 938
468 981
468 985
469 818
469 940
469 950
469 977
469 986
469 989
469 994
469 999
470 609
470 693
470 712
470 848
470 956
470 978
470 984
470 998
471 135
471 789
471 830
471 909
471 951
471 989
471 994
471 999
472 228
472 541
472 662
472 745
472 759
472 909
472 993
472 998
473 562
473 850
473 919
473 940
473 966
473 993
473 995
473 996
474 606
474 875
474 943
474 947
474 982
474 992
474 997
474 999
475 122
475 376
475 761
475 893
475 966
475 978
475 997
475 999
476 153
476 300
476 788
476 869
476 925
476 983
476 991
476 997
477 265
477 439
477 517
477 803
477 951
477 969
477 978
477 999
478 289
478 592
478 932
478 976
478 981
478 990
478 995
478 996
479 60
479 139
479 463
479 880
479 990
479 993
479 997
479 998
480 781
480 869
480 878
480 883
480 970
480 972
480 996
480 997
481 107
481 192
481 304
481 829
481 883
481 914
481 937
481 998
482 399
482 428
482 669
482 791
482 891
482 949
482 991
482 999
483 227
483 412
483 413
483 775
483 804
483 894
483 992
483 994
484 175
484 267
484 805
484 851
484 912
484 989
484 997
484 998
485 41
485 120
485 481
485 613
485 711
485 860
485 941
485 962
486 104
486 134
486 485
486 721
486 790
486 922
486 924
486 949
487 77
487 331
487 639
487 647
487 706
487 726
487 826
487 987
488 324
488 365
488 650
488 716
488 818
488 966
488 987
488 989
489 168
489 438
489 575
489 772
489 897
489 923
489 996
489 997
490 12
490 207
490 527
490 946
490 991
490 995
490 997
490 998
491 48
491 551
491 727
491 912
491 940
491 977
491 995
491 996
492 455
492 770
492 785
492 857
492 934
492 994
492 997
492 998
493 64
493 541
493 623
493 834
493 942
493 963
493 976
493 993
494 21
494 404
494 703
494 818
494 955
494 975
494 995
494 996
495 548
495 580
495 649
495 723
495 942
495 960
495 988
495 992
496 188
496 561
496 690
496 762
496 821
496 982
496 989
496 996
497 72
497 179
497 222
497 494
497 779
497 922
497 960
497 996
498 85
498 540
498 740
498 839
498 885
498 923
498 974
498 998
499 182
499 432
499 815
499 857
499 914
499 979
499 994
499 996
500 632
500 710
500 756
500 777
500 971
500 983
500 989
500 995
501 119
501 177
501 598
501 684
501 731
501 767
501 808
501 982
502 268
502 690
502 811
502 814
502 984
502 994
502 996
502 997
503 86
503 197
503 392
503 895
503 940
503 976
503 979
503 990
504 388
504 463
504 489
504 739
504 961
504 969
504 988
504 992
505 108
505 477
505 779
505 798
505 802
505 809
505 995
505 999
506 26
506 113
506 448
506 960
506 980
506 985
506 991
506 997
507 411
507 664
507 832
507 920
507 964
507 993
507 995
507 997
508 156
508 413
508 492
508 693
508 882
508 934
508 980
508 989
509 109
509 245
509 310
509 345
509 512
509 600
509 990
509 998
510 677
510 958
510 961
510 962
510 991
510 996
510 997
510 999
511 382
511 386
511 390
511 398
511 936
511 980
511 995
511 996
512 136
512 268
512 271
512 395
512 643
512 924
512 982
512 997
513 293
513 819
513 871
513 918
513 948
513 963
513 987
513 996
514 18
514 95
514 625
514 878
514 955
514 958
514 990
514 998
515 444
515 573
515 799
515 808
515 916
515 933
515 972
515 993
516 275
516 356
516 846
516 949
516 987
516 992
516 997
516 998
517 4
517 105
517 615
517 684
517 975
517 986
517 998
517 999
518 231
518 338
518 590
518 651
518 858
518 863
518 931
518 957
519 512
519 642
519 704
519 762
519 763
519 963
519 990
519 995
520 167
520 497
520 581
520 864
520 874
520 884
520 904
520 927
521 159
521 233
521 597
521 900
521 941
521 974
521 992
521 999
522 560
522 767
522 902
522 913
522 984
522 992
522 993
522 995
523 73
523 99
523 117
523 456
523 903
523 943
523 992
524 177
524 592
524 668
524 743
524 896
524 970
524 977
525 103
525 691
525 783
525 966
525 968
525 993
525 995
526 825
526 922
526 939
526 958
526 997
526 998
526 999
527 393
527 632
527 709
527 902
527 996
527 997
527 999
528 353
528 809
528 865
528 922
528 941
528 990
528 996
529 152
529 284
529 420
529 816
529 996
529 997
529 998
530 339
530 392
530 630
530 991
530 994
530 995
530 999
531 518
531 703
531 718
531 874
531 907
531 988
531 998
532 480
532 644
532 652
532 875
532 972
532 979
532 983
533 559
533 744
533 812
533 823
533 911
533 968
533 974
534 179
534 705
534 853
534 938
534 987
534 995
534 999
535 232
535 742
535 785
535 809
535 959
535 995
535 996
536 316
536 440
536 535
536 576
536 877
536 913
536 979
537 531
537 647
537 723
537 926
537 945
537 982
537 999
538 55
538 464
538 791
538 909
538 993
538 997
538 998
539 72
539 286
539 380
539 527
539 636
539 980
539 997
540 91
540 541
540 805
540 817
540 910
540 942
540 996
541 63
541 405
541 458
541 715
541 720
541 841
541 998
542 35
542 588
542 942
542 951
542 977
542 991
542 996
543 1
543 139
543 761
543 920
543 981
543 993
543 996
544 10
544 629
544 931
544 949
544 967
544 972
544 994
545 192
545 196
545 375
545 458
545 772
545 817
545 952
546 443
546 673
546 777
546 934
546 981
546 993
546 994
547 383
547 819
547 913
547 982
547 992
547 995
547 996
548 15
548 553
548 815
548 856
548 954
548 977
548 999
549 175
549 487
549 840
549 932
549 975
549 990
549 997
550 453
550 827
550 890
550 914
550 994
550 996
550 998
551 122
551 809
551 819
551 980
551 988
551 992
551 996
552 358
552 599
552 657
552 823
552 933
552 962
552 987
553 601
553 654
553 729
553 902
553 944
553 995
553 999
554 87
554 672
554 853
554 956
554 982
554 993
554 997
555 209
555 500
555 708
555 876
555 904
555 942
555 944
556 306
556 498
556 582
556 704
556 711
556 900
556 932
557 96
557 748
557 789
557 800
557 952
557 955
557 969
558 65
558 235
558 366
558 446
558 753
558 940
558 994
559 427
559 587
559 831
559 928
559 936
559 987
559 997
560 59
560 435
560 515
560 547
560 834
560 952
560 958
561 330
561 643
561 759
561 844
561 923
561 993
561 996
562 145
562 436
562 728
562 754
562 972
562 979
562 990
563 456
563 603
563 733
563 760
563 854
563 874
563 992
564 854
564 879
564 890
564 937
564 953
564 977
564 995
565 339
565 493
565 681
565 811
565 973
565 978
565 981
566 302
566 318
566 449
566 633
566 747
566 967
566 996
567 702
567 837
567 939
567 980
567 993
567 995
567 999
568 26
568 58
568 585
568 713
568 993
568 994
568 997
569 564
569 568
569 650
569 791
569 814
569 985
569 994
570 113
570 525
570 618
570 729
570 943
570 976
570 991
571 130
571 511
571 700
571 842
571 868
571 949
571 992
572 192
572 621
572 686
572 873
572 941
572 986
572 998
573 707
573 833
573 905
573 981
573 994
573 995
573 998
574 35
574 310
574 857
574 892
574 942
574 980
574 998
575 171
575 173
575 937
575 978
575 994
575 996
575 999
576 767
576 770
576 878
576 907
576 981
576 988
576 990
577 456
577 535
577 608
577 779
577 820
577 975
577 987
578 522
578 599
578 840
578 904
578 927
578 950
578 999
579 164
579 495
579 910
579 942
579 992
579 993
579 996
580 297
580 329
580 472
580 480
580 864
580 879
580 999
581 258
581 909
581 932
581 988
581 996
581 997
581 998
582 325
582 363
582 786
582 946
582 953
582 993
582 995
583 216
583 450
583 524
583 553
583 976
583 995
583 998
584 29
584 401
584 475
584 960
584 970
584 990
584 998
585 577
585 758
585 813
585 831
585 963
585 986
585 992
586 311
586 341
586 869
586 903
586 987
586 994
586 998
587 258
587 402
587 675
587 791
587 810
587 817
587 992
588 309
588 613
588 844
588 977
588 978
588 980
588 997
589 83
589 833
589 871
589 941
589 987
589 994
589 999
590 90
590 619
590 659
590 939
590 960
590 970
590 996
591 194
591 536
591 604
591 620
591 632
591 861
591 998
592 373
592 381
592 864
592 879
592 939
592 954
592 965
593 338
593 490
593 726
593 888
593 979
593 991
593 997
594 294
594 523
594 845
594 862
594 918
594 954
594 994
595 56
595 259
595 431
595 658
595 663
595 996
595 997
596 107
596 449
596 939
596 946
596 991
596 998
596 999
597 407
597 610
597 665
597 733
597 769
597 994
597 995
598 710
598 922
598 952
598 971
598 993
598 994
598 998
599 344
599 430
599 494
599 930
599 962
599 984
599 995
600 207
600 514
600 769
600 969
600 971
600 984
600 996
601 36
601 548
601 740
601 745
601 944
601 971
601 994
602 19
602 584
602 745
602 781
602 989
602 994
602 998
603 199
603 646
603 888
603 971
603 980
603 990
603 993
604 511
604 558
604 904
604 992
604 997
604 998
604 999
605 27
605 243
605 539
605 555
605 847
605 964
605 994
606 720
606 911
606 925
606 942
606 968
606 997
606 998
607 391
607 592
607 778
607 814
607 989
607 990
607 998
608 103
608 273
608 439
608 873
608 953
608 981
608 998
609 604
609 701
609 829
609 894
609 955
609 996
609 998
610 180
610 315
610 529
610 709
610 853
610 984
610 998
611 217
611 266
611 387
611 554
611 643
611 830
611 881
612 132
612 245
612 404
612 893
612 984
612 985
612 987
613 56
613 341
613 616
613 854
613 878
613 997
613 999
614 237
614 423
614 691
614 889
614 914
614 938
614 985
615 764
615 785
615 983
615 989
615 995
615 998
615 999
616 204
616 363
616 867
616 868
616 925
616 953
616 996
617 250
617 404
617 438
617 459
617 612
617 884
617 998
618 397
618 847
618 856
618 863
618 953
618 980
618 993
619 474
619 607
619 616
619 835
619 989
619 996
619 997
620 431
620 455
620 765
620 797
620 985
620 992
620 998
621 256
621 301
621 563
621 737
621 746
621 840
621 998
622 67
622 426
622 523
622 762
622 850
622 957
622 976
623 627
623 736
623 778
623 846
623 868
623 914
623 926
624 337
624 364
624 422
624 662
624 921
624 962
624 982
625 62
625 721
625 881
625 964
625 979
625 993
625 999
626 27
626 367
626 660
626 743
626 979
626 993
626 996
627 308
627 471
627 599
627 826
627 984
627 991
627 997
628 88
628 505
628 748
628 758
628 903
628 934
628 954
629 91
629 489
629 609
629 728
629 923
629 971
629 999
630 135
630 219
630 330
630 821
630 924
630 995
630 996
631 355
631 635
631 718
631 923
631 996
631 997
631 998
632 222
632 243
632 422
632 605
632 939
632 990
632 992
633 161
633 542
633 574
633 819
633 953
633 997
633 999
634 194
634 350
634 603
634 721
634 934
634 971
634 998
635 150
635 305
635 337
635 454
635 987
635 996
635 999
636 50
636 99
636 709
636 867
636 976
636 998
636 999
637 322
637 735
637 760
637 816
637 848
637 993
637 999
638 385
638 425
638 860
638 892
638 903
638 924
638 929
639 789
639 919
639 943
639 967
639 971
639 988
639 998
640 68
640 510
640 602
640 856
640 921
640 954
640 993
641 308
641 378
641 391
641 699
641 830
641 958
641 994
642 123
642 155
642 859
642 983
642 992
642 993
642 994
643 66
643 226
643 820
643 912
643 961
643 993
643 998
644 236
644 571
644 577
644 766
644 885
644 887
644 933
645 168
645 602
645 704
645 960
645 968
645 981
645 989
646 504
646 508
646 975
646 985
646 989
646 995
646 998
647 78
647 379
647 749
647 765
647 949
647 985
647 998
648 82
648 367
648 640
648 838
648 974
648 988
648 993
649 346
649 539
649 684
649 731
649 959
649 983
649 999
650 283
650 284
650 395
650 459
650 856
650 927
650 998
651 235
651 700
651 719
651 927
651 945
651 965
651 984
652 44
652 669
652 674
652 782
652 797
652 995
652 996
653 452
653 929
653 948
653 986
653 992
653 995
653 996
654 191
654 500
654 696
654 882
654 916
654 976
654 999
655 512
655 836
655 865
655 954
655 962
655 967
655 995
656 219
656 610
656 657
656 841
656 945
656 996
656 998
657 350
657 605
657 685
657 753
657 914
657 964
657 977
658 262
658 312
658 638
658 749
658 850
658 996
658 999
659 23
659 400
659 502
659 601
659 796
659 887
659 988
660 349
660 390
660 937
660 988
660 992
660 996
660 999
661 234
661 707
661 737
661 767
661 838
661 897
661 983
662 95
662 369
662 441
662 666
662 894
662 965
662 987
663 79
663 203
663 289
663 687
663 814
663 910
663 996
664 31
664 93
664 842
664 859
664 924
664 928
664 945
665 195
665 216
665 410
665 598
665 991
665 994
665 997
666 7
666 492
666 941
666 970
666 993
666 997
666 998
667 19
667 742
667 825
667 913
667 928
667 997
667 999
668 468
668 571
668 743
668 750
668 816
668 944
668 996
669 69
669 230
669 274
669 451
669 568
669 929
669 994
670 546
670 771
670 835
670 862
670 899
670 972
670 990
671 399
671 411
671 624
671 897
671 944
671 954
671 999
672 270
672 786
672 854
672 899
672 958
672 988
672 999
673 43
673 50
673 362
673 846
673 872
673 956
673 997
674 368
674 573
674 592
674 850
674 986
674 993
674 999
675 203
675 720
675 876
675 893
675 989
675 995
675 996
676 45
676 107
676 181
676 689
676 713
676 940
676 997
677 39
677 102
677 818
677 851
677 992
677 995
677 996
678 782
678 841
678 880
678 971
678 977
678 991
678 996
679 48
679 712
679 935
679 988
679 992
679 996
679 998
680 86
680 100
680 140
680 578
680 930
680 933
680 987
681 307
681 474
681 551
681 787
681 972
681 989
681 991
682 0
682 117
682 636
682 727
682 984
682 998
682 999
683 190
683 343
683 455
683 612
683 805
683 996
683 997
684 99
684 377
684 545
684 752
684 811
684 939
684 997
685 800
685 809
685 895
685 946
685 964
685 992
685 997
686 248
686 625
686 680
686 711
686 747
686 908
686 968
687 357
687 667
687 775
687 917
687 992
687 994
687 998
688 211
688 542
688 880
688 967
688 987
688 998
688 999
689 83
689 403
689 415
689 622
689 871
689 890
689 959
690 634
690 983
690 984
690 992
690 997
690 998
690 999
691 314
691 325
691 481
691 695
691 845
691 981
691 990
692 70
692 327
692 761
692 916
692 958
692 970
692 977
693 724
693 863
693 928
693 986
693 993
693 995
693 996
694 430
694 839
694 848
694 865
694 895
694 958
694 994
695 461
695 539
695 732
695 752
695 762
695 990
695 997
696 249
696 540
696 774
696 789
696 901
696 981
696 999
697 525
697 845
697 921
697 959
697 974
697 993
697 998
698 291
698 623
698 804
698 860
698 866
698 912
698 945
699 612
699 887
699 941
699 951
699 965
699 995
699 996
700 47
700 259
700 637
700 766
700 812
700 995
700 997
701 1
701 33
701 75
701 162
701 732
701 986
701 988
702 203
702 255
702 734
702 852
702 988
702 994
702 996
703 542
703 631
703 858
703 911
703 957
703 966
703 994
704 162
704 287
704 577
704 845
704 946
704 986
704 997
705 41
705 817
705 897
705 909
705 962
705 988
705 995
706 437
706 447
706 519
706 938
706 974
706 984
706 987
707 93
707 314
707 383
707 503
707 715
707 989
707 994
708 513
708 709
708 739
708 910
708 944
708 977
708 995
709 269
709 787
709 973
709 980
709 991
709 997
709 999
710 253
710 326
710 594
710 637
710 639
710 849
710 989
711 594
711 668
711 770
711 771
711 895
711 997
711 999
712 111
712 451
712 611
712 623
712 980
712 990
712 991
713 131
713 499
713 700
713 981
713 982
713 992
713 993
714 328
714 334
714 631
714 678
714 877
714 907
714 984
715 492
715 679
715 861
715 972
715 983
715 993
715 996
716 42
716 46
716 128
716 355
716 467
716 595
716 953
717 550
717 846
717 909
717 957
717 987
717 996
717 997
718 470
718 881
718 901
718 962
718 964
718 992
718 998
719 134
719 669
719 920
719 930
719 949
719 985
719 992
720 75
720 397
720 590
720 913
720 923
720 965
720 998
721 538
721 908
721 912
721 976
721 977
721 985
721 987
722 159
722 396
722 432
722 630
722 746
722 989
722 998
723 169
723 249
723 537
723 826
723 924
723 965
723 996
724 51
724 683
724 845
724 858
724 924
724 988
724 992
725 818
725 921
725 960
725 994
725 996
725 997
725 998
726 143
726 402
726 782
726 918
726 920
726 962
726 998
727 321
727 323
727 544
727 673
727 855
727 957
727 965
728 120
728 272
728 685
728 931
728 968
728 997
728 999
729 416
729 517
729 569
729 968
729 980
729 990
729 997
730 774
730 831
730 838
730 889
730 896
730 987
730 997
731 142
731 549
731 569
731 738
731 845
731 985
731 997
732 384
732 402
732 677
732 730
732 901
732 960
732 991
733 8
733 320
733 679
733 717
733 880
733 972
733 998
734 118
734 784
734 896
734 910
734 913
734 974
734 996
735 543
735 791
735 906
735 984
735 985
735 992
735 997
736 163
736 878
736 903
736 931
736 989
736 997
736 998
737 229
737 531
737 702
737 929
737 976
737 995
737 997
738 175
738 483
738 516
738 618
738 777
738 920
738 988
739 667
739 729
739 794
739 816
739 827
739 987
739 997
740 157
740 445
740 574
740 810
740 951
740 995
740 997
741 172
741 652
741 781
741 955
741 993
741 996
741 998
742 232
742 606
742 746
742 900
742 907
742 957
742 996
743 50
743 728
743 825
743 850
743 935
743 960
743 993
744 94
744 651
744 816
744 898
744 980
744 998
744 999
745 171
745 278
745 553
745 895
745 978
745 985
745 995
746 31
746 730
746 882
746 933
746 948
746 953
746 969
747 292
747 303
747 347
747 523
747 870
747 927
747 998
748 557
748 730
748 776
748 888
748 951
748 978
748 996
749 16
749 94
749 323
749 443
749 989
749 994
749 999
750 217
750 710
750 880
750 953
750 969
750 991
750 993
751 810
751 842
751 847
751 883
751 912
751 975
751 994
752 462
752 717
752 765
752 847
752 973
752 980
752 995
753 319
753 554
753 635
753 891
753 948
753 989
753 993
754 165
754 282
754 347
754 556
754 807
754 850
754 992
755 359
755 578
755 602
755 630
755 637
755 950
755 986
756 30
756 266
756 383
756 424
756 836
756 869
756 990
757 172
757 354
757 510
757 948
757 994
757 996
757 997
758 178
758 231
758 294
758 922
758 926
758 944
758 998
759 157
759 543
759 666
759 818
759 881
759 932
759 988
760 136
760 312
760 326
760 457
760 467
760 682
760 845
761 213
761 235
761 447
761 792
761 945
761 959
761 997
762 169
762 374
762 452
762 650
762 806
762 851
762 993
763 120
763 336
763 593
763 613
763 965
763 975
763 998
764 305
764 434
764 435
764 617
764 942
764 994
764 996
765 53
765 89
765 547
765 562
765 786
765 987
765 999
766 98
766 210
766 822
766 930
766 955
766 968
766 999
767 494
767 596
767 598
767 692
767 813
767 951
767 962
768 80
768 342
768 852
768 981
768 982
768 983
768 996
769 74
769 419
769 461
769 528
769 564
769 704
769 987
770 257
770 261
770 719
770 871
770 932
770 937
770 986
771 184
771 501
771 660
771 829
771 854
771 988
771 995
772 412
772 526
772 898
772 951
772 963
772 989
772 998
773 52
773 537
773 722
773 891
773 994
773 997
773 998
774 736
774 776
774 879
774 932
774 964
774 971
774 985
775 578
775 792
775 990
775 992
775 993
775 995
775 996
776 186
776 570
776 793
776 971
776 977
776 997
776 998
777 307
777 446
777 641
777 689
777 798
777 964
777 981
778 171
778 356
778 400
778 864
778 932
778 975
778 999
779 715
779 875
779 941
779 968
779 991
779 994
779 996
780 570
780 683
780 867
780 900
780 986
780 992
780 994
781 78
781 558
781 876
781 902
781 943
781 975
781 990
782 74
782 519
782 640
782 797
782 908
782 997
782 998
783 386
783 428
783 635
783 955
783 988
783 997
783 999
784 57
784 741
784 744
784 810
784 893
784 988
784 999
785 29
785 36
785 257
785 618
785 901
785 916
785 935
786 40
786 124
786 537
786 892
786 980
786 988
786 994
787 487
787 579
787 614
787 990
787 992
787 993
787 999
788 37
788 56
788 290
788 609
788 983
788 994
788 999
789 127
789 855
789 885
789 959
789 971
789 981
789 987
790 260
790 691
790 919
790 929
790 936
790 938
790 989
791 201
791 521
791 656
791 893
791 984
791 989
791 991
792 29
792 33
792 610
792 646
792 950
792 985
792 995
793 166
793 370
793 377
793 453
793 496
793 953
793 982
794 176
794 261
794 297
794 707
794 734
794 898
794 982
795 407
795 565
795 810
795 867
795 873
795 939
795 986
796 318
796 589
796 669
796 852
796 883
796 996
796 999
797 667
797 714
797 843
797 966
797 967
797 973
797 999
798 115
798 615
798 749
798 921
798 989
798 997
798 999
799 168
799 263
799 707
799 961
799 967
799 985
799 995
800 793
800 945
800 948
800 956
800 977
800 994
800 995
801 40
801 115
801 296
801 812
801 940
801 952
801 984
802 121
802 755
802 897
802 949
802 969
802 975
802 994
803 53
803 409
803 480
803 899
803 992
803 994
803 995
804 292
804 476
804 648
804 750
804 837
804 990
804 995
805 588
805 623
805 822
805 871
805 956
805 982
805 983
806 51
806 655
806 836
806 930
806 972
806 997
806 999
807 686
807 708
807 961
807 973
807 981
807 995
807 999
808 371
808 490
808 499
808 569
808 670
808 989
808 996
809 482
809 844
809 903
809 910
809 980
809 991
809 996
810 572
810 597
810 630
810 740
810 804
810 987
810 999
811 329
811 387
811 507
811 600
811 912
811 952
811 988
812 321
812 468
812 562
812 699
812 805
812 858
812 947
813 21
813 408
813 533
813 824
813 945
813 978
813 988
814 98
814 118
814 187
814 242
814 569
814 742
814 982
815 208
815 556
815 799
815 962
815 966
815 996
815 999
816 202
816 275
816 914
816 947
816 972
816 998
816 999
817 783
817 919
817 946
817 947
817 959
817 978
817 999
818 549
818 672
818 711
818 866
818 906
818 918
818 951
819 24
819 250
819 930
819 953
819 957
819 990
819 997
820 501
820 713
820 967
820 978
820 995
820 996
820 997
821 410
821 466
821 815
821 842
821 952
821 993
821 996
822 503
822 512
822 589
822 637
822 703
822 990
822 998
823 34
823 418
823 573
823 695
823 906
823 908
823 997
824 105
824 116
824 244
824 402
824 614
824 957
824 984
825 212
825 663
825 801
825 963
825 984
825 993
825 998
826 418
826 559
826 651
826 775
826 916
826 986
826 994
827 40
827 721
827 872
827 958
827 988
827 994
827 998
828 57
828 467
828 741
828 839
828 947
828 969
828 990
829 453
829 544
829 638
829 650
829 771
829 824
829 991
830 37
830 108
830 486
830 825
830 990
830 994
830 999
831 63
831 422
831 493
831 839
831 874
831 901
831 997
832 491
832 507
832 885
832 892
832 925
832 946
832 991
833 423
833 486
833 646
833 663
833 748
833 828
833 955
834 502
834 509
834 671
834 811
834 984
834 993
834 998
835 77
835 250
835 496
835 687
835 885
835 926
835 991
836 166
836 473
836 741
836 843
836 928
836 998
836 999
837 17
837 319
837 783
837 883
837 952
837 990
837 999
838 438
838 671
838 848
838 879
838 944
838 992
838 997
839 333
839 360
839 374
839 409
839 634
839 763
839 973
840 425
840 668
840 929
840 974
840 995
840 998
840 999
841 573
841 589
841 789
841 933
841 983
841 985
841 997
842 206
842 557
842 626
842 918
842 962
842 991
842 998
843 639
843 661
843 763
843 849
843 914
843 986
843 993
844 49
844 151
844 621
844 866
844 898
844 990
844 998
845 394
845 779
845 881
845 904
845 986
845 989
845 993
846 209
846 624
846 667
846 743
846 757
846 963
846 999
847 403
847 505
847 606
847 750
847 835
847 876
847 958
848 81
848 261
848 801
848 862
848 863
848 972
848 998
849 723
849 742
849 744
849 936
849 954
849 969
849 996
850 110
850 177
850 463
850 841
850 898
850 927
850 995
851 219
851 789
851 976
851 989
851 990
851 995
851 998
852 469
852 741
852 905
852 978
852 990
852 995
852 999
853 484
853 566
853 795
853 906
853 909
853 986
853 997
854 189
854 228
854 728
854 777
854 817
854 993
854 997
855 324
855 404
855 973
855 982
855 995
855 997
855 998
856 421
856 591
856 975
856 977
856 995
856 997
856 998
857 246
857 441
857 466
857 646
857 895
857 991
857 998
858 831
858 934
858 956
858 963
858 964
858 991
858 999
859 27
859 170
859 513
859 738
859 752
859 956
859 993
860 205
860 365
860 803
860 960
860 967
860 981
860 989
861 238
861 524
861 848
861 898
861 953
861 995
861 999
862 88
862 306
862 627
862 745
862 832
862 840
862 992
863 93
863 111
863 490
863 935
863 968
863 991
863 998
864 854
864 912
864 983
864 993
864 995
864 998
864 999
865 28
865 233
865 246
865 948
865 979
865 996
865 999
866 215
866 757
866 799
866 887
866 903
866 944
866 998
867 73
867 252
867 285
867 433
867 900
867 995
867 996
868 605
868 651
868 812
868 858
868 958
868 980
868 998
869 593
869 705
869 830
869 978
869 980
869 993
869 997
870 96
870 355
870 460
870 780
870 911
870 969
870 988
871 82
871 602
871 754
871 829
871 977
871 985
871 991
872 752
872 821
872 894
872 926
872 929
872 954
872 979
873 432
873 716
873 830
873 956
873 970
873 979
873 994
874 560
874 644
874 690
874 903
874 935
874 996
874 998
875 532
875 622
875 740
875 828
875 927
875 948
875 998
876 83
876 720
876 765
876 911
876 955
876 963
876 994
877 673
877 782
877 927
877 941
877 943
877 952
877 981
878 327
878 656
878 696
878 849
878 922
878 976
878 980
879 424
879 533
879 553
879 601
879 874
879 970
879 978
880 13
880 346
880 363
880 377
880 868
880 992
880 993
881 174
881 911
881 925
881 991
881 993
881 996
881 999
882 672
882 875
882 908
882 943
882 988
882 997
882 998
883 21
883 185
883 380
883 682
883 802
883 958
883 998
884 535
884 696
884 819
884 961
884 980
884 986
884 987
885 103
885 234
885 341
885 639
885 846
885 961
885 999
886 86
886 173
886 249
886 587
886 822
886 901
886 975
887 104
887 639
887 866
887 870
887 981
887 997
887 998
888 291
888 385
888 647
888 976
888 996
888 998
888 999
889 55
889 144
889 299
889 729
889 826
889 991
889 998
890 566
890 709
890 970
890 984
890 986
890 994
890 997
891 154
891 236
891 389
891 393
891 935
891 964
891 994
892 267
892 677
892 813
892 926
892 986
892 997
892 998
893 323
893 328
893 657
893 993
893 995
893 996
893 997
894 11
894 54
894 709
894 850
894 930
894 996
894 999
895 189
895 417
895 707
895 733
895 843
895 974
895 988
896 699
896 714
896 957
896 979
896 984
896 995
896 997
897 776
897 872
897 887
897 964
897 965
897 966
897 990
898 87
898 366
898 446
898 615
898 627
898 934
898 992
899 463
899 521
899 550
899 601
899 768
899 983
899 999
900 549
900 590
900 940
900 943
900 945
900 985
900 997
901 38
901 41
901 106
901 288
901 595
901 786
901 970
902 133
902 217
902 440
902 802
902 977
902 979
902 998
903 0
903 967
903 989
903 991
903 996
903 998
903 999
904 755
904 837
904 937
904 979
904 988
904 995
904 996
905 32
905 269
905 435
905 638
905 714
905 989
905 995
906 102
906 274
906 457
906 800
906 859
906 986
906 992
907 372
907 785
907 943
907 959
907 988
907 998
907 999
908 301
908 368
908 474
908 721
908 853
908 862
908 995
909 289
909 618
909 698
909 855
909 934
909 966
909 998
910 130
910 447
910 663
910 975
910 990
910 994
910 998
911 92
911 184
911 396
911 503
911 931
911 995
911 996
912 167
912 353
912 759
912 899
912 919
912 977
912 995
913 18
913 375
913 893
913 945
913 982
913 985
913 997
914 783
914 929
914 963
914 965
914 979
914 989
914 993
915 496
915 694
915 944
915 945
915 958
915 987
915 997
916 348
916 576
916 727
916 903
916 936
916 991
916 999
917 312
917 466
917 469
917 805
917 823
917 898
917 935
918 138
918 221
918 598
918 928
918 993
918 996
918 998
919 478
919 604
919 671
919 868
919 904
919 991
919 996
920 419
920 506
920 580
920 583
920 801
920 981
920 992
921 419
921 572
921 626
921 863
921 944
921 962
921 973
922 221
922 450
922 878
922 967
922 981
922 989
922 997
923 201
923 536
923 907
923 941
923 982
923 987
923 988
924 121
924 510
924 589
924 615
924 946
924 985
924 993
925 683
925 697
925 938
925 991
925 997
925 998
925 999
926 828
926 859
926 977
926 980
926 982
926 996
926 998
927 223
927 574
927 887
927 915
927 950
927 996
927 997
928 550
928 664
928 769
928 795
928 926
928 971
928 996
929 256
929 515
929 617
929 967
929 980
929 991
929 996
930 126
930 575
930 594
930 718
930 749
930 906
930 988
931 584
931 778
931 825
931 907
931 972
931 979
931 999
932 118
932 187
932 288
932 307
932 913
932 921
932 995
933 273
933 354
933 653
933 800
933 867
933 984
933 997
934 285
934 338
934 362
934 890
934 892
934 973
934 999
935 2
935 76
935 397
935 766
935 843
935 975
935 991
936 556
936 903
936 935
936 948
936 963
936 989
936 999
937 129
937 606
937 630
937 882
937 995
937 996
937 997
938 281
938 504
938 603
938 943
938 972
938 991
938 995
939 10
939 280
939 455
939 879
939 979
939 992
939 999
940 842
940 888
940 909
940 938
940 988
940 996
940 997
941 299
941 478
941 687
941 803
941 932
941 993
941 999
942 30
942 799
942 843
942 894
942 972
942 982
942 998
943 123
943 483
943 757
943 771
943 996
943 998
943 999
944 301
944 714
944 926
944 960
944 972
944 977
944 997
945 135
945 628
945 643
945 965
945 969
945 990
945 994
946 617
946 776
946 961
946 968
946 991
946 995
946 996
947 544
947 550
947 559
947 705
947 795
947 873
947 998
948 315
948 431
948 649
948 825
948 974
948 998
948 999
949 427
949 739
949 856
949 887
949 982
949 987
949 997
950 652
950 737
950 799
950 980
950 991
950 995
950 996
951 181
951 229
951 963
951 985
951 996
951 998
951 999
952 781
952 871
952 884
952 915
952 992
952 993
952 996
953 202
953 449
953 619
953 699
953 801
953 979
953 998
954 376
954 439
954 496
954 675
954 984
954 986
954 999
955 477
955 627
955 673
955 816
955 820
955 886
955 959
956 241
956 596
956 672
956 896
956 960
956 966
956 969
957 205
957 414
957 934
957 956
957 969
957 986
957 997
958 335
958 497
958 947
958 988
958 993
958 994
958 998
959 153
959 207
959 269
959 558
959 595
959 968
959 989
960 162
960 252
960 899
960 938
960 948
960 953
960 954
961 607
961 791
961 851
961 881
961 942
961 993
961 994
962 143
962 246
962 621
962 670
962 870
962 989
962 995
963 474
963 624
963 886
963 911
963 972
963 996
963 998
964 325
964 370
964 708
964 953
964 989
964 994
964 999
965 81
965 905
965 914
965 921
965 935
965 972
965 985
966 429
966 561
966 826
966 896
966 917
966 918
966 982
967 373
967 714
967 855
967 955
967 995
967 998
967 999
968 20
968 928
968 959
968 980
968 990
968 994
968 997
969 14
969 164
969 380
969 445
969 640
969 664
969 866
970 564
970 823
970 831
970 980
970 985
970 987
970 997
971 241
971 608
971 675
971 701
971 777
971 967
971 998
972 119
972 145
972 422
972 608
972 892
972 905
972 936
973 148
973 479
973 532
973 572
973 664
973 704
973 984
974 664
974 912
974 936
974 950
974 958
974 972
974 978
975 49
975 285
975 379
975 485
975 953
975 985
975 994
976 84
976 254
976 415
976 763
976 839
976 993
976 999
977 226
977 829
977 975
977 994
977 995
977 997
977 999
978 340
978 791
978 959
978 982
978 990
978 997
978 999
979 490
979 695
979 926
979 954
979 991
979 993
979 994
980 342
980 484
980 534
980 659
980 966
980 984
980 997
981 66
981 110
981 339
981 520
981 586
981 972
981 988
982 305
982 516
982 545
982 885
982 993
982 994
982 999
983 39
983 795
983 796
983 961
983 979
983 982
983 992
984 420
984 581
984 824
984 955
984 989
984 994
984 999
985 180
985 216
985 950
985 967
985 996
985 997
985 998
986 127
986 181
986 680
986 738
986 742
986 933
986 999
987 317
987 352
987 674
987 746
987 906
987 923
987 997
988 7
988 452
988 899
988 981
988 992
988 994
988 999
989 182
989 238
989 517
989 833
989 856
989 905
989 977
990 3
990 822
990 910
990 931
990 951
990 953
990 993
991 101
991 369
991 743
991 860
991 919
991 994
991 998
992 75
992 780
992 949
992 973
992 983
992 998
992 999
993 163
993 371
993 571
993 640
993 694
993 969
993 994
994 357
994 378
994 471
994 590
994 857
994 873
994 921
995 55
995 755
995 979
995 980
995 987
995 998
995 999
996 368
996 871
996 893
996 909
996 990
996 995
996 997
997 227
997 416
997 962
997 970
997 993
997 996
997 998
998 751
998 756
998 929
998 977
998 987
998 991
998 994
999 735
999 817
999 983
999 987
999 992
999 993
999 997
