0 65
0 188
0 303
0 419
0 421
0 483
0 492
1 251
1 411
1 414
1 428
1 489
1 497
2 151
2 166
2 316
2 441
2 468
2 496
2 498
2 499
3 160
3 174
3 202
3 371
3 387
3 394
3 424
4 325
4 359
4 365
4 427
4 454
4 458
5 155
5 267
5 385
5 472
5 491
5 495
6 74
6 91
6 210
6 396
6 450
6 460
6 496
7 323
7 431
7 470
7 476
7 478
7 488
7 498
7 499
8 167
8 232
8 278
8 388
8 459
8 465
8 488
9 80
9 197
9 362
9 414
9 430
9 485
9 490
10 67
10 155
10 461
10 472
10 475
10 491
10 495
11 10
11 18
11 63
11 404
11 454
11 472
11 476
12 139
12 212
12 408
12 417
12 466
12 474
13 133
13 257
13 259
13 282
13 295
13 487
14 111
14 283
14 445
14 463
14 470
14 498
14 499
15 55
15 203
15 255
15 455
15 464
15 467
15 498
15 499
16 160
16 261
16 329
16 376
16 493
16 494
16 498
17 175
17 237
17 330
17 342
17 474
17 495
18 253
18 262
18 295
18 330
18 436
18 491
18 495
19 195
19 309
19 356
19 423
19 483
19 492
20 246
20 292
20 327
20 338
20 408
20 412
20 442
21 176
21 434
21 441
21 456
21 470
21 488
21 498
21 499
22 116
22 343
22 409
22 473
22 474
22 484
22 495
23 123
23 191
23 318
23 407
23 473
23 475
24 115
24 120
24 309
24 407
24 447
24 453
24 471
25 169
25 221
25 378
25 405
25 483
25 492
26 241
26 354
26 428
26 436
26 485
26 497
27 154
27 320
27 383
27 479
27 493
27 494
28 230
28 396
28 431
28 455
28 463
28 498
28 499
29 98
29 279
29 466
29 474
29 491
29 495
30 266
30 359
30 361
30 446
30 451
30 493
30 497
31 44
31 223
31 242
31 354
31 428
31 485
31 489
32 130
32 202
32 346
32 348
32 410
32 424
32 452
33 49
33 363
33 389
33 433
33 462
33 484
34 125
34 285
34 327
34 365
34 427
34 451
35 313
35 373
35 377
35 415
35 427
35 459
36 62
36 323
36 420
36 464
36 470
36 476
36 488
36 496
36 498
36 499
37 272
37 294
37 362
37 477
37 490
37 497
38 90
38 275
38 356
38 385
38 423
38 476
38 499
39 284
39 363
39 389
39 425
39 486
39 493
40 82
40 171
40 236
40 288
40 291
40 381
41 141
41 264
41 289
41 310
41 387
41 406
41 483
42 126
42 138
42 242
42 274
42 294
42 447
42 477
43 222
43 238
43 449
43 469
43 483
43 492
43 498
44 272
44 362
44 372
44 444
44 481
44 497
45 46
45 57
45 64
45 383
45 449
45 486
46 293
46 305
46 383
46 389
46 479
46 486
47 1
47 129
47 398
47 429
47 477
47 490
47 498
48 49
48 296
48 380
48 486
48 493
48 494
49 19
49 81
49 335
49 391
49 479
49 484
49 494
50 133
50 227
50 280
50 352
50 431
50 452
50 491
51 15
51 36
51 86
51 277
51 445
51 455
51 461
51 498
51 499
52 175
52 196
52 208
52 358
52 419
52 437
52 475
53 179
53 407
53 473
53 474
53 475
53 480
53 484
54 187
54 422
54 448
54 449
54 484
54 491
54 494
55 166
55 344
55 464
55 471
55 488
55 498
55 499
56 236
56 288
56 382
56 389
56 406
56 409
56 494
57 261
57 341
57 484
57 486
57 493
57 494
58 88
58 212
58 306
58 380
58 425
58 448
58 475
59 117
59 159
59 255
59 378
59 406
59 491
59 495
60 148
60 449
60 451
60 476
60 483
60 487
60 492
61 4
61 45
61 117
61 142
61 402
61 443
61 451
62 316
62 379
62 434
62 456
62 470
62 498
62 499
63 143
63 204
63 317
63 357
63 437
63 466
63 499
64 45
64 329
64 351
64 359
64 458
64 462
64 484
65 138
65 226
65 229
65 241
65 367
65 481
65 497
66 25
66 115
66 369
66 390
66 469
66 492
67 131
67 214
67 230
67 388
67 438
67 446
67 495
68 3
68 50
68 360
68 382
68 395
68 399
68 450
69 71
69 181
69 251
69 372
69 414
69 497
70 14
70 208
70 255
70 464
70 468
70 488
70 498
70 499
71 47
71 270
71 372
71 429
71 444
71 489
72 94
72 123
72 135
72 205
72 220
72 480
72 487
73 107
73 215
73 348
73 384
73 435
73 439
74 277
74 298
74 441
74 455
74 470
74 496
74 498
74 499
75 29
75 234
75 331
75 385
75 438
75 472
76 18
76 20
76 59
76 69
76 300
76 416
76 421
77 210
77 370
77 441
77 468
77 496
77 498
77 499
78 14
78 111
78 316
78 337
78 468
78 498
78 499
79 132
79 299
79 409
79 466
79 491
79 495
80 83
80 158
80 245
80 422
80 465
80 466
80 493
81 320
81 341
81 393
81 433
81 462
81 484
81 494
82 145
82 335
82 371
82 381
82 416
82 421
82 496
83 80
83 81
83 391
83 478
83 479
83 484
83 486
84 130
84 194
84 422
84 449
84 486
84 493
84 494
85 71
85 276
85 430
85 489
85 490
85 497
86 14
86 91
86 347
86 426
86 460
86 471
86 498
86 499
87 146
87 207
87 354
87 364
87 425
87 446
87 454
88 58
88 284
88 433
88 479
88 486
88 494
89 223
89 336
89 353
89 442
89 447
89 489
89 497
90 24
90 89
90 122
90 229
90 347
90 378
90 388
91 344
91 468
91 471
91 478
91 488
91 498
91 499
92 35
92 322
92 361
92 366
92 427
92 440
92 479
93 271
93 286
93 322
93 418
93 464
93 473
93 487
94 162
94 239
94 243
94 435
94 440
94 475
94 487
95 90
95 144
95 191
95 312
95 386
95 406
95 491
96 253
96 304
96 383
96 479
96 483
96 492
96 495
97 339
97 396
97 431
97 450
97 460
97 478
97 498
97 499
98 32
98 116
98 143
98 234
98 387
98 493
98 495
99 97
99 203
99 463
99 464
99 467
99 471
99 478
99 496
99 499
100 77
100 286
100 308
100 328
100 338
100 446
100 454
101 31
101 414
101 430
101 485
101 489
101 490
102 188
102 231
102 309
102 386
102 391
102 491
102 495
103 20
103 266
103 292
103 398
103 435
103 482
103 496
104 321
104 353
104 411
104 489
104 490
104 497
105 107
105 303
105 401
105 435
105 437
105 473
106 108
106 137
106 185
106 300
106 394
106 395
107 157
107 265
107 297
107 340
107 400
107 432
107 488
108 68
108 106
108 112
108 128
108 291
108 410
109 213
109 276
109 429
109 481
109 489
109 497
110 10
110 172
110 343
110 426
110 475
110 483
110 487
111 78
111 97
111 151
111 476
111 496
111 498
111 499
112 127
112 288
112 368
112 394
112 416
112 452
112 495
113 205
113 240
113 384
113 418
113 473
113 487
114 229
114 414
114 428
114 447
114 489
114 497
115 333
115 349
115 423
115 453
115 483
115 492
116 11
116 22
116 143
116 404
116 408
116 495
117 103
117 254
117 327
117 403
117 440
117 456
117 459
118 77
118 375
118 426
118 461
118 467
118 476
118 498
118 499
119 165
119 250
119 291
119 346
119 394
119 410
120 66
120 92
120 124
120 369
120 463
120 479
120 492
121 223
121 444
121 447
121 477
121 481
121 490
122 255
122 290
122 445
122 467
122 496
122 498
122 499
123 23
123 105
123 206
123 207
123 256
123 340
123 499
124 286
124 301
124 325
124 443
124 459
124 485
124 498
125 34
125 304
125 374
125 440
125 471
125 482
125 496
126 85
126 109
126 135
126 274
126 397
126 481
127 56
127 112
127 167
127 200
127 341
127 399
127 452
128 76
128 352
128 371
128 381
128 394
128 459
128 493
129 37
129 109
129 477
129 489
129 490
129 497
130 16
130 246
130 264
130 306
130 427
130 475
130 484
131 5
131 18
131 132
131 474
131 491
131 495
132 317
132 342
132 417
132 438
132 466
132 495
133 432
133 437
133 455
133 473
133 475
133 477
133 478
134 249
134 275
134 369
134 465
134 469
134 492
135 42
135 65
135 119
135 138
135 367
135 486
135 489
136 140
136 224
136 304
136 345
136 353
136 364
136 451
137 3
137 58
137 82
137 152
137 316
137 424
137 452
138 9
138 235
138 477
138 485
138 490
138 497
139 67
139 201
139 376
139 438
139 491
139 495
139 498
140 136
140 161
140 192
140 260
140 374
140 415
140 419
141 315
141 345
141 422
141 448
141 462
141 479
141 494
142 254
142 285
142 392
142 442
142 479
142 482
142 488
143 173
143 262
143 267
143 299
143 409
143 472
144 195
144 252
144 310
144 312
144 356
144 457
145 15
145 96
145 278
145 333
145 374
145 405
145 465
146 124
146 140
146 209
146 377
146 427
146 442
147 154
147 315
147 351
147 433
147 484
147 486
147 494
148 43
148 340
148 405
148 457
148 469
148 492
148 499
149 187
149 289
149 333
149 429
149 465
149 473
149 492
150 135
150 159
150 162
150 367
150 490
150 497
151 74
151 323
151 344
151 368
151 434
151 464
151 478
151 498
151 499
152 40
152 95
152 185
152 410
152 448
152 452
152 496
153 98
153 102
153 132
153 253
153 331
153 491
154 147
154 193
154 263
154 433
154 486
154 492
154 494
155 75
155 307
155 386
155 404
155 438
155 491
156 148
156 221
156 378
156 387
156 405
156 483
157 13
157 107
157 259
157 351
157 437
157 480
157 494
158 27
158 220
158 345
158 479
158 486
158 494
159 26
159 241
159 353
159 436
159 437
159 477
159 483
160 193
160 194
160 425
160 479
160 484
160 493
161 304
161 321
161 377
161 440
161 442
161 464
161 482
162 242
162 308
162 367
162 397
162 481
162 490
162 497
163 189
163 412
163 431
163 456
163 478
163 498
163 499
164 273
164 282
164 395
164 439
164 442
164 480
164 481
165 56
165 62
165 192
165 291
165 382
165 438
165 499
166 51
166 347
166 450
166 455
166 461
166 463
166 498
167 156
167 270
167 275
167 312
167 369
167 405
167 495
168 28
168 403
168 450
168 460
168 496
168 498
168 499
169 206
169 219
169 289
169 333
169 356
169 469
169 483
170 296
170 305
170 320
170 380
170 389
170 493
171 313
171 401
171 416
171 421
171 476
171 494
171 497
172 122
172 460
172 461
172 468
172 470
172 478
172 496
172 499
173 201
173 212
173 391
173 401
173 474
173 477
173 495
174 119
174 300
174 346
174 381
174 436
174 470
174 478
175 12
175 343
175 397
175 409
175 426
175 474
175 495
176 118
176 370
176 441
176 455
176 471
176 498
176 499
177 12
177 75
177 237
177 417
177 472
177 491
178 226
178 372
178 477
178 481
178 485
178 497
179 94
179 105
179 238
179 437
179 461
179 475
179 480
180 282
180 348
180 407
180 418
180 421
180 469
180 480
181 85
181 89
181 339
181 477
181 485
181 493
181 497
182 13
182 41
182 206
182 297
182 423
182 473
182 487
183 234
183 309
183 349
183 458
183 469
183 483
183 492
184 270
184 294
184 308
184 402
184 411
184 438
184 489
185 50
185 82
185 210
185 395
185 414
185 452
185 472
186 127
186 153
186 317
186 466
186 472
186 480
186 495
187 232
187 252
187 457
187 469
187 477
187 483
187 496
188 234
188 268
188 346
188 386
188 394
188 409
188 495
189 51
189 265
189 319
189 339
189 456
189 471
189 488
189 498
189 499
190 21
190 336
190 460
190 470
190 496
190 498
190 499
191 53
191 178
191 222
191 231
191 257
191 480
191 487
192 76
192 108
192 200
192 218
192 371
192 416
192 499
193 27
193 84
193 219
193 264
193 363
193 479
193 493
194 246
194 289
194 329
194 422
194 433
194 493
194 494
195 137
195 252
195 269
195 388
195 465
195 483
195 489
196 0
196 113
196 182
196 240
196 266
196 473
196 487
197 72
197 196
197 243
197 318
197 439
197 473
197 499
198 92
198 215
198 217
198 228
198 300
198 338
198 361
199 189
199 344
199 368
199 470
199 488
199 496
199 498
200 32
200 152
200 250
200 352
200 382
200 392
200 399
201 17
201 48
201 307
201 380
201 435
201 466
201 495
202 40
202 137
202 152
202 217
202 361
202 421
202 424
203 316
203 339
203 375
203 471
203 476
203 488
203 498
204 29
204 97
204 177
204 292
204 352
204 357
204 491
205 0
205 53
205 291
205 384
205 400
205 444
205 480
206 73
206 235
206 332
206 340
206 437
206 475
206 480
207 34
207 142
207 304
207 451
207 454
207 482
207 497
208 426
208 460
208 463
208 476
208 496
208 498
208 499
209 102
209 161
209 413
209 415
209 418
209 442
210 203
210 302
210 456
210 478
210 496
210 498
210 499
211 0
211 328
211 387
211 465
211 492
211 493
212 342
212 357
212 385
212 459
212 474
212 495
213 270
213 447
213 485
213 487
213 490
213 497
214 10
214 79
214 201
214 417
214 472
214 499
215 93
215 326
215 384
215 416
215 424
215 439
216 102
216 279
216 358
216 491
216 495
216 498
217 61
217 373
217 451
217 454
217 459
217 470
218 129
218 244
218 258
218 376
218 465
218 487
219 233
219 245
219 341
219 468
219 486
219 494
220 324
220 408
220 479
220 486
220 493
220 494
221 247
221 252
221 297
221 369
221 453
221 469
222 26
222 28
222 453
222 457
222 469
222 483
223 101
223 181
223 311
223 429
223 444
223 481
224 6
224 209
224 427
224 446
224 452
224 482
225 93
225 147
225 318
225 418
225 432
225 490
226 88
226 354
226 402
226 411
226 485
226 490
227 190
227 310
227 474
227 478
227 495
227 498
228 87
228 313
228 398
228 405
228 455
228 498
229 186
229 429
229 481
229 489
229 490
229 497
230 2
230 99
230 166
230 450
230 455
230 471
230 476
230 488
230 498
230 499
231 157
231 225
231 331
231 407
231 432
231 464
232 8
232 149
232 314
232 453
232 466
232 469
233 41
233 66
233 134
233 211
233 457
233 493
234 188
234 385
234 404
234 443
234 472
234 491
235 209
235 294
235 397
235 481
235 485
235 497
236 50
236 68
236 70
236 106
236 185
236 312
237 79
237 404
237 438
237 441
237 495
237 496
238 38
238 134
238 156
238 310
238 480
238 492
239 191
239 341
239 407
239 417
239 439
239 497
240 113
240 164
240 258
240 418
240 433
240 475
241 223
241 272
241 281
241 428
241 457
241 497
242 59
242 162
242 226
242 276
242 414
242 481
243 396
243 400
243 432
243 463
243 475
243 486
244 24
244 110
244 206
244 215
244 259
244 334
245 48
245 193
245 246
245 335
245 425
245 481
246 219
246 305
246 413
246 446
246 479
246 494
247 238
247 259
247 269
247 312
247 466
247 492
248 164
248 179
248 303
248 350
248 376
248 411
249 96
249 278
249 303
249 328
249 430
249 453
250 299
250 334
250 355
250 371
250 395
250 452
251 89
251 184
251 244
251 321
251 489
251 497
252 211
252 305
252 328
252 349
252 423
252 456
253 11
253 250
253 358
253 489
253 491
253 497
254 136
254 217
254 355
254 412
254 427
254 469
255 298
255 434
255 455
255 468
255 496
255 498
255 499
256 58
256 141
256 147
256 404
256 484
256 494
257 30
257 326
257 407
257 435
257 475
257 487
258 68
258 164
258 215
258 231
258 400
258 487
259 93
259 200
259 225
259 260
259 280
259 374
260 350
260 361
260 446
260 454
260 462
260 481
261 293
261 345
261 380
261 443
261 448
261 484
262 153
262 331
262 343
262 355
262 466
262 491
263 23
263 213
263 248
263 467
263 473
263 480
264 46
264 52
264 315
264 393
264 493
264 497
265 28
265 230
265 290
265 412
265 471
265 499
266 146
266 342
266 403
266 415
266 459
266 482
267 11
267 17
267 116
267 175
267 434
267 472
268 56
268 118
268 232
268 279
268 417
268 495
269 60
269 236
269 249
269 309
269 314
269 465
270 103
270 235
270 308
270 429
270 477
270 497
271 87
271 103
271 248
271 392
271 398
271 451
272 104
272 274
272 395
272 414
272 477
272 490
273 136
273 248
273 400
273 411
273 473
273 498
274 69
274 104
274 393
274 447
274 485
274 489
275 169
275 377
275 423
275 453
275 465
275 469
276 268
276 308
276 402
276 428
276 447
276 489
277 62
277 290
277 319
277 434
277 478
277 498
277 499
278 144
278 314
278 388
278 390
278 486
278 498
279 385
279 434
279 466
279 474
279 491
279 495
280 198
280 248
280 326
280 348
280 473
280 480
281 64
281 101
281 109
281 430
281 448
281 489
282 52
282 76
282 239
282 401
282 435
282 485
283 456
283 461
283 488
283 496
283 498
283 499
284 94
284 379
284 449
284 479
284 486
284 493
285 131
285 161
285 211
285 277
285 350
285 458
286 207
286 374
286 392
286 396
286 453
286 454
287 124
287 332
287 364
287 415
287 480
287 482
288 112
288 119
288 262
288 392
288 457
288 499
289 41
289 60
289 269
289 365
289 485
289 489
290 122
290 199
290 456
290 470
290 498
290 499
291 194
291 314
291 367
291 457
291 485
291 486
292 176
292 198
292 271
292 415
292 458
292 482
293 4
293 54
293 184
293 448
293 449
293 493
294 37
294 38
294 126
294 159
294 367
294 436
295 218
295 297
295 401
295 480
295 487
295 499
296 83
296 284
296 370
296 448
296 449
296 486
297 231
297 244
297 475
297 487
297 489
297 499
298 7
298 265
298 468
298 496
298 498
298 499
299 55
299 131
299 186
299 227
299 472
299 495
300 227
300 334
300 337
300 369
300 381
300 498
301 35
301 459
301 471
301 482
301 488
301 492
302 21
302 375
302 426
302 471
302 488
302 496
302 498
302 499
303 225
303 295
303 318
303 376
303 385
303 473
304 30
304 301
304 365
304 451
304 472
304 482
305 170
305 383
305 452
305 484
305 486
305 494
306 351
306 380
306 449
306 462
306 471
306 493
307 155
307 214
307 290
307 466
307 474
307 491
308 1
308 44
308 354
308 402
308 490
308 497
309 221
309 348
309 457
309 469
309 483
309 499
310 24
310 120
310 233
310 423
310 492
310 495
311 85
311 178
311 213
311 353
311 485
311 490
312 115
312 221
312 249
312 488
312 492
312 499
313 4
313 100
313 325
313 459
313 482
313 494
314 19
314 114
314 247
314 325
314 388
314 473
315 39
315 219
315 294
315 335
315 479
315 494
316 434
316 461
316 467
316 476
316 478
316 488
316 499
317 267
317 330
317 386
317 438
317 482
317 491
318 205
318 332
318 419
318 458
318 480
318 487
319 283
319 290
319 360
319 426
319 463
319 496
319 498
319 499
320 84
320 241
320 324
320 393
320 410
320 494
321 125
321 184
321 402
321 481
321 489
321 497
322 23
322 196
322 419
322 439
322 487
322 494
323 379
323 420
323 445
323 463
323 476
323 496
323 498
323 499
324 193
324 278
324 433
324 462
324 484
324 486
325 110
325 350
325 359
325 413
325 427
325 482
326 13
326 195
326 197
326 322
326 344
326 384
327 61
327 325
327 355
327 357
327 458
327 482
328 38
328 78
328 349
328 417
328 448
328 453
329 220
329 293
329 302
329 317
329 393
329 484
330 216
330 253
330 409
330 417
330 460
330 495
331 177
331 343
331 404
331 408
331 482
331 495
332 179
332 295
332 401
332 468
332 475
332 484
333 111
333 258
333 387
333 423
333 465
333 484
334 243
334 346
334 382
334 399
334 421
334 495
335 170
335 315
335 320
335 375
335 479
335 494
336 7
336 86
336 339
336 396
336 450
336 471
337 403
337 445
337 476
337 496
337 498
337 499
338 34
338 260
338 306
338 350
338 373
338 413
339 360
339 420
339 463
339 468
339 496
339 498
339 499
340 180
340 182
340 239
340 326
340 440
340 487
341 298
341 349
341 449
341 462
341 479
341 493
342 249
342 268
342 391
342 408
342 466
342 472
343 214
343 299
343 391
343 465
343 489
343 491
344 368
344 370
344 426
344 463
344 470
344 496
344 498
344 499
345 39
345 245
345 383
345 473
345 484
345 493
346 202
346 205
346 236
346 334
346 352
346 452
347 74
347 302
347 403
347 450
347 460
347 488
347 498
348 72
348 133
348 240
348 276
348 435
348 477
349 19
349 149
349 232
349 328
349 480
349 487
350 142
350 207
350 366
350 374
350 390
350 468
351 16
351 48
351 293
351 462
351 486
351 494
352 165
352 227
352 301
352 334
352 346
352 399
353 121
353 183
353 362
353 429
353 477
353 485
354 178
354 397
354 411
354 430
354 470
354 497
355 100
355 104
355 398
355 442
355 451
355 495
356 25
356 81
356 289
356 406
356 492
356 496
357 63
357 153
357 173
357 247
357 391
357 492
358 212
358 408
358 415
358 472
358 474
358 495
359 139
359 204
359 373
359 390
359 431
359 499
360 208
360 456
360 460
360 488
360 498
360 499
361 326
361 398
361 443
361 444
361 446
361 482
362 311
362 321
362 430
362 481
362 485
362 497
363 27
363 64
363 462
363 486
363 493
363 494
364 31
364 209
364 377
364 454
364 459
364 472
365 260
365 287
365 364
365 373
365 450
365 482
366 271
366 361
366 392
366 454
366 488
366 492
367 114
367 126
367 362
367 482
367 485
367 497
368 15
368 176
368 319
368 467
368 478
368 498
368 499
369 25
369 149
369 211
369 318
369 483
369 492
370 99
370 277
370 337
370 347
370 470
370 498
370 499
371 47
371 174
371 192
371 356
371 410
371 416
372 9
372 251
372 311
372 419
372 489
372 497
373 125
373 286
373 323
373 355
373 446
373 459
374 228
374 292
374 442
374 458
374 461
374 482
375 199
375 203
375 403
375 445
375 478
375 499
376 182
376 332
376 401
376 432
376 487
376 492
377 224
377 301
377 359
377 442
377 446
377 481
378 187
378 356
378 422
378 453
378 492
378 494
379 360
379 461
379 464
379 467
379 471
379 476
379 478
379 488
379 498
379 499
380 33
380 347
380 418
380 422
380 493
380 494
381 169
381 174
381 293
381 421
381 424
381 474
382 32
382 171
382 250
382 410
382 469
382 497
383 49
383 261
383 451
383 462
383 485
383 494
384 123
384 202
384 439
384 480
384 496
384 498
385 22
385 79
385 181
385 467
385 472
385 491
386 216
386 357
386 409
386 420
386 445
386 474
387 145
387 239
387 247
387 386
387 457
387 483
388 66
388 222
388 233
388 422
388 457
388 492
389 154
389 216
389 256
389 351
389 449
389 486
390 8
390 95
390 222
390 310
390 399
390 490
391 204
391 237
391 267
391 282
391 342
391 358
392 100
392 266
392 440
392 443
392 458
392 499
393 329
393 345
393 362
393 425
393 448
393 497
394 40
394 177
394 200
394 352
394 424
394 494
395 53
395 90
395 106
395 274
395 324
395 445
396 2
396 450
396 460
396 488
396 498
396 499
397 129
397 411
397 444
397 477
397 489
397 497
398 96
398 201
398 292
398 392
398 446
398 482
399 71
399 72
399 300
399 383
399 425
399 462
400 52
400 378
400 418
400 473
400 475
400 480
401 110
401 263
401 297
401 319
401 419
401 491
402 26
402 65
402 321
402 372
402 490
402 497
403 78
403 199
403 302
403 412
403 468
403 498
403 499
404 29
404 273
404 330
404 472
404 491
404 495
405 233
405 281
405 390
405 465
405 490
405 492
406 167
406 238
406 349
406 390
406 460
406 492
407 180
407 197
407 244
407 382
407 384
407 491
408 204
408 272
408 299
408 307
408 481
408 495
409 67
409 75
409 228
409 268
409 432
409 491
410 59
410 127
410 128
410 421
410 486
410 497
411 5
411 226
411 447
411 477
411 487
411 490
412 441
412 450
412 467
412 488
412 496
412 498
412 499
413 144
413 301
413 329
413 338
413 443
413 451
414 1
414 315
414 354
414 402
414 485
414 491
415 87
415 287
415 377
415 413
415 458
415 498
416 128
416 165
416 284
416 288
416 410
416 452
417 22
417 186
417 466
417 474
417 483
417 495
418 105
418 120
418 322
418 332
418 400
418 475
419 240
419 251
419 273
419 432
419 435
419 475
420 379
420 412
420 456
420 478
420 498
420 499
421 63
421 189
421 366
421 394
421 454
421 490
422 33
422 214
422 306
422 324
422 363
422 425
423 95
423 388
423 428
423 469
423 482
423 483
424 3
424 51
424 381
424 399
424 416
424 487
425 130
425 220
425 256
425 422
425 484
425 493
426 168
426 337
426 467
426 468
426 488
426 498
426 499
427 43
427 61
427 283
427 359
427 365
427 458
428 37
428 44
428 444
428 477
428 485
428 490
429 9
429 229
429 269
429 436
429 477
429 489
430 42
430 235
430 415
430 429
430 436
430 485
431 336
431 441
431 467
431 468
431 471
431 496
431 499
432 180
432 263
432 340
432 473
432 483
432 498
433 45
433 46
433 54
433 470
433 484
433 493
434 336
434 370
434 461
434 488
434 496
434 499
435 157
435 364
435 376
435 437
435 480
435 498
436 150
436 281
436 287
436 444
436 490
436 497
437 218
437 263
437 280
437 303
437 389
437 453
438 17
438 262
438 279
438 386
438 439
438 495
439 73
439 218
439 243
439 344
439 381
439 480
440 156
440 158
440 171
440 254
440 285
440 454
441 375
441 420
441 463
441 476
441 498
441 499
442 363
442 365
442 439
442 458
442 484
442 499
443 198
443 313
443 364
443 372
443 398
443 440
444 39
444 114
444 428
444 436
444 489
444 497
445 99
445 190
445 426
445 431
445 478
445 499
446 20
446 146
446 148
446 217
446 366
446 459
447 47
447 69
447 151
447 224
447 353
447 481
448 160
448 245
448 366
448 484
448 494
448 499
449 88
449 256
449 305
449 360
449 433
449 493
450 163
450 190
450 230
450 283
450 319
450 445
450 496
450 498
450 499
451 228
451 271
451 311
451 413
451 443
451 458
452 382
452 395
452 424
452 441
452 447
452 498
453 183
453 275
453 320
453 430
453 457
453 483
454 168
454 285
454 313
454 350
454 413
454 443
455 36
455 336
455 431
455 476
455 496
455 498
456 7
456 91
456 431
456 467
456 498
456 499
457 195
457 257
457 314
457 387
457 465
457 489
458 117
458 198
458 224
458 345
458 355
458 440
459 30
459 35
459 287
459 384
459 423
459 443
460 172
460 302
460 456
460 476
460 496
460 499
461 375
461 403
461 420
461 450
461 464
461 476
462 324
462 330
462 335
462 341
462 393
462 493
463 298
463 441
463 470
463 496
463 498
463 499
464 36
464 323
464 396
464 467
464 496
464 498
464 499
465 134
465 145
465 150
465 338
465 406
465 492
466 254
466 331
466 342
466 438
466 491
466 495
467 77
467 163
467 199
467 298
467 476
467 496
467 499
468 55
468 70
468 172
468 434
468 445
468 498
468 499
469 60
469 183
469 327
469 468
469 483
469 492
470 6
470 368
470 379
470 464
470 498
470 499
471 70
471 420
471 456
471 464
471 496
471 498
471 499
472 216
472 357
472 358
472 466
472 474
472 482
473 8
473 273
473 280
473 307
473 439
473 487
474 86
474 139
474 173
474 317
474 343
474 358
475 197
475 257
475 340
475 413
475 435
475 487
476 379
476 420
476 455
476 470
476 478
476 488
476 498
477 242
477 436
477 447
477 481
477 489
477 490
478 6
478 21
478 168
478 265
478 461
478 471
478 496
479 158
479 296
479 306
479 373
479 389
479 448
480 108
480 258
480 295
480 348
480 479
480 487
481 121
481 213
481 400
481 485
481 490
481 497
482 54
482 92
482 327
482 366
482 440
482 492
483 390
483 432
483 453
483 457
483 465
483 493
484 33
484 57
484 194
484 296
484 462
484 494
485 101
485 150
485 281
485 311
485 444
485 490
486 57
486 84
486 170
486 196
486 380
486 393
487 73
487 113
487 322
487 419
487 437
487 462
488 337
488 368
488 379
488 412
488 464
488 498
489 16
489 31
489 42
489 121
489 467
489 490
490 397
490 428
490 436
490 460
490 481
490 485
491 237
491 261
491 307
491 333
491 474
491 495
492 43
492 296
492 378
492 405
492 406
492 490
493 80
493 83
493 141
493 351
493 425
493 486
494 140
494 264
494 363
494 479
494 484
494 493
495 5
495 12
495 98
495 371
495 474
495 490
496 163
496 370
496 412
496 445
496 467
496 478
496 498
496 499
497 225
497 397
497 424
497 430
497 481
497 489
498 347
498 360
498 455
498 463
498 496
498 499
499 2
499 118
499 208
499 210
499 455
499 461
499 463
