1	66
1	148
1	190
1	270
1	289
1	326
1	377
1	387
1	390
1	456
1	468
1	492
2	53
2	195
2	231
2	264
2	374
2	407
2	432
2	438
2	461
2	490
2	498
2	499
3	82
3	283
3	292
3	311
3	313
3	365
3	386
3	406
3	424
3	435
3	438
3	493
4	70
4	95
4	180
4	330
4	358
4	415
4	431
4	438
4	449
4	451
4	459
4	483
5	191
5	239
5	291
5	403
5	425
5	432
5	433
5	445
5	471
5	496
5	497
5	499
6	47
6	51
6	255
6	287
6	412
6	428
6	436
6	444
6	445
6	476
6	478
6	494
7	90
7	150
7	241
7	337
7	404
7	433
7	445
7	463
7	469
7	470
7	497
7	499
8	35
8	268
8	321
8	373
8	375
8	399
8	408
8	437
8	446
8	483
8	490
8	498
9	61
9	96
9	109
9	204
9	260
9	281
9	382
9	384
9	426
9	464
9	493
9	494
10	18
10	48
10	192
10	252
10	287
10	308
10	376
10	392
10	401
10	461
10	470
10	494
11	156
11	275
11	298
11	319
11	371
11	373
11	409
11	420
11	427
11	466
11	483
11	500
12	62
12	81
12	266
12	351
12	357
12	381
12	385
12	405
12	423
12	476
12	496
12	500
13	69
13	107
13	128
13	218
13	285
13	363
13	410
13	411
13	415
13	468
13	474
13	500
14	146
14	149
14	160
14	177
14	289
14	303
14	379
14	394
14	398
14	402
14	405
14	493
15	45
15	79
15	114
15	161
15	203
15	317
15	353
15	430
15	433
15	471
15	499
15	500
16	156
16	244
16	269
16	342
16	354
16	400
16	403
16	434
16	459
16	485
16	496
16	500
17	38
17	164
17	172
17	219
17	222
17	376
17	382
17	412
17	452
17	461
17	483
17	486
18	83
18	92
18	160
18	202
18	220
18	283
18	322
18	412
18	477
18	478
18	487
18	494
19	23
19	163
19	222
19	296
19	338
19	353
19	361
19	401
19	443
19	486
19	489
19	498
20	74
20	106
20	127
20	161
20	284
20	410
20	454
20	469
20	474
20	490
20	496
20	500
21	24
21	256
21	327
21	401
21	408
21	418
21	432
21	452
21	455
21	456
21	486
21	497
22	87
22	105
22	187
22	226
22	253
22	278
22	285
22	316
22	394
22	425
22	461
22	498
23	30
23	86
23	142
23	206
23	301
23	343
23	396
23	427
23	436
23	449
23	466
23	499
24	38
24	203
24	280
24	292
24	369
24	388
24	438
24	447
24	477
24	481
24	492
24	500
25	168
25	223
25	318
25	327
25	387
25	434
25	455
25	480
25	490
25	495
25	496
25	500
26	27
26	80
26	262
26	274
26	308
26	337
26	374
26	375
26	461
26	475
26	484
26	498
27	9
27	61
27	138
27	283
27	292
27	295
27	303
27	342
27	455
27	460
27	493
27	495
28	64
28	117
28	197
28	210
28	400
28	411
28	414
28	455
28	465
28	488
28	496
28	500
29	57
29	167
29	178
29	236
29	253
29	297
29	399
29	436
29	448
29	460
29	465
29	490
30	5
30	72
30	101
30	151
30	172
30	185
30	339
30	463
30	470
30	471
30	497
30	499
31	66
31	205
31	260
31	378
31	389
31	418
31	442
31	463
31	475
31	480
31	481
31	495
32	98
32	232
32	235
32	299
32	309
32	359
32	360
32	405
32	411
32	496
32	499
32	500
33	29
33	129
33	222
33	265
33	327
33	403
33	412
33	448
33	476
33	480
33	490
33	496
34	264
34	402
34	404
34	412
34	424
34	435
34	474
34	475
34	485
34	490
34	493
34	494
35	99
35	180
35	239
35	273
35	293
35	306
35	368
35	421
35	456
35	483
35	488
35	497
36	32
36	188
36	291
36	299
36	334
36	346
36	351
36	445
36	457
36	460
36	479
36	481
37	57
37	88
37	140
37	319
37	367
37	432
37	446
37	456
37	468
37	482
37	491
37	492
38	207
38	264
38	370
38	397
38	457
38	459
38	472
38	477
38	481
38	486
38	493
38	499
39	95
39	269
39	372
39	410
39	428
39	459
39	472
39	474
39	488
39	495
39	496
39	500
40	71
40	255
40	304
40	415
40	433
40	470
40	480
40	482
40	485
40	490
40	497
40	499
41	84
41	116
41	120
41	145
41	317
41	361
41	385
41	387
41	390
41	452
41	492
41	496
42	170
42	301
42	319
42	397
42	398
42	431
42	464
42	466
42	486
42	487
42	496
42	497
43	25
43	158
43	324
43	384
43	406
43	409
43	440
43	448
43	450
43	482
43	484
43	490
44	29
44	31
44	43
44	296
44	313
44	338
44	345
44	356
44	376
44	458
44	484
44	500
45	89
45	231
45	244
45	304
45	388
45	425
45	460
45	469
45	471
45	479
45	496
45	499
46	50
46	98
46	326
46	389
46	453
46	463
46	467
46	490
46	491
46	497
46	499
46	500
47	144
47	252
47	311
47	342
47	384
47	392
47	397
47	410
47	457
47	478
47	486
47	491
48	109
48	121
48	207
48	265
48	320
48	376
48	382
48	386
48	457
48	486
48	494
48	498
49	176
49	244
49	286
49	288
49	380
49	381
49	448
49	459
49	465
49	480
49	489
49	496
50	198
50	224
50	346
50	389
50	437
50	463
50	465
50	482
50	489
50	491
50	496
50	500
51	68
51	165
51	216
51	274
51	312
51	352
51	422
51	454
51	473
51	491
51	495
51	500
52	88
52	111
52	157
52	300
52	320
52	340
52	385
52	399
52	430
52	444
52	475
52	498
53	79
53	132
53	190
53	219
53	344
53	382
53	420
53	471
53	490
53	494
53	498
53	500
54	37
54	68
54	124
54	140
54	171
54	173
54	212
54	245
54	291
54	305
54	415
54	486
55	18
55	34
55	102
55	176
55	294
55	400
55	416
55	424
55	441
55	478
55	483
55	494
56	85
56	134
56	237
56	288
56	302
56	390
56	414
56	477
56	479
56	481
56	491
56	492
57	71
57	167
57	266
57	298
57	306
57	316
57	333
57	400
57	454
57	462
57	484
57	498
58	75
58	155
58	187
58	285
58	374
58	444
58	450
58	478
58	485
58	491
58	492
58	498
59	174
59	200
59	206
59	215
59	350
59	359
59	379
59	388
59	420
59	422
59	427
59	483
60	97
60	156
60	248
60	250
60	283
60	377
60	425
60	460
60	469
60	477
60	490
60	499
61	235
61	259
61	269
61	294
61	295
61	411
61	441
61	442
61	457
61	464
61	483
61	486
62	117
62	121
62	260
62	318
62	401
62	435
62	479
62	489
62	491
62	495
62	497
62	500
63	46
63	213
63	277
63	348
63	360
63	364
63	411
63	450
63	464
63	467
63	474
63	500
64	9
64	18
64	220
64	234
64	287
64	349
64	410
64	414
64	478
64	495
64	496
64	500
65	129
65	131
65	240
65	246
65	298
65	327
65	374
65	414
65	448
65	472
65	491
65	494
66	128
66	263
66	327
66	374
66	391
66	418
66	439
66	442
66	447
66	451
66	456
66	499
67	148
67	166
67	297
67	334
67	390
67	423
67	430
67	451
67	469
67	479
67	485
67	499
68	27
68	124
68	168
68	184
68	195
68	348
68	377
68	414
68	474
68	483
68	498
68	500
69	90
69	110
69	272
69	385
69	398
69	402
69	417
69	435
69	461
69	484
69	498
69	499
70	42
70	135
70	273
70	278
70	323
70	389
70	407
70	454
70	458
70	483
70	484
70	487
71	44
71	157
71	211
71	353
71	383
71	437
71	443
71	444
71	461
71	472
71	492
71	500
72	36
72	108
72	162
72	172
72	214
72	221
72	247
72	266
72	359
72	406
72	459
72	500
73	13
73	126
73	205
73	258
73	286
73	381
73	416
73	459
73	465
73	472
73	476
73	496
74	3
74	94
74	121
74	127
74	215
74	293
74	392
74	395
74	422
74	461
74	464
74	492
75	129
75	276
75	370
75	382
75	417
75	433
75	450
75	465
75	482
75	484
75	490
75	498
76	40
76	264
76	271
76	282
76	290
76	295
76	322
76	406
76	452
76	484
76	490
76	494
77	92
77	108
77	263
77	291
77	324
77	364
77	408
77	430
77	437
77	444
77	482
77	498
78	28
78	32
78	208
78	266
78	270
78	312
78	357
78	360
78	387
78	394
78	476
78	500
79	138
79	176
79	250
79	393
79	402
79	416
79	442
79	452
79	459
79	464
79	493
79	500
80	189
80	209
80	248
80	271
80	335
80	336
80	396
80	401
80	442
80	447
80	468
80	477
81	63
81	107
81	259
81	266
81	335
81	463
81	465
81	467
81	476
81	489
81	499
81	500
82	90
82	178
82	189
82	208
82	233
82	332
82	336
82	378
82	436
82	443
82	447
82	492
83	53
83	209
83	283
83	305
83	428
83	431
83	434
83	452
83	457
83	482
83	488
83	494
84	62
84	80
84	89
84	143
84	246
84	310
84	363
84	380
84	400
84	473
84	497
84	499
85	112
85	153
85	214
85	222
85	272
85	320
85	399
85	407
85	410
85	444
85	448
85	484
86	21
86	296
86	333
86	349
86	356
86	427
86	463
86	480
86	488
86	490
86	495
86	500
87	94
87	260
87	289
87	295
87	323
87	372
87	388
87	391
87	474
87	481
87	495
87	498
88	20
88	54
88	164
88	207
88	226
88	372
88	414
88	442
88	456
88	467
88	468
88	498
89	97
89	231
89	355
89	380
89	404
89	425
89	438
89	479
89	485
89	497
89	498
89	499
90	87
90	189
90	210
90	362
90	369
90	449
90	454
90	456
90	490
90	492
90	493
90	500
91	163
91	238
91	241
91	265
91	282
91	406
91	457
91	468
91	470
91	472
91	479
91	499
92	64
92	76
92	87
92	166
92	183
92	357
92	376
92	412
92	482
92	493
92	494
92	497
93	55
93	96
93	141
93	168
93	192
93	194
93	289
93	340
93	426
93	470
93	475
93	493
94	41
94	54
94	103
94	261
94	280
94	349
94	355
94	420
94	464
94	468
94	477
94	495
95	243
95	245
95	304
95	332
95	356
95	380
95	433
95	473
95	492
95	498
95	499
95	500
96	6
96	9
96	21
96	93
96	189
96	204
96	227
96	270
96	292
96	302
96	310
96	433
97	2
97	106
97	143
97	155
97	190
97	368
97	442
97	445
97	452
97	476
97	479
97	499
98	62
98	117
98	286
98	299
98	350
98	379
98	383
98	389
98	419
98	423
98	433
98	489
99	88
99	120
99	315
99	343
99	399
99	431
99	435
99	443
99	451
99	458
99	483
99	491
100	133
100	185
100	194
100	216
100	233
100	290
100	297
100	311
100	332
100	393
100	420
100	464
101	42
101	231
101	343
101	352
101	368
101	396
101	420
101	464
101	485
101	487
101	488
101	493
102	4
102	182
102	207
102	339
102	384
102	424
102	457
102	479
102	486
102	487
102	493
102	497
103	230
103	233
103	288
103	337
103	418
103	442
103	446
103	456
103	465
103	482
103	492
103	495
104	153
104	175
104	250
104	364
104	375
104	383
104	436
104	450
104	479
104	481
104	490
104	498
105	144
105	166
105	213
105	257
105	319
105	416
105	429
105	478
105	486
105	490
105	494
105	497
106	40
106	143
106	311
106	405
106	415
106	439
106	451
106	479
106	489
106	492
106	497
106	499
107	13
107	20
107	136
107	139
107	159
107	277
107	364
107	426
107	491
107	494
107	495
107	500
108	13
108	80
108	94
108	193
108	212
108	363
108	390
108	469
108	473
108	481
108	492
108	500
109	101
109	113
109	125
109	231
109	326
109	380
109	390
109	413
109	420
109	466
109	483
109	487
110	52
110	195
110	267
110	300
110	373
110	374
110	430
110	462
110	463
110	491
110	498
110	500
111	255
111	259
111	301
111	347
111	381
111	421
111	439
111	452
111	455
111	491
111	496
111	500
112	308
112	356
112	382
112	393
112	427
112	432
112	436
112	441
112	443
112	483
112	496
112	498
113	23
113	100
113	290
113	340
113	375
113	380
113	398
113	413
113	427
113	452
113	497
113	499
114	30
114	163
114	188
114	355
114	359
114	465
114	468
114	469
114	470
114	490
114	491
114	499
115	58
115	165
115	196
115	327
115	340
115	408
115	432
115	450
115	451
115	470
115	496
115	498
116	2
116	35
116	178
116	196
116	272
116	353
116	385
116	432
116	450
116	461
116	496
116	499
117	186
117	212
117	254
117	339
117	347
117	352
117	382
117	423
117	467
117	488
117	498
117	500
118	33
118	53
118	201
118	324
118	426
118	452
118	456
118	478
118	491
118	493
118	494
118	497
119	18
119	126
119	258
119	362
119	366
119	418
119	421
119	457
119	465
119	467
119	491
119	500
120	230
120	273
120	298
120	381
120	392
120	422
120	449
120	466
120	487
120	488
120	489
120	500
121	103
121	239
121	273
121	348
121	421
121	430
121	431
121	462
121	464
121	468
121	487
121	497
122	6
122	49
122	61
122	143
122	215
122	232
122	243
122	282
122	397
122	493
122	498
122	500
123	35
123	45
123	161
123	261
123	358
123	428
123	429
123	431
123	462
123	464
123	483
123	487
124	21
124	49
124	66
124	68
124	189
124	380
124	387
124	447
124	467
124	477
124	489
124	492
125	66
125	200
125	264
125	285
125	294
125	312
125	326
125	416
125	423
125	444
125	474
125	491
126	179
126	220
126	258
126	321
126	366
126	405
126	408
126	448
126	490
126	491
126	496
126	500
127	287
127	294
127	321
127	363
127	367
127	395
127	465
127	467
127	473
127	488
127	496
127	500
128	202
128	278
128	355
128	383
128	412
128	452
128	472
128	481
128	493
128	495
128	497
128	499
129	154
129	236
129	275
129	277
129	291
129	348
129	392
129	468
129	469
129	472
129	495
129	500
130	42
130	100
130	121
130	246
130	247
130	335
130	384
130	391
130	392
130	414
130	427
130	464
131	24
131	56
131	130
131	208
131	229
131	230
131	333
131	367
131	371
131	388
131	479
131	488
132	4
132	58
132	94
132	251
132	308
132	356
132	432
132	441
132	443
132	453
132	490
132	500
133	26
133	108
133	186
133	198
133	237
133	309
133	310
133	323
133	411
133	447
133	462
133	492
134	131
134	133
134	135
134	139
134	227
134	271
134	369
134	389
134	446
134	462
134	463
134	487
135	31
135	196
135	208
135	237
135	258
135	419
135	442
135	450
135	456
135	468
135	488
135	491
136	63
136	68
136	91
136	220
136	310
136	324
136	414
136	416
136	474
136	476
136	496
136	500
137	140
137	152
137	173
137	221
137	309
137	316
137	345
137	370
137	381
137	430
137	477
137	492
138	19
138	166
138	192
138	290
138	386
138	397
138	446
138	448
138	452
138	482
138	493
138	494
139	152
139	216
139	369
139	372
139	387
139	400
139	442
139	451
139	468
139	473
139	493
139	495
140	126
140	139
140	205
140	261
140	280
140	305
140	359
140	446
140	477
140	490
140	493
140	498
141	239
141	256
141	313
141	348
141	393
141	398
141	413
141	422
141	442
141	458
141	464
141	472
142	19
142	56
142	59
142	279
142	344
142	407
142	417
142	441
142	482
142	489
142	490
142	500
143	9
143	15
143	40
143	84
143	206
143	307
143	390
143	415
143	471
143	484
143	497
143	499
144	57
144	77
144	155
144	219
144	329
144	386
144	397
144	468
144	478
144	486
144	493
144	494
145	162
145	211
145	305
145	309
145	355
145	362
145	367
145	399
145	421
145	447
145	456
145	458
146	117
146	251
146	256
146	331
146	425
146	448
146	453
146	475
146	493
146	496
146	498
146	500
147	84
147	91
147	232
147	276
147	328
147	355
147	469
147	481
147	485
147	497
147	499
147	500
148	147
148	263
148	325
148	379
148	393
148	425
148	436
148	445
148	471
148	473
148	497
148	499
149	83
149	119
149	131
149	195
149	290
149	302
149	394
149	395
149	437
149	483
149	485
149	500
150	40
150	67
150	99
150	161
150	339
150	380
150	403
150	453
150	485
150	495
150	499
150	500
151	147
151	149
151	203
151	291
151	335
151	378
151	434
151	460
151	470
151	485
151	491
151	499
152	56
152	131
152	233
152	305
152	316
152	338
152	373
152	376
152	437
152	468
152	481
152	491
153	8
153	297
153	306
153	320
153	344
153	356
153	364
153	419
153	466
153	481
153	491
153	493
154	141
154	227
154	298
154	315
154	398
154	421
154	446
154	453
154	458
154	465
154	484
154	500
155	98
155	156
155	181
155	250
155	265
155	453
155	469
155	473
155	495
155	497
155	499
155	500
156	14
156	241
156	328
156	415
156	421
156	445
156	471
156	472
156	473
156	485
156	497
156	499
157	29
157	120
157	318
157	329
157	330
157	383
157	419
157	440
157	443
157	450
157	461
157	484
158	19
158	29
158	79
158	115
158	372
158	409
158	462
158	482
158	486
158	490
158	498
158	499
159	63
159	272
159	296
159	304
159	330
159	383
159	409
159	418
159	477
159	482
159	496
159	498
160	109
160	170
160	180
160	298
160	307
160	314
160	394
160	397
160	427
160	487
160	492
160	494
161	5
161	41
161	78
161	141
161	156
161	190
161	268
161	346
161	460
161	480
161	497
161	499
162	146
162	165
162	174
162	252
162	340
162	400
162	410
162	417
162	426
162	465
162	491
162	500
163	7
163	98
163	134
163	151
163	238
163	248
163	254
163	408
163	423
163	458
163	460
163	499
164	247
164	360
164	369
164	391
164	484
164	486
164	487
164	489
164	491
164	495
164	496
164	500
165	81
165	192
165	226
165	242
165	322
165	423
165	440
165	469
165	482
165	484
165	488
165	500
166	8
166	34
166	151
166	156
166	193
166	276
166	340
166	382
166	397
166	416
166	457
166	462
167	52
167	60
167	132
167	251
167	277
167	297
167	344
167	407
167	443
167	494
167	498
167	499
168	50
168	113
168	223
168	342
168	359
168	396
168	405
168	419
168	454
168	487
168	489
168	500
169	110
169	172
169	218
169	238
169	316
169	417
169	451
169	461
169	462
169	477
169	484
169	490
170	20
170	184
170	211
170	265
170	354
170	362
170	435
170	476
170	480
170	494
170	496
170	500
171	6
171	134
171	216
171	225
171	228
171	317
171	386
171	436
171	460
171	477
171	478
171	497
172	50
172	101
172	107
172	199
172	281
172	299
172	366
172	438
172	459
172	488
172	494
172	500
173	54
173	205
173	289
173	343
173	372
173	388
173	410
173	431
173	477
173	492
173	495
173	496
174	14
174	41
174	124
174	133
174	197
174	265
174	313
174	424
174	439
174	468
174	486
174	492
175	101
175	270
175	392
175	396
175	397
175	420
175	458
175	466
175	473
175	485
175	487
175	497
176	32
176	73
176	130
176	152
176	318
176	338
176	347
176	412
176	435
176	439
176	496
176	500
177	7
177	48
177	151
177	234
177	243
177	268
177	328
177	445
177	453
177	485
177	497
177	499
178	2
178	142
178	381
178	385
178	439
178	443
178	453
178	474
178	484
178	490
178	498
178	500
179	6
179	75
179	83
179	180
179	320
179	397
179	434
179	441
179	452
179	479
179	486
179	494
180	56
180	130
180	302
180	316
180	319
180	325
180	350
180	395
180	398
180	420
180	444
180	483
181	49
181	71
181	126
181	381
181	391
181	452
181	472
181	475
181	478
181	485
181	498
181	500
182	79
182	122
182	221
182	273
182	313
182	320
182	398
182	428
182	431
182	478
182	493
182	494
183	92
183	105
183	295
183	345
183	346
183	366
183	384
183	406
183	428
183	436
183	493
183	494
184	39
184	78
184	164
184	181
184	210
184	321
184	354
184	360
184	377
184	489
184	496
184	500
185	14
185	85
185	121
185	282
185	293
185	323
185	331
185	464
185	483
185	487
185	494
185	499
186	299
186	366
186	372
186	388
186	422
186	455
186	465
186	467
186	470
186	485
186	495
186	500
187	74
187	112
187	131
187	297
187	324
187	330
187	338
187	389
187	476
187	490
187	492
187	498
188	24
188	64
188	190
188	191
188	238
188	250
188	396
188	415
188	439
188	487
188	496
188	499
189	81
189	134
189	174
189	237
189	289
189	299
189	356
189	357
189	446
189	447
189	451
189	462
190	97
190	143
190	361
190	383
190	385
190	448
190	459
190	473
190	485
190	491
190	497
190	499
191	96
191	203
191	309
191	348
191	355
191	361
191	366
191	430
191	453
191	473
191	497
191	500
192	182
192	206
192	252
192	292
192	412
192	429
192	445
192	452
192	454
192	459
192	486
192	494
193	53
193	122
193	144
193	230
193	282
193	338
193	376
193	384
193	389
193	410
193	424
193	439
194	109
194	122
194	123
194	209
194	267
194	303
194	394
194	421
194	451
194	483
194	494
194	495
195	108
195	169
195	251
195	274
195	279
195	322
195	378
195	432
195	436
195	455
195	476
195	484
196	140
196	338
196	380
196	386
196	408
196	409
196	444
196	461
196	470
196	484
196	498
196	500
197	25
197	241
197	263
197	276
197	301
197	425
197	440
197	456
197	472
197	479
197	491
197	500
198	123
198	212
198	246
198	364
198	387
198	388
198	392
198	431
198	446
198	468
198	492
198	499
199	33
199	55
199	181
199	335
199	336
199	350
199	400
199	405
199	427
199	440
199	461
199	488
200	145
200	164
200	192
200	224
200	229
200	366
200	373
200	389
200	438
200	466
200	498
200	500
201	193
201	240
201	269
201	377
201	391
201	402
201	407
201	456
201	487
201	493
201	494
201	499
202	56
202	145
202	309
202	347
202	367
202	369
202	376
202	402
202	433
202	456
202	468
202	478
203	95
203	245
203	255
203	291
203	300
203	328
203	409
203	468
203	471
203	472
203	476
203	497
204	3
204	10
204	34
204	197
204	251
204	257
204	386
204	404
204	438
204	478
204	484
204	493
205	82
205	208
205	221
205	390
205	417
205	444
205	447
205	477
205	481
205	485
205	493
205	499
206	23
206	136
206	251
206	261
206	293
206	307
206	427
206	449
206	471
206	487
206	488
206	500
207	40
207	102
207	184
207	199
207	249
207	268
207	295
207	339
207	379
207	406
207	478
207	493
208	1
208	7
208	123
208	206
208	336
208	362
208	369
208	387
208	398
208	413
208	471
208	499
209	38
209	48
209	242
209	257
209	311
209	320
209	328
209	367
209	439
209	491
209	494
210	13
210	16
210	236
210	262
210	363
210	408
210	463
210	475
210	480
210	491
210	500
211	37
211	137
211	261
211	288
211	336
211	399
211	400
211	470
211	481
211	492
211	500
212	234
212	263
212	288
212	378
212	394
212	401
212	418
212	446
212	474
212	476
212	492
213	30
213	177
213	185
213	207
213	334
213	343
213	351
213	460
213	469
213	491
213	497
214	234
214	302
214	326
214	354
214	384
214	441
214	457
214	475
214	488
214	491
214	494
215	4
215	54
215	116
215	123
215	146
215	278
215	279
215	393
215	458
215	466
215	487
216	8
216	21
216	31
216	169
216	266
216	295
216	309
216	365
216	418
216	498
216	499
217	59
217	115
217	143
217	298
217	303
217	352
217	371
217	422
217	469
217	487
217	498
218	113
218	275
218	333
218	348
218	357
218	448
218	482
218	489
218	495
218	499
218	500
219	10
219	111
219	235
219	252
219	304
219	353
219	363
219	404
219	412
219	483
219	486
220	327
220	352
220	358
220	368
220	372
220	391
220	414
220	438
220	474
220	482
220	489
221	106
221	108
221	137
221	174
221	202
221	260
221	304
221	353
221	464
221	496
221	500
222	33
222	85
222	260
222	283
222	323
222	340
222	370
222	408
222	432
222	484
222	498
223	197
223	234
223	296
223	349
223	354
223	426
223	440
223	455
223	475
223	496
223	499
224	10
224	181
224	281
224	334
224	454
224	476
224	489
224	491
224	495
224	499
224	500
225	151
225	274
225	367
225	372
225	375
225	466
225	484
225	486
225	488
225	489
225	492
226	132
226	194
226	284
226	401
226	409
226	419
226	482
226	486
226	490
226	498
226	500
227	129
227	153
227	164
227	209
227	220
227	252
227	336
227	480
227	489
227	490
227	500
228	80
228	88
228	124
228	135
228	171
228	236
228	418
228	454
228	478
228	481
228	497
229	5
229	234
229	301
229	343
229	391
229	459
229	474
229	488
229	489
229	491
229	500
230	24
230	82
230	171
230	257
230	293
230	349
230	450
230	455
230	486
230	492
230	500
231	11
231	123
231	253
231	282
231	392
231	429
231	441
231	449
231	451
231	461
231	500
232	76
232	118
232	179
232	271
232	313
232	319
232	329
232	395
232	457
232	493
232	500
233	11
233	16
233	147
233	312
233	336
233	337
233	390
233	413
233	488
233	489
233	492
234	49
234	203
234	218
234	240
234	244
234	457
234	488
234	489
234	491
234	492
234	500
235	144
235	209
235	237
235	242
235	397
235	404
235	420
235	427
235	474
235	478
235	494
236	12
236	26
236	277
236	281
236	350
236	365
236	435
236	449
236	479
236	495
236	496
237	91
237	114
237	216
237	233
237	283
237	413
237	481
237	492
237	493
237	494
237	500
238	73
238	89
238	106
238	255
238	325
238	343
238	387
238	420
238	430
238	497
238	499
239	113
239	141
239	215
239	278
239	314
239	319
239	348
239	394
239	412
239	437
239	490
240	12
240	118
240	214
240	227
240	273
240	284
240	448
240	475
240	484
240	494
240	500
241	155
241	256
241	310
241	361
241	366
241	430
241	474
241	488
241	497
241	498
241	499
242	1
242	152
242	215
242	417
242	432
242	434
242	440
242	472
242	474
242	480
242	500
243	255
243	304
243	339
243	346
243	453
243	469
243	473
243	475
243	479
243	498
243	499
244	111
244	132
244	214
244	255
244	259
244	318
244	434
244	436
244	472
244	495
244	500
245	147
245	151
245	254
245	304
245	337
245	443
245	476
245	480
245	488
245	491
245	497
246	46
246	175
246	290
246	341
246	392
246	395
246	434
246	483
246	487
246	495
246	500
247	12
247	64
247	258
247	345
247	352
247	403
247	476
247	491
247	497
247	498
247	500
248	54
248	148
248	163
248	291
248	346
248	351
248	445
248	452
248	469
248	470
248	499
249	125
249	161
249	171
249	276
249	314
249	341
249	403
249	458
249	495
249	499
249	500
250	15
250	157
250	357
250	368
250	415
250	479
250	480
250	485
250	495
250	497
250	499
251	129
251	300
251	373
251	390
251	443
251	453
251	462
251	476
251	482
251	490
251	499
252	47
252	79
252	138
252	164
252	216
252	416
252	443
252	448
252	493
252	494
252	500
253	8
253	58
253	158
253	243
253	285
253	406
253	438
253	441
253	443
253	490
253	497
254	126
254	198
254	235
254	351
254	380
254	429
254	470
254	471
254	497
254	499
254	500
255	62
255	191
255	310
255	328
255	344
255	409
255	430
255	433
255	435
255	460
255	479
256	176
256	274
256	284
256	309
256	331
256	335
256	391
256	440
256	454
256	457
256	500
257	192
257	279
257	358
257	376
257	386
257	403
257	413
257	428
257	488
257	489
257	494
258	58
258	61
258	63
258	318
258	367
258	438
258	448
258	488
258	493
258	495
258	500
259	51
259	81
259	236
259	275
259	318
259	378
259	428
259	446
259	486
259	495
259	500
260	50
260	152
260	198
260	211
260	240
260	365
260	446
260	455
260	468
260	474
260	475
261	166
261	192
261	272
261	310
261	342
261	388
261	442
261	468
261	492
261	495
261	497
262	77
262	184
262	324
262	347
262	362
262	405
262	424
262	442
262	475
262	488
262	500
263	12
263	137
263	187
263	220
263	286
263	303
263	307
263	365
263	418
263	446
263	477
264	60
264	112
264	182
264	209
264	269
264	358
264	421
264	426
264	437
264	457
264	494
265	146
265	183
265	247
265	248
265	430
265	433
265	445
265	464
265	471
265	497
265	499
266	100
266	362
266	403
266	426
266	440
266	463
266	488
266	489
266	490
266	492
266	497
267	13
267	70
267	125
267	215
267	246
267	343
267	393
267	398
267	413
267	444
267	461
268	34
268	103
268	114
268	136
268	225
268	250
268	273
268	355
268	485
268	497
268	499
269	3
269	124
269	187
269	201
269	264
269	321
269	387
269	396
269	452
269	486
269	493
270	23
270	173
270	273
270	284
270	347
270	379
270	449
270	458
270	469
270	494
270	497
271	17
271	182
271	197
271	201
271	334
271	386
271	412
271	465
271	474
271	478
271	499
272	116
272	167
272	222
272	234
272	299
272	324
272	370
272	402
272	403
272	408
272	432
273	4
273	160
273	379
273	394
273	413
273	416
273	427
273	433
273	466
273	473
273	484
274	210
274	253
274	284
274	306
274	315
274	325
274	345
274	461
274	462
274	482
274	498
275	28
275	199
275	224
275	228
275	363
275	419
275	454
275	476
275	489
275	495
275	500
276	46
276	137
276	280
276	305
276	322
276	326
276	448
276	457
276	474
276	488
276	500
277	99
277	127
277	317
277	341
277	342
277	378
277	386
277	410
277	465
277	497
277	500
278	28
278	86
278	154
278	245
278	370
278	395
278	398
278	404
278	421
278	449
278	466
279	77
279	100
279	286
279	340
279	419
279	422
279	449
279	461
279	490
279	493
279	498
280	1
280	110
280	195
280	202
280	211
280	263
280	288
280	463
280	480
280	481
280	497
281	20
281	25
281	141
281	359
281	366
281	406
281	458
281	463
281	480
281	489
281	500
282	27
282	83
282	102
282	232
282	239
282	404
282	474
282	485
282	486
282	487
282	495
283	17
283	169
283	180
283	330
283	384
283	387
283	416
283	428
283	457
283	474
283	486
284	150
284	210
284	218
284	294
284	300
284	438
284	487
284	488
284	491
284	495
284	500
285	77
285	115
285	154
285	228
285	300
285	329
285	408
285	437
285	444
285	450
285	471
286	165
286	170
286	249
286	259
286	375
286	421
286	426
286	454
286	465
286	492
286	496
287	16
287	65
287	167
287	330
287	369
287	391
287	397
287	403
287	455
287	467
287	500
288	41
288	44
288	94
288	137
288	145
288	286
288	415
288	468
288	469
288	478
288	492
289	65
289	70
289	158
289	228
289	305
289	313
289	317
289	409
289	442
289	446
289	456
290	14
290	289
290	315
290	341
290	418
290	431
290	451
290	469
290	478
290	483
290	487
291	245
291	254
291	268
291	315
291	331
291	380
291	430
291	439
291	473
291	479
291	499
292	47
292	201
292	351
292	360
292	395
292	414
292	424
292	447
292	464
292	493
292	494
293	358
293	367
293	371
293	393
293	427
293	439
293	449
293	451
293	479
293	483
293	494
294	235
294	280
294	286
294	354
294	365
294	403
294	423
294	472
294	485
294	491
294	500
295	171
295	181
295	191
295	201
295	217
295	406
295	424
295	483
295	486
295	493
295	494
296	22
296	155
296	157
296	340
296	353
296	364
296	419
296	423
296	424
296	428
296	462
297	37
297	43
297	44
297	75
297	140
297	355
297	356
297	385
297	417
297	437
297	470
298	133
298	260
298	334
298	361
298	398
298	413
298	431
298	449
298	451
298	466
298	499
299	92
299	119
299	133
299	341
299	382
299	480
299	489
299	491
299	495
299	496
299	500
300	8
300	139
300	316
300	353
300	373
300	461
300	465
300	490
300	491
300	495
300	498
301	46
301	391
301	425
301	445
301	454
301	474
301	475
301	477
301	481
301	491
301	500
302	4
302	11
302	15
302	198
302	231
302	379
302	384
302	396
302	483
302	487
302	488
303	74
303	202
303	314
303	383
303	420
303	451
303	454
303	472
303	487
303	489
303	500
304	148
304	177
304	254
304	258
304	404
304	408
304	471
304	475
304	485
304	499
304	500
305	37
305	65
305	103
305	191
305	280
305	309
305	396
305	447
305	461
305	466
305	499
306	2
306	52
306	217
306	224
306	297
306	364
306	428
306	436
306	473
306	490
306	498
307	59
307	123
307	167
307	194
307	290
307	312
307	464
307	481
307	483
307	487
307	492
308	85
308	132
308	188
308	196
308	338
308	345
308	359
308	399
308	416
308	437
308	452
309	87
309	128
309	129
309	225
309	257
309	367
309	378
309	382
309	428
309	475
309	492
310	45
310	47
310	63
310	268
310	370
310	422
310	433
310	439
310	470
310	479
310	499
311	23
311	39
311	73
311	165
311	179
311	189
311	357
311	382
311	402
311	431
311	493
312	127
312	287
312	333
312	339
312	389
312	423
312	488
312	489
312	491
312	495
312	500
313	17
313	27
313	41
313	267
313	269
313	405
313	446
313	457
313	480
313	486
313	494
314	120
314	170
314	188
314	239
314	293
314	332
314	419
314	429
314	458
314	481
314	497
315	233
315	246
315	293
315	307
315	355
315	431
315	434
315	466
315	467
315	487
315	494
316	44
316	117
316	238
316	370
316	401
316	418
316	428
316	444
316	450
316	462
316	492
317	198
317	205
317	230
317	287
317	330
317	368
317	451
317	468
317	481
317	492
317	500
318	300
318	314
318	435
318	440
318	463
318	467
318	475
318	491
318	495
318	496
318	500
319	107
319	175
319	220
319	314
319	393
319	415
319	421
319	449
319	487
319	489
319	498
320	93
320	183
320	223
320	271
320	402
320	428
320	433
320	442
320	469
320	478
320	493
321	111
321	281
321	317
321	357
321	389
321	423
321	425
321	434
321	466
321	473
321	494
322	48
322	62
322	68
322	177
322	407
322	449
322	450
322	463
322	476
322	495
322	500
323	1
323	103
323	107
323	182
323	219
323	221
323	252
323	418
323	471
323	481
323	492
324	15
324	112
324	158
324	226
324	318
324	330
324	344
324	351
324	441
324	463
324	484
325	199
325	213
325	321
325	349
325	368
325	380
325	460
325	469
325	479
325	492
325	499
326	65
326	76
326	242
326	256
326	275
326	341
326	377
326	417
326	435
326	476
326	500
327	7
327	39
327	102
327	112
327	197
327	227
327	299
327	312
327	422
327	459
327	496
328	238
328	268
328	311
328	315
328	325
328	472
328	476
328	479
328	485
328	497
328	499
329	132
329	169
329	285
329	308
329	345
329	364
329	484
329	486
329	495
329	496
329	498
330	36
330	45
330	104
330	316
330	385
330	424
330	426
330	444
330	486
330	490
330	498
331	174
331	286
331	327
331	371
331	417
331	438
331	455
331	459
331	491
331	495
331	500
332	34
332	99
332	160
332	267
332	331
332	371
332	393
332	396
332	411
332	445
332	455
333	116
333	162
333	229
333	328
333	369
333	414
333	458
333	472
333	487
333	489
333	496
334	30
334	351
334	402
334	433
334	439
334	479
334	487
334	490
334	497
334	498
334	499
335	86
335	352
335	359
335	377
335	411
335	434
335	435
335	467
335	472
335	488
335	500
336	75
336	154
336	214
336	292
336	294
336	299
336	327
336	354
336	372
336	387
336	492
337	201
337	308
337	439
337	453
337	460
337	465
337	470
337	473
337	485
337	492
337	497
338	39
338	69
338	142
338	178
338	244
338	261
338	375
338	441
338	455
338	482
338	493
339	67
339	248
339	310
339	404
339	412
339	453
339	464
339	473
339	478
339	497
339	499
340	77
340	138
340	279
340	298
340	324
340	344
340	375
340	409
340	470
340	471
340	490
341	25
341	269
341	350
341	362
341	370
341	403
341	420
341	430
341	474
341	482
341	500
342	32
342	395
342	404
342	409
342	426
342	448
342	449
342	478
342	495
342	496
342	500
343	184
343	306
343	307
343	315
343	332
343	393
343	418
343	421
343	463
343	487
343	496
344	210
344	219
344	253
344	270
344	338
344	340
344	364
344	432
344	482
344	498
344	500
345	43
345	153
345	182
345	187
345	370
345	371
345	394
345	399
345	427
345	484
345	489
346	50
346	176
346	334
346	445
346	453
346	469
346	470
346	488
346	496
346	497
346	499
347	76
347	146
347	169
347	197
347	218
347	470
347	488
347	489
347	494
347	495
347	500
348	51
348	83
348	168
348	214
348	276
348	423
348	432
348	438
348	448
348	483
348	488
349	10
349	150
349	212
349	352
349	454
349	463
349	465
349	475
349	476
349	492
349	500
350	210
350	221
350	323
350	333
350	342
350	432
350	454
350	480
350	496
350	499
350	500
351	134
351	349
351	415
351	433
351	453
351	458
351	469
351	479
351	485
351	497
351	499
352	16
352	72
352	127
352	335
352	377
352	440
352	467
352	480
352	488
352	489
352	500
353	46
353	160
353	169
353	223
353	306
353	375
353	399
353	441
353	482
353	485
353	498
354	72
354	97
354	111
354	342
354	405
354	409
354	440
354	462
354	463
354	466
354	500
355	213
355	241
355	334
355	337
355	339
355	390
355	405
355	423
355	445
355	469
355	499
356	142
356	158
356	271
356	408
356	436
356	441
356	443
356	447
356	455
356	481
356	496
357	199
357	320
357	322
357	424
357	438
357	450
357	453
357	463
357	474
357	479
357	500
358	110
358	130
358	171
358	206
358	302
358	347
358	362
358	363
358	371
358	413
358	487
359	136
359	157
359	184
359	262
359	410
359	447
359	476
359	483
359	494
359	495
359	500
360	30
360	39
360	349
360	366
360	434
360	435
360	462
360	463
360	476
360	477
360	500
361	104
361	368
361	374
361	425
361	453
361	470
361	471
361	473
361	497
361	498
361	499
362	33
362	253
362	312
362	377
362	410
362	455
362	475
362	484
362	491
362	499
362	500
363	29
363	281
363	331
363	338
363	349
363	358
363	362
363	434
363	463
363	494
363	500
364	157
364	159
364	186
364	226
364	296
364	377
364	449
364	467
364	482
364	498
364	500
365	183
365	198
365	326
365	418
365	422
365	442
365	447
365	456
365	471
365	494
365	496
366	86
366	119
366	196
366	244
366	301
366	377
366	445
366	480
366	489
366	499
366	500
367	42
367	96
367	158
367	277
367	303
367	328
367	411
367	454
367	481
367	495
367	497
368	5
368	67
368	91
368	95
368	329
368	416
368	469
368	495
368	497
368	498
368	499
369	31
369	59
369	90
369	122
369	219
369	228
369	243
369	262
369	475
369	480
369	500
370	26
370	104
370	251
370	378
370	401
370	444
370	480
370	488
370	490
370	498
370	500
371	119
371	130
371	217
371	288
371	314
371	379
371	424
371	431
371	449
371	487
371	496
372	128
372	152
372	241
372	317
372	419
372	440
372	447
372	463
372	468
372	477
372	496
373	167
373	293
373	375
373	419
373	437
373	460
373	462
373	466
373	482
373	486
373	498
374	110
374	153
374	199
374	272
374	279
374	315
374	336
374	375
374	407
374	444
374	480
375	47
375	115
375	330
375	345
375	352
375	371
375	373
375	441
375	488
375	496
375	498
376	3
376	257
376	282
376	306
376	375
376	393
376	447
376	450
376	460
376	493
376	494
377	33
377	73
377	82
377	256
377	276
377	369
377	373
377	395
377	435
377	456
377	459
378	135
378	193
378	232
378	280
378	281
378	314
378	336
378	388
378	402
378	477
378	492
379	229
379	236
379	256
379	358
379	383
379	418
379	429
379	431
379	451
379	456
379	465
380	118
380	262
380	265
380	339
380	351
380	360
380	361
380	430
380	479
380	488
380	499
381	65
381	137
381	205
381	350
381	368
381	459
381	464
381	480
381	487
381	495
381	500
382	52
382	207
382	305
382	372
382	386
382	402
382	452
382	478
382	493
382	497
382	500
383	229
383	302
383	360
383	409
383	419
383	436
383	441
383	462
383	466
383	482
383	484
384	76
384	105
384	118
384	127
384	397
384	402
384	436
384	447
384	486
384	495
384	498
385	71
385	195
385	263
385	407
385	417
385	441
385	447
385	471
385	475
385	490
385	498
386	55
386	136
386	183
386	193
386	274
386	292
386	404
386	454
386	459
386	486
386	494
387	32
387	173
387	354
387	365
387	378
387	414
387	441
387	453
387	454
387	481
387	492
388	28
388	139
388	212
388	224
388	263
388	333
388	342
388	392
388	450
388	493
388	499
389	78
389	149
389	247
389	253
389	361
389	381
389	438
389	476
389	477
389	495
389	496
390	88
390	173
390	260
390	323
390	388
390	399
390	446
390	477
390	489
390	497
390	500
391	22
391	69
391	200
391	242
391	333
391	358
391	360
391	455
391	472
391	476
391	500
392	113
392	144
392	175
392	180
392	187
392	201
392	206
392	332
392	444
392	462
392	466
393	185
393	188
393	200
393	203
393	250
393	270
393	314
393	319
393	379
393	394
393	429
394	66
394	113
394	120
394	149
394	343
394	451
394	464
394	473
394	498
394	499
394	500
395	160
395	194
395	334
395	427
395	429
395	449
395	459
395	466
395	482
395	483
395	500
396	35
396	270
396	390
396	395
396	408
396	421
396	458
396	470
396	477
396	495
396	500
397	55
397	122
397	162
397	219
397	283
397	360
397	411
397	424
397	440
397	491
397	492
398	120
398	154
398	278
398	285
398	307
398	396
398	440
398	455
398	481
398	483
398	500
399	115
399	178
399	214
399	417
399	436
399	444
399	447
399	485
399	493
399	496
399	498
400	11
400	223
400	245
400	264
400	275
400	417
400	435
400	455
400	465
400	475
400	499
401	196
401	222
401	308
401	373
401	453
401	467
401	479
401	489
401	490
401	498
401	500
402	43
402	58
402	114
402	118
402	232
402	247
402	374
402	406
402	428
402	440
402	493
403	102
403	204
403	208
403	236
403	322
403	426
403	438
403	470
403	495
403	496
403	500
404	27
404	204
404	268
404	269
404	288
404	289
404	424
404	486
404	493
404	494
404	497
405	37
405	181
405	223
405	294
405	335
405	479
405	488
405	489
405	495
405	498
405	500
406	18
406	125
406	138
406	175
406	232
406	412
406	443
406	478
406	486
406	489
406	494
407	69
407	89
407	110
407	138
407	297
407	329
407	345
407	356
407	379
407	383
407	472
408	159
408	279
408	296
408	306
408	399
408	411
408	429
408	447
408	457
408	483
408	490
409	159
409	257
409	337
409	374
409	398
409	413
409	417
409	427
409	482
409	484
409	498
410	44
410	51
410	73
410	170
410	199
410	200
410	208
410	322
410	487
410	499
410	500
411	224
411	249
411	324
411	331
411	400
411	405
411	415
411	429
411	455
411	466
411	489
412	96
412	241
412	333
412	376
412	382
412	416
412	423
412	467
412	478
412	482
412	486
413	204
413	249
413	319
413	325
413	343
413	388
413	427
413	431
413	451
413	480
413	496
414	172
414	223
414	248
414	276
414	332
414	354
414	365
414	468
414	491
414	495
414	500
415	245
415	310
415	346
415	420
415	453
415	471
415	481
415	485
415	497
415	499
415	500
416	20
416	84
416	93
416	118
416	257
416	275
416	313
416	406
416	457
416	461
416	486
417	26
417	128
417	205
417	329
417	377
417	432
417	442
417	462
417	467
417	484
417	498
418	150
418	174
418	312
418	323
418	365
418	394
418	426
418	473
418	477
418	491
418	492
419	93
419	329
419	374
419	399
419	401
419	416
419	437
419	451
419	473
419	478
419	482
420	53
420	109
420	149
420	202
420	217
420	349
420	391
420	421
420	422
420	429
420	476
421	5
421	74
421	194
421	228
421	249
421	270
421	392
421	413
421	491
421	492
421	498
422	16
422	81
422	159
422	168
422	217
422	302
422	371
422	420
422	466
422	487
422	496
423	55
423	112
423	284
423	287
423	347
423	389
423	391
423	430
423	480
423	490
423	500
424	22
424	117
424	166
424	292
424	301
424	311
424	416
424	478
424	486
424	493
424	500
425	150
425	307
425	368
425	410
425	435
425	441
425	446
425	473
425	485
425	497
425	499
426	64
426	114
426	207
426	229
426	230
426	267
426	296
426	454
426	475
426	489
426	496
427	124
427	144
427	246
427	267
427	394
427	413
427	450
427	473
427	483
427	495
427	500
428	10
428	97
428	271
428	320
428	362
428	369
428	404
428	476
428	493
428	496
428	499
429	130
429	175
429	302
429	303
429	307
429	365
429	376
429	405
429	443
429	445
429	449
430	278
430	399
430	415
430	433
430	435
430	439
430	459
430	470
430	485
430	497
430	499
431	121
431	142
431	178
431	267
431	344
431	406
431	425
431	429
431	458
431	464
431	483
432	26
432	116
432	354
432	383
432	441
432	477
432	484
432	487
432	490
432	491
432	498
433	36
433	275
433	337
433	395
433	425
433	439
433	441
433	466
433	471
433	479
433	500
434	119
434	218
434	331
434	426
434	435
434	437
434	448
434	480
434	483
434	489
434	495
435	126
435	168
435	277
435	347
435	400
435	438
435	458
435	475
435	493
435	496
435	500
436	85
436	200
436	324
436	373
436	374
436	401
436	456
436	467
436	491
436	498
436	500
437	19
437	22
437	69
437	109
437	148
437	285
437	300
437	367
437	393
437	408
437	443
438	70
438	93
438	135
438	172
438	186
438	317
438	350
438	474
438	480
438	496
438	500
439	104
439	191
439	254
439	361
439	398
439	425
439	453
439	470
439	497
439	499
439	500
440	247
440	280
440	308
440	322
440	326
440	357
440	469
440	472
440	488
440	491
440	495
441	281
441	347
441	370
441	409
441	436
441	450
441	460
441	461
441	462
441	490
441	496
442	12
442	105
442	134
442	140
442	225
442	366
442	378
442	460
442	477
442	481
442	484
443	17
443	22
443	128
443	274
443	308
443	407
443	429
443	436
443	461
443	492
443	498
444	57
444	71
444	104
444	222
444	326
444	356
444	407
444	459
444	475
444	481
444	490
445	177
445	237
445	243
445	332
445	335
445	361
445	407
445	415
445	485
445	497
445	499
446	211
446	262
446	323
446	325
446	434
446	437
446	456
446	461
446	469
446	492
446	496
447	21
447	25
447	82
447	202
447	216
447	279
447	318
447	350
447	361
447	477
447	481
448	111
448	125
448	240
448	258
448	301
448	407
448	459
448	465
448	491
448	493
448	494
449	59
449	141
449	185
449	186
449	258
449	267
449	358
449	396
449	458
449	471
449	488
450	159
450	242
450	296
450	432
450	478
450	482
450	485
450	490
450	495
450	498
450	500
451	70
451	145
451	332
451	341
451	371
451	396
451	414
451	429
451	446
451	464
451	487
452	179
452	264
452	328
452	341
452	384
452	426
452	440
452	445
452	479
452	494
452	500
453	36
453	277
453	355
453	439
453	471
453	473
453	485
453	494
453	495
453	497
453	499
454	31
454	72
454	240
454	254
454	305
454	335
454	346
454	381
454	455
454	478
454	500
455	42
455	170
455	196
455	259
455	349
455	417
455	434
455	467
455	487
455	496
455	500
456	6
456	51
456	90
456	193
456	272
456	317
456	365
456	385
456	442
456	445
456	446
457	38
457	48
457	297
457	402
457	410
457	431
457	478
457	483
457	486
457	494
457	498
458	72
458	154
458	213
458	225
458	392
458	395
458	403
458	422
458	429
458	451
458	497
459	17
459	226
459	326
459	336
459	341
459	359
459	403
459	410
459	411
459	467
459	492
460	19
460	265
460	344
460	346
460	350
460	386
460	430
460	439
460	473
460	497
460	499
461	179
461	195
461	226
461	266
461	292
461	300
461	306
461	401
461	443
461	448
461	490
462	135
462	353
462	383
462	389
462	401
462	436
462	437
462	477
462	482
462	492
462	498
463	28
463	49
463	119
463	284
463	294
463	295
463	421
463	454
463	475
463	492
463	494
464	149
464	217
464	231
464	244
464	248
464	356
464	401
464	458
464	484
464	487
464	500
465	1
465	67
465	136
465	405
465	426
465	450
465	459
465	460
465	475
465	495
465	500
466	14
466	43
466	74
466	101
466	218
466	303
466	358
466	422
466	458
466	468
466	498
467	163
467	215
467	242
467	262
467	321
467	442
467	475
467	480
467	488
467	493
467	500
468	87
468	89
468	133
468	145
468	225
468	230
468	422
468	477
468	481
468	489
468	500
469	15
469	60
469	150
469	177
469	240
469	243
469	425
469	484
469	485
469	496
469	499
470	61
470	84
470	95
470	115
470	155
470	334
470	425
470	431
470	460
470	493
470	497
471	36
471	78
471	106
471	147
471	161
471	339
471	440
471	473
471	479
471	497
471	499
472	2
472	86
472	125
472	153
472	186
472	262
472	426
472	432
472	477
472	491
472	495
473	60
473	325
473	331
473	368
473	434
473	439
473	470
473	496
473	498
473	499
473	500
474	146
474	173
474	266
474	331
474	341
474	350
474	352
474	419
474	440
474	487
474	488
475	38
475	200
475	312
475	411
475	414
475	423
475	425
475	449
475	496
475	498
475	500
476	147
476	225
476	357
476	363
476	400
476	449
476	465
476	472
476	481
476	487
476	496
477	52
477	108
477	254
477	321
477	360
477	378
477	424
477	489
477	492
477	493
477	500
478	9
478	92
478	183
478	204
478	235
478	290
478	388
478	413
478	444
478	457
478	494
479	7
479	351
479	354
479	415
479	439
479	445
479	453
479	456
479	460
479	472
479	497
480	67
480	98
480	185
480	229
480	333
480	342
480	411
480	443
480	455
480	458
480	495
481	131
481	221
481	228
481	259
481	372
481	381
481	390
481	442
481	492
481	497
481	498
482	116
482	238
482	351
482	352
482	353
482	385
482	407
482	419
482	437
482	450
482	462
483	11
483	35
483	100
483	332
483	363
483	420
483	429
483	437
483	438
483	480
483	488
484	75
484	142
484	162
484	212
484	274
484	330
484	385
484	460
484	482
484	490
484	495
485	3
485	45
485	203
485	255
485	287
485	325
485	328
485	337
485	460
485	477
485	489
486	24
486	122
486	193
486	209
486	311
486	384
486	428
486	448
486	467
486	493
486	500
487	99
487	194
487	217
487	272
487	278
487	315
487	400
487	412
487	422
487	464
487	500
488	249
488	303
488	321
488	363
488	434
488	444
488	454
488	480
488	491
488	495
488	499
489	162
489	204
489	239
489	327
489	411
489	434
489	438
489	467
489	471
489	480
489	488
490	57
490	259
490	374
490	409
490	419
490	437
490	474
490	484
490	489
490	493
490	500
491	190
491	294
491	301
491	346
491	364
491	400
491	440
491	488
491	492
491	495
491	500
492	80
492	224
492	261
492	345
492	379
492	407
492	433
492	457
492	467
492	476
492	500
493	311
493	313
493	404
493	406
493	423
493	424
493	428
493	452
493	485
493	497
493	500
494	105
494	235
494	271
494	282
494	387
494	416
494	452
494	471
494	490
494	493
494	499
495	78
495	179
495	237
495	249
495	298
495	348
495	359
495	376
495	472
495	489
495	496
496	163
496	176
496	227
496	256
496	316
496	329
496	357
496	414
496	443
496	474
496	499
497	60
497	91
497	148
497	165
497	213
497	233
497	304
497	325
497	381
497	471
497	473
498	139
498	261
498	329
498	344
498	373
498	417
498	450
498	462
498	486
498	490
498	494
499	114
499	188
499	211
499	213
499	337
499	446
499	456
499	460
499	474
499	493
499	497
500	227
500	293
500	295
500	348
500	353
500	397
500	459
500	468
500	472
500	474
500	496
