0 17
0 153
0 206
0 239
0 242
0 293
0 296
0 310
0 312
0 350
0 356
0 359
0 362
0 371
0 434
0 475
0 478
0 479
0 486
0 494
0 495
0 498
1 10
1 231
1 300
1 353
1 356
1 361
1 368
1 369
1 411
1 436
1 438
1 449
1 467
1 475
1 484
1 485
1 486
1 487
1 491
1 493
1 495
1 498
2 34
2 141
2 241
2 258
2 350
2 369
2 423
2 443
2 445
2 451
2 469
2 471
2 481
2 483
2 485
2 486
2 490
2 492
2 493
2 496
2 498
2 499
3 20
3 115
3 240
3 261
3 320
3 370
3 382
3 387
3 393
3 407
3 424
3 456
3 461
3 487
3 489
3 490
3 491
3 493
3 495
3 497
3 498
3 499
4 7
4 195
4 253
4 256
4 258
4 338
4 339
4 344
4 345
4 366
4 426
4 444
4 465
4 475
4 478
4 480
4 483
4 486
4 491
4 493
4 495
4 498
5 40
5 97
5 127
5 133
5 212
5 228
5 248
5 309
5 313
5 320
5 336
5 361
5 447
5 449
5 452
5 454
5 467
5 474
5 491
5 495
5 497
5 498
6 13
6 122
6 135
6 227
6 303
6 313
6 328
6 340
6 345
6 383
6 397
6 427
6 441
6 474
6 479
6 484
6 485
6 488
6 489
6 493
6 495
6 498
7 4
7 79
7 97
7 115
7 154
7 156
7 158
7 213
7 236
7 237
7 239
7 301
7 393
7 431
7 454
7 479
7 489
7 490
7 494
7 497
7 498
7 499
8 24
8 45
8 56
8 151
8 162
8 227
8 239
8 245
8 292
8 320
8 412
8 416
8 445
8 465
8 467
8 475
8 478
8 488
8 491
8 497
8 498
8 499
9 87
9 92
9 251
9 286
9 288
9 317
9 343
9 366
9 392
9 415
9 417
9 424
9 464
9 472
9 478
9 486
9 488
9 490
9 493
9 494
9 496
9 499
10 12
10 28
10 41
10 109
10 306
10 343
10 435
10 448
10 450
10 470
10 472
10 483
10 484
10 485
10 490
10 491
10 493
10 495
10 497
10 498
10 499
11 41
11 195
11 262
11 295
11 331
11 333
11 418
11 430
11 431
11 447
11 450
11 463
11 465
11 478
11 489
11 490
11 491
11 492
11 495
11 497
11 499
12 93
12 133
12 166
12 217
12 229
12 268
12 280
12 303
12 339
12 367
12 382
12 423
12 426
12 429
12 440
12 452
12 461
12 475
12 478
12 497
12 499
13 2
13 145
13 150
13 157
13 176
13 352
13 398
13 410
13 422
13 433
13 456
13 475
13 483
13 484
13 488
13 490
13 492
13 493
13 495
13 496
13 499
14 143
14 258
14 282
14 319
14 324
14 349
14 366
14 372
14 387
14 404
14 428
14 462
14 474
14 481
14 489
14 490
14 492
14 495
14 497
14 498
14 499
15 40
15 134
15 156
15 308
15 330
15 337
15 372
15 401
15 433
15 442
15 450
15 452
15 469
15 471
15 490
15 492
15 495
15 496
15 497
15 498
15 499
16 20
16 65
16 140
16 196
16 212
16 249
16 273
16 388
16 425
16 435
16 436
16 444
16 460
16 466
16 484
16 486
16 488
16 489
16 495
16 498
16 499
17 106
17 164
17 212
17 279
17 285
17 304
17 312
17 360
17 366
17 376
17 434
17 445
17 448
17 460
17 467
17 479
17 482
17 483
17 492
17 493
17 498
18 55
18 76
18 104
18 162
18 172
18 180
18 206
18 232
18 247
18 258
18 367
18 415
18 423
18 441
18 462
18 470
18 476
18 484
18 496
18 498
18 499
19 84
19 109
19 260
19 325
19 342
19 345
19 348
19 351
19 423
19 426
19 437
19 439
19 452
19 478
19 479
19 484
19 487
19 493
19 494
19 496
19 498
20 55
20 139
20 287
20 326
20 333
20 350
20 387
20 429
20 431
20 439
20 448
20 476
20 481
20 488
20 489
20 492
20 493
20 494
20 495
20 498
20 499
21 152
21 251
21 319
21 321
21 364
21 386
21 388
21 416
21 438
21 443
21 446
21 453
21 463
21 466
21 484
21 486
21 487
21 490
21 494
21 495
21 498
22 62
22 112
22 175
22 195
22 239
22 252
22 269
22 282
22 290
22 439
22 444
22 454
22 463
22 465
22 474
22 481
22 484
22 493
22 495
22 496
22 498
23 30
23 50
23 201
23 207
23 293
23 298
23 383
23 391
23 427
23 438
23 446
23 447
23 459
23 469
23 470
23 472
23 475
23 491
23 497
23 499
24 21
24 32
24 70
24 100
24 134
24 179
24 260
24 266
24 355
24 392
24 423
24 442
24 446
24 458
24 465
24 485
24 489
24 491
24 495
24 496
24 498
25 225
25 264
25 267
25 280
25 295
25 341
25 343
25 403
25 419
25 429
25 448
25 457
25 465
25 466
25 468
25 485
25 487
25 491
25 493
25 495
25 496
26 193
26 270
26 344
26 346
26 384
26 388
26 398
26 455
26 458
26 467
26 469
26 473
26 474
26 479
26 487
26 491
26 493
26 495
26 496
26 497
26 499
27 223
27 261
27 283
27 301
27 340
27 347
27 385
27 399
27 412
27 425
27 431
27 440
27 453
27 454
27 460
27 478
27 480
27 493
27 496
27 498
27 499
28 15
28 80
28 100
28 129
28 148
28 161
28 173
28 245
28 261
28 283
28 391
28 411
28 431
28 464
28 484
28 492
28 493
28 496
28 497
28 498
28 499
29 59
29 77
29 188
29 192
29 201
29 274
29 418
29 421
29 424
29 433
29 452
29 459
29 466
29 473
29 474
29 478
29 484
29 493
29 495
29 496
29 498
30 88
30 123
30 232
30 313
30 321
30 324
30 359
30 369
30 377
30 405
30 422
30 455
30 466
30 479
30 480
30 483
30 484
30 493
30 495
30 498
30 499
31 8
31 35
31 50
31 87
31 149
31 184
31 272
31 357
31 364
31 366
31 410
31 412
31 423
31 475
31 481
31 488
31 493
31 495
31 497
31 498
31 499
32 22
32 28
32 113
32 155
32 158
32 223
32 249
32 257
32 281
32 312
32 358
32 375
32 456
32 472
32 479
32 482
32 483
32 491
32 497
32 498
32 499
33 6
33 22
33 66
33 209
33 230
33 280
33 335
33 338
33 402
33 404
33 410
33 429
33 439
33 446
33 469
33 472
33 481
33 482
33 485
33 490
33 498
34 85
34 102
34 183
34 202
34 233
34 247
34 266
34 293
34 349
34 364
34 410
34 427
34 439
34 440
34 465
34 469
34 483
34 494
34 495
34 497
34 498
35 9
35 28
35 109
35 118
35 177
35 183
35 281
35 317
35 339
35 419
35 426
35 462
35 470
35 485
35 487
35 490
35 491
35 495
35 496
35 497
35 499
36 26
36 118
36 216
36 254
36 289
36 317
36 344
36 347
36 400
36 414
36 439
36 457
36 471
36 486
36 489
36 491
36 492
36 496
36 497
36 498
36 499
37 18
37 115
37 147
37 230
37 251
37 270
37 284
37 294
37 325
37 342
37 358
37 377
37 379
37 398
37 433
37 450
37 460
37 473
37 495
37 498
37 499
38 7
38 47
38 146
38 155
38 195
38 227
38 249
38 262
38 358
38 407
38 435
38 438
38 442
38 450
38 458
38 474
38 485
38 489
38 498
38 499
39 98
39 132
39 162
39 203
39 299
39 331
39 346
39 365
39 399
39 435
39 440
39 442
39 451
39 453
39 455
39 457
39 478
39 482
39 493
39 495
39 498
40 16
40 30
40 118
40 168
40 229
40 248
40 266
40 327
40 339
40 372
40 403
40 472
40 475
40 480
40 482
40 484
40 486
40 487
40 494
40 498
40 499
41 12
41 20
41 79
41 188
41 252
41 266
41 284
41 292
41 329
41 346
41 356
41 364
41 415
41 424
41 441
41 462
41 485
41 487
41 496
41 497
41 499
42 22
42 197
42 276
42 307
42 323
42 335
42 356
42 362
42 448
42 459
42 461
42 465
42 469
42 473
42 475
42 484
42 486
42 490
42 492
42 497
42 499
43 26
43 29
43 53
43 172
43 231
43 371
43 406
43 407
43 417
43 423
43 445
43 453
43 454
43 456
43 469
43 476
43 488
43 489
43 490
43 497
43 499
44 71
44 189
44 203
44 243
44 255
44 261
44 359
44 401
44 403
44 417
44 445
44 446
44 449
44 478
44 479
44 482
44 483
44 485
44 490
44 497
44 499
45 13
45 107
45 176
45 231
45 239
45 308
45 342
45 344
45 420
45 443
45 445
45 453
45 454
45 464
45 466
45 478
45 484
45 485
45 487
45 495
45 498
46 75
46 238
46 268
46 286
46 288
46 312
46 315
46 331
46 360
46 367
46 383
46 412
46 416
46 459
46 468
46 469
46 487
46 492
46 498
46 499
47 112
47 142
47 179
47 394
47 399
47 401
47 424
47 427
47 428
47 434
47 436
47 442
47 445
47 449
47 466
47 473
47 475
47 481
47 486
47 495
47 498
48 121
48 125
48 234
48 308
48 309
48 334
48 353
48 374
48 457
48 468
48 472
48 474
48 475
48 481
48 490
48 494
48 496
48 497
48 498
48 499
49 34
49 83
49 101
49 110
49 225
49 238
49 297
49 309
49 329
49 333
49 411
49 436
49 447
49 457
49 477
49 486
49 488
49 491
49 493
49 494
49 498
50 5
50 46
50 126
50 190
50 247
50 252
50 289
50 363
50 418
50 433
50 449
50 460
50 464
50 473
50 486
50 490
50 491
50 494
50 497
50 499
51 27
51 140
51 150
51 162
51 231
51 315
51 363
51 369
51 428
51 440
51 453
51 456
51 466
51 474
51 486
51 489
51 493
51 496
51 497
51 499
52 30
52 72
52 98
52 139
52 160
52 317
52 338
52 411
52 440
52 447
52 449
52 451
52 457
52 479
52 480
52 481
52 494
52 495
52 498
52 499
53 10
53 68
53 77
53 119
53 124
53 221
53 254
53 301
53 325
53 373
53 384
53 385
53 430
53 448
53 453
53 470
53 475
53 483
53 496
53 499
54 9
54 100
54 101
54 238
54 242
54 267
54 303
54 352
54 399
54 401
54 421
54 435
54 436
54 478
54 481
54 490
54 492
54 493
54 495
54 498
54 499
55 5
55 47
55 57
55 170
55 284
55 342
55 366
55 389
55 414
55 415
55 448
55 459
55 465
55 470
55 471
55 487
55 493
55 497
55 498
55 499
56 58
56 132
56 151
56 215
56 261
56 314
56 329
56 332
56 375
56 379
56 392
56 403
56 409
56 421
56 480
56 485
56 494
56 495
56 496
56 498
56 499
57 51
57 78
57 96
57 184
57 340
57 356
57 376
57 435
57 447
57 456
57 461
57 483
57 484
57 488
57 489
57 492
57 495
57 496
57 497
57 499
58 4
58 47
58 73
58 96
58 114
58 117
58 128
58 158
58 173
58 290
58 340
58 357
58 396
58 433
58 449
58 486
58 487
58 494
58 495
58 498
58 499
59 115
59 174
59 204
59 219
59 254
59 314
59 324
59 332
59 351
59 388
59 390
59 406
59 429
59 463
59 464
59 475
59 479
59 482
59 495
59 498
59 499
60 46
60 87
60 146
60 157
60 214
60 268
60 322
60 338
60 355
60 397
60 411
60 430
60 440
60 445
60 451
60 454
60 465
60 482
60 486
60 495
60 498
61 48
61 122
61 178
61 182
61 197
61 233
61 239
61 295
61 327
61 348
61 394
61 401
61 439
61 455
61 489
61 490
61 491
61 492
61 498
61 499
62 1
62 90
62 241
62 265
62 357
62 386
62 387
62 423
62 445
62 454
62 457
62 462
62 464
62 466
62 478
62 483
62 487
62 494
62 495
62 497
62 498
63 3
63 72
63 76
63 176
63 293
63 315
63 369
63 385
63 405
63 435
63 439
63 476
63 479
63 482
63 483
63 489
63 493
63 496
63 497
63 499
64 50
64 52
64 82
64 140
64 270
64 319
64 339
64 355
64 365
64 385
64 390
64 436
64 465
64 471
64 473
64 485
64 491
64 493
64 495
64 496
64 499
65 12
65 19
65 114
65 180
65 254
65 286
65 327
65 370
65 432
65 440
65 441
65 444
65 461
65 463
65 475
65 482
65 485
65 487
65 494
65 495
65 498
66 26
66 160
66 285
66 324
66 343
66 348
66 370
66 405
66 431
66 440
66 454
66 466
66 475
66 486
66 491
66 492
66 495
66 496
66 497
66 498
66 499
67 83
67 111
67 244
67 259
67 265
67 304
67 330
67 387
67 389
67 416
67 424
67 428
67 444
67 451
67 454
67 464
67 478
67 484
67 490
67 496
67 498
68 49
68 154
68 244
68 314
68 317
68 347
68 348
68 350
68 381
68 405
68 412
68 442
68 446
68 448
68 463
68 465
68 476
68 491
68 497
68 499
69 38
69 92
69 152
69 172
69 213
69 290
69 313
69 369
69 386
69 408
69 421
69 434
69 478
69 486
69 487
69 491
69 493
69 494
69 495
69 498
69 499
70 85
70 148
70 236
70 283
70 294
70 340
70 343
70 407
70 416
70 419
70 430
70 437
70 467
70 476
70 478
70 481
70 482
70 487
70 491
70 493
70 498
71 35
71 181
71 203
71 268
71 272
71 276
71 277
71 296
71 310
71 314
71 343
71 356
71 421
71 425
71 470
71 479
71 480
71 491
71 493
71 499
72 1
72 117
72 185
72 188
72 336
72 367
72 412
72 428
72 435
72 447
72 473
72 482
72 487
72 489
72 491
72 492
72 493
72 495
72 497
72 498
72 499
73 31
73 61
73 80
73 159
73 214
73 292
73 323
73 333
73 414
73 430
73 433
73 443
73 446
73 456
73 481
73 485
73 491
73 495
73 497
73 499
74 0
74 28
74 81
74 85
74 116
74 150
74 186
74 272
74 280
74 362
74 386
74 392
74 425
74 445
74 447
74 452
74 472
74 482
74 483
74 495
74 498
75 35
75 53
75 254
75 348
75 425
75 427
75 438
75 439
75 444
75 459
75 461
75 479
75 486
75 490
75 492
75 494
75 497
75 498
75 499
76 52
76 114
76 115
76 139
76 145
76 273
76 280
76 355
76 357
76 411
76 438
76 448
76 458
76 464
76 473
76 480
76 484
76 496
76 497
76 498
76 499
77 32
77 153
77 154
77 164
77 166
77 193
77 207
77 228
77 365
77 395
77 424
77 430
77 442
77 453
77 472
77 477
77 480
77 482
77 483
77 484
77 493
78 38
78 202
78 209
78 241
78 306
78 341
78 363
78 397
78 430
78 432
78 436
78 456
78 463
78 482
78 483
78 490
78 492
78 496
78 497
78 498
78 499
79 1
79 20
79 56
79 158
79 177
79 207
79 230
79 310
79 354
79 363
79 374
79 388
79 402
79 434
79 470
79 486
79 488
79 489
79 493
79 495
79 499
80 18
80 61
80 90
80 91
80 153
80 177
80 206
80 229
80 236
80 259
80 402
80 404
80 445
80 458
80 479
80 487
80 491
80 493
80 494
80 495
80 498
81 76
81 128
81 290
81 311
81 317
81 373
81 375
81 406
81 421
81 427
81 429
81 434
81 473
81 474
81 481
81 486
81 492
81 496
81 497
81 499
82 19
82 31
82 118
82 278
82 283
82 287
82 307
82 310
82 326
82 371
82 422
82 457
82 470
82 479
82 480
82 488
82 490
82 493
82 497
82 498
82 499
83 3
83 100
83 197
83 204
83 269
83 323
83 334
83 362
83 373
83 378
83 398
83 420
83 427
83 430
83 447
83 474
83 483
83 493
83 494
83 495
83 498
84 157
84 185
84 229
84 281
84 386
84 388
84 395
84 399
84 415
84 439
84 454
84 457
84 471
84 473
84 476
84 483
84 490
84 495
84 497
84 499
85 1
85 34
85 53
85 122
85 178
85 201
85 210
85 215
85 235
85 263
85 314
85 386
85 416
85 423
85 435
85 436
85 447
85 474
85 493
85 495
85 498
86 38
86 46
86 89
86 165
86 167
86 171
86 180
86 278
86 283
86 319
86 329
86 340
86 421
86 451
86 461
86 464
86 466
86 478
86 483
86 495
86 498
87 91
87 128
87 172
87 365
87 381
87 399
87 404
87 414
87 420
87 421
87 427
87 442
87 454
87 473
87 477
87 482
87 483
87 491
87 496
87 497
87 499
88 23
88 35
88 105
88 199
88 339
88 342
88 388
88 412
88 428
88 431
88 438
88 446
88 485
88 489
88 491
88 492
88 493
88 496
88 498
88 499
89 7
89 23
89 94
89 184
89 225
89 254
89 318
89 355
89 368
89 375
89 383
89 453
89 465
89 478
89 484
89 485
89 492
89 495
89 498
89 499
90 72
90 88
90 118
90 120
90 141
90 143
90 151
90 167
90 217
90 255
90 263
90 322
90 355
90 410
90 426
90 443
90 496
90 497
90 498
90 499
91 56
91 78
91 89
91 165
91 179
91 196
91 288
91 302
91 377
91 410
91 431
91 438
91 446
91 462
91 465
91 473
91 484
91 487
91 490
91 499
92 36
92 55
92 91
92 130
92 141
92 375
92 398
92 401
92 451
92 456
92 461
92 469
92 476
92 477
92 483
92 486
92 490
92 494
92 497
92 499
93 35
93 43
93 59
93 61
93 163
93 226
93 232
93 281
93 320
93 432
93 453
93 455
93 468
93 481
93 490
93 494
93 496
93 497
93 499
94 13
94 37
94 129
94 251
94 317
94 375
94 381
94 387
94 397
94 416
94 443
94 451
94 462
94 476
94 482
94 489
94 493
94 497
94 499
95 25
95 38
95 52
95 72
95 158
95 167
95 233
95 389
95 395
95 406
95 414
95 419
95 420
95 428
95 463
95 471
95 472
95 488
95 490
95 491
95 499
96 56
96 101
96 145
96 264
96 311
96 351
96 361
96 380
96 423
96 424
96 429
96 458
96 467
96 476
96 490
96 493
96 497
96 498
96 499
97 11
97 23
97 265
97 322
97 340
97 359
97 361
97 376
97 400
97 458
97 459
97 464
97 473
97 490
97 491
97 496
97 497
97 498
97 499
98 19
98 70
98 139
98 147
98 161
98 165
98 167
98 233
98 240
98 243
98 294
98 317
98 329
98 449
98 457
98 478
98 487
98 494
98 497
98 499
99 23
99 49
99 112
99 124
99 125
99 171
99 189
99 334
99 378
99 385
99 394
99 395
99 413
99 427
99 432
99 465
99 487
99 488
99 491
99 494
99 498
100 113
100 140
100 184
100 212
100 296
100 333
100 368
100 404
100 420
100 421
100 433
100 455
100 456
100 464
100 468
100 472
100 496
100 497
100 499
101 5
101 7
101 19
101 34
101 123
101 140
101 164
101 295
101 333
101 389
101 397
101 405
101 406
101 420
101 441
101 448
101 474
101 485
101 491
101 493
101 495
102 204
102 215
102 241
102 252
102 290
102 305
102 356
102 417
102 438
102 442
102 445
102 461
102 477
102 478
102 485
102 488
102 489
102 497
102 499
103 17
103 144
103 182
103 184
103 244
103 330
103 331
103 353
103 390
103 423
103 441
103 456
103 474
103 475
103 483
103 485
103 486
103 490
103 491
103 495
103 498
104 36
104 114
104 145
104 156
104 193
104 313
104 328
104 375
104 394
104 408
104 425
104 433
104 456
104 466
104 487
104 496
104 497
104 498
104 499
105 221
105 231
105 282
105 285
105 291
105 308
105 332
105 426
105 463
105 468
105 476
105 479
105 481
105 482
105 493
105 496
105 497
105 498
105 499
106 49
106 65
106 68
106 124
106 262
106 315
106 357
106 407
106 434
106 441
106 454
106 457
106 471
106 472
106 478
106 483
106 484
106 486
106 491
106 495
106 496
107 0
107 18
107 124
107 153
107 189
107 207
107 307
107 354
107 370
107 383
107 399
107 400
107 413
107 442
107 453
107 467
107 487
107 491
107 493
107 494
107 498
108 141
108 150
108 157
108 209
108 228
108 270
108 294
108 335
108 351
108 366
108 389
108 405
108 418
108 431
108 469
108 486
108 489
108 497
108 499
109 18
109 46
109 72
109 187
109 219
109 296
109 318
109 369
109 409
109 421
109 428
109 445
109 458
109 464
109 473
109 489
109 492
109 496
109 497
109 498
109 499
110 7
110 155
110 266
110 275
110 284
110 293
110 321
110 414
110 427
110 443
110 444
110 460
110 480
110 482
110 490
110 495
110 496
110 497
110 499
111 2
111 86
111 126
111 171
111 173
111 204
111 277
111 325
111 373
111 401
111 406
111 437
111 467
111 472
111 481
111 486
111 489
111 493
111 495
111 497
111 498
112 119
112 186
112 215
112 235
112 309
112 328
112 378
112 385
112 410
112 447
112 452
112 476
112 483
112 484
112 491
112 494
112 495
112 496
112 497
112 498
112 499
113 29
113 46
113 51
113 94
113 97
113 168
113 258
113 305
113 330
113 411
113 418
113 472
113 482
113 488
113 489
113 491
113 496
113 497
113 498
113 499
114 183
114 214
114 272
114 299
114 300
114 316
114 361
114 366
114 405
114 432
114 451
114 454
114 467
114 474
114 475
114 481
114 482
114 484
114 495
114 498
114 499
115 58
115 244
115 256
115 301
115 382
115 383
115 385
115 401
115 431
115 441
115 452
115 465
115 471
115 481
115 488
115 494
115 495
115 496
115 497
115 499
116 23
116 28
116 81
116 87
116 130
116 200
116 295
116 340
116 351
116 366
116 396
116 404
116 405
116 426
116 461
116 467
116 482
116 483
116 491
116 495
116 498
117 12
117 158
117 299
117 327
117 344
117 353
117 362
117 374
117 385
117 391
117 413
117 429
117 462
117 473
117 480
117 493
117 494
117 497
117 498
117 499
118 0
118 4
118 60
118 106
118 137
118 155
118 180
118 259
118 317
118 345
118 367
118 400
118 404
118 405
118 434
118 460
118 462
118 481
118 491
118 493
118 498
119 206
119 222
119 225
119 233
119 237
119 282
119 326
119 376
119 413
119 415
119 477
119 486
119 487
119 488
119 489
119 492
119 493
119 495
119 497
119 498
119 499
120 15
120 30
120 135
120 171
120 191
120 235
120 260
120 269
120 290
120 291
120 297
120 329
120 364
120 408
120 410
120 411
120 447
120 463
120 482
120 497
120 499
121 62
121 105
121 181
121 333
121 357
121 384
121 398
121 425
121 426
121 443
121 455
121 459
121 464
121 469
121 481
121 488
121 495
121 497
121 499
122 54
122 188
122 205
122 260
122 289
122 302
122 324
122 360
122 399
122 419
122 421
122 429
122 458
122 460
122 461
122 473
122 490
122 491
122 493
122 495
122 498
123 45
123 86
123 181
123 246
123 279
123 315
123 317
123 347
123 350
123 383
123 392
123 395
123 416
123 444
123 466
123 480
123 482
123 490
123 491
123 495
123 498
124 42
124 56
124 160
124 194
124 212
124 226
124 322
124 357
124 373
124 381
124 406
124 422
124 428
124 447
124 462
124 465
124 478
124 482
124 493
124 494
124 498
125 16
125 24
125 99
125 132
125 150
125 224
125 296
125 338
125 340
125 343
125 400
125 401
125 451
125 452
125 455
125 460
125 469
125 478
125 487
125 495
125 498
126 70
126 96
126 201
126 203
126 273
126 313
126 319
126 346
126 376
126 395
126 414
126 416
126 423
126 431
126 444
126 467
126 469
126 474
126 485
126 487
126 498
127 64
127 96
127 134
127 142
127 154
127 155
127 182
127 187
127 287
127 343
127 386
127 395
127 414
127 422
127 443
127 445
127 451
127 478
127 492
127 494
127 498
128 32
128 183
128 308
128 350
128 372
128 424
128 450
128 462
128 471
128 477
128 482
128 486
128 490
128 492
128 493
128 496
128 497
128 498
128 499
129 52
129 316
129 323
129 358
129 369
129 414
129 416
129 424
129 427
129 431
129 432
129 437
129 453
129 474
129 478
129 483
129 487
129 493
129 494
129 498
129 499
130 32
130 67
130 106
130 190
130 194
130 251
130 297
130 308
130 337
130 370
130 379
130 397
130 398
130 404
130 454
130 467
130 468
130 486
130 493
130 495
130 498
131 89
131 166
131 168
131 172
131 234
131 238
131 283
131 299
131 344
131 347
131 385
131 419
131 450
131 472
131 475
131 483
131 487
131 493
131 494
131 498
131 499
132 21
132 48
132 57
132 62
132 65
132 73
132 74
132 115
132 187
132 191
132 216
132 236
132 241
132 336
132 358
132 368
132 377
132 484
132 491
132 498
132 499
133 16
133 27
133 31
133 45
133 137
133 172
133 198
133 288
133 346
133 408
133 461
133 463
133 470
133 472
133 479
133 482
133 495
133 497
133 498
133 499
134 76
134 144
134 167
134 208
134 209
134 219
134 336
134 358
134 364
134 380
134 381
134 396
134 432
134 454
134 473
134 490
134 494
134 495
134 499
135 79
135 121
135 125
135 148
135 156
135 162
135 233
135 307
135 316
135 396
135 418
135 424
135 470
135 471
135 483
135 484
135 488
135 496
135 497
135 499
136 33
136 71
136 186
136 215
136 247
136 257
136 261
136 278
136 282
136 320
136 417
136 422
136 434
136 436
136 441
136 453
136 476
136 493
136 494
136 495
136 498
137 12
137 66
137 108
137 159
137 230
137 259
137 262
137 274
137 301
137 303
137 354
137 364
137 379
137 477
137 485
137 495
137 496
137 497
137 499
138 8
138 68
138 101
138 182
138 192
138 229
138 327
138 354
138 383
138 401
138 441
138 454
138 470
138 478
138 481
138 492
138 494
138 497
138 499
139 84
139 194
139 209
139 252
139 325
139 419
139 449
139 456
139 457
139 458
139 461
139 471
139 482
139 485
139 492
139 495
139 497
139 498
139 499
140 121
140 234
140 244
140 252
140 348
140 374
140 378
140 379
140 414
140 455
140 457
140 460
140 472
140 481
140 488
140 489
140 490
140 491
140 497
140 499
141 32
141 149
141 271
141 300
141 310
141 324
141 377
141 389
141 403
141 448
141 461
141 470
141 475
141 481
141 483
141 492
141 494
141 496
141 499
142 12
142 33
142 36
142 116
142 126
142 136
142 192
142 198
142 259
142 281
142 381
142 404
142 437
142 447
142 449
142 453
142 484
142 487
142 491
142 494
142 498
143 58
143 119
143 139
143 176
143 194
143 211
143 242
143 288
143 382
143 426
143 440
143 475
143 479
143 480
143 487
143 488
143 496
143 497
143 499
144 105
144 177
144 201
144 249
144 295
144 326
144 336
144 350
144 391
144 455
144 457
144 474
144 479
144 484
144 491
144 496
144 497
144 498
144 499
145 43
145 106
145 134
145 144
145 161
145 226
145 286
145 312
145 433
145 436
145 441
145 443
145 450
145 488
145 489
145 493
145 496
145 497
145 499
146 8
146 44
146 55
146 158
146 187
146 232
146 271
146 325
146 338
146 351
146 476
146 481
146 485
146 492
146 494
146 495
146 496
146 497
146 499
147 40
147 113
147 136
147 156
147 236
147 288
147 307
147 322
147 334
147 335
147 390
147 449
147 450
147 455
147 460
147 463
147 476
147 492
147 497
147 498
148 11
148 14
148 16
148 51
148 128
148 153
148 202
148 203
148 320
148 365
148 422
148 432
148 454
148 463
148 475
148 477
148 485
148 496
148 497
148 499
149 82
149 110
149 193
149 233
149 293
149 413
149 424
149 430
149 460
149 467
149 473
149 476
149 480
149 487
149 488
149 491
149 494
149 496
149 498
149 499
150 66
150 278
150 298
150 312
150 335
150 352
150 358
150 363
150 373
150 375
150 390
150 398
150 453
150 464
150 486
150 491
150 493
150 495
150 497
150 498
150 499
151 7
151 28
151 99
151 122
151 235
151 297
151 300
151 376
151 403
151 443
151 451
151 471
151 476
151 487
151 489
151 492
151 495
151 497
151 498
151 499
152 81
152 153
152 218
152 273
152 277
152 288
152 302
152 322
152 361
152 390
152 417
152 444
152 445
152 450
152 468
152 478
152 483
152 487
152 493
152 497
152 499
153 59
153 114
153 224
153 250
153 302
153 322
153 395
153 411
153 437
153 450
153 462
153 475
153 480
153 483
153 484
153 487
153 489
153 493
153 494
153 495
153 498
154 137
154 267
154 299
154 317
154 322
154 387
154 390
154 396
154 414
154 422
154 428
154 432
154 435
154 462
154 464
154 474
154 478
154 479
154 485
154 498
154 499
155 83
155 146
155 174
155 264
155 267
155 366
155 374
155 383
155 408
155 425
155 432
155 459
155 476
155 478
155 488
155 489
155 495
155 496
155 498
155 499
156 72
156 77
156 120
156 148
156 166
156 252
156 258
156 319
156 320
156 331
156 389
156 412
156 427
156 438
156 490
156 491
156 492
156 496
156 498
156 499
157 33
157 42
157 261
157 263
157 298
157 309
157 349
157 389
157 391
157 432
157 435
157 462
157 467
157 473
157 488
157 489
157 494
157 496
157 497
157 499
158 2
158 149
158 169
158 179
158 188
158 375
158 385
158 409
158 448
158 454
158 456
158 459
158 465
158 473
158 476
158 478
158 489
158 491
158 494
158 497
158 499
159 107
159 234
159 254
159 327
159 346
159 365
159 418
159 422
159 432
159 471
159 472
159 474
159 482
159 489
159 490
159 496
159 497
159 499
160 48
160 138
160 193
160 246
160 365
160 378
160 401
160 408
160 409
160 424
160 452
160 460
160 469
160 471
160 481
160 492
160 495
160 497
160 498
160 499
161 79
161 200
161 218
161 289
161 296
161 356
161 401
161 402
161 444
161 460
161 470
161 486
161 488
161 489
161 494
161 495
161 496
161 497
161 498
161 499
162 44
162 96
162 104
162 210
162 237
162 250
162 253
162 345
162 400
162 415
162 434
162 462
162 463
162 470
162 474
162 480
162 487
162 489
162 494
162 497
162 499
163 11
163 55
163 74
163 90
163 207
163 265
163 276
163 352
163 364
163 396
163 399
163 408
163 422
163 438
163 448
163 454
163 457
163 474
163 491
163 493
163 498
164 1
164 16
164 27
164 78
164 127
164 175
164 205
164 277
164 297
164 336
164 420
164 446
164 452
164 468
164 469
164 476
164 487
164 492
164 494
164 499
165 49
165 51
165 74
165 102
165 134
165 211
165 358
165 359
165 360
165 413
165 448
165 469
165 471
165 476
165 485
165 489
165 492
165 493
165 495
165 496
165 499
166 69
166 89
166 97
166 125
166 177
166 219
166 251
166 273
166 321
166 399
166 414
166 436
166 463
166 465
166 469
166 476
166 482
166 483
166 486
166 495
166 498
167 34
167 42
167 104
167 130
167 199
167 278
167 359
167 372
167 380
167 391
167 403
167 415
167 434
167 435
167 482
167 486
167 491
167 494
167 495
167 498
167 499
168 112
168 117
168 127
168 167
168 200
168 229
168 354
168 360
168 379
168 385
168 413
168 428
168 450
168 462
168 468
168 484
168 487
168 489
168 491
168 495
168 498
169 145
169 148
169 245
169 263
169 328
169 341
169 370
169 376
169 397
169 402
169 406
169 437
169 445
169 453
169 455
169 461
169 483
169 484
169 490
169 491
169 499
170 59
170 94
170 209
170 224
170 254
170 257
170 266
170 271
170 285
170 321
170 374
170 415
170 420
170 436
170 442
170 443
170 453
170 459
170 464
170 491
170 498
171 182
171 204
171 218
171 276
171 331
171 356
171 392
171 393
171 396
171 407
171 447
171 463
171 470
171 474
171 482
171 483
171 489
171 493
171 494
171 495
171 496
172 7
172 64
172 126
172 188
172 257
172 275
172 332
172 396
172 412
172 441
172 455
172 460
172 466
172 472
172 483
172 487
172 490
172 491
172 494
172 499
173 187
173 219
173 255
173 259
173 268
173 302
173 316
173 324
173 335
173 393
173 400
173 411
173 412
173 415
173 440
173 442
173 448
173 485
173 490
173 491
173 498
174 0
174 49
174 159
174 238
174 247
174 291
174 299
174 311
174 341
174 350
174 393
174 432
174 433
174 464
174 474
174 485
174 488
174 493
174 495
174 498
174 499
175 100
175 143
175 161
175 335
175 374
175 421
175 425
175 446
175 454
175 459
175 469
175 479
175 489
175 492
175 494
175 495
175 496
175 497
175 499
176 2
176 75
176 146
176 228
176 325
176 329
176 339
176 386
176 413
176 425
176 431
176 438
176 449
176 457
176 486
176 489
176 492
176 496
176 497
176 499
177 161
177 301
177 318
177 335
177 342
177 348
177 352
177 390
177 411
177 438
177 470
177 472
177 473
177 477
177 488
177 489
177 494
177 496
177 497
177 499
178 133
178 185
178 198
178 215
178 243
178 269
178 292
178 364
178 385
178 393
178 426
178 432
178 447
178 462
178 463
178 477
178 479
178 492
178 493
178 499
179 33
179 82
179 85
179 120
179 152
179 186
179 328
179 386
179 406
179 413
179 434
179 437
179 454
179 465
179 470
179 472
179 484
179 488
179 493
179 498
179 499
180 6
180 14
180 83
180 97
180 107
180 214
180 270
180 329
180 336
180 370
180 373
180 411
180 451
180 472
180 486
180 488
180 489
180 491
180 493
180 498
180 499
181 65
181 192
181 268
181 286
181 346
181 371
181 381
181 409
181 418
181 442
181 450
181 461
181 477
181 480
181 481
181 489
181 490
181 492
181 497
181 499
182 3
182 100
182 105
182 212
182 224
182 250
182 361
182 366
182 399
182 400
182 453
182 460
182 489
182 490
182 492
182 494
182 496
182 497
182 498
182 499
183 64
183 79
183 135
183 136
183 222
183 284
183 328
183 340
183 376
183 379
183 434
183 450
183 467
183 477
183 479
183 483
183 484
183 486
183 487
183 495
183 498
184 28
184 152
184 198
184 267
184 282
184 321
184 326
184 336
184 344
184 372
184 387
184 443
184 469
184 479
184 486
184 489
184 490
184 492
184 495
184 497
184 499
185 68
185 123
185 160
185 258
185 266
185 272
185 413
185 446
185 448
185 465
185 469
185 472
185 487
185 488
185 492
185 493
185 496
185 497
185 499
186 197
186 201
186 202
186 222
186 235
186 291
186 322
186 365
186 402
186 430
186 440
186 455
186 474
186 478
186 487
186 492
186 493
186 494
186 497
186 498
186 499
187 27
187 44
187 208
187 211
187 283
187 334
187 356
187 399
187 407
187 428
187 458
187 466
187 485
187 488
187 489
187 495
187 496
187 497
187 499
188 245
188 252
188 285
188 309
188 347
188 377
188 401
188 433
188 439
188 449
188 456
188 477
188 479
188 490
188 492
188 494
188 497
188 498
188 499
189 23
189 48
189 102
189 131
189 233
189 279
189 296
189 327
189 347
189 380
189 389
189 420
189 473
189 478
189 481
189 492
189 495
189 496
189 498
189 499
190 6
190 15
190 164
190 208
190 278
190 295
190 306
190 331
190 353
190 370
190 390
190 417
190 450
190 453
190 462
190 468
190 471
190 489
190 490
190 499
191 43
191 123
191 133
191 176
191 236
191 338
191 352
191 391
191 394
191 398
191 412
191 421
191 427
191 441
191 463
191 464
191 468
191 476
191 483
191 495
191 498
192 13
192 148
192 211
192 312
192 330
192 340
192 360
192 424
192 446
192 460
192 474
192 477
192 483
192 485
192 489
192 493
192 496
192 497
192 498
192 499
193 46
193 57
193 101
193 109
193 125
193 205
193 352
193 364
193 400
193 402
193 425
193 439
193 446
193 474
193 475
193 482
193 485
193 494
193 495
193 498
193 499
194 111
194 121
194 229
194 245
194 250
194 263
194 286
194 321
194 360
194 411
194 428
194 442
194 451
194 453
194 460
194 464
194 476
194 486
194 487
194 489
194 493
195 26
195 40
195 122
195 138
195 143
195 167
195 179
195 238
195 240
195 254
195 255
195 292
195 332
195 418
195 460
195 478
195 485
195 491
195 495
195 498
195 499
196 36
196 88
196 120
196 233
196 253
196 295
196 379
196 396
196 405
196 416
196 449
196 473
196 481
196 489
196 492
196 495
196 496
196 497
196 499
197 54
197 59
197 104
197 314
197 320
197 362
197 378
197 388
197 408
197 422
197 449
197 468
197 472
197 479
197 494
197 495
197 497
197 498
197 499
198 4
198 165
198 216
198 361
198 369
198 388
198 407
198 414
198 417
198 427
198 438
198 441
198 479
198 480
198 486
198 488
198 490
198 495
198 496
198 499
199 47
199 98
199 122
199 163
199 180
199 267
199 392
199 402
199 448
199 465
199 468
199 469
199 475
199 476
199 483
199 493
199 494
199 495
199 496
199 498
199 499
200 39
200 86
200 135
200 221
200 248
200 316
200 327
200 329
200 346
200 356
200 371
200 376
200 384
200 387
200 393
200 404
200 405
200 433
200 493
200 495
200 498
201 23
201 109
201 131
201 231
201 245
201 277
201 324
201 378
201 412
201 422
201 439
201 442
201 457
201 460
201 466
201 468
201 487
201 492
201 493
201 494
201 498
202 140
202 270
202 329
202 342
202 373
202 377
202 386
202 408
202 415
202 433
202 434
202 460
202 463
202 477
202 480
202 482
202 496
202 497
202 499
203 86
203 89
203 91
203 156
203 285
203 363
203 403
203 407
203 410
203 427
203 443
203 469
203 486
203 488
203 490
203 494
203 496
203 497
203 499
204 29
204 56
204 201
204 232
204 240
204 274
204 292
204 298
204 383
204 391
204 429
204 442
204 451
204 462
204 463
204 466
204 472
204 493
204 494
204 498
204 499
205 153
205 281
205 301
205 315
205 367
205 368
205 370
205 412
205 422
205 448
205 449
205 458
205 460
205 462
205 464
205 469
205 476
205 496
205 497
205 498
205 499
206 113
206 129
206 139
206 243
206 320
206 346
206 368
206 387
206 409
206 419
206 421
206 430
206 436
206 449
206 454
206 456
206 467
206 484
206 487
206 496
206 498
207 44
207 120
207 137
207 200
207 237
207 378
207 382
207 392
207 393
207 402
207 407
207 438
207 439
207 445
207 475
207 482
207 483
207 487
207 494
207 495
207 498
208 290
208 296
208 304
208 323
208 349
208 385
208 392
208 412
208 424
208 444
208 451
208 459
208 470
208 473
208 474
208 479
208 480
208 489
208 490
208 499
209 61
209 108
209 120
209 169
209 172
209 194
209 220
209 236
209 249
209 302
209 369
209 458
209 464
209 467
209 472
209 483
209 484
209 494
209 495
209 498
209 499
210 60
210 115
210 187
210 213
210 289
210 328
210 333
210 347
210 409
210 456
210 458
210 465
210 469
210 470
210 488
210 495
210 496
210 497
210 499
211 134
211 186
211 187
211 256
211 319
211 362
211 377
211 419
211 429
211 431
211 453
211 456
211 460
211 464
211 477
211 489
211 490
211 492
211 496
211 497
211 499
212 132
212 189
212 219
212 348
212 431
212 432
212 435
212 447
212 451
212 456
212 462
212 470
212 477
212 488
212 489
212 494
212 496
212 497
212 498
212 499
213 97
213 135
213 146
213 159
213 226
213 359
213 397
213 433
213 439
213 444
213 468
213 480
213 481
213 488
213 489
213 496
213 497
213 498
213 499
214 8
214 92
214 209
214 303
214 305
214 327
214 337
214 343
214 369
214 376
214 405
214 417
214 446
214 463
214 469
214 471
214 484
214 487
214 493
214 494
214 498
215 4
215 5
215 114
215 207
215 227
215 307
215 318
215 352
215 359
215 372
215 436
215 450
215 463
215 478
215 483
215 484
215 485
215 486
215 492
215 495
215 498
216 11
216 53
216 117
216 168
216 198
216 199
216 228
216 243
216 375
216 397
216 398
216 409
216 422
216 458
216 467
216 487
216 493
216 494
216 497
216 498
216 499
217 63
217 142
217 204
217 234
217 262
217 293
217 338
217 410
217 435
217 437
217 439
217 440
217 453
217 462
217 468
217 475
217 476
217 487
217 494
217 495
217 498
218 4
218 48
218 63
218 71
218 142
218 197
218 275
218 356
218 413
218 418
218 474
218 476
218 481
218 490
218 494
218 495
218 496
218 497
218 498
218 499
219 132
219 199
219 222
219 286
219 307
219 318
219 332
219 390
219 392
219 401
219 404
219 410
219 443
219 476
219 480
219 482
219 484
219 495
219 496
219 497
219 499
220 38
220 87
220 99
220 140
220 159
220 223
220 234
220 397
220 405
220 415
220 428
220 466
220 467
220 478
220 483
220 486
220 488
220 493
220 494
220 495
220 498
221 101
221 104
221 234
221 244
221 262
221 293
221 321
221 350
221 372
221 380
221 421
221 437
221 438
221 448
221 457
221 471
221 487
221 488
221 497
221 498
221 499
222 39
222 42
222 111
222 155
222 168
222 238
222 273
222 294
222 306
222 412
222 430
222 438
222 449
222 477
222 481
222 488
222 492
222 494
222 496
222 497
222 499
223 19
223 72
223 163
223 182
223 300
223 308
223 349
223 355
223 363
223 384
223 433
223 450
223 452
223 466
223 475
223 478
223 479
223 485
223 487
223 494
223 498
224 12
224 117
224 286
224 287
224 307
224 333
224 367
224 384
224 397
224 403
224 430
224 453
224 454
224 459
224 464
224 465
224 485
224 486
224 487
224 498
224 499
225 30
225 39
225 65
225 67
225 128
225 191
225 256
225 272
225 275
225 323
225 378
225 408
225 418
225 419
225 431
225 457
225 463
225 478
225 491
225 496
225 498
226 9
226 20
226 135
226 174
226 231
226 266
226 306
226 311
226 334
226 367
226 392
226 438
226 467
226 469
226 477
226 484
226 487
226 490
226 499
227 66
227 110
227 169
227 271
227 306
227 326
227 338
227 342
227 357
227 368
227 386
227 451
227 453
227 463
227 465
227 466
227 476
227 480
227 487
227 488
227 498
228 39
228 120
228 146
228 257
228 338
228 361
228 400
228 445
228 462
228 463
228 469
228 478
228 488
228 489
228 494
228 496
228 497
228 499
229 16
229 114
229 149
229 221
229 263
229 274
229 295
229 361
229 371
229 389
229 402
229 425
229 443
229 475
229 476
229 477
229 480
229 482
229 495
229 497
229 499
230 118
230 131
230 242
230 305
230 319
230 326
230 345
230 367
230 372
230 390
230 402
230 414
230 423
230 433
230 445
230 476
230 484
230 487
230 491
230 494
230 498
231 15
231 44
231 105
231 211
231 253
231 254
231 411
231 413
231 424
231 458
231 475
231 482
231 487
231 492
231 496
231 497
231 498
231 499
232 96
232 124
232 241
232 287
232 295
232 304
232 314
232 361
232 363
232 420
232 432
232 450
232 460
232 486
232 489
232 490
232 492
232 496
232 497
232 499
233 11
233 165
233 239
233 243
233 274
233 295
233 332
233 335
233 351
233 360
233 366
233 397
233 447
233 477
233 480
233 488
233 490
233 492
233 497
233 499
234 44
234 46
234 73
234 127
234 158
234 231
234 254
234 388
234 433
234 437
234 457
234 469
234 481
234 486
234 488
234 489
234 490
234 493
234 494
234 496
234 499
235 66
235 157
235 162
235 185
235 215
235 238
235 246
235 249
235 345
235 349
235 356
235 405
235 429
235 464
235 469
235 483
235 485
235 486
235 494
235 495
235 498
236 3
236 14
236 108
236 208
236 311
236 340
236 357
236 365
236 374
236 392
236 398
236 399
236 452
236 456
236 463
236 466
236 468
236 484
236 495
236 498
236 499
237 174
237 275
237 304
237 308
237 355
237 389
237 391
237 424
237 431
237 472
237 483
237 485
237 489
237 490
237 492
237 493
237 494
237 495
237 497
237 499
238 125
238 185
238 191
238 195
238 220
238 259
238 307
238 385
238 389
238 423
238 427
238 437
238 444
238 451
238 471
238 485
238 486
238 488
238 492
238 495
238 498
239 22
239 43
239 50
239 169
239 178
239 190
239 220
239 298
239 309
239 386
239 428
239 444
239 450
239 458
239 459
239 468
239 472
239 486
239 493
239 496
239 499
240 167
240 210
240 217
240 223
240 305
240 318
240 344
240 355
240 357
240 376
240 382
240 389
240 397
240 398
240 425
240 429
240 431
240 449
240 468
240 498
240 499
241 2
241 96
241 206
241 213
241 248
241 298
241 319
241 332
241 347
241 355
241 400
241 430
241 432
241 456
241 462
241 463
241 477
241 492
241 496
241 498
241 499
242 14
242 54
242 135
242 157
242 216
242 276
242 287
242 322
242 378
242 424
242 442
242 447
242 450
242 451
242 461
242 474
242 479
242 483
242 493
242 495
242 499
243 37
243 43
243 170
243 232
243 263
243 277
243 311
243 333
243 379
243 419
243 422
243 429
243 438
243 466
243 474
243 482
243 483
243 486
243 493
243 494
243 498
244 18
244 30
244 168
244 356
244 365
244 401
244 411
244 436
244 437
244 438
244 439
244 447
244 465
244 468
244 475
244 481
244 487
244 490
244 494
244 495
244 498
245 21
245 27
245 208
245 223
245 225
245 301
245 310
245 405
245 422
245 430
245 440
245 444
245 445
245 456
245 482
245 487
245 489
245 493
245 494
245 497
245 498
246 25
246 44
246 69
246 80
246 112
246 228
246 285
246 288
246 339
246 347
246 355
246 432
246 441
246 452
246 463
246 465
246 481
246 493
246 494
246 495
246 499
247 47
247 52
247 76
247 108
247 150
247 195
247 212
247 218
247 240
247 243
247 315
247 316
247 323
247 343
247 352
247 409
247 414
247 443
247 488
247 495
247 498
248 44
248 245
248 255
248 298
248 310
248 357
248 374
248 377
248 398
248 413
248 455
248 465
248 473
248 478
248 479
248 484
248 485
248 487
248 493
248 494
248 498
249 119
249 204
249 263
249 271
249 311
249 372
249 407
249 422
249 438
249 456
249 459
249 460
249 461
249 468
249 470
249 479
249 480
249 492
249 497
249 498
249 499
250 3
250 95
250 98
250 116
250 182
250 198
250 304
250 341
250 353
250 380
250 423
250 428
250 454
250 459
250 478
250 480
250 488
250 492
250 497
250 499
251 37
251 130
251 138
251 200
251 242
251 247
251 275
251 282
251 289
251 423
251 443
251 444
251 455
251 457
251 471
251 472
251 484
251 486
251 497
251 499
252 36
252 89
252 105
252 317
252 343
252 393
252 395
252 400
252 404
252 460
252 466
252 472
252 488
252 489
252 490
252 492
252 496
252 497
252 499
253 9
253 10
253 20
253 102
253 123
253 277
253 376
253 381
253 388
253 443
253 455
253 460
253 475
253 489
253 493
253 496
253 497
253 498
253 499
254 34
254 151
254 153
254 195
254 222
254 304
254 307
254 318
254 337
254 431
254 441
254 458
254 465
254 467
254 472
254 476
254 477
254 488
254 492
254 498
254 499
255 8
255 34
255 151
255 173
255 191
255 215
255 216
255 241
255 251
255 341
255 379
255 391
255 397
255 435
255 454
255 466
255 469
255 482
255 491
255 494
255 495
256 68
256 135
256 154
256 200
256 264
256 273
256 281
256 283
256 328
256 336
256 343
256 448
256 452
256 476
256 480
256 485
256 492
256 494
256 496
256 499
257 48
257 92
257 270
257 311
257 345
257 355
257 389
257 392
257 414
257 417
257 446
257 465
257 481
257 489
257 490
257 491
257 494
257 497
257 499
258 54
258 204
258 245
258 268
258 269
258 340
258 349
258 354
258 406
258 425
258 459
258 473
258 474
258 480
258 481
258 482
258 488
258 496
258 497
258 499
259 58
259 87
259 128
259 260
259 280
259 301
259 330
259 365
259 396
259 403
259 409
259 430
259 439
259 465
259 469
259 471
259 484
259 491
259 494
259 498
259 499
260 47
260 119
260 136
260 181
260 192
260 327
260 371
260 403
260 410
260 414
260 439
260 444
260 453
260 456
260 466
260 489
260 491
260 493
260 495
260 498
260 499
261 3
261 76
261 88
261 159
261 186
261 280
261 311
261 361
261 362
261 371
261 381
261 417
261 450
261 487
261 488
261 495
261 497
261 498
261 499
262 31
262 60
262 87
262 108
262 168
262 213
262 257
262 382
262 407
262 426
262 455
262 466
262 474
262 481
262 487
262 489
262 490
262 497
262 498
262 499
263 17
263 141
263 205
263 292
263 331
263 356
263 364
263 372
263 447
263 449
263 480
263 482
263 486
263 492
263 496
263 497
263 498
263 499
264 28
264 104
264 145
264 166
264 224
264 304
264 310
264 323
264 342
264 449
264 455
264 469
264 472
264 480
264 485
264 492
264 496
264 497
264 499
265 84
265 105
265 181
265 210
265 262
265 287
265 311
265 353
265 387
265 409
265 441
265 466
265 467
265 470
265 480
265 481
265 489
265 497
265 498
265 499
266 77
266 94
266 146
266 149
266 171
266 219
266 220
266 227
266 333
266 409
266 419
266 426
266 433
266 444
266 485
266 487
266 491
266 495
266 497
266 498
266 499
267 8
267 13
267 84
267 184
267 199
267 235
267 256
267 269
267 270
267 284
267 299
267 369
267 415
267 423
267 446
267 457
267 468
267 483
267 493
267 494
267 495
268 69
268 130
268 176
268 217
268 273
268 294
268 342
268 381
268 400
268 404
268 407
268 415
268 434
268 467
268 472
268 477
268 489
268 492
268 493
268 496
268 499
269 10
269 100
269 156
269 160
269 229
269 322
269 350
269 363
269 377
269 405
269 455
269 462
269 484
269 489
269 490
269 496
269 497
269 499
270 57
270 75
270 202
270 290
270 311
270 367
270 384
270 472
270 479
270 480
270 482
270 487
270 490
270 491
270 492
270 493
270 494
270 496
270 497
270 499
271 97
271 115
271 133
271 152
271 203
271 249
271 283
271 291
271 321
271 332
271 365
271 404
271 428
271 446
271 467
271 477
271 480
271 482
271 489
271 492
271 499
272 9
272 14
272 27
272 30
272 115
272 171
272 175
272 193
272 250
272 346
272 368
272 411
272 418
272 459
272 485
272 487
272 490
272 493
272 494
272 495
272 498
273 11
273 137
273 185
273 213
273 237
273 271
273 292
273 300
273 341
273 384
273 418
273 420
273 462
273 484
273 486
273 487
273 490
273 492
273 496
273 499
274 77
274 117
274 136
274 198
274 257
274 328
274 341
274 346
274 358
274 388
274 424
274 432
274 449
274 470
274 471
274 480
274 488
274 492
274 497
274 499
275 27
275 90
275 138
275 181
275 268
275 317
275 335
275 366
275 370
275 422
275 435
275 437
275 454
275 474
275 479
275 484
275 489
275 494
275 496
275 498
275 499
276 56
276 118
276 174
276 313
276 337
276 348
276 381
276 382
276 401
276 426
276 441
276 451
276 464
276 473
276 474
276 476
276 478
276 483
276 487
276 491
276 498
277 168
277 185
277 263
277 299
277 330
277 370
277 410
277 416
277 420
277 426
277 446
277 455
277 473
277 486
277 489
277 492
277 495
277 496
277 498
277 499
278 114
278 152
278 251
278 363
278 405
278 408
278 428
278 440
278 444
278 445
278 446
278 452
278 455
278 466
278 467
278 478
278 481
278 482
278 497
278 498
278 499
279 142
279 214
279 261
279 318
279 323
279 333
279 344
279 349
279 381
279 396
279 412
279 422
279 448
279 454
279 464
279 479
279 485
279 486
279 493
279 494
279 498
280 40
280 133
280 147
280 158
280 170
280 178
280 267
280 272
280 308
280 368
280 404
280 436
280 458
280 463
280 474
280 478
280 485
280 491
280 493
280 495
280 498
281 42
281 48
281 112
281 128
281 250
281 393
281 397
281 414
281 426
281 466
281 470
281 472
281 473
281 475
281 488
281 492
281 495
281 497
281 498
281 499
282 45
282 46
282 227
282 229
282 267
282 375
282 383
282 408
282 412
282 455
282 467
282 470
282 479
282 480
282 486
282 489
282 490
282 491
282 497
282 499
283 92
283 121
283 329
283 331
283 338
283 347
283 365
283 402
283 416
283 435
283 442
283 466
283 472
283 487
283 488
283 490
283 492
283 493
283 496
283 499
284 141
284 148
284 260
284 270
284 286
284 305
284 360
284 368
284 379
284 382
284 431
284 473
284 475
284 479
284 485
284 486
284 491
284 493
284 494
284 495
284 498
285 41
285 71
285 80
285 93
285 107
285 125
285 131
285 183
285 193
285 253
285 262
285 351
285 404
285 415
285 434
285 443
285 450
285 456
285 486
285 494
285 499
286 148
286 154
286 221
286 334
286 350
286 365
286 389
286 417
286 426
286 430
286 453
286 461
286 462
286 471
286 474
286 480
286 484
286 497
286 499
287 142
287 198
287 230
287 241
287 242
287 294
287 298
287 311
287 375
287 383
287 384
287 436
287 449
287 452
287 465
287 484
287 487
287 491
287 494
287 495
287 498
288 16
288 21
288 164
288 169
288 189
288 218
288 221
288 280
288 331
288 367
288 418
288 426
288 439
288 456
288 460
288 476
288 490
288 494
288 496
288 497
288 499
289 81
289 85
289 109
289 177
289 220
289 253
289 271
289 322
289 450
289 452
289 476
289 477
289 481
289 488
289 492
289 496
289 497
289 498
289 499
290 49
290 54
290 63
290 64
290 104
290 221
290 259
290 339
290 341
290 415
290 446
290 459
290 480
290 481
290 486
290 487
290 489
290 494
290 496
290 497
290 499
291 77
291 107
291 121
291 160
291 185
291 282
291 297
291 344
291 369
291 370
291 373
291 377
291 407
291 446
291 468
291 473
291 488
291 492
291 497
291 499
292 26
292 91
292 128
292 169
292 178
292 240
292 248
292 294
292 373
292 389
292 436
292 458
292 472
292 479
292 483
292 490
292 496
292 497
292 498
292 499
293 31
293 41
293 50
293 75
293 84
293 226
293 334
293 364
293 417
293 452
293 453
293 479
293 480
293 483
293 488
293 490
293 491
293 493
293 497
293 498
293 499
294 95
294 129
294 163
294 251
294 283
294 297
294 333
294 336
294 360
294 383
294 388
294 457
294 476
294 485
294 488
294 492
294 494
294 496
294 497
294 499
295 13
295 136
295 176
295 218
295 230
295 337
295 356
295 362
295 371
295 373
295 395
295 467
295 470
295 471
295 488
295 492
295 494
295 495
295 497
295 498
295 499
296 26
296 57
296 107
296 149
296 180
296 266
296 323
296 332
296 364
296 383
296 456
296 462
296 476
296 479
296 480
296 483
296 490
296 496
296 497
296 499
297 156
297 171
297 265
297 392
297 409
297 413
297 429
297 460
297 475
297 479
297 480
297 486
297 487
297 488
297 489
297 496
297 497
297 498
297 499
298 38
298 40
298 94
298 202
298 255
298 260
298 274
298 360
298 363
298 386
298 417
298 421
298 445
298 454
298 482
298 484
298 485
298 491
298 493
298 494
298 498
299 15
299 80
299 103
299 132
299 147
299 150
299 161
299 312
299 408
299 424
299 428
299 440
299 441
299 463
299 473
299 485
299 490
299 491
299 493
299 495
299 498
300 88
300 89
300 151
300 173
300 175
300 313
300 349
300 359
300 426
300 436
300 445
300 457
300 462
300 467
300 481
300 490
300 492
300 495
300 497
300 499
301 116
301 153
301 176
301 192
301 272
301 286
301 314
301 352
301 362
301 446
301 456
301 461
301 470
301 471
301 479
301 481
301 492
301 499
302 39
302 119
302 134
302 174
302 179
302 213
302 246
302 326
302 358
302 409
302 411
302 422
302 437
302 464
302 470
302 482
302 484
302 485
302 492
302 494
302 497
303 57
303 235
303 257
303 271
303 273
303 344
303 366
303 381
303 386
303 429
303 438
303 443
303 445
303 448
303 462
303 467
303 468
303 483
303 490
303 498
303 499
304 92
304 93
304 102
304 163
304 264
304 282
304 296
304 297
304 388
304 448
304 460
304 488
304 490
304 492
304 493
304 496
304 497
304 498
304 499
305 16
305 17
305 45
305 99
305 267
305 279
305 302
305 307
305 387
305 389
305 391
305 426
305 458
305 462
305 464
305 475
305 482
305 483
305 487
305 491
305 498
306 41
306 59
306 102
306 192
306 304
306 311
306 345
306 383
306 405
306 410
306 413
306 459
306 463
306 468
306 491
306 492
306 493
306 496
306 497
306 498
306 499
307 109
307 117
307 165
307 331
307 390
307 400
307 434
307 441
307 451
307 459
307 460
307 472
307 478
307 481
307 484
307 489
307 490
307 492
307 496
307 497
307 499
308 103
308 121
308 151
308 200
308 205
308 210
308 328
308 355
308 361
308 370
308 399
308 451
308 456
308 469
308 470
308 473
308 477
308 479
308 493
308 498
308 499
309 58
309 60
309 134
309 147
309 189
309 227
309 242
309 248
309 278
309 305
309 335
309 337
309 339
309 378
309 389
309 425
309 440
309 451
309 487
309 494
309 498
310 7
310 15
310 67
310 176
310 226
310 237
310 302
310 341
310 351
310 420
310 436
310 437
310 442
310 443
310 451
310 470
310 475
310 476
310 490
310 497
310 499
311 39
311 53
311 173
311 187
311 202
311 212
311 307
311 359
311 381
311 440
311 458
311 464
311 469
311 480
311 483
311 489
311 494
311 495
311 496
311 497
311 499
312 52
312 144
312 190
312 228
312 276
312 305
312 354
312 374
312 387
312 391
312 403
312 431
312 477
312 481
312 483
312 490
312 493
312 497
312 499
313 22
313 111
313 114
313 195
313 208
313 217
313 319
313 367
313 392
313 400
313 439
313 445
313 457
313 459
313 463
313 474
313 477
313 483
313 493
313 495
313 498
314 61
314 85
314 89
314 291
314 335
314 391
314 427
314 456
314 466
314 472
314 473
314 484
314 489
314 491
314 492
314 495
314 496
314 497
314 498
314 499
315 119
315 180
315 194
315 210
315 304
315 359
315 382
315 387
315 410
315 424
315 444
315 445
315 450
315 451
315 457
315 465
315 471
315 475
315 493
315 497
315 499
316 8
316 70
316 166
316 191
316 261
316 329
316 335
316 336
316 385
316 393
316 395
316 398
316 402
316 403
316 471
316 474
316 475
316 485
316 493
316 495
316 498
317 80
317 164
317 250
317 296
317 300
317 304
317 319
317 377
317 423
317 432
317 434
317 440
317 458
317 472
317 473
317 479
317 480
317 489
317 497
317 499
318 9
318 14
318 32
318 164
318 189
318 232
318 260
318 273
318 351
318 410
318 445
318 455
318 466
318 471
318 478
318 483
318 495
318 496
318 497
318 498
318 499
319 0
319 72
319 87
319 239
319 246
319 248
319 294
319 329
319 378
319 400
319 424
319 473
319 476
319 480
319 491
319 496
319 497
319 498
319 499
320 47
320 70
320 97
320 236
320 238
320 289
320 327
320 380
320 401
320 424
320 425
320 431
320 458
320 471
320 473
320 475
320 477
320 481
320 485
320 496
320 499
321 63
321 129
321 280
321 291
321 297
321 355
321 359
321 363
321 370
321 373
321 423
321 428
321 432
321 439
321 441
321 458
321 484
321 486
321 493
321 495
321 498
322 0
322 36
322 180
322 240
322 245
322 259
322 292
322 321
322 324
322 330
322 419
322 426
322 442
322 447
322 463
322 469
322 478
322 480
322 489
322 491
322 498
323 3
323 4
323 25
323 61
323 202
323 248
323 326
323 332
323 349
323 376
323 386
323 390
323 428
323 451
323 452
323 455
323 459
323 482
323 491
323 493
323 498
324 65
324 66
324 74
324 78
324 243
324 266
324 276
324 294
324 430
324 447
324 454
324 458
324 467
324 471
324 472
324 484
324 487
324 488
324 495
324 496
324 498
325 81
325 142
325 159
325 227
325 258
325 280
325 302
325 380
325 395
325 431
325 448
325 449
325 469
325 486
325 489
325 490
325 491
325 492
325 493
325 494
325 499
326 67
326 109
326 147
326 294
326 334
326 363
326 422
326 449
326 453
326 466
326 473
326 476
326 488
326 489
326 492
326 494
326 496
326 497
326 498
326 499
327 6
327 14
327 32
327 178
327 191
327 224
327 279
327 290
327 316
327 383
327 408
327 427
327 469
327 474
327 481
327 488
327 492
327 493
327 496
327 499
328 42
328 60
328 98
328 157
328 186
328 192
328 312
328 342
328 386
328 387
328 406
328 420
328 445
328 482
328 485
328 488
328 492
328 496
328 497
328 499
329 66
329 133
329 208
329 299
329 339
329 417
329 418
329 419
329 473
329 475
329 476
329 479
329 480
329 488
329 493
329 495
329 496
329 497
329 499
330 124
330 132
330 137
330 143
330 152
330 208
330 219
330 292
330 337
330 437
330 462
330 472
330 476
330 477
330 481
330 484
330 493
330 496
330 497
330 499
331 10
331 24
331 73
331 182
331 213
331 256
331 353
331 354
331 379
331 395
331 396
331 472
331 477
331 479
331 484
331 489
331 492
331 495
331 497
331 498
331 499
332 177
332 196
332 218
332 251
332 283
332 309
332 350
332 400
332 461
332 462
332 468
332 469
332 477
332 486
332 487
332 490
332 492
332 496
332 497
332 498
332 499
333 0
333 63
333 75
333 99
333 120
333 181
333 315
333 354
333 362
333 406
333 426
333 436
333 444
333 452
333 469
333 490
333 495
333 496
333 497
333 499
334 17
334 22
334 79
334 149
334 166
334 292
334 312
334 320
334 376
334 413
334 428
334 436
334 452
334 459
334 461
334 472
334 479
334 493
334 497
334 499
335 67
335 73
335 113
335 138
335 261
335 388
335 410
335 413
335 456
335 460
335 461
335 464
335 466
335 470
335 473
335 476
335 489
335 494
335 495
335 499
336 57
336 251
336 291
336 325
336 360
336 371
336 379
336 401
336 437
336 470
336 473
336 476
336 479
336 481
336 484
336 485
336 489
336 492
336 496
336 497
336 499
337 25
337 84
337 137
337 306
337 326
337 349
337 359
337 384
337 414
337 437
337 469
337 473
337 474
337 475
337 479
337 493
337 494
337 495
337 497
337 499
338 68
338 191
338 198
338 246
338 270
338 271
338 323
338 347
338 378
338 407
338 416
338 430
338 437
338 441
338 480
338 485
338 486
338 491
338 493
338 495
338 497
339 131
339 190
339 192
339 217
339 256
339 277
339 315
339 381
339 403
339 413
339 418
339 455
339 469
339 481
339 482
339 489
339 491
339 492
339 498
339 499
340 23
340 75
340 122
340 138
340 276
340 289
340 300
340 302
340 316
340 377
340 387
340 392
340 416
340 434
340 464
340 468
340 470
340 484
340 493
340 498
340 499
341 37
341 220
341 245
341 286
341 289
341 306
341 327
341 417
341 438
341 448
341 449
341 467
341 470
341 471
341 480
341 481
341 485
341 492
341 496
341 497
341 498
342 90
342 103
342 230
342 325
342 386
342 400
342 406
342 458
342 459
342 461
342 462
342 465
342 466
342 479
342 489
342 492
342 496
342 497
342 498
342 499
343 5
343 6
343 40
343 67
343 143
343 223
343 231
343 281
343 332
343 359
343 370
343 375
343 403
343 430
343 462
343 483
343 489
343 493
343 494
343 498
343 499
344 70
344 111
344 118
344 138
344 194
344 209
344 281
344 362
344 368
344 399
344 419
344 420
344 441
344 473
344 476
344 482
344 492
344 493
344 494
344 495
344 498
345 59
345 68
345 111
345 130
345 214
345 217
345 234
345 341
345 404
345 434
345 445
345 451
345 471
345 480
345 481
345 483
345 486
345 489
345 495
345 498
345 499
346 25
346 54
346 107
346 116
346 186
346 208
346 244
346 270
346 274
346 395
346 397
346 404
346 406
346 425
346 426
346 429
346 471
346 472
346 484
346 491
346 498
347 37
347 141
347 184
347 222
347 285
347 314
347 443
347 446
347 447
347 451
347 459
347 471
347 477
347 479
347 488
347 495
347 496
347 497
347 499
348 18
348 78
348 175
348 303
348 326
348 377
348 437
348 444
348 452
348 453
348 457
348 475
348 480
348 481
348 484
348 487
348 490
348 492
348 497
348 499
349 93
349 190
349 220
349 281
349 284
349 288
349 325
349 409
349 411
349 415
349 420
349 441
349 451
349 455
349 456
349 482
349 483
349 487
349 494
349 495
349 498
350 52
350 70
350 103
350 162
350 231
350 309
350 325
350 343
350 347
350 382
350 464
350 480
350 486
350 488
350 491
350 494
350 496
350 497
350 498
350 499
351 82
351 197
351 271
351 372
351 414
351 427
351 439
351 461
351 467
351 469
351 476
351 478
351 485
351 486
351 488
351 490
351 491
351 493
351 497
351 499
352 100
352 144
352 223
352 236
352 244
352 280
352 303
352 312
352 391
352 392
352 404
352 412
352 436
352 449
352 464
352 477
352 487
352 491
352 494
352 498
352 499
353 172
353 178
353 219
353 282
353 288
353 331
353 341
353 348
353 373
353 404
353 438
353 442
353 446
353 462
353 468
353 470
353 477
353 485
353 492
353 496
353 499
354 3
354 113
354 199
354 265
354 284
354 303
354 377
354 384
354 399
354 416
354 424
354 448
354 458
354 467
354 480
354 481
354 484
354 489
354 491
354 492
354 496
355 90
355 229
355 351
355 359
355 376
355 383
355 384
355 388
355 430
355 434
355 464
355 472
355 474
355 475
355 483
355 488
355 492
355 497
355 498
355 499
356 143
356 170
356 183
356 216
356 296
356 408
356 431
356 433
356 440
356 470
356 471
356 477
356 478
356 484
356 489
356 490
356 495
356 496
356 497
356 499
357 194
357 211
357 217
357 275
357 286
357 301
357 315
357 372
357 379
357 429
357 430
357 437
357 467
357 475
357 482
357 484
357 489
357 493
357 494
357 495
357 498
358 71
358 93
358 108
358 193
358 195
358 211
358 277
358 285
358 318
358 349
358 396
358 397
358 415
358 465
358 468
358 474
358 479
358 489
358 493
358 494
358 498
359 38
359 64
359 83
359 228
359 316
359 374
359 390
359 408
359 443
359 452
359 459
359 471
359 477
359 484
359 487
359 489
359 490
359 496
359 497
359 499
360 165
360 170
360 196
360 265
360 305
360 338
360 369
360 371
360 375
360 390
360 409
360 449
360 464
360 467
360 468
360 478
360 486
360 492
360 493
360 495
360 496
361 6
361 181
361 201
361 265
361 279
361 420
361 425
361 436
361 455
361 462
361 470
361 474
361 477
361 487
361 490
361 491
361 492
361 495
361 497
361 499
362 10
362 99
362 159
362 215
362 245
362 337
362 378
362 402
362 412
362 455
362 460
362 464
362 470
362 471
362 479
362 481
362 493
362 496
362 497
362 499
363 130
363 134
363 149
363 173
363 234
363 315
363 318
363 348
363 353
363 402
363 435
363 452
363 456
363 467
363 470
363 484
363 491
363 496
363 498
363 499
364 11
364 196
364 207
364 290
364 319
364 323
364 327
364 328
364 342
364 391
364 416
364 417
364 421
364 445
364 478
364 481
364 488
364 489
364 492
364 498
364 499
365 41
365 99
365 285
365 300
365 310
365 312
365 372
365 429
365 440
365 457
365 462
365 470
365 471
365 472
365 474
365 477
365 495
365 496
365 497
365 499
366 84
366 127
366 220
366 239
366 303
366 417
366 427
366 435
366 437
366 456
366 457
366 459
366 471
366 473
366 477
366 481
366 493
366 497
366 498
366 499
367 51
367 53
367 65
367 104
367 112
367 198
367 214
367 336
367 350
367 412
367 424
367 425
367 448
367 468
367 470
367 487
367 492
367 495
367 497
367 498
367 499
368 4
368 25
368 49
368 105
368 183
368 254
368 282
368 319
368 325
368 345
368 371
368 398
368 403
368 406
368 426
368 434
368 442
368 448
368 454
368 472
368 494
369 29
369 54
369 199
369 279
369 367
369 376
369 385
369 409
369 411
369 415
369 443
369 445
369 474
369 477
369 478
369 484
369 493
369 494
369 495
369 498
369 499
370 93
370 95
370 116
370 125
370 225
370 264
370 335
370 348
370 393
370 423
370 429
370 446
370 452
370 471
370 482
370 484
370 485
370 491
370 493
370 495
370 498
371 85
371 121
371 139
371 165
371 201
371 296
371 299
371 378
371 415
371 418
371 442
371 447
371 450
371 452
371 456
371 475
371 477
371 485
371 493
371 494
371 498
372 63
372 82
372 91
372 147
372 151
372 218
372 225
372 253
372 368
372 380
372 402
372 418
372 434
372 438
372 441
372 473
372 480
372 497
372 498
372 499
373 15
373 169
373 203
373 211
373 230
373 267
373 347
373 374
373 398
373 399
373 415
373 438
373 446
373 450
373 467
373 482
373 483
373 491
373 492
373 495
373 498
374 90
374 108
374 137
374 212
374 218
374 314
374 350
374 419
374 447
374 454
374 455
374 457
374 463
374 464
374 469
374 470
374 476
374 485
374 490
374 493
374 499
375 18
375 116
375 122
375 156
375 232
375 285
375 300
375 320
375 352
375 374
375 433
375 439
375 440
375 459
375 473
375 477
375 492
375 496
375 498
376 64
376 171
376 272
376 274
376 351
376 382
376 383
376 393
376 402
376 410
376 446
376 460
376 478
376 483
376 484
376 486
376 487
376 493
376 494
376 495
376 498
377 10
377 161
377 202
377 211
377 301
377 345
377 382
377 384
377 414
377 437
377 453
377 457
377 465
377 468
377 475
377 495
377 496
377 497
377 498
377 499
378 31
378 155
378 209
378 210
378 216
378 226
378 326
378 354
378 403
378 415
378 419
378 447
378 451
378 464
378 465
378 486
378 489
378 493
378 494
378 495
378 498
379 27
379 50
379 173
379 193
379 240
379 300
379 305
379 371
379 394
379 406
379 413
379 424
379 429
379 439
379 473
379 474
379 479
379 485
379 486
379 490
379 498
380 140
380 258
380 262
380 265
380 303
380 306
380 322
380 352
380 357
380 368
380 432
380 461
380 471
380 474
380 479
380 485
380 487
380 492
380 497
380 499
381 34
381 36
381 131
381 213
381 227
381 277
381 312
381 333
381 353
381 356
381 449
381 461
381 466
381 480
381 489
381 491
381 492
381 493
381 495
381 496
381 499
382 61
382 135
382 179
382 190
382 234
382 267
382 347
382 375
382 398
382 405
382 407
382 408
382 443
382 444
382 446
382 461
382 488
382 492
382 495
382 499
383 52
383 126
383 136
383 152
383 337
383 426
383 435
383 436
383 438
383 455
383 459
383 462
383 469
383 470
383 471
383 477
383 497
383 498
383 499
384 69
384 110
384 229
384 256
384 274
384 313
384 379
384 393
384 420
384 426
384 461
384 473
384 477
384 480
384 481
384 483
384 487
384 493
384 496
384 499
385 210
385 214
385 226
385 315
385 402
385 403
385 421
385 423
385 431
385 433
385 441
385 452
385 457
385 461
385 470
385 477
385 489
385 497
385 498
385 499
386 43
386 79
386 88
386 101
386 196
386 243
386 280
386 343
386 358
386 381
386 407
386 409
386 430
386 441
386 453
386 471
386 475
386 486
386 491
386 498
386 499
387 159
387 184
387 241
387 278
387 308
387 315
387 337
387 368
387 412
387 417
387 469
387 478
387 479
387 488
387 491
387 492
387 496
387 498
387 499
388 9
388 151
388 177
388 189
388 228
388 234
388 235
388 253
388 257
388 258
388 324
388 340
388 394
388 419
388 470
388 474
388 490
388 497
388 498
388 499
389 21
389 226
389 237
389 303
389 328
389 330
389 367
389 430
389 448
389 478
389 479
389 480
389 488
389 492
389 493
389 494
389 495
389 496
389 497
389 499
390 161
390 173
390 207
390 235
390 247
390 249
390 261
390 306
390 326
390 370
390 410
390 415
390 419
390 433
390 434
390 448
390 474
390 485
390 491
390 494
390 498
391 0
391 199
391 221
391 225
391 253
391 293
391 396
391 398
391 402
391 406
391 408
391 437
391 449
391 477
391 480
391 489
391 491
391 492
391 497
391 498
391 499
392 102
392 139
392 287
392 371
392 373
392 407
392 411
392 417
392 418
392 425
392 452
392 464
392 468
392 482
392 485
392 487
392 491
392 493
392 494
392 495
392 498
393 31
393 166
393 196
393 200
393 222
393 244
393 255
393 298
393 321
393 353
393 394
393 395
393 419
393 420
393 448
393 454
393 484
393 491
393 496
393 497
393 498
394 152
394 220
394 230
394 255
394 271
394 294
394 304
394 310
394 314
394 340
394 381
394 434
394 437
394 452
394 453
394 465
394 474
394 475
394 485
394 494
394 498
395 17
395 91
395 131
395 141
395 223
395 259
395 263
395 346
395 351
395 392
395 428
395 453
395 470
395 482
395 483
395 486
395 491
395 492
395 493
395 495
395 498
396 21
396 29
396 75
396 82
396 92
396 127
396 163
396 170
396 185
396 290
396 303
396 346
396 351
396 360
396 390
396 427
396 450
396 483
396 487
396 490
396 494
397 6
397 24
397 77
397 266
397 293
397 298
397 309
397 346
397 373
397 401
397 416
397 417
397 428
397 455
397 480
397 489
397 490
397 493
397 494
397 495
397 498
398 50
398 142
398 203
398 220
398 239
398 243
398 244
398 371
398 410
398 420
398 423
398 432
398 451
398 466
398 472
398 474
398 484
398 486
398 494
398 495
398 497
399 24
399 161
399 169
399 250
399 323
399 337
399 358
399 373
399 380
399 433
399 440
399 450
399 453
399 461
399 463
399 486
399 487
399 491
399 493
399 494
399 498
400 100
400 189
400 214
400 252
400 263
400 267
400 308
400 392
400 430
400 442
400 444
400 449
400 459
400 462
400 470
400 471
400 491
400 492
400 496
400 497
400 498
401 88
401 94
401 108
401 163
401 171
401 178
401 205
401 305
401 309
401 366
401 443
401 447
401 476
401 480
401 490
401 493
401 496
401 497
401 499
402 10
402 13
402 177
402 178
402 214
402 237
402 336
402 345
402 390
402 394
402 422
402 434
402 450
402 455
402 483
402 484
402 485
402 486
402 487
402 495
402 498
403 33
403 157
403 181
403 280
403 284
403 361
403 395
403 396
403 404
403 406
403 430
403 435
403 442
403 449
403 451
403 466
403 482
403 489
403 491
403 493
403 498
404 42
404 75
404 166
404 185
404 186
404 279
404 291
404 295
404 375
404 422
404 427
404 438
404 440
404 441
404 485
404 487
404 490
404 491
404 494
404 495
404 498
405 24
405 123
405 181
405 279
405 285
405 297
405 380
405 418
405 423
405 435
405 442
405 464
405 465
405 466
405 468
405 474
405 486
405 488
405 489
405 493
405 498
406 63
406 129
406 205
406 230
406 247
406 256
406 269
406 272
406 283
406 343
406 380
406 425
406 432
406 447
406 451
406 453
406 485
406 491
406 494
406 495
406 498
407 103
407 106
407 241
407 265
407 308
407 348
407 353
407 354
407 362
407 397
407 413
407 455
407 460
407 470
407 473
407 478
407 479
407 481
407 497
407 498
407 499
408 31
408 102
408 129
408 330
408 332
408 354
408 369
408 374
408 420
408 448
408 460
408 473
408 480
408 484
408 488
408 490
408 491
408 496
408 497
408 499
409 41
409 73
409 91
409 102
409 192
409 200
409 304
409 388
409 390
409 420
409 421
409 429
409 434
409 452
409 463
409 468
409 483
409 484
409 493
409 494
409 498
410 64
410 81
410 95
410 140
410 274
410 361
410 374
410 408
410 451
410 457
410 461
410 478
410 484
410 491
410 492
410 494
410 497
410 499
411 154
411 176
411 179
411 221
411 237
411 248
411 284
411 301
411 394
411 396
411 423
411 429
411 443
411 460
411 474
411 476
411 491
411 494
411 495
411 496
411 498
412 18
412 250
412 261
412 272
412 274
412 328
412 330
412 411
412 434
412 443
412 445
412 448
412 456
412 457
412 466
412 471
412 485
412 486
412 497
412 498
412 499
413 43
413 85
413 196
413 329
413 337
413 438
413 440
413 456
413 457
413 458
413 461
413 471
413 474
413 477
413 481
413 484
413 488
413 490
413 494
413 496
413 499
414 26
414 57
414 86
414 120
414 212
414 250
414 320
414 329
414 389
414 418
414 442
414 447
414 449
414 461
414 473
414 476
414 489
414 490
414 496
414 497
414 499
415 51
415 69
415 123
415 130
415 224
415 226
415 302
415 318
415 323
415 349
415 382
415 423
415 437
415 465
415 471
415 474
415 479
415 482
415 486
415 490
415 498
416 21
416 190
416 238
416 257
416 291
416 340
416 353
416 358
416 364
416 406
416 414
416 417
416 429
416 444
416 446
416 467
416 483
416 484
416 494
416 496
416 498
417 24
417 74
417 106
417 144
417 291
417 313
417 407
417 429
417 433
417 444
417 452
417 458
417 466
417 469
417 477
417 492
417 494
417 496
417 497
417 499
418 78
418 190
418 221
418 242
418 249
418 252
418 264
418 292
418 324
418 382
418 386
418 432
418 450
418 467
418 473
418 479
418 481
418 482
418 493
418 495
418 499
419 106
419 155
419 226
419 264
419 272
419 312
419 322
419 385
419 396
419 422
419 453
419 456
419 465
419 475
419 478
419 485
419 491
419 495
419 497
419 498
419 499
420 86
420 270
420 299
420 314
420 334
420 364
420 375
420 391
420 416
420 449
420 454
420 457
420 463
420 471
420 479
420 481
420 490
420 497
420 499
421 105
421 106
421 130
421 154
421 210
421 242
421 322
421 331
421 374
421 395
421 402
421 406
421 433
421 452
421 454
421 458
421 474
421 479
421 487
421 491
421 498
422 69
422 133
422 138
422 163
422 224
422 260
422 268
422 320
422 352
422 362
422 430
422 458
422 463
422 465
422 474
422 485
422 489
422 491
422 493
422 498
422 499
423 17
423 99
423 121
423 169
423 188
423 269
423 301
423 324
423 330
423 342
423 360
423 415
423 450
423 463
423 464
423 478
423 485
423 487
423 494
423 495
423 499
424 62
424 71
424 88
424 165
424 211
424 246
424 269
424 351
424 361
424 363
424 394
424 409
424 416
424 455
424 470
424 479
424 488
424 492
424 496
424 497
424 499
425 169
425 255
425 256
425 274
425 351
425 396
425 413
425 419
425 439
425 459
425 472
425 476
425 478
425 479
425 489
425 490
425 496
425 498
425 499
426 141
426 183
426 184
426 195
426 196
426 251
426 363
426 374
426 402
426 403
426 405
426 414
426 435
426 451
426 458
426 460
426 490
426 496
426 497
426 499
427 13
427 45
427 92
427 110
427 113
427 155
427 182
427 188
427 368
427 391
427 428
427 468
427 473
427 477
427 483
427 491
427 492
427 494
427 497
427 498
427 499
428 20
428 29
428 180
428 200
428 213
428 227
428 230
428 341
428 354
428 365
428 384
428 392
428 398
428 403
428 409
428 446
428 478
428 488
428 495
428 498
428 499
429 8
429 58
429 197
429 218
429 233
429 275
429 318
429 380
429 421
429 431
429 439
429 440
429 443
429 451
429 454
429 463
429 470
429 483
429 494
429 495
429 498
430 1
430 15
430 67
430 126
430 129
430 205
430 242
430 290
430 321
430 353
430 376
430 394
430 427
430 436
430 449
430 467
430 477
430 482
430 490
430 494
430 498
431 53
431 60
431 94
431 326
431 327
431 330
431 390
431 395
431 407
431 416
431 442
431 455
431 459
431 473
431 476
431 488
431 493
431 494
431 495
431 496
431 499
432 117
432 206
432 220
432 228
432 265
432 316
432 338
432 362
432 384
432 398
432 426
432 435
432 442
432 460
432 477
432 481
432 483
432 496
432 497
432 499
433 110
433 222
433 276
433 278
433 291
433 299
433 324
433 328
433 336
433 355
433 399
433 410
433 443
433 460
433 472
433 476
433 487
433 496
433 497
433 498
433 499
434 65
434 111
434 189
434 199
434 217
434 228
434 325
434 367
434 375
434 381
434 393
434 422
434 447
434 464
434 468
434 475
434 478
434 491
434 494
434 495
434 498
435 277
435 341
435 358
435 363
435 385
435 388
435 427
435 449
435 453
435 454
435 456
435 459
435 464
435 479
435 480
435 488
435 493
435 495
435 499
436 47
436 81
436 258
436 334
436 369
436 376
436 387
436 411
436 413
436 421
436 439
436 459
436 460
436 466
436 467
436 481
436 482
436 487
436 491
436 493
436 494
437 19
437 74
437 131
437 240
437 271
437 327
437 334
437 346
437 354
437 358
437 399
437 401
437 440
437 458
437 476
437 482
437 486
437 493
437 494
437 495
437 498
438 25
438 98
438 205
438 262
438 341
438 372
438 376
438 389
438 394
438 400
438 409
438 420
438 453
438 460
438 467
438 490
438 492
438 494
438 496
438 497
438 499
439 283
439 295
439 334
439 391
439 399
439 406
439 408
439 428
439 438
439 447
439 450
439 452
439 453
439 464
439 465
439 476
439 482
439 487
439 493
439 495
439 498
440 113
440 204
440 256
440 287
440 352
440 358
440 372
440 391
440 407
440 419
440 424
440 433
440 459
440 463
440 467
440 484
440 486
440 491
440 492
440 494
440 498
441 62
441 129
441 222
441 273
441 275
441 306
441 316
441 343
441 413
441 428
441 442
441 446
441 448
441 450
441 451
441 474
441 484
441 485
441 493
441 494
441 495
442 33
442 55
442 77
442 110
442 118
442 179
442 248
442 253
442 284
442 344
442 362
442 396
442 425
442 433
442 447
442 480
442 485
442 486
442 494
442 495
442 498
443 33
443 55
443 94
443 172
443 180
443 288
443 307
443 331
443 345
443 361
443 448
443 458
443 463
443 468
443 472
443 481
443 482
443 490
443 497
443 499
444 37
444 48
444 83
444 86
444 126
444 150
444 196
444 316
444 339
444 358
444 373
444 377
444 380
444 394
444 416
444 419
444 472
444 475
444 478
444 485
444 497
445 101
445 233
445 240
445 265
445 357
445 369
445 371
445 408
445 420
445 439
445 441
445 453
445 457
445 463
445 468
445 472
445 491
445 494
445 495
445 497
445 498
446 61
446 73
446 108
446 144
446 170
446 264
446 281
446 302
446 310
446 313
446 353
446 385
446 411
446 430
446 458
446 469
446 473
446 477
446 486
446 492
446 497
447 29
447 124
447 128
447 146
447 163
447 188
447 231
447 291
447 344
447 349
447 366
447 421
447 440
447 444
447 462
447 475
447 482
447 493
447 494
447 495
447 496
448 191
448 242
448 248
448 300
448 316
448 335
448 359
448 365
448 370
448 380
448 401
448 427
448 434
448 455
448 460
448 476
448 481
448 490
448 494
448 496
448 499
449 5
449 78
449 203
449 249
449 260
449 273
449 275
449 346
449 382
449 461
449 469
449 476
449 477
449 478
449 485
449 490
449 492
449 495
449 496
449 497
449 499
450 67
450 96
450 160
450 206
450 216
450 266
450 279
450 282
450 354
450 369
450 370
450 374
450 449
450 459
450 468
450 475
450 478
450 479
450 480
450 493
450 498
451 69
451 76
451 123
451 154
451 209
451 216
451 237
451 262
451 289
451 306
451 355
451 363
451 394
451 406
451 450
451 458
451 466
451 468
451 484
451 494
451 495
452 74
452 109
452 232
452 235
452 276
452 278
452 287
452 348
452 388
452 390
452 410
452 415
452 435
452 444
452 450
452 465
452 477
452 485
452 490
452 493
452 498
453 19
453 45
453 95
453 168
453 174
453 236
453 248
453 364
453 427
453 437
453 445
453 448
453 459
453 471
453 478
453 480
453 482
453 491
453 495
453 496
453 498
454 9
454 37
454 103
454 127
454 167
454 316
454 332
454 337
454 344
454 391
454 402
454 416
454 425
454 452
454 458
454 460
454 466
454 475
454 486
454 493
454 495
455 12
455 71
455 133
455 194
455 205
455 210
455 238
455 249
455 259
455 321
455 345
455 357
455 379
455 418
455 461
455 473
455 481
455 488
455 493
455 496
455 499
456 14
456 29
456 40
456 50
456 162
456 187
456 252
456 298
456 341
456 342
456 364
456 387
456 420
456 429
456 447
456 477
456 485
456 496
456 498
456 499
457 38
457 73
457 203
457 219
457 232
457 277
457 310
457 364
457 394
457 410
457 427
457 434
457 461
457 464
457 465
457 468
457 480
457 494
457 495
457 499
458 17
458 179
458 247
458 279
458 297
458 298
458 338
458 372
458 377
458 385
458 387
458 401
458 403
458 426
458 461
458 470
458 479
458 490
458 494
458 498
458 499
459 24
459 101
459 107
459 150
459 184
459 202
459 255
459 288
459 300
459 328
459 338
459 380
459 384
459 425
459 432
459 446
459 448
459 462
459 487
459 494
459 498
460 36
460 51
460 62
460 93
460 127
460 144
460 146
460 190
460 222
460 318
460 419
460 435
460 471
460 476
460 483
460 492
460 493
460 495
460 496
460 499
461 93
461 112
461 139
461 164
461 232
461 259
461 393
461 400
461 432
461 436
461 457
461 465
461 473
461 476
461 482
461 489
461 491
461 496
461 499
462 79
462 191
462 197
462 278
462 326
462 372
462 395
462 404
462 417
462 452
462 454
462 457
462 458
462 472
462 475
462 488
462 490
462 496
462 497
462 498
463 5
463 98
463 147
463 206
463 243
463 289
463 342
463 388
463 393
463 423
463 429
463 431
463 439
463 446
463 472
463 475
463 483
463 486
463 493
463 494
463 498
464 22
464 39
464 58
464 116
464 166
464 276
464 292
464 377
464 403
464 419
464 421
464 444
464 466
464 467
464 474
464 475
464 486
464 494
464 495
464 497
464 499
465 126
465 170
465 221
465 227
465 249
465 276
465 297
465 299
465 309
465 393
465 408
465 416
465 417
465 435
465 485
465 486
465 488
465 491
465 495
465 498
465 499
466 2
466 106
466 112
466 136
466 168
466 206
466 239
466 257
466 339
466 412
466 436
466 457
466 462
466 475
466 478
466 482
466 485
466 493
466 494
466 496
466 498
467 83
467 103
467 110
467 145
467 148
467 167
467 174
467 258
467 260
467 294
467 298
467 309
467 330
467 353
467 368
467 380
467 444
467 475
467 491
467 493
467 498
468 1
468 30
468 53
468 103
468 149
468 187
468 197
468 225
468 296
468 313
468 342
468 349
468 353
468 394
468 402
468 437
468 441
468 457
468 467
468 495
468 498
469 37
469 43
469 58
469 90
469 223
469 237
469 334
469 397
469 418
469 435
469 466
469 477
469 478
469 488
469 492
469 493
469 495
469 496
469 497
469 498
469 499
470 19
470 111
470 145
470 170
470 256
470 310
470 337
470 380
470 381
470 386
470 396
470 407
470 448
470 458
470 462
470 467
470 473
470 477
470 482
470 496
470 499
471 45
471 81
471 82
471 143
471 262
471 396
471 411
471 412
471 420
471 427
471 437
471 445
471 465
471 478
471 480
471 483
471 488
471 489
471 494
471 497
471 499
472 98
472 143
472 160
472 197
472 223
472 244
472 246
472 290
472 293
472 391
472 412
472 421
472 433
472 479
472 481
472 487
472 488
472 490
472 495
472 497
472 499
473 83
473 86
473 111
473 123
473 201
473 269
473 384
473 387
473 394
473 458
473 459
473 472
473 475
473 476
473 478
473 480
473 490
473 496
473 497
473 498
473 499
474 104
474 183
474 193
474 287
474 311
474 313
474 321
474 393
474 409
474 413
474 440
474 450
474 471
474 472
474 475
474 480
474 481
474 482
474 485
474 494
474 498
475 5
475 175
475 199
475 241
475 246
475 247
475 279
475 281
475 293
475 324
475 360
475 371
475 412
475 429
475 436
475 459
475 482
475 487
475 488
475 491
475 492
476 68
476 124
476 204
476 222
476 263
476 268
476 286
476 289
476 305
476 352
476 355
476 377
476 378
476 392
476 444
476 455
476 461
476 470
476 489
476 492
476 498
477 95
477 119
477 172
477 224
477 236
477 250
477 269
477 320
477 337
477 395
477 410
477 419
477 428
477 432
477 482
477 484
477 489
477 490
477 496
477 499
478 60
478 132
478 323
478 345
478 354
478 357
478 359
478 404
478 425
478 435
478 447
478 450
478 452
478 454
478 455
478 479
478 485
478 488
478 491
478 493
478 495
479 20
479 21
479 35
479 63
479 74
479 162
479 164
479 175
479 333
479 431
479 449
479 456
479 461
479 475
479 477
479 485
479 487
479 490
479 494
479 499
480 2
480 33
480 175
480 186
480 264
480 281
480 317
480 339
480 405
480 406
480 458
480 459
480 482
480 483
480 485
480 488
480 489
480 496
480 497
480 498
480 499
481 125
481 142
481 165
481 178
481 188
481 208
481 255
481 313
481 354
481 365
481 384
481 397
481 405
481 406
481 441
481 480
481 488
481 489
481 490
481 493
481 497
482 59
482 64
482 95
482 264
482 285
482 336
482 344
482 362
482 373
482 379
482 386
482 400
482 405
482 431
482 442
482 463
482 475
482 480
482 484
482 491
482 494
483 6
483 25
483 113
483 225
483 278
483 309
483 314
483 325
483 395
483 443
483 450
483 457
483 459
483 464
483 470
483 477
483 478
483 484
483 491
483 494
483 498
484 42
484 56
484 119
484 175
484 177
484 194
484 247
484 250
484 338
484 348
484 371
484 418
484 444
484 462
484 468
484 473
484 474
484 482
484 494
484 495
484 498
485 54
485 62
485 70
485 80
485 144
485 164
485 170
485 284
485 357
485 360
485 367
485 382
485 400
485 421
485 436
485 442
485 444
485 449
485 452
485 474
485 477
486 2
486 35
486 60
486 122
486 255
486 315
486 336
486 350
486 417
486 443
486 447
486 467
486 468
486 481
486 482
486 487
486 491
486 493
486 494
486 498
486 499
487 11
487 39
487 84
487 217
487 252
487 284
487 288
487 366
487 378
487 397
487 409
487 425
487 454
487 466
487 468
487 471
487 474
487 480
487 484
487 491
487 498
488 55
488 110
488 147
488 253
488 275
488 293
488 302
488 332
488 345
488 350
488 361
488 365
488 401
488 421
488 432
488 484
488 486
488 491
488 493
488 494
488 499
489 131
489 175
489 182
489 235
489 305
489 319
489 351
489 360
489 362
489 368
489 383
489 451
489 460
489 461
489 486
489 490
489 492
489 495
489 496
489 498
489 499
490 26
490 32
490 51
490 71
490 207
490 215
490 264
490 318
490 325
490 339
490 357
490 394
490 463
490 474
490 476
490 480
490 491
490 492
490 495
490 496
490 499
491 1
491 49
491 183
491 223
491 287
491 334
491 348
491 384
491 394
491 405
491 426
491 450
491 461
491 463
491 464
491 468
491 481
491 486
491 493
491 495
491 498
492 66
492 157
492 174
492 224
492 269
492 287
492 324
492 339
492 366
492 382
492 408
492 413
492 423
492 446
492 474
492 480
492 483
492 494
492 496
492 497
492 499
493 41
493 62
493 95
493 107
493 124
493 173
493 282
493 347
493 350
493 379
493 398
493 403
493 408
493 414
493 416
493 441
493 463
493 475
493 478
493 491
493 494
494 116
494 127
494 136
494 137
494 145
494 174
494 207
494 253
494 289
494 349
494 352
494 393
494 404
494 407
494 455
494 461
494 466
494 479
494 486
494 488
494 495
495 22
495 35
495 78
495 103
495 225
495 246
495 268
495 306
495 379
495 394
495 440
495 442
495 445
495 452
495 468
495 476
495 486
495 490
495 494
495 498
495 499
496 138
496 268
496 275
496 330
496 378
496 380
496 407
496 414
496 422
496 439
496 456
496 472
496 476
496 479
496 486
496 488
496 493
496 494
496 495
496 498
496 499
497 69
497 80
497 160
497 260
497 314
497 331
497 367
497 378
497 382
497 393
497 417
497 440
497 455
497 477
497 478
497 490
497 491
497 494
497 496
497 498
497 499
498 82
498 126
498 206
498 224
498 344
498 363
498 368
498 399
498 403
498 409
498 416
498 418
498 447
498 468
498 477
498 481
498 487
498 493
498 494
498 495
498 499
499 117
499 132
499 171
499 216
499 240
499 246
499 257
499 297
499 303
499 352
499 367
499 425
499 435
499 462
499 477
499 481
499 491
499 494
499 495
499 497
499 498
