0 40
0 97
0 139
0 144
0 151
0 186
0 192
0 235
0 258
0 260
0 295
0 336
0 364
0 471
0 475
0 488
0 491
0 494
0 497
0 499
1 8
1 93
1 109
1 185
1 193
1 198
1 207
1 243
1 256
1 364
1 372
1 381
1 420
1 422
1 433
1 439
1 450
1 466
1 492
1 498
2 125
2 161
2 269
2 298
2 336
2 394
2 402
2 409
2 410
2 448
2 449
2 467
2 468
2 470
2 486
2 492
2 493
2 494
2 497
2 498
3 164
3 306
3 307
3 310
3 338
3 358
3 368
3 391
3 395
3 396
3 409
3 416
3 417
3 419
3 425
3 433
3 454
3 489
3 492
3 498
4 31
4 47
4 98
4 107
4 112
4 114
4 146
4 178
4 200
4 382
4 419
4 430
4 449
4 454
4 468
4 489
4 492
4 493
4 495
4 498
5 32
5 40
5 45
5 160
5 203
5 252
5 305
5 338
5 361
5 411
5 419
5 426
5 431
5 445
5 455
5 468
5 480
5 489
5 492
5 498
6 57
6 127
6 132
6 172
6 204
6 262
6 303
6 354
6 406
6 425
6 451
6 452
6 455
6 473
6 475
6 487
6 490
6 491
6 496
6 497
7 3
7 124
7 209
7 254
7 271
7 290
7 306
7 308
7 359
7 385
7 399
7 413
7 419
7 447
7 473
7 483
7 488
7 492
7 493
7 498
8 193
8 264
8 313
8 319
8 353
8 373
8 436
8 446
8 461
8 465
8 467
8 472
8 482
8 487
8 490
8 491
8 495
8 496
8 498
8 499
9 35
9 57
9 66
9 134
9 207
9 253
9 272
9 292
9 339
9 359
9 394
9 399
9 402
9 438
9 452
9 462
9 485
9 489
9 493
9 498
10 120
10 121
10 162
10 227
10 321
10 326
10 327
10 362
10 367
10 380
10 391
10 444
10 446
10 453
10 462
10 474
10 476
10 488
10 490
10 499
11 42
11 49
11 78
11 101
11 107
11 175
11 240
11 245
11 280
11 283
11 357
11 403
11 407
11 412
11 467
11 485
11 494
11 495
11 497
11 499
12 17
12 35
12 48
12 97
12 246
12 267
12 270
12 335
12 346
12 386
12 387
12 402
12 410
12 433
12 461
12 467
12 469
12 473
12 480
12 498
13 88
13 187
13 230
13 237
13 253
13 301
13 309
13 373
13 418
13 419
13 422
13 427
13 438
13 453
13 465
13 466
13 469
13 483
13 493
13 498
14 65
14 255
14 282
14 299
14 309
14 376
14 398
14 414
14 415
14 435
14 442
14 447
14 475
14 478
14 487
14 490
14 494
14 495
14 497
14 499
15 47
15 238
15 253
15 262
15 308
15 320
15 335
15 366
15 373
15 393
15 395
15 414
15 422
15 430
15 448
15 469
15 479
15 493
15 496
15 498
16 14
16 45
16 177
16 191
16 323
16 383
16 384
16 387
16 393
16 416
16 423
16 425
16 432
16 433
16 479
16 483
16 487
16 491
16 497
16 499
17 23
17 76
17 137
17 310
17 315
17 317
17 321
17 330
17 331
17 359
17 382
17 388
17 394
17 417
17 438
17 466
17 473
17 476
17 493
17 498
18 3
18 169
18 191
18 200
18 240
18 320
18 354
18 374
18 379
18 402
18 421
18 447
18 476
18 477
18 484
18 485
18 491
18 496
18 497
18 499
19 2
19 15
19 24
19 207
19 222
19 308
19 329
19 333
19 357
19 381
19 392
19 402
19 427
19 450
19 476
19 480
19 488
19 489
19 493
19 498
20 21
20 83
20 98
20 176
20 198
20 310
20 371
20 395
20 397
20 427
20 439
20 461
20 467
20 468
20 476
20 480
20 493
20 494
20 496
20 498
21 125
21 132
21 160
21 199
21 230
21 232
21 239
21 384
21 387
21 401
21 406
21 431
21 466
21 475
21 481
21 482
21 484
21 488
21 496
21 497
22 46
22 177
22 213
22 231
22 310
22 331
22 355
22 404
22 405
22 407
22 429
22 453
22 457
22 462
22 466
22 473
22 479
22 489
22 492
22 498
23 173
23 228
23 240
23 296
23 302
23 334
23 340
23 344
23 393
23 394
23 408
23 477
23 478
23 479
23 482
23 490
23 494
23 495
23 498
23 499
24 13
24 25
24 87
24 113
24 127
24 174
24 207
24 259
24 270
24 277
24 353
24 368
24 404
24 429
24 454
24 467
24 477
24 483
24 489
24 498
25 2
25 136
25 202
25 275
25 299
25 339
25 344
25 355
25 358
25 368
25 382
25 428
25 429
25 438
25 469
25 470
25 473
25 486
25 487
25 498
26 55
26 81
26 146
26 147
26 209
26 213
26 229
26 264
26 266
26 291
26 317
26 422
26 467
26 469
26 480
26 492
26 493
26 495
26 497
26 498
27 15
27 21
27 41
27 85
27 94
27 196
27 212
27 244
27 257
27 272
27 362
27 443
27 459
27 487
27 488
27 491
27 494
27 496
27 497
27 499
28 100
28 105
28 318
28 347
28 391
28 396
28 418
28 425
28 434
28 436
28 448
28 455
28 458
28 476
28 478
28 482
28 486
28 489
28 491
28 496
29 4
29 11
29 190
29 192
29 206
29 321
29 348
29 362
29 369
29 416
29 442
29 465
29 472
29 476
29 487
29 491
29 495
29 496
29 498
29 499
30 67
30 77
30 110
30 116
30 180
30 270
30 335
30 360
30 403
30 435
30 457
30 464
30 479
30 483
30 486
30 487
30 488
30 494
30 497
30 499
31 51
31 152
31 254
31 323
31 335
31 371
31 373
31 374
31 375
31 385
31 397
31 403
31 410
31 411
31 430
31 470
31 479
31 489
31 496
31 498
32 70
32 75
32 185
32 217
32 232
32 306
32 311
32 328
32 389
32 401
32 430
32 433
32 448
32 454
32 466
32 473
32 489
32 492
32 493
32 498
33 53
33 87
33 97
33 166
33 249
33 316
33 319
33 352
33 364
33 404
33 415
33 434
33 447
33 449
33 489
33 493
33 494
33 495
33 497
33 499
34 23
34 83
34 101
34 106
34 165
34 269
34 284
34 285
34 316
34 378
34 400
34 403
34 416
34 421
34 435
34 446
34 490
34 491
34 496
34 499
35 69
35 130
35 160
35 221
35 258
35 298
35 331
35 376
35 377
35 395
35 398
35 411
35 436
35 454
35 466
35 473
35 479
35 486
35 493
35 498
36 89
36 149
36 152
36 184
36 202
36 276
36 277
36 367
36 399
36 402
36 420
36 437
36 464
36 475
36 481
36 483
36 489
36 492
36 493
36 498
37 12
37 100
37 128
37 174
37 225
37 308
37 314
37 315
37 355
37 386
37 389
37 424
37 432
37 446
37 461
37 464
37 468
37 479
37 492
37 498
38 1
38 3
38 25
38 135
38 136
38 142
38 262
38 286
38 293
38 306
38 382
38 420
38 422
38 464
38 466
38 478
38 488
38 489
38 493
38 498
39 9
39 139
39 197
39 217
39 264
39 314
39 355
39 358
39 367
39 420
39 423
39 445
39 450
39 476
39 480
39 486
39 489
39 492
39 493
39 498
40 4
40 43
40 72
40 102
40 185
40 198
40 266
40 325
40 326
40 348
40 359
40 366
40 387
40 392
40 455
40 461
40 466
40 492
40 493
40 498
41 43
41 100
41 116
41 134
41 181
41 196
41 208
41 360
41 379
41 396
41 411
41 431
41 439
41 447
41 468
41 476
41 488
41 496
41 497
41 499
42 27
42 31
42 214
42 235
42 266
42 275
42 287
42 289
42 321
42 356
42 366
42 404
42 430
42 461
42 462
42 466
42 468
42 489
42 492
42 498
43 61
43 155
43 174
43 209
43 295
43 361
43 369
43 386
43 390
43 417
43 421
43 424
43 431
43 445
43 451
43 474
43 482
43 484
43 485
43 499
44 39
44 69
44 81
44 98
44 100
44 128
44 153
44 209
44 228
44 308
44 330
44 371
44 372
44 451
44 467
44 468
44 486
44 494
44 497
44 498
45 165
45 218
45 273
45 287
45 328
45 333
45 373
45 388
45 399
45 405
45 419
45 426
45 433
45 452
45 466
45 469
45 477
45 483
45 489
45 498
46 7
46 21
46 51
46 131
46 179
46 197
46 237
46 241
46 341
46 385
46 405
46 429
46 454
46 458
46 478
46 480
46 483
46 492
46 493
46 498
47 31
47 51
47 123
47 178
47 194
47 308
47 313
47 345
47 359
47 368
47 389
47 406
47 448
47 459
47 473
47 483
47 492
47 493
47 498
47 499
48 2
48 11
48 53
48 66
48 187
48 190
48 255
48 319
48 337
48 378
48 416
48 419
48 425
48 455
48 464
48 475
48 486
48 491
48 494
48 496
49 43
49 141
49 161
49 194
49 210
49 212
49 222
49 235
49 261
49 324
49 375
49 390
49 398
49 480
49 482
49 492
49 494
49 496
49 497
49 499
50 40
50 42
50 96
50 147
50 202
50 269
50 320
50 340
50 373
50 385
50 409
50 427
50 430
50 448
50 450
50 465
50 480
50 483
50 492
50 498
51 68
51 74
51 95
51 198
51 203
51 272
51 310
51 315
51 363
51 368
51 382
51 429
51 453
51 468
51 470
51 486
51 489
51 492
51 498
51 499
52 64
52 144
52 182
52 183
52 188
52 200
52 266
52 280
52 281
52 324
52 404
52 429
52 476
52 481
52 490
52 494
52 495
52 496
52 497
52 499
53 0
53 103
53 202
53 208
53 212
53 255
53 282
53 313
53 332
53 402
53 451
53 471
53 476
53 481
53 485
53 489
53 495
53 497
53 498
53 499
54 67
54 141
54 261
54 281
54 304
54 318
54 343
54 374
54 411
54 429
54 440
54 459
54 477
54 486
54 488
54 490
54 491
54 494
54 496
54 499
55 75
55 76
55 82
55 136
55 229
55 231
55 268
55 287
55 342
55 365
55 376
55 379
55 425
55 433
55 467
55 480
55 483
55 489
55 493
55 498
56 5
56 125
56 134
56 171
56 260
56 339
56 381
56 391
56 392
56 420
56 453
56 465
56 470
56 474
56 483
56 489
56 491
56 492
56 493
56 498
57 28
57 53
57 73
57 91
57 172
57 173
57 216
57 232
57 263
57 270
57 272
57 280
57 323
57 395
57 443
57 460
57 465
57 469
57 490
57 491
58 34
58 95
58 167
58 271
58 304
58 314
58 362
58 387
58 416
58 418
58 423
58 438
58 451
58 471
58 472
58 488
58 490
58 491
58 497
58 499
59 9
59 12
59 82
59 191
59 230
59 251
59 322
59 323
59 327
59 372
59 394
59 395
59 397
59 407
59 433
59 470
59 484
59 486
59 493
59 498
60 84
60 119
60 153
60 186
60 249
60 263
60 264
60 272
60 347
60 352
60 370
60 452
60 476
60 481
60 483
60 487
60 491
60 497
60 498
60 499
61 139
61 175
61 181
61 244
61 252
61 264
61 272
61 312
61 347
61 432
61 434
61 442
61 455
61 474
61 475
61 477
61 491
61 494
61 496
61 499
62 41
62 162
62 193
62 219
62 226
62 243
62 253
62 261
62 358
62 380
62 414
62 428
62 457
62 477
62 478
62 481
62 484
62 487
62 496
62 499
63 12
63 15
63 39
63 75
63 135
63 175
63 273
63 342
63 381
63 388
63 422
63 469
63 474
63 480
63 481
63 482
63 486
63 492
63 495
63 498
64 6
64 189
64 196
64 311
64 336
64 352
64 400
64 422
64 435
64 436
64 448
64 472
64 475
64 476
64 480
64 487
64 488
64 490
64 491
64 497
65 16
65 104
65 108
65 189
65 196
65 203
65 263
65 274
65 294
65 328
65 398
65 423
65 429
65 432
65 485
65 495
65 496
65 497
65 498
65 499
66 1
66 19
66 115
66 149
66 233
66 314
66 330
66 332
66 371
66 377
66 385
66 386
66 429
66 430
66 459
66 470
66 484
66 489
66 492
66 498
67 34
67 91
67 151
67 173
67 188
67 196
67 213
67 405
67 412
67 451
67 452
67 465
67 474
67 477
67 482
67 488
67 491
67 495
67 496
67 497
68 22
68 163
68 217
68 280
68 357
68 370
68 399
68 407
68 409
68 420
68 422
68 429
68 438
68 449
68 461
68 478
68 485
68 486
68 489
68 498
69 51
69 128
69 141
69 217
69 241
69 291
69 305
69 358
69 373
69 407
69 427
69 429
69 438
69 445
69 476
69 479
69 486
69 492
69 493
69 498
70 26
70 109
70 111
70 133
70 145
70 179
70 267
70 294
70 340
70 367
70 392
70 399
70 400
70 430
70 473
70 479
70 480
70 492
70 493
70 498
71 24
71 52
71 59
71 66
71 81
71 94
71 161
71 166
71 301
71 306
71 344
71 395
71 405
71 416
71 417
71 479
71 482
71 492
71 493
71 498
72 12
72 18
72 74
72 79
72 87
72 139
72 207
72 221
72 265
72 274
72 309
72 359
72 392
72 394
72 431
72 445
72 459
72 467
72 493
72 498
73 99
73 121
73 155
73 158
73 183
73 227
73 232
73 254
73 293
73 441
73 443
73 444
73 445
73 488
73 490
73 491
73 493
73 494
73 497
73 499
74 39
74 50
74 88
74 89
74 106
74 113
74 153
74 228
74 262
74 275
74 335
74 366
74 392
74 400
74 437
74 447
74 466
74 469
74 480
74 498
75 15
75 101
75 105
75 137
75 139
75 179
75 209
75 277
75 355
75 356
75 358
75 464
75 467
75 479
75 483
75 485
75 489
75 492
75 493
75 498
76 17
76 40
76 46
76 56
76 167
76 246
76 335
76 357
76 366
76 371
76 384
76 437
76 441
76 459
76 468
76 473
76 477
76 492
76 493
76 498
77 160
77 197
77 255
77 349
77 362
77 387
77 400
77 412
77 426
77 428
77 445
77 452
77 463
77 465
77 471
77 481
77 484
77 494
77 495
77 499
78 18
78 53
78 83
78 159
78 197
78 212
78 282
78 328
78 329
78 368
78 451
78 463
78 474
78 475
78 477
78 488
78 494
78 496
78 497
78 499
79 25
79 48
79 68
79 153
79 195
79 248
79 351
79 367
79 369
79 386
79 397
79 399
79 419
79 422
79 426
79 444
79 466
79 486
79 489
79 498
80 30
80 34
80 41
80 62
80 78
80 96
80 172
80 233
80 391
80 400
80 441
80 456
80 475
80 484
80 485
80 487
80 488
80 490
80 497
80 499
81 45
81 180
81 229
81 237
81 301
81 339
81 354
81 402
81 422
81 433
81 434
81 450
81 454
81 460
81 468
81 469
81 479
81 482
81 497
81 498
82 20
82 56
82 75
82 129
82 178
82 267
82 317
82 347
82 356
82 367
82 389
82 422
82 426
82 451
82 473
82 480
82 490
82 492
82 495
82 498
83 133
83 197
83 207
83 217
83 265
83 314
83 315
83 355
83 356
83 379
83 390
83 407
83 448
83 456
83 469
83 480
83 481
83 489
83 493
83 498
84 190
84 193
84 246
84 255
84 299
84 396
84 403
84 413
84 432
84 456
84 463
84 474
84 482
84 485
84 488
84 491
84 493
84 496
84 497
84 499
85 10
85 138
85 155
85 223
85 234
85 250
85 319
85 360
85 390
85 442
85 444
85 447
85 460
85 462
85 472
85 480
85 481
85 488
85 496
85 499
86 34
86 68
86 89
86 122
86 168
86 201
86 268
86 344
86 351
86 401
86 446
86 447
86 457
86 463
86 484
86 488
86 494
86 495
86 497
86 498
87 42
87 63
87 94
87 203
87 241
87 249
87 267
87 273
87 310
87 345
87 353
87 368
87 417
87 470
87 473
87 480
87 489
87 490
87 492
87 498
88 6
88 48
88 140
88 151
88 191
88 249
88 258
88 299
88 302
88 303
88 332
88 349
88 360
88 460
88 476
88 477
88 487
88 495
88 497
88 499
89 40
89 84
89 105
89 142
89 157
89 279
89 294
89 321
89 327
89 341
89 437
89 438
89 439
89 448
89 468
89 469
89 472
89 479
89 493
89 498
90 6
90 22
90 95
90 116
90 137
90 303
90 361
90 379
90 440
90 447
90 449
90 458
90 470
90 475
90 485
90 488
90 493
90 496
90 498
90 499
91 132
91 181
91 186
91 210
91 214
91 268
91 271
91 304
91 321
91 336
91 350
91 351
91 362
91 386
91 449
91 451
91 463
91 471
91 490
91 499
92 120
92 172
92 192
92 284
92 300
92 302
92 326
92 374
92 421
92 427
92 435
92 455
92 460
92 472
92 477
92 481
92 485
92 490
92 493
92 499
93 5
93 159
93 165
93 296
93 302
93 328
93 343
93 370
93 383
93 390
93 416
93 432
93 436
93 447
93 460
93 491
93 495
93 496
93 498
93 499
94 14
94 45
94 137
94 170
94 183
94 236
94 300
94 340
94 414
94 423
94 427
94 435
94 439
94 446
94 477
94 481
94 484
94 487
94 491
94 492
95 43
95 51
95 79
95 205
95 232
95 270
95 388
95 390
95 441
95 449
95 463
95 469
95 472
95 473
95 474
95 487
95 491
95 494
95 496
95 499
96 29
96 156
96 175
96 270
96 279
96 288
96 323
96 338
96 385
96 428
96 447
96 457
96 458
96 459
96 460
96 463
96 473
96 474
96 496
96 497
97 43
97 323
97 327
97 351
97 365
97 383
97 408
97 421
97 427
97 430
97 441
97 443
97 445
97 478
97 484
97 487
97 491
97 495
97 497
97 498
98 27
98 45
98 114
98 153
98 198
98 288
98 330
98 373
98 381
98 410
98 426
98 438
98 460
98 468
98 474
98 486
98 489
98 493
98 497
98 498
99 38
99 170
99 226
99 229
99 307
99 311
99 315
99 329
99 347
99 381
99 385
99 389
99 392
99 469
99 482
99 483
99 485
99 489
99 490
99 498
100 185
100 204
100 236
100 249
100 369
100 395
100 398
100 424
100 441
100 446
100 452
100 456
100 464
100 471
100 474
100 477
100 478
100 490
100 496
100 497
101 150
101 219
101 259
101 268
101 276
101 303
101 334
101 405
101 452
101 454
101 455
101 465
101 471
101 484
101 490
101 494
101 495
101 496
101 498
101 499
102 38
102 82
102 90
102 92
102 234
102 242
102 294
102 331
102 371
102 376
102 405
102 407
102 413
102 451
102 456
102 470
102 479
102 489
102 492
102 498
103 130
103 156
103 194
103 235
103 281
103 302
103 361
103 381
103 391
103 398
103 408
103 414
103 418
103 431
103 478
103 491
103 496
103 497
103 498
103 499
104 60
104 256
104 268
104 274
104 313
104 323
104 341
104 397
104 428
104 431
104 435
104 452
104 459
104 465
104 471
104 484
104 494
104 495
104 497
105 22
105 116
105 192
105 234
105 293
105 309
105 324
105 349
105 379
105 400
105 403
105 436
105 462
105 472
105 484
105 491
105 493
105 494
105 497
105 499
106 3
106 70
106 139
106 178
106 212
106 294
106 368
106 385
106 394
106 410
106 438
106 446
106 453
106 455
106 465
106 467
106 473
106 491
106 493
106 498
107 101
107 173
107 200
107 248
107 282
107 285
107 341
107 346
107 368
107 415
107 419
107 424
107 440
107 456
107 468
107 474
107 491
107 494
107 497
107 499
108 5
108 18
108 21
108 34
108 41
108 110
108 145
108 188
108 211
108 305
108 342
108 393
108 412
108 445
108 447
108 475
108 477
108 491
108 494
108 499
109 15
109 220
109 288
109 290
109 300
109 357
109 362
109 388
109 445
109 455
109 462
109 479
109 481
109 487
109 490
109 491
109 495
109 497
109 498
109 499
110 119
110 195
110 219
110 251
110 258
110 266
110 325
110 347
110 373
110 377
110 393
110 414
110 462
110 474
110 477
110 487
110 488
110 489
110 496
110 499
111 23
111 65
111 130
111 153
111 197
111 214
111 224
111 237
111 243
111 275
111 316
111 382
111 389
111 411
111 416
111 442
111 479
111 483
111 486
111 498
112 158
112 206
112 211
112 239
112 276
112 303
112 340
112 351
112 393
112 394
112 405
112 419
112 423
112 442
112 449
112 464
112 483
112 484
112 494
112 499
113 12
113 206
113 224
113 237
113 247
113 273
113 309
113 321
113 342
113 381
113 382
113 413
113 429
113 431
113 433
113 444
113 473
113 479
113 498
113 499
114 35
114 136
114 184
114 203
114 227
114 243
114 276
114 312
114 358
114 402
114 403
114 422
114 439
114 461
114 465
114 475
114 479
114 483
114 494
114 498
115 16
115 134
115 197
115 225
115 326
115 333
115 360
115 392
115 406
115 407
115 419
115 441
115 459
115 466
115 467
115 470
115 486
115 492
115 493
115 498
116 99
116 171
116 188
116 257
116 281
116 290
116 312
116 363
116 383
116 401
116 425
116 443
116 455
116 474
116 477
116 480
116 488
116 494
116 497
116 499
117 0
117 128
117 172
117 191
117 375
117 387
117 393
117 394
117 436
117 447
117 460
117 463
117 472
117 478
117 483
117 488
117 495
117 496
117 497
117 499
118 85
118 105
118 109
118 177
118 233
118 257
118 315
118 332
118 351
118 399
118 409
118 444
118 475
118 490
118 494
118 495
118 496
118 497
118 498
118 499
119 28
119 100
119 138
119 166
119 168
119 300
119 311
119 318
119 343
119 412
119 441
119 442
119 443
119 471
119 477
119 480
119 487
119 490
119 492
119 497
120 82
120 159
120 215
120 278
120 337
120 346
120 380
120 393
120 417
120 427
120 457
120 460
120 465
120 476
120 481
120 487
120 490
120 494
120 495
120 497
121 53
121 77
121 94
121 132
121 145
121 375
121 383
121 404
121 415
121 423
121 431
121 445
121 458
121 475
121 476
121 482
121 485
121 492
121 494
121 499
122 62
122 244
122 268
122 340
122 380
122 391
122 400
122 403
122 440
122 444
122 464
122 476
122 484
122 485
122 488
122 492
122 494
122 496
122 497
122 499
123 41
123 152
123 167
123 177
123 196
123 203
123 249
123 335
123 362
123 365
123 375
123 378
123 414
123 452
123 464
123 481
123 482
123 485
123 488
123 491
124 12
124 31
124 110
124 127
124 163
124 181
124 224
124 253
124 275
124 419
124 440
124 450
124 453
124 457
124 468
124 469
124 480
124 492
124 493
124 498
125 73
125 166
125 202
125 233
125 265
125 273
125 294
125 310
125 314
125 326
125 356
125 357
125 420
125 430
125 438
125 459
125 461
125 463
125 498
126 11
126 33
126 86
126 119
126 132
126 160
126 166
126 188
126 316
126 407
126 428
126 440
126 444
126 462
126 481
126 488
126 489
126 494
126 499
127 50
127 79
127 81
127 131
127 140
127 190
127 193
127 202
127 292
127 298
127 358
127 453
127 454
127 468
127 479
127 493
127 494
127 497
127 498
128 45
128 81
128 124
128 154
128 176
128 219
128 265
128 269
128 382
128 386
128 397
128 405
128 452
128 454
128 455
128 480
128 486
128 492
128 498
129 23
129 107
129 150
129 156
129 239
129 339
129 406
129 412
129 416
129 421
129 422
129 434
129 451
129 470
129 475
129 482
129 485
129 496
129 499
130 49
130 102
130 152
130 161
130 207
130 221
130 228
130 254
130 278
130 308
130 341
130 407
130 433
130 448
130 479
130 483
130 486
130 489
130 498
131 55
131 134
131 150
131 187
131 203
131 204
131 225
131 294
131 357
131 385
131 395
131 409
131 419
131 426
131 453
131 477
131 491
131 492
131 498
132 48
132 72
132 123
132 129
132 142
132 250
132 251
132 348
132 388
132 390
132 413
132 432
132 453
132 473
132 484
132 485
132 490
132 494
132 499
133 36
133 69
133 251
133 275
133 292
133 327
133 372
133 386
133 391
133 405
133 420
133 426
133 429
133 469
133 470
133 483
133 484
133 497
133 498
134 45
134 87
134 124
134 213
134 221
134 291
134 345
134 397
134 409
134 421
134 441
134 449
134 450
134 479
134 480
134 484
134 492
134 497
134 498
135 36
135 99
135 114
135 231
135 256
135 307
135 402
135 437
135 450
135 459
135 467
135 469
135 486
135 489
135 490
135 491
135 496
135 498
135 499
136 17
136 71
136 103
136 128
136 161
136 176
136 209
136 256
136 331
136 420
136 429
136 432
136 449
136 483
136 487
136 493
136 496
136 498
136 499
137 26
137 70
137 155
137 159
137 173
137 240
137 410
137 447
137 462
137 464
137 471
137 472
137 473
137 478
137 490
137 494
137 496
137 497
137 499
138 33
138 201
138 202
138 222
138 251
138 302
138 376
138 391
138 408
138 427
138 432
138 456
138 472
138 477
138 479
138 491
138 494
138 497
138 499
139 2
139 63
139 66
139 115
139 237
139 253
139 278
139 286
139 300
139 342
139 382
139 390
139 402
139 410
139 422
139 453
139 480
139 486
139 498
140 72
140 89
140 162
140 214
140 229
140 330
140 345
140 405
140 419
140 439
140 450
140 460
140 468
140 476
140 482
140 486
140 489
140 493
140 498
141 109
141 189
141 235
141 281
141 323
141 354
141 369
141 380
141 401
141 443
141 464
141 468
141 472
141 475
141 480
141 485
141 488
141 490
141 494
142 4
142 6
142 42
142 114
142 182
142 222
142 225
142 297
142 339
142 358
142 370
142 375
142 410
142 448
142 466
142 468
142 479
142 495
142 498
143 10
143 95
143 220
143 245
143 297
143 327
143 354
143 365
143 413
143 418
143 424
143 425
143 431
143 448
143 475
143 487
143 495
143 497
143 499
144 61
144 340
144 355
144 369
144 375
144 378
144 388
144 402
144 423
144 427
144 447
144 465
144 478
144 485
144 487
144 496
144 497
144 499
145 167
145 169
145 215
145 228
145 232
145 324
145 383
145 391
145 404
145 433
145 446
145 466
145 471
145 474
145 495
145 496
145 497
145 499
146 21
146 62
146 104
146 143
146 193
146 227
146 251
146 325
146 364
146 418
146 435
146 437
146 451
146 458
146 472
146 482
146 490
146 496
146 499
147 5
147 38
147 241
147 339
147 381
147 389
147 392
147 397
147 402
147 439
147 454
147 485
147 488
147 489
147 491
147 492
147 493
147 495
147 498
148 27
148 119
148 205
148 224
148 264
148 334
148 337
148 359
148 425
148 444
148 460
148 481
148 488
148 490
148 491
148 495
148 497
148 498
148 499
149 11
149 136
149 168
149 209
149 247
149 270
149 293
149 334
149 339
149 394
149 395
149 426
149 433
149 467
149 486
149 489
149 492
149 493
149 498
150 7
150 91
150 206
150 217
150 233
150 248
150 271
150 307
150 326
150 344
150 370
150 441
150 445
150 463
150 487
150 490
150 496
150 497
150 499
151 57
151 64
151 90
151 105
151 119
151 121
151 156
151 180
151 186
151 285
151 333
151 350
151 396
151 412
151 413
151 464
151 494
151 497
151 499
152 3
152 125
152 242
152 256
152 273
152 306
152 312
152 349
152 372
152 376
152 394
152 411
152 436
152 451
152 470
152 478
152 483
152 492
152 498
153 17
153 139
153 144
153 244
153 286
153 293
153 308
153 320
153 334
153 396
153 411
153 420
153 428
153 466
153 470
153 486
153 489
153 493
153 498
154 27
154 155
154 244
154 261
154 319
154 336
154 362
154 398
154 424
154 438
154 445
154 472
154 485
154 490
154 491
154 492
154 496
154 499
155 29
155 48
155 73
155 78
155 145
155 168
155 188
155 374
155 403
155 412
155 413
155 438
155 455
155 463
155 481
155 482
155 492
155 497
155 499
156 61
156 118
156 158
156 220
156 279
156 332
156 340
156 354
156 384
156 428
156 432
156 442
156 459
156 462
156 466
156 482
156 497
156 499
157 36
157 91
157 108
157 192
157 231
157 294
157 298
157 386
157 429
157 437
157 441
157 461
157 467
157 471
157 479
157 489
157 492
157 493
157 498
158 78
158 87
158 90
158 92
158 154
158 240
158 248
158 303
158 323
158 336
158 364
158 382
158 387
158 388
158 396
158 458
158 465
158 495
158 496
159 50
159 165
159 218
159 233
159 244
159 361
159 362
159 379
159 427
159 442
159 463
159 477
159 480
159 484
159 487
159 491
159 495
159 496
159 499
160 16
160 41
160 143
160 195
160 205
160 226
160 227
160 259
160 287
160 390
160 436
160 471
160 485
160 492
160 493
160 494
160 497
160 498
160 499
161 29
161 32
161 42
161 64
161 185
161 231
161 263
161 277
161 333
161 334
161 386
161 429
161 437
161 450
161 455
161 488
161 493
161 498
161 499
162 75
162 84
162 112
162 123
162 158
162 193
162 238
162 242
162 289
162 295
162 361
162 425
162 427
162 454
162 456
162 471
162 490
162 495
162 499
163 79
163 111
163 135
163 151
163 180
163 197
163 274
163 381
163 405
163 407
163 409
163 419
163 426
163 459
163 476
163 479
163 480
163 489
163 498
164 57
164 88
164 129
164 187
164 329
164 348
164 384
164 388
164 434
164 446
164 460
164 485
164 489
164 490
164 491
164 495
164 496
164 497
164 498
165 110
165 126
165 166
165 198
165 212
165 259
165 318
165 322
165 338
165 370
165 390
165 401
165 418
165 433
165 434
165 460
165 488
165 491
165 499
166 84
166 86
166 261
166 271
166 354
166 370
166 391
166 392
166 414
166 442
166 452
166 453
166 463
166 484
166 488
166 493
166 497
166 499
167 101
167 115
167 126
167 150
167 206
167 219
167 232
167 270
167 281
167 290
167 302
167 312
167 331
167 388
167 478
167 486
167 495
167 497
167 499
168 192
168 245
168 283
168 296
168 360
168 396
168 401
168 420
168 449
168 456
168 470
168 472
168 474
168 485
168 487
168 493
168 494
168 496
168 499
169 281
169 302
169 313
169 322
169 361
169 376
169 400
169 408
169 415
169 421
169 434
169 447
169 458
169 469
169 485
169 491
169 494
169 496
169 499
170 88
170 190
170 234
170 259
170 263
170 348
170 390
170 393
170 397
170 401
170 416
170 436
170 441
170 482
170 486
170 490
170 492
170 495
170 499
171 68
171 104
171 127
171 140
171 230
171 265
171 307
171 316
171 345
171 373
171 381
171 411
171 417
171 418
171 451
171 456
171 492
171 493
171 498
172 9
172 176
172 180
172 191
172 223
172 312
172 340
172 344
172 347
172 352
172 400
172 425
172 457
172 458
172 476
172 490
172 492
172 495
172 499
173 21
173 97
173 180
173 189
173 190
173 201
173 245
173 288
173 323
173 438
173 462
173 481
173 484
173 488
173 489
173 491
173 493
173 496
173 499
174 11
174 106
174 150
174 171
174 209
174 246
174 252
174 267
174 292
174 321
174 366
174 399
174 413
174 448
174 454
174 461
174 473
174 491
174 498
175 11
175 199
175 247
175 271
175 283
175 290
175 352
175 364
175 372
175 393
175 398
175 432
175 447
175 463
175 488
175 490
175 494
175 496
175 497
176 140
176 157
176 342
176 360
176 371
176 401
176 409
176 420
176 437
176 439
176 448
176 467
176 470
176 480
176 486
176 488
176 489
176 498
176 499
177 23
177 144
177 261
177 358
177 364
177 374
177 380
177 391
177 398
177 440
177 445
177 447
177 449
177 478
177 484
177 487
177 492
177 494
177 499
178 36
178 58
178 242
178 244
178 271
178 326
178 331
178 332
178 378
178 380
178 430
178 438
178 439
178 455
178 461
178 470
178 480
178 492
178 499
179 136
179 147
179 215
179 230
179 241
179 289
179 291
179 293
179 317
179 335
179 365
179 366
179 384
179 402
179 461
179 466
179 483
179 489
179 498
180 34
180 117
180 136
180 190
180 268
180 304
180 327
180 363
180 379
180 396
180 401
180 420
180 431
180 477
180 490
180 491
180 494
180 496
180 499
181 0
181 10
181 78
181 112
181 187
181 345
181 374
181 375
181 385
181 400
181 421
181 425
181 441
181 457
181 487
181 490
181 495
181 498
181 499
182 67
182 92
182 167
182 201
182 236
182 244
182 292
182 300
182 312
182 352
182 434
182 447
182 452
182 457
182 481
182 490
182 495
182 499
183 94
183 108
183 122
183 190
183 232
183 239
183 355
183 415
183 442
183 447
183 463
183 471
183 476
183 488
183 490
183 491
183 496
183 497
183 499
184 22
184 106
184 195
184 281
184 314
184 317
184 320
184 366
184 411
184 414
184 429
184 434
184 448
184 469
184 479
184 483
184 486
184 493
184 498
185 102
185 120
185 192
185 209
185 220
185 278
185 303
185 330
185 335
185 342
185 372
185 376
185 446
185 448
185 456
185 471
185 480
185 489
185 498
186 58
186 122
186 162
186 180
186 183
186 201
186 216
186 258
186 299
186 370
186 415
186 455
186 463
186 487
186 488
186 490
186 495
186 497
186 499
187 33
187 54
187 104
187 120
187 164
187 166
187 312
187 336
187 390
187 393
187 406
187 409
187 449
187 478
187 481
187 488
187 494
187 495
187 499
188 29
188 218
188 227
188 240
188 254
188 281
188 339
188 348
188 424
188 449
188 451
188 472
188 484
188 490
188 491
188 495
188 496
188 497
189 97
189 143
189 151
189 184
189 194
189 238
189 281
189 299
189 354
189 363
189 375
189 395
189 401
189 428
189 457
189 494
189 496
189 497
189 499
190 9
190 11
190 34
190 103
190 165
190 166
190 170
190 206
190 231
190 282
190 285
190 398
190 441
190 456
190 476
190 481
190 497
190 499
191 80
191 91
191 170
191 220
191 272
191 283
191 319
191 375
191 383
191 427
191 460
191 474
191 486
191 487
191 492
191 493
191 496
191 499
192 204
192 210
192 212
192 250
192 285
192 295
192 317
192 348
192 372
192 425
192 435
192 456
192 464
192 465
192 490
192 494
192 495
192 496
192 499
193 148
193 188
193 244
193 304
193 340
193 377
193 380
193 427
193 443
193 444
193 446
193 456
193 458
193 469
193 482
193 484
193 491
193 498
193 499
194 52
194 76
194 167
194 222
194 258
194 288
194 350
194 412
194 416
194 431
194 456
194 460
194 477
194 490
194 491
194 497
194 498
194 499
195 24
195 160
195 164
195 208
195 218
195 235
195 323
195 327
195 354
195 371
195 400
195 440
195 449
195 459
195 463
195 482
195 485
195 495
195 496
196 159
196 181
196 227
196 312
196 316
196 323
196 406
196 441
196 443
196 449
196 450
196 451
196 455
196 460
196 478
196 481
196 496
196 497
196 499
197 3
197 12
197 31
197 57
197 125
197 126
197 161
197 235
197 243
197 268
197 315
197 339
197 454
197 461
197 474
197 479
197 492
197 493
197 498
198 67
198 98
198 116
198 153
198 177
198 184
198 289
198 293
198 310
198 331
198 373
198 379
198 405
198 459
198 469
198 480
198 486
198 492
198 498
199 189
199 223
199 374
199 406
199 413
199 418
199 424
199 446
199 460
199 462
199 476
199 484
199 488
199 489
199 490
199 491
199 497
199 499
200 181
200 250
200 313
200 317
200 322
200 337
200 387
200 391
200 418
200 421
200 425
200 431
200 442
200 449
200 484
200 487
200 490
200 491
200 493
201 80
201 105
201 112
201 242
201 353
201 380
201 398
201 424
201 427
201 443
201 474
201 475
201 482
201 483
201 494
201 496
201 497
201 499
202 14
202 17
202 44
202 86
202 89
202 111
202 112
202 140
202 171
202 331
202 389
202 411
202 438
202 468
202 483
202 486
202 492
202 493
202 498
203 90
203 145
203 184
203 213
203 266
203 301
203 317
203 338
203 343
203 394
203 395
203 436
203 470
203 472
203 483
203 489
203 492
203 494
203 498
204 104
204 168
204 306
204 324
204 343
204 346
204 360
204 372
204 380
204 393
204 396
204 404
204 415
204 443
204 465
204 481
204 482
204 495
204 499
205 125
205 129
205 198
205 226
205 245
205 313
205 374
205 400
205 401
205 405
205 418
205 465
205 471
205 488
205 495
205 496
205 497
205 499
206 151
206 189
206 246
206 263
206 297
206 307
206 365
206 370
206 424
206 431
206 434
206 443
206 457
206 465
206 471
206 482
206 490
206 497
206 499
207 24
207 163
207 267
207 347
207 350
207 381
207 389
207 394
207 422
207 440
207 445
207 474
207 477
207 480
207 481
207 486
207 492
207 494
207 498
208 122
208 159
208 274
208 325
208 347
208 353
208 408
208 434
208 440
208 444
208 455
208 474
208 482
208 488
208 493
208 495
208 496
208 499
209 32
209 42
209 115
209 161
209 247
209 395
209 400
209 405
209 410
209 430
209 433
209 464
209 467
209 472
209 474
209 479
209 483
209 489
209 498
210 8
210 25
210 126
210 194
210 211
210 225
210 328
210 361
210 398
210 456
210 457
210 462
210 472
210 482
210 491
210 494
210 496
210 499
211 27
211 91
211 143
211 151
211 155
211 190
211 221
211 260
211 294
211 390
211 413
211 424
211 435
211 443
211 446
211 474
211 478
211 494
211 496
212 14
212 239
212 272
212 334
212 353
212 358
212 391
212 413
212 433
212 436
212 462
212 474
212 482
212 484
212 490
212 491
212 495
212 496
212 497
213 72
213 83
213 113
213 182
213 265
213 275
213 297
213 317
213 342
213 396
213 437
213 451
213 454
213 459
213 479
213 482
213 492
213 493
213 498
214 50
214 58
214 149
214 220
214 225
214 266
214 295
214 368
214 419
214 423
214 429
214 470
214 479
214 480
214 482
214 491
214 492
214 495
214 498
215 54
215 145
215 148
215 154
215 206
215 249
215 282
215 322
215 337
215 387
215 423
215 444
215 445
215 452
215 481
215 491
215 495
215 497
215 499
216 23
216 85
216 97
216 168
216 192
216 206
216 274
216 312
216 319
216 327
216 428
216 436
216 451
216 456
216 471
216 475
216 491
216 497
216 499
217 26
217 47
217 76
217 102
217 155
217 174
217 273
217 284
217 292
217 345
217 397
217 425
217 463
217 480
217 483
217 489
217 492
217 493
217 498
218 60
218 122
218 140
218 167
218 187
218 226
218 261
218 268
218 295
218 316
218 388
218 410
218 460
218 481
218 491
218 494
218 495
218 497
218 499
219 115
219 120
219 182
219 245
219 257
219 274
219 303
219 316
219 351
219 360
219 366
219 383
219 432
219 436
219 440
219 472
219 490
219 499
220 8
220 58
220 280
220 293
220 297
220 334
220 351
220 380
220 412
220 434
220 435
220 442
220 457
220 464
220 494
220 495
220 497
220 499
221 80
221 118
221 205
221 352
221 356
221 382
221 392
221 407
221 439
221 441
221 448
221 452
221 468
221 479
221 489
221 490
221 491
221 493
221 498
222 55
222 116
222 279
222 285
222 330
222 361
222 380
222 396
222 458
222 471
222 484
222 485
222 489
222 491
222 494
222 495
222 496
222 498
222 499
223 122
223 186
223 196
223 275
223 295
223 324
223 340
223 417
223 418
223 422
223 440
223 443
223 463
223 475
223 482
223 484
223 494
223 498
223 499
224 62
224 73
224 184
224 291
224 314
224 389
224 416
224 426
224 438
224 444
224 446
224 456
224 461
224 483
224 485
224 492
224 493
224 497
224 498
225 82
225 83
225 174
225 194
225 229
225 230
225 237
225 256
225 257
225 275
225 317
225 394
225 419
225 432
225 454
225 479
225 483
225 489
225 498
226 86
226 118
226 232
226 259
226 296
226 347
226 391
226 410
226 413
226 418
226 424
226 436
226 451
226 457
226 491
226 492
226 495
226 496
226 499
227 109
227 164
227 175
227 245
227 264
227 348
227 384
227 406
227 427
227 444
227 451
227 464
227 473
227 487
227 491
227 495
227 496
227 497
227 499
228 27
228 50
228 52
228 58
228 191
228 199
228 200
228 207
228 237
228 313
228 370
228 416
228 451
228 452
228 456
228 484
228 485
228 496
228 499
229 1
229 134
229 176
229 196
229 308
229 367
229 372
229 382
229 410
229 427
229 428
229 460
229 468
229 469
229 477
229 479
229 483
229 492
229 498
230 2
230 185
230 219
230 223
230 315
230 325
230 366
230 371
230 410
230 433
230 437
230 453
230 466
230 481
230 486
230 489
230 492
230 493
230 498
231 32
231 37
231 74
231 127
231 157
231 225
231 330
231 345
231 369
231 391
231 410
231 431
231 433
231 436
231 453
231 466
231 489
231 495
231 498
232 30
232 74
232 103
232 183
232 208
232 270
232 274
232 280
232 286
232 379
232 416
232 478
232 490
232 494
232 495
232 496
232 497
232 498
232 499
233 62
233 82
233 191
233 313
233 341
233 363
233 371
233 388
233 403
233 411
233 412
233 452
233 463
233 485
233 490
233 491
233 497
233 499
234 28
234 31
234 88
234 101
234 103
234 154
234 218
234 400
234 408
234 424
234 431
234 442
234 452
234 456
234 457
234 476
234 495
234 497
234 499
235 80
235 109
235 176
235 318
235 332
235 357
235 365
235 404
235 444
235 460
235 481
235 482
235 484
235 488
235 489
235 491
235 494
235 496
236 16
236 48
236 171
236 205
236 227
236 262
236 305
236 344
236 365
236 369
236 384
236 412
236 413
236 431
236 461
236 488
236 495
236 497
236 499
237 45
237 50
237 53
237 72
237 111
237 129
237 171
237 202
237 253
237 292
237 409
237 449
237 466
237 473
237 483
237 492
237 493
237 496
237 498
238 43
238 159
238 282
238 287
238 310
238 332
238 351
238 387
238 400
238 405
238 415
238 425
238 446
238 462
238 463
238 474
238 488
238 496
238 499
239 6
239 168
239 183
239 265
239 271
239 320
239 328
239 348
239 374
239 377
239 390
239 451
239 466
239 472
239 484
239 485
239 487
239 496
239 499
240 57
240 84
240 93
240 150
240 215
240 278
240 440
240 455
240 463
240 476
240 484
240 488
240 490
240 494
240 495
240 497
240 498
240 499
241 13
241 65
241 96
241 99
241 130
241 247
241 262
241 326
241 367
241 399
241 420
241 429
241 439
241 453
241 454
241 464
241 489
241 492
241 498
242 0
242 13
242 42
242 87
242 99
242 114
242 152
242 209
242 231
242 254
242 296
242 309
242 319
242 345
242 355
242 364
242 411
242 492
242 498
243 82
243 115
243 125
243 149
243 161
243 223
243 330
243 339
243 373
243 446
243 448
243 458
243 468
243 483
243 488
243 489
243 491
243 492
243 498
244 20
244 25
244 33
244 200
244 260
244 283
244 299
244 300
244 311
244 327
244 428
244 436
244 449
244 482
244 484
244 494
244 497
244 498
244 499
245 48
245 67
245 71
245 185
245 250
245 303
245 318
245 324
245 360
245 370
245 406
245 423
245 454
245 462
245 471
245 487
245 496
245 497
245 499
246 0
246 17
246 79
246 113
246 217
246 264
246 320
246 331
246 333
246 359
246 368
246 372
246 429
246 448
246 471
246 491
246 492
246 493
246 498
247 25
247 36
247 119
247 205
247 242
247 291
247 330
247 361
247 399
247 403
247 405
247 419
247 453
247 466
247 468
247 473
247 475
247 493
247 498
248 145
248 148
248 272
248 277
248 296
248 299
248 304
248 375
248 377
248 383
248 388
248 406
248 409
248 414
248 447
248 455
248 472
248 475
248 494
249 255
249 257
249 309
249 319
249 322
249 352
249 374
249 393
249 415
249 421
249 434
249 441
249 482
249 487
249 491
249 497
249 498
249 499
250 1
250 40
250 96
250 177
250 238
250 273
250 349
250 361
250 363
250 397
250 423
250 463
250 477
250 481
250 485
250 488
250 495
250 497
250 499
251 78
251 162
251 195
251 239
251 282
251 290
251 351
251 378
251 434
251 444
251 467
251 473
251 482
251 487
251 490
251 493
251 495
251 499
252 37
252 71
252 131
252 155
252 206
252 230
252 306
252 329
252 372
252 382
252 389
252 391
252 396
252 409
252 468
252 479
252 480
252 493
252 498
253 59
253 83
253 98
253 210
253 239
253 306
253 317
253 321
253 382
253 423
253 437
253 453
253 459
253 473
253 475
253 490
253 493
253 497
253 498
254 142
254 148
254 198
254 292
254 300
254 307
254 333
254 336
254 359
254 368
254 373
254 376
254 421
254 448
254 461
254 469
254 470
254 489
254 498
255 1
255 227
255 251
255 286
255 327
255 351
255 419
255 423
255 442
255 446
255 449
255 474
255 476
255 488
255 494
255 495
255 498
255 499
256 44
256 66
256 70
256 133
256 142
256 168
256 229
256 252
256 289
256 358
256 408
256 410
256 417
256 430
256 467
256 470
256 494
256 495
256 498
257 149
257 244
257 279
257 344
257 362
257 370
257 374
257 401
257 414
257 424
257 440
257 451
257 455
257 482
257 487
257 494
257 495
257 497
257 499
258 92
258 137
258 196
258 216
258 229
258 248
258 299
258 343
258 346
258 403
258 415
258 439
258 443
258 445
258 451
258 472
258 482
258 487
258 491
259 137
259 235
259 248
259 263
259 288
259 366
259 375
259 401
259 414
259 427
259 440
259 442
259 461
259 464
259 481
259 482
259 487
259 494
259 496
260 102
260 107
260 229
260 264
260 318
260 341
260 343
260 346
260 349
260 373
260 391
260 449
260 455
260 464
260 488
260 493
260 495
260 496
260 499
261 96
261 208
261 209
261 370
261 383
261 400
261 403
261 418
261 432
261 435
261 458
261 464
261 474
261 491
261 495
261 496
261 497
261 499
262 3
262 46
262 147
262 157
262 307
262 314
262 326
262 379
262 426
262 447
262 453
262 461
262 468
262 470
262 481
262 487
262 492
262 493
262 498
263 6
263 58
263 132
263 275
263 284
263 285
263 311
263 322
263 325
263 346
263 423
263 467
263 472
263 475
263 481
263 490
263 496
263 497
263 499
264 57
264 148
264 189
264 276
264 401
264 431
264 446
264 455
264 461
264 478
264 484
264 487
264 488
264 490
264 494
264 495
264 498
264 499
265 59
265 106
265 189
265 203
265 320
265 355
265 358
265 386
265 389
265 407
265 414
265 430
265 442
265 453
265 468
265 469
265 479
265 497
265 498
266 25
266 37
266 75
266 77
266 134
266 152
266 216
266 224
266 265
266 330
266 333
266 357
266 383
266 419
266 437
266 475
266 486
266 493
266 498
267 7
267 130
267 169
267 185
267 215
267 231
267 250
267 262
267 269
267 291
267 300
267 385
267 402
267 479
267 484
267 486
267 492
267 493
267 498
268 92
268 189
268 246
268 258
268 302
268 305
268 351
268 364
268 386
268 423
268 424
268 471
268 477
268 482
268 486
268 494
268 495
268 496
268 497
269 20
269 44
269 142
269 295
269 308
269 370
269 374
269 398
269 430
269 434
269 460
269 470
269 479
269 485
269 489
269 492
269 495
269 496
269 498
270 113
270 226
270 238
270 248
270 286
270 298
270 344
270 383
270 393
270 414
270 462
270 468
270 472
270 476
270 481
270 487
270 488
270 497
270 499
271 120
271 146
271 194
271 242
271 352
271 366
271 369
271 414
271 415
271 434
271 445
271 449
271 456
271 457
271 482
271 490
271 495
271 496
271 497
272 16
272 18
272 34
272 93
272 212
272 215
272 324
272 433
272 436
272 455
272 467
272 472
272 478
272 490
272 494
272 495
272 497
272 499
273 9
273 40
273 163
273 225
273 230
273 301
273 309
273 329
273 409
273 412
273 430
273 480
273 487
273 488
273 489
273 492
273 493
273 498
273 499
274 91
274 154
274 263
274 313
274 328
274 334
274 369
274 371
274 426
274 446
274 452
274 457
274 462
274 488
274 495
274 496
274 497
274 498
274 499
275 24
275 47
275 213
275 269
275 298
275 315
275 329
275 342
275 352
275 444
275 448
275 458
275 461
275 483
275 484
275 486
275 492
275 493
275 498
276 0
276 46
276 120
276 141
276 169
276 284
276 415
276 428
276 431
276 434
276 444
276 463
276 474
276 479
276 486
276 491
276 495
276 496
276 499
277 33
277 142
277 179
277 226
277 245
277 315
277 367
277 376
277 390
277 408
277 439
277 448
277 461
277 467
277 478
277 486
277 489
277 493
277 498
278 35
278 50
278 75
278 135
278 184
278 257
278 258
278 355
278 372
278 399
278 457
278 469
278 477
278 481
278 484
278 486
278 497
278 498
278 499
279 28
279 172
279 205
279 216
279 240
279 259
279 296
279 335
279 435
279 446
279 452
279 465
279 484
279 489
279 490
279 495
279 496
279 497
279 499
280 27
280 77
280 138
280 162
280 196
280 245
280 350
280 353
280 360
280 375
280 392
280 428
280 437
280 461
280 463
280 477
280 495
280 499
281 166
281 200
281 255
281 318
281 369
281 399
281 400
281 401
281 413
281 441
281 449
281 460
281 485
281 488
281 490
281 494
281 497
281 498
281 499
282 76
282 148
282 162
282 182
282 233
282 299
282 331
282 360
282 402
282 428
282 441
282 449
282 451
282 475
282 487
282 488
282 494
282 495
282 497
283 198
283 217
283 218
283 222
283 298
283 324
283 343
283 351
283 414
283 427
283 465
283 475
283 477
283 478
283 487
283 488
283 494
283 496
283 499
284 205
284 210
284 223
284 241
284 268
284 270
284 290
284 322
284 326
284 364
284 378
284 379
284 465
284 478
284 482
284 490
284 491
284 497
284 498
285 81
285 93
285 103
285 187
285 234
285 235
285 279
285 286
285 311
285 341
285 344
285 353
285 414
285 455
285 464
285 465
285 469
285 487
285 491
286 110
286 177
286 223
286 244
286 267
286 317
286 350
286 367
286 380
286 383
286 444
286 456
286 482
286 484
286 485
286 494
286 497
286 499
287 2
287 171
287 224
287 247
287 283
287 292
287 326
287 345
287 372
287 400
287 437
287 439
287 463
287 472
287 473
287 488
287 492
287 493
287 498
288 61
288 183
288 211
288 253
288 271
288 322
288 327
288 343
288 350
288 352
288 421
288 424
288 434
288 452
288 462
288 480
288 484
288 487
288 496
289 19
289 22
289 59
289 130
289 159
289 217
289 224
289 321
289 329
289 409
289 454
289 470
289 473
289 482
289 484
289 492
289 493
289 495
289 498
290 119
290 144
290 154
290 169
290 264
290 272
290 296
290 337
290 344
290 389
290 404
290 408
290 434
290 460
290 492
290 494
290 497
290 498
290 499
291 71
291 179
291 214
291 243
291 246
291 247
291 321
291 326
291 416
291 420
291 421
291 451
291 461
291 470
291 480
291 483
291 486
291 489
291 498
292 5
292 25
292 29
292 99
292 131
292 225
292 241
292 278
292 290
292 385
292 421
292 433
292 453
292 459
292 487
292 492
292 493
292 496
292 498
293 4
293 51
293 135
293 207
293 253
293 260
293 277
293 291
293 345
293 361
293 380
293 433
293 465
293 467
293 470
293 492
293 493
293 497
293 498
294 242
294 256
294 296
294 345
294 372
294 397
294 411
294 426
294 428
294 448
294 461
294 464
294 466
294 469
294 474
294 486
294 488
294 493
294 498
295 111
295 190
295 255
295 298
295 337
295 344
295 347
295 393
295 403
295 406
295 442
295 472
295 476
295 479
295 481
295 495
295 496
295 497
295 499
296 6
296 121
296 129
296 249
296 286
296 330
296 425
296 444
296 449
296 455
296 458
296 472
296 483
296 489
296 491
296 495
296 496
296 497
296 499
297 88
297 156
297 218
297 281
297 304
297 344
297 347
297 362
297 399
297 412
297 442
297 475
297 490
297 491
297 492
297 494
297 495
297 497
297 499
298 7
298 81
298 102
298 214
298 266
298 331
298 338
298 340
298 367
298 409
298 426
298 433
298 450
298 458
298 479
298 485
298 488
298 493
298 498
299 77
299 234
299 251
299 274
299 286
299 315
299 319
299 320
299 348
299 367
299 416
299 423
299 427
299 450
299 475
299 490
299 491
299 496
299 497
300 104
300 105
300 158
300 182
300 219
300 231
300 297
300 338
300 365
300 378
300 416
300 424
300 453
300 488
300 494
300 495
300 496
300 498
300 499
301 40
301 59
301 83
301 140
301 157
301 321
301 333
301 366
301 399
301 402
301 422
301 430
301 449
301 458
301 459
301 471
301 480
301 482
301 498
302 60
302 117
302 175
302 218
302 268
302 300
302 325
302 358
302 361
302 364
302 378
302 413
302 439
302 459
302 481
302 485
302 488
302 494
302 495
303 85
303 126
303 137
303 147
303 201
303 205
303 238
303 251
303 272
303 353
303 354
303 404
303 462
303 477
303 491
303 496
303 497
303 499
304 92
304 94
304 161
304 173
304 222
304 226
304 249
304 349
304 365
304 381
304 398
304 446
304 451
304 455
304 456
304 466
304 482
304 485
304 494
305 49
305 121
305 154
305 188
305 211
305 219
305 250
305 310
305 341
305 373
305 418
305 443
305 465
305 475
305 487
305 489
305 496
305 497
305 499
306 101
306 118
306 265
306 329
306 342
306 371
306 385
306 409
306 437
306 439
306 450
306 473
306 480
306 484
306 486
306 489
306 492
306 495
306 498
307 37
307 55
307 229
307 252
307 262
307 314
307 337
307 350
307 369
307 409
307 414
307 459
307 470
307 473
307 478
307 486
307 493
307 496
307 498
308 68
308 87
308 131
308 197
308 218
308 275
308 277
308 357
308 372
308 388
308 411
308 422
308 434
308 439
308 475
308 480
308 489
308 493
308 498
309 15
309 174
309 236
309 273
309 301
309 315
309 320
309 338
309 382
309 445
309 448
309 450
309 455
309 461
309 468
309 471
309 489
309 493
309 498
310 69
310 81
310 89
310 113
310 184
310 212
310 284
310 289
310 338
310 356
310 366
310 367
310 382
310 435
310 466
310 467
310 480
310 493
310 498
311 28
311 94
311 137
311 191
311 257
311 280
311 328
311 365
311 396
311 425
311 443
311 446
311 460
311 472
311 474
311 480
311 491
311 494
311 496
312 146
312 150
312 177
312 194
312 195
312 238
312 301
312 325
312 434
312 442
312 472
312 478
312 484
312 494
312 495
312 497
312 499
313 21
313 52
313 65
313 156
313 191
313 276
313 314
313 332
313 349
313 378
313 396
313 404
313 414
313 446
313 462
313 464
313 471
313 488
313 495
314 7
314 99
314 111
314 179
314 197
314 255
314 262
314 294
314 304
314 336
314 359
314 383
314 405
314 438
314 460
314 486
314 492
314 498
314 499
315 91
315 147
315 185
315 202
315 208
315 247
315 309
315 335
315 345
315 359
315 362
315 397
315 408
315 417
315 422
315 458
315 492
315 493
315 498
316 129
316 167
316 178
316 201
316 285
316 305
316 328
316 378
316 403
316 420
316 442
316 444
316 463
316 478
316 489
316 495
316 496
316 497
316 499
317 36
317 46
317 128
317 202
317 349
317 355
317 367
317 373
317 392
317 395
317 435
317 447
317 450
317 454
317 459
317 460
317 489
317 492
317 498
318 14
318 80
318 86
318 193
318 206
318 218
318 248
318 284
318 286
318 375
318 431
318 476
318 491
318 492
318 495
318 496
318 497
318 499
319 8
319 54
319 162
319 178
319 250
319 303
319 346
319 349
319 375
319 387
319 408
319 419
319 437
319 451
319 460
319 477
319 490
319 491
319 498
320 147
320 211
320 238
320 250
320 269
320 273
320 287
320 289
320 317
320 399
320 438
320 453
320 462
320 470
320 483
320 493
320 494
320 495
320 498
321 9
321 13
321 60
321 74
321 104
321 157
321 186
321 208
321 242
321 309
321 335
321 368
321 397
321 404
321 409
321 479
321 480
321 493
321 498
322 73
322 81
322 95
322 97
322 122
322 183
322 294
322 312
322 332
322 408
322 413
322 460
322 464
322 481
322 491
322 492
322 494
322 497
322 499
323 30
323 124
323 158
323 164
323 199
323 260
323 280
323 281
323 379
323 440
323 447
323 464
323 474
323 475
323 476
323 485
323 493
323 497
323 499
324 30
324 96
324 100
324 138
324 142
324 228
324 261
324 290
324 336
324 352
324 360
324 413
324 414
324 430
324 455
324 456
324 464
324 494
324 497
325 8
325 13
325 110
325 170
325 172
325 186
325 193
325 327
325 339
325 395
325 399
325 403
325 444
325 460
325 481
325 491
325 494
325 496
325 499
326 128
326 131
326 149
326 157
326 301
326 329
326 343
326 353
326 411
326 433
326 450
326 453
326 468
326 478
326 486
326 490
326 491
326 492
326 498
327 35
327 61
327 72
327 77
327 85
327 211
327 212
327 250
327 391
327 425
327 456
327 458
327 476
327 485
327 491
327 494
327 495
327 499
328 56
328 110
328 230
328 276
328 300
328 325
328 337
328 351
328 369
328 377
328 418
328 445
328 458
328 480
328 485
328 491
328 495
328 496
328 499
329 10
329 75
329 106
329 113
329 153
329 230
329 232
329 266
329 282
329 298
329 338
329 342
329 367
329 430
329 450
329 490
329 492
329 493
329 498
330 69
330 97
330 127
330 234
330 246
330 289
330 298
330 359
330 394
330 406
330 409
330 450
330 465
330 466
330 479
330 480
330 486
330 496
330 498
331 19
331 82
331 148
331 229
331 241
331 254
331 272
331 301
331 326
331 352
331 426
331 446
331 459
331 461
331 470
331 477
331 492
331 493
331 498
332 10
332 41
332 141
332 153
332 156
332 257
332 336
332 363
332 374
332 394
332 431
332 441
332 462
332 468
332 472
332 483
332 488
332 491
332 497
333 26
333 51
333 74
333 143
333 154
333 174
333 203
333 269
333 277
333 381
333 386
333 397
333 402
333 459
333 463
333 479
333 481
333 492
333 498
334 14
334 143
334 165
334 276
334 280
334 285
334 416
334 422
334 445
334 472
334 474
334 481
334 487
334 488
334 491
334 494
334 495
334 497
334 499
335 9
335 26
335 55
335 156
335 214
335 252
335 318
335 329
335 376
335 394
335 434
335 456
335 473
335 479
335 480
335 482
335 483
335 489
335 498
336 26
336 47
336 88
336 90
336 208
336 218
336 237
336 316
336 360
336 375
336 415
336 445
336 452
336 460
336 476
336 494
336 495
336 497
336 499
337 52
337 187
337 207
337 248
337 257
337 296
337 412
337 443
337 447
337 461
337 474
337 475
337 476
337 485
337 487
337 491
337 495
337 497
337 499
338 4
338 237
338 255
338 301
338 307
338 309
338 346
338 367
338 397
338 439
338 443
338 450
338 459
338 466
338 480
338 483
338 486
338 492
338 498
339 19
339 38
339 83
339 89
339 136
339 149
339 152
339 171
339 243
339 254
339 350
339 372
339 412
339 424
339 434
339 436
339 483
339 492
339 498
340 54
340 195
340 226
340 248
340 252
340 379
340 384
340 431
340 432
340 434
340 436
340 439
340 447
340 452
340 463
340 467
340 476
340 487
340 491
341 73
341 156
341 268
341 282
341 285
341 304
341 393
341 413
341 415
341 444
341 448
341 458
341 476
341 478
341 490
341 492
341 494
341 496
341 499
342 22
342 63
342 161
342 176
342 306
342 308
342 345
342 368
342 371
342 405
342 417
342 439
342 445
342 474
342 476
342 479
342 484
342 486
342 498
343 56
343 84
343 97
343 260
343 285
343 312
343 341
343 355
343 369
343 393
343 408
343 431
343 456
343 463
343 470
343 471
343 472
343 477
343 487
344 12
344 28
344 41
344 148
344 160
344 186
344 346
344 362
344 387
344 413
344 428
344 453
344 457
344 485
344 488
344 494
344 495
344 496
344 499
345 87
345 241
345 287
345 363
345 395
345 417
345 439
345 448
345 450
345 453
345 459
345 466
345 470
345 471
345 484
345 485
345 487
345 498
345 499
346 3
346 13
346 63
346 261
346 268
346 302
346 341
346 353
346 396
346 425
346 428
346 449
346 450
346 456
346 457
346 458
346 488
346 497
346 499
347 104
347 110
347 117
347 118
347 126
347 204
347 370
347 374
347 384
347 436
347 441
347 457
347 463
347 483
347 490
347 491
347 495
347 499
348 18
348 95
348 117
348 259
348 286
348 331
348 334
348 363
348 430
348 444
348 457
348 488
348 490
348 491
348 493
348 495
348 496
348 497
348 499
349 37
349 49
349 53
349 172
349 175
349 223
349 235
349 236
349 333
349 350
349 383
349 412
349 431
349 488
349 491
349 494
349 495
349 499
350 11
350 182
350 239
350 290
350 297
350 364
350 377
350 444
350 453
350 456
350 457
350 470
350 472
350 477
350 494
350 497
350 498
350 499
351 65
351 145
351 210
351 315
351 337
351 349
351 357
351 365
351 387
351 396
351 426
351 477
351 481
351 482
351 487
351 494
351 495
351 496
351 499
352 49
352 52
352 135
352 219
352 236
352 324
352 345
352 404
352 413
352 464
352 478
352 483
352 488
352 490
352 491
352 494
352 495
352 496
352 499
353 67
353 86
353 181
353 215
353 216
353 324
353 340
353 364
353 375
353 436
353 444
353 465
353 466
353 475
353 478
353 490
353 494
353 496
353 499
354 17
354 47
354 54
354 61
354 238
354 239
354 277
354 318
354 337
354 350
354 393
354 428
354 449
354 457
354 471
354 482
354 495
354 497
354 499
355 20
355 37
355 134
355 204
355 252
355 282
355 287
355 352
355 375
355 389
355 392
355 422
355 429
355 437
355 450
355 459
355 466
355 492
355 498
356 15
356 107
356 253
356 261
356 267
356 307
356 331
356 374
356 376
356 403
356 410
356 453
356 467
356 486
356 487
356 489
356 492
356 493
356 498
357 56
357 66
357 99
357 176
357 213
357 273
357 294
357 366
357 417
357 456
357 466
357 467
357 470
357 477
357 483
357 486
357 494
357 497
357 498
358 76
358 124
358 291
358 324
358 339
358 357
358 394
358 399
358 405
358 411
358 417
358 437
358 438
358 448
358 472
358 480
358 486
358 491
358 498
359 20
359 71
359 83
359 124
359 133
359 176
359 229
359 265
359 333
359 339
359 360
359 400
359 442
359 450
359 480
359 483
359 494
359 496
359 498
360 16
360 167
360 205
360 220
360 221
360 243
360 263
360 345
360 354
360 377
360 424
360 446
360 452
360 458
360 465
360 475
360 476
360 481
360 499
361 17
361 105
361 122
361 192
361 260
361 336
361 350
361 366
361 383
361 404
361 428
361 436
361 452
361 465
361 478
361 488
361 494
361 497
361 499
362 24
362 31
362 104
362 186
362 228
362 251
362 295
362 311
362 328
362 350
362 414
362 443
362 460
362 485
362 488
362 490
362 491
362 492
362 497
363 84
363 144
363 259
363 297
363 365
363 377
363 423
363 438
363 443
363 458
363 462
363 472
363 474
363 479
363 488
363 491
363 497
363 498
363 499
364 39
364 54
364 65
364 129
364 187
364 259
364 289
364 332
364 365
364 441
364 455
364 456
364 458
364 464
364 485
364 493
364 494
364 497
364 499
365 80
365 131
365 160
365 210
365 269
365 313
365 420
365 428
365 435
365 436
365 443
365 457
365 465
365 474
365 475
365 477
365 481
365 494
365 497
366 60
366 76
366 125
366 135
366 213
366 240
366 278
366 283
366 287
366 289
366 319
366 320
366 338
366 345
366 398
366 433
366 437
366 489
366 498
367 9
367 37
367 124
367 138
367 254
367 362
367 376
367 386
367 419
367 420
367 435
367 437
367 467
367 468
367 480
367 483
367 489
367 497
367 498
368 106
368 116
368 133
368 163
368 171
368 236
368 246
368 293
368 431
368 444
368 447
368 453
368 466
368 468
368 469
368 473
368 489
368 492
368 498
369 10
369 61
369 109
369 164
369 232
369 260
369 278
369 285
369 305
369 377
369 403
369 410
369 417
369 418
369 424
369 427
369 449
369 492
369 499
370 44
370 55
370 201
370 211
370 234
370 264
370 303
370 384
370 398
370 404
370 416
370 421
370 451
370 454
370 456
370 477
370 491
370 496
370 497
371 13
371 39
371 76
371 115
371 131
371 176
371 410
371 411
371 424
371 430
371 438
371 440
371 443
371 461
371 475
371 478
371 486
371 495
371 498
372 135
372 139
372 157
372 328
372 365
372 367
372 407
372 411
372 413
372 433
372 454
372 458
372 459
372 463
372 468
372 476
372 479
372 489
372 498
373 47
373 78
373 142
373 158
373 236
373 243
373 312
373 326
373 357
373 399
373 411
373 420
373 452
373 453
373 467
373 473
373 479
373 480
373 498
374 64
374 93
374 108
374 172
374 365
374 376
374 397
374 414
374 416
374 436
374 449
374 460
374 467
374 472
374 487
374 494
374 496
374 497
374 499
375 52
375 57
375 88
375 118
375 143
375 157
375 240
375 304
375 305
375 352
375 384
375 421
375 423
375 467
375 471
375 496
375 497
375 499
376 24
376 92
376 159
376 231
376 242
376 301
376 366
376 371
376 385
376 420
376 421
376 450
376 454
376 467
376 469
376 486
376 490
376 494
376 498
377 109
377 148
377 169
377 173
377 192
377 248
377 361
377 408
377 428
377 432
377 458
377 476
377 478
377 486
377 491
377 496
377 499
378 112
378 114
378 129
378 136
378 150
378 162
378 263
378 344
378 354
378 365
378 396
378 423
378 442
378 458
378 464
378 471
378 490
378 491
378 497
379 10
379 158
379 199
379 300
379 316
379 332
379 390
379 412
379 432
379 437
379 462
379 470
379 482
379 485
379 488
379 495
379 497
379 499
380 100
380 107
380 144
380 145
380 212
380 222
380 226
380 251
380 279
380 332
380 378
380 427
380 470
380 488
380 494
380 495
380 497
380 499
381 86
381 133
381 149
381 207
381 247
381 307
381 310
381 313
381 317
381 322
381 362
381 389
381 405
381 443
381 450
381 459
381 483
381 493
381 498
382 70
382 214
382 246
382 266
382 284
382 293
382 301
382 330
382 372
382 415
382 417
382 418
382 459
382 461
382 465
382 489
382 492
382 497
382 498
383 33
383 133
383 186
383 220
383 284
383 299
383 328
383 341
383 348
383 362
383 393
383 404
383 443
383 488
383 493
383 494
383 495
383 498
383 499
384 16
384 121
384 155
384 216
384 228
384 336
384 346
384 349
384 393
384 423
384 447
384 450
384 469
384 474
384 481
384 482
384 493
384 494
384 499
385 44
385 102
385 174
385 245
385 262
385 275
385 293
385 294
385 315
385 329
385 339
385 343
385 356
385 440
385 466
385 473
385 483
385 496
385 498
386 39
386 47
386 68
386 147
386 202
386 250
386 258
386 295
386 333
386 358
386 417
386 425
386 450
386 454
386 475
386 479
386 492
386 493
386 498
387 49
387 95
387 192
387 210
387 299
387 312
387 347
387 380
387 441
387 448
387 457
387 464
387 465
387 480
387 487
387 496
387 497
387 499
388 101
388 164
388 362
388 363
388 377
388 380
388 384
388 389
388 404
388 408
388 415
388 423
388 441
388 456
388 471
388 482
388 485
388 486
388 491
389 55
389 320
389 329
389 335
389 356
389 417
389 426
389 453
389 454
389 459
389 473
389 481
389 483
389 487
389 492
389 493
389 494
389 495
389 498
390 18
390 20
390 60
390 138
390 165
390 167
390 204
390 258
390 327
390 330
390 415
390 443
390 463
390 478
390 492
390 493
390 496
390 497
390 499
391 58
391 90
391 96
391 160
391 227
391 301
391 302
391 359
391 392
391 396
391 421
391 451
391 465
391 475
391 484
391 496
391 497
391 499
392 19
392 20
392 87
392 111
392 132
392 133
392 151
392 178
392 351
392 356
392 376
392 420
392 439
392 448
392 459
392 463
392 485
392 492
392 498
393 23
393 64
393 272
393 323
393 334
393 336
393 348
393 359
393 416
393 440
393 464
393 477
393 483
393 487
393 494
393 496
393 497
393 499
394 43
394 69
394 253
394 285
394 292
394 314
394 329
394 339
394 359
394 386
394 387
394 444
394 454
394 469
394 473
394 485
394 489
394 493
394 498
395 5
395 26
395 173
395 267
395 292
395 298
395 385
395 407
395 419
395 426
395 435
395 439
395 461
395 469
395 471
395 489
395 492
395 493
395 498
396 0
396 6
396 112
396 141
396 149
396 188
396 263
396 264
396 274
396 291
396 295
396 316
396 325
396 378
396 487
396 497
396 498
396 499
397 54
397 70
397 89
397 114
397 156
397 179
397 199
397 221
397 243
397 256
397 310
397 355
397 402
397 432
397 467
397 468
397 485
397 490
397 498
398 7
398 90
398 96
398 175
398 179
398 220
398 279
398 292
398 343
398 390
398 421
398 458
398 464
398 477
398 481
398 482
398 485
398 487
398 499
399 72
399 254
399 266
399 287
399 309
399 325
399 331
399 356
399 381
399 386
399 397
399 415
399 443
399 467
399 469
399 490
399 492
399 493
399 498
400 215
400 234
400 283
400 313
400 325
400 333
400 334
400 386
400 403
400 431
400 443
400 452
400 478
400 488
400 494
400 495
400 496
400 498
400 499
401 29
401 112
401 117
401 221
401 222
401 297
401 313
401 384
401 429
401 435
401 456
401 476
401 484
401 491
401 494
401 495
401 497
401 499
402 56
402 203
402 231
402 315
402 330
402 337
402 343
402 358
402 383
402 384
402 386
402 422
402 454
402 479
402 480
402 492
402 493
402 496
402 498
403 73
403 160
403 180
403 181
403 216
403 288
403 295
403 297
403 305
403 379
403 387
403 458
403 474
403 481
403 484
403 490
403 495
403 496
403 499
404 54
404 143
404 235
404 270
404 279
404 291
404 296
404 348
404 352
404 353
404 377
404 443
404 451
404 461
404 486
404 491
404 494
404 499
405 2
405 35
405 259
405 263
405 338
405 357
405 395
405 402
405 406
405 407
405 459
405 467
405 468
405 479
405 488
405 489
405 495
405 497
405 498
406 51
406 66
406 108
406 123
406 146
406 211
406 236
406 279
406 330
406 348
406 424
406 445
406 484
406 485
406 487
406 488
406 489
406 495
406 497
407 38
407 99
407 121
407 127
407 225
407 243
407 262
407 337
407 339
407 376
407 383
407 394
407 423
407 430
407 439
407 461
407 471
407 473
407 498
408 60
408 84
408 132
408 138
408 233
408 234
408 290
408 297
408 350
408 364
408 445
408 458
408 470
408 471
408 485
408 493
408 495
408 497
408 499
409 22
409 149
409 185
409 191
409 210
409 222
409 247
409 252
409 333
409 355
409 358
409 364
409 374
409 385
409 429
409 442
409 483
409 493
409 498
410 108
410 259
410 278
410 287
410 309
410 317
410 322
410 338
410 381
410 454
410 457
410 461
410 469
410 473
410 486
410 487
410 489
410 493
410 498
411 46
411 82
411 141
411 241
411 252
411 298
411 357
411 368
411 376
411 389
411 422
411 440
411 443
411 453
411 457
411 467
411 479
411 492
411 498
412 14
412 105
412 108
412 169
412 237
412 279
412 290
412 388
412 427
412 436
412 440
412 441
412 462
412 473
412 490
412 491
412 492
412 496
412 497
413 120
413 122
413 226
413 241
413 260
413 295
413 302
413 336
413 344
413 354
413 363
413 406
413 423
413 445
413 460
413 491
413 496
413 498
413 499
414 108
414 169
414 170
414 284
414 289
414 322
414 328
414 332
414 364
414 371
414 398
414 446
414 450
414 484
414 491
414 494
414 496
414 499
415 88
415 174
415 193
415 267
415 279
415 312
415 378
415 379
415 424
415 435
415 442
415 458
415 462
415 464
415 484
415 488
415 496
415 497
415 499
416 181
416 222
416 276
416 286
416 340
416 342
416 363
416 384
416 388
416 414
416 422
416 424
416 438
416 463
416 484
416 485
416 496
416 499
417 32
417 95
417 126
417 247
417 342
417 394
417 407
417 418
417 426
417 448
417 472
417 473
417 480
417 482
417 486
417 489
417 492
417 493
417 498
418 95
418 182
418 224
418 245
418 265
418 316
418 333
418 336
418 347
418 425
418 432
418 440
418 455
418 460
418 478
418 481
418 482
418 495
419 19
419 111
419 123
419 130
419 147
419 152
419 203
419 216
419 243
419 260
419 289
419 327
419 386
419 399
419 450
419 467
419 470
419 489
419 498
420 4
420 26
420 59
420 213
420 280
420 318
420 320
420 321
420 335
420 369
420 392
420 395
420 401
420 409
420 430
420 468
420 480
420 498
420 499
421 36
421 146
421 165
421 196
421 363
421 370
421 404
421 417
421 433
421 441
421 457
421 458
421 470
421 474
421 477
421 478
421 491
421 497
421 499
422 63
422 70
422 71
422 85
422 170
422 242
422 265
422 278
422 324
422 342
422 368
422 410
422 454
422 462
422 463
422 467
422 469
422 470
422 498
423 53
423 120
423 145
423 170
423 183
423 233
423 270
423 283
423 318
423 354
423 356
423 361
423 471
423 488
423 490
423 491
423 497
423 499
424 69
424 123
424 141
424 180
424 200
424 240
424 274
424 296
424 354
424 421
424 440
424 447
424 455
424 458
424 464
424 475
424 485
424 496
424 499
425 118
425 215
425 258
425 311
425 341
425 361
425 388
425 414
425 420
425 462
425 478
425 481
425 491
425 492
425 494
425 495
425 496
425 497
425 499
426 19
426 178
426 179
426 221
426 240
426 301
426 321
426 349
426 372
426 402
426 417
426 469
426 475
426 482
426 489
426 492
426 493
426 495
426 498
427 93
427 199
427 232
427 283
427 288
427 329
427 441
427 443
427 446
427 459
427 476
427 485
427 487
427 490
427 491
427 494
427 495
427 497
427 498
428 79
428 220
428 236
428 270
428 271
428 311
428 380
428 410
428 415
428 423
428 430
428 446
428 451
428 474
428 478
428 482
428 485
428 495
428 497
429 71
429 79
429 98
429 115
429 163
429 164
429 178
429 221
429 386
429 420
429 450
429 461
429 466
429 469
429 482
429 483
429 492
429 494
429 498
430 138
430 153
430 195
430 201
430 224
430 266
430 306
430 307
430 309
430 357
430 371
430 381
430 426
430 438
430 439
430 473
430 484
430 492
430 498
431 64
431 123
431 144
431 235
431 250
431 257
431 264
431 381
431 383
431 400
431 418
431 432
431 449
431 454
431 456
431 475
431 488
431 490
431 496
432 19
432 59
432 109
432 118
432 147
432 201
432 215
432 255
432 323
432 352
432 379
432 408
432 425
432 440
432 472
432 490
432 494
432 497
432 499
433 63
433 110
433 135
433 139
433 178
433 225
433 278
433 279
433 291
433 346
433 367
433 392
433 395
433 399
433 417
433 422
433 492
433 493
433 498
434 8
434 49
434 103
434 117
434 188
434 199
434 214
434 387
434 398
434 406
434 452
434 475
434 490
434 493
434 494
434 497
434 498
434 499
435 30
435 80
435 86
435 118
435 150
435 189
435 305
435 346
435 360
435 387
435 391
435 413
435 421
435 440
435 452
435 484
435 495
435 496
435 497
436 90
436 121
436 144
436 177
436 238
436 239
436 276
436 290
436 399
436 416
436 429
436 432
436 440
436 471
436 488
436 490
436 491
436 495
436 497
437 10
437 50
437 64
437 69
437 103
437 163
437 165
437 184
437 253
437 256
437 326
437 392
437 405
437 410
437 430
437 473
437 476
437 492
437 498
438 68
438 282
438 302
438 306
438 314
438 358
438 392
438 410
438 417
438 419
438 437
438 440
438 441
438 461
438 470
438 473
438 486
438 492
438 498
439 144
439 200
439 213
439 267
439 299
439 321
439 338
439 361
439 366
439 380
439 394
439 459
439 481
439 483
439 489
439 492
439 497
439 498
439 499
440 38
440 154
440 155
440 195
440 306
440 314
440 369
440 378
440 432
440 442
440 455
440 463
440 472
440 474
440 476
440 488
440 495
440 498
440 499
441 0
441 92
441 200
441 240
441 283
441 346
441 349
441 378
441 387
441 403
441 408
441 446
441 474
441 490
441 491
441 493
441 497
441 498
441 499
442 70
442 77
442 119
442 152
442 343
442 374
442 377
442 384
442 407
442 408
442 415
442 447
442 448
442 458
442 460
442 490
442 491
442 494
442 495
443 8
443 28
443 48
443 65
443 80
443 113
443 187
443 194
443 271
443 291
443 304
443 348
443 468
443 469
443 477
443 485
443 490
443 496
443 499
444 62
444 94
444 100
444 102
444 182
444 190
444 226
444 286
444 341
444 377
444 396
444 435
444 436
444 455
444 476
444 484
444 485
444 496
444 497
445 29
445 133
445 204
445 225
445 228
445 305
445 360
445 382
445 412
445 416
445 421
445 457
445 462
445 474
445 475
445 478
445 481
445 487
445 499
446 65
446 98
446 159
446 244
446 256
446 284
446 296
446 337
446 353
446 364
446 377
446 388
446 404
446 460
446 478
446 495
446 496
446 499
447 18
447 38
447 210
447 367
447 379
447 382
447 401
447 406
447 421
447 432
447 445
447 455
447 468
447 481
447 488
447 490
447 494
447 497
447 499
448 20
448 72
448 158
448 198
448 237
448 283
448 314
448 320
448 329
448 332
448 356
448 376
448 382
448 397
448 442
448 466
448 483
448 488
448 498
449 62
449 78
449 91
449 163
449 205
449 236
449 265
449 318
449 398
449 400
449 407
449 415
449 453
449 471
449 478
449 481
449 488
449 496
449 497
450 63
450 93
450 173
450 197
450 221
450 256
450 333
450 366
450 373
450 387
450 395
450 437
450 438
450 454
450 459
450 473
450 486
450 493
450 498
451 108
451 146
451 170
451 173
451 199
451 269
451 276
451 288
451 292
451 295
451 328
451 334
451 401
451 411
451 412
451 435
451 477
451 491
451 497
452 124
452 182
452 194
452 249
452 274
452 303
452 325
452 363
452 382
452 447
452 475
452 482
452 487
452 488
452 495
452 496
452 497
452 499
453 44
453 55
453 68
453 89
453 124
453 181
453 224
453 242
453 275
453 287
453 293
453 360
453 480
453 483
453 486
453 487
453 490
453 493
453 498
454 4
454 269
454 287
454 297
454 307
454 320
454 335
454 348
454 356
454 453
454 461
454 470
454 473
454 488
454 489
454 492
454 493
454 496
454 498
455 37
455 58
455 67
455 116
455 215
455 296
455 305
455 343
455 353
455 363
455 369
455 404
455 418
455 452
455 462
455 477
455 495
455 497
455 499
456 64
456 98
456 164
456 208
456 277
456 284
456 300
456 304
456 349
456 354
456 355
456 383
456 418
456 458
456 487
456 490
456 491
456 498
456 499
457 67
457 119
457 228
457 238
457 271
457 273
457 305
457 322
457 323
457 324
457 346
457 351
457 353
457 406
457 409
457 451
457 471
457 476
457 478
458 32
458 39
458 93
458 146
458 172
458 204
458 219
458 354
458 398
458 415
458 427
458 440
458 464
458 478
458 488
458 491
458 496
458 497
458 498
459 1
459 33
459 128
459 171
459 198
459 241
459 277
459 351
459 354
459 356
459 375
459 417
459 422
459 438
459 464
459 487
459 492
459 493
459 498
460 84
460 131
460 175
460 187
460 233
460 249
460 299
460 379
460 390
460 396
460 445
460 471
460 478
460 481
460 485
460 488
460 489
460 494
460 497
461 24
461 169
461 183
461 246
461 278
461 308
461 316
461 368
461 390
461 397
461 415
461 417
461 426
461 454
461 472
461 474
461 483
461 493
461 498
462 154
462 210
462 261
462 284
462 304
462 313
462 334
462 341
462 365
462 385
462 412
462 424
462 445
462 452
462 473
462 477
462 481
462 489
462 497
463 73
463 168
463 199
463 211
463 213
463 316
463 341
463 391
463 416
463 429
463 457
463 462
463 473
463 474
463 476
463 484
463 487
463 490
463 491
464 150
464 168
464 194
464 236
464 325
464 370
464 387
464 390
464 401
464 408
464 426
464 469
464 471
464 475
464 482
464 485
464 490
464 494
464 495
465 85
465 200
465 206
465 340
465 342
465 346
465 349
465 350
465 356
465 390
465 413
465 460
465 469
465 475
465 484
465 491
465 492
465 494
465 497
466 5
466 32
466 66
466 106
466 115
466 262
466 331
466 406
466 410
466 425
466 438
466 457
466 462
466 478
466 479
466 483
466 489
466 493
466 498
467 7
467 44
467 111
467 125
467 140
467 231
467 233
467 239
467 267
467 277
467 293
467 318
467 378
467 411
467 428
467 437
467 493
467 497
467 498
468 4
468 102
468 217
468 269
468 278
468 288
468 289
468 356
468 381
468 420
468 426
468 429
468 430
468 442
468 453
468 455
468 486
468 490
468 498
469 22
469 30
469 56
469 117
469 224
469 252
469 269
469 273
469 294
469 310
469 355
469 359
469 395
469 397
469 412
469 461
469 473
469 486
469 498
470 1
470 13
470 39
470 127
470 132
470 252
470 298
470 324
470 342
470 357
470 368
470 370
470 394
470 405
470 418
470 426
470 444
470 479
470 498
471 94
471 116
471 179
471 211
471 245
471 257
471 281
471 297
471 316
471 403
471 431
471 435
471 465
471 479
471 484
471 489
471 490
471 496
471 499
472 96
472 101
472 114
472 169
472 177
472 208
472 227
472 230
472 347
472 388
472 406
472 408
472 441
472 474
472 477
472 487
472 491
472 496
472 499
473 7
473 35
473 36
473 63
473 113
473 230
473 251
473 332
473 337
473 371
473 411
473 439
473 459
473 469
473 470
473 472
473 485
473 492
473 498
474 30
474 151
474 216
474 303
474 306
474 340
474 350
474 385
474 389
474 457
474 464
474 465
474 476
474 477
474 478
474 482
474 490
474 494
474 499
475 42
475 43
475 123
475 223
475 234
475 263
475 305
475 341
475 374
475 388
475 398
475 404
475 440
475 454
475 457
475 472
475 480
475 482
475 495
476 21
476 27
476 52
476 90
476 106
476 138
476 238
476 288
476 290
476 353
476 444
476 446
476 452
476 465
476 490
476 491
476 493
476 494
476 499
477 18
477 59
477 107
477 127
477 175
477 216
477 228
477 280
477 347
477 350
477 353
477 363
477 412
477 432
477 456
477 471
477 478
477 498
477 499
478 29
478 61
478 126
478 163
478 204
478 227
478 233
478 297
478 327
478 340
478 353
478 356
478 392
478 428
478 434
478 462
478 484
478 490
478 494
479 31
479 44
479 326
479 348
479 359
479 363
479 377
479 392
479 393
479 407
479 417
479 429
479 462
479 467
479 469
479 483
479 484
479 487
479 498
480 8
480 15
480 56
480 71
480 140
480 162
480 262
480 338
480 342
480 344
480 373
480 386
480 407
480 438
480 473
480 481
480 489
480 493
480 498
481 23
481 107
481 112
481 121
481 126
481 184
481 335
481 377
481 384
481 421
481 428
481 476
481 487
481 490
481 494
481 495
481 496
481 498
481 499
482 2
482 46
482 199
482 220
482 260
482 308
482 319
482 322
482 334
482 337
482 369
482 425
482 434
482 445
482 458
482 474
482 476
482 496
482 499
483 5
483 117
483 217
483 246
483 254
483 256
483 267
483 293
483 311
483 319
483 346
483 385
483 409
483 438
483 448
483 459
483 492
483 496
483 498
484 85
484 137
484 254
484 282
484 319
484 363
484 369
484 384
484 393
484 401
484 432
484 466
484 471
484 474
484 482
484 486
484 492
484 496
484 499
485 16
485 62
485 100
485 146
485 219
485 247
485 280
485 288
485 325
485 343
485 389
485 427
485 435
485 436
485 450
485 465
485 494
485 495
485 498
486 163
486 189
486 224
486 344
486 357
486 371
486 380
486 385
486 389
486 395
486 407
486 448
486 450
486 462
486 468
486 487
486 489
486 493
486 498
487 30
487 74
487 80
487 93
487 130
487 134
487 208
487 234
487 318
487 378
487 396
487 444
487 452
487 478
487 485
487 486
487 495
487 497
487 499
488 103
488 107
488 141
488 223
488 276
488 311
488 365
488 397
488 404
488 430
488 439
488 445
488 446
488 465
488 466
488 478
488 481
488 491
488 499
489 1
489 32
489 174
489 201
489 214
489 249
489 328
489 359
489 389
489 439
489 454
489 466
489 469
489 480
489 483
489 486
489 492
489 493
489 494
490 14
490 35
490 49
490 228
490 258
490 276
490 319
490 322
490 334
490 364
490 368
490 381
490 406
490 425
490 432
490 463
490 471
490 477
490 494
491 223
491 300
491 303
491 304
491 311
491 370
491 444
491 458
491 468
491 471
491 475
491 479
491 485
491 487
491 488
491 489
491 495
491 496
491 499
492 128
492 152
492 280
492 298
492 310
492 371
492 376
492 398
492 402
492 408
492 423
492 433
492 437
492 470
492 477
492 486
492 487
492 493
492 498
493 28
493 38
493 98
493 114
493 130
493 277
493 291
493 302
493 338
493 355
493 385
493 392
493 457
493 467
493 469
493 481
493 486
493 491
493 498
494 33
494 166
494 180
494 204
494 248
494 311
494 352
494 408
494 426
494 435
494 437
494 447
494 449
494 452
494 475
494 478
494 490
494 496
494 499
495 117
495 151
495 170
495 271
495 283
495 324
495 377
495 384
495 388
495 418
495 424
495 442
495 447
495 462
495 483
495 491
495 496
495 498
495 499
496 123
496 146
496 157
496 164
496 239
496 307
496 349
496 401
496 435
496 449
496 454
496 464
496 465
496 477
496 484
496 485
496 487
496 497
496 499
497 92
497 143
497 148
497 158
497 193
497 195
497 255
497 261
497 325
497 361
497 406
497 428
497 435
497 442
497 445
497 463
497 490
497 495
497 498
498 46
498 74
498 77
498 79
498 85
498 188
498 214
498 292
498 373
498 407
498 419
498 420
498 437
498 473
498 486
498 489
498 490
498 492
498 493
499 60
499 86
499 165
499 195
499 266
499 288
499 308
499 343
499 347
499 403
499 406
499 418
499 432
499 457
499 479
499 494
499 495
499 497
499 498
