0 45
1 39
2 64
3 23
4 28
5 59
6 16
7 70
8 61
9 38
10 22
11 3
12 70
13 67
14 59
15 57
16 18
17 63
18 16
19 19
20 23
21 26
22 64
23 11
24 12
25 12
26 23
27 71
28 3
29 67
30 28
31 8
32 27
33 1
34 2
35 31
36 59
37 20
38 60
39 71
40 61
41 7
42 32
43 19
44 15
45 52
46 27
47 4
48 12
49 27
50 42
51 28
52 62
53 62
54 32
55 69
56 30
57 1
58 52
59 54
60 33
61 41
62 15
63 29
64 30
65 69
66 59
67 52
68 56
69 31
70 61
71 11
72 37
73 61
74 40
75 10
76 30
77 58
78 64
79 48
80 16
81 36
82 67
83 30
84 52
85 59
86 19
87 43
88 66
89 18
90 42
91 14
92 61
93 19
94 51
95 16
96 6
97 65
98 36
99 61
100 34
101 36
102 14
103 64
104 34
105 11
106 30
107 52
108 69
109 27
110 37
111 29
112 44
113 7
114 57
115 23
116 30
117 2
118 4
119 13
120 15
121 24
122 32
123 61
124 55
125 56
126 17
127 57
128 11
129 6
130 70
131 13
132 16
133 15
134 18
135 53
136 13
137 7
138 39
139 27
140 38
141 42
142 48
143 9
144 7
145 4
146 9
147 25
148 38
149 53
150 8
151 22
152 16
153 54
154 10
155 68
156 21
157 55
158 36
159 68
160 13
161 45
162 32
163 35
164 49
165 11
166 38
167 21
168 10
169 55
170 58
171 29
172 42
173 3
174 47
175 15
176 28
177 51
178 36
179 46
180 51
181 11
182 69
183 31
184 43
185 40
186 38
187 8
188 24
189 49
190 34
191 6
192 37
193 53
194 7
195 40
196 25
197 20
198 56
199 36
200 55
201 68
202 45
203 7
204 5
205 64
206 49
207 13
208 11
209 30
210 33
211 26
212 45
213 67
214 1
215 65
216 18
217 9
218 14
219 52
220 16
221 9
222 8
223 64
224 12
225 9
226 29
227 4
228 29
229 12
230 17
231 36
232 24
233 3
234 21
235 41
236 55
237 2
238 1
239 45
240 9
241 14
242 52
243 11
244 49
245 27
246 16
247 70
248 4
249 51
250 21
251 35
252 37
253 2
254 17
255 46
256 59
257 23
258 21
259 57
260 37
261 18
262 1
263 49
264 25
265 38
266 68
267 49
268 18
269 38
270 29
271 64
272 5
273 30
274 61
275 48
276 12
277 59
278 41
279 32
280 25
281 33
282 63
283 42
284 51
285 15
286 31
287 67
288 61
289 25
290 68
291 59
292 53
293 7
294 36
295 33
296 46
297 2
298 44
299 60
300 4
301 12
302 51
303 49
304 45
305 20
306 63
307 16
308 52
309 58
310 13
311 60
312 28
313 30
314 25
315 30
316 71
317 37
318 69
319 33
320 70
321 25
322 57
323 65
324 68
325 35
326 71
327 8
328 56
329 59
330 21
331 27
332 28
333 53
334 46
335 60
336 43
337 51
338 1
339 45
340 28
341 24
342 17
343 69
344 21
345 14
346 52
347 64
348 6
349 28
350 48
351 43
352 25
353 59
354 14
355 45
356 65
357 35
358 3
359 53
360 16
361 22
362 26
363 67
364 59
365 28
366 8
367 67
368 7
369 10
370 30
371 5
372 45
373 37
374 41
375 29
376 28
377 55
378 48
379 46
380 70
381 6
382 35
383 20
384 12
385 3
386 1
387 53
388 69
389 24
390 4
391 49
392 7
393 68
394 49
395 25
396 15
397 18
398 9
399 66
400 34
401 58
402 3
403 16
404 46
405 69
406 18
407 31
408 5
409 37
410 17
411 21
412 48
413 53
414 63
415 36
416 9
417 6
418 5
419 30
420 47
421 57
422 60
423 69
424 29
425 34
426 28
427 70
428 45
429 8
430 40
431 45
432 18
433 66
434 55
435 14
436 60
437 56
438 8
439 29
440 70
441 65
442 71
443 66
444 34
445 62
446 54
447 36
448 46
449 11
450 6
451 13
452 41
453 45
454 34
455 61
456 13
457 53
458 17
459 58
460 32
461 9
462 21
463 51
464 64
465 63
466 27
467 13
468 9
469 25
470 11
471 21
472 46
473 31
474 38
475 61
476 35
477 27
478 32
479 32
480 30
481 28
482 33
483 7
484 38
485 38
486 18
487 37
488 34
489 29
490 27
491 60
492 13
493 64
494 4
495 32
496 66
497 64
498 24
499 15
500 24
501 39
502 43
503 9
504 21
505 71
506 21
507 64
508 4
509 11
510 35
511 17
512 38
513 34
514 30
515 42
516 71
517 45
518 22
519 68
520 49
521 22
522 59
523 38
524 12
525 42
526 5
527 38
528 59
529 35
530 51
531 67
532 11
533 37
534 41
535 64
536 55
537 5
538 7
539 40
540 6
541 5
542 18
543 41
544 51
545 19
546 24
547 40
548 3
549 53
550 38
551 36
552 22
553 9
554 45
555 44
556 51
557 55
558 2
559 33
560 68
561 28
562 15
563 5
564 60
565 69
566 59
567 43
568 45
569 39
570 36
571 1
572 8
573 8
574 32
575 65
576 70
577 30
578 25
579 41
580 53
581 24
582 67
583 36
584 21
585 40
586 45
587 23
588 8
589 53
590 48
591 25
592 49
593 5
594 25
595 22
596 9
597 21
598 25
599 7
600 68
601 22
602 53
603 13
604 22
605 15
606 48
607 24
608 18
609 65
610 23
611 57
612 17
613 16
614 45
615 49
616 43
617 62
618 21
619 63
620 47
621 43
622 53
623 46
624 23
625 27
626 35
627 21
628 23
629 53
630 14
631 57
632 50
633 9
634 24
635 67
636 10
637 61
638 52
639 42
640 53
641 41
642 45
643 43
644 40
645 1
646 60
647 36
648 64
649 35
650 39
651 21
652 5
653 41
654 69
655 45
656 59
657 71
658 67
659 17
660 9
661 56
662 42
663 52
664 43
665 1
666 39
667 43
668 13
669 64
670 43
671 53
672 4
673 2
674 65
675 8
676 53
677 59
678 64
679 65
680 37
681 44
682 17
683 37
684 10
685 71
686 68
687 38
688 53
689 50
690 62
691 64
692 12
693 64
694 42
695 57
696 57
697 62
698 24
699 15
700 5
701 1
702 26
703 33
704 11
705 50
706 48
707 59
708 58
709 37
710 12
711 71
712 61
713 38
714 11
715 16
716 31
717 23
718 61
719 50
720 38
721 7
722 15
723 43
724 59
725 63
726 32
727 59
728 26
729 12
730 22
731 7
732 7
733 62
734 15
735 22
736 68
737 49
738 24
739 31
740 16
741 68
742 31
743 21
744 58
745 11
746 58
747 68
748 57
749 8
750 44
751 32
752 15
753 42
754 17
755 60
756 30
757 35
758 18
759 51
760 48
761 22
762 63
763 63
764 37
765 18
766 10
767 34
768 52
769 67
770 34
771 43
772 60
773 1
774 60
775 7
776 28
777 4
778 68
779 62
780 41
781 2
782 16
783 12
784 30
785 35
786 47
787 10
788 34
789 3
790 52
791 71
792 23
793 13
794 16
795 10
796 3
797 44
798 64
799 24
800 48
801 55
802 18
803 69
804 7
805 69
806 11
807 30
808 47
809 45
810 29
811 20
812 20
813 7
814 51
815 40
816 9
817 29
818 69
819 20
820 7
821 32
822 15
823 27
824 20
825 11
826 64
827 60
828 17
829 48
830 37
831 18
832 19
833 31
834 8
835 36
836 24
837 7
838 12
839 19
840 37
841 55
842 51
843 4
844 62
845 9
846 9
847 31
848 68
849 21
850 52
851 21
852 3
853 19
854 3
855 17
856 42
857 51
858 58
859 61
860 45
861 48
862 42
863 40
864 11
865 34
866 46
867 49
868 68
869 64
870 60
871 16
872 20
873 36
874 71
875 71
876 36
877 33
878 28
879 61
880 59
881 6
882 57
883 58
884 11
885 50
886 7
887 39
888 8
889 6
890 6
891 59
892 44
893 38
894 55
895 27
896 48
897 11
898 27
899 17
900 12
901 49
902 32
903 1
904 21
905 11
906 66
907 14
908 7
909 47
910 20
911 45
912 42
913 15
914 26
915 16
916 45
917 1
918 54
919 15
920 38
921 53
922 12
923 7
924 13
925 55
926 46
927 31
928 68
929 44
930 22
931 32
932 32
933 5
934 9
935 58
936 10
937 17
938 32
939 7
940 38
941 43
942 31
943 42
944 60
945 71
946 18
947 25
948 65
949 58
950 68
951 60
952 60
953 31
954 52
955 11
956 21
957 6
958 9
959 39
960 26
961 30
962 10
963 58
964 63
965 7
966 45
967 7
968 64
969 30
970 30
971 1
972 9
973 33
974 33
975 64
976 70
977 46
978 59
979 62
980 70
981 8
982 14
983 68
984 70
985 3
986 4
987 50
988 50
989 27
990 13
991 51
992 42
993 60
994 70
995 16
996 12
997 43
998 54
999 26
1000 50
1001 30
1002 2
1003 6
1004 7
1005 38
1006 62
1007 22
1008 69
1009 13
1010 48
1011 52
1012 11
1013 71
1014 53
1015 24
1016 34
1017 50
1018 51
1019 50
1020 4
1021 22
1022 52
1023 65
1024 26
1025 16
1026 31
1027 67
1028 54
1029 65
1030 25
1031 4
1032 40
1033 36
1034 6
1035 5
1036 35
1037 6
1038 45
1039 53
1040 5
1041 39
1042 10
1043 48
1044 31
1045 47
1046 3
1047 67
1048 49
1049 30
1050 68
1051 71
1052 41
1053 47
1054 41
1055 34
1056 42
1057 71
1058 19
1059 19
1060 11
1061 4
1062 14
1063 62
1064 21
1065 70
1066 23
1067 42
1068 63
1069 63
1070 38
1071 30
1072 60
1073 49
1074 12
1075 42
1076 43
1077 15
1078 71
1079 27
1080 59
1081 7
1082 3
1083 21
1084 61
1085 14
1086 35
1087 43
1088 10
1089 12
1090 38
1091 46
1092 66
1093 28
1094 63
1095 16
1096 24
1097 50
1098 6
1099 62
1100 47
1101 42
1102 44
1103 2
1104 66
1105 64
1106 39
1107 64
1108 37
1109 60
1110 47
1111 68
1112 62
1113 16
1114 3
1115 37
1116 60
1117 58
1118 64
1119 1
1120 4
1121 71
1122 60
1123 67
1124 17
1125 1
1126 48
1127 45
1128 20
1129 50
1130 2
1131 57
1132 47
1133 30
1134 49
1135 49
1136 1
1137 24
1138 70
1139 62
1140 69
1141 53
1142 67
1143 3
1144 23
1145 61
1146 10
1147 32
1148 25
1149 62
1150 59
1151 48
1152 51
1153 49
1154 6
1155 22
1156 39
1157 66
1158 35
1159 61
1160 20
1161 53
1162 7
1163 17
1164 31
1165 31
1166 50
1167 17
1168 40
1169 29
1170 12
1171 43
1172 46
1173 68
1174 26
1175 48
1176 8
1177 37
1178 43
1179 66
1180 39
1181 11
1182 19
1183 70
1184 32
1185 57
1186 68
1187 48
1188 13
1189 37
1190 7
1191 24
1192 51
1193 38
1194 10
1195 52
1196 69
1197 5
1198 63
1199 71
1200 3
1201 56
1202 56
1203 9
1204 5
1205 2
1206 29
1207 17
1208 8
1209 45
1210 11
1211 4
1212 16
1213 16
1214 47
1215 6
1216 27
1217 42
1218 7
1219 17
1220 3
1221 8
1222 43
1223 21
1224 17
1225 68
1226 17
1227 54
1228 62
1229 15
1230 63
1231 30
1232 12
1233 66
1234 15
1235 13
1236 62
1237 56
1238 1
1239 36
1240 15
1241 13
1242 38
1243 35
1244 3
1245 32
1246 21
1247 16
1248 16
1249 48
1250 10
1251 18
1252 51
1253 33
1254 27
1255 24
1256 52
1257 37
1258 60
1259 2
1260 42
1261 33
1262 36
1263 50
1264 49
1265 4
1266 28
1267 40
1268 11
1269 46
1270 61
1271 16
1272 64
1273 28
1274 34
1275 8
1276 29
1277 3
1278 4
1279 68
1280 4
1281 18
1282 10
1283 16
1284 39
1285 4
1286 15
1287 63
1288 12
1289 13
1290 12
1291 6
1292 21
1293 41
1294 26
1295 33
1296 33
1297 15
1298 43
1299 70
1300 12
1301 71
1302 24
1303 41
1304 71
1305 56
1306 45
1307 20
1308 30
1309 66
1310 31
1311 4
1312 13
1313 21
1314 60
1315 49
1316 7
1317 14
1318 53
1319 11
1320 43
1321 71
1322 52
1323 9
1324 11
1325 63
1326 48
1327 56
1328 21
1329 36
1330 9
1331 29
1332 65
1333 3
1334 11
1335 15
1336 53
1337 24
1338 15
1339 19
1340 47
1341 25
1342 1
1343 35
1344 43
1345 63
1346 44
1347 48
1348 26
1349 50
1350 36
1351 34
1352 62
1353 34
1354 49
1355 63
1356 58
1357 38
1358 61
1359 23
1360 42
1361 10
1362 37
1363 58
1364 8
1365 3
1366 11
1367 18
1368 64
1369 7
1370 35
1371 54
1372 33
1373 16
1374 58
1375 57
1376 66
1377 49
1378 15
1379 3
1380 4
1381 17
1382 58
1383 23
1384 48
1385 68
1386 20
1387 5
1388 13
1389 59
1390 63
1391 70
1392 30
1393 44
1394 45
1395 53
1396 18
1397 35
1398 11
1399 43
1400 38
1401 36
1402 70
1403 5
1404 8
1405 38
1406 9
1407 49
1408 18
1409 44
1410 46
1411 23
1412 51
1413 21
1414 47
1415 58
1416 41
1417 52
1418 62
1419 66
1420 8
1421 68
1422 35
1423 65
1424 58
1425 40
1426 46
1427 18
1428 51
1429 66
1430 50
1431 4
1432 35
1433 62
1434 11
1435 24
1436 40
1437 41
1438 32
1439 68
1440 28
1441 20
1442 31
1443 45
1444 24
1445 30
1446 9
1447 48
1448 39
1449 11
1450 24
1451 69
1452 62
1453 59
1454 34
1455 20
1456 4
1457 32
1458 45
1459 28
1460 30
1461 23
1462 64
1463 46
1464 62
1465 62
1466 65
1467 59
1468 28
1469 66
1470 60
1471 43
1472 36
1473 61
1474 53
1475 67
1476 35
1477 39
1478 31
1479 21
1480 28
1481 32
1482 44
1483 10
1484 34
1485 9
1486 67
1487 49
1488 61
1489 19
1490 45
1491 10
1492 7
1493 38
1494 51
1495 7
1496 4
1497 68
1498 51
1499 49
1500 23
1501 3
1502 70
1503 54
1504 59
1505 22
1506 62
1507 31
1508 62
1509 23
1510 61
1511 34
1512 38
1513 9
1514 11
1515 58
1516 45
1517 14
1518 36
1519 68
1520 54
1521 18
1522 21
1523 41
1524 61
1525 34
1526 62
1527 36
1528 28
1529 4
1530 26
1531 27
1532 43
1533 58
1534 21
1535 64
1536 12
1537 37
1538 22
1539 23
1540 16
1541 36
1542 46
1543 17
1544 21
1545 39
1546 48
1547 58
1548 16
1549 11
1550 66
1551 25
1552 42
1553 66
1554 18
1555 50
1556 36
1557 52
1558 24
1559 35
1560 53
1561 1
1562 48
1563 55
1564 44
1565 16
1566 30
1567 43
1568 60
1569 55
1570 5
1571 52
1572 11
1573 38
1574 71
1575 5
1576 7
1577 49
1578 59
1579 15
1580 31
1581 6
1582 35
1583 62
1584 19
1585 12
1586 36
1587 9
1588 21
1589 28
1590 62
1591 53
1592 9
1593 22
1594 8
1595 4
1596 14
1597 69
1598 59
1599 18
1600 40
1601 29
1602 45
1603 11
1604 16
1605 23
1606 60
1607 34
1608 43
1609 17
1610 16
1611 64
1612 41
1613 18
1614 57
1615 35
1616 5
1617 51
1618 20
1619 20
1620 23
1621 8
1622 37
1623 58
1624 52
1625 53
1626 67
1627 44
1628 11
1629 39
1630 37
1631 66
1632 50
1633 47
1634 20
1635 54
1636 41
1637 66
1638 56
1639 14
1640 42
1641 11
1642 2
1643 52
1644 31
1645 31
1646 43
1647 33
1648 69
1649 61
1650 30
1651 54
1652 37
1653 1
1654 17
1655 67
1656 12
1657 13
1658 33
1659 51
1660 30
1661 25
1662 26
1663 7
1664 45
1665 66
1666 19
1667 60
1668 24
1669 2
1670 23
1671 4
1672 17
1673 41
1674 41
1675 16
1676 50
1677 57
1678 47
1679 6
1680 15
1681 8
1682 26
1683 66
1684 10
1685 18
1686 44
1687 37
1688 64
1689 18
1690 59
1691 70
1692 56
1693 48
1694 31
1695 26
1696 43
1697 35
1698 67
1699 70
1700 2
1701 7
1702 51
1703 16
1704 42
1705 47
1706 21
1707 56
1708 55
1709 46
1710 48
1711 24
1712 64
1713 25
1714 42
1715 3
1716 43
1717 48
1718 16
1719 56
1720 71
1721 64
1722 58
1723 55
1724 8
1725 62
1726 48
1727 71
1728 22
1729 20
1730 60
1731 65
1732 26
1733 33
1734 36
1735 57
1736 35
1737 67
1738 42
1739 30
1740 30
1741 16
1742 12
1743 11
1744 50
1745 40
1746 35
1747 43
1748 42
1749 35
1750 19
1751 9
1752 23
1753 24
1754 58
1755 52
1756 20
1757 15
1758 49
1759 49
1760 29
1761 31
1762 11
1763 10
1764 24
1765 51
1766 4
1767 47
1768 43
1769 65
1770 37
1771 37
1772 36
1773 31
1774 47
1775 67
1776 39
1777 36
1778 1
1779 58
1780 35
1781 29
1782 32
1783 50
1784 37
1785 28
1786 13
1787 35
1788 57
1789 15
1790 36
1791 11
1792 48
1793 17
1794 59
1795 22
1796 63
1797 17
1798 17
1799 59
1800 44
1801 13
1802 70
1803 24
1804 5
1805 6
1806 23
1807 4
1808 70
1809 59
1810 33
1811 59
1812 39
1813 61
1814 66
1815 57
1816 60
1817 16
1818 17
1819 18
1820 24
1821 66
1822 5
1823 17
1824 3
1825 29
1826 54
1827 51
1828 50
1829 42
1830 53
1831 41
1832 24
1833 30
1834 43
1835 19
1836 52
1837 5
1838 70
1839 27
1840 33
1841 13
1842 18
1843 7
1844 2
1845 11
1846 12
1847 11
1848 35
1849 52
1850 56
1851 48
1852 38
1853 47
1854 9
1855 55
1856 45
1857 40
1858 55
1859 12
1860 12
1861 3
1862 41
1863 2
1864 12
1865 59
1866 52
1867 41
1868 50
1869 32
1870 43
1871 57
1872 7
1873 25
1874 15
1875 39
1876 9
1877 18
1878 29
1879 50
1880 19
1881 32
1882 14
1883 49
1884 52
1885 38
1886 66
1887 37
1888 4
1889 55
1890 36
1891 16
1892 29
1893 51
1894 11
1895 9
1896 66
1897 5
1898 2
1899 3
1900 63
1901 22
1902 25
1903 52
1904 21
1905 60
1906 13
1907 35
1908 66
1909 17
1910 18
1911 23
1912 15
1913 20
1914 46
1915 65
1916 6
1917 59
1918 25
1919 13
1920 5
1921 67
1922 30
1923 64
1924 48
1925 37
1926 70
1927 14
1928 1
1929 1
1930 7
1931 36
1932 26
1933 19
1934 44
1935 30
1936 35
1937 54
1938 4
1939 52
1940 6
1941 4
1942 45
1943 69
1944 5
1945 21
1946 41
1947 29
1948 7
1949 25
1950 5
1951 3
1952 64
1953 63
1954 29
1955 12
1956 44
1957 47
1958 4
1959 29
1960 64
1961 47
1962 7
1963 29
1964 43
1965 69
1966 6
1967 58
1968 13
1969 55
1970 66
1971 10
1972 55
1973 43
1974 58
1975 61
1976 18
1977 23
1978 31
1979 46
1980 71
1981 41
1982 9
1983 8
1984 41
1985 30
1986 63
1987 4
1988 30
1989 60
1990 31
1991 71
1992 53
1993 68
1994 31
1995 29
1996 69
1997 59
1998 47
1999 69
2000 35
2001 56
2002 8
2003 52
2004 36
2005 63
2006 13
2007 36
2008 1
2009 12
2010 62
2011 5
2012 36
2013 15
2014 63
2015 60
2016 37
2017 32
2018 30
2019 19
2020 18
2021 65
2022 9
2023 13
2024 13
2025 11
2026 6
2027 25
2028 11
2029 37
2030 52
2031 4
2032 62
2033 33
2034 12
2035 4
2036 45
2037 8
2038 59
2039 53
2040 47
2041 14
2042 41
2043 39
2044 27
2045 71
2046 13
2047 37
2048 14
2049 38
2050 3
2051 8
2052 11
2053 67
2054 49
2055 50
2056 47
2057 28
2058 40
2059 25
2060 59
2061 16
2062 15
2063 17
2064 34
2065 60
2066 54
2067 65
2068 56
2069 30
2070 42
2071 64
2072 16
2073 8
2074 57
2075 60
2076 54
2077 30
2078 25
2079 38
2080 12
2081 15
2082 32
2083 26
2084 8
2085 68
2086 51
2087 60
2088 27
2089 8
2090 39
2091 3
2092 5
2093 7
2094 4
2095 61
2096 25
2097 30
2098 30
2099 44
2100 4
2101 12
2102 58
2103 45
2104 13
2105 53
2106 19
2107 67
2108 25
2109 61
2110 39
2111 13
2112 71
2113 49
2114 53
2115 49
2116 9
2117 12
2118 7
2119 39
2120 42
2121 48
2122 32
2123 4
2124 9
2125 10
2126 4
2127 3
2128 37
2129 40
2130 62
2131 5
2132 4
2133 36
2134 61
2135 36
2136 9
2137 69
2138 28
2139 68
2140 41
2141 4
2142 64
2143 62
2144 11
2145 30
2146 49
2147 63
2148 58
2149 37
2150 70
2151 18
2152 8
2153 38
2154 42
2155 29
2156 67
2157 11
2158 65
2159 23
2160 16
2161 55
2162 25
2163 10
2164 39
2165 23
2166 17
2167 24
2168 32
2169 3
2170 31
2171 33
2172 65
2173 53
2174 14
2175 64
2176 69
2177 48
2178 57
2179 33
2180 25
2181 64
2182 48
2183 54
2184 7
2185 43
2186 63
2187 19
2188 56
2189 17
2190 18
2191 48
2192 15
2193 33
2194 44
2195 10
2196 38
2197 6
2198 35
2199 64
2200 15
2201 23
2202 7
2203 52
2204 55
2205 5
2206 64
2207 70
2208 25
2209 12
2210 5
2211 69
2212 59
2213 22
2214 37
2215 51
2216 35
2217 46
2218 58
2219 8
2220 71
2221 58
2222 7
2223 16
2224 19
2225 39
2226 5
2227 38
2228 17
2229 2
2230 64
2231 67
2232 27
2233 29
2234 64
2235 63
2236 53
2237 28
2238 62
2239 61
2240 3
2241 7
2242 31
2243 53
2244 65
2245 19
2246 47
2247 56
2248 5
2249 56
2250 47
2251 56
2252 17
2253 37
2254 47
2255 49
2256 5
2257 6
2258 71
2259 52
2260 11
2261 5
2262 58
2263 61
2264 59
2265 10
2266 39
2267 11
2268 69
2269 44
2270 7
2271 60
2272 42
2273 52
2274 43
2275 45
2276 5
2277 48
2278 63
2279 42
2280 6
2281 37
2282 9
2283 10
2284 31
2285 47
2286 15
2287 28
2288 4
2289 20
2290 69
2291 60
2292 36
2293 68
2294 46
2295 50
2296 28
2297 25
2298 64
2299 39
2300 12
2301 65
2302 44
2303 63
2304 18
2305 16
2306 70
2307 40
2308 27
2309 3
2310 37
2311 59
2312 13
2313 59
2314 54
2315 68
2316 5
2317 53
2318 41
2319 46
2320 30
2321 1
2322 65
2323 56
2324 33
2325 58
2326 68
2327 40
2328 20
2329 1
2330 55
2331 64
2332 65
2333 30
2334 26
2335 70
2336 69
2337 58
2338 48
2339 3
2340 9
2341 21
2342 64
2343 25
2344 49
2345 18
2346 46
2347 50
2348 36
2349 23
2350 1
2351 14
2352 70
2353 54
2354 44
2355 47
2356 50
2357 59
2358 1
2359 27
2360 53
2361 26
2362 57
2363 64
2364 16
2365 57
2366 38
2367 40
2368 64
2369 11
2370 38
2371 62
2372 35
2373 11
2374 29
2375 69
2376 62
2377 68
2378 61
2379 50
2380 50
2381 60
2382 57
2383 35
2384 2
2385 19
2386 40
2387 19
2388 36
2389 7
2390 69
2391 47
2392 18
2393 10
2394 4
2395 1
2396 19
2397 39
2398 54
2399 16
2400 54
2401 45
2402 70
2403 15
2404 6
2405 65
2406 66
2407 14
2408 42
2409 7
2410 64
2411 59
2412 53
2413 27
2414 9
2415 67
2416 29
2417 22
2418 44
2419 16
2420 11
2421 1
2422 23
2423 8
2424 33
2425 45
2426 69
2427 9
2428 64
2429 3
2430 31
2431 31
2432 9
2433 35
2434 29
2435 45
2436 67
2437 69
2438 37
2439 67
2440 12
2441 61
2442 3
2443 9
2444 23
2445 25
2446 35
2447 60
2448 23
2449 7
2450 57
2451 22
2452 31
2453 15
2454 35
2455 49
2456 60
2457 65
2458 19
2459 12
2460 5
2461 20
2462 61
2463 44
2464 44
2465 70
2466 67
2467 46
2468 42
2469 4
2470 48
2471 66
2472 63
2473 29
2474 37
2475 59
2476 17
2477 23
2478 46
2479 6
2480 17
2481 39
2482 28
2483 4
2484 49
2485 69
2486 67
2487 16
2488 53
2489 67
2490 14
2491 7
2492 26
2493 31
2494 5
2495 68
2496 51
2497 16
2498 64
2499 39
2500 64
2501 10
2502 38
2503 23
2504 65
2505 6
2506 55
2507 70
2508 1
2509 31
2510 50
2511 22
2512 43
2513 18
2514 10
2515 52
2516 31
2517 21
2518 14
2519 56
2520 36
2521 22
2522 45
2523 3
2524 39
2525 49
2526 22
2527 19
2528 34
2529 7
2530 17
2531 1
2532 26
2533 25
2534 36
2535 66
2536 32
2537 23
2538 17
2539 49
2540 57
2541 52
2542 59
2543 54
2544 34
2545 44
2546 48
2547 71
2548 65
2549 65
2550 8
2551 68
2552 66
2553 46
2554 59
2555 9
2556 45
2557 42
2558 59
2559 3
2560 30
2561 3
2562 69
2563 23
2564 10
2565 63
2566 15
2567 9
2568 11
2569 39
2570 48
2571 45
2572 56
2573 62
2574 46
2575 53
2576 46
2577 44
2578 24
2579 42
2580 52
2581 43
2582 26
2583 29
2584 29
2585 20
2586 23
2587 49
2588 35
2589 6
2590 70
2591 39
2592 47
2593 38
2594 65
2595 55
2596 23
2597 71
2598 36
2599 68
2600 5
2601 3
2602 59
2603 23
2604 17
2605 27
2606 47
2607 11
2608 54
2609 37
2610 56
2611 11
2612 58
2613 33
2614 44
2615 20
2616 4
2617 37
2618 26
2619 30
2620 24
2621 22
2622 11
2623 71
2624 23
2625 49
2626 2
2627 16
2628 25
2629 4
2630 64
2631 38
2632 56
2633 4
2634 13
2635 10
2636 64
2637 36
2638 48
2639 10
2640 35
2641 2
2642 22
2643 31
2644 9
2645 51
2646 16
2647 22
2648 58
2649 42
2650 9
2651 5
2652 71
2653 62
2654 68
2655 18
2656 52
2657 66
2658 29
2659 37
2660 20
2661 65
2662 2
2663 61
2664 43
2665 21
2666 60
2667 45
2668 3
2669 35
2670 6
2671 62
2672 34
2673 32
2674 50
2675 34
2676 37
2677 58
2678 34
2679 3
2680 53
2681 5
2682 25
2683 43
2684 9
2685 4
2686 52
2687 61
2688 45
2689 37
2690 27
2691 24
2692 65
2693 30
2694 57
2695 1
2696 65
2697 62
2698 71
2699 39
2700 59
2701 22
2702 36
2703 13
2704 45
2705 65
2706 34
2707 53
2708 2
2709 42
2710 37
2711 50
2712 71
2713 17
2714 23
2715 13
2716 67
2717 23
2718 71
2719 23
2720 54
2721 9
2722 67
2723 31
2724 17
2725 16
2726 17
2727 63
2728 45
2729 21
2730 3
2731 25
2732 31
2733 39
2734 29
2735 37
2736 33
2737 14
2738 67
2739 27
2740 19
2741 22
2742 62
2743 31
2744 16
2745 9
2746 53
2747 31
2748 41
2749 13
2750 68
2751 25
2752 64
2753 19
2754 35
2755 41
2756 41
2757 60
2758 69
2759 48
2760 58
2761 10
2762 28
2763 38
2764 2
2765 55
2766 69
2767 33
2768 1
2769 49
2770 68
2771 32
2772 6
2773 6
2774 67
2775 23
2776 52
2777 58
2778 36
2779 69
2780 33
2781 30
2782 6
2783 66
2784 55
2785 45
2786 64
2787 31
2788 44
2789 11
2790 19
2791 16
2792 48
2793 44
2794 20
2795 19
2796 54
2797 47
2798 70
2799 59
2800 10
2801 10
2802 16
2803 16
2804 69
2805 45
2806 31
2807 5
2808 16
2809 52
2810 60
2811 50
2812 69
2813 69
2814 5
2815 32
2816 11
2817 6
2818 51
2819 17
2820 7
2821 8
2822 54
2823 29
2824 63
2825 31
2826 44
2827 5
2828 48
2829 19
2830 52
2831 56
2832 60
2833 14
2834 10
2835 8
2836 7
2837 51
2838 44
2839 68
2840 17
2841 42
2842 21
2843 10
2844 20
2845 39
2846 14
2847 41
2848 19
2849 70
2850 3
2851 42
2852 52
2853 14
2854 45
2855 50
2856 39
2857 21
2858 18
2859 19
2860 37
2861 66
2862 48
2863 67
2864 28
2865 57
2866 35
2867 5
2868 36
2869 57
2870 45
2871 43
2872 61
2873 12
2874 41
2875 27
2876 22
2877 49
2878 2
2879 33
2880 21
2881 59
2882 35
2883 36
2884 43
2885 17
2886 52
2887 23
2888 46
2889 24
2890 52
2891 57
2892 58
2893 71
2894 71
2895 18
2896 21
2897 37
2898 14
2899 48
2900 41
2901 63
2902 12
2903 37
2904 28
2905 56
2906 25
2907 54
2908 43
2909 51
2910 12
2911 35
2912 53
2913 4
2914 2
2915 3
2916 17
2917 23
2918 47
2919 53
2920 57
2921 36
2922 56
2923 41
2924 21
2925 62
2926 22
2927 39
2928 14
2929 30
2930 64
2931 16
2932 41
2933 27
2934 49
2935 15
2936 71
2937 48
2938 24
2939 1
2940 45
2941 57
2942 52
2943 58
2944 2
2945 45
2946 71
2947 52
2948 64
2949 27
2950 10
2951 67
2952 12
2953 56
2954 63
2955 6
2956 34
2957 28
2958 27
2959 31
2960 47
2961 27
2962 9
2963 47
2964 9
2965 35
2966 36
2967 71
2968 55
2969 41
2970 2
2971 24
2972 5
2973 21
2974 26
2975 38
2976 66
2977 69
2978 17
2979 13
2980 50
2981 49
2982 19
2983 4
2984 40
2985 65
2986 20
2987 34
2988 46
2989 17
2990 8
2991 48
2992 60
2993 3
2994 41
2995 14
2996 32
2997 1
2998 42
2999 48
3000 71
3001 11
3002 59
3003 70
3004 3
3005 57
3006 66
3007 62
3008 30
3009 21
3010 9
3011 62
3012 51
3013 23
3014 39
3015 43
3016 6
3017 54
3018 28
3019 54
3020 45
3021 69
3022 63
3023 2
3024 58
3025 25
3026 46
3027 36
3028 30
3029 34
3030 54
3031 47
3032 13
3033 26
3034 32
3035 41
3036 9
3037 33
3038 61
3039 61
3040 35
3041 15
3042 50
3043 21
3044 64
3045 16
3046 59
3047 36
3048 56
3049 15
3050 20
3051 55
3052 28
3053 69
3054 3
3055 6
3056 14
3057 49
3058 35
3059 9
3060 43
3061 59
3062 68
3063 5
3064 24
3065 71
3066 67
3067 13
3068 52
3069 11
3070 27
3071 25
3072 9
3073 22
3074 30
3075 19
3076 43
3077 66
3078 2
3079 47
3080 70
3081 70
3082 8
3083 14
3084 18
3085 66
3086 59
3087 24
3088 67
3089 6
3090 43
3091 52
3092 52
3093 55
3094 18
3095 35
3096 1
3097 45
3098 25
3099 3
3100 15
3101 24
3102 65
3103 43
3104 45
3105 6
3106 7
3107 71
3108 20
3109 37
3110 15
3111 18
3112 56
3113 59
3114 65
3115 30
3116 29
3117 14
3118 13
3119 66
3120 53
3121 4
3122 14
3123 31
3124 15
3125 38
3126 37
3127 64
3128 60
3129 60
3130 9
3131 27
3132 56
3133 39
3134 39
3135 60
3136 13
3137 35
3138 61
3139 5
3140 37
3141 4
3142 14
3143 34
3144 37
3145 32
3146 5
3147 39
3148 13
3149 56
3150 14
3151 11
3152 35
3153 59
3154 63
3155 34
3156 37
3157 4
3158 65
3159 6
3160 67
3161 36
3162 9
3163 22
3164 16
3165 57
3166 23
3167 41
3168 14
3169 8
3170 14
3171 2
3172 41
3173 28
3174 17
3175 36
3176 42
3177 45
3178 35
3179 16
3180 2
3181 26
3182 13
3183 44
3184 29
3185 18
3186 39
3187 57
3188 52
3189 26
3190 28
3191 4
3192 11
3193 70
3194 20
3195 20
3196 26
3197 16
3198 19
3199 51
3200 66
3201 13
3202 65
3203 36
3204 61
3205 50
3206 35
3207 1
3208 69
3209 30
3210 8
3211 55
3212 35
3213 10
3214 2
3215 41
3216 5
3217 45
3218 20
3219 11
3220 27
3221 23
3222 38
3223 10
3224 10
3225 24
3226 33
3227 3
3228 60
3229 16
3230 30
3231 29
3232 15
3233 16
3234 7
3235 62
3236 65
3237 21
3238 26
3239 61
3240 50
3241 45
3242 53
3243 66
3244 55
3245 21
3246 9
3247 14
3248 55
3249 4
3250 14
3251 14
3252 17
3253 60
3254 25
3255 28
3256 16
3257 3
3258 4
3259 2
3260 46
3261 22
3262 16
3263 24
3264 53
3265 4
3266 71
3267 46
3268 34
3269 35
3270 48
3271 50
3272 29
3273 51
3274 23
3275 30
3276 32
3277 68
3278 14
3279 30
3280 44
3281 19
3282 61
3283 11
3284 62
3285 7
3286 67
3287 40
3288 20
3289 7
3290 15
3291 58
3292 71
3293 67
3294 26
3295 15
3296 24
3297 52
3298 55
3299 60
3300 57
3301 28
3302 17
3303 36
3304 4
3305 58
3306 7
3307 67
3308 51
3309 27
3310 25
3311 67
3312 70
3313 45
3314 47
3315 52
3316 34
3317 64
3318 70
3319 34
3320 50
3321 8
3322 49
3323 54
3324 70
3325 25
3326 4
3327 45
3328 36
3329 29
3330 1
3331 67
3332 5
3333 35
3334 26
3335 65
3336 37
3337 26
3338 69
3339 3
3340 18
3341 54
3342 53
3343 10
3344 67
3345 9
3346 57
3347 27
3348 62
3349 38
3350 6
3351 40
3352 33
3353 17
3354 45
3355 19
3356 9
3357 40
3358 36
3359 62
3360 57
3361 23
3362 39
3363 25
3364 36
3365 64
3366 22
3367 63
3368 3
3369 8
3370 32
3371 41
3372 24
3373 28
3374 38
3375 29
3376 45
3377 46
3378 42
3379 22
3380 44
3381 10
3382 20
3383 14
3384 1
3385 22
3386 45
3387 58
3388 28
3389 69
3390 8
3391 68
3392 13
3393 48
3394 1
3395 1
3396 35
3397 21
3398 65
3399 17
3400 44
3401 19
3402 30
3403 45
3404 30
3405 24
3406 1
3407 56
3408 57
3409 41
3410 1
3411 36
3412 55
3413 63
3414 4
3415 13
3416 23
3417 67
3418 27
3419 63
3420 44
3421 11
3422 20
3423 39
3424 57
3425 15
3426 22
3427 32
3428 41
3429 33
3430 21
3431 48
3432 36
3433 9
3434 33
3435 23
3436 63
3437 63
3438 36
3439 1
3440 70
3441 52
3442 19
3443 27
3444 25
3445 26
3446 62
3447 50
3448 63
3449 5
3450 15
3451 36
3452 43
3453 9
3454 66
3455 29
3456 65
3457 37
3458 57
3459 34
3460 61
3461 25
3462 59
3463 17
3464 7
3465 44
3466 70
3467 7
3468 35
3469 60
3470 32
3471 4
3472 32
3473 60
3474 62
3475 9
3476 40
3477 47
3478 31
3479 13
3480 29
3481 16
3482 2
3483 58
3484 42
3485 6
3486 33
3487 22
3488 33
3489 1
3490 21
3491 29
3492 5
3493 7
3494 44
3495 12
3496 71
3497 52
3498 71
3499 43
3500 54
3501 8
3502 42
3503 40
3504 33
3505 19
3506 26
3507 70
3508 52
3509 3
3510 42
3511 67
3512 32
3513 68
3514 67
3515 41
3516 65
3517 17
3518 20
3519 15
3520 6
3521 15
3522 22
3523 70
3524 20
3525 45
3526 4
3527 58
3528 56
3529 1
3530 35
3531 47
3532 22
3533 39
3534 64
3535 56
3536 51
3537 37
3538 6
3539 60
3540 13
3541 40
3542 42
3543 7
3544 71
3545 11
3546 9
3547 4
3548 29
3549 57
3550 62
3551 21
3552 14
3553 44
3554 16
3555 14
3556 40
3557 47
3558 47
3559 62
3560 29
3561 69
3562 27
3563 66
3564 45
3565 57
3566 42
3567 7
3568 41
3569 68
3570 66
3571 51
3572 36
3573 62
3574 14
3575 6
3576 60
3577 26
3578 5
3579 71
3580 52
3581 53
3582 23
3583 67
3584 46
3585 13
3586 3
3587 70
3588 22
3589 46
3590 8
3591 10
3592 39
3593 68
3594 58
3595 29
3596 2
3597 45
3598 67
3599 34
3600 19
3601 64
3602 45
3603 69
3604 11
3605 33
3606 4
3607 53
3608 66
3609 17
3610 66
3611 67
3612 54
3613 14
3614 36
3615 7
3616 15
3617 16
3618 12
3619 30
3620 65
3621 44
3622 69
3623 40
3624 4
3625 66
3626 34
3627 57
3628 14
3629 64
3630 9
3631 64
3632 35
3633 27
3634 59
3635 1
3636 44
3637 65
3638 59
3639 11
3640 19
3641 17
3642 59
3643 21
3644 62
3645 45
3646 22
3647 40
3648 25
3649 60
3650 49
3651 66
3652 6
3653 71
3654 59
3655 21
3656 24
3657 29
3658 19
3659 69
3660 18
3661 34
3662 31
3663 56
3664 26
3665 67
3666 22
3667 43
3668 52
3669 2
3670 20
3671 11
3672 65
3673 24
3674 45
3675 29
3676 32
3677 2
3678 63
3679 60
3680 13
3681 66
3682 31
3683 62
3684 62
3685 17
3686 35
3687 22
3688 2
3689 51
3690 47
3691 3
3692 17
3693 40
3694 70
3695 48
3696 36
3697 18
3698 27
3699 52
3700 4
3701 33
3702 43
3703 34
3704 60
3705 64
3706 67
3707 18
3708 29
3709 54
3710 11
3711 70
3712 71
3713 20
3714 37
3715 3
3716 69
3717 10
3718 4
3719 41
3720 44
3721 49
3722 43
3723 58
3724 34
3725 62
3726 17
3727 16
3728 54
3729 8
3730 48
3731 48
3732 59
3733 26
3734 65
3735 16
3736 24
3737 49
3738 59
3739 39
3740 61
3741 71
3742 37
3743 6
3744 55
3745 13
3746 33
3747 36
3748 25
3749 34
3750 10
3751 18
3752 9
3753 59
3754 17
3755 39
3756 9
3757 26
3758 39
3759 28
3760 64
3761 30
3762 48
3763 48
3764 9
3765 55
3766 27
3767 6
3768 18
3769 4
3770 42
3771 52
3772 1
3773 10
3774 31
3775 21
3776 52
3777 58
3778 49
3779 68
3780 9
3781 66
3782 41
3783 27
3784 22
3785 41
3786 3
3787 14
3788 3
3789 54
3790 56
3791 58
3792 19
3793 54
3794 5
3795 12
3796 41
3797 69
3798 62
3799 6
3800 27
3801 66
3802 18
3803 2
3804 60
3805 39
3806 12
3807 10
3808 63
3809 71
3810 45
3811 31
3812 45
3813 24
3814 37
3815 36
3816 14
3817 48
3818 47
3819 21
3820 14
3821 60
3822 44
3823 8
3824 57
3825 53
3826 61
3827 51
3828 62
3829 56
3830 36
3831 2
3832 57
3833 12
3834 58
3835 32
3836 43
3837 34
3838 59
3839 23
3840 36
3841 4
3842 22
3843 60
3844 24
3845 19
3846 37
3847 46
3848 55
3849 45
3850 70
3851 14
3852 68
3853 67
3854 60
3855 51
3856 47
3857 45
3858 56
3859 8
3860 25
3861 8
3862 16
3863 3
3864 19
3865 58
3866 10
3867 20
3868 45
3869 5
3870 55
3871 3
3872 11
3873 58
3874 61
3875 5
3876 35
3877 70
3878 41
3879 1
3880 21
3881 56
3882 62
3883 69
3884 18
3885 27
3886 12
3887 12
3888 13
3889 64
3890 27
3891 31
3892 67
3893 46
3894 25
3895 11
3896 8
3897 41
3898 46
3899 29
3900 70
3901 44
3902 45
3903 51
3904 11
3905 1
3906 58
3907 68
3908 70
3909 1
3910 65
3911 48
3912 31
3913 6
3914 65
3915 20
3916 6
3917 53
3918 62
3919 22
3920 61
3921 67
3922 32
3923 42
3924 32
3925 27
3926 40
3927 21
3928 13
3929 58
3930 42
3931 43
3932 47
3933 46
3934 67
3935 18
3936 26
3937 3
3938 36
3939 19
3940 22
3941 26
3942 11
3943 47
3944 26
3945 48
3946 64
3947 54
3948 32
3949 53
3950 56
3951 4
3952 52
3953 41
3954 48
3955 40
3956 60
3957 28
3958 69
3959 60
3960 54
3961 38
3962 59
3963 11
3964 2
3965 27
3966 64
3967 64
3968 16
3969 27
3970 3
3971 44
3972 12
3973 67
3974 44
3975 47
3976 20
3977 6
3978 41
3979 25
3980 27
3981 49
3982 19
3983 54
3984 18
3985 9
3986 63
3987 38
3988 41
3989 23
3990 28
3991 62
3992 18
3993 65
3994 31
3995 13
3996 67
3997 67
3998 31
3999 66
4000 8
4001 32
4002 38
4003 19
4004 5
4005 20
4006 11
4007 23
4008 30
4009 64
4010 53
4011 4
4012 35
4013 54
4014 23
4015 36
4016 55
4017 30
4018 49
4019 40
4020 66
4021 33
4022 45
4023 9
4024 57
4025 52
4026 2
4027 44
4028 36
4029 53
4030 14
4031 70
4032 21
4033 51
4034 48
4035 15
4036 40
4037 48
4038 33
4039 22
4040 32
4041 3
4042 20
4043 46
4044 58
4045 13
4046 51
4047 32
4048 32
4049 10
4050 24
4051 5
4052 35
4053 30
4054 44
4055 35
4056 9
4057 57
4058 34
4059 64
4060 44
4061 30
4062 48
4063 68
4064 30
4065 60
4066 26
4067 61
4068 37
4069 36
4070 50
4071 32
4072 35
4073 8
4074 37
4075 35
4076 52
4077 35
4078 26
4079 59
4080 36
4081 60
4082 22
4083 48
4084 57
4085 45
4086 44
4087 61
4088 41
4089 4
4090 41
4091 66
4092 64
4093 16
4094 4
4095 45
4096 64
4097 22
4098 24
4099 56
4100 12
4101 9
4102 40
4103 7
4104 18
4105 48
4106 15
4107 55
4108 70
4109 27
4110 43
4111 48
4112 62
4113 28
4114 38
4115 59
4116 56
4117 3
4118 8
4119 1
4120 30
4121 26
4122 21
4123 37
4124 3
4125 70
4126 32
4127 23
4128 13
4129 45
4130 56
4131 34
4132 59
4133 22
4134 67
4135 43
4136 31
4137 13
4138 70
4139 39
4140 56
4141 16
4142 58
4143 44
4144 4
4145 8
4146 51
4147 2
4148 36
4149 65
4150 55
4151 21
4152 57
4153 71
4154 30
4155 36
4156 61
4157 2
4158 53
4159 47
4160 64
4161 26
4162 1
4163 12
4164 19
4165 19
4166 68
4167 9
4168 22
4169 4
4170 11
4171 45
4172 36
4173 63
4174 24
4175 45
4176 65
4177 69
4178 8
4179 51
4180 27
4181 36
4182 30
4183 46
4184 36
4185 47
4186 28
4187 60
4188 63
4189 22
4190 10
4191 31
4192 64
4193 67
4194 7
4195 11
4196 7
4197 50
4198 22
4199 48
4200 18
4201 25
4202 43
4203 57
4204 64
4205 29
4206 1
4207 16
4208 61
4209 19
4210 23
4211 31
4212 41
4213 39
4214 7
4215 16
4216 50
4217 4
4218 40
4219 67
4220 5
4221 61
4222 32
4223 4
4224 12
4225 28
4226 59
4227 24
4228 64
4229 47
4230 64
4231 61
4232 41
4233 17
4234 17
4235 21
4236 16
4237 44
4238 53
4239 40
4240 15
4241 21
4242 9
4243 23
4244 41
4245 66
4246 69
4247 9
4248 46
4249 26
4250 36
4251 62
4252 11
4253 3
4254 59
4255 29
4256 65
4257 8
4258 38
4259 8
4260 26
4261 68
4262 64
4263 23
4264 29
4265 48
4266 11
4267 38
4268 21
4269 27
4270 23
4271 17
4272 19
4273 51
4274 25
4275 11
4276 66
4277 53
4278 19
4279 12
4280 59
4281 52
4282 55
4283 26
4284 33
4285 26
4286 36
4287 48
4288 12
4289 45
4290 49
4291 46
4292 33
4293 20
4294 16
4295 16
4296 42
4297 30
4298 58
4299 13
4300 25
4301 6
4302 50
4303 53
4304 8
4305 24
4306 52
4307 39
4308 50
4309 44
4310 9
4311 30
4312 9
4313 57
4314 16
4315 15
4316 11
4317 43
4318 71
4319 23
4320 6
4321 67
4322 11
4323 23
4324 35
4325 1
4326 8
4327 42
4328 71
4329 67
4330 7
4331 45
4332 42
4333 60
4334 18
4335 36
4336 53
4337 2
4338 18
4339 34
4340 70
4341 16
4342 52
4343 61
4344 8
4345 63
4346 25
4347 28
4348 59
4349 28
4350 45
4351 45
4352 67
4353 52
4354 61
4355 29
4356 58
4357 46
4358 29
4359 21
4360 1
4361 32
4362 25
4363 13
4364 48
4365 46
4366 71
4367 30
4368 67
4369 6
4370 7
4371 12
4372 26
4373 26
4374 8
4375 6
4376 7
4377 40
4378 2
4379 46
4380 45
4381 31
4382 6
4383 15
4384 24
4385 46
4386 45
4387 52
4388 9
4389 35
4390 41
4391 10
4392 3
4393 65
4394 9
4395 60
4396 67
4397 63
4398 4
4399 12
4400 17
4401 45
4402 5
4403 54
4404 62
4405 61
4406 58
4407 47
4408 29
4409 28
4410 3
4411 37
4412 31
4413 43
4414 38
4415 16
4416 44
4417 15
4418 28
4419 65
4420 16
4421 17
4422 8
4423 4
4424 48
4425 27
4426 8
4427 69
4428 19
4429 54
4430 10
4431 7
4432 36
4433 16
4434 29
4435 12
4436 33
4437 66
4438 5
4439 10
4440 58
4441 59
4442 2
4443 11
4444 40
4445 71
4446 65
4447 1
4448 35
4449 29
4450 12
4451 52
4452 38
4453 60
4454 38
4455 26
4456 52
4457 7
4458 32
4459 16
4460 44
4461 5
4462 9
4463 44
4464 1
4465 28
4466 2
4467 39
4468 2
4469 55
4470 45
4471 48
4472 57
4473 20
4474 14
4475 49
4476 4
4477 30
4478 37
4479 22
4480 55
4481 44
4482 56
4483 56
4484 68
4485 21
4486 40
4487 66
4488 18
4489 7
4490 66
4491 4
4492 16
4493 8
4494 69
4495 52
4496 48
4497 8
4498 57
4499 69
4500 30
4501 7
4502 3
4503 37
4504 64
4505 28
4506 66
4507 66
4508 10
4509 59
4510 45
4511 65
4512 59
4513 50
4514 20
4515 63
4516 2
4517 70
4518 57
4519 48
4520 49
4521 43
4522 30
4523 67
4524 3
4525 4
4526 64
4527 36
4528 49
4529 64
4530 25
4531 27
4532 58
4533 63
4534 27
4535 45
4536 3
4537 17
4538 62
4539 43
4540 49
4541 34
4542 54
4543 36
4544 43
4545 70
4546 38
4547 46
4548 28
4549 8
4550 1
4551 44
4552 68
4553 36
4554 57
4555 68
4556 24
4557 42
4558 15
4559 1
4560 40
4561 57
4562 5
4563 49
4564 5
4565 45
4566 69
4567 17
4568 11
4569 12
4570 44
4571 44
4572 7
4573 17
4574 43
4575 6
4576 17
4577 65
4578 46
4579 2
4580 41
4581 22
4582 67
4583 13
4584 43
4585 69
4586 28
4587 64
4588 26
4589 57
4590 23
4591 56
4592 11
4593 2
4594 63
4595 36
4596 53
4597 60
4598 46
4599 17
4600 1
4601 11
4602 56
4603 24
4604 71
4605 53
4606 40
4607 32
4608 11
4609 65
4610 30
4611 5
4612 21
4613 52
4614 11
4615 29
4616 61
4617 69
4618 18
4619 55
4620 23
4621 43
4622 43
4623 59
4624 41
4625 23
4626 20
4627 23
4628 46
4629 52
4630 44
4631 67
4632 49
4633 17
4634 14
4635 37
4636 67
4637 59
4638 25
4639 19
4640 15
4641 6
4642 66
4643 36
4644 42
4645 52
4646 70
4647 39
4648 32
4649 16
4650 1
4651 23
4652 40
4653 36
4654 12
4655 37
4656 61
4657 42
4658 24
4659 17
4660 10
4661 23
4662 71
4663 50
4664 43
4665 28
4666 40
4667 44
4668 26
4669 6
4670 7
4671 23
4672 60
4673 22
4674 61
4675 63
4676 71
4677 22
4678 35
4679 51
4680 9
4681 11
4682 4
4683 51
4684 69
4685 58
4686 58
4687 35
4688 59
4689 64
4690 25
4691 23
4692 33
4693 35
4694 4
4695 23
4696 36
4697 1
4698 12
4699 51
4700 8
4701 15
4702 20
4703 4
4704 27
4705 53
4706 62
4707 3
4708 32
4709 26
4710 25
4711 68
4712 44
4713 28
4714 57
4715 54
4716 40
4717 40
4718 15
4719 18
4720 11
4721 29
4722 18
4723 58
4724 17
4725 58
4726 3
4727 5
4728 69
4729 13
4730 47
4731 52
4732 10
4733 65
4734 43
4735 66
4736 45
4737 7
4738 26
4739 35
4740 27
4741 69
4742 13
4743 42
4744 1
4745 29
4746 21
4747 7
4748 50
4749 69
4750 55
4751 5
4752 45
4753 27
4754 51
4755 26
4756 24
4757 50
4758 3
4759 35
4760 35
4761 7
4762 10
4763 68
4764 13
4765 32
4766 61
4767 69
4768 9
4769 2
4770 67
4771 39
4772 71
4773 37
4774 7
4775 51
4776 41
4777 62
4778 63
4779 35
4780 45
4781 7
4782 64
4783 55
4784 55
4785 15
4786 37
4787 34
4788 10
4789 23
4790 5
4791 23
4792 65
4793 48
4794 41
4795 21
4796 3
4797 32
4798 48
4799 22
4800 53
4801 30
4802 36
4803 65
4804 44
4805 53
4806 35
4807 42
4808 57
4809 28
4810 29
4811 66
4812 20
4813 65
4814 26
4815 66
4816 41
4817 3
4818 33
4819 64
4820 71
4821 2
4822 27
4823 57
4824 28
4825 21
4826 37
4827 10
4828 13
4829 51
4830 31
4831 35
4832 12
4833 16
4834 38
4835 55
4836 35
4837 10
4838 46
4839 35
4840 47
4841 67
4842 26
4843 28
4844 61
4845 24
4846 46
4847 39
4848 6
4849 62
4850 34
4851 37
4852 66
4853 70
4854 34
4855 7
4856 67
4857 27
4858 53
4859 43
4860 4
4861 41
4862 36
4863 20
4864 68
4865 56
4866 37
4867 45
4868 15
4869 6
4870 59
4871 57
4872 48
4873 1
4874 19
4875 31
4876 63
4877 22
4878 63
4879 20
4880 68
4881 21
4882 46
4883 61
4884 1
4885 31
4886 1
4887 11
4888 14
4889 17
4890 29
4891 54
4892 11
4893 14
4894 26
4895 2
4896 4
4897 30
4898 50
4899 17
4900 1
4901 54
4902 67
4903 18
4904 71
4905 16
4906 11
4907 41
4908 8
4909 17
4910 14
4911 16
4912 67
4913 45
4914 61
4915 48
4916 8
4917 2
4918 5
4919 28
4920 5
4921 55
4922 2
4923 13
4924 9
4925 49
4926 62
4927 11
4928 50
4929 1
4930 48
4931 67
4932 55
4933 41
4934 54
4935 17
4936 3
4937 61
4938 48
4939 70
4940 69
4941 50
4942 71
4943 53
4944 26
4945 35
4946 1
4947 35
4948 58
4949 12
4950 36
4951 3
4952 10
4953 12
4954 50
4955 17
4956 2
4957 57
4958 35
4959 4
4960 51
4961 55
4962 60
4963 41
4964 51
4965 61
4966 9
4967 3
4968 47
4969 26
4970 38
4971 7
4972 55
4973 41
4974 8
4975 2
4976 70
4977 4
4978 41
4979 39
4980 34
4981 24
4982 43
4983 64
4984 33
4985 36
4986 19
4987 7
4988 47
4989 40
4990 71
4991 18
4992 55
4993 59
4994 18
4995 27
4996 69
4997 40
4998 21
4999 18
5000 35
5001 23
5002 59
5003 31
5004 2
5005 53
5006 64
5007 16
5008 14
5009 1
5010 44
5011 65
5012 22
5013 68
5014 1
5015 63
5016 12
5017 32
5018 54
5019 32
5020 35
5021 20
5022 68
5023 48
5024 25
5025 9
5026 1
5027 18
5028 59
5029 18
5030 63
5031 35
5032 33
5033 61
5034 17
5035 41
5036 65
5037 71
5038 11
5039 54
5040 51
5041 31
5042 50
5043 44
5044 56
5045 8
5046 40
5047 69
5048 58
5049 30
5050 16
5051 65
5052 7
5053 55
5054 14
5055 29
5056 48
5057 51
5058 42
5059 68
5060 38
5061 6
5062 21
5063 44
5064 45
5065 26
5066 6
5067 67
5068 28
5069 8
5070 9
5071 9
5072 71
5073 24
5074 13
5075 3
5076 28
5077 42
5078 67
5079 19
5080 27
5081 44
5082 16
5083 1
5084 61
5085 45
5086 50
5087 45
5088 62
5089 16
5090 59
5091 64
5092 66
5093 19
5094 22
5095 53
5096 52
5097 63
5098 53
5099 36
5100 9
5101 21
5102 28
5103 5
5104 45
5105 49
5106 35
5107 11
5108 49
5109 36
5110 39
5111 40
5112 9
5113 7
5114 44
5115 17
5116 31
5117 53
5118 47
5119 45
5120 7
5121 47
5122 51
5123 45
5124 14
5125 47
5126 68
5127 21
5128 62
5129 54
5130 26
5131 22
5132 34
5133 47
5134 65
5135 21
5136 21
5137 5
5138 34
5139 2
5140 36
5141 46
5142 57
5143 68
5144 39
5145 53
5146 41
5147 70
5148 59
5149 15
5150 55
5151 60
5152 67
5153 35
5154 48
5155 2
5156 41
5157 12
5158 60
5159 61
5160 68
5161 17
5162 21
5163 34
5164 31
5165 11
5166 47
5167 27
5168 42
5169 33
5170 38
5171 43
5172 59
5173 53
5174 62
5175 48
5176 64
5177 35
5178 6
5179 70
5180 44
5181 63
5182 52
5183 14
5184 38
5185 52
5186 15
5187 17
5188 53
5189 36
5190 69
5191 68
5192 19
5193 48
5194 30
5195 68
5196 67
5197 5
5198 69
5199 44
5200 68
5201 37
5202 31
5203 24
5204 32
5205 46
5206 38
5207 33
5208 43
5209 4
5210 42
5211 10
5212 60
5213 61
5214 56
5215 68
5216 15
5217 29
5218 53
5219 23
5220 21
5221 48
5222 33
5223 48
5224 13
5225 31
5226 62
5227 16
5228 61
5229 37
5230 16
5231 63
5232 36
5233 39
5234 7
5235 42
5236 15
5237 14
5238 16
5239 21
5240 37
5241 9
5242 22
5243 1
5244 32
5245 25
5246 28
5247 6
5248 21
5249 5
5250 68
5251 52
5252 31
5253 7
5254 62
5255 17
5256 1
5257 32
5258 12
5259 35
5260 10
5261 63
5262 67
5263 58
5264 7
5265 24
5266 35
5267 35
5268 41
5269 52
5270 35
5271 62
5272 45
5273 8
5274 25
5275 67
5276 71
5277 5
5278 2
5279 10
5280 34
5281 60
5282 43
5283 19
5284 54
5285 25
5286 54
5287 18
5288 12
5289 63
5290 14
5291 35
5292 69
5293 17
5294 49
5295 9
5296 28
5297 52
5298 21
5299 71
5300 40
5301 30
5302 50
5303 70
5304 4
5305 4
5306 33
5307 29
5308 14
5309 47
5310 11
5311 52
5312 60
5313 9
5314 45
5315 1
5316 66
5317 46
5318 55
5319 51
5320 11
5321 42
5322 23
5323 10
5324 11
5325 46
5326 24
5327 70
5328 52
5329 57
5330 44
5331 47
5332 54
5333 34
5334 69
5335 59
5336 5
5337 3
5338 42
5339 47
5340 41
5341 7
5342 6
5343 13
5344 22
5345 67
5346 6
5347 39
5348 18
5349 52
5350 60
5351 17
5352 67
5353 44
5354 28
5355 61
5356 40
5357 26
5358 71
5359 35
5360 43
5361 26
5362 27
5363 30
5364 38
5365 47
5366 65
5367 60
5368 68
5369 70
5370 14
5371 43
5372 71
5373 3
5374 21
5375 51
5376 71
5377 30
5378 54
5379 71
5380 23
5381 31
5382 34
5383 56
5384 23
5385 12
5386 71
5387 16
5388 35
5389 13
5390 23
5391 59
5392 39
5393 6
5394 43
5395 21
5396 31
5397 8
5398 7
5399 35
5400 2
5401 71
5402 62
5403 29
5404 48
5405 67
5406 47
5407 71
5408 58
5409 48
5410 50
5411 53
5412 41
5413 24
5414 5
5415 49
5416 36
5417 11
5418 24
5419 49
5420 4
5421 3
5422 55
5423 3
5424 54
5425 41
5426 29
5427 61
5428 35
5429 67
5430 55
5431 71
5432 27
5433 2
5434 9
5435 8
5436 6
5437 71
5438 45
5439 17
5440 61
5441 7
5442 6
5443 40
5444 70
5445 25
5446 19
5447 9
5448 55
5449 53
5450 34
5451 53
5452 17
5453 71
5454 59
5455 67
5456 27
5457 48
5458 49
5459 29
5460 64
5461 21
5462 17
5463 15
5464 2
5465 31
5466 59
5467 51
5468 12
5469 47
5470 9
5471 31
5472 44
5473 25
5474 55
5475 17
5476 23
5477 58
5478 56
5479 58
5480 19
5481 26
5482 1
5483 10
5484 4
5485 55
5486 60
5487 34
5488 17
5489 64
5490 57
5491 53
5492 45
5493 67
5494 1
5495 17
5496 46
5497 19
5498 16
5499 53
5500 36
5501 56
5502 47
5503 44
5504 16
5505 16
5506 56
5507 30
5508 57
5509 55
5510 42
5511 16
5512 12
5513 31
5514 1
5515 50
5516 8
5517 60
5518 10
5519 42
5520 62
5521 60
5522 66
5523 49
5524 59
5525 67
5526 60
5527 57
5528 35
5529 17
5530 14
5531 56
5532 7
5533 7
5534 17
5535 5
5536 69
5537 26
5538 39
5539 12
5540 47
5541 55
5542 21
5543 59
5544 45
5545 34
5546 28
5547 25
5548 20
5549 68
5550 28
5551 12
5552 67
5553 65
5554 37
5555 36
5556 14
5557 60
5558 48
5559 40
5560 44
5561 53
5562 71
5563 9
5564 2
5565 7
5566 41
5567 39
5568 7
5569 64
5570 16
5571 23
5572 11
5573 57
5574 53
5575 14
5576 62
5577 38
5578 31
5579 53
5580 2
5581 23
5582 56
5583 50
5584 39
5585 48
5586 25
5587 5
5588 34
5589 31
5590 48
5591 41
5592 9
5593 13
5594 31
5595 26
5596 57
5597 58
5598 70
5599 44
5600 17
5601 62
5602 55
5603 29
5604 52
5605 52
5606 46
5607 63
5608 49
5609 30
5610 26
5611 8
5612 34
5613 30
5614 4
5615 12
5616 18
5617 47
5618 49
5619 49
5620 38
5621 60
5622 21
5623 10
5624 17
5625 57
5626 8
5627 16
5628 17
5629 60
5630 32
5631 42
5632 48
5633 7
5634 68
5635 64
5636 34
5637 56
5638 27
5639 8
5640 9
5641 70
5642 19
5643 63
5644 59
5645 6
5646 43
5647 47
5648 47
5649 14
5650 58
5651 21
5652 17
5653 20
5654 36
5655 45
5656 4
5657 70
5658 53
5659 25
5660 9
5661 66
5662 43
5663 24
5664 14
5665 27
5666 22
5667 9
5668 63
5669 36
5670 48
5671 34
5672 53
5673 44
5674 41
5675 49
5676 44
5677 66
5678 47
5679 1
5680 10
5681 36
5682 22
5683 71
5684 53
5685 60
5686 22
5687 69
5688 44
5689 64
5690 54
5691 17
5692 17
5693 13
5694 60
5695 44
5696 15
5697 68
5698 52
5699 47
5700 18
5701 37
5702 6
5703 35
5704 36
5705 34
5706 14
5707 50
5708 48
5709 53
5710 26
5711 51
5712 67
5713 23
5714 40
5715 67
5716 62
5717 45
5718 51
5719 39
5720 20
5721 58
5722 67
5723 7
5724 43
5725 57
5726 23
5727 9
5728 59
5729 18
5730 22
5731 9
5732 9
5733 26
5734 34
5735 23
5736 53
5737 8
5738 68
5739 23
5740 9
5741 20
5742 65
5743 62
5744 23
5745 71
5746 64
5747 34
5748 64
5749 11
5750 34
5751 2
5752 67
5753 23
5754 64
5755 52
5756 26
5757 43
5758 36
5759 65
5760 63
5761 8
5762 64
5763 68
5764 54
5765 69
5766 29
5767 4
5768 34
5769 28
5770 50
5771 15
5772 35
5773 3
5774 15
5775 28
5776 21
5777 31
5778 69
5779 59
5780 3
5781 69
5782 17
5783 68
5784 13
5785 43
5786 45
5787 62
5788 25
5789 53
5790 18
5791 25
5792 5
5793 39
5794 57
5795 69
5796 14
5797 13
5798 55
5799 10
5800 37
5801 16
5802 52
5803 30
5804 18
5805 69
5806 29
5807 51
5808 60
5809 58
5810 28
5811 17
5812 44
5813 19
5814 52
5815 8
5816 68
5817 55
5818 70
5819 11
5820 63
5821 12
5822 4
5823 1
5824 66
5825 26
5826 15
5827 35
5828 42
5829 22
5830 41
5831 21
5832 25
5833 35
5834 32
5835 22
5836 61
5837 26
5838 66
5839 5
5840 9
5841 59
5842 22
5843 24
5844 16
5845 57
5846 51
5847 13
5848 4
5849 54
5850 17
5851 17
5852 31
5853 48
5854 62
5855 13
5856 1
5857 45
5858 66
5859 4
5860 56
5861 61
5862 30
5863 46
5864 4
5865 21
5866 16
5867 43
5868 27
5869 9
5870 49
5871 69
5872 2
5873 32
5874 4
5875 36
5876 44
5877 12
5878 11
5879 22
5880 31
5881 7
5882 12
5883 38
5884 3
5885 38
5886 1
5887 65
5888 21
5889 57
5890 8
5891 22
5892 62
5893 16
5894 28
5895 56
5896 41
5897 64
5898 22
5899 64
5900 54
5901 17
5902 56
5903 21
5904 40
5905 46
5906 6
5907 5
5908 30
5909 23
5910 2
5911 24
5912 31
5913 47
5914 3
5915 40
5916 38
5917 19
5918 6
5919 56
5920 54
5921 7
5922 41
5923 44
5924 37
5925 40
5926 26
5927 34
5928 8
5929 14
5930 51
5931 57
5932 6
5933 5
5934 46
5935 10
5936 70
5937 60
5938 71
5939 60
5940 69
5941 12
5942 64
5943 37
5944 12
5945 13
5946 36
5947 37
5948 63
5949 57
5950 14
5951 40
5952 13
5953 28
5954 40
5955 27
5956 35
5957 52
5958 16
5959 61
5960 8
5961 32
5962 65
5963 55
5964 63
5965 30
5966 60
5967 70
5968 22
5969 59
5970 12
5971 6
5972 38
5973 45
5974 2
5975 52
5976 28
5977 7
5978 24
5979 14
5980 29
5981 66
5982 54
5983 39
5984 2
5985 58
5986 4
5987 46
5988 39
5989 14
5990 59
5991 30
5992 48
5993 68
5994 11
5995 45
5996 47
5997 57
5998 50
5999 58
6000 29
6001 11
6002 31
6003 45
6004 61
6005 42
6006 39
6007 44
6008 21
6009 68
6010 11
6011 24
6012 30
6013 9
6014 34
6015 68
6016 69
6017 41
6018 34
6019 48
6020 57
6021 4
6022 36
6023 55
6024 27
6025 26
6026 60
6027 31
6028 30
6029 50
6030 46
6031 48
6032 5
6033 5
6034 39
6035 68
6036 4
6037 58
6038 49
6039 44
6040 38
6041 27
6042 8
6043 35
6044 9
6045 8
6046 45
6047 11
6048 67
6049 5
6050 38
6051 38
6052 70
6053 32
6054 65
6055 1
6056 71
6057 12
6058 8
6059 66
6060 24
6061 64
6062 42
6063 24
6064 42
6065 48
6066 28
6067 49
6068 66
6069 29
6070 47
6071 18
6072 66
6073 41
6074 15
6075 3
6076 31
6077 24
6078 39
6079 29
6080 64
6081 67
6082 46
6083 58
6084 13
6085 46
6086 21
6087 3
6088 64
6089 9
6090 35
6091 32
6092 42
6093 4
6094 17
6095 15
6096 50
6097 30
6098 28
6099 59
6100 56
6101 41
6102 61
6103 56
6104 40
6105 58
6106 37
6107 63
6108 46
6109 38
6110 4
6111 60
6112 49
6113 45
6114 38
6115 43
6116 65
6117 58
6118 54
6119 21
6120 19
6121 21
6122 57
6123 8
6124 16
6125 57
6126 27
6127 60
6128 14
6129 26
6130 58
6131 35
6132 30
6133 10
6134 43
6135 14
6136 62
6137 37
6138 69
6139 31
6140 47
6141 48
6142 48
6143 58
6144 47
6145 45
6146 53
6147 60
6148 34
6149 5
6150 47
6151 69
6152 48
6153 46
6154 2
6155 12
6156 11
6157 9
6158 1
6159 36
6160 17
6161 60
6162 58
6163 22
6164 15
6165 54
6166 28
6167 56
6168 21
6169 9
6170 62
6171 49
6172 50
6173 32
6174 38
6175 62
6176 22
6177 64
6178 47
6179 49
6180 26
6181 61
6182 8
6183 34
6184 8
6185 22
6186 41
6187 53
6188 31
6189 58
6190 35
6191 70
6192 41
6193 64
6194 21
6195 52
6196 59
6197 9
6198 70
6199 19
6200 53
6201 36
6202 34
6203 45
6204 41
6205 8
6206 69
6207 11
6208 19
6209 26
6210 11
6211 9
6212 32
6213 3
6214 36
6215 43
6216 50
6217 31
6218 42
6219 57
6220 57
6221 22
6222 38
6223 6
6224 7
6225 34
6226 64
6227 7
6228 66
6229 66
6230 60
6231 26
6232 21
6233 42
6234 22
6235 67
6236 70
6237 64
6238 55
6239 50
6240 64
6241 62
6242 14
6243 23
6244 51
6245 33
6246 38
6247 5
6248 17
6249 9
6250 21
6251 16
6252 64
6253 67
6254 7
6255 29
6256 15
6257 5
6258 42
6259 58
6260 27
6261 1
6262 35
6263 37
6264 13
6265 36
6266 47
6267 66
6268 20
6269 45
6270 9
6271 21
6272 67
6273 49
6274 70
6275 38
6276 50
6277 60
6278 41
6279 25
6280 19
6281 62
6282 30
6283 63
6284 28
6285 6
6286 3
6287 59
6288 11
6289 34
6290 10
6291 35
6292 38
6293 37
6294 11
6295 36
6296 27
6297 59
6298 23
6299 61
6300 65
6301 9
6302 45
6303 21
6304 6
6305 25
6306 43
6307 15
6308 38
6309 67
6310 31
6311 65
6312 64
6313 22
6314 49
6315 35
6316 2
6317 50
6318 51
6319 20
6320 43
6321 59
6322 5
6323 35
6324 41
6325 48
6326 65
6327 66
6328 62
6329 71
6330 22
6331 64
6332 22
6333 55
6334 32
6335 58
6336 61
6337 36
6338 43
6339 48
6340 22
6341 61
6342 21
6343 32
6344 49
6345 19
6346 70
6347 12
6348 15
6349 9
6350 21
6351 38
6352 30
6353 48
6354 38
6355 8
6356 7
6357 34
6358 60
6359 51
6360 66
6361 62
6362 23
6363 12
6364 52
6365 64
6366 1
6367 44
6368 5
6369 30
6370 64
6371 31
6372 27
6373 37
6374 70
6375 12
6376 9
6377 11
6378 38
6379 24
6380 14
6381 5
6382 52
6383 1
6384 14
6385 48
6386 59
6387 66
6388 30
6389 43
6390 4
6391 10
6392 18
6393 59
6394 9
6395 21
6396 48
6397 19
6398 61
6399 46
6400 46
6401 10
6402 7
6403 26
6404 3
6405 49
6406 28
6407 12
6408 29
6409 8
6410 29
6411 7
6412 27
6413 7
6414 5
6415 17
6416 22
6417 34
6418 61
6419 62
6420 36
6421 30
6422 29
6423 12
6424 23
6425 4
6426 28
6427 14
6428 22
6429 27
6430 33
6431 38
6432 14
6433 5
6434 16
6435 64
6436 67
6437 16
6438 7
6439 64
6440 27
6441 33
6442 25
6443 41
6444 11
6445 43
6446 58
6447 19
6448 37
6449 52
6450 71
6451 60
6452 11
6453 54
6454 58
6455 54
6456 17
6457 71
6458 31
6459 46
6460 36
6461 30
6462 53
6463 31
6464 6
6465 65
6466 31
6467 64
6468 48
6469 36
6470 11
6471 59
6472 66
6473 22
6474 71
6475 3
6476 5
6477 54
6478 30
6479 66
6480 21
6481 26
6482 29
6483 35
6484 4
6485 55
6486 20
6487 43
6488 68
6489 50
6490 37
6491 43
6492 1
6493 25
6494 58
6495 1
6496 3
6497 35
6498 44
6499 43
6500 47
6501 31
6502 2
6503 6
6504 5
6505 29
6506 42
6507 51
6508 22
6509 6
6510 46
6511 13
6512 57
6513 12
6514 37
6515 4
6516 14
6517 16
6518 1
6519 50
6520 38
6521 55
6522 23
6523 61
6524 28
6525 69
6526 48
6527 14
6528 42
6529 17
6530 12
6531 58
6532 5
6533 8
6534 22
6535 63
6536 59
6537 24
6538 34
6539 55
6540 13
6541 58
6542 6
6543 42
6544 3
6545 66
6546 53
6547 60
6548 55
6549 29
6550 27
6551 52
6552 16
6553 10
6554 43
6555 61
6556 26
6557 34
6558 5
6559 9
6560 35
6561 45
6562 11
6563 27
6564 5
6565 8
6566 64
6567 48
6568 45
6569 46
6570 71
6571 63
6572 3
6573 27
6574 35
6575 26
6576 4
6577 67
6578 66
6579 56
6580 61
6581 56
6582 63
6583 4
6584 59
6585 51
6586 49
6587 70
6588 2
6589 11
6590 17
6591 47
6592 17
6593 70
6594 40
6595 6
6596 52
6597 5
6598 20
6599 40
6600 9
6601 43
6602 45
6603 61
6604 38
6605 8
6606 46
6607 70
6608 11
6609 58
6610 15
6611 58
6612 48
6613 42
6614 65
6615 70
6616 44
6617 41
6618 68
6619 26
6620 26
6621 27
6622 60
6623 18
6624 24
6625 14
6626 69
6627 22
6628 47
6629 27
6630 47
6631 48
6632 24
6633 44
6634 64
6635 67
6636 64
6637 46
6638 32
6639 68
6640 5
6641 37
6642 65
6643 52
6644 20
6645 47
6646 25
6647 21
6648 46
6649 56
6650 65
6651 69
6652 21
6653 61
6654 23
6655 48
6656 38
6657 59
6658 23
6659 31
6660 66
6661 11
6662 70
6663 61
6664 30
6665 6
6666 13
6667 18
6668 59
6669 58
6670 53
6671 34
6672 49
6673 60
6674 13
6675 24
6676 41
6677 1
6678 26
6679 69
6680 12
6681 25
6682 48
6683 55
6684 27
6685 28
6686 57
6687 20
6688 27
6689 30
6690 52
6691 54
6692 4
6693 26
6694 9
6695 19
6696 19
6697 62
6698 69
6699 21
6700 68
6701 30
6702 35
6703 55
6704 33
6705 16
6706 41
6707 61
6708 30
6709 8
6710 37
6711 41
6712 36
6713 51
6714 59
6715 21
6716 18
6717 44
6718 20
6719 67
6720 25
6721 20
6722 14
6723 34
6724 12
6725 48
6726 17
6727 35
6728 42
6729 4
6730 15
6731 43
6732 48
6733 6
6734 25
6735 67
6736 23
6737 33
6738 44
6739 24
6740 33
6741 48
6742 30
6743 56
6744 12
6745 39
6746 11
6747 22
6748 33
6749 7
6750 63
6751 33
6752 46
6753 49
6754 17
6755 32
6756 55
6757 17
6758 10
6759 6
6760 39
6761 64
6762 62
6763 12
6764 39
6765 2
6766 33
6767 20
6768 1
6769 68
6770 47
6771 28
6772 66
6773 17
6774 52
6775 28
6776 40
6777 2
6778 32
6779 21
6780 37
6781 40
6782 70
6783 4
6784 39
6785 33
6786 67
6787 19
6788 31
6789 35
6790 69
6791 57
6792 8
6793 10
6794 55
6795 9
6796 35
6797 37
6798 53
6799 11
6800 54
6801 44
6802 38
6803 69
6804 56
6805 21
6806 30
6807 4
6808 27
6809 67
6810 45
6811 14
6812 58
6813 44
6814 5
6815 35
6816 59
6817 48
6818 8
6819 57
6820 61
6821 71
6822 16
6823 22
6824 50
6825 23
6826 23
6827 51
6828 60
6829 12
6830 10
6831 66
6832 20
6833 44
6834 15
6835 54
6836 71
6837 49
6838 4
6839 7
6840 10
6841 30
6842 68
6843 36
6844 25
6845 16
6846 32
6847 60
6848 56
6849 10
6850 45
6851 52
6852 60
6853 28
6854 58
6855 5
6856 66
6857 30
6858 20
6859 3
6860 9
6861 35
6862 36
6863 26
6864 62
6865 29
6866 37
6867 9
6868 67
6869 17
6870 69
6871 28
6872 37
6873 48
6874 27
6875 51
6876 24
6877 59
6878 51
6879 47
6880 6
6881 31
6882 19
6883 10
6884 62
6885 30
6886 10
6887 16
6888 66
6889 64
6890 26
6891 5
6892 15
6893 25
6894 29
6895 9
6896 32
6897 52
6898 40
6899 52
6900 23
6901 64
6902 27
6903 11
6904 4
6905 55
6906 17
6907 21
6908 26
6909 28
6910 4
6911 55
6912 57
6913 19
6914 18
6915 15
6916 30
6917 25
6918 43
6919 43
6920 32
6921 35
6922 54
6923 62
6924 19
6925 17
6926 65
6927 24
6928 51
6929 30
6930 67
6931 19
6932 28
6933 12
6934 28
6935 5
6936 13
6937 52
6938 70
6939 34
6940 51
6941 5
6942 46
6943 7
6944 32
6945 37
6946 59
6947 41
6948 20
6949 48
6950 43
6951 35
6952 69
6953 55
6954 47
6955 26
6956 48
6957 46
6958 51
6959 45
6960 38
6961 1
6962 2
6963 60
6964 43
6965 28
6966 38
6967 38
6968 21
6969 45
6970 37
6971 36
6972 45
6973 39
6974 48
6975 23
6976 35
6977 57
6978 5
6979 59
6980 39
6981 38
6982 11
6983 7
6984 43
6985 61
6986 60
6987 63
6988 31
6989 4
6990 17
6991 10
6992 43
6993 47
6994 16
6995 62
6996 60
6997 50
6998 7
6999 39
7000 57
7001 16
7002 64
7003 54
7004 50
7005 29
7006 39
7007 12
7008 35
7009 15
7010 38
7011 44
7012 21
7013 21
7014 70
7015 29
7016 59
7017 40
7018 46
7019 11
7020 17
7021 1
7022 25
7023 29
7024 62
7025 65
7026 11
7027 42
7028 9
7029 19
7030 39
7031 20
7032 32
7033 15
7034 59
7035 38
7036 25
7037 38
7038 55
7039 51
7040 12
7041 37
7042 24
7043 60
7044 29
7045 7
7046 31
7047 22
7048 22
7049 19
7050 37
7051 20
7052 48
7053 64
7054 2
7055 39
7056 28
7057 21
7058 47
7059 14
7060 32
7061 55
7062 60
7063 30
7064 65
7065 7
7066 59
7067 63
7068 36
7069 23
7070 11
7071 30
7072 34
7073 51
7074 4
7075 68
7076 1
7077 53
7078 64
7079 54
7080 42
7081 54
7082 9
7083 66
7084 43
7085 60
7086 42
7087 7
7088 16
7089 38
7090 23
7091 13
7092 65
7093 23
7094 69
7095 45
7096 64
7097 18
7098 67
7099 59
7100 24
7101 30
7102 18
7103 4
7104 71
7105 43
7106 29
7107 40
7108 41
7109 53
7110 42
7111 53
7112 2
7113 7
7114 56
7115 70
7116 62
7117 45
7118 49
7119 42
7120 63
7121 35
7122 37
7123 46
7124 34
7125 41
7126 66
7127 42
7128 13
7129 40
7130 59
7131 15
7132 52
7133 28
7134 24
7135 16
7136 35
7137 46
7138 21
7139 11
7140 15
7141 5
7142 24
7143 17
7144 63
7145 9
7146 55
7147 7
7148 11
7149 19
7150 52
7151 26
7152 25
7153 52
7154 53
7155 31
7156 23
7157 36
7158 14
7159 19
7160 36
7161 36
7162 11
7163 21
7164 54
7165 52
7166 21
7167 65
7168 22
7169 15
7170 68
7171 36
7172 23
7173 48
7174 30
7175 65
7176 69
7177 20
7178 65
7179 31
7180 67
7181 23
7182 37
7183 35
7184 56
7185 37
7186 19
7187 41
7188 68
7189 56
7190 8
7191 1
7192 25
7193 67
7194 61
7195 58
7196 38
7197 13
7198 37
7199 5
7200 53
7201 31
7202 58
7203 59
7204 22
7205 4
7206 55
7207 42
7208 53
7209 10
7210 22
7211 20
7212 6
7213 7
7214 1
7215 59
7216 47
7217 35
7218 52
7219 40
7220 48
7221 60
7222 70
7223 43
7224 41
7225 16
7226 31
7227 27
7228 18
7229 11
7230 31
7231 11
7232 11
7233 39
7234 42
7235 39
7236 41
7237 39
7238 4
7239 55
7240 30
7241 20
7242 21
7243 46
7244 55
7245 54
7246 48
7247 53
7248 45
7249 50
7250 11
7251 33
7252 56
7253 8
7254 44
7255 19
7256 46
7257 1
7258 40
7259 50
7260 32
7261 49
7262 27
7263 67
7264 42
7265 66
7266 60
7267 55
7268 61
7269 36
7270 70
7271 64
7272 19
7273 10
7274 35
7275 53
7276 23
7277 53
7278 64
7279 12
7280 60
7281 57
7282 19
7283 54
7284 53
7285 34
7286 23
7287 31
7288 16
7289 6
7290 30
7291 3
7292 7
7293 11
7294 66
7295 7
7296 58
7297 45
7298 23
7299 55
7300 35
7301 8
7302 10
7303 40
7304 30
7305 35
7306 34
7307 60
7308 13
7309 57
7310 25
7311 13
7312 71
7313 14
7314 21
7315 48
7316 4
7317 30
7318 35
7319 57
7320 67
7321 49
7322 20
7323 50
7324 63
7325 36
7326 8
7327 8
7328 28
7329 9
7330 51
7331 48
7332 12
7333 30
7334 38
7335 60
7336 57
7337 60
7338 38
7339 16
7340 14
7341 26
7342 22
7343 49
7344 16
7345 67
7346 60
7347 15
7348 18
7349 33
7350 3
7351 71
7352 5
7353 11
7354 25
7355 8
7356 24
7357 58
7358 25
7359 56
7360 22
7361 45
7362 15
7363 55
7364 19
7365 48
7366 34
7367 32
7368 22
7369 26
7370 37
7371 3
7372 51
7373 8
7374 62
7375 41
7376 70
7377 21
7378 61
7379 18
7380 49
7381 36
7382 29
7383 44
7384 45
7385 38
7386 42
7387 23
7388 4
7389 6
7390 71
7391 66
7392 59
7393 60
7394 71
7395 67
7396 64
7397 27
7398 17
7399 38
7400 27
7401 12
7402 30
7403 45
7404 9
7405 65
7406 39
7407 48
7408 7
7409 64
7410 4
7411 42
7412 24
7413 30
7414 70
7415 9
7416 19
7417 27
7418 24
7419 16
7420 48
7421 9
7422 33
7423 48
7424 40
7425 69
7426 46
7427 57
7428 20
7429 56
7430 56
7431 38
7432 47
7433 1
7434 69
7435 46
7436 7
7437 68
7438 61
7439 70
7440 10
7441 48
7442 36
7443 27
7444 70
7445 52
7446 65
7447 47
7448 16
7449 64
7450 40
7451 31
7452 42
7453 60
7454 25
7455 10
7456 22
7457 6
7458 51
7459 54
7460 60
7461 40
7462 5
7463 15
7464 35
7465 50
7466 20
7467 53
7468 67
7469 41
7470 67
7471 5
7472 40
7473 47
7474 11
7475 49
7476 70
7477 63
7478 61
7479 37
7480 41
7481 67
7482 11
7483 60
7484 47
7485 1
7486 41
7487 61
7488 42
7489 67
7490 52
7491 52
7492 67
7493 11
7494 10
7495 9
7496 16
7497 61
7498 21
7499 2
7500 24
7501 45
7502 56
7503 46
7504 16
7505 11
7506 64
7507 18
7508 53
7509 37
7510 27
7511 31
7512 28
7513 56
7514 54
7515 30
7516 42
7517 16
7518 71
7519 22
7520 11
7521 64
7522 37
7523 35
7524 58
7525 55
7526 24
7527 66
7528 52
7529 54
7530 40
7531 9
7532 46
7533 27
7534 57
7535 69
7536 30
7537 48
7538 57
7539 50
7540 6
7541 25
7542 70
7543 64
7544 69
7545 53
7546 51
7547 27
7548 16
7549 69
7550 17
7551 27
7552 5
7553 70
7554 13
7555 1
7556 47
7557 14
7558 63
7559 5
7560 61
7561 31
7562 23
7563 7
7564 63
7565 44
7566 4
7567 25
7568 70
7569 47
7570 30
7571 60
7572 34
7573 7
7574 65
7575 24
7576 8
7577 45
7578 52
7579 44
7580 19
7581 10
7582 11
7583 21
7584 4
7585 70
7586 7
7587 47
7588 64
7589 62
7590 71
7591 19
7592 58
7593 16
7594 47
7595 47
7596 54
7597 10
7598 26
7599 7
7600 58
7601 58
7602 17
7603 59
7604 51
7605 14
7606 5
7607 55
7608 67
7609 48
7610 27
7611 32
7612 63
7613 70
7614 65
7615 20
7616 70
7617 3
7618 44
7619 55
7620 14
7621 59
7622 53
7623 67
7624 38
7625 43
7626 64
7627 4
7628 48
7629 62
7630 22
7631 8
7632 51
7633 43
7634 41
7635 37
7636 42
7637 11
7638 47
7639 4
7640 39
7641 48
7642 38
7643 1
7644 44
7645 41
7646 68
7647 35
7648 64
7649 30
7650 3
7651 33
7652 63
7653 39
7654 14
7655 59
7656 11
7657 42
7658 47
7659 2
7660 8
7661 8
7662 32
7663 56
7664 41
7665 21
7666 46
7667 47
7668 34
7669 11
7670 18
7671 38
7672 66
7673 31
7674 35
7675 35
7676 16
7677 58
7678 46
7679 64
7680 24
7681 21
7682 11
7683 9
7684 58
7685 2
7686 23
7687 22
7688 25
7689 70
7690 44
7691 4
7692 65
7693 13
7694 38
7695 39
7696 22
7697 68
7698 6
7699 30
7700 24
7701 63
7702 24
7703 48
7704 24
7705 38
7706 6
7707 69
7708 40
7709 56
7710 33
7711 64
7712 5
7713 12
7714 49
7715 25
7716 33
7717 15
7718 33
7719 21
7720 71
7721 40
7722 11
7723 69
7724 52
7725 40
7726 29
7727 5
7728 17
7729 17
7730 19
7731 12
7732 46
7733 25
7734 31
7735 20
7736 6
7737 63
7738 54
7739 28
7740 63
7741 53
7742 16
7743 21
7744 17
7745 62
7746 68
7747 55
7748 11
7749 19
7750 9
7751 32
7752 2
7753 10
7754 15
7755 25
7756 42
7757 33
7758 63
7759 14
7760 37
7761 10
7762 55
7763 31
7764 2
7765 9
7766 59
7767 8
7768 8
7769 34
7770 17
7771 48
7772 10
7773 56
7774 57
7775 71
7776 50
7777 13
7778 26
7779 43
7780 5
7781 13
7782 9
7783 69
7784 33
7785 48
7786 39
7787 45
7788 19
7789 32
7790 41
7791 51
7792 39
7793 64
7794 22
7795 52
7796 54
7797 5
7798 54
7799 17
7800 13
7801 42
7802 66
7803 30
7804 45
7805 39
7806 64
7807 48
7808 12
7809 36
7810 33
7811 9
7812 26
7813 62
7814 16
7815 40
7816 14
7817 27
7818 21
7819 58
7820 13
7821 17
7822 17
7823 46
7824 26
7825 1
7826 11
7827 32
7828 39
7829 35
7830 19
7831 69
7832 70
7833 36
7834 50
7835 57
7836 20
7837 48
7838 31
7839 5
7840 12
7841 29
7842 61
7843 26
7844 60
7845 27
7846 5
7847 38
7848 6
7849 9
7850 46
7851 19
7852 12
7853 58
7854 33
7855 48
7856 54
7857 55
7858 51
7859 41
7860 43
7861 54
7862 19
7863 58
7864 43
7865 67
7866 33
7867 70
7868 43
7869 44
7870 37
7871 8
7872 28
7873 59
7874 20
7875 2
7876 64
7877 36
7878 27
7879 46
7880 33
7881 66
7882 5
7883 49
7884 26
7885 11
7886 29
7887 55
7888 17
7889 58
7890 47
7891 9
7892 60
7893 63
7894 70
7895 36
7896 67
7897 58
7898 17
7899 27
7900 45
7901 13
7902 6
7903 5
7904 38
7905 3
7906 35
7907 15
7908 35
7909 21
7910 18
7911 3
7912 29
7913 28
7914 57
7915 59
7916 10
7917 47
7918 50
7919 3
7920 31
7921 40
7922 6
7923 3
7924 45
7925 70
7926 51
7927 8
7928 25
7929 69
7930 3
7931 22
7932 42
7933 53
7934 31
7935 52
7936 37
7937 61
7938 21
7939 6
7940 22
7941 24
7942 13
7943 14
7944 71
7945 65
7946 29
7947 48
7948 21
7949 64
7950 9
7951 13
7952 41
7953 30
7954 10
7955 36
7956 70
7957 54
7958 61
7959 32
7960 50
7961 69
7962 68
7963 2
7964 65
7965 3
7966 33
7967 48
7968 6
7969 8
7970 6
7971 41
7972 65
7973 24
7974 10
7975 17
7976 62
7977 62
7978 44
7979 1
7980 41
7981 11
7982 31
7983 65
7984 26
7985 59
7986 55
7987 66
7988 70
7989 46
7990 49
7991 61
7992 52
7993 39
7994 62
7995 21
7996 28
7997 12
7998 50
7999 60
8000 12
8001 29
8002 55
8003 43
8004 7
8005 15
8006 29
8007 62
8008 26
8009 6
8010 10
8011 44
8012 13
8013 4
8014 63
8015 19
8016 64
8017 19
8018 56
8019 22
8020 25
8021 34
8022 7
8023 1
8024 1
8025 21
8026 22
8027 37
8028 16
8029 11
8030 49
8031 23
8032 14
8033 15
8034 58
8035 21
8036 70
8037 27
8038 18
8039 53
8040 15
8041 18
8042 21
8043 55
8044 18
8045 30
8046 47
8047 45
8048 17
8049 52
8050 53
8051 7
8052 1
8053 56
8054 11
8055 14
8056 47
8057 27
8058 57
8059 16
8060 60
8061 47
8062 55
8063 46
8064 15
8065 36
8066 15
8067 12
8068 67
8069 37
8070 44
8071 43
8072 2
8073 9
8074 41
8075 9
8076 59
8077 9
8078 24
8079 2
8080 42
8081 46
8082 29
8083 33
8084 20
8085 28
8086 36
8087 62
8088 57
8089 13
8090 55
8091 58
8092 51
8093 17
8094 56
8095 51
8096 57
8097 1
8098 21
8099 38
8100 38
8101 31
8102 41
8103 15
8104 56
8105 56
8106 23
8107 39
8108 18
8109 36
8110 18
8111 55
8112 68
8113 40
8114 53
8115 65
8116 24
8117 39
8118 33
8119 53
8120 16
8121 30
8122 54
8123 39
8124 8
8125 48
8126 8
8127 18
8128 36
8129 55
8130 63
8131 58
8132 26
8133 45
8134 16
8135 36
8136 15
8137 16
8138 60
8139 55
8140 42
8141 65
8142 57
8143 13
8144 21
8145 24
8146 10
8147 19
8148 54
8149 12
8150 1
8151 22
8152 29
8153 21
8154 52
8155 49
8156 63
8157 44
8158 50
8159 57
8160 7
8161 33
8162 48
8163 38
8164 12
8165 32
8166 9
8167 28
8168 66
8169 6
8170 7
8171 20
8172 45
8173 36
8174 19
8175 62
8176 24
8177 43
8178 9
8179 38
8180 23
8181 47
8182 45
8183 45
8184 39
8185 29
8186 29
8187 10
8188 32
8189 7
8190 13
8191 6
8192 11
8193 45
8194 45
8195 52
8196 52
8197 55
8198 50
8199 50
8200 10
8201 53
8202 17
8203 56
8204 17
8205 26
8206 8
8207 28
8208 45
8209 28
8210 55
8211 35
8212 45
8213 5
8214 5
8215 64
8216 64
8217 44
8218 23
8219 63
8220 69
8221 35
8222 53
8223 70
8224 25
8225 67
8226 62
8227 62
8228 13
8229 50
8230 4
8231 46
8232 5
8233 53
8234 46
8235 6
8236 21
8237 6
8238 34
8239 40
8240 68
8241 38
8242 23
8243 33
8244 58
8245 54
8246 60
8247 68
8248 62
8249 66
8250 28
8251 15
8252 38
8253 51
8254 32
8255 51
8256 25
8257 56
8258 34
8259 9
8260 46
8261 2
8262 35
8263 6
8264 7
8265 9
8266 15
8267 63
8268 17
8269 67
8270 13
8271 54
8272 12
8273 30
8274 36
8275 4
8276 67
8277 27
8278 46
8279 14
8280 15
8281 51
8282 54
8283 35
8284 15
8285 11
8286 21
8287 62
8288 57
8289 59
8290 69
8291 26
8292 69
8293 64
8294 34
8295 14
8296 3
8297 25
8298 54
8299 59
8300 61
8301 69
8302 35
8303 3
8304 4
8305 28
8306 28
8307 54
8308 5
8309 71
8310 30
8311 51
8312 34
8313 60
8314 52
8315 21
8316 37
8317 30
8318 47
8319 25
8320 23
8321 64
8322 28
8323 5
8324 24
8325 8
8326 25
8327 71
8328 32
8329 8
8330 28
8331 13
8332 1
8333 5
8334 61
8335 45
8336 6
8337 58
8338 20
8339 21
8340 41
8341 62
8342 64
8343 68
8344 44
8345 24
8346 48
8347 45
8348 56
8349 19
8350 68
8351 1
8352 48
8353 35
8354 43
8355 28
8356 4
8357 51
8358 17
8359 7
8360 53
8361 42
8362 43
8363 52
8364 34
8365 69
8366 43
8367 68
8368 7
8369 11
8370 16
8371 8
8372 46
8373 12
8374 35
8375 13
8376 17
8377 49
8378 42
8379 30
8380 30
8381 24
8382 60
8383 45
8384 64
8385 49
8386 41
8387 14
8388 8
8389 65
8390 37
8391 54
8392 7
8393 51
8394 23
8395 53
8396 53
8397 11
8398 8
8399 57
8400 63
8401 48
8402 16
8403 23
8404 4
8405 8
8406 48
8407 36
8408 45
8409 5
8410 67
8411 49
8412 22
8413 8
8414 37
8415 26
8416 61
8417 50
8418 69
8419 40
8420 5
8421 64
8422 31
8423 67
8424 25
8425 45
8426 50
8427 55
8428 54
8429 27
8430 50
8431 8
8432 45
8433 32
8434 27
8435 11
8436 13
8437 36
8438 13
8439 13
8440 46
8441 23
8442 61
8443 21
8444 68
8445 29
8446 53
8447 44
8448 32
8449 60
8450 4
8451 10
8452 54
8453 1
8454 34
8455 18
8456 64
8457 60
8458 50
8459 48
8460 45
8461 60
8462 36
8463 39
8464 1
8465 55
8466 2
8467 64
8468 19
8469 11
8470 71
8471 16
8472 7
8473 50
8474 44
8475 31
8476 68
8477 5
8478 12
8479 18
8480 68
8481 29
8482 58
8483 38
8484 45
8485 70
8486 68
8487 53
8488 30
8489 48
8490 22
8491 45
8492 34
8493 57
8494 51
8495 53
8496 62
8497 4
8498 46
8499 58
8500 16
8501 71
8502 1
8503 28
8504 38
8505 48
8506 22
8507 46
8508 43
8509 21
8510 1
8511 67
8512 17
8513 67
8514 57
8515 11
8516 11
8517 4
8518 28
8519 5
8520 67
8521 36
8522 64
8523 15
8524 60
8525 9
8526 18
8527 33
8528 66
8529 57
8530 11
8531 47
8532 52
8533 64
8534 57
8535 55
8536 12
8537 56
8538 3
8539 63
8540 9
8541 68
8542 33
8543 1
8544 40
8545 70
8546 39
8547 12
8548 19
8549 20
8550 50
8551 23
8552 57
8553 57
8554 14
8555 50
8556 65
8557 39
8558 7
8559 36
8560 17
8561 19
8562 16
8563 53
8564 28
8565 12
8566 44
8567 65
8568 56
8569 10
8570 25
8571 5
8572 2
8573 32
8574 51
8575 27
8576 47
8577 9
8578 4
8579 62
8580 70
8581 31
8582 7
8583 16
8584 69
8585 25
8586 68
8587 60
8588 16
8589 22
8590 25
8591 47
8592 53
8593 42
8594 45
8595 52
8596 47
8597 3
8598 29
8599 17
8600 64
8601 45
8602 10
8603 50
8604 31
8605 31
8606 21
8607 61
8608 22
8609 70
8610 31
8611 41
8612 56
8613 24
8614 1
8615 9
8616 13
8617 29
8618 5
8619 19
8620 11
8621 26
8622 15
8623 14
8624 14
8625 4
8626 9
8627 41
8628 30
8629 32
8630 38
8631 57
8632 19
8633 9
8634 61
8635 31
8636 13
8637 50
8638 17
8639 36
8640 58
8641 9
8642 65
8643 3
8644 69
8645 33
8646 56
8647 13
8648 65
8649 44
8650 44
8651 17
8652 39
8653 56
8654 17
8655 29
8656 70
8657 10
8658 18
8659 55
8660 53
8661 11
8662 47
8663 11
8664 30
8665 51
8666 60
8667 9
8668 63
8669 10
8670 53
8671 1
8672 66
8673 4
8674 33
8675 44
8676 25
8677 36
8678 59
8679 30
8680 14
8681 36
8682 52
8683 62
8684 71
8685 9
8686 28
8687 32
8688 7
8689 45
8690 43
8691 55
8692 31
8693 24
8694 14
8695 16
8696 17
8697 8
8698 48
8699 28
8700 66
8701 39
8702 28
8703 11
8704 32
8705 51
8706 71
8707 18
8708 35
8709 68
8710 31
8711 24
8712 26
8713 20
8714 66
8715 31
8716 44
8717 67
8718 22
8719 7
8720 16
8721 55
8722 16
8723 61
8724 13
8725 31
8726 30
8727 8
8728 9
8729 37
8730 38
8731 33
8732 1
8733 5
8734 21
8735 44
8736 18
8737 42
8738 26
8739 52
8740 67
8741 26
8742 29
8743 6
8744 24
8745 8
8746 60
8747 71
8748 39
8749 34
8750 11
8751 23
8752 37
8753 23
8754 65
8755 22
8756 30
8757 29
8758 49
8759 6
8760 71
8761 19
8762 45
8763 11
8764 46
8765 10
8766 11
8767 47
8768 11
8769 46
8770 39
8771 68
8772 4
8773 14
8774 6
8775 50
8776 49
8777 10
8778 63
8779 32
8780 56
8781 29
8782 28
8783 57
8784 67
8785 64
8786 50
8787 51
8788 48
8789 52
8790 69
8791 67
8792 70
8793 59
8794 34
8795 63
8796 6
8797 33
8798 63
8799 50
8800 41
8801 45
8802 71
8803 7
8804 60
8805 50
8806 54
8807 59
8808 70
8809 12
8810 37
8811 58
8812 43
8813 42
8814 64
8815 6
8816 36
8817 40
8818 24
8819 43
8820 10
8821 53
8822 51
8823 4
8824 68
8825 39
8826 62
8827 61
8828 19
8829 53
8830 59
8831 53
8832 28
8833 54
8834 23
8835 4
8836 7
8837 6
8838 59
8839 34
8840 58
8841 48
8842 27
8843 40
8844 16
8845 33
8846 21
8847 23
8848 70
8849 48
8850 2
8851 47
8852 43
8853 40
8854 39
8855 33
8856 35
8857 54
8858 32
8859 28
8860 37
8861 48
8862 26
8863 27
8864 61
8865 56
8866 8
8867 30
8868 49
8869 34
8870 51
8871 41
8872 28
8873 18
8874 7
8875 64
8876 60
8877 38
8878 38
8879 8
8880 17
8881 23
8882 38
8883 70
8884 51
8885 6
8886 5
8887 65
8888 8
8889 67
8890 40
8891 69
8892 16
8893 3
8894 59
8895 35
8896 59
8897 2
8898 36
8899 17
8900 49
8901 36
8902 5
8903 55
8904 55
8905 22
8906 31
8907 27
8908 6
8909 21
8910 44
8911 71
8912 68
8913 2
8914 57
8915 17
8916 30
8917 45
8918 19
8919 55
8920 62
8921 68
8922 12
8923 28
8924 60
8925 60
8926 21
8927 20
8928 70
8929 28
8930 42
8931 43
8932 43
8933 5
8934 5
8935 13
8936 39
8937 61
8938 48
8939 37
8940 45
8941 15
8942 13
8943 3
8944 38
8945 15
8946 11
8947 20
8948 20
8949 8
8950 29
8951 2
8952 16
8953 28
8954 3
8955 48
8956 3
8957 66
8958 65
8959 49
8960 43
8961 6
8962 26
8963 57
8964 48
8965 41
8966 43
8967 7
8968 62
8969 33
8970 17
8971 39
8972 70
8973 66
8974 24
8975 20
8976 45
8977 57
8978 60
8979 11
8980 11
8981 41
8982 68
8983 37
8984 20
8985 59
8986 4
8987 60
8988 24
8989 44
8990 23
8991 71
8992 58
8993 16
8994 41
8995 61
8996 16
8997 64
8998 10
8999 54
9000 5
9001 44
9002 59
9003 32
9004 56
9005 16
9006 28
9007 67
9008 62
9009 6
9010 6
9011 67
9012 29
9013 55
9014 24
9015 7
9016 31
9017 3
9018 60
9019 62
9020 27
9021 10
9022 4
9023 7
9024 25
9025 29
9026 53
9027 30
9028 70
9029 13
9030 70
9031 71
9032 53
9033 2
9034 6
9035 50
9036 71
9037 35
9038 58
9039 1
9040 70
9041 36
9042 8
9043 34
9044 53
9045 4
9046 33
9047 52
9048 36
9049 8
9050 64
9051 48
9052 67
9053 39
9054 17
9055 46
9056 17
9057 71
9058 53
9059 58
9060 36
9061 39
9062 51
9063 53
9064 69
9065 28
9066 41
9067 7
9068 16
9069 61
9070 35
9071 52
9072 11
9073 33
9074 34
9075 48
9076 24
9077 41
9078 67
9079 68
9080 38
9081 4
9082 32
9083 31
9084 64
9085 24
9086 58
9087 17
9088 56
9089 30
9090 11
9091 46
9092 42
9093 21
9094 9
9095 11
9096 50
9097 38
9098 62
9099 26
9100 13
9101 52
9102 48
9103 48
9104 47
9105 2
9106 58
9107 58
9108 25
9109 4
9110 38
9111 36
9112 67
9113 3
9114 59
9115 37
9116 14
9117 66
9118 31
9119 32
9120 52
9121 32
9122 3
9123 16
9124 60
9125 48
9126 53
9127 8
9128 67
9129 7
9130 19
9131 53
9132 6
9133 31
9134 15
9135 49
9136 11
9137 32
9138 9
9139 19
9140 19
9141 48
9142 48
9143 19
9144 3
9145 37
9146 15
9147 53
9148 26
9149 63
9150 34
9151 40
9152 55
9153 23
9154 3
9155 33
9156 59
9157 54
9158 5
9159 35
9160 43
9161 13
9162 31
9163 17
9164 70
9165 59
9166 71
9167 55
9168 13
9169 65
9170 27
9171 13
9172 71
9173 4
9174 24
9175 60
9176 54
9177 56
9178 51
9179 4
9180 39
9181 20
9182 30
9183 31
9184 27
9185 34
9186 6
9187 57
9188 40
9189 35
9190 67
9191 45
9192 59
9193 61
9194 17
9195 51
9196 10
9197 32
9198 69
9199 48
9200 69
9201 61
9202 10
9203 70
9204 33
9205 3
9206 31
9207 8
9208 22
9209 38
9210 62
9211 27
9212 55
9213 13
9214 30
9215 46
9216 43
9217 48
9218 2
9219 53
9220 13
9221 1
9222 25
9223 51
9224 28
9225 51
9226 61
9227 30
9228 3
9229 53
9230 45
9231 35
9232 19
9233 7
9234 32
9235 57
9236 1
9237 21
9238 37
9239 64
9240 58
9241 20
9242 30
9243 6
9244 67
9245 57
9246 9
9247 20
9248 17
9249 4
9250 2
9251 13
9252 46
9253 57
9254 17
9255 10
9256 65
9257 47
9258 34
9259 37
9260 62
9261 62
9262 41
9263 9
9264 54
9265 40
9266 41
9267 28
9268 61
9269 7
9270 54
9271 6
9272 16
9273 71
9274 70
9275 37
9276 28
9277 66
9278 32
9279 43
9280 51
9281 13
9282 50
9283 4
9284 62
9285 9
9286 24
9287 52
9288 54
9289 65
9290 7
9291 42
9292 7
9293 44
9294 7
9295 31
9296 9
9297 41
9298 17
9299 1
9300 31
9301 16
9302 6
9303 19
9304 48
9305 22
9306 25
9307 18
9308 51
9309 45
9310 36
9311 13
9312 32
9313 32
9314 67
9315 41
9316 36
9317 27
9318 62
9319 42
9320 28
9321 1
9322 8
9323 63
9324 37
9325 67
9326 57
9327 23
9328 43
9329 33
9330 20
9331 11
9332 27
9333 8
9334 41
9335 63
9336 21
9337 63
9338 5
9339 37
9340 17
9341 50
9342 38
9343 24
9344 40
9345 10
9346 17
9347 15
9348 29
9349 66
9350 16
9351 14
9352 50
9353 39
9354 22
9355 61
9356 47
9357 21
9358 70
9359 5
9360 35
9361 4
9362 5
9363 4
9364 35
9365 10
9366 9
9367 27
9368 26
9369 8
9370 28
9371 60
9372 8
9373 50
9374 29
9375 58
9376 8
9377 31
9378 48
9379 25
9380 7
9381 55
9382 34
9383 10
9384 8
9385 8
9386 54
9387 36
9388 26
9389 37
9390 45
9391 70
9392 59
9393 70
9394 57
9395 68
9396 17
9397 60
9398 33
9399 25
9400 8
9401 44
9402 31
9403 68
9404 66
9405 57
9406 5
9407 4
9408 57
9409 60
9410 14
9411 52
9412 7
9413 51
9414 14
9415 41
9416 30
9417 50
9418 11
9419 50
9420 24
9421 22
9422 67
9423 21
9424 7
9425 56
9426 22
9427 38
9428 57
9429 15
9430 21
9431 7
9432 60
9433 3
9434 57
9435 52
9436 17
9437 2
9438 17
9439 59
9440 5
9441 9
9442 17
9443 21
9444 36
9445 48
9446 61
9447 20
9448 61
9449 45
9450 20
9451 60
9452 53
9453 49
9454 23
9455 24
9456 53
9457 71
9458 3
9459 28
9460 54
9461 16
9462 30
9463 23
9464 53
9465 29
9466 8
9467 42
9468 55
9469 11
9470 57
9471 45
9472 40
9473 40
9474 36
9475 71
9476 4
9477 15
9478 7
9479 43
9480 4
9481 42
9482 28
9483 26
9484 57
9485 52
9486 4
9487 48
9488 42
9489 49
9490 27
9491 46
9492 41
9493 44
9494 10
9495 47
9496 70
9497 17
9498 36
9499 66
9500 39
9501 1
9502 44
9503 64
9504 5
9505 67
9506 45
9507 27
9508 12
9509 20
9510 5
9511 44
9512 40
9513 42
9514 67
9515 20
9516 33
9517 50
9518 40
9519 62
9520 27
9521 14
9522 53
9523 39
9524 44
9525 35
9526 65
9527 67
9528 17
9529 2
9530 21
9531 18
9532 28
9533 68
9534 31
9535 38
9536 23
9537 64
9538 56
9539 41
9540 27
9541 57
9542 58
9543 36
9544 48
9545 33
9546 39
9547 50
9548 56
9549 61
9550 64
9551 34
9552 49
9553 29
9554 67
9555 36
9556 41
9557 54
9558 33
9559 41
9560 48
9561 3
9562 33
9563 11
9564 34
9565 34
9566 45
9567 61
9568 23
9569 53
9570 68
9571 24
9572 50
9573 17
9574 9
9575 63
9576 29
9577 1
9578 21
9579 30
9580 39
9581 14
9582 4
9583 55
9584 51
9585 42
9586 48
9587 53
9588 24
9589 57
9590 36
9591 51
9592 25
9593 1
9594 60
9595 50
9596 28
9597 56
9598 51
9599 3
9600 62
9601 34
9602 23
9603 3
9604 69
9605 61
9606 26
9607 59
9608 69
9609 61
9610 35
9611 13
9612 8
9613 28
9614 38
9615 27
9616 58
9617 60
9618 60
9619 66
9620 48
9621 32
9622 71
9623 50
9624 59
9625 7
9626 5
9627 42
9628 1
9629 13
9630 23
9631 62
9632 22
9633 53
9634 9
9635 29
9636 10
9637 37
9638 26
9639 42
9640 44
9641 52
9642 43
9643 25
9644 34
9645 23
9646 37
9647 55
9648 53
9649 67
9650 60
9651 16
9652 27
9653 7
9654 35
9655 52
9656 48
9657 32
9658 57
9659 39
9660 16
9661 31
9662 42
9663 51
9664 38
9665 46
9666 66
9667 60
9668 15
9669 38
9670 19
9671 17
9672 53
9673 55
9674 62
9675 24
9676 46
9677 25
9678 21
9679 53
9680 48
9681 35
9682 59
9683 66
9684 8
9685 32
9686 7
9687 9
9688 44
9689 51
9690 55
9691 64
9692 23
9693 4
9694 67
9695 16
9696 21
9697 16
9698 66
9699 35
9700 34
9701 37
9702 43
9703 41
9704 41
9705 28
9706 25
9707 67
9708 59
9709 66
9710 28
9711 52
9712 43
9713 36
9714 71
9715 37
9716 36
9717 41
9718 23
9719 67
9720 24
9721 45
9722 35
9723 36
9724 10
9725 48
9726 12
9727 52
9728 62
9729 59
9730 23
9731 5
9732 8
9733 45
9734 57
9735 1
9736 3
9737 68
9738 71
9739 23
9740 59
9741 70
9742 7
9743 11
9744 71
9745 8
9746 58
9747 7
9748 55
9749 8
9750 71
9751 45
9752 17
9753 23
9754 41
9755 24
9756 57
9757 41
9758 37
9759 1
9760 1
9761 71
9762 9
9763 41
9764 16
9765 6
9766 21
9767 55
9768 4
9769 59
9770 45
9771 11
9772 67
9773 11
9774 57
9775 60
9776 35
9777 45
9778 13
9779 30
9780 1
9781 53
9782 4
9783 21
9784 45
9785 57
9786 21
9787 31
9788 31
9789 58
9790 67
9791 1
9792 35
9793 36
9794 8
9795 16
9796 23
9797 64
9798 48
9799 62
9800 62
9801 70
9802 28
9803 31
9804 60
9805 7
9806 17
9807 58
9808 37
9809 53
9810 31
9811 21
9812 23
9813 52
9814 60
9815 52
9816 16
9817 30
9818 60
9819 41
9820 48
9821 8
9822 5
9823 23
9824 37
9825 36
9826 17
9827 17
9828 8
9829 64
9830 45
9831 31
9832 60
9833 30
9834 41
9835 7
9836 60
9837 7
9838 5
9839 31
9840 64
9841 31
9842 21
9843 67
9844 60
9845 48
9846 7
9847 9
9848 48
9849 48
9850 41
9851 7
9852 36
9853 67
9854 36
9855 11
9856 67
9857 64
9858 45
9859 16
9860 8
9861 59
9862 36
9863 53
9864 11
9865 67
9866 59
9867 7
9868 36
9869 23
9870 7
9871 59
9872 23
9873 35
9874 23
9875 36
9876 21
9877 21
9878 60
9879 4
9880 21
9881 21
9882 8
9883 60
9884 36
9885 59
9886 60
9887 59
9888 21
9889 5
9890 48
9891 5
9892 64
9893 7
9894 8
9895 30
9896 9
9897 67
9898 11
9899 45
9900 67
9901 4
9902 48
9903 7
9904 17
9905 60
9906 59
9907 8
9908 21
9909 21
9910 7
9911 35
9912 60
9913 48
9914 59
9915 11
9916 35
9917 45
9918 17
9919 64
9920 64
9921 4
9922 4
9923 35
9924 60
9925 64
9926 64
9927 60
9928 21
9929 4
9930 67
9931 36
9932 64
9933 16
9934 9
9935 67
9936 64
9937 35
9938 21
9939 9
9940 7
9941 9
9942 67
9943 48
9944 48
9945 9
9946 21
9947 4
9948 7
9949 17
9950 36
9951 9
9952 64
9953 64
9954 11
9955 17
9956 9
9957 21
9958 17
9959 11
9960 11
9961 7
9962 7
9963 21
9964 21
9965 45
9966 48
9967 21
9968 36
9969 9
9970 48
9971 9
9972 17
9973 48
9974 45
9975 64
9976 45
9977 64
9978 45
9979 64
9980 64
9981 64
9982 11
9983 48
9984 64
9985 64
9986 64
9987 48
9988 64
9989 64
9990 45
9991 45
9992 64
9993 48
9994 45
9995 48
9996 48
9997 48
9998 48
9999 48
