0 23
1 1
2 69
3 57
4 34
5 70
6 3
7 37
8 45
9 69
10 37
11 53
12 33
13 18
14 14
15 62
16 46
17 58
18 43
19 30
20 15
21 30
22 44
23 16
24 22
25 2
26 38
27 44
28 21
29 44
30 54
31 57
32 55
33 29
34 17
35 20
36 16
37 45
38 45
39 72
40 36
41 39
42 48
43 72
44 25
45 25
46 11
47 53
48 1
49 70
50 64
51 44
52 15
53 11
54 65
55 20
56 25
57 24
58 49
59 17
60 68
61 69
62 51
63 28
64 71
65 50
66 69
67 33
68 36
69 47
70 67
71 22
72 6
73 9
74 27
75 69
76 28
77 16
78 37
79 34
80 48
81 27
82 39
83 51
84 14
85 44
86 39
87 5
88 3
89 22
90 38
91 55
92 45
93 25
94 3
95 32
96 30
97 59
98 30
99 14
100 26
101 44
102 19
103 63
104 17
105 47
106 7
107 54
108 41
109 31
110 26
111 53
112 37
113 27
114 52
115 14
116 40
117 28
118 42
119 22
120 49
121 29
122 38
123 45
124 73
125 13
126 43
127 64
128 47
129 7
130 18
131 36
132 41
133 52
134 55
135 5
136 24
137 68
138 31
139 1
140 65
141 52
142 61
143 24
144 19
145 53
146 53
147 40
148 30
149 50
150 8
151 49
152 66
153 3
154 65
155 49
156 40
157 40
158 69
159 49
160 53
161 17
162 2
163 6
164 24
165 2
166 16
167 42
168 12
169 31
170 32
171 73
172 37
173 38
174 33
175 37
176 12
177 9
178 25
179 14
180 62
181 68
182 10
183 61
184 62
185 36
186 9
187 45
188 55
189 57
190 66
191 70
192 35
193 19
194 34
195 9
196 33
197 41
198 66
199 25
200 72
201 62
202 3
203 44
204 39
205 34
206 25
207 32
208 27
209 34
210 41
211 58
212 14
213 73
214 24
215 61
216 46
217 21
218 64
219 2
220 55
221 21
222 22
223 30
224 62
225 27
226 37
227 20
228 20
229 22
230 16
231 1
232 22
233 40
234 18
235 47
236 42
237 41
238 37
239 51
240 31
241 41
242 30
243 57
244 62
245 34
246 10
247 26
248 21
249 12
250 65
251 6
252 69
253 52
254 21
255 44
256 35
257 31
258 6
259 29
260 16
261 40
262 21
263 2
264 30
265 16
266 15
267 47
268 49
269 62
270 12
271 28
272 59
273 41
274 8
275 73
276 22
277 71
278 47
279 45
280 1
281 52
282 22
283 30
284 20
285 50
286 49
287 37
288 70
289 15
290 6
291 67
292 15
293 25
294 50
295 61
296 1
297 1
298 17
299 48
300 59
301 50
302 26
303 33
304 58
305 58
306 4
307 34
308 5
309 27
310 39
311 2
312 25
313 34
314 35
315 58
316 69
317 46
318 15
319 30
320 27
321 45
322 39
323 44
324 13
325 56
326 43
327 13
328 30
329 26
330 28
331 1
332 4
333 17
334 34
335 65
336 25
337 69
338 32
339 30
340 45
341 36
342 56
343 30
344 29
345 48
346 57
347 55
348 68
349 24
350 37
351 7
352 10
353 28
354 45
355 14
356 58
357 68
358 17
359 33
360 57
361 38
362 31
363 10
364 41
365 45
366 64
367 36
368 8
369 62
370 41
371 72
372 36
373 6
374 45
375 11
376 69
377 34
378 68
379 45
380 32
381 21
382 20
383 47
384 37
385 10
386 12
387 58
388 30
389 54
390 17
391 50
392 22
393 62
394 38
395 17
396 5
397 49
398 68
399 52
400 16
401 1
402 12
403 63
404 12
405 69
406 16
407 32
408 20
409 16
410 48
411 61
412 7
413 38
414 49
415 72
416 6
417 73
418 59
419 54
420 23
421 10
422 56
423 35
424 19
425 46
426 57
427 70
428 13
429 65
430 20
431 42
432 45
433 64
434 45
435 32
436 32
437 36
438 19
439 32
440 47
441 43
442 32
443 14
444 63
445 64
446 56
447 55
448 38
449 12
450 45
451 42
452 52
453 32
454 51
455 24
456 16
457 31
458 5
459 24
460 11
461 58
462 38
463 46
464 49
465 45
466 50
467 42
468 53
469 69
470 1
471 31
472 37
473 49
474 27
475 27
476 55
477 65
478 28
479 63
480 13
481 55
482 30
483 52
484 18
485 25
486 54
487 40
488 61
489 13
490 66
491 71
492 25
493 2
494 45
495 9
496 65
497 38
498 29
499 38
500 35
501 15
502 60
503 30
504 27
505 34
506 7
507 62
508 4
509 23
510 65
511 25
512 4
513 39
514 34
515 30
516 52
517 73
518 3
519 50
520 16
521 18
522 67
523 20
524 30
525 28
526 68
527 12
528 56
529 17
530 38
531 63
532 40
533 38
534 22
535 30
536 11
537 53
538 38
539 17
540 21
541 46
542 51
543 25
544 36
545 5
546 12
547 70
548 17
549 10
550 19
551 18
552 24
553 65
554 2
555 16
556 25
557 53
558 63
559 64
560 24
561 36
562 65
563 66
564 70
565 72
566 3
567 9
568 63
569 44
570 62
571 21
572 58
573 6
574 25
575 3
576 35
577 72
578 20
579 34
580 70
581 13
582 73
583 69
584 16
585 46
586 5
587 26
588 59
589 20
590 41
591 31
592 29
593 24
594 50
595 31
596 37
597 32
598 10
599 30
600 12
601 6
602 29
603 62
604 29
605 25
606 20
607 7
608 69
609 21
610 40
611 15
612 32
613 67
614 52
615 73
616 39
617 70
618 69
619 22
620 45
621 56
622 55
623 66
624 70
625 48
626 50
627 38
628 23
629 41
630 51
631 5
632 20
633 2
634 65
635 9
636 37
637 31
638 72
639 11
640 53
641 73
642 63
643 72
644 61
645 26
646 60
647 70
648 47
649 6
650 24
651 18
652 57
653 57
654 12
655 26
656 32
657 10
658 23
659 29
660 11
661 44
662 6
663 39
664 5
665 22
666 54
667 70
668 30
669 1
670 33
671 22
672 45
673 45
674 38
675 44
676 27
677 8
678 59
679 15
680 38
681 23
682 38
683 11
684 38
685 26
686 72
687 50
688 2
689 18
690 69
691 7
692 34
693 71
694 6
695 23
696 13
697 30
698 63
699 44
700 53
701 47
702 31
703 15
704 27
705 13
706 31
707 52
708 10
709 15
710 50
711 58
712 18
713 27
714 47
715 21
716 45
717 12
718 62
719 48
720 29
721 53
722 60
723 15
724 70
725 54
726 40
727 30
728 7
729 42
730 22
731 43
732 73
733 33
734 5
735 69
736 44
737 38
738 59
739 23
740 9
741 64
742 28
743 56
744 18
745 2
746 68
747 39
748 13
749 58
750 73
751 73
752 46
753 37
754 19
755 2
756 33
757 27
758 33
759 11
760 68
761 39
762 22
763 48
764 53
765 40
766 63
767 29
768 18
769 15
770 23
771 25
772 21
773 61
774 10
775 10
776 58
777 26
778 52
779 14
780 7
781 59
782 63
783 40
784 63
785 48
786 58
787 23
788 65
789 67
790 65
791 57
792 60
793 7
794 62
795 13
796 20
797 26
798 61
799 39
800 44
801 55
802 57
803 51
804 6
805 36
806 50
807 63
808 21
809 44
810 31
811 24
812 53
813 24
814 35
815 28
816 20
817 39
818 65
819 4
820 32
821 7
822 17
823 10
824 61
825 18
826 67
827 25
828 40
829 9
830 63
831 36
832 18
833 73
834 69
835 43
836 41
837 62
838 17
839 57
840 21
841 57
842 60
843 48
844 6
845 68
846 56
847 50
848 64
849 58
850 69
851 68
852 45
853 18
854 62
855 50
856 46
857 51
858 12
859 13
860 39
861 15
862 38
863 16
864 57
865 69
866 49
867 72
868 3
869 44
870 31
871 39
872 21
873 67
874 38
875 41
876 33
877 44
878 19
879 69
880 37
881 7
882 7
883 35
884 72
885 19
886 16
887 51
888 42
889 61
890 64
891 35
892 26
893 16
894 18
895 16
896 11
897 64
898 45
899 5
900 37
901 73
902 13
903 55
904 13
905 41
906 36
907 63
908 36
909 15
910 68
911 68
912 6
913 21
914 16
915 6
916 62
917 35
918 38
919 19
920 7
921 12
922 41
923 10
924 39
925 41
926 23
927 54
928 58
929 2
930 61
931 58
932 37
933 24
934 56
935 65
936 37
937 68
938 24
939 25
940 43
941 70
942 31
943 11
944 54
945 42
946 5
947 37
948 71
949 27
950 65
951 70
952 30
953 45
954 50
955 8
956 1
957 17
958 23
959 47
960 24
961 47
962 14
963 15
964 27
965 62
966 30
967 44
968 43
969 5
970 44
971 62
972 37
973 38
974 30
975 71
976 53
977 66
978 60
979 39
980 66
981 58
982 70
983 61
984 48
985 50
986 45
987 36
988 2
989 30
990 12
991 33
992 25
993 5
994 42
995 20
996 32
997 55
998 39
999 15
1000 72
1001 67
1002 69
1003 16
1004 18
1005 58
1006 14
1007 5
1008 42
1009 62
1010 71
1011 41
1012 1
1013 40
1014 21
1015 60
1016 31
1017 22
1018 12
1019 11
1020 42
1021 6
1022 29
1023 14
1024 27
1025 14
1026 55
1027 54
1028 21
1029 34
1030 72
1031 65
1032 24
1033 36
1034 68
1035 67
1036 72
1037 36
1038 45
1039 71
1040 38
1041 41
1042 41
1043 33
1044 73
1045 58
1046 35
1047 50
1048 56
1049 53
1050 60
1051 5
1052 58
1053 66
1054 68
1055 35
1056 23
1057 3
1058 51
1059 32
1060 36
1061 53
1062 10
1063 20
1064 60
1065 18
1066 36
1067 9
1068 70
1069 22
1070 9
1071 61
1072 48
1073 70
1074 29
1075 64
1076 25
1077 15
1078 2
1079 64
1080 71
1081 2
1082 13
1083 37
1084 1
1085 3
1086 64
1087 64
1088 13
1089 8
1090 47
1091 3
1092 22
1093 52
1094 69
1095 33
1096 28
1097 19
1098 19
1099 54
1100 9
1101 51
1102 28
1103 35
1104 48
1105 23
1106 32
1107 20
1108 49
1109 13
1110 59
1111 45
1112 23
1113 15
1114 51
1115 61
1116 43
1117 34
1118 17
1119 62
1120 67
1121 68
1122 64
1123 37
1124 4
1125 1
1126 9
1127 56
1128 29
1129 50
1130 13
1131 8
1132 47
1133 6
1134 3
1135 29
1136 65
1137 26
1138 32
1139 23
1140 7
1141 72
1142 14
1143 33
1144 49
1145 69
1146 69
1147 47
1148 41
1149 23
1150 51
1151 18
1152 4
1153 11
1154 71
1155 50
1156 66
1157 38
1158 2
1159 39
1160 2
1161 10
1162 33
1163 16
1164 13
1165 22
1166 32
1167 4
1168 65
1169 1
1170 39
1171 4
1172 20
1173 3
1174 26
1175 9
1176 42
1177 60
1178 40
1179 46
1180 66
1181 3
1182 41
1183 46
1184 66
1185 58
1186 57
1187 39
1188 67
1189 59
1190 59
1191 19
1192 6
1193 51
1194 41
1195 35
1196 71
1197 8
1198 60
1199 10
1200 42
1201 12
1202 47
1203 47
1204 34
1205 51
1206 71
1207 68
1208 21
1209 3
1210 19
1211 40
1212 51
1213 46
1214 56
1215 47
1216 23
1217 20
1218 16
1219 18
1220 56
1221 54
1222 10
1223 52
1224 46
1225 44
1226 63
1227 38
1228 18
1229 68
1230 1
1231 50
1232 17
1233 51
1234 19
1235 24
1236 5
1237 43
1238 29
1239 34
1240 71
1241 33
1242 4
1243 26
1244 63
1245 23
1246 46
1247 35
1248 66
1249 14
1250 32
1251 10
1252 28
1253 10
1254 69
1255 14
1256 5
1257 22
1258 31
1259 50
1260 2
1261 29
1262 44
1263 22
1264 43
1265 58
1266 1
1267 63
1268 47
1269 39
1270 32
1271 24
1272 62
1273 53
1274 30
1275 41
1276 20
1277 64
1278 46
1279 68
1280 47
1281 65
1282 17
1283 34
1284 29
1285 68
1286 70
1287 29
1288 12
1289 68
1290 54
1291 38
1292 34
1293 51
1294 5
1295 55
1296 19
1297 53
1298 18
1299 20
1300 16
1301 13
1302 33
1303 62
1304 37
1305 40
1306 4
1307 50
1308 21
1309 24
1310 29
1311 42
1312 57
1313 42
1314 28
1315 72
1316 6
1317 13
1318 41
1319 73
1320 24
1321 22
1322 27
1323 1
1324 32
1325 58
1326 60
1327 47
1328 32
1329 50
1330 18
1331 7
1332 45
1333 24
1334 61
1335 54
1336 32
1337 47
1338 35
1339 26
1340 10
1341 13
1342 35
1343 19
1344 23
1345 45
1346 21
1347 28
1348 73
1349 2
1350 17
1351 14
1352 15
1353 15
1354 21
1355 13
1356 47
1357 58
1358 50
1359 71
1360 37
1361 62
1362 29
1363 14
1364 4
1365 2
1366 25
1367 35
1368 4
1369 58
1370 69
1371 15
1372 26
1373 34
1374 68
1375 39
1376 51
1377 33
1378 35
1379 31
1380 23
1381 30
1382 56
1383 66
1384 33
1385 24
1386 61
1387 47
1388 30
1389 49
1390 60
1391 10
1392 60
1393 19
1394 38
1395 47
1396 32
1397 38
1398 46
1399 18
1400 35
1401 56
1402 47
1403 40
1404 42
1405 8
1406 7
1407 32
1408 9
1409 4
1410 4
1411 56
1412 49
1413 15
1414 66
1415 43
1416 58
1417 45
1418 2
1419 15
1420 43
1421 32
1422 51
1423 30
1424 37
1425 20
1426 21
1427 49
1428 26
1429 49
1430 60
1431 67
1432 4
1433 24
1434 18
1435 47
1436 41
1437 33
1438 50
1439 9
1440 45
1441 68
1442 9
1443 13
1444 9
1445 33
1446 9
1447 36
1448 8
1449 3
1450 26
1451 65
1452 71
1453 69
1454 72
1455 6
1456 39
1457 40
1458 70
1459 56
1460 55
1461 31
1462 24
1463 28
1464 32
1465 47
1466 13
1467 67
1468 2
1469 41
1470 34
1471 21
1472 25
1473 61
1474 70
1475 67
1476 44
1477 69
1478 30
1479 56
1480 29
1481 55
1482 70
1483 71
1484 37
1485 45
1486 11
1487 1
1488 30
1489 30
1490 6
1491 39
1492 53
1493 68
1494 70
1495 8
1496 7
1497 36
1498 26
1499 12
1500 7
1501 20
1502 18
1503 7
1504 71
1505 29
1506 54
1507 66
1508 5
1509 40
1510 55
1511 45
1512 57
1513 24
1514 50
1515 47
1516 56
1517 31
1518 36
1519 9
1520 36
1521 4
1522 10
1523 30
1524 47
1525 59
1526 14
1527 24
1528 8
1529 72
1530 59
1531 72
1532 17
1533 53
1534 60
1535 4
1536 44
1537 42
1538 10
1539 17
1540 47
1541 46
1542 19
1543 22
1544 49
1545 53
1546 15
1547 42
1548 52
1549 54
1550 60
1551 58
1552 55
1553 23
1554 67
1555 52
1556 21
1557 21
1558 34
1559 45
1560 28
1561 15
1562 61
1563 40
1564 59
1565 42
1566 31
1567 26
1568 51
1569 72
1570 29
1571 28
1572 10
1573 44
1574 63
1575 34
1576 56
1577 49
1578 15
1579 22
1580 64
1581 1
1582 41
1583 34
1584 39
1585 56
1586 25
1587 53
1588 31
1589 32
1590 21
1591 64
1592 48
1593 32
1594 65
1595 5
1596 1
1597 54
1598 10
1599 6
1600 32
1601 58
1602 59
1603 35
1604 41
1605 53
1606 9
1607 64
1608 30
1609 15
1610 33
1611 25
1612 4
1613 44
1614 13
1615 70
1616 70
1617 53
1618 1
1619 23
1620 24
1621 30
1622 11
1623 24
1624 1
1625 17
1626 40
1627 3
1628 7
1629 66
1630 14
1631 52
1632 6
1633 45
1634 30
1635 29
1636 24
1637 28
1638 56
1639 18
1640 23
1641 11
1642 56
1643 57
1644 8
1645 3
1646 56
1647 5
1648 20
1649 24
1650 1
1651 66
1652 8
1653 18
1654 6
1655 36
1656 47
1657 30
1658 44
1659 42
1660 63
1661 9
1662 47
1663 66
1664 50
1665 71
1666 64
1667 54
1668 17
1669 15
1670 33
1671 25
1672 22
1673 49
1674 61
1675 63
1676 4
1677 12
1678 33
1679 28
1680 20
1681 12
1682 67
1683 25
1684 52
1685 2
1686 18
1687 56
1688 57
1689 2
1690 40
1691 44
1692 40
1693 64
1694 15
1695 2
1696 31
1697 24
1698 58
1699 49
1700 72
1701 45
1702 64
1703 63
1704 46
1705 56
1706 8
1707 47
1708 69
1709 30
1710 16
1711 19
1712 39
1713 28
1714 1
1715 11
1716 28
1717 47
1718 47
1719 29
1720 18
1721 37
1722 29
1723 56
1724 13
1725 23
1726 50
1727 11
1728 63
1729 56
1730 55
1731 21
1732 13
1733 15
1734 33
1735 2
1736 56
1737 16
1738 15
1739 27
1740 50
1741 59
1742 45
1743 24
1744 64
1745 52
1746 45
1747 46
1748 6
1749 3
1750 55
1751 49
1752 52
1753 52
1754 33
1755 66
1756 26
1757 47
1758 45
1759 49
1760 26
1761 31
1762 60
1763 18
1764 70
1765 13
1766 7
1767 25
1768 41
1769 5
1770 49
1771 15
1772 49
1773 19
1774 22
1775 68
1776 13
1777 1
1778 37
1779 28
1780 61
1781 11
1782 71
1783 7
1784 32
1785 28
1786 13
1787 61
1788 40
1789 1
1790 70
1791 63
1792 58
1793 27
1794 69
1795 43
1796 54
1797 49
1798 3
1799 35
1800 73
1801 9
1802 1
1803 37
1804 42
1805 29
1806 48
1807 37
1808 23
1809 8
1810 26
1811 42
1812 58
1813 22
1814 65
1815 12
1816 37
1817 14
1818 2
1819 39
1820 22
1821 72
1822 23
1823 7
1824 41
1825 65
1826 55
1827 57
1828 2
1829 37
1830 33
1831 35
1832 50
1833 22
1834 44
1835 67
1836 56
1837 14
1838 2
1839 38
1840 22
1841 38
1842 22
1843 54
1844 28
1845 67
1846 72
1847 7
1848 31
1849 48
1850 67
1851 56
1852 55
1853 31
1854 68
1855 25
1856 6
1857 38
1858 34
1859 2
1860 15
1861 53
1862 57
1863 40
1864 47
1865 10
1866 3
1867 42
1868 28
1869 4
1870 17
1871 57
1872 18
1873 25
1874 7
1875 50
1876 25
1877 56
1878 8
1879 45
1880 69
1881 1
1882 39
1883 15
1884 33
1885 2
1886 25
1887 60
1888 38
1889 52
1890 33
1891 18
1892 37
1893 16
1894 32
1895 36
1896 48
1897 18
1898 19
1899 7
1900 51
1901 8
1902 28
1903 48
1904 56
1905 41
1906 44
1907 32
1908 18
1909 54
1910 16
1911 21
1912 33
1913 69
1914 41
1915 5
1916 26
1917 40
1918 43
1919 61
1920 10
1921 58
1922 70
1923 55
1924 24
1925 62
1926 58
1927 40
1928 37
1929 24
1930 64
1931 22
1932 65
1933 6
1934 35
1935 61
1936 26
1937 9
1938 36
1939 9
1940 52
1941 63
1942 1
1943 49
1944 13
1945 44
1946 49
1947 33
1948 68
1949 41
1950 64
1951 53
1952 5
1953 7
1954 73
1955 65
1956 63
1957 52
1958 40
1959 42
1960 64
1961 23
1962 61
1963 3
1964 26
1965 41
1966 37
1967 58
1968 3
1969 68
1970 72
1971 19
1972 13
1973 24
1974 47
1975 4
1976 19
1977 55
1978 20
1979 29
1980 58
1981 68
1982 7
1983 8
1984 64
1985 11
1986 58
1987 68
1988 59
1989 15
1990 64
1991 67
1992 35
1993 40
1994 51
1995 38
1996 68
1997 57
1998 31
1999 24
2000 71
2001 32
2002 47
2003 1
2004 16
2005 3
2006 18
2007 47
2008 64
2009 33
2010 1
2011 18
2012 1
2013 15
2014 64
2015 16
2016 30
2017 22
2018 60
2019 4
2020 38
2021 63
2022 71
2023 20
2024 45
2025 40
2026 56
2027 53
2028 62
2029 5
2030 40
2031 5
2032 64
2033 66
2034 7
2035 10
2036 45
2037 20
2038 60
2039 69
2040 73
2041 47
2042 56
2043 42
2044 2
2045 9
2046 23
2047 63
2048 6
2049 9
2050 40
2051 49
2052 24
2053 51
2054 41
2055 7
2056 43
2057 26
2058 10
2059 51
2060 29
2061 21
2062 52
2063 13
2064 31
2065 32
2066 63
2067 64
2068 18
2069 45
2070 59
2071 58
2072 17
2073 48
2074 45
2075 61
2076 58
2077 11
2078 48
2079 15
2080 66
2081 21
2082 34
2083 54
2084 43
2085 71
2086 31
2087 19
2088 61
2089 66
2090 8
2091 35
2092 18
2093 61
2094 19
2095 2
2096 56
2097 14
2098 38
2099 37
2100 64
2101 46
2102 38
2103 26
2104 57
2105 63
2106 29
2107 58
2108 73
2109 1
2110 52
2111 61
2112 18
2113 13
2114 6
2115 29
2116 51
2117 16
2118 1
2119 33
2120 36
2121 49
2122 47
2123 45
2124 55
2125 28
2126 5
2127 34
2128 2
2129 4
2130 37
2131 67
2132 41
2133 53
2134 24
2135 71
2136 6
2137 20
2138 29
2139 68
2140 33
2141 36
2142 57
2143 43
2144 13
2145 18
2146 26
2147 30
2148 29
2149 58
2150 73
2151 59
2152 7
2153 56
2154 13
2155 28
2156 39
2157 47
2158 8
2159 62
2160 5
2161 14
2162 46
2163 11
2164 50
2165 1
2166 30
2167 60
2168 40
2169 49
2170 7
2171 69
2172 69
2173 26
2174 52
2175 18
2176 72
2177 40
2178 9
2179 10
2180 57
2181 11
2182 71
2183 52
2184 72
2185 72
2186 4
2187 4
2188 24
2189 27
2190 16
2191 26
2192 69
2193 73
2194 38
2195 48
2196 59
2197 2
2198 27
2199 67
2200 10
2201 38
2202 41
2203 61
2204 18
2205 47
2206 31
2207 22
2208 70
2209 16
2210 10
2211 54
2212 22
2213 11
2214 53
2215 3
2216 49
2217 27
2218 19
2219 12
2220 61
2221 51
2222 4
2223 18
2224 59
2225 2
2226 46
2227 5
2228 23
2229 17
2230 34
2231 15
2232 32
2233 67
2234 54
2235 12
2236 6
2237 72
2238 26
2239 20
2240 56
2241 16
2242 4
2243 58
2244 40
2245 15
2246 32
2247 18
2248 24
2249 38
2250 18
2251 73
2252 6
2253 73
2254 21
2255 10
2256 53
2257 42
2258 22
2259 3
2260 33
2261 2
2262 57
2263 39
2264 70
2265 63
2266 60
2267 71
2268 26
2269 46
2270 32
2271 32
2272 63
2273 29
2274 20
2275 11
2276 15
2277 33
2278 1
2279 71
2280 36
2281 68
2282 25
2283 25
2284 6
2285 52
2286 11
2287 40
2288 25
2289 6
2290 71
2291 65
2292 39
2293 39
2294 43
2295 26
2296 72
2297 9
2298 22
2299 68
2300 62
2301 26
2302 56
2303 16
2304 57
2305 2
2306 47
2307 8
2308 67
2309 19
2310 55
2311 54
2312 19
2313 49
2314 16
2315 3
2316 54
2317 63
2318 68
2319 21
2320 21
2321 49
2322 44
2323 37
2324 3
2325 42
2326 60
2327 57
2328 35
2329 25
2330 6
2331 18
2332 61
2333 15
2334 48
2335 10
2336 15
2337 37
2338 72
2339 55
2340 48
2341 19
2342 70
2343 57
2344 47
2345 60
2346 32
2347 19
2348 36
2349 17
2350 39
2351 40
2352 9
2353 31
2354 65
2355 58
2356 66
2357 5
2358 47
2359 41
2360 65
2361 34
2362 45
2363 14
2364 10
2365 48
2366 44
2367 53
2368 24
2369 58
2370 72
2371 20
2372 7
2373 51
2374 29
2375 34
2376 44
2377 5
2378 28
2379 15
2380 50
2381 2
2382 33
2383 72
2384 37
2385 48
2386 63
2387 33
2388 26
2389 46
2390 33
2391 17
2392 65
2393 33
2394 38
2395 66
2396 23
2397 3
2398 41
2399 26
2400 6
2401 64
2402 45
2403 14
2404 63
2405 24
2406 35
2407 1
2408 38
2409 54
2410 1
2411 37
2412 16
2413 21
2414 38
2415 20
2416 51
2417 63
2418 24
2419 64
2420 11
2421 23
2422 31
2423 5
2424 64
2425 18
2426 47
2427 47
2428 65
2429 27
2430 51
2431 24
2432 62
2433 41
2434 24
2435 42
2436 42
2437 26
2438 5
2439 48
2440 32
2441 6
2442 47
2443 11
2444 66
2445 52
2446 22
2447 8
2448 21
2449 11
2450 37
2451 69
2452 21
2453 7
2454 33
2455 8
2456 55
2457 57
2458 47
2459 58
2460 61
2461 68
2462 6
2463 19
2464 30
2465 62
2466 32
2467 10
2468 64
2469 24
2470 39
2471 43
2472 51
2473 56
2474 66
2475 57
2476 41
2477 49
2478 45
2479 18
2480 46
2481 10
2482 9
2483 49
2484 68
2485 3
2486 32
2487 63
2488 2
2489 2
2490 45
2491 51
2492 1
2493 51
2494 39
2495 19
2496 52
2497 2
2498 19
2499 1
2500 53
2501 32
2502 45
2503 2
2504 39
2505 43
2506 6
2507 46
2508 12
2509 55
2510 63
2511 45
2512 65
2513 39
2514 72
2515 64
2516 41
2517 58
2518 32
2519 62
2520 53
2521 35
2522 30
2523 33
2524 72
2525 12
2526 60
2527 43
2528 3
2529 26
2530 45
2531 56
2532 38
2533 58
2534 53
2535 54
2536 41
2537 21
2538 1
2539 23
2540 38
2541 41
2542 70
2543 26
2544 52
2545 13
2546 29
2547 31
2548 27
2549 59
2550 1
2551 73
2552 51
2553 65
2554 53
2555 5
2556 72
2557 8
2558 72
2559 47
2560 40
2561 44
2562 9
2563 14
2564 47
2565 49
2566 22
2567 51
2568 37
2569 15
2570 21
2571 21
2572 19
2573 3
2574 35
2575 24
2576 4
2577 36
2578 71
2579 34
2580 4
2581 27
2582 11
2583 25
2584 38
2585 73
2586 28
2587 32
2588 44
2589 61
2590 30
2591 27
2592 47
2593 16
2594 63
2595 70
2596 39
2597 44
2598 12
2599 70
2600 30
2601 28
2602 55
2603 69
2604 65
2605 7
2606 25
2607 27
2608 44
2609 14
2610 61
2611 43
2612 32
2613 5
2614 6
2615 50
2616 68
2617 34
2618 10
2619 21
2620 8
2621 23
2622 71
2623 61
2624 32
2625 8
2626 45
2627 59
2628 30
2629 9
2630 12
2631 5
2632 66
2633 69
2634 45
2635 17
2636 3
2637 13
2638 32
2639 16
2640 15
2641 55
2642 51
2643 71
2644 20
2645 60
2646 52
2647 12
2648 34
2649 39
2650 44
2651 59
2652 51
2653 19
2654 3
2655 10
2656 68
2657 46
2658 71
2659 52
2660 50
2661 20
2662 28
2663 16
2664 15
2665 43
2666 50
2667 67
2668 55
2669 58
2670 23
2671 52
2672 67
2673 50
2674 10
2675 21
2676 7
2677 4
2678 15
2679 22
2680 64
2681 16
2682 23
2683 42
2684 58
2685 44
2686 28
2687 39
2688 32
2689 35
2690 56
2691 62
2692 56
2693 14
2694 18
2695 19
2696 30
2697 28
2698 51
2699 7
2700 20
2701 71
2702 1
2703 39
2704 48
2705 54
2706 17
2707 25
2708 55
2709 35
2710 2
2711 33
2712 6
2713 58
2714 43
2715 17
2716 56
2717 3
2718 69
2719 63
2720 54
2721 40
2722 50
2723 69
2724 8
2725 41
2726 32
2727 31
2728 14
2729 38
2730 60
2731 54
2732 62
2733 70
2734 22
2735 72
2736 38
2737 53
2738 60
2739 13
2740 16
2741 37
2742 40
2743 52
2744 19
2745 38
2746 15
2747 45
2748 5
2749 48
2750 58
2751 27
2752 60
2753 24
2754 20
2755 16
2756 30
2757 35
2758 23
2759 37
2760 50
2761 35
2762 54
2763 38
2764 6
2765 70
2766 54
2767 19
2768 21
2769 65
2770 61
2771 72
2772 13
2773 45
2774 54
2775 30
2776 39
2777 30
2778 30
2779 21
2780 30
2781 22
2782 45
2783 36
2784 22
2785 36
2786 49
2787 30
2788 38
2789 15
2790 44
2791 29
2792 53
2793 51
2794 24
2795 14
2796 4
2797 64
2798 60
2799 70
2800 71
2801 8
2802 63
2803 1
2804 56
2805 67
2806 71
2807 27
2808 52
2809 38
2810 25
2811 33
2812 65
2813 68
2814 69
2815 43
2816 67
2817 63
2818 19
2819 12
2820 51
2821 49
2822 38
2823 66
2824 5
2825 20
2826 18
2827 23
2828 5
2829 47
2830 44
2831 5
2832 43
2833 22
2834 28
2835 59
2836 50
2837 24
2838 49
2839 42
2840 67
2841 59
2842 57
2843 66
2844 1
2845 22
2846 49
2847 34
2848 64
2849 8
2850 56
2851 23
2852 6
2853 67
2854 68
2855 39
2856 39
2857 58
2858 4
2859 20
2860 48
2861 65
2862 61
2863 34
2864 61
2865 2
2866 40
2867 47
2868 40
2869 7
2870 42
2871 58
2872 72
2873 42
2874 58
2875 50
2876 70
2877 7
2878 43
2879 6
2880 12
2881 15
2882 37
2883 19
2884 49
2885 8
2886 12
2887 16
2888 3
2889 40
2890 55
2891 40
2892 18
2893 73
2894 8
2895 54
2896 34
2897 70
2898 9
2899 23
2900 70
2901 65
2902 6
2903 61
2904 43
2905 52
2906 6
2907 26
2908 5
2909 6
2910 44
2911 16
2912 51
2913 46
2914 48
2915 72
2916 2
2917 49
2918 8
2919 26
2920 27
2921 48
2922 43
2923 47
2924 55
2925 45
2926 59
2927 58
2928 27
2929 50
2930 73
2931 33
2932 60
2933 12
2934 30
2935 58
2936 30
2937 22
2938 18
2939 71
2940 37
2941 17
2942 71
2943 11
2944 48
2945 59
2946 73
2947 46
2948 9
2949 1
2950 59
2951 37
2952 48
2953 71
2954 17
2955 73
2956 60
2957 6
2958 25
2959 10
2960 62
2961 73
2962 19
2963 27
2964 55
2965 20
2966 22
2967 58
2968 23
2969 65
2970 2
2971 52
2972 38
2973 7
2974 2
2975 57
2976 47
2977 38
2978 27
2979 11
2980 65
2981 47
2982 73
2983 12
2984 57
2985 50
2986 14
2987 27
2988 68
2989 39
2990 39
2991 56
2992 63
2993 24
2994 44
2995 59
2996 27
2997 25
2998 6
2999 71
3000 31
3001 37
3002 38
3003 24
3004 38
3005 26
3006 72
3007 4
3008 61
3009 10
3010 2
3011 32
3012 3
3013 59
3014 12
3015 33
3016 72
3017 23
3018 31
3019 10
3020 66
3021 41
3022 62
3023 34
3024 4
3025 44
3026 40
3027 36
3028 72
3029 32
3030 20
3031 51
3032 26
3033 5
3034 18
3035 18
3036 27
3037 29
3038 28
3039 5
3040 8
3041 30
3042 8
3043 10
3044 19
3045 21
3046 58
3047 39
3048 7
3049 44
3050 41
3051 60
3052 48
3053 28
3054 37
3055 72
3056 32
3057 68
3058 43
3059 40
3060 5
3061 39
3062 38
3063 24
3064 24
3065 18
3066 55
3067 52
3068 6
3069 58
3070 57
3071 8
3072 15
3073 20
3074 35
3075 45
3076 32
3077 38
3078 5
3079 61
3080 8
3081 42
3082 70
3083 64
3084 4
3085 48
3086 64
3087 13
3088 20
3089 55
3090 72
3091 72
3092 30
3093 5
3094 57
3095 14
3096 41
3097 38
3098 55
3099 37
3100 2
3101 70
3102 39
3103 70
3104 50
3105 5
3106 35
3107 8
3108 52
3109 19
3110 9
3111 21
3112 25
3113 67
3114 69
3115 71
3116 27
3117 30
3118 37
3119 13
3120 72
3121 26
3122 53
3123 70
3124 30
3125 73
3126 62
3127 53
3128 4
3129 13
3130 24
3131 10
3132 73
3133 41
3134 6
3135 59
3136 6
3137 6
3138 63
3139 17
3140 15
3141 64
3142 20
3143 2
3144 2
3145 66
3146 57
3147 65
3148 58
3149 10
3150 26
3151 18
3152 43
3153 43
3154 32
3155 6
3156 17
3157 66
3158 48
3159 48
3160 8
3161 28
3162 28
3163 59
3164 66
3165 42
3166 32
3167 53
3168 5
3169 19
3170 66
3171 12
3172 42
3173 45
3174 45
3175 18
3176 21
3177 16
3178 63
3179 65
3180 71
3181 56
3182 38
3183 72
3184 4
3185 10
3186 11
3187 43
3188 12
3189 16
3190 39
3191 30
3192 30
3193 67
3194 47
3195 66
3196 42
3197 20
3198 73
3199 39
3200 68
3201 14
3202 3
3203 67
3204 44
3205 57
3206 51
3207 35
3208 30
3209 4
3210 4
3211 5
3212 68
3213 45
3214 11
3215 16
3216 21
3217 30
3218 26
3219 39
3220 40
3221 66
3222 14
3223 6
3224 28
3225 53
3226 18
3227 46
3228 39
3229 51
3230 24
3231 47
3232 3
3233 67
3234 9
3235 31
3236 69
3237 33
3238 55
3239 39
3240 48
3241 29
3242 64
3243 61
3244 46
3245 33
3246 13
3247 8
3248 30
3249 16
3250 64
3251 15
3252 51
3253 28
3254 55
3255 65
3256 33
3257 52
3258 20
3259 51
3260 64
3261 39
3262 35
3263 23
3264 49
3265 71
3266 70
3267 38
3268 66
3269 44
3270 59
3271 35
3272 70
3273 26
3274 27
3275 61
3276 69
3277 67
3278 30
3279 34
3280 61
3281 15
3282 13
3283 62
3284 37
3285 7
3286 7
3287 63
3288 35
3289 4
3290 8
3291 1
3292 46
3293 57
3294 13
3295 18
3296 72
3297 35
3298 45
3299 16
3300 30
3301 42
3302 73
3303 8
3304 27
3305 26
3306 69
3307 17
3308 30
3309 2
3310 14
3311 24
3312 59
3313 70
3314 19
3315 59
3316 63
3317 59
3318 57
3319 23
3320 46
3321 53
3322 47
3323 58
3324 13
3325 52
3326 58
3327 16
3328 10
3329 45
3330 45
3331 48
3332 31
3333 56
3334 4
3335 50
3336 58
3337 66
3338 5
3339 47
3340 64
3341 65
3342 2
3343 51
3344 54
3345 39
3346 41
3347 64
3348 47
3349 63
3350 52
3351 21
3352 52
3353 44
3354 71
3355 28
3356 45
3357 35
3358 33
3359 46
3360 70
3361 42
3362 68
3363 32
3364 23
3365 17
3366 69
3367 65
3368 65
3369 44
3370 24
3371 71
3372 54
3373 14
3374 53
3375 47
3376 44
3377 27
3378 64
3379 4
3380 68
3381 18
3382 2
3383 29
3384 2
3385 15
3386 19
3387 60
3388 32
3389 72
3390 2
3391 64
3392 35
3393 13
3394 9
3395 70
3396 25
3397 3
3398 42
3399 15
3400 33
3401 64
3402 7
3403 56
3404 3
3405 3
3406 50
3407 2
3408 6
3409 58
3410 58
3411 28
3412 10
3413 14
3414 47
3415 41
3416 13
3417 66
3418 34
3419 26
3420 7
3421 42
3422 50
3423 27
3424 68
3425 23
3426 44
3427 29
3428 37
3429 1
3430 33
3431 38
3432 40
3433 26
3434 61
3435 38
3436 4
3437 34
3438 55
3439 52
3440 26
3441 43
3442 43
3443 8
3444 67
3445 21
3446 63
3447 60
3448 15
3449 69
3450 29
3451 9
3452 71
3453 6
3454 58
3455 3
3456 56
3457 47
3458 61
3459 31
3460 40
3461 18
3462 9
3463 2
3464 10
3465 55
3466 43
3467 4
3468 28
3469 3
3470 27
3471 6
3472 56
3473 37
3474 4
3475 16
3476 62
3477 67
3478 72
3479 47
3480 40
3481 21
3482 14
3483 39
3484 4
3485 63
3486 23
3487 31
3488 23
3489 24
3490 18
3491 60
3492 33
3493 1
3494 1
3495 8
3496 56
3497 72
3498 18
3499 65
3500 17
3501 36
3502 71
3503 38
3504 72
3505 28
3506 73
3507 1
3508 49
3509 30
3510 44
3511 73
3512 5
3513 27
3514 66
3515 31
3516 20
3517 34
3518 32
3519 36
3520 15
3521 22
3522 56
3523 11
3524 52
3525 36
3526 12
3527 44
3528 66
3529 32
3530 39
3531 66
3532 56
3533 15
3534 14
3535 22
3536 32
3537 42
3538 66
3539 50
3540 67
3541 10
3542 34
3543 59
3544 48
3545 31
3546 56
3547 5
3548 25
3549 15
3550 15
3551 36
3552 48
3553 7
3554 36
3555 30
3556 26
3557 6
3558 21
3559 6
3560 46
3561 46
3562 72
3563 5
3564 44
3565 66
3566 41
3567 66
3568 46
3569 28
3570 24
3571 6
3572 44
3573 31
3574 33
3575 43
3576 49
3577 23
3578 61
3579 44
3580 30
3581 24
3582 38
3583 60
3584 11
3585 53
3586 34
3587 29
3588 1
3589 51
3590 70
3591 38
3592 60
3593 37
3594 16
3595 22
3596 18
3597 39
3598 41
3599 56
3600 34
3601 65
3602 35
3603 6
3604 10
3605 47
3606 51
3607 33
3608 67
3609 9
3610 18
3611 27
3612 33
3613 29
3614 58
3615 68
3616 44
3617 5
3618 65
3619 70
3620 54
3621 42
3622 26
3623 5
3624 17
3625 26
3626 10
3627 28
3628 60
3629 43
3630 71
3631 54
3632 60
3633 34
3634 13
3635 1
3636 9
3637 33
3638 31
3639 72
3640 54
3641 2
3642 70
3643 73
3644 51
3645 21
3646 13
3647 64
3648 30
3649 31
3650 13
3651 72
3652 20
3653 20
3654 37
3655 62
3656 59
3657 24
3658 53
3659 62
3660 61
3661 2
3662 14
3663 50
3664 44
3665 44
3666 63
3667 43
3668 46
3669 50
3670 10
3671 5
3672 62
3673 39
3674 8
3675 14
3676 55
3677 22
3678 39
3679 43
3680 16
3681 56
3682 65
3683 58
3684 42
3685 54
3686 41
3687 21
3688 17
3689 18
3690 28
3691 3
3692 70
3693 33
3694 70
3695 52
3696 32
3697 51
3698 64
3699 45
3700 43
3701 63
3702 6
3703 56
3704 24
3705 58
3706 8
3707 23
3708 67
3709 72
3710 54
3711 40
3712 26
3713 3
3714 8
3715 18
3716 14
3717 8
3718 15
3719 29
3720 44
3721 69
3722 39
3723 48
3724 60
3725 68
3726 70
3727 33
3728 24
3729 10
3730 58
3731 22
3732 28
3733 10
3734 11
3735 57
3736 30
3737 32
3738 68
3739 37
3740 58
3741 11
3742 12
3743 34
3744 40
3745 73
3746 10
3747 34
3748 73
3749 41
3750 24
3751 68
3752 18
3753 33
3754 24
3755 5
3756 21
3757 58
3758 59
3759 15
3760 15
3761 24
3762 31
3763 24
3764 25
3765 9
3766 18
3767 2
3768 70
3769 61
3770 70
3771 19
3772 27
3773 36
3774 55
3775 64
3776 59
3777 1
3778 36
3779 5
3780 44
3781 16
3782 44
3783 39
3784 57
3785 50
3786 7
3787 63
3788 42
3789 20
3790 28
3791 49
3792 71
3793 48
3794 54
3795 19
3796 56
3797 6
3798 50
3799 66
3800 64
3801 50
3802 1
3803 8
3804 56
3805 32
3806 4
3807 21
3808 51
3809 59
3810 5
3811 70
3812 60
3813 26
3814 61
3815 5
3816 40
3817 40
3818 27
3819 12
3820 17
3821 28
3822 27
3823 62
3824 68
3825 50
3826 37
3827 23
3828 6
3829 2
3830 5
3831 1
3832 11
3833 51
3834 48
3835 16
3836 39
3837 19
3838 24
3839 59
3840 38
3841 38
3842 29
3843 11
3844 39
3845 16
3846 34
3847 17
3848 62
3849 24
3850 36
3851 73
3852 32
3853 26
3854 32
3855 71
3856 39
3857 5
3858 56
3859 20
3860 37
3861 46
3862 65
3863 30
3864 73
3865 51
3866 7
3867 70
3868 72
3869 29
3870 52
3871 25
3872 5
3873 71
3874 59
3875 72
3876 42
3877 7
3878 47
3879 27
3880 16
3881 58
3882 11
3883 72
3884 33
3885 38
3886 44
3887 32
3888 52
3889 7
3890 53
3891 43
3892 11
3893 53
3894 18
3895 59
3896 14
3897 66
3898 33
3899 36
3900 66
3901 24
3902 45
3903 20
3904 35
3905 8
3906 22
3907 17
3908 36
3909 71
3910 20
3911 44
3912 32
3913 48
3914 53
3915 60
3916 52
3917 61
3918 37
3919 10
3920 35
3921 57
3922 24
3923 8
3924 9
3925 8
3926 18
3927 15
3928 25
3929 18
3930 52
3931 8
3932 54
3933 27
3934 23
3935 19
3936 24
3937 38
3938 47
3939 38
3940 58
3941 6
3942 40
3943 41
3944 8
3945 26
3946 72
3947 73
3948 24
3949 30
3950 37
3951 3
3952 72
3953 54
3954 46
3955 52
3956 37
3957 41
3958 40
3959 26
3960 60
3961 36
3962 32
3963 45
3964 38
3965 14
3966 25
3967 31
3968 72
3969 46
3970 6
3971 42
3972 73
3973 14
3974 44
3975 46
3976 47
3977 26
3978 73
3979 47
3980 35
3981 50
3982 71
3983 72
3984 47
3985 61
3986 1
3987 24
3988 56
3989 50
3990 40
3991 71
3992 35
3993 65
3994 33
3995 35
3996 4
3997 52
3998 26
3999 22
4000 53
4001 61
4002 73
4003 19
4004 38
4005 8
4006 53
4007 54
4008 69
4009 50
4010 19
4011 66
4012 17
4013 57
4014 56
4015 12
4016 56
4017 68
4018 66
4019 32
4020 3
4021 46
4022 12
4023 32
4024 1
4025 66
4026 67
4027 57
4028 26
4029 71
4030 35
4031 4
4032 15
4033 46
4034 2
4035 48
4036 69
4037 45
4038 5
4039 68
4040 46
4041 52
4042 60
4043 3
4044 55
4045 65
4046 27
4047 24
4048 48
4049 29
4050 29
4051 24
4052 72
4053 72
4054 18
4055 13
4056 24
4057 57
4058 29
4059 24
4060 47
4061 35
4062 39
4063 21
4064 40
4065 29
4066 54
4067 52
4068 7
4069 4
4070 44
4071 58
4072 63
4073 54
4074 9
4075 36
4076 15
4077 27
4078 5
4079 24
4080 73
4081 42
4082 66
4083 14
4084 70
4085 57
4086 45
4087 64
4088 53
4089 66
4090 28
4091 22
4092 25
4093 27
4094 34
4095 8
4096 41
4097 35
4098 15
4099 53
4100 68
4101 15
4102 35
4103 55
4104 33
4105 67
4106 57
4107 65
4108 72
4109 27
4110 44
4111 2
4112 17
4113 24
4114 35
4115 18
4116 34
4117 37
4118 43
4119 40
4120 57
4121 13
4122 14
4123 68
4124 45
4125 44
4126 23
4127 14
4128 5
4129 41
4130 18
4131 25
4132 30
4133 14
4134 61
4135 53
4136 2
4137 43
4138 13
4139 30
4140 50
4141 28
4142 19
4143 4
4144 18
4145 4
4146 10
4147 30
4148 34
4149 31
4150 26
4151 58
4152 9
4153 39
4154 64
4155 39
4156 46
4157 23
4158 8
4159 46
4160 51
4161 67
4162 65
4163 64
4164 44
4165 1
4166 20
4167 60
4168 3
4169 71
4170 3
4171 48
4172 22
4173 47
4174 12
4175 16
4176 67
4177 57
4178 35
4179 61
4180 24
4181 68
4182 37
4183 14
4184 45
4185 59
4186 39
4187 34
4188 24
4189 48
4190 51
4191 39
4192 66
4193 29
4194 23
4195 15
4196 62
4197 51
4198 66
4199 41
4200 1
4201 51
4202 36
4203 12
4204 50
4205 44
4206 62
4207 3
4208 26
4209 63
4210 34
4211 4
4212 59
4213 56
4214 44
4215 63
4216 54
4217 10
4218 68
4219 33
4220 62
4221 61
4222 21
4223 27
4224 22
4225 38
4226 35
4227 12
4228 8
4229 52
4230 71
4231 55
4232 1
4233 60
4234 51
4235 38
4236 27
4237 72
4238 43
4239 8
4240 28
4241 31
4242 67
4243 62
4244 48
4245 51
4246 49
4247 30
4248 51
4249 37
4250 43
4251 6
4252 24
4253 28
4254 1
4255 7
4256 41
4257 18
4258 11
4259 16
4260 35
4261 30
4262 30
4263 25
4264 50
4265 39
4266 64
4267 41
4268 5
4269 35
4270 56
4271 42
4272 42
4273 39
4274 67
4275 57
4276 1
4277 40
4278 66
4279 37
4280 17
4281 10
4282 5
4283 40
4284 1
4285 25
4286 31
4287 66
4288 54
4289 16
4290 19
4291 62
4292 60
4293 68
4294 48
4295 73
4296 12
4297 50
4298 6
4299 14
4300 37
4301 52
4302 11
4303 35
4304 35
4305 7
4306 57
4307 60
4308 48
4309 44
4310 44
4311 47
4312 26
4313 52
4314 50
4315 64
4316 18
4317 16
4318 56
4319 39
4320 25
4321 20
4322 70
4323 20
4324 55
4325 1
4326 1
4327 46
4328 35
4329 27
4330 64
4331 47
4332 2
4333 51
4334 63
4335 43
4336 39
4337 4
4338 63
4339 26
4340 54
4341 10
4342 15
4343 30
4344 2
4345 60
4346 52
4347 67
4348 28
4349 26
4350 27
4351 52
4352 16
4353 50
4354 6
4355 15
4356 5
4357 7
4358 6
4359 49
4360 11
4361 6
4362 71
4363 12
4364 52
4365 28
4366 26
4367 59
4368 21
4369 61
4370 17
4371 35
4372 64
4373 66
4374 20
4375 17
4376 43
4377 44
4378 33
4379 36
4380 13
4381 1
4382 4
4383 1
4384 70
4385 52
4386 1
4387 4
4388 45
4389 19
4390 32
4391 29
4392 34
4393 13
4394 35
4395 27
4396 8
4397 16
4398 34
4399 5
4400 4
4401 47
4402 68
4403 60
4404 43
4405 28
4406 13
4407 63
4408 39
4409 3
4410 17
4411 49
4412 69
4413 44
4414 3
4415 37
4416 22
4417 25
4418 26
4419 69
4420 22
4421 53
4422 11
4423 22
4424 8
4425 23
4426 19
4427 63
4428 23
4429 47
4430 26
4431 12
4432 31
4433 60
4434 64
4435 40
4436 69
4437 17
4438 37
4439 30
4440 39
4441 56
4442 54
4443 18
4444 31
4445 3
4446 47
4447 18
4448 28
4449 64
4450 11
4451 54
4452 55
4453 49
4454 29
4455 70
4456 58
4457 33
4458 9
4459 30
4460 25
4461 38
4462 24
4463 1
4464 31
4465 10
4466 57
4467 56
4468 36
4469 71
4470 52
4471 7
4472 72
4473 46
4474 71
4475 59
4476 40
4477 11
4478 17
4479 60
4480 45
4481 9
4482 14
4483 57
4484 46
4485 72
4486 41
4487 34
4488 29
4489 5
4490 45
4491 32
4492 68
4493 22
4494 28
4495 20
4496 66
4497 21
4498 47
4499 1
4500 48
4501 56
4502 45
4503 2
4504 3
4505 51
4506 12
4507 47
4508 73
4509 22
4510 6
4511 3
4512 62
4513 10
4514 69
4515 39
4516 72
4517 41
4518 50
4519 25
4520 64
4521 4
4522 8
4523 44
4524 45
4525 66
4526 59
4527 45
4528 43
4529 19
4530 58
4531 39
4532 39
4533 48
4534 7
4535 39
4536 35
4537 68
4538 70
4539 66
4540 19
4541 20
4542 21
4543 62
4544 32
4545 44
4546 67
4547 25
4548 28
4549 62
4550 44
4551 51
4552 4
4553 53
4554 35
4555 51
4556 17
4557 63
4558 65
4559 20
4560 11
4561 49
4562 30
4563 10
4564 5
4565 11
4566 11
4567 25
4568 65
4569 22
4570 2
4571 7
4572 17
4573 49
4574 10
4575 66
4576 5
4577 26
4578 54
4579 41
4580 14
4581 29
4582 3
4583 43
4584 47
4585 44
4586 61
4587 57
4588 72
4589 66
4590 61
4591 69
4592 7
4593 67
4594 22
4595 63
4596 35
4597 2
4598 5
4599 25
4600 20
4601 10
4602 64
4603 39
4604 66
4605 11
4606 13
4607 24
4608 18
4609 63
4610 2
4611 43
4612 14
4613 64
4614 18
4615 5
4616 13
4617 39
4618 21
4619 73
4620 57
4621 36
4622 13
4623 48
4624 26
4625 70
4626 36
4627 18
4628 28
4629 71
4630 61
4631 51
4632 58
4633 71
4634 31
4635 43
4636 26
4637 60
4638 3
4639 48
4640 1
4641 25
4642 68
4643 62
4644 29
4645 8
4646 68
4647 11
4648 67
4649 2
4650 69
4651 23
4652 45
4653 63
4654 23
4655 72
4656 35
4657 25
4658 20
4659 32
4660 63
4661 70
4662 51
4663 49
4664 44
4665 37
4666 13
4667 12
4668 9
4669 62
4670 2
4671 46
4672 32
4673 22
4674 40
4675 53
4676 43
4677 69
4678 16
4679 60
4680 37
4681 7
4682 37
4683 45
4684 2
4685 53
4686 4
4687 66
4688 1
4689 71
4690 49
4691 69
4692 70
4693 64
4694 17
4695 67
4696 5
4697 65
4698 31
4699 37
4700 10
4701 46
4702 2
4703 47
4704 23
4705 59
4706 60
4707 28
4708 9
4709 24
4710 5
4711 58
4712 25
4713 66
4714 53
4715 59
4716 13
4717 1
4718 14
4719 12
4720 39
4721 67
4722 45
4723 70
4724 15
4725 15
4726 39
4727 5
4728 15
4729 23
4730 34
4731 58
4732 42
4733 14
4734 27
4735 15
4736 26
4737 48
4738 18
4739 63
4740 28
4741 44
4742 24
4743 34
4744 68
4745 26
4746 16
4747 1
4748 17
4749 38
4750 73
4751 73
4752 30
4753 19
4754 25
4755 55
4756 41
4757 22
4758 14
4759 31
4760 19
4761 7
4762 3
4763 41
4764 23
4765 57
4766 23
4767 5
4768 34
4769 2
4770 18
4771 51
4772 34
4773 48
4774 1
4775 70
4776 20
4777 5
4778 49
4779 13
4780 29
4781 9
4782 1
4783 11
4784 34
4785 26
4786 43
4787 63
4788 18
4789 30
4790 12
4791 57
4792 22
4793 33
4794 58
4795 25
4796 39
4797 38
4798 11
4799 20
4800 15
4801 68
4802 34
4803 65
4804 68
4805 25
4806 13
4807 54
4808 47
4809 38
4810 1
4811 19
4812 58
4813 34
4814 35
4815 48
4816 57
4817 2
4818 58
4819 21
4820 14
4821 31
4822 43
4823 16
4824 1
4825 23
4826 28
4827 52
4828 25
4829 4
4830 4
4831 34
4832 24
4833 61
4834 70
4835 50
4836 64
4837 15
4838 1
4839 23
4840 22
4841 5
4842 45
4843 72
4844 38
4845 27
4846 6
4847 14
4848 58
4849 58
4850 70
4851 58
4852 68
4853 53
4854 56
4855 61
4856 10
4857 1
4858 38
4859 16
4860 48
4861 14
4862 57
4863 1
4864 15
4865 56
4866 68
4867 3
4868 13
4869 23
4870 24
4871 45
4872 26
4873 24
4874 28
4875 47
4876 37
4877 20
4878 2
4879 52
4880 61
4881 58
4882 5
4883 72
4884 51
4885 70
4886 32
4887 37
4888 26
4889 64
4890 58
4891 2
4892 50
4893 23
4894 72
4895 45
4896 28
4897 38
4898 39
4899 20
4900 58
4901 24
4902 5
4903 64
4904 63
4905 15
4906 2
4907 32
4908 26
4909 38
4910 5
4911 70
4912 5
4913 63
4914 22
4915 10
4916 10
4917 32
4918 58
4919 15
4920 5
4921 1
4922 24
4923 47
4924 44
4925 37
4926 1
4927 68
4928 18
4929 6
4930 68
4931 15
4932 30
4933 18
4934 58
4935 10
4936 24
4937 2
4938 37
4939 26
4940 30
4941 10
4942 15
4943 10
4944 39
4945 6
4946 37
4947 1
4948 18
4949 26
4950 32
4951 2
4952 32
4953 30
4954 45
4955 1
4956 32
4957 37
4958 39
4959 58
4960 5
4961 47
4962 18
4963 5
4964 30
4965 2
4966 24
4967 15
4968 45
4969 45
4970 39
4971 58
4972 30
4973 58
4974 58
4975 1
4976 5
4977 1
4978 18
4979 1
4980 18
4981 5
4982 18
4983 5
4984 5
4985 30
4986 30
4987 58
4988 58
4989 5
4990 30
4991 58
4992 24
4993 30
4994 30
4995 58
4996 24
4997 30
4998 30
4999 30
