0 3
1 3
2 1
3 2
4 3
5 1
6 2
7 2
8 3
9 2
10 3
11 3
12 3
13 3
14 1
15 1
16 2
17 1
18 3
19 3
20 1
21 1
22 3
23 3
24 3
25 3
26 1
27 2
28 2
29 1
30 1
31 1
32 1
33 3
34 3
35 3
36 2
37 3
38 1
39 1
40 3
41 2
42 2
43 1
44 3
45 2
46 3
47 2
48 3
49 2
50 3
51 1
52 3
53 3
54 3
55 2
56 3
57 1
58 2
59 2
60 2
61 2
62 3
63 1
64 2
65 1
66 2
67 3
68 1
69 1
70 2
71 3
72 3
73 1
74 2
75 3
76 3
77 3
78 3
79 1
80 2
81 3
82 2
83 2
84 2
85 3
86 3
87 2
88 2
89 3
90 1
91 1
92 3
93 2
94 3
95 1
96 2
97 3
98 1
99 3
100 3
101 2
102 2
103 2
104 3
105 3
106 3
107 1
108 2
109 2
110 1
111 2
112 1
113 1
114 3
115 3
116 2
117 3
118 1
119 3
120 2
121 1
122 3
123 3
124 3
125 1
126 2
127 2
128 3
129 3
130 3
131 2
132 3
133 3
134 2
135 3
136 2
137 2
138 2
139 1
140 1
141 1
142 3
143 1
144 3
145 3
146 3
147 3
148 3
149 1
150 1
151 2
152 3
153 1
154 3
155 1
156 2
157 1
158 3
159 2
160 2
161 3
162 3
163 3
164 3
165 1
166 3
167 3
168 3
169 3
170 2
171 3
172 3
173 3
174 3
175 2
176 2
177 2
178 3
179 2
180 2
181 1
182 1
183 3
184 1
185 3
186 2
187 2
188 2
189 2
190 1
191 1
192 3
193 2
194 1
195 2
196 1
197 2
198 3
199 3
200 3
201 3
202 2
203 1
204 1
205 3
206 2
207 1
208 2
209 1
210 1
211 3
212 1
213 2
214 3
215 1
216 3
217 1
218 2
219 3
220 1
221 1
222 2
223 2
224 3
225 3
226 1
227 3
228 2
229 1
230 1
231 3
232 2
233 2
234 1
235 2
236 3
237 2
238 3
239 1
240 2
241 3
242 2
243 2
244 1
245 3
246 1
247 3
248 2
249 3
250 3
251 2
252 3
253 2
254 1
255 1
256 2
257 3
258 3
259 3
260 2
261 3
262 1
263 3
264 3
265 1
266 1
267 2
268 3
269 3
270 3
271 2
272 3
273 1
274 3
275 3
276 3
277 3
278 2
279 2
280 1
281 2
282 2
283 1
284 2
285 1
286 3
287 3
288 2
289 3
290 3
291 3
292 1
293 1
294 3
295 1
296 1
297 3
298 2
299 1
300 2
301 1
302 1
303 2
304 1
305 3
306 2
307 3
308 1
309 2
310 3
311 3
312 2
313 3
314 3
315 2
316 1
317 3
318 2
319 2
320 1
321 3
322 2
323 2
324 1
325 1
326 2
327 2
328 3
329 1
330 3
331 3
332 2
333 1
334 2
335 1
336 3
337 1
338 1
339 2
340 3
341 3
342 3
343 2
344 3
345 1
346 2
347 3
348 1
349 1
350 3
351 3
352 3
353 2
354 1
355 3
356 3
357 1
358 1
359 1
360 1
361 2
362 3
363 3
364 3
365 2
366 2
367 1
368 1
369 1
370 3
371 3
372 1
373 3
374 1
375 3
376 2
377 3
378 3
379 1
380 2
381 3
382 2
383 3
384 1
385 2
386 2
387 2
388 3
389 1
390 3
391 3
392 2
393 3
394 3
395 2
396 3
397 2
398 3
399 3
400 3
401 1
402 1
403 2
404 3
405 2
406 1
407 3
408 1
409 2
410 2
411 3
412 1
413 3
414 2
415 2
416 2
417 3
418 2
419 3
420 1
421 3
422 1
423 3
424 1
425 2
426 1
427 3
428 3
429 2
430 3
431 3
432 3
433 2
434 3
435 3
436 3
437 1
438 2
439 1
440 3
441 2
442 1
443 3
444 3
445 3
446 2
447 3
448 2
449 1
450 3
451 3
452 2
453 1
454 2
455 3
456 2
457 3
458 2
459 2
460 3
461 3
462 2
463 1
464 1
465 1
466 3
467 1
468 1
469 1
470 3
471 1
472 2
473 3
474 3
475 3
476 3
477 3
478 1
479 3
480 3
481 2
482 2
483 3
484 3
485 3
486 3
487 2
488 2
489 3
490 3
491 3
492 3
493 1
494 3
495 3
496 3
497 3
498 3
499 3
