0 1
1 14
2 2
3 14
4 1
5 7
6 1
7 12
8 11
9 5
10 9
11 8
12 13
13 6
14 4
15 13
16 7
17 12
18 9
19 3
20 7
21 5
22 5
23 9
24 8
25 7
26 1
27 2
28 13
29 9
30 3
31 9
32 14
33 12
34 14
35 14
36 8
37 13
38 2
39 9
40 11
41 12
42 1
43 9
44 10
45 7
46 6
47 12
48 6
49 10
50 7
51 12
52 11
53 10
54 9
55 6
56 3
57 11
58 4
59 14
60 13
61 11
62 8
63 12
64 11
65 10
66 1
67 13
68 11
69 5
70 1
71 6
72 1
73 8
74 3
75 4
76 3
77 14
78 5
79 5
80 4
81 13
82 1
83 7
84 5
85 13
86 14
87 13
88 2
89 10
90 10
91 5
92 8
93 9
94 9
95 12
96 11
97 14
98 5
99 14
100 2
101 10
102 3
103 6
104 10
105 7
106 13
107 3
108 13
109 9
110 6
111 13
112 9
113 14
114 8
115 5
116 8
117 8
118 9
119 7
120 1
121 5
122 13
123 9
124 7
125 2
126 10
127 11
128 9
129 7
130 9
131 8
132 5
133 7
134 13
135 8
136 11
137 14
138 5
139 11
140 8
141 6
142 10
143 8
144 12
145 11
146 8
147 4
148 3
149 8
150 5
151 1
152 6
153 14
154 14
155 12
156 14
157 13
158 13
159 9
160 9
161 4
162 13
163 11
164 6
165 13
166 1
167 9
168 5
169 11
170 13
171 3
172 6
173 9
174 5
175 13
176 13
177 9
178 10
179 6
180 12
181 7
182 6
183 9
184 2
185 13
186 5
187 13
188 5
189 3
190 11
191 2
192 9
193 6
194 1
195 3
196 13
197 1
198 14
199 3
200 4
201 3
202 12
203 7
204 12
205 5
206 4
207 10
208 1
209 2
210 10
211 5
212 3
213 5
214 7
215 3
216 6
217 13
218 5
219 2
220 9
221 4
222 13
223 5
224 12
225 13
226 7
227 5
228 7
229 1
230 7
231 6
232 9
233 4
234 1
235 9
236 1
237 8
238 12
239 14
240 4
241 9
242 9
243 6
244 14
245 8
246 14
247 10
248 5
249 3
250 1
251 8
252 3
253 8
254 11
255 2
256 9
257 9
258 12
259 14
260 8
261 13
262 9
263 13
264 11
265 7
266 6
267 4
268 9
269 8
270 8
271 9
272 14
273 5
274 2
275 12
276 10
277 2
278 8
279 7
280 13
281 5
282 4
283 5
284 12
285 4
286 8
287 4
288 1
289 14
290 9
291 10
292 1
293 6
294 9
295 5
296 3
297 7
298 1
299 9
300 6
301 4
302 4
303 6
304 9
305 6
306 2
307 1
308 7
309 13
310 5
311 11
312 13
313 9
314 7
315 12
316 6
317 4
318 13
319 5
320 7
321 8
322 12
323 11
324 6
325 1
326 2
327 7
328 11
329 5
330 9
331 11
332 3
333 11
334 4
335 8
336 10
337 7
338 8
339 9
340 14
341 14
342 1
343 5
344 11
345 12
346 1
347 8
348 14
349 14
350 1
351 9
352 13
353 6
354 2
355 10
356 7
357 10
358 1
359 13
360 9
361 1
362 9
363 10
364 5
365 9
366 4
367 2
368 10
369 1
370 14
371 11
372 1
373 3
374 4
375 3
376 8
377 4
378 10
379 1
380 5
381 13
382 11
383 2
384 10
385 13
386 9
387 9
388 13
389 5
390 2
391 6
392 9
393 11
394 13
395 10
396 2
397 3
398 12
399 5
400 7
401 5
402 13
403 11
404 3
405 11
406 12
407 1
408 6
409 7
410 3
411 13
412 8
413 8
414 12
415 4
416 10
417 11
418 5
419 1
420 2
421 7
422 1
423 12
424 14
425 14
426 9
427 4
428 14
429 10
430 3
431 12
432 8
433 4
434 8
435 9
436 6
437 14
438 7
439 4
440 12
441 6
442 13
443 6
444 8
445 5
446 8
447 9
448 9
449 3
450 7
451 2
452 3
453 9
454 4
455 8
456 1
457 5
458 13
459 10
460 5
461 12
462 4
463 6
464 1
465 1
466 8
467 4
468 2
469 12
470 13
471 5
472 4
473 13
474 3
475 14
476 10
477 8
478 4
479 8
480 10
481 10
482 12
483 5
484 13
485 1
486 2
487 8
488 4
489 7
490 4
491 9
492 1
493 6
494 5
495 2
496 5
497 5
498 2
499 8
500 7
501 12
502 2
503 8
504 2
505 4
506 9
507 5
508 6
509 2
510 10
511 9
512 11
513 13
514 5
515 5
516 4
517 8
518 7
519 13
520 14
521 7
522 12
523 10
524 11
525 5
526 11
527 9
528 3
529 12
530 1
531 2
532 2
533 14
534 12
535 1
536 13
537 5
538 2
539 2
540 1
541 8
542 4
543 5
544 10
545 3
546 3
547 1
548 8
549 5
550 12
551 5
552 12
553 10
554 7
555 12
556 10
557 12
558 5
559 9
560 11
561 3
562 3
563 6
564 12
565 7
566 6
567 14
568 12
569 1
570 13
571 9
572 5
573 4
574 6
575 11
576 10
577 10
578 9
579 6
580 6
581 8
582 11
583 5
584 7
585 5
586 3
587 13
588 2
589 9
590 5
591 3
592 14
593 9
594 5
595 2
596 1
597 2
598 2
599 7
600 4
601 10
602 12
603 5
604 1
605 1
606 12
607 4
608 8
609 12
610 1
611 12
612 4
613 1
614 3
615 13
616 10
617 13
618 5
619 12
620 9
621 3
622 5
623 14
624 12
625 10
626 5
627 3
628 5
629 13
630 9
631 12
632 9
633 8
634 9
635 2
636 9
637 8
638 4
639 8
640 8
641 1
642 8
643 13
644 10
645 3
646 13
647 14
648 1
649 9
650 12
651 8
652 5
653 10
654 14
655 9
656 3
657 3
658 11
659 14
660 11
661 12
662 4
663 6
664 13
665 4
666 12
667 3
668 13
669 11
670 5
671 11
672 14
673 5
674 11
675 5
676 2
677 7
678 3
679 13
680 1
681 9
682 1
683 5
684 4
685 2
686 11
687 14
688 6
689 11
690 6
691 10
692 14
693 4
694 9
695 4
696 9
697 9
698 1
699 4
700 1
701 8
702 8
703 5
704 9
705 7
706 6
707 9
708 5
709 8
710 14
711 1
712 5
713 13
714 10
715 14
716 3
717 12
718 5
719 7
720 12
721 9
722 9
723 12
724 4
725 1
726 8
727 9
728 6
729 8
730 3
731 1
732 14
733 7
734 12
735 1
736 11
737 8
738 4
739 14
740 14
741 4
742 6
743 11
744 6
745 5
746 4
747 14
748 3
749 2
750 1
751 2
752 9
753 4
754 5
755 12
756 13
757 3
758 6
759 11
760 13
761 3
762 9
763 3
764 6
765 8
766 2
767 1
768 8
769 4
770 6
771 1
772 11
773 11
774 13
775 9
776 6
777 11
778 13
779 5
780 2
781 6
782 5
783 11
784 8
785 14
786 9
787 2
788 9
789 2
790 10
791 10
792 12
793 9
794 3
795 11
796 14
797 11
798 9
799 8
800 5
801 10
802 14
803 11
804 2
805 3
806 11
807 4
808 4
809 6
810 4
811 10
812 9
813 7
814 6
815 7
816 3
817 5
818 12
819 12
820 7
821 4
822 10
823 3
824 13
825 1
826 3
827 4
828 3
829 4
830 1
831 6
832 7
833 1
834 4
835 2
836 2
837 4
838 7
839 5
840 6
841 1
842 7
843 13
844 13
845 4
846 1
847 8
848 7
849 2
850 5
851 6
852 10
853 11
854 10
855 3
856 2
857 1
858 2
859 8
860 2
861 8
862 3
863 2
864 7
865 2
866 1
867 10
868 14
869 3
870 5
871 8
872 4
873 13
874 13
875 10
876 14
877 11
878 1
879 7
880 1
881 11
882 4
883 12
884 8
885 10
886 12
887 14
888 11
889 8
890 5
891 2
892 5
893 7
894 8
895 12
896 1
897 12
898 8
899 9
900 5
901 3
902 6
903 5
904 5
905 12
906 4
907 8
908 9
909 10
910 11
911 11
912 6
913 7
914 8
915 14
916 7
917 8
918 12
919 5
920 2
921 3
922 8
923 5
924 11
925 3
926 14
927 8
928 13
929 1
930 12
931 10
932 5
933 7
934 7
935 11
936 13
937 8
938 10
939 13
940 7
941 8
942 12
943 13
944 5
945 9
946 2
947 11
948 1
949 5
950 9
951 4
952 7
953 7
954 7
955 7
956 2
957 4
958 10
959 5
960 12
961 5
962 11
963 4
964 1
965 5
966 9
967 1
968 1
969 10
970 6
971 2
972 7
973 5
974 2
975 8
976 1
977 5
978 9
979 6
980 1
981 14
982 14
983 14
984 1
985 12
986 13
987 4
988 9
989 9
990 5
991 1
992 5
993 1
994 9
995 8
996 5
997 9
998 5
999 5
