0 15
1 21
2 23
3 23
4 12
5 36
6 34
7 21
8 32
9 28
10 10
11 15
12 27
13 18
14 5
15 13
16 17
17 2
18 16
19 3
20 16
21 32
22 24
23 20
24 6
25 25
26 5
27 30
28 18
29 14
30 3
31 17
32 34
33 22
34 23
35 2
36 2
37 9
38 5
39 33
40 27
41 13
42 16
43 16
44 28
45 6
46 31
47 34
48 4
49 4
50 34
51 2
52 20
53 9
54 20
55 11
56 30
57 37
58 23
59 30
60 9
61 24
62 10
63 2
64 19
65 26
66 30
67 36
68 7
69 13
70 32
71 11
72 26
73 34
74 33
75 2
76 34
77 30
78 6
79 11
80 33
81 22
82 9
83 15
84 36
85 33
86 27
87 10
88 18
89 9
90 29
91 37
92 20
93 3
94 19
95 32
96 28
97 33
98 12
99 16
100 22
101 29
102 8
103 31
104 18
105 10
106 37
107 26
108 1
109 36
110 9
111 30
112 11
113 8
114 17
115 37
116 19
117 28
118 22
119 12
120 32
121 30
122 16
123 8
124 16
125 23
126 16
127 32
128 17
129 25
130 12
131 7
132 18
133 5
134 14
135 12
136 8
137 33
138 10
139 20
140 4
141 2
142 9
143 10
144 9
145 15
146 15
147 20
148 36
149 17
150 11
151 30
152 2
153 17
154 24
155 13
156 18
157 10
158 4
159 11
160 6
161 19
162 6
163 36
164 1
165 28
166 30
167 16
168 8
169 34
170 12
171 3
172 30
173 35
174 26
175 13
176 35
177 31
178 10
179 24
180 13
181 1
182 18
183 23
184 9
185 30
186 20
187 6
188 17
189 1
190 37
191 24
192 12
193 24
194 34
195 22
196 10
197 12
198 14
199 31
200 26
201 31
202 30
203 6
204 13
205 10
206 13
207 15
208 3
209 29
210 16
211 4
212 31
213 30
214 21
215 19
216 10
217 26
218 24
219 1
220 35
221 32
222 2
223 32
224 13
225 12
226 21
227 27
228 28
229 33
230 6
231 6
232 13
233 32
234 13
235 16
236 2
237 17
238 34
239 9
240 19
241 32
242 15
243 31
244 34
245 1
246 20
247 33
248 34
249 30
250 28
251 4
252 12
253 24
254 12
255 5
256 25
257 15
258 11
259 13
260 4
261 27
262 7
263 22
264 20
265 14
266 13
267 37
268 19
269 31
270 14
271 33
272 29
273 14
274 21
275 36
276 17
277 25
278 2
279 3
280 17
281 8
282 13
283 25
284 3
285 31
286 35
287 21
288 9
289 30
290 16
291 4
292 24
293 6
294 11
295 15
296 12
297 28
298 12
299 2
300 5
301 22
302 33
303 33
304 33
305 27
306 1
307 7
308 20
309 29
310 25
311 17
312 27
313 1
314 13
315 18
316 19
317 21
318 26
319 22
320 13
321 16
322 16
323 33
324 21
325 15
326 8
327 24
328 22
329 36
330 7
331 1
332 14
333 13
334 9
335 24
336 18
337 8
338 30
339 13
340 12
341 31
342 27
343 28
344 29
345 18
346 24
347 16
348 12
349 12
350 8
351 23
352 13
353 21
354 14
355 25
356 20
357 2
358 30
359 9
360 15
361 10
362 24
363 18
364 10
365 35
366 30
367 5
368 30
369 9
370 25
371 32
372 33
373 9
374 14
375 27
376 21
377 22
378 9
379 9
380 7
381 18
382 5
383 34
384 29
385 17
386 31
387 11
388 6
389 8
390 32
391 2
392 8
393 31
394 33
395 11
396 7
397 27
398 26
399 8
400 11
401 36
402 6
403 32
404 21
405 14
406 35
407 8
408 4
409 30
410 26
411 34
412 18
413 3
414 25
415 26
416 3
417 8
418 20
419 33
420 26
421 9
422 11
423 22
424 9
425 13
426 14
427 34
428 36
429 34
430 1
431 33
432 5
433 24
434 14
435 22
436 8
437 5
438 21
439 10
440 8
441 17
442 31
443 23
444 19
445 23
446 33
447 11
448 19
449 8
450 36
451 11
452 22
453 37
454 16
455 19
456 6
457 2
458 15
459 32
460 7
461 28
462 5
463 14
464 8
465 8
466 3
467 28
468 15
469 1
470 20
471 16
472 22
473 31
474 27
475 1
476 2
477 22
478 27
479 4
480 20
481 2
482 23
483 28
484 8
485 28
486 34
487 10
488 21
489 31
490 28
491 5
492 6
493 26
494 10
495 3
496 21
497 28
498 12
499 33
500 7
501 2
502 5
503 2
504 22
505 14
506 6
507 25
508 29
509 2
510 35
511 37
512 24
513 37
514 18
515 11
516 13
517 27
518 2
519 3
520 16
521 34
522 15
523 4
524 22
525 36
526 30
527 15
528 33
529 5
530 15
531 13
532 26
533 36
534 12
535 18
536 36
537 37
538 9
539 12
540 16
541 25
542 21
543 8
544 18
545 3
546 10
547 3
548 13
549 34
550 21
551 15
552 9
553 26
554 19
555 10
556 26
557 8
558 2
559 29
560 29
561 12
562 34
563 10
564 34
565 5
566 10
567 28
568 8
569 30
570 29
571 10
572 17
573 10
574 30
575 27
576 31
577 29
578 35
579 4
580 35
581 16
582 18
583 36
584 25
585 29
586 18
587 3
588 3
589 16
590 20
591 17
592 7
593 30
594 21
595 2
596 21
597 2
598 9
599 16
600 13
601 28
602 9
603 28
604 10
605 11
606 24
607 32
608 34
609 15
610 8
611 15
612 34
613 7
614 33
615 9
616 19
617 28
618 5
619 6
620 36
621 28
622 22
623 21
624 20
625 35
626 22
627 23
628 11
629 36
630 27
631 33
632 13
633 7
634 16
635 22
636 2
637 17
638 18
639 14
640 21
641 26
642 7
643 33
644 28
645 11
646 24
647 3
648 9
649 24
650 3
651 11
652 34
653 8
654 11
655 7
656 12
657 34
658 17
659 30
660 9
661 20
662 30
663 9
664 5
665 28
666 36
667 11
668 30
669 21
670 7
671 2
672 36
673 27
674 1
675 30
676 16
677 23
678 9
679 19
680 19
681 8
682 23
683 12
684 18
685 31
686 16
687 30
688 26
689 1
690 24
691 30
692 36
693 2
694 12
695 27
696 26
697 14
698 33
699 33
700 30
701 31
702 24
703 13
704 3
705 11
706 9
707 13
708 34
709 3
710 15
711 19
712 17
713 29
714 15
715 32
716 15
717 26
718 29
719 11
720 36
721 21
722 24
723 5
724 29
725 27
726 1
727 36
728 22
729 3
730 12
731 12
732 9
733 1
734 37
735 6
736 10
737 35
738 10
739 19
740 22
741 30
742 32
743 8
744 30
745 23
746 29
747 28
748 30
749 9
750 8
751 31
752 15
753 35
754 13
755 6
756 26
757 31
758 31
759 6
760 8
761 15
762 34
763 32
764 23
765 32
766 34
767 7
768 28
769 11
770 12
771 22
772 19
773 23
774 7
775 33
776 24
777 28
778 7
779 17
780 8
781 12
782 37
783 18
784 21
785 13
786 28
787 34
788 12
789 15
790 18
791 11
792 37
793 22
794 22
795 20
796 36
797 14
798 13
799 4
800 24
801 28
802 36
803 10
804 24
805 19
806 6
807 16
808 19
809 35
810 22
811 30
812 32
813 30
814 28
815 19
816 31
817 33
818 35
819 24
820 34
821 36
822 30
823 17
824 17
825 26
826 22
827 22
828 8
829 9
830 5
831 3
832 21
833 33
834 11
835 36
836 19
837 6
838 30
839 11
840 32
841 26
842 2
843 20
844 14
845 30
846 11
847 5
848 10
849 1
850 28
851 12
852 26
853 24
854 35
855 31
856 34
857 30
858 28
859 10
860 22
861 35
862 4
863 32
864 29
865 30
866 8
867 21
868 34
869 9
870 36
871 21
872 17
873 20
874 8
875 27
876 24
877 30
878 21
879 5
880 13
881 8
882 20
883 4
884 24
885 3
886 16
887 30
888 35
889 33
890 36
891 17
892 1
893 19
894 7
895 17
896 14
897 15
898 29
899 3
900 2
901 13
902 19
903 21
904 36
905 1
906 27
907 31
908 7
909 33
910 12
911 7
912 24
913 36
914 14
915 31
916 1
917 27
918 5
919 4
920 25
921 34
922 32
923 32
924 25
925 35
926 14
927 7
928 3
929 32
930 22
931 30
932 37
933 33
934 32
935 37
936 4
937 21
938 25
939 7
940 27
941 11
942 33
943 33
944 25
945 34
946 22
947 1
948 36
949 19
950 37
951 26
952 6
953 2
954 5
955 17
956 30
957 31
958 24
959 23
960 8
961 31
962 22
963 36
964 3
965 4
966 8
967 4
968 4
969 12
970 22
971 30
972 11
973 13
974 23
975 26
976 14
977 27
978 20
979 26
980 13
981 1
982 17
983 20
984 10
985 11
986 32
987 36
988 8
989 20
990 21
991 15
992 27
993 11
994 36
995 19
996 15
997 27
998 31
999 14
1000 1
1001 19
1002 22
1003 33
1004 14
1005 37
1006 32
1007 37
1008 32
1009 5
1010 24
1011 24
1012 1
1013 19
1014 1
1015 22
1016 12
1017 30
1018 9
1019 35
1020 24
1021 12
1022 19
1023 14
1024 2
1025 36
1026 35
1027 16
1028 35
1029 37
1030 37
1031 10
1032 8
1033 26
1034 31
1035 19
1036 9
1037 33
1038 14
1039 32
1040 20
1041 26
1042 21
1043 3
1044 9
1045 28
1046 17
1047 4
1048 19
1049 29
1050 10
1051 17
1052 1
1053 9
1054 34
1055 10
1056 19
1057 6
1058 34
1059 13
1060 31
1061 21
1062 14
1063 24
1064 1
1065 28
1066 15
1067 3
1068 4
1069 7
1070 35
1071 34
1072 36
1073 4
1074 5
1075 30
1076 3
1077 28
1078 33
1079 24
1080 10
1081 35
1082 16
1083 3
1084 36
1085 35
1086 1
1087 37
1088 25
1089 29
1090 13
1091 31
1092 37
1093 34
1094 36
1095 17
1096 21
1097 37
1098 12
1099 36
1100 15
1101 35
1102 4
1103 8
1104 31
1105 8
1106 18
1107 11
1108 28
1109 3
1110 37
1111 17
1112 10
1113 16
1114 32
1115 6
1116 26
1117 34
1118 27
1119 30
1120 31
1121 34
1122 33
1123 22
1124 25
1125 32
1126 27
1127 33
1128 2
1129 16
1130 34
1131 20
1132 33
1133 22
1134 15
1135 33
1136 32
1137 21
1138 18
1139 28
1140 1
1141 27
1142 35
1143 37
1144 2
1145 11
1146 2
1147 1
1148 18
1149 17
1150 12
1151 20
1152 6
1153 34
1154 26
1155 20
1156 30
1157 37
1158 26
1159 30
1160 1
1161 20
1162 22
1163 28
1164 2
1165 6
1166 6
1167 7
1168 24
1169 21
1170 6
1171 35
1172 1
1173 21
1174 22
1175 8
1176 31
1177 29
1178 2
1179 30
1180 3
1181 25
1182 26
1183 22
1184 8
1185 19
1186 34
1187 29
1188 2
1189 5
1190 20
1191 22
1192 9
1193 23
1194 8
1195 23
1196 1
1197 20
1198 34
1199 34
1200 19
1201 5
1202 33
1203 8
1204 34
1205 22
1206 23
1207 17
1208 16
1209 15
1210 9
1211 27
1212 15
1213 11
1214 5
1215 16
1216 31
1217 29
1218 32
1219 25
1220 24
1221 28
1222 5
1223 23
1224 19
1225 4
1226 11
1227 24
1228 14
1229 22
1230 21
1231 30
1232 11
1233 4
1234 7
1235 22
1236 21
1237 31
1238 22
1239 33
1240 23
1241 27
1242 5
1243 6
1244 22
1245 13
1246 17
1247 13
1248 12
1249 35
1250 24
1251 22
1252 17
1253 25
1254 33
1255 21
1256 26
1257 16
1258 3
1259 2
1260 13
1261 20
1262 14
1263 30
1264 7
1265 24
1266 19
1267 10
1268 36
1269 30
1270 6
1271 2
1272 14
1273 30
1274 28
1275 30
1276 8
1277 36
1278 20
1279 24
1280 34
1281 28
1282 14
1283 20
1284 14
1285 1
1286 27
1287 29
1288 21
1289 12
1290 27
1291 19
1292 13
1293 4
1294 8
1295 21
1296 24
1297 30
1298 27
1299 7
1300 15
1301 31
1302 16
1303 2
1304 11
1305 33
1306 9
1307 7
1308 32
1309 3
1310 20
1311 19
1312 30
1313 23
1314 13
1315 13
1316 7
1317 36
1318 37
1319 6
1320 19
1321 34
1322 18
1323 31
1324 35
1325 32
1326 2
1327 25
1328 37
1329 24
1330 12
1331 32
1332 9
1333 3
1334 17
1335 17
1336 1
1337 1
1338 14
1339 26
1340 10
1341 24
1342 30
1343 35
1344 33
1345 22
1346 11
1347 18
1348 19
1349 1
1350 15
1351 5
1352 7
1353 19
1354 30
1355 24
1356 30
1357 13
1358 19
1359 6
1360 24
1361 6
1362 23
1363 4
1364 19
1365 9
1366 26
1367 32
1368 31
1369 17
1370 35
1371 29
1372 13
1373 37
1374 35
1375 31
1376 14
1377 20
1378 13
1379 6
1380 25
1381 26
1382 35
1383 9
1384 28
1385 35
1386 26
1387 22
1388 34
1389 8
1390 31
1391 33
1392 34
1393 32
1394 17
1395 32
1396 22
1397 11
1398 35
1399 19
1400 3
1401 11
1402 18
1403 21
1404 23
1405 18
1406 5
1407 2
1408 19
1409 27
1410 25
1411 13
1412 22
1413 23
1414 33
1415 12
1416 2
1417 27
1418 4
1419 13
1420 31
1421 30
1422 31
1423 5
1424 13
1425 15
1426 21
1427 21
1428 30
1429 2
1430 26
1431 18
1432 22
1433 15
1434 7
1435 2
1436 13
1437 13
1438 3
1439 22
1440 22
1441 32
1442 2
1443 18
1444 36
1445 13
1446 8
1447 16
1448 26
1449 26
1450 20
1451 13
1452 15
1453 10
1454 26
1455 26
1456 7
1457 18
1458 17
1459 33
1460 29
1461 14
1462 19
1463 8
1464 31
1465 29
1466 30
1467 31
1468 23
1469 10
1470 30
1471 30
1472 37
1473 23
1474 37
1475 24
1476 2
1477 24
1478 27
1479 36
1480 32
1481 2
1482 13
1483 6
1484 10
1485 31
1486 21
1487 15
1488 30
1489 26
1490 35
1491 3
1492 15
1493 37
1494 6
1495 24
1496 24
1497 32
1498 36
1499 33
1500 26
1501 26
1502 10
1503 4
1504 15
1505 23
1506 33
1507 37
1508 4
1509 10
1510 17
1511 36
1512 26
1513 11
1514 9
1515 22
1516 31
1517 35
1518 17
1519 33
1520 18
1521 37
1522 36
1523 8
1524 17
1525 13
1526 17
1527 13
1528 34
1529 30
1530 35
1531 32
1532 17
1533 34
1534 25
1535 29
1536 7
1537 21
1538 28
1539 35
1540 7
1541 18
1542 33
1543 1
1544 17
1545 29
1546 35
1547 17
1548 30
1549 19
1550 6
1551 5
1552 26
1553 18
1554 17
1555 10
1556 22
1557 33
1558 15
1559 13
1560 3
1561 18
1562 24
1563 20
1564 14
1565 8
1566 13
1567 12
1568 22
1569 1
1570 16
1571 26
1572 25
1573 30
1574 13
1575 32
1576 31
1577 10
1578 27
1579 26
1580 15
1581 26
1582 30
1583 10
1584 2
1585 34
1586 24
1587 11
1588 31
1589 9
1590 10
1591 24
1592 35
1593 21
1594 31
1595 32
1596 22
1597 13
1598 7
1599 28
1600 4
1601 9
1602 22
1603 14
1604 12
1605 10
1606 27
1607 9
1608 34
1609 5
1610 4
1611 36
1612 27
1613 28
1614 21
1615 26
1616 33
1617 12
1618 28
1619 8
1620 28
1621 24
1622 37
1623 32
1624 11
1625 18
1626 34
1627 21
1628 3
1629 34
1630 10
1631 37
1632 13
1633 28
1634 11
1635 18
1636 10
1637 37
1638 12
1639 15
1640 28
1641 27
1642 4
1643 35
1644 18
1645 30
1646 34
1647 29
1648 2
1649 17
1650 34
1651 11
1652 18
1653 27
1654 5
1655 17
1656 35
1657 6
1658 21
1659 34
1660 31
1661 16
1662 4
1663 27
1664 36
1665 10
1666 12
1667 32
1668 17
1669 37
1670 33
1671 1
1672 27
1673 14
1674 22
1675 2
1676 9
1677 28
1678 4
1679 28
1680 22
1681 4
1682 12
1683 7
1684 34
1685 24
1686 3
1687 17
1688 24
1689 30
1690 18
1691 13
1692 23
1693 15
1694 30
1695 31
1696 11
1697 37
1698 32
1699 15
1700 21
1701 21
1702 29
1703 33
1704 32
1705 28
1706 15
1707 13
1708 29
1709 35
1710 37
1711 34
1712 15
1713 37
1714 16
1715 12
1716 13
1717 29
1718 35
1719 13
1720 9
1721 31
1722 24
1723 17
1724 11
1725 27
1726 11
1727 29
1728 20
1729 24
1730 30
1731 35
1732 12
1733 4
1734 29
1735 29
1736 15
1737 14
1738 25
1739 4
1740 17
1741 10
1742 15
1743 24
1744 7
1745 13
1746 17
1747 37
1748 27
1749 13
1750 18
1751 8
1752 37
1753 36
1754 12
1755 21
1756 36
1757 21
1758 7
1759 6
1760 29
1761 7
1762 26
1763 24
1764 33
1765 36
1766 15
1767 34
1768 25
1769 3
1770 13
1771 27
1772 28
1773 27
1774 3
1775 29
1776 26
1777 18
1778 23
1779 29
1780 29
1781 17
1782 9
1783 23
1784 37
1785 25
1786 13
1787 16
1788 19
1789 8
1790 35
1791 4
1792 28
1793 8
1794 34
1795 35
1796 35
1797 17
1798 37
1799 20
1800 15
1801 32
1802 34
1803 37
1804 2
1805 29
1806 26
1807 9
1808 8
1809 34
1810 30
1811 13
1812 5
1813 31
1814 30
1815 27
1816 4
1817 13
1818 19
1819 25
1820 24
1821 13
1822 30
1823 22
1824 9
1825 31
1826 25
1827 30
1828 5
1829 10
1830 31
1831 20
1832 10
1833 23
1834 19
1835 18
1836 34
1837 30
1838 26
1839 34
1840 19
1841 30
1842 6
1843 11
1844 35
1845 37
1846 17
1847 8
1848 2
1849 30
1850 28
1851 21
1852 37
1853 30
1854 1
1855 12
1856 24
1857 17
1858 18
1859 16
1860 6
1861 31
1862 12
1863 18
1864 36
1865 34
1866 5
1867 8
1868 13
1869 26
1870 37
1871 12
1872 14
1873 30
1874 20
1875 34
1876 20
1877 6
1878 34
1879 21
1880 24
1881 2
1882 26
1883 19
1884 24
1885 26
1886 32
1887 15
1888 27
1889 21
1890 31
1891 4
1892 2
1893 4
1894 35
1895 1
1896 5
1897 6
1898 8
1899 36
1900 8
1901 8
1902 13
1903 2
1904 33
1905 10
1906 5
1907 10
1908 15
1909 17
1910 3
1911 25
1912 1
1913 35
1914 9
1915 7
1916 37
1917 23
1918 33
1919 14
1920 17
1921 30
1922 11
1923 29
1924 23
1925 34
1926 14
1927 28
1928 5
1929 2
1930 18
1931 30
1932 21
1933 27
1934 18
1935 4
1936 32
1937 2
1938 35
1939 22
1940 13
1941 28
1942 32
1943 16
1944 2
1945 31
1946 16
1947 30
1948 4
1949 37
1950 6
1951 28
1952 20
1953 33
1954 3
1955 22
1956 36
1957 8
1958 7
1959 2
1960 34
1961 27
1962 19
1963 9
1964 37
1965 7
1966 5
1967 33
1968 33
1969 34
1970 29
1971 20
1972 32
1973 36
1974 3
1975 10
1976 11
1977 28
1978 16
1979 14
1980 18
1981 4
1982 20
1983 13
1984 4
1985 33
1986 33
1987 9
1988 1
1989 35
1990 27
1991 12
1992 13
1993 11
1994 32
1995 25
1996 5
1997 25
1998 15
1999 9
2000 9
2001 5
2002 34
2003 4
2004 1
2005 36
2006 17
2007 28
2008 26
2009 9
2010 37
2011 12
2012 18
2013 24
2014 18
2015 16
2016 9
2017 18
2018 22
2019 13
2020 3
2021 13
2022 28
2023 6
2024 33
2025 6
2026 10
2027 37
2028 30
2029 32
2030 20
2031 29
2032 13
2033 34
2034 5
2035 7
2036 33
2037 30
2038 25
2039 14
2040 11
2041 17
2042 27
2043 11
2044 35
2045 9
2046 36
2047 11
2048 12
2049 25
2050 10
2051 29
2052 24
2053 35
2054 2
2055 13
2056 13
2057 18
2058 33
2059 5
2060 12
2061 13
2062 33
2063 37
2064 7
2065 20
2066 24
2067 1
2068 34
2069 25
2070 5
2071 5
2072 2
2073 32
2074 7
2075 23
2076 35
2077 7
2078 31
2079 2
2080 24
2081 1
2082 27
2083 1
2084 29
2085 34
2086 25
2087 3
2088 20
2089 8
2090 36
2091 21
2092 19
2093 34
2094 3
2095 21
2096 15
2097 15
2098 5
2099 26
2100 2
2101 5
2102 26
2103 24
2104 31
2105 12
2106 30
2107 36
2108 11
2109 8
2110 2
2111 33
2112 35
2113 25
2114 27
2115 5
2116 8
2117 22
2118 26
2119 30
2120 12
2121 18
2122 6
2123 34
2124 32
2125 16
2126 34
2127 17
2128 5
2129 17
2130 11
2131 16
2132 23
2133 21
2134 13
2135 15
2136 34
2137 10
2138 34
2139 35
2140 35
2141 24
2142 33
2143 6
2144 18
2145 30
2146 10
2147 6
2148 10
2149 4
2150 10
2151 8
2152 32
2153 31
2154 31
2155 35
2156 11
2157 10
2158 12
2159 5
2160 6
2161 32
2162 4
2163 4
2164 29
2165 16
2166 24
2167 13
2168 16
2169 21
2170 33
2171 34
2172 18
2173 10
2174 34
2175 22
2176 30
2177 36
2178 32
2179 24
2180 22
2181 5
2182 35
2183 35
2184 34
2185 31
2186 14
2187 21
2188 29
2189 3
2190 32
2191 9
2192 13
2193 37
2194 24
2195 33
2196 30
2197 18
2198 2
2199 9
2200 11
2201 13
2202 12
2203 18
2204 36
2205 19
2206 26
2207 13
2208 2
2209 22
2210 14
2211 7
2212 35
2213 30
2214 34
2215 35
2216 18
2217 25
2218 35
2219 32
2220 5
2221 4
2222 14
2223 17
2224 34
2225 8
2226 13
2227 1
2228 6
2229 36
2230 27
2231 35
2232 3
2233 22
2234 1
2235 24
2236 19
2237 16
2238 32
2239 23
2240 25
2241 23
2242 18
2243 13
2244 18
2245 17
2246 13
2247 12
2248 12
2249 34
2250 30
2251 28
2252 17
2253 6
2254 13
2255 34
2256 9
2257 30
2258 10
2259 15
2260 24
2261 8
2262 26
2263 20
2264 6
2265 22
2266 34
2267 6
2268 25
2269 5
2270 26
2271 33
2272 28
2273 26
2274 9
2275 19
2276 33
2277 10
2278 2
2279 24
2280 10
2281 7
2282 6
2283 31
2284 30
2285 25
2286 2
2287 17
2288 7
2289 2
2290 27
2291 32
2292 16
2293 5
2294 24
2295 26
2296 6
2297 26
2298 36
2299 18
2300 33
2301 7
2302 13
2303 13
2304 20
2305 32
2306 20
2307 25
2308 36
2309 30
2310 9
2311 8
2312 37
2313 14
2314 35
2315 24
2316 29
2317 33
2318 22
2319 14
2320 6
2321 22
2322 2
2323 12
2324 32
2325 22
2326 26
2327 32
2328 27
2329 5
2330 16
2331 25
2332 20
2333 31
2334 18
2335 17
2336 32
2337 3
2338 34
2339 24
2340 4
2341 7
2342 31
2343 16
2344 18
2345 29
2346 32
2347 25
2348 32
2349 30
2350 37
2351 35
2352 33
2353 20
2354 6
2355 13
2356 1
2357 17
2358 33
2359 31
2360 8
2361 6
2362 29
2363 7
2364 10
2365 2
2366 11
2367 23
2368 35
2369 16
2370 19
2371 14
2372 21
2373 36
2374 2
2375 1
2376 10
2377 26
2378 20
2379 35
2380 32
2381 34
2382 27
2383 5
2384 34
2385 10
2386 1
2387 32
2388 16
2389 15
2390 32
2391 29
2392 6
2393 3
2394 29
2395 18
2396 26
2397 21
2398 7
2399 12
2400 34
2401 34
2402 21
2403 34
2404 11
2405 17
2406 28
2407 11
2408 24
2409 16
2410 17
2411 17
2412 33
2413 22
2414 2
2415 13
2416 11
2417 2
2418 1
2419 25
2420 10
2421 24
2422 2
2423 33
2424 30
2425 10
2426 12
2427 3
2428 22
2429 3
2430 7
2431 6
2432 1
2433 13
2434 19
2435 33
2436 13
2437 29
2438 35
2439 21
2440 8
2441 9
2442 21
2443 33
2444 33
2445 22
2446 5
2447 9
2448 35
2449 16
2450 32
2451 15
2452 22
2453 32
2454 12
2455 25
2456 4
2457 24
2458 34
2459 30
2460 28
2461 18
2462 18
2463 22
2464 10
2465 12
2466 34
2467 2
2468 6
2469 30
2470 11
2471 6
2472 18
2473 20
2474 24
2475 11
2476 32
2477 22
2478 2
2479 24
2480 24
2481 7
2482 24
2483 33
2484 26
2485 7
2486 23
2487 4
2488 16
2489 34
2490 32
2491 26
2492 7
2493 4
2494 12
2495 32
2496 23
2497 34
2498 32
2499 23
2500 21
2501 23
2502 36
2503 9
2504 37
2505 31
2506 14
2507 12
2508 9
2509 21
2510 33
2511 8
2512 18
2513 14
2514 5
2515 5
2516 7
2517 15
2518 10
2519 11
2520 29
2521 9
2522 15
2523 6
2524 34
2525 33
2526 32
2527 30
2528 10
2529 3
2530 5
2531 6
2532 33
2533 30
2534 32
2535 5
2536 8
2537 19
2538 12
2539 17
2540 24
2541 1
2542 16
2543 3
2544 8
2545 25
2546 3
2547 1
2548 3
2549 12
2550 30
2551 31
2552 30
2553 8
2554 3
2555 33
2556 5
2557 23
2558 2
2559 24
2560 1
2561 1
2562 4
2563 18
2564 11
2565 5
2566 14
2567 2
2568 35
2569 32
2570 11
2571 23
2572 2
2573 2
2574 22
2575 30
2576 7
2577 18
2578 23
2579 2
2580 30
2581 17
2582 31
2583 26
2584 30
2585 35
2586 17
2587 31
2588 22
2589 15
2590 15
2591 34
2592 27
2593 29
2594 23
2595 7
2596 9
2597 11
2598 34
2599 24
2600 35
2601 36
2602 30
2603 24
2604 31
2605 18
2606 1
2607 13
2608 13
2609 36
2610 3
2611 9
2612 3
2613 33
2614 12
2615 6
2616 30
2617 26
2618 31
2619 33
2620 34
2621 19
2622 24
2623 2
2624 23
2625 24
2626 8
2627 34
2628 10
2629 30
2630 37
2631 19
2632 9
2633 12
2634 24
2635 1
2636 13
2637 25
2638 14
2639 25
2640 22
2641 12
2642 6
2643 34
2644 33
2645 19
2646 7
2647 32
2648 4
2649 21
2650 9
2651 18
2652 33
2653 25
2654 16
2655 29
2656 12
2657 5
2658 8
2659 2
2660 24
2661 9
2662 26
2663 9
2664 30
2665 29
2666 20
2667 24
2668 19
2669 7
2670 26
2671 23
2672 30
2673 19
2674 30
2675 2
2676 8
2677 29
2678 7
2679 30
2680 34
2681 13
2682 2
2683 35
2684 15
2685 4
2686 13
2687 37
2688 21
2689 9
2690 18
2691 7
2692 5
2693 2
2694 29
2695 25
2696 35
2697 34
2698 25
2699 13
2700 24
2701 34
2702 26
2703 33
2704 14
2705 32
2706 17
2707 24
2708 11
2709 34
2710 20
2711 27
2712 15
2713 3
2714 24
2715 36
2716 22
2717 19
2718 25
2719 3
2720 2
2721 9
2722 3
2723 34
2724 8
2725 16
2726 23
2727 27
2728 5
2729 1
2730 30
2731 25
2732 24
2733 20
2734 30
2735 29
2736 11
2737 16
2738 13
2739 11
2740 33
2741 30
2742 16
2743 22
2744 5
2745 10
2746 13
2747 3
2748 9
2749 16
2750 24
2751 31
2752 14
2753 26
2754 30
2755 27
2756 27
2757 12
2758 34
2759 30
2760 25
2761 23
2762 8
2763 15
2764 24
2765 28
2766 10
2767 17
2768 24
2769 24
2770 26
2771 4
2772 25
2773 11
2774 37
2775 23
2776 8
2777 36
2778 15
2779 22
2780 26
2781 14
2782 10
2783 30
2784 27
2785 3
2786 31
2787 22
2788 6
2789 16
2790 37
2791 28
2792 7
2793 4
2794 21
2795 13
2796 35
2797 26
2798 36
2799 36
2800 25
2801 15
2802 25
2803 6
2804 31
2805 6
2806 36
2807 5
2808 30
2809 29
2810 7
2811 17
2812 17
2813 17
2814 2
2815 11
2816 31
2817 18
2818 8
2819 17
2820 24
2821 19
2822 26
2823 20
2824 24
2825 26
2826 21
2827 37
2828 3
2829 33
2830 16
2831 33
2832 21
2833 34
2834 9
2835 30
2836 21
2837 34
2838 11
2839 23
2840 30
2841 18
2842 24
2843 11
2844 5
2845 36
2846 5
2847 34
2848 32
2849 6
2850 19
2851 2
2852 15
2853 10
2854 34
2855 9
2856 1
2857 33
2858 22
2859 14
2860 33
2861 27
2862 17
2863 2
2864 10
2865 21
2866 9
2867 15
2868 21
2869 29
2870 11
2871 24
2872 23
2873 28
2874 17
2875 24
2876 32
2877 37
2878 20
2879 3
2880 23
2881 14
2882 15
2883 8
2884 36
2885 13
2886 7
2887 34
2888 32
2889 27
2890 36
2891 28
2892 22
2893 30
2894 10
2895 37
2896 24
2897 9
2898 4
2899 19
2900 32
2901 28
2902 34
2903 34
2904 3
2905 34
2906 2
2907 15
2908 13
2909 11
2910 13
2911 18
2912 14
2913 7
2914 21
2915 22
2916 10
2917 31
2918 32
2919 32
2920 19
2921 32
2922 9
2923 18
2924 23
2925 24
2926 25
2927 15
2928 14
2929 29
2930 10
2931 5
2932 17
2933 28
2934 36
2935 3
2936 9
2937 20
2938 26
2939 13
2940 23
2941 21
2942 30
2943 29
2944 25
2945 4
2946 9
2947 25
2948 21
2949 27
2950 7
2951 18
2952 24
2953 11
2954 35
2955 8
2956 27
2957 18
2958 20
2959 4
2960 14
2961 26
2962 21
2963 16
2964 24
2965 27
2966 8
2967 27
2968 30
2969 3
2970 13
2971 29
2972 34
2973 21
2974 4
2975 23
2976 24
2977 3
2978 5
2979 34
2980 7
2981 8
2982 15
2983 2
2984 34
2985 33
2986 13
2987 26
2988 21
2989 2
2990 30
2991 2
2992 1
2993 3
2994 2
2995 21
2996 30
2997 31
2998 15
2999 16
3000 24
3001 3
3002 22
3003 22
3004 37
3005 31
3006 33
3007 32
3008 26
3009 33
3010 13
3011 32
3012 30
3013 13
3014 8
3015 2
3016 15
3017 24
3018 22
3019 8
3020 11
3021 28
3022 17
3023 9
3024 16
3025 28
3026 3
3027 32
3028 15
3029 32
3030 13
3031 6
3032 18
3033 10
3034 9
3035 21
3036 34
3037 3
3038 18
3039 18
3040 33
3041 10
3042 27
3043 2
3044 20
3045 19
3046 9
3047 2
3048 22
3049 25
3050 16
3051 34
3052 22
3053 17
3054 32
3055 24
3056 6
3057 4
3058 22
3059 18
3060 2
3061 30
3062 1
3063 11
3064 22
3065 29
3066 16
3067 25
3068 34
3069 36
3070 21
3071 26
3072 7
3073 2
3074 33
3075 12
3076 9
3077 3
3078 16
3079 27
3080 36
3081 2
3082 30
3083 2
3084 24
3085 16
3086 7
3087 26
3088 33
3089 24
3090 4
3091 13
3092 26
3093 33
3094 8
3095 30
3096 12
3097 26
3098 19
3099 25
3100 11
3101 22
3102 5
3103 24
3104 23
3105 10
3106 11
3107 10
3108 33
3109 4
3110 22
3111 28
3112 13
3113 18
3114 26
3115 25
3116 2
3117 28
3118 22
3119 25
3120 2
3121 5
3122 14
3123 11
3124 7
3125 24
3126 12
3127 1
3128 13
3129 21
3130 6
3131 20
3132 5
3133 31
3134 5
3135 4
3136 13
3137 21
3138 21
3139 16
3140 3
3141 3
3142 14
3143 1
3144 2
3145 34
3146 6
3147 18
3148 17
3149 5
3150 11
3151 12
3152 7
3153 16
3154 23
3155 17
3156 2
3157 32
3158 6
3159 30
3160 3
3161 27
3162 20
3163 25
3164 17
3165 11
3166 2
3167 6
3168 14
3169 31
3170 8
3171 6
3172 11
3173 4
3174 17
3175 29
3176 25
3177 17
3178 8
3179 17
3180 5
3181 2
3182 5
3183 11
3184 9
3185 1
3186 3
3187 16
3188 6
3189 34
3190 11
3191 16
3192 17
3193 21
3194 17
3195 23
3196 5
3197 33
3198 29
3199 30
3200 22
3201 15
3202 20
3203 30
3204 33
3205 5
3206 37
3207 31
3208 2
3209 27
3210 29
3211 16
3212 2
3213 29
3214 26
3215 18
3216 16
3217 18
3218 34
3219 35
3220 19
3221 2
3222 15
3223 4
3224 14
3225 30
3226 28
3227 2
3228 35
3229 9
3230 11
3231 37
3232 22
3233 26
3234 20
3235 3
3236 22
3237 18
3238 32
3239 34
3240 23
3241 18
3242 31
3243 14
3244 22
3245 10
3246 7
3247 16
3248 21
3249 32
3250 5
3251 22
3252 26
3253 19
3254 12
3255 21
3256 30
3257 30
3258 29
3259 15
3260 20
3261 2
3262 33
3263 24
3264 32
3265 16
3266 29
3267 15
3268 22
3269 12
3270 25
3271 32
3272 11
3273 36
3274 23
3275 21
3276 1
3277 22
3278 2
3279 8
3280 9
3281 24
3282 27
3283 2
3284 21
3285 20
3286 37
3287 26
3288 27
3289 28
3290 2
3291 33
3292 25
3293 7
3294 32
3295 30
3296 30
3297 34
3298 12
3299 21
3300 2
3301 21
3302 19
3303 7
3304 9
3305 15
3306 6
3307 37
3308 1
3309 5
3310 32
3311 1
3312 11
3313 32
3314 26
3315 23
3316 11
3317 36
3318 29
3319 36
3320 33
3321 17
3322 15
3323 18
3324 28
3325 16
3326 33
3327 24
3328 15
3329 2
3330 27
3331 31
3332 26
3333 20
3334 27
3335 5
3336 32
3337 31
3338 16
3339 15
3340 8
3341 12
3342 34
3343 2
3344 17
3345 12
3346 13
3347 24
3348 9
3349 33
3350 2
3351 19
3352 21
3353 7
3354 37
3355 22
3356 2
3357 31
3358 1
3359 6
3360 8
3361 28
3362 26
3363 20
3364 28
3365 15
3366 1
3367 26
3368 37
3369 22
3370 5
3371 23
3372 32
3373 35
3374 22
3375 1
3376 9
3377 21
3378 32
3379 29
3380 4
3381 31
3382 30
3383 24
3384 21
3385 22
3386 12
3387 36
3388 23
3389 20
3390 36
3391 15
3392 26
3393 8
3394 25
3395 9
3396 19
3397 3
3398 8
3399 14
3400 21
3401 15
3402 10
3403 30
3404 27
3405 27
3406 17
3407 36
3408 22
3409 24
3410 24
3411 11
3412 18
3413 32
3414 30
3415 26
3416 13
3417 19
3418 8
3419 6
3420 9
3421 35
3422 26
3423 18
3424 1
3425 28
3426 8
3427 25
3428 1
3429 4
3430 32
3431 26
3432 2
3433 21
3434 24
3435 20
3436 17
3437 22
3438 32
3439 7
3440 30
3441 18
3442 22
3443 13
3444 10
3445 6
3446 35
3447 23
3448 8
3449 27
3450 2
3451 6
3452 30
3453 4
3454 35
3455 22
3456 12
3457 32
3458 31
3459 33
3460 27
3461 30
3462 23
3463 15
3464 14
3465 14
3466 11
3467 27
3468 31
3469 13
3470 8
3471 33
3472 32
3473 34
3474 19
3475 23
3476 13
3477 22
3478 5
3479 29
3480 18
3481 2
3482 16
3483 24
3484 15
3485 2
3486 16
3487 35
3488 7
3489 31
3490 24
3491 14
3492 25
3493 27
3494 6
3495 25
3496 21
3497 31
3498 19
3499 33
3500 28
3501 2
3502 19
3503 19
3504 19
3505 32
3506 22
3507 28
3508 13
3509 10
3510 30
3511 5
3512 4
3513 8
3514 2
3515 13
3516 32
3517 34
3518 17
3519 23
3520 15
3521 18
3522 20
3523 20
3524 1
3525 13
3526 35
3527 37
3528 20
3529 2
3530 13
3531 26
3532 4
3533 24
3534 14
3535 24
3536 17
3537 22
3538 19
3539 37
3540 12
3541 7
3542 6
3543 14
3544 6
3545 2
3546 7
3547 36
3548 13
3549 37
3550 26
3551 28
3552 22
3553 35
3554 1
3555 2
3556 33
3557 20
3558 1
3559 10
3560 32
3561 6
3562 15
3563 24
3564 7
3565 36
3566 1
3567 8
3568 20
3569 18
3570 10
3571 15
3572 17
3573 6
3574 30
3575 34
3576 18
3577 13
3578 28
3579 8
3580 36
3581 27
3582 15
3583 31
3584 28
3585 21
3586 9
3587 2
3588 1
3589 3
3590 36
3591 14
3592 10
3593 8
3594 23
3595 25
3596 26
3597 11
3598 25
3599 31
3600 21
3601 15
3602 24
3603 29
3604 23
3605 4
3606 16
3607 21
3608 33
3609 15
3610 12
3611 6
3612 28
3613 2
3614 9
3615 28
3616 26
3617 23
3618 5
3619 24
3620 15
3621 9
3622 13
3623 25
3624 2
3625 32
3626 30
3627 33
3628 16
3629 22
3630 34
3631 6
3632 28
3633 6
3634 17
3635 17
3636 1
3637 30
3638 28
3639 19
3640 13
3641 4
3642 6
3643 20
3644 27
3645 36
3646 22
3647 32
3648 9
3649 26
3650 27
3651 19
3652 5
3653 37
3654 31
3655 3
3656 25
3657 11
3658 36
3659 7
3660 19
3661 17
3662 32
3663 13
3664 13
3665 33
3666 25
3667 21
3668 10
3669 35
3670 1
3671 31
3672 35
3673 25
3674 31
3675 31
3676 20
3677 21
3678 27
3679 15
3680 1
3681 24
3682 11
3683 2
3684 19
3685 35
3686 12
3687 7
3688 30
3689 6
3690 24
3691 24
3692 8
3693 35
3694 24
3695 16
3696 26
3697 34
3698 24
3699 1
3700 19
3701 27
3702 13
3703 22
3704 13
3705 33
3706 2
3707 37
3708 21
3709 3
3710 2
3711 17
3712 8
3713 20
3714 31
3715 18
3716 33
3717 19
3718 34
3719 17
3720 15
3721 11
3722 32
3723 13
3724 20
3725 1
3726 22
3727 12
3728 8
3729 6
3730 36
3731 3
3732 12
3733 31
3734 7
3735 24
3736 29
3737 32
3738 33
3739 23
3740 20
3741 20
3742 9
3743 27
3744 35
3745 13
3746 27
3747 10
3748 1
3749 31
3750 7
3751 35
3752 7
3753 32
3754 31
3755 32
3756 1
3757 5
3758 14
3759 20
3760 1
3761 7
3762 2
3763 34
3764 27
3765 2
3766 24
3767 1
3768 36
3769 13
3770 33
3771 11
3772 30
3773 6
3774 37
3775 36
3776 18
3777 11
3778 26
3779 29
3780 2
3781 23
3782 30
3783 13
3784 7
3785 33
3786 24
3787 5
3788 2
3789 22
3790 8
3791 6
3792 19
3793 2
3794 8
3795 5
3796 24
3797 21
3798 32
3799 26
3800 3
3801 34
3802 10
3803 30
3804 20
3805 36
3806 35
3807 31
3808 11
3809 34
3810 35
3811 21
3812 2
3813 2
3814 10
3815 13
3816 8
3817 15
3818 27
3819 4
3820 13
3821 13
3822 11
3823 10
3824 7
3825 12
3826 35
3827 20
3828 5
3829 32
3830 36
3831 19
3832 16
3833 20
3834 30
3835 9
3836 14
3837 20
3838 21
3839 5
3840 30
3841 21
3842 20
3843 11
3844 4
3845 20
3846 28
3847 2
3848 37
3849 12
3850 14
3851 36
3852 17
3853 32
3854 29
3855 7
3856 18
3857 36
3858 13
3859 20
3860 33
3861 3
3862 2
3863 16
3864 13
3865 26
3866 35
3867 34
3868 19
3869 18
3870 20
3871 10
3872 29
3873 3
3874 29
3875 6
3876 11
3877 25
3878 10
3879 1
3880 19
3881 32
3882 37
3883 32
3884 29
3885 22
3886 10
3887 22
3888 21
3889 2
3890 10
3891 35
3892 13
3893 30
3894 34
3895 17
3896 10
3897 10
3898 8
3899 24
3900 16
3901 13
3902 28
3903 17
3904 27
3905 3
3906 2
3907 11
3908 27
3909 34
3910 35
3911 26
3912 23
3913 24
3914 21
3915 1
3916 27
3917 14
3918 3
3919 12
3920 1
3921 1
3922 8
3923 33
3924 6
3925 2
3926 28
3927 21
3928 18
3929 32
3930 14
3931 18
3932 35
3933 3
3934 4
3935 30
3936 33
3937 6
3938 12
3939 20
3940 34
3941 31
3942 2
3943 31
3944 13
3945 16
3946 32
3947 11
3948 4
3949 37
3950 6
3951 24
3952 34
3953 21
3954 25
3955 21
3956 17
3957 3
3958 17
3959 30
3960 33
3961 17
3962 13
3963 23
3964 20
3965 30
3966 33
3967 16
3968 4
3969 33
3970 19
3971 35
3972 9
3973 2
3974 7
3975 11
3976 37
3977 32
3978 29
3979 18
3980 32
3981 13
3982 26
3983 30
3984 8
3985 5
3986 12
3987 28
3988 20
3989 3
3990 35
3991 13
3992 21
3993 32
3994 34
3995 15
3996 24
3997 17
3998 7
3999 6
4000 18
4001 32
4002 10
4003 23
4004 18
4005 29
4006 19
4007 17
4008 20
4009 20
4010 2
4011 29
4012 23
4013 9
4014 12
4015 23
4016 34
4017 36
4018 13
4019 10
4020 14
4021 14
4022 1
4023 6
4024 9
4025 32
4026 6
4027 7
4028 6
4029 2
4030 18
4031 33
4032 14
4033 23
4034 2
4035 2
4036 9
4037 22
4038 2
4039 13
4040 22
4041 24
4042 37
4043 30
4044 28
4045 18
4046 37
4047 24
4048 7
4049 26
4050 17
4051 2
4052 32
4053 22
4054 8
4055 4
4056 11
4057 1
4058 2
4059 18
4060 8
4061 24
4062 13
4063 13
4064 2
4065 9
4066 6
4067 2
4068 3
4069 16
4070 30
4071 16
4072 24
4073 17
4074 29
4075 9
4076 2
4077 18
4078 14
4079 8
4080 13
4081 22
4082 31
4083 14
4084 35
4085 23
4086 17
4087 1
4088 28
4089 15
4090 10
4091 13
4092 13
4093 22
4094 15
4095 37
4096 2
4097 35
4098 20
4099 24
4100 34
4101 31
4102 34
4103 8
4104 34
4105 35
4106 28
4107 37
4108 27
4109 9
4110 33
4111 19
4112 10
4113 23
4114 20
4115 23
4116 13
4117 37
4118 11
4119 19
4120 8
4121 14
4122 24
4123 33
4124 26
4125 30
4126 10
4127 13
4128 1
4129 24
4130 13
4131 20
4132 8
4133 19
4134 5
4135 2
4136 15
4137 30
4138 37
4139 8
4140 34
4141 2
4142 31
4143 27
4144 18
4145 34
4146 9
4147 16
4148 8
4149 20
4150 18
4151 26
4152 17
4153 37
4154 3
4155 6
4156 28
4157 26
4158 20
4159 10
4160 20
4161 32
4162 12
4163 31
4164 7
4165 1
4166 34
4167 16
4168 37
4169 24
4170 26
4171 9
4172 35
4173 21
4174 34
4175 14
4176 13
4177 33
4178 7
4179 30
4180 31
4181 36
4182 34
4183 2
4184 22
4185 15
4186 9
4187 5
4188 22
4189 6
4190 30
4191 23
4192 18
4193 28
4194 18
4195 35
4196 37
4197 32
4198 11
4199 14
4200 35
4201 10
4202 7
4203 27
4204 6
4205 3
4206 18
4207 25
4208 7
4209 15
4210 24
4211 4
4212 18
4213 4
4214 8
4215 20
4216 3
4217 34
4218 9
4219 32
4220 2
4221 12
4222 30
4223 2
4224 28
4225 28
4226 10
4227 29
4228 34
4229 10
4230 18
4231 12
4232 5
4233 37
4234 30
4235 11
4236 25
4237 17
4238 34
4239 27
4240 31
4241 19
4242 6
4243 24
4244 2
4245 3
4246 25
4247 18
4248 32
4249 9
4250 22
4251 2
4252 36
4253 1
4254 34
4255 13
4256 4
4257 20
4258 32
4259 13
4260 35
4261 35
4262 21
4263 24
4264 12
4265 19
4266 12
4267 37
4268 6
4269 25
4270 25
4271 10
4272 6
4273 30
4274 3
4275 6
4276 34
4277 4
4278 30
4279 24
4280 34
4281 25
4282 11
4283 13
4284 34
4285 7
4286 5
4287 19
4288 8
4289 12
4290 8
4291 20
4292 15
4293 26
4294 32
4295 25
4296 30
4297 35
4298 12
4299 26
4300 14
4301 30
4302 35
4303 16
4304 10
4305 26
4306 21
4307 37
4308 2
4309 36
4310 4
4311 30
4312 6
4313 24
4314 19
4315 2
4316 35
4317 14
4318 34
4319 13
4320 20
4321 10
4322 30
4323 36
4324 22
4325 24
4326 21
4327 21
4328 3
4329 1
4330 22
4331 18
4332 14
4333 18
4334 19
4335 13
4336 14
4337 29
4338 25
4339 22
4340 5
4341 30
4342 14
4343 21
4344 16
4345 3
4346 17
4347 14
4348 5
4349 16
4350 34
4351 29
4352 17
4353 20
4354 36
4355 36
4356 32
4357 26
4358 23
4359 37
4360 8
4361 2
4362 29
4363 5
4364 12
4365 6
4366 22
4367 10
4368 30
4369 33
4370 10
4371 13
4372 28
4373 3
4374 32
4375 28
4376 15
4377 6
4378 37
4379 23
4380 32
4381 13
4382 23
4383 8
4384 18
4385 23
4386 17
4387 13
4388 11
4389 37
4390 19
4391 13
4392 3
4393 10
4394 24
4395 36
4396 33
4397 18
4398 8
4399 21
4400 20
4401 8
4402 19
4403 32
4404 21
4405 6
4406 22
4407 6
4408 34
4409 27
4410 31
4411 13
4412 22
4413 16
4414 32
4415 14
4416 2
4417 6
4418 16
4419 13
4420 26
4421 36
4422 17
4423 23
4424 10
4425 5
4426 2
4427 21
4428 1
4429 32
4430 22
4431 31
4432 9
4433 10
4434 27
4435 21
4436 25
4437 5
4438 30
4439 14
4440 36
4441 22
4442 24
4443 20
4444 29
4445 4
4446 24
4447 7
4448 9
4449 19
4450 17
4451 5
4452 33
4453 25
4454 23
4455 24
4456 13
4457 29
4458 19
4459 24
4460 31
4461 37
4462 23
4463 8
4464 16
4465 28
4466 30
4467 16
4468 7
4469 2
4470 36
4471 7
4472 24
4473 5
4474 30
4475 5
4476 18
4477 33
4478 17
4479 8
4480 13
4481 33
4482 12
4483 5
4484 7
4485 34
4486 22
4487 30
4488 16
4489 13
4490 27
4491 37
4492 20
4493 5
4494 17
4495 21
4496 16
4497 21
4498 13
4499 27
4500 13
4501 5
4502 24
4503 3
4504 19
4505 24
4506 24
4507 31
4508 15
4509 19
4510 24
4511 14
4512 11
4513 3
4514 3
4515 32
4516 32
4517 24
4518 20
4519 18
4520 13
4521 6
4522 32
4523 30
4524 1
4525 22
4526 21
4527 16
4528 2
4529 5
4530 1
4531 27
4532 5
4533 2
4534 10
4535 20
4536 8
4537 25
4538 30
4539 26
4540 33
4541 8
4542 23
4543 18
4544 3
4545 15
4546 26
4547 13
4548 23
4549 7
4550 37
4551 29
4552 14
4553 26
4554 33
4555 30
4556 26
4557 8
4558 9
4559 4
4560 8
4561 10
4562 12
4563 14
4564 2
4565 37
4566 25
4567 3
4568 32
4569 12
4570 29
4571 24
4572 12
4573 30
4574 15
4575 7
4576 12
4577 26
4578 12
4579 7
4580 13
4581 26
4582 30
4583 32
4584 4
4585 12
4586 25
4587 23
4588 9
4589 15
4590 30
4591 23
4592 24
4593 27
4594 6
4595 6
4596 7
4597 23
4598 13
4599 18
4600 22
4601 17
4602 7
4603 12
4604 3
4605 14
4606 11
4607 12
4608 26
4609 11
4610 19
4611 1
4612 30
4613 2
4614 30
4615 11
4616 33
4617 33
4618 28
4619 24
4620 30
4621 32
4622 31
4623 15
4624 24
4625 31
4626 6
4627 20
4628 16
4629 7
4630 13
4631 33
4632 26
4633 13
4634 17
4635 22
4636 29
4637 11
4638 25
4639 19
4640 25
4641 32
4642 10
4643 20
4644 20
4645 9
4646 25
4647 20
4648 36
4649 23
4650 13
4651 13
4652 19
4653 19
4654 10
4655 36
4656 33
4657 17
4658 36
4659 6
4660 5
4661 19
4662 8
4663 25
4664 33
4665 12
4666 20
4667 16
4668 8
4669 13
4670 19
4671 24
4672 5
4673 13
4674 3
4675 1
4676 21
4677 35
4678 3
4679 10
4680 12
4681 10
4682 15
4683 7
4684 13
4685 24
4686 29
4687 20
4688 9
4689 20
4690 31
4691 34
4692 4
4693 33
4694 19
4695 21
4696 1
4697 30
4698 32
4699 17
4700 25
4701 18
4702 32
4703 2
4704 1
4705 15
4706 16
4707 12
4708 4
4709 7
4710 2
4711 4
4712 22
4713 25
4714 11
4715 8
4716 7
4717 33
4718 13
4719 2
4720 33
4721 12
4722 18
4723 37
4724 33
4725 9
4726 30
4727 5
4728 33
4729 28
4730 10
4731 37
4732 13
4733 18
4734 4
4735 10
4736 13
4737 23
4738 1
4739 10
4740 19
4741 8
4742 5
4743 33
4744 14
4745 23
4746 33
4747 24
4748 13
4749 10
4750 36
4751 13
4752 18
4753 24
4754 27
4755 33
4756 9
4757 30
4758 27
4759 13
4760 13
4761 10
4762 10
4763 10
4764 6
4765 35
4766 20
4767 23
4768 14
4769 25
4770 24
4771 11
4772 9
4773 31
4774 32
4775 16
4776 22
4777 17
4778 25
4779 31
4780 21
4781 24
4782 6
4783 32
4784 19
4785 33
4786 35
4787 13
4788 8
4789 16
4790 4
4791 26
4792 9
4793 9
4794 21
4795 28
4796 34
4797 7
4798 29
4799 35
4800 30
4801 9
4802 33
4803 32
4804 4
4805 22
4806 24
4807 17
4808 14
4809 14
4810 19
4811 13
4812 34
4813 20
4814 2
4815 36
4816 28
4817 11
4818 19
4819 25
4820 23
4821 27
4822 30
4823 5
4824 8
4825 24
4826 14
4827 7
4828 4
4829 10
4830 12
4831 15
4832 16
4833 2
4834 33
4835 33
4836 15
4837 25
4838 20
4839 17
4840 26
4841 22
4842 28
4843 18
4844 26
4845 27
4846 32
4847 4
4848 14
4849 37
4850 13
4851 20
4852 35
4853 15
4854 13
4855 34
4856 10
4857 30
4858 29
4859 16
4860 20
4861 23
4862 26
4863 2
4864 13
4865 18
4866 25
4867 16
4868 23
4869 8
4870 30
4871 1
4872 22
4873 37
4874 12
4875 3
4876 34
4877 6
4878 22
4879 7
4880 20
4881 22
4882 37
4883 13
4884 33
4885 34
4886 32
4887 32
4888 11
4889 27
4890 33
4891 32
4892 29
4893 1
4894 11
4895 5
4896 22
4897 12
4898 15
4899 1
4900 29
4901 36
4902 26
4903 11
4904 20
4905 24
4906 19
4907 26
4908 12
4909 30
4910 24
4911 2
4912 4
4913 25
4914 22
4915 30
4916 13
4917 30
4918 31
4919 26
4920 16
4921 27
4922 9
4923 32
4924 36
4925 14
4926 2
4927 2
4928 16
4929 23
4930 34
4931 20
4932 25
4933 10
4934 14
4935 5
4936 3
4937 30
4938 34
4939 26
4940 18
4941 9
4942 8
4943 4
4944 34
4945 7
4946 13
4947 25
4948 15
4949 16
4950 32
4951 20
4952 23
4953 24
4954 34
4955 3
4956 17
4957 33
4958 33
4959 35
4960 19
4961 17
4962 32
4963 22
4964 35
4965 2
4966 34
4967 11
4968 7
4969 15
4970 24
4971 4
4972 11
4973 31
4974 35
4975 29
4976 26
4977 21
4978 31
4979 22
4980 10
4981 32
4982 35
4983 19
4984 32
4985 9
4986 12
4987 34
4988 18
4989 21
4990 7
4991 2
4992 9
4993 24
4994 6
4995 34
4996 34
4997 24
4998 13
4999 30
