0 7
1 9
2 6
3 9
4 7
5 9
6 3
7 9
8 10
9 7
10 6
11 6
12 10
13 6
14 5
15 8
16 4
17 6
18 3
19 10
20 6
21 7
22 3
23 6
24 7
25 1
26 7
27 10
28 10
29 1
30 5
31 1
32 4
33 4
34 6
35 7
36 7
37 7
38 9
39 1
40 2
41 6
42 2
43 3
44 9
45 4
46 10
47 2
48 7
49 7
50 1
51 8
52 8
53 2
54 10
55 1
56 1
57 4
58 1
59 1
60 5
61 6
62 10
63 2
64 10
65 6
66 6
67 7
68 1
69 2
70 1
71 10
72 1
73 2
74 5
75 9
76 8
77 8
78 9
79 3
80 5
81 8
82 7
83 10
84 2
85 6
86 3
87 4
88 10
89 4
90 4
91 5
92 5
93 4
94 1
95 1
96 5
97 10
98 4
99 2
100 9
101 2
102 10
103 9
104 3
105 2
106 8
107 6
108 6
109 1
110 7
111 2
112 5
113 1
114 9
115 10
116 9
117 3
118 4
119 6
120 6
121 7
122 7
123 7
124 8
125 10
126 8
127 7
128 1
129 9
130 4
131 8
132 7
133 5
134 7
135 2
136 1
137 8
138 8
139 7
140 6
141 4
142 7
143 2
144 10
145 10
146 1
147 1
148 9
149 1
150 1
151 8
152 8
153 8
154 7
155 4
156 1
157 5
158 4
159 5
160 6
161 5
162 7
163 1
164 5
165 6
166 6
167 10
168 6
169 5
170 6
171 9
172 7
173 4
174 6
175 4
176 9
177 8
178 8
179 4
180 9
181 9
182 2
183 3
184 6
185 4
186 10
187 6
188 9
189 2
190 2
191 9
192 4
193 7
194 5
195 2
196 4
197 6
198 4
199 4
200 1
201 6
202 2
203 9
204 10
205 4
206 7
207 8
208 6
209 1
210 10
211 3
212 2
213 1
214 1
215 1
216 4
217 9
218 4
219 5
220 5
221 1
222 4
223 8
224 5
225 8
226 6
227 9
228 3
229 8
230 7
231 10
232 3
233 7
234 4
235 1
236 5
237 7
238 9
239 4
240 7
241 8
242 8
243 10
244 6
245 1
246 5
247 2
248 2
249 8
250 10
251 1
252 7
253 4
254 8
255 5
256 6
257 3
258 10
259 7
260 5
261 2
262 7
263 1
264 10
265 7
266 3
267 1
268 4
269 1
270 7
271 4
272 9
273 10
274 2
275 4
276 4
277 4
278 7
279 7
280 5
281 3
282 3
283 10
284 10
285 10
286 4
287 7
288 4
289 1
290 7
291 8
292 4
293 10
294 5
295 7
296 8
297 3
298 4
299 4
300 1
301 5
302 9
303 7
304 9
305 10
306 10
307 5
308 9
309 8
310 6
311 10
312 5
313 1
314 5
315 10
316 4
317 3
318 10
319 4
320 3
321 8
322 4
323 1
324 4
325 5
326 10
327 7
328 10
329 4
330 8
331 1
332 6
333 6
334 2
335 3
336 4
337 2
338 6
339 3
340 6
341 5
342 7
343 5
344 6
345 1
346 10
347 4
348 7
349 2
350 9
351 5
352 5
353 9
354 6
355 1
356 4
357 10
358 10
359 7
360 4
361 6
362 1
363 3
364 10
365 8
366 8
367 1
368 7
369 1
370 5
371 2
372 4
373 10
374 5
375 4
376 8
377 10
378 5
379 4
380 9
381 10
382 10
383 10
384 10
385 3
386 2
387 4
388 3
389 9
390 3
391 9
392 10
393 7
394 8
395 8
396 3
397 7
398 4
399 8
400 1
401 8
402 1
403 9
404 1
405 1
406 10
407 3
408 10
409 3
410 5
411 10
412 9
413 9
414 9
415 7
416 9
417 2
418 8
419 7
420 10
421 4
422 1
423 2
424 4
425 7
426 2
427 10
428 9
429 8
430 9
431 7
432 7
433 5
434 9
435 5
436 7
437 2
438 6
439 7
440 2
441 7
442 1
443 6
444 3
445 7
446 1
447 5
448 1
449 2
450 2
451 7
452 1
453 3
454 4
455 4
456 10
457 8
458 2
459 7
460 9
461 1
462 5
463 4
464 1
465 2
466 8
467 9
468 8
469 4
470 5
471 6
472 5
473 2
474 4
475 7
476 4
477 5
478 10
479 5
480 9
481 4
482 1
483 4
484 7
485 9
486 1
487 8
488 4
489 5
490 9
491 4
492 8
493 9
494 3
495 4
496 8
497 10
498 9
499 8
