0 3
1 4
2 2
3 7
4 4
5 2
6 6
7 3
8 6
9 4
10 1
11 7
12 4
13 3
14 5
15 1
16 7
17 1
18 3
19 2
20 1
21 6
22 6
23 1
24 2
25 3
26 6
27 5
28 7
29 5
30 3
31 3
32 7
33 1
34 5
35 4
36 1
37 4
38 6
39 1
40 7
41 2
42 7
43 6
44 7
45 7
46 1
47 3
48 2
49 2
50 2
51 7
52 2
53 2
54 5
55 4
56 7
57 2
58 5
59 6
60 5
61 4
62 7
63 6
64 3
65 4
66 4
67 4
68 4
69 7
70 3
71 4
72 6
73 3
74 6
75 7
76 6
77 6
78 2
79 3
80 7
81 2
82 1
83 3
84 2
85 3
86 3
87 5
88 5
89 7
90 2
91 1
92 5
93 2
94 3
95 7
96 2
97 4
98 4
99 7
100 4
101 6
102 2
103 5
104 7
105 3
106 7
107 6
108 7
109 5
110 5
111 2
112 1
113 2
114 5
115 7
116 1
117 1
118 1
119 2
120 4
121 7
122 3
123 4
124 4
125 4
126 3
127 4
128 7
129 3
130 6
131 7
132 4
133 7
134 6
135 7
136 1
137 2
138 2
139 7
140 3
141 7
142 3
143 1
144 5
145 7
146 7
147 6
148 6
149 5
150 6
151 4
152 7
153 6
154 2
155 7
156 3
157 4
158 3
159 6
160 2
161 6
162 2
163 1
164 7
165 3
166 7
167 4
168 7
169 6
170 1
171 6
172 5
173 5
174 2
175 3
176 2
177 1
178 7
179 1
180 5
181 2
182 5
183 4
184 2
185 2
186 6
187 4
188 5
189 2
190 6
191 2
192 1
193 6
194 2
195 1
196 2
197 6
198 2
199 7
200 4
201 7
202 7
203 4
204 4
205 2
206 6
207 7
208 1
209 7
210 7
211 4
212 2
213 7
214 2
215 3
216 1
217 6
218 2
219 7
220 7
221 3
222 4
223 4
224 5
225 7
226 7
227 7
228 1
229 5
230 5
231 1
232 2
233 5
234 1
235 2
236 1
237 2
238 3
239 4
240 2
241 6
242 7
243 3
244 4
245 7
246 5
247 3
248 4
249 4
250 6
251 5
252 1
253 5
254 3
255 6
256 5
257 4
258 4
259 5
260 2
261 4
262 3
263 1
264 2
265 6
266 1
267 4
268 4
269 7
270 2
271 4
272 6
273 5
274 6
275 7
276 4
277 5
278 4
279 4
280 6
281 7
282 2
283 3
284 1
285 1
286 2
287 1
288 7
289 6
290 6
291 2
292 1
293 4
294 3
295 1
296 3
297 3
298 6
299 2
300 3
301 7
302 5
303 3
304 6
305 3
306 6
307 1
308 1
309 6
310 2
311 3
312 2
313 6
314 5
315 2
316 7
317 1
318 5
319 3
320 4
321 2
322 1
323 2
324 4
325 2
326 1
327 4
328 1
329 2
330 6
331 5
332 7
333 4
334 4
335 2
336 7
337 1
338 4
339 5
340 2
341 2
342 3
343 1
344 2
345 2
346 6
347 7
348 1
349 1
350 7
351 2
352 4
353 5
354 7
355 2
356 3
357 4
358 2
359 2
360 1
361 7
362 4
363 5
364 4
365 4
366 1
367 1
368 7
369 5
370 3
371 3
372 5
373 2
374 3
375 2
376 2
377 4
378 2
379 3
380 6
381 7
382 2
383 2
384 3
385 6
386 7
387 6
388 2
389 4
390 2
391 4
392 4
393 4
394 3
395 1
396 7
397 5
398 2
399 5
400 6
401 2
402 2
403 2
404 2
405 5
406 1
407 2
408 5
409 1
410 4
411 4
412 4
413 4
414 7
415 1
416 4
417 7
418 5
419 7
420 4
421 4
422 6
423 6
424 2
425 2
426 4
427 2
428 4
429 7
430 7
431 2
432 2
433 2
434 6
435 2
436 1
437 1
438 2
439 2
440 1
441 1
442 5
443 4
444 6
445 5
446 7
447 7
448 6
449 2
450 7
451 6
452 6
453 7
454 7
455 4
456 2
457 4
458 1
459 1
460 3
461 4
462 3
463 3
464 5
465 5
466 1
467 1
468 7
469 4
470 4
471 1
472 6
473 1
474 3
475 7
476 2
477 6
478 7
479 5
480 2
481 4
482 5
483 7
484 7
485 6
486 2
487 5
488 7
489 5
490 4
491 7
492 3
493 3
494 1
495 2
496 1
497 6
498 4
499 2
500 6
501 7
502 3
503 1
504 7
505 2
506 2
507 1
508 3
509 1
510 4
511 7
512 1
513 4
514 7
515 6
516 1
517 5
518 6
519 4
520 4
521 4
522 7
523 7
524 5
525 7
526 6
527 1
528 7
529 3
530 2
531 4
532 6
533 5
534 1
535 4
536 3
537 1
538 1
539 4
540 4
541 2
542 6
543 5
544 5
545 4
546 4
547 4
548 4
549 2
550 7
551 5
552 2
553 4
554 3
555 2
556 7
557 3
558 7
559 5
560 3
561 5
562 4
563 3
564 7
565 2
566 3
567 5
568 4
569 7
570 4
571 3
572 4
573 4
574 4
575 4
576 1
577 6
578 7
579 7
580 5
581 4
582 2
583 2
584 2
585 4
586 3
587 7
588 3
589 1
590 5
591 7
592 1
593 2
594 1
595 5
596 2
597 1
598 3
599 1
600 2
601 2
602 1
603 1
604 4
605 1
606 3
607 7
608 4
609 6
610 5
611 6
612 2
613 7
614 2
615 2
616 3
617 6
618 2
619 5
620 3
621 2
622 3
623 1
624 3
625 3
626 3
627 4
628 2
629 5
630 2
631 2
632 4
633 5
634 1
635 3
636 6
637 7
638 2
639 3
640 6
641 1
642 5
643 2
644 3
645 4
646 6
647 7
648 2
649 7
650 2
651 7
652 5
653 6
654 2
655 7
656 6
657 7
658 4
659 1
660 2
661 6
662 1
663 5
664 2
665 3
666 4
667 2
668 3
669 2
670 6
671 7
672 3
673 1
674 2
675 2
676 6
677 6
678 7
679 7
680 1
681 2
682 7
683 1
684 7
685 6
686 5
687 2
688 3
689 4
690 6
691 2
692 7
693 4
694 2
695 6
696 3
697 4
698 2
699 7
700 3
701 7
702 2
703 2
704 1
705 3
706 7
707 3
708 2
709 1
710 1
711 4
712 2
713 4
714 1
715 1
716 3
717 6
718 6
719 1
720 2
721 3
722 5
723 2
724 6
725 6
726 2
727 1
728 6
729 5
730 1
731 7
732 7
733 2
734 4
735 2
736 3
737 5
738 4
739 3
740 4
741 7
742 4
743 2
744 5
745 4
746 1
747 3
748 1
749 4
750 2
751 5
752 4
753 5
754 3
755 2
756 6
757 4
758 3
759 1
760 3
761 5
762 1
763 7
764 4
765 3
766 2
767 5
768 2
769 7
770 2
771 6
772 2
773 4
774 6
775 7
776 1
777 5
778 2
779 2
780 1
781 5
782 4
783 5
784 4
785 3
786 2
787 3
788 2
789 1
790 6
791 6
792 4
793 4
794 3
795 3
796 6
797 4
798 2
799 6
800 2
801 7
802 5
803 2
804 6
805 2
806 5
807 2
808 6
809 6
810 7
811 4
812 4
813 4
814 6
815 3
816 5
817 2
818 4
819 4
820 3
821 5
822 4
823 3
824 1
825 4
826 4
827 7
828 2
829 2
830 3
831 2
832 6
833 7
834 6
835 2
836 2
837 3
838 3
839 7
840 3
841 4
842 7
843 3
844 6
845 6
846 6
847 4
848 4
849 4
850 5
851 3
852 6
853 7
854 6
855 4
856 6
857 7
858 5
859 2
860 3
861 5
862 1
863 1
864 3
865 4
866 4
867 7
868 4
869 6
870 2
871 2
872 6
873 2
874 1
875 2
876 7
877 3
878 2
879 3
880 2
881 5
882 3
883 3
884 4
885 4
886 7
887 1
888 2
889 4
890 7
891 2
892 6
893 4
894 4
895 2
896 4
897 3
898 2
899 1
900 2
901 4
902 3
903 1
904 6
905 2
906 1
907 4
908 4
909 1
910 1
911 5
912 1
913 5
914 4
915 4
916 5
917 4
918 1
919 5
920 3
921 7
922 6
923 2
924 2
925 3
926 6
927 1
928 6
929 6
930 2
931 5
932 2
933 5
934 7
935 6
936 3
937 2
938 3
939 2
940 2
941 6
942 4
943 3
944 2
945 4
946 7
947 5
948 5
949 5
950 1
951 7
952 5
953 2
954 7
955 2
956 7
957 3
958 3
959 2
960 6
961 2
962 4
963 1
964 1
965 4
966 2
967 2
968 1
969 6
970 3
971 4
972 5
973 3
974 3
975 3
976 2
977 7
978 4
979 6
980 4
981 7
982 6
983 4
984 7
985 3
986 3
987 5
988 3
989 4
990 2
991 1
992 2
993 6
994 7
995 3
996 7
997 3
998 4
999 2
