0 34
1 107
2 114
3 124
4 16
5 135
6 31
7 130
8 67
9 96
10 98
11 29
12 90
13 23
14 111
15 26
16 137
17 110
18 113
19 61
20 43
21 48
22 136
23 26
24 114
25 106
26 132
27 89
28 2
29 118
30 13
31 60
32 42
33 74
34 9
35 13
36 140
37 127
38 55
39 119
40 17
41 17
42 8
43 6
44 87
45 85
46 113
47 92
48 28
49 63
50 82
51 67
52 133
53 105
54 3
55 13
56 141
57 36
58 38
59 112
60 55
61 14
62 109
63 105
64 25
65 17
66 28
67 75
68 96
69 18
70 121
71 110
72 85
73 27
74 116
75 101
76 133
77 120
78 102
79 94
80 101
81 51
82 25
83 123
84 60
85 124
86 35
87 36
88 55
89 127
90 5
91 15
92 112
93 31
94 133
95 143
96 118
97 123
98 77
99 5
100 119
101 107
102 25
103 96
104 122
105 42
106 23
107 52
108 102
109 15
110 54
111 39
112 108
113 51
114 66
115 78
116 115
117 38
118 6
119 15
120 127
121 94
122 17
123 67
124 100
125 135
126 74
127 145
128 13
129 123
130 124
131 65
132 92
133 68
134 116
135 60
136 95
137 79
138 116
139 79
140 76
141 88
142 89
143 93
144 29
145 140
146 7
147 36
148 60
149 104
150 143
151 15
152 111
153 49
154 63
155 79
156 101
157 122
158 97
159 100
160 29
161 29
162 38
163 123
164 37
165 44
166 118
167 116
168 47
169 22
170 100
171 44
172 97
173 97
174 107
175 12
176 79
177 13
178 49
179 88
180 94
181 20
182 54
183 60
184 13
185 83
186 124
187 13
188 53
189 136
190 89
191 111
192 29
193 22
194 121
195 95
196 98
197 64
198 78
199 93
200 40
201 7
202 110
203 130
204 72
205 107
206 57
207 95
208 82
209 78
210 52
211 108
212 131
213 144
214 95
215 62
216 40
217 118
218 143
219 114
220 115
221 71
222 116
223 4
224 10
225 94
226 136
227 127
228 19
229 25
230 20
231 72
232 23
233 122
234 113
235 1
236 67
237 98
238 102
239 104
240 135
241 29
242 34
243 137
244 29
245 30
246 53
247 8
248 137
249 84
250 43
251 77
252 32
253 15
254 73
255 105
256 20
257 31
258 141
259 24
260 10
261 119
262 90
263 136
264 27
265 76
266 111
267 90
268 135
269 97
270 134
271 57
272 99
273 120
274 52
275 82
276 35
277 47
278 23
279 11
280 127
281 116
282 85
283 85
284 112
285 15
286 145
287 37
288 8
289 13
290 63
291 62
292 43
293 19
294 4
295 71
296 39
297 40
298 65
299 122
300 130
301 65
302 87
303 31
304 129
305 145
306 115
307 125
308 144
309 17
310 122
311 31
312 27
313 11
314 95
315 124
316 124
317 53
318 113
319 23
320 99
321 114
322 29
323 26
324 43
325 99
326 64
327 67
328 112
329 138
330 96
331 32
332 41
333 83
334 33
335 127
336 46
337 20
338 76
339 131
340 104
341 92
342 139
343 16
344 43
345 69
346 125
347 24
348 73
349 68
350 106
351 28
352 47
353 2
354 109
355 2
356 133
357 45
358 76
359 63
360 98
361 123
362 113
363 50
364 3
365 113
366 7
367 136
368 63
369 141
370 93
371 53
372 27
373 50
374 13
375 67
376 111
377 94
378 17
379 26
380 62
381 86
382 95
383 145
384 99
385 67
386 132
387 52
388 122
389 14
390 27
391 56
392 34
393 60
394 114
395 6
396 66
397 75
398 18
399 141
400 118
401 110
402 38
403 37
404 65
405 9
406 110
407 101
408 8
409 33
410 11
411 55
412 139
413 87
414 109
415 114
416 10
417 49
418 134
419 100
420 124
421 141
422 79
423 76
424 130
425 73
426 90
427 30
428 51
429 113
430 145
431 79
432 125
433 109
434 23
435 127
436 83
437 57
438 120
439 27
440 57
441 134
442 145
443 85
444 101
445 91
446 16
447 86
448 132
449 76
450 67
451 6
452 52
453 5
454 59
455 95
456 30
457 88
458 110
459 56
460 60
461 46
462 58
463 114
464 94
465 24
466 15
467 41
468 13
469 28
470 33
471 91
472 29
473 40
474 125
475 69
476 21
477 75
478 138
479 87
480 18
481 97
482 30
483 103
484 66
485 140
486 10
487 12
488 41
489 55
490 145
491 136
492 102
493 106
494 19
495 132
496 142
497 21
498 34
499 96
500 105
501 85
502 34
503 140
504 102
505 135
506 45
507 124
508 116
509 2
510 123
511 83
512 54
513 128
514 1
515 32
516 3
517 91
518 83
519 100
520 6
521 59
522 42
523 41
524 118
525 114
526 30
527 109
528 114
529 134
530 92
531 13
532 104
533 39
534 134
535 32
536 13
537 8
538 81
539 60
540 11
541 121
542 12
543 129
544 35
545 112
546 119
547 16
548 42
549 41
550 55
551 40
552 118
553 118
554 118
555 12
556 99
557 23
558 131
559 30
560 144
561 129
562 102
563 48
564 8
565 19
566 140
567 65
568 105
569 74
570 133
571 123
572 62
573 25
574 133
575 32
576 27
577 122
578 35
579 98
580 18
581 88
582 140
583 60
584 8
585 135
586 59
587 28
588 47
589 12
590 61
591 58
592 73
593 21
594 49
595 131
596 38
597 1
598 115
599 144
600 68
601 44
602 39
603 3
604 127
605 119
606 92
607 85
608 122
609 95
610 128
611 45
612 13
613 11
614 130
615 88
616 69
617 98
618 74
619 13
620 6
621 63
622 34
623 34
624 43
625 7
626 97
627 110
628 82
629 42
630 109
631 10
632 3
633 18
634 129
635 54
636 82
637 83
638 27
639 20
640 88
641 129
642 119
643 50
644 141
645 71
646 76
647 22
648 124
649 46
650 77
651 70
652 30
653 12
654 135
655 101
656 32
657 9
658 120
659 24
660 79
661 118
662 23
663 100
664 142
665 141
666 18
667 130
668 7
669 44
670 74
671 29
672 144
673 135
674 57
675 141
676 60
677 123
678 103
679 31
680 91
681 39
682 11
683 41
684 142
685 40
686 87
687 93
688 129
689 9
690 109
691 11
692 19
693 81
694 91
695 78
696 116
697 120
698 106
699 112
700 143
701 82
702 84
703 74
704 33
705 102
706 143
707 108
708 124
709 19
710 11
711 6
712 125
713 143
714 90
715 113
716 77
717 83
718 51
719 9
720 46
721 20
722 5
723 43
724 140
725 120
726 48
727 96
728 32
729 15
730 130
731 129
732 28
733 125
734 32
735 17
736 1
737 116
738 72
739 83
740 112
741 79
742 57
743 144
744 47
745 131
746 82
747 47
748 115
749 126
750 26
751 26
752 30
753 92
754 80
755 27
756 20
757 68
758 31
759 119
760 47
761 2
762 40
763 103
764 64
765 37
766 2
767 126
768 75
769 131
770 70
771 4
772 124
773 100
774 16
775 54
776 101
777 124
778 81
779 63
780 97
781 30
782 67
783 36
784 91
785 43
786 49
787 33
788 1
789 39
790 39
791 14
792 5
793 141
794 92
795 67
796 25
797 110
798 78
799 81
800 104
801 29
802 60
803 131
804 31
805 109
806 86
807 70
808 18
809 123
810 62
811 52
812 55
813 109
814 49
815 125
816 62
817 144
818 1
819 30
820 138
821 124
822 3
823 26
824 35
825 145
826 70
827 119
828 128
829 116
830 45
831 115
832 98
833 9
834 24
835 126
836 22
837 53
838 4
839 106
840 117
841 26
842 89
843 74
844 114
845 67
846 96
847 143
848 141
849 56
850 115
851 141
852 143
853 121
854 55
855 39
856 67
857 80
858 91
859 16
860 136
861 42
862 71
863 38
864 84
865 56
866 143
867 75
868 38
869 37
870 10
871 117
872 31
873 145
874 83
875 4
876 72
877 136
878 4
879 95
880 52
881 32
882 38
883 14
884 78
885 60
886 73
887 38
888 50
889 54
890 42
891 120
892 7
893 11
894 8
895 41
896 135
897 2
898 9
899 69
900 23
901 79
902 3
903 72
904 129
905 114
906 126
907 127
908 55
909 129
910 45
911 52
912 112
913 60
914 48
915 59
916 144
917 38
918 15
919 118
920 5
921 27
922 104
923 45
924 37
925 77
926 128
927 116
928 10
929 97
930 14
931 130
932 98
933 111
934 55
935 42
936 72
937 35
938 95
939 102
940 41
941 56
942 143
943 123
944 114
945 57
946 139
947 30
948 49
949 87
950 43
951 120
952 32
953 142
954 87
955 37
956 132
957 135
958 137
959 88
960 115
961 138
962 48
963 31
964 86
965 52
966 18
967 59
968 22
969 91
970 2
971 63
972 18
973 21
974 66
975 102
976 61
977 20
978 19
979 114
980 57
981 75
982 28
983 119
984 33
985 131
986 2
987 30
988 37
989 72
990 62
991 88
992 49
993 27
994 47
995 36
996 127
997 116
998 142
999 139
1000 127
1001 91
1002 142
1003 8
1004 17
1005 38
1006 91
1007 69
1008 57
1009 59
1010 120
1011 143
1012 132
1013 41
1014 102
1015 28
1016 68
1017 8
1018 101
1019 118
1020 45
1021 48
1022 64
1023 78
1024 145
1025 113
1026 127
1027 7
1028 47
1029 79
1030 55
1031 42
1032 98
1033 28
1034 115
1035 27
1036 82
1037 7
1038 70
1039 109
1040 129
1041 121
1042 134
1043 78
1044 5
1045 6
1046 91
1047 97
1048 67
1049 67
1050 34
1051 50
1052 140
1053 122
1054 58
1055 138
1056 41
1057 73
1058 125
1059 44
1060 23
1061 47
1062 102
1063 35
1064 10
1065 65
1066 122
1067 53
1068 64
1069 78
1070 145
1071 102
1072 62
1073 94
1074 137
1075 18
1076 128
1077 34
1078 38
1079 120
1080 131
1081 38
1082 17
1083 30
1084 131
1085 140
1086 116
1087 19
1088 101
1089 25
1090 98
1091 38
1092 127
1093 17
1094 124
1095 144
1096 35
1097 121
1098 62
1099 46
1100 28
1101 109
1102 86
1103 46
1104 20
1105 122
1106 78
1107 67
1108 41
1109 113
1110 74
1111 40
1112 125
1113 62
1114 25
1115 113
1116 76
1117 73
1118 127
1119 29
1120 126
1121 59
1122 90
1123 111
1124 133
1125 134
1126 102
1127 134
1128 42
1129 80
1130 110
1131 123
1132 118
1133 103
1134 13
1135 71
1136 57
1137 2
1138 72
1139 136
1140 98
1141 103
1142 21
1143 107
1144 40
1145 129
1146 98
1147 66
1148 104
1149 117
1150 145
1151 63
1152 4
1153 142
1154 144
1155 115
1156 128
1157 94
1158 108
1159 105
1160 115
1161 59
1162 140
1163 103
1164 59
1165 96
1166 65
1167 32
1168 96
1169 39
1170 84
1171 136
1172 13
1173 55
1174 3
1175 68
1176 60
1177 1
1178 25
1179 39
1180 34
1181 26
1182 128
1183 69
1184 48
1185 89
1186 66
1187 130
1188 141
1189 79
1190 133
1191 36
1192 98
1193 13
1194 128
1195 69
1196 22
1197 52
1198 47
1199 72
1200 67
1201 11
1202 43
1203 123
1204 2
1205 57
1206 76
1207 22
1208 105
1209 91
1210 68
1211 55
1212 70
1213 135
1214 121
1215 38
1216 135
1217 3
1218 122
1219 40
1220 137
1221 99
1222 120
1223 20
1224 85
1225 28
1226 140
1227 133
1228 132
1229 8
1230 107
1231 24
1232 111
1233 97
1234 134
1235 129
1236 139
1237 143
1238 88
1239 33
1240 83
1241 1
1242 88
1243 120
1244 110
1245 142
1246 87
1247 69
1248 135
1249 140
1250 126
1251 117
1252 59
1253 58
1254 127
1255 30
1256 62
1257 41
1258 81
1259 35
1260 93
1261 81
1262 19
1263 5
1264 83
1265 115
1266 70
1267 135
1268 125
1269 108
1270 53
1271 12
1272 50
1273 73
1274 122
1275 79
1276 137
1277 108
1278 126
1279 13
1280 97
1281 136
1282 95
1283 80
1284 85
1285 8
1286 94
1287 21
1288 19
1289 24
1290 8
1291 129
1292 41
1293 69
1294 57
1295 74
1296 119
1297 43
1298 80
1299 13
1300 77
1301 118
1302 126
1303 107
1304 85
1305 72
1306 35
1307 63
1308 62
1309 109
1310 79
1311 52
1312 92
1313 47
1314 10
1315 124
1316 4
1317 113
1318 27
1319 106
1320 23
1321 108
1322 16
1323 101
1324 136
1325 2
1326 60
1327 86
1328 33
1329 73
1330 33
1331 21
1332 127
1333 12
1334 101
1335 92
1336 19
1337 134
1338 40
1339 6
1340 56
1341 63
1342 22
1343 93
1344 74
1345 135
1346 17
1347 132
1348 19
1349 29
1350 103
1351 145
1352 116
1353 1
1354 17
1355 103
1356 31
1357 130
1358 48
1359 1
1360 21
1361 44
1362 117
1363 57
1364 33
1365 104
1366 83
1367 118
1368 113
1369 120
1370 26
1371 113
1372 57
1373 66
1374 44
1375 5
1376 27
1377 36
1378 43
1379 134
1380 22
1381 76
1382 123
1383 60
1384 124
1385 63
1386 22
1387 19
1388 19
1389 27
1390 33
1391 37
1392 25
1393 1
1394 14
1395 108
1396 125
1397 90
1398 49
1399 69
1400 51
1401 115
1402 52
1403 128
1404 96
1405 113
1406 143
1407 98
1408 46
1409 62
1410 37
1411 19
1412 119
1413 28
1414 140
1415 91
1416 116
1417 82
1418 135
1419 4
1420 113
1421 30
1422 139
1423 128
1424 114
1425 23
1426 57
1427 21
1428 101
1429 13
1430 15
1431 124
1432 104
1433 49
1434 69
1435 78
1436 143
1437 114
1438 2
1439 74
1440 24
1441 121
1442 54
1443 113
1444 82
1445 93
1446 115
1447 99
1448 106
1449 136
1450 75
1451 97
1452 135
1453 93
1454 47
1455 98
1456 123
1457 1
1458 124
1459 23
1460 14
1461 107
1462 145
1463 113
1464 7
1465 18
1466 145
1467 34
1468 112
1469 63
1470 31
1471 82
1472 85
1473 17
1474 84
1475 100
1476 126
1477 29
1478 63
1479 27
1480 8
1481 83
1482 7
1483 70
1484 139
1485 33
1486 44
1487 53
1488 66
1489 26
1490 75
1491 108
1492 18
1493 66
1494 27
1495 35
1496 1
1497 52
1498 68
1499 75
1500 26
1501 116
1502 25
1503 108
1504 10
1505 85
1506 68
1507 19
1508 117
1509 11
1510 124
1511 105
1512 8
1513 5
1514 84
1515 142
1516 94
1517 1
1518 60
1519 13
1520 24
1521 102
1522 39
1523 132
1524 9
1525 45
1526 12
1527 7
1528 89
1529 43
1530 70
1531 98
1532 29
1533 75
1534 134
1535 81
1536 139
1537 54
1538 89
1539 1
1540 141
1541 65
1542 47
1543 65
1544 22
1545 113
1546 39
1547 142
1548 6
1549 143
1550 2
1551 42
1552 70
1553 133
1554 116
1555 29
1556 118
1557 34
1558 53
1559 19
1560 116
1561 86
1562 131
1563 93
1564 57
1565 139
1566 116
1567 73
1568 114
1569 21
1570 51
1571 115
1572 9
1573 85
1574 144
1575 82
1576 9
1577 87
1578 9
1579 73
1580 143
1581 142
1582 126
1583 127
1584 85
1585 19
1586 31
1587 62
1588 134
1589 100
1590 99
1591 124
1592 103
1593 56
1594 123
1595 107
1596 32
1597 53
1598 144
1599 70
1600 29
1601 48
1602 17
1603 123
1604 82
1605 119
1606 97
1607 113
1608 47
1609 132
1610 117
1611 144
1612 19
1613 96
1614 18
1615 63
1616 74
1617 102
1618 59
1619 131
1620 122
1621 4
1622 97
1623 39
1624 5
1625 48
1626 70
1627 123
1628 28
1629 135
1630 131
1631 33
1632 63
1633 39
1634 126
1635 137
1636 107
1637 5
1638 38
1639 122
1640 77
1641 75
1642 46
1643 58
1644 62
1645 97
1646 74
1647 144
1648 74
1649 1
1650 82
1651 115
1652 135
1653 113
1654 29
1655 98
1656 43
1657 134
1658 34
1659 115
1660 94
1661 2
1662 124
1663 114
1664 110
1665 60
1666 131
1667 17
1668 24
1669 10
1670 126
1671 115
1672 138
1673 131
1674 89
1675 137
1676 72
1677 139
1678 13
1679 118
1680 17
1681 33
1682 101
1683 44
1684 88
1685 70
1686 133
1687 26
1688 50
1689 55
1690 79
1691 105
1692 47
1693 86
1694 66
1695 111
1696 70
1697 81
1698 39
1699 23
1700 17
1701 22
1702 60
1703 91
1704 124
1705 45
1706 106
1707 127
1708 112
1709 120
1710 86
1711 87
1712 74
1713 27
1714 20
1715 26
1716 142
1717 33
1718 86
1719 57
1720 85
1721 72
1722 125
1723 74
1724 25
1725 134
1726 120
1727 52
1728 120
1729 115
1730 44
1731 112
1732 68
1733 43
1734 86
1735 56
1736 61
1737 43
1738 117
1739 34
1740 141
1741 31
1742 97
1743 44
1744 13
1745 85
1746 117
1747 116
1748 35
1749 101
1750 125
1751 20
1752 73
1753 18
1754 54
1755 50
1756 127
1757 105
1758 111
1759 116
1760 9
1761 115
1762 140
1763 50
1764 144
1765 134
1766 40
1767 54
1768 61
1769 107
1770 33
1771 90
1772 61
1773 96
1774 1
1775 49
1776 29
1777 116
1778 20
1779 15
1780 19
1781 100
1782 106
1783 106
1784 57
1785 100
1786 19
1787 24
1788 71
1789 119
1790 66
1791 72
1792 142
1793 87
1794 99
1795 79
1796 87
1797 12
1798 61
1799 46
1800 15
1801 14
1802 49
1803 94
1804 79
1805 26
1806 110
1807 24
1808 47
1809 11
1810 144
1811 112
1812 38
1813 13
1814 136
1815 142
1816 32
1817 2
1818 61
1819 72
1820 144
1821 112
1822 4
1823 133
1824 30
1825 68
1826 7
1827 56
1828 93
1829 25
1830 39
1831 9
1832 112
1833 144
1834 73
1835 108
1836 81
1837 96
1838 78
1839 25
1840 128
1841 59
1842 136
1843 64
1844 49
1845 129
1846 20
1847 59
1848 73
1849 66
1850 42
1851 45
1852 91
1853 40
1854 87
1855 11
1856 53
1857 40
1858 26
1859 26
1860 44
1861 85
1862 23
1863 38
1864 48
1865 11
1866 41
1867 58
1868 33
1869 101
1870 98
1871 93
1872 126
1873 91
1874 35
1875 86
1876 105
1877 89
1878 19
1879 11
1880 57
1881 20
1882 13
1883 23
1884 144
1885 3
1886 120
1887 73
1888 65
1889 79
1890 23
1891 46
1892 69
1893 86
1894 144
1895 19
1896 3
1897 59
1898 27
1899 68
1900 115
1901 33
1902 81
1903 137
1904 15
1905 20
1906 138
1907 69
1908 73
1909 131
1910 76
1911 38
1912 56
1913 84
1914 134
1915 42
1916 3
1917 23
1918 87
1919 98
1920 21
1921 120
1922 136
1923 73
1924 117
1925 66
1926 84
1927 50
1928 92
1929 70
1930 25
1931 78
1932 15
1933 48
1934 104
1935 56
1936 97
1937 87
1938 22
1939 4
1940 113
1941 52
1942 66
1943 140
1944 68
1945 143
1946 76
1947 26
1948 69
1949 20
1950 117
1951 10
1952 108
1953 107
1954 3
1955 20
1956 51
1957 56
1958 84
1959 8
1960 123
1961 56
1962 88
1963 138
1964 12
1965 52
1966 13
1967 12
1968 6
1969 116
1970 6
1971 52
1972 15
1973 91
1974 101
1975 3
1976 53
1977 110
1978 48
1979 59
1980 57
1981 116
1982 16
1983 116
1984 70
1985 98
1986 23
1987 80
1988 68
1989 40
1990 34
1991 89
1992 37
1993 80
1994 130
1995 104
1996 104
1997 124
1998 7
1999 137
2000 117
2001 13
2002 39
2003 42
2004 13
2005 68
2006 125
2007 92
2008 74
2009 15
2010 47
2011 29
2012 139
2013 95
2014 63
2015 138
2016 91
2017 34
2018 46
2019 125
2020 90
2021 130
2022 67
2023 130
2024 25
2025 93
2026 21
2027 79
2028 2
2029 44
2030 136
2031 119
2032 137
2033 51
2034 86
2035 39
2036 60
2037 4
2038 122
2039 101
2040 78
2041 145
2042 53
2043 113
2044 124
2045 28
2046 130
2047 64
2048 118
2049 93
2050 100
2051 10
2052 46
2053 101
2054 34
2055 62
2056 12
2057 17
2058 130
2059 20
2060 3
2061 131
2062 108
2063 16
2064 55
2065 1
2066 43
2067 51
2068 109
2069 90
2070 93
2071 121
2072 60
2073 68
2074 88
2075 34
2076 131
2077 82
2078 116
2079 132
2080 70
2081 53
2082 28
2083 71
2084 25
2085 10
2086 36
2087 110
2088 38
2089 49
2090 28
2091 145
2092 67
2093 108
2094 75
2095 11
2096 48
2097 135
2098 4
2099 83
2100 73
2101 99
2102 69
2103 122
2104 41
2105 37
2106 22
2107 140
2108 86
2109 22
2110 6
2111 90
2112 28
2113 84
2114 47
2115 52
2116 32
2117 65
2118 34
2119 98
2120 105
2121 75
2122 20
2123 80
2124 104
2125 102
2126 6
2127 32
2128 136
2129 116
2130 62
2131 127
2132 65
2133 18
2134 20
2135 136
2136 57
2137 111
2138 95
2139 113
2140 23
2141 124
2142 103
2143 124
2144 2
2145 24
2146 20
2147 81
2148 34
2149 4
2150 143
2151 54
2152 35
2153 122
2154 56
2155 142
2156 34
2157 108
2158 137
2159 64
2160 21
2161 112
2162 8
2163 102
2164 55
2165 65
2166 140
2167 68
2168 39
2169 87
2170 116
2171 128
2172 6
2173 62
2174 76
2175 134
2176 46
2177 32
2178 62
2179 76
2180 32
2181 118
2182 141
2183 133
2184 125
2185 62
2186 15
2187 9
2188 107
2189 116
2190 85
2191 134
2192 56
2193 137
2194 62
2195 79
2196 54
2197 124
2198 90
2199 61
2200 60
2201 109
2202 86
2203 142
2204 57
2205 104
2206 136
2207 5
2208 14
2209 19
2210 83
2211 11
2212 42
2213 73
2214 18
2215 107
2216 125
2217 18
2218 5
2219 107
2220 33
2221 78
2222 2
2223 62
2224 138
2225 126
2226 38
2227 91
2228 14
2229 86
2230 62
2231 123
2232 76
2233 125
2234 128
2235 59
2236 142
2237 66
2238 80
2239 64
2240 4
2241 145
2242 139
2243 50
2244 130
2245 76
2246 67
2247 121
2248 141
2249 60
2250 71
2251 14
2252 13
2253 83
2254 121
2255 105
2256 1
2257 57
2258 49
2259 49
2260 92
2261 9
2262 112
2263 41
2264 129
2265 124
2266 41
2267 105
2268 82
2269 7
2270 111
2271 123
2272 93
2273 63
2274 29
2275 52
2276 48
2277 49
2278 109
2279 5
2280 40
2281 72
2282 11
2283 39
2284 33
2285 72
2286 4
2287 41
2288 50
2289 144
2290 123
2291 110
2292 4
2293 21
2294 138
2295 100
2296 31
2297 15
2298 37
2299 116
2300 30
2301 61
2302 35
2303 119
2304 55
2305 70
2306 98
2307 58
2308 87
2309 29
2310 33
2311 34
2312 35
2313 91
2314 29
2315 91
2316 67
2317 143
2318 95
2319 72
2320 15
2321 62
2322 20
2323 117
2324 90
2325 18
2326 117
2327 8
2328 106
2329 82
2330 114
2331 123
2332 105
2333 39
2334 113
2335 73
2336 66
2337 132
2338 87
2339 98
2340 71
2341 117
2342 68
2343 56
2344 29
2345 66
2346 8
2347 95
2348 73
2349 102
2350 117
2351 9
2352 77
2353 120
2354 58
2355 136
2356 33
2357 51
2358 144
2359 49
2360 38
2361 98
2362 73
2363 30
2364 44
2365 125
2366 77
2367 53
2368 129
2369 89
2370 121
2371 15
2372 113
2373 7
2374 132
2375 57
2376 121
2377 101
2378 8
2379 20
2380 137
2381 94
2382 115
2383 136
2384 122
2385 132
2386 128
2387 115
2388 136
2389 54
2390 57
2391 31
2392 24
2393 91
2394 99
2395 90
2396 67
2397 127
2398 100
2399 107
2400 100
2401 91
2402 116
2403 27
2404 144
2405 72
2406 117
2407 55
2408 63
2409 77
2410 129
2411 131
2412 122
2413 127
2414 42
2415 132
2416 145
2417 12
2418 59
2419 82
2420 8
2421 96
2422 83
2423 74
2424 123
2425 96
2426 97
2427 139
2428 82
2429 116
2430 33
2431 46
2432 129
2433 78
2434 117
2435 98
2436 60
2437 66
2438 137
2439 98
2440 125
2441 89
2442 131
2443 8
2444 145
2445 112
2446 52
2447 77
2448 124
2449 66
2450 56
2451 56
2452 137
2453 45
2454 58
2455 66
2456 49
2457 12
2458 85
2459 14
2460 74
2461 126
2462 17
2463 5
2464 58
2465 132
2466 4
2467 102
2468 27
2469 12
2470 39
2471 105
2472 107
2473 31
2474 52
2475 18
2476 142
2477 122
2478 94
2479 70
2480 31
2481 141
2482 88
2483 145
2484 34
2485 36
2486 6
2487 142
2488 12
2489 69
2490 6
2491 95
2492 19
2493 139
2494 122
2495 83
2496 2
2497 23
2498 103
2499 30
2500 91
2501 65
2502 35
2503 2
2504 20
2505 42
2506 8
2507 113
2508 18
2509 41
2510 121
2511 137
2512 140
2513 14
2514 75
2515 132
2516 123
2517 111
2518 2
2519 23
2520 43
2521 64
2522 68
2523 118
2524 4
2525 81
2526 112
2527 3
2528 124
2529 77
2530 118
2531 27
2532 88
2533 120
2534 101
2535 62
2536 134
2537 75
2538 92
2539 66
2540 41
2541 12
2542 32
2543 39
2544 4
2545 94
2546 14
2547 33
2548 60
2549 57
2550 1
2551 15
2552 143
2553 59
2554 36
2555 15
2556 88
2557 61
2558 20
2559 29
2560 88
2561 36
2562 92
2563 9
2564 41
2565 43
2566 114
2567 5
2568 39
2569 123
2570 31
2571 120
2572 125
2573 80
2574 66
2575 41
2576 115
2577 16
2578 38
2579 130
2580 135
2581 71
2582 123
2583 123
2584 13
2585 130
2586 36
2587 23
2588 105
2589 27
2590 15
2591 15
2592 139
2593 128
2594 110
2595 125
2596 45
2597 56
2598 43
2599 75
2600 103
2601 141
2602 30
2603 35
2604 45
2605 8
2606 120
2607 97
2608 131
2609 90
2610 45
2611 29
2612 22
2613 85
2614 103
2615 12
2616 10
2617 20
2618 114
2619 10
2620 50
2621 102
2622 141
2623 82
2624 84
2625 50
2626 86
2627 61
2628 141
2629 25
2630 4
2631 48
2632 85
2633 82
2634 127
2635 86
2636 43
2637 64
2638 122
2639 62
2640 124
2641 120
2642 117
2643 57
2644 10
2645 23
2646 93
2647 128
2648 135
2649 35
2650 33
2651 31
2652 79
2653 102
2654 119
2655 36
2656 65
2657 121
2658 32
2659 20
2660 143
2661 62
2662 133
2663 43
2664 121
2665 144
2666 116
2667 83
2668 71
2669 53
2670 51
2671 129
2672 70
2673 4
2674 93
2675 61
2676 80
2677 57
2678 41
2679 141
2680 145
2681 81
2682 82
2683 98
2684 20
2685 110
2686 122
2687 47
2688 61
2689 105
2690 2
2691 14
2692 52
2693 98
2694 123
2695 42
2696 137
2697 115
2698 85
2699 105
2700 79
2701 125
2702 118
2703 24
2704 110
2705 50
2706 99
2707 73
2708 90
2709 67
2710 91
2711 91
2712 41
2713 71
2714 18
2715 107
2716 41
2717 48
2718 20
2719 17
2720 133
2721 62
2722 20
2723 25
2724 141
2725 103
2726 108
2727 96
2728 112
2729 58
2730 32
2731 49
2732 51
2733 44
2734 54
2735 42
2736 119
2737 47
2738 73
2739 120
2740 56
2741 106
2742 78
2743 116
2744 1
2745 3
2746 114
2747 77
2748 57
2749 99
2750 134
2751 134
2752 12
2753 86
2754 131
2755 50
2756 112
2757 46
2758 84
2759 96
2760 104
2761 61
2762 98
2763 112
2764 118
2765 87
2766 87
2767 36
2768 125
2769 28
2770 105
2771 3
2772 36
2773 119
2774 1
2775 84
2776 125
2777 5
2778 107
2779 10
2780 136
2781 125
2782 102
2783 126
2784 104
2785 87
2786 93
2787 70
2788 5
2789 104
2790 121
2791 10
2792 52
2793 104
2794 53
2795 100
2796 23
2797 21
2798 136
2799 143
2800 80
2801 7
2802 130
2803 54
2804 111
2805 113
2806 90
2807 26
2808 94
2809 58
2810 17
2811 38
2812 17
2813 123
2814 126
2815 86
2816 12
2817 40
2818 15
2819 72
2820 55
2821 114
2822 104
2823 104
2824 108
2825 100
2826 99
2827 93
2828 37
2829 52
2830 122
2831 106
2832 58
2833 75
2834 8
2835 35
2836 108
2837 82
2838 39
2839 70
2840 14
2841 106
2842 12
2843 113
2844 47
2845 127
2846 32
2847 96
2848 8
2849 97
2850 46
2851 123
2852 46
2853 78
2854 36
2855 12
2856 35
2857 136
2858 35
2859 32
2860 29
2861 15
2862 81
2863 45
2864 141
2865 54
2866 79
2867 71
2868 68
2869 70
2870 143
2871 47
2872 122
2873 82
2874 14
2875 14
2876 41
2877 76
2878 16
2879 83
2880 45
2881 31
2882 47
2883 131
2884 46
2885 13
2886 121
2887 62
2888 44
2889 70
2890 59
2891 34
2892 115
2893 74
2894 52
2895 72
2896 29
2897 115
2898 17
2899 79
2900 105
2901 83
2902 120
2903 138
2904 44
2905 72
2906 39
2907 17
2908 41
2909 60
2910 77
2911 26
2912 13
2913 109
2914 36
2915 78
2916 54
2917 14
2918 122
2919 16
2920 143
2921 103
2922 144
2923 96
2924 100
2925 34
2926 45
2927 79
2928 64
2929 37
2930 145
2931 45
2932 15
2933 38
2934 21
2935 31
2936 14
2937 135
2938 43
2939 34
2940 95
2941 62
2942 12
2943 56
2944 75
2945 87
2946 64
2947 123
2948 96
2949 67
2950 23
2951 31
2952 76
2953 5
2954 144
2955 48
2956 118
2957 92
2958 91
2959 93
2960 24
2961 15
2962 35
2963 52
2964 98
2965 1
2966 58
2967 55
2968 115
2969 38
2970 87
2971 76
2972 86
2973 41
2974 15
2975 121
2976 12
2977 31
2978 107
2979 43
2980 36
2981 70
2982 76
2983 24
2984 17
2985 120
2986 145
2987 62
2988 20
2989 7
2990 31
2991 14
2992 83
2993 76
2994 74
2995 66
2996 90
2997 135
2998 51
2999 145
3000 118
3001 106
3002 98
3003 39
3004 43
3005 99
3006 108
3007 45
3008 62
3009 95
3010 121
3011 5
3012 5
3013 57
3014 105
3015 6
3016 122
3017 36
3018 120
3019 6
3020 108
3021 38
3022 14
3023 25
3024 144
3025 63
3026 2
3027 51
3028 97
3029 114
3030 121
3031 137
3032 132
3033 141
3034 96
3035 12
3036 44
3037 80
3038 102
3039 30
3040 109
3041 144
3042 106
3043 82
3044 128
3045 19
3046 110
3047 46
3048 20
3049 79
3050 82
3051 90
3052 112
3053 116
3054 99
3055 139
3056 100
3057 139
3058 123
3059 87
3060 2
3061 48
3062 26
3063 68
3064 18
3065 101
3066 82
3067 21
3068 60
3069 34
3070 68
3071 122
3072 115
3073 104
3074 97
3075 134
3076 8
3077 2
3078 109
3079 75
3080 5
3081 138
3082 103
3083 138
3084 133
3085 58
3086 138
3087 78
3088 102
3089 133
3090 5
3091 61
3092 13
3093 118
3094 1
3095 41
3096 31
3097 19
3098 24
3099 112
3100 107
3101 62
3102 29
3103 49
3104 10
3105 72
3106 83
3107 94
3108 76
3109 74
3110 62
3111 46
3112 34
3113 16
3114 127
3115 82
3116 106
3117 74
3118 125
3119 140
3120 91
3121 128
3122 116
3123 3
3124 35
3125 144
3126 123
3127 52
3128 134
3129 140
3130 145
3131 136
3132 11
3133 79
3134 126
3135 50
3136 10
3137 34
3138 16
3139 76
3140 84
3141 99
3142 73
3143 23
3144 34
3145 9
3146 26
3147 51
3148 67
3149 3
3150 78
3151 13
3152 121
3153 1
3154 123
3155 134
3156 34
3157 13
3158 105
3159 128
3160 118
3161 129
3162 32
3163 98
3164 103
3165 112
3166 3
3167 8
3168 77
3169 58
3170 33
3171 101
3172 1
3173 39
3174 1
3175 138
3176 123
3177 46
3178 27
3179 98
3180 38
3181 58
3182 139
3183 74
3184 38
3185 64
3186 116
3187 116
3188 8
3189 5
3190 129
3191 129
3192 1
3193 60
3194 131
3195 106
3196 13
3197 41
3198 74
3199 56
3200 75
3201 8
3202 140
3203 95
3204 119
3205 124
3206 61
3207 34
3208 143
3209 33
3210 19
3211 17
3212 88
3213 9
3214 18
3215 41
3216 45
3217 12
3218 7
3219 38
3220 83
3221 119
3222 70
3223 13
3224 13
3225 73
3226 123
3227 119
3228 8
3229 66
3230 66
3231 13
3232 123
3233 113
3234 53
3235 78
3236 129
3237 34
3238 91
3239 107
3240 128
3241 31
3242 120
3243 76
3244 12
3245 39
3246 107
3247 122
3248 140
3249 1
3250 120
3251 124
3252 112
3253 119
3254 98
3255 121
3256 8
3257 75
3258 43
3259 101
3260 130
3261 11
3262 110
3263 141
3264 110
3265 19
3266 122
3267 95
3268 40
3269 71
3270 125
3271 90
3272 68
3273 19
3274 8
3275 34
3276 118
3277 100
3278 130
3279 26
3280 43
3281 90
3282 17
3283 28
3284 19
3285 11
3286 137
3287 115
3288 26
3289 142
3290 144
3291 132
3292 142
3293 107
3294 5
3295 100
3296 100
3297 76
3298 97
3299 124
3300 72
3301 47
3302 69
3303 65
3304 128
3305 90
3306 87
3307 46
3308 141
3309 116
3310 99
3311 28
3312 101
3313 115
3314 135
3315 6
3316 67
3317 46
3318 111
3319 74
3320 47
3321 51
3322 67
3323 34
3324 21
3325 106
3326 99
3327 62
3328 67
3329 37
3330 100
3331 141
3332 22
3333 8
3334 75
3335 112
3336 62
3337 62
3338 10
3339 37
3340 103
3341 77
3342 56
3343 73
3344 1
3345 96
3346 53
3347 73
3348 127
3349 5
3350 102
3351 142
3352 19
3353 102
3354 141
3355 107
3356 45
3357 16
3358 115
3359 83
3360 104
3361 7
3362 4
3363 100
3364 142
3365 133
3366 110
3367 87
3368 23
3369 88
3370 76
3371 140
3372 16
3373 136
3374 18
3375 110
3376 7
3377 69
3378 68
3379 75
3380 14
3381 82
3382 29
3383 94
3384 55
3385 29
3386 78
3387 99
3388 76
3389 120
3390 83
3391 94
3392 71
3393 21
3394 135
3395 70
3396 75
3397 67
3398 81
3399 98
3400 117
3401 128
3402 120
3403 63
3404 130
3405 58
3406 89
3407 44
3408 104
3409 51
3410 133
3411 59
3412 37
3413 53
3414 21
3415 127
3416 142
3417 66
3418 15
3419 91
3420 97
3421 6
3422 1
3423 5
3424 84
3425 76
3426 4
3427 54
3428 16
3429 66
3430 56
3431 17
3432 33
3433 92
3434 40
3435 38
3436 102
3437 119
3438 94
3439 125
3440 43
3441 5
3442 73
3443 45
3444 86
3445 74
3446 25
3447 137
3448 76
3449 62
3450 28
3451 125
3452 65
3453 36
3454 53
3455 3
3456 33
3457 111
3458 52
3459 116
3460 33
3461 100
3462 111
3463 51
3464 10
3465 31
3466 59
3467 14
3468 116
3469 122
3470 113
3471 19
3472 64
3473 77
3474 127
3475 121
3476 8
3477 63
3478 63
3479 52
3480 129
3481 10
3482 92
3483 16
3484 50
3485 33
3486 124
3487 136
3488 49
3489 28
3490 81
3491 67
3492 130
3493 43
3494 89
3495 68
3496 92
3497 107
3498 39
3499 63
3500 26
3501 69
3502 133
3503 2
3504 30
3505 29
3506 85
3507 43
3508 107
3509 38
3510 47
3511 24
3512 90
3513 19
3514 38
3515 127
3516 73
3517 91
3518 18
3519 106
3520 23
3521 121
3522 138
3523 135
3524 66
3525 57
3526 19
3527 16
3528 26
3529 38
3530 118
3531 91
3532 20
3533 2
3534 31
3535 96
3536 107
3537 116
3538 38
3539 59
3540 125
3541 128
3542 69
3543 42
3544 111
3545 2
3546 135
3547 56
3548 68
3549 22
3550 22
3551 12
3552 4
3553 133
3554 104
3555 87
3556 29
3557 60
3558 89
3559 140
3560 34
3561 37
3562 83
3563 139
3564 6
3565 16
3566 88
3567 26
3568 85
3569 134
3570 60
3571 119
3572 99
3573 107
3574 101
3575 58
3576 88
3577 51
3578 92
3579 138
3580 89
3581 32
3582 9
3583 84
3584 2
3585 46
3586 124
3587 4
3588 64
3589 26
3590 58
3591 94
3592 45
3593 112
3594 7
3595 1
3596 46
3597 143
3598 31
3599 25
3600 22
3601 127
3602 98
3603 32
3604 9
3605 49
3606 58
3607 29
3608 118
3609 63
3610 27
3611 41
3612 72
3613 118
3614 20
3615 32
3616 124
3617 5
3618 139
3619 15
3620 130
3621 24
3622 7
3623 8
3624 43
3625 31
3626 98
3627 97
3628 77
3629 36
3630 19
3631 120
3632 96
3633 91
3634 99
3635 74
3636 116
3637 75
3638 2
3639 81
3640 111
3641 38
3642 67
3643 121
3644 38
3645 5
3646 134
3647 84
3648 72
3649 21
3650 35
3651 19
3652 50
3653 23
3654 6
3655 43
3656 34
3657 42
3658 98
3659 90
3660 1
3661 33
3662 120
3663 104
3664 56
3665 79
3666 55
3667 144
3668 23
3669 68
3670 99
3671 109
3672 71
3673 39
3674 143
3675 111
3676 77
3677 58
3678 42
3679 6
3680 126
3681 38
3682 144
3683 66
3684 60
3685 80
3686 57
3687 51
3688 64
3689 27
3690 57
3691 135
3692 122
3693 103
3694 8
3695 73
3696 126
3697 59
3698 84
3699 135
3700 127
3701 14
3702 35
3703 111
3704 124
3705 77
3706 36
3707 73
3708 17
3709 20
3710 10
3711 99
3712 18
3713 39
3714 127
3715 13
3716 77
3717 16
3718 110
3719 128
3720 125
3721 32
3722 48
3723 47
3724 37
3725 110
3726 134
3727 25
3728 113
3729 56
3730 49
3731 121
3732 132
3733 123
3734 87
3735 114
3736 125
3737 133
3738 122
3739 10
3740 60
3741 60
3742 13
3743 125
3744 118
3745 118
3746 49
3747 37
3748 6
3749 127
3750 145
3751 67
3752 52
3753 1
3754 120
3755 31
3756 116
3757 21
3758 99
3759 22
3760 15
3761 60
3762 117
3763 111
3764 67
3765 34
3766 65
3767 72
3768 34
3769 52
3770 58
3771 67
3772 118
3773 118
3774 41
3775 35
3776 7
3777 80
3778 134
3779 69
3780 107
3781 121
3782 43
3783 110
3784 81
3785 8
3786 60
3787 120
3788 73
3789 88
3790 52
3791 64
3792 61
3793 127
3794 35
3795 81
3796 84
3797 33
3798 3
3799 139
3800 107
3801 45
3802 89
3803 59
3804 76
3805 37
3806 5
3807 82
3808 109
3809 18
3810 124
3811 91
3812 105
3813 120
3814 49
3815 12
3816 43
3817 70
3818 100
3819 109
3820 13
3821 31
3822 105
3823 98
3824 129
3825 18
3826 83
3827 27
3828 26
3829 139
3830 109
3831 80
3832 36
3833 61
3834 39
3835 119
3836 103
3837 70
3838 79
3839 55
3840 82
3841 104
3842 138
3843 75
3844 44
3845 75
3846 116
3847 78
3848 114
3849 131
3850 26
3851 116
3852 141
3853 145
3854 145
3855 53
3856 83
3857 31
3858 52
3859 87
3860 93
3861 43
3862 88
3863 88
3864 7
3865 30
3866 102
3867 11
3868 12
3869 135
3870 41
3871 70
3872 41
3873 61
3874 69
3875 29
3876 129
3877 140
3878 23
3879 23
3880 60
3881 70
3882 72
3883 33
3884 15
3885 70
3886 1
3887 81
3888 56
3889 121
3890 77
3891 15
3892 70
3893 17
3894 85
3895 36
3896 82
3897 24
3898 39
3899 42
3900 76
3901 36
3902 96
3903 42
3904 6
3905 106
3906 28
3907 2
3908 140
3909 54
3910 17
3911 58
3912 47
3913 23
3914 101
3915 122
3916 116
3917 93
3918 101
3919 2
3920 72
3921 35
3922 5
3923 126
3924 35
3925 5
3926 19
3927 58
3928 43
3929 14
3930 99
3931 25
3932 124
3933 43
3934 37
3935 60
3936 119
3937 115
3938 66
3939 81
3940 64
3941 84
3942 84
3943 113
3944 121
3945 30
3946 140
3947 120
3948 40
3949 117
3950 94
3951 90
3952 30
3953 139
3954 120
3955 14
3956 61
3957 25
3958 143
3959 74
3960 24
3961 63
3962 67
3963 79
3964 134
3965 89
3966 121
3967 58
3968 9
3969 35
3970 74
3971 57
3972 123
3973 122
3974 62
3975 51
3976 129
3977 145
3978 114
3979 14
3980 111
3981 4
3982 116
3983 81
3984 117
3985 77
3986 79
3987 41
3988 140
3989 15
3990 137
3991 6
3992 87
3993 106
3994 125
3995 60
3996 102
3997 124
3998 63
3999 20
4000 18
4001 130
4002 53
4003 48
4004 105
4005 25
4006 120
4007 24
4008 75
4009 1
4010 91
4011 109
4012 84
4013 82
4014 14
4015 35
4016 16
4017 53
4018 60
4019 57
4020 29
4021 66
4022 107
4023 99
4024 15
4025 111
4026 76
4027 25
4028 46
4029 22
4030 91
4031 129
4032 129
4033 82
4034 114
4035 2
4036 61
4037 34
4038 30
4039 35
4040 83
4041 128
4042 76
4043 85
4044 143
4045 78
4046 53
4047 98
4048 74
4049 44
4050 28
4051 97
4052 5
4053 14
4054 15
4055 19
4056 117
4057 58
4058 34
4059 84
4060 88
4061 39
4062 80
4063 124
4064 52
4065 99
4066 90
4067 48
4068 16
4069 63
4070 7
4071 7
4072 67
4073 23
4074 39
4075 87
4076 103
4077 89
4078 29
4079 50
4080 9
4081 108
4082 94
4083 57
4084 19
4085 62
4086 133
4087 8
4088 141
4089 54
4090 23
4091 138
4092 19
4093 75
4094 45
4095 83
4096 140
4097 1
4098 16
4099 118
4100 91
4101 118
4102 88
4103 20
4104 118
4105 108
4106 118
4107 119
4108 66
4109 70
4110 67
4111 132
4112 126
4113 122
4114 6
4115 93
4116 26
4117 10
4118 57
4119 68
4120 22
4121 75
4122 111
4123 84
4124 13
4125 114
4126 142
4127 23
4128 21
4129 135
4130 62
4131 68
4132 92
4133 81
4134 130
4135 68
4136 19
4137 2
4138 38
4139 86
4140 111
4141 89
4142 126
4143 116
4144 2
4145 32
4146 35
4147 129
4148 72
4149 64
4150 45
4151 88
4152 29
4153 119
4154 71
4155 25
4156 109
4157 104
4158 55
4159 13
4160 63
4161 115
4162 72
4163 90
4164 66
4165 96
4166 142
4167 109
4168 17
4169 20
4170 132
4171 106
4172 28
4173 15
4174 63
4175 81
4176 96
4177 122
4178 27
4179 78
4180 142
4181 121
4182 97
4183 138
4184 55
4185 22
4186 1
4187 27
4188 81
4189 15
4190 138
4191 20
4192 33
4193 110
4194 95
4195 109
4196 41
4197 82
4198 8
4199 69
4200 83
4201 28
4202 7
4203 14
4204 141
4205 78
4206 44
4207 2
4208 110
4209 102
4210 21
4211 41
4212 15
4213 10
4214 132
4215 46
4216 1
4217 48
4218 14
4219 85
4220 124
4221 12
4222 30
4223 76
4224 5
4225 122
4226 70
4227 53
4228 61
4229 133
4230 63
4231 116
4232 9
4233 139
4234 82
4235 38
4236 144
4237 16
4238 115
4239 75
4240 7
4241 1
4242 98
4243 145
4244 11
4245 1
4246 62
4247 74
4248 88
4249 122
4250 112
4251 91
4252 139
4253 59
4254 90
4255 131
4256 43
4257 101
4258 98
4259 133
4260 106
4261 135
4262 135
4263 101
4264 75
4265 13
4266 12
4267 143
4268 107
4269 108
4270 89
4271 89
4272 112
4273 121
4274 62
4275 10
4276 63
4277 52
4278 106
4279 88
4280 105
4281 138
4282 118
4283 74
4284 92
4285 39
4286 91
4287 103
4288 132
4289 10
4290 94
4291 127
4292 136
4293 18
4294 79
4295 99
4296 75
4297 60
4298 2
4299 54
4300 26
4301 127
4302 20
4303 94
4304 19
4305 139
4306 81
4307 29
4308 145
4309 3
4310 74
4311 103
4312 108
4313 20
4314 121
4315 16
4316 142
4317 43
4318 48
4319 56
4320 112
4321 10
4322 123
4323 78
4324 115
4325 8
4326 59
4327 54
4328 67
4329 121
4330 66
4331 4
4332 124
4333 79
4334 111
4335 79
4336 106
4337 50
4338 1
4339 121
4340 62
4341 52
4342 25
4343 25
4344 80
4345 28
4346 73
4347 142
4348 143
4349 35
4350 77
4351 106
4352 122
4353 95
4354 35
4355 17
4356 42
4357 118
4358 77
4359 108
4360 21
4361 11
4362 139
4363 123
4364 25
4365 100
4366 29
4367 7
4368 110
4369 87
4370 124
4371 5
4372 98
4373 101
4374 53
4375 77
4376 53
4377 83
4378 121
4379 52
4380 145
4381 108
4382 67
4383 71
4384 6
4385 58
4386 51
4387 121
4388 30
4389 20
4390 59
4391 137
4392 9
4393 20
4394 116
4395 72
4396 1
4397 85
4398 92
4399 88
4400 87
4401 83
4402 108
4403 135
4404 20
4405 38
4406 101
4407 42
4408 52
4409 59
4410 51
4411 22
4412 132
4413 5
4414 88
4415 65
4416 122
4417 71
4418 133
4419 141
4420 44
4421 27
4422 105
4423 15
4424 60
4425 7
4426 66
4427 88
4428 124
4429 118
4430 128
4431 36
4432 99
4433 61
4434 29
4435 42
4436 136
4437 140
4438 99
4439 8
4440 37
4441 87
4442 58
4443 144
4444 116
4445 3
4446 41
4447 5
4448 138
4449 113
4450 75
4451 127
4452 75
4453 1
4454 141
4455 44
4456 62
4457 93
4458 21
4459 53
4460 81
4461 23
4462 122
4463 84
4464 135
4465 143
4466 80
4467 88
4468 92
4469 108
4470 4
4471 104
4472 56
4473 33
4474 42
4475 101
4476 27
4477 120
4478 57
4479 11
4480 140
4481 4
4482 115
4483 38
4484 109
4485 82
4486 15
4487 103
4488 59
4489 109
4490 123
4491 20
4492 64
4493 111
4494 133
4495 141
4496 32
4497 95
4498 46
4499 29
4500 60
4501 9
4502 48
4503 106
4504 116
4505 26
4506 103
4507 94
4508 25
4509 129
4510 86
4511 63
4512 67
4513 81
4514 135
4515 60
4516 120
4517 74
4518 136
4519 38
4520 54
4521 33
4522 74
4523 93
4524 65
4525 101
4526 1
4527 103
4528 123
4529 131
4530 12
4531 110
4532 28
4533 114
4534 129
4535 94
4536 89
4537 62
4538 137
4539 109
4540 17
4541 103
4542 20
4543 15
4544 34
4545 23
4546 131
4547 106
4548 33
4549 83
4550 37
4551 17
4552 119
4553 99
4554 115
4555 47
4556 70
4557 28
4558 139
4559 26
4560 128
4561 113
4562 110
4563 111
4564 96
4565 10
4566 119
4567 5
4568 2
4569 22
4570 96
4571 35
4572 142
4573 122
4574 128
4575 60
4576 42
4577 126
4578 2
4579 41
4580 47
4581 18
4582 142
4583 29
4584 82
4585 82
4586 125
4587 61
4588 96
4589 139
4590 65
4591 5
4592 2
4593 3
4594 66
4595 139
4596 117
4597 9
4598 17
4599 76
4600 131
4601 118
4602 71
4603 44
4604 25
4605 6
4606 31
4607 4
4608 15
4609 67
4610 90
4611 34
4612 35
4613 94
4614 42
4615 122
4616 57
4617 118
4618 101
4619 127
4620 14
4621 78
4622 113
4623 31
4624 96
4625 14
4626 124
4627 137
4628 105
4629 48
4630 20
4631 29
4632 39
4633 115
4634 84
4635 38
4636 110
4637 27
4638 40
4639 101
4640 72
4641 50
4642 123
4643 22
4644 35
4645 102
4646 66
4647 75
4648 17
4649 62
4650 11
4651 29
4652 20
4653 119
4654 129
4655 124
4656 91
4657 25
4658 16
4659 1
4660 15
4661 60
4662 15
4663 84
4664 107
4665 92
4666 66
4667 128
4668 53
4669 141
4670 140
4671 14
4672 26
4673 92
4674 115
4675 114
4676 80
4677 92
4678 109
4679 85
4680 28
4681 73
4682 19
4683 15
4684 21
4685 57
4686 80
4687 52
4688 52
4689 47
4690 122
4691 127
4692 117
4693 27
4694 94
4695 34
4696 71
4697 25
4698 81
4699 133
4700 120
4701 145
4702 18
4703 117
4704 24
4705 68
4706 44
4707 66
4708 138
4709 39
4710 32
4711 30
4712 20
4713 58
4714 123
4715 62
4716 5
4717 119
4718 43
4719 112
4720 80
4721 138
4722 81
4723 130
4724 126
4725 91
4726 81
4727 18
4728 102
4729 85
4730 41
4731 123
4732 73
4733 77
4734 125
4735 111
4736 68
4737 126
4738 101
4739 126
4740 66
4741 31
4742 60
4743 2
4744 72
4745 33
4746 54
4747 97
4748 111
4749 42
4750 91
4751 135
4752 78
4753 63
4754 15
4755 56
4756 123
4757 24
4758 67
4759 1
4760 133
4761 51
4762 83
4763 5
4764 13
4765 106
4766 140
4767 35
4768 64
4769 41
4770 20
4771 20
4772 35
4773 135
4774 35
4775 76
4776 6
4777 15
4778 43
4779 121
4780 52
4781 80
4782 56
4783 33
4784 107
4785 3
4786 4
4787 74
4788 118
4789 78
4790 118
4791 83
4792 133
4793 37
4794 54
4795 145
4796 4
4797 131
4798 63
4799 35
4800 107
4801 44
4802 111
4803 22
4804 15
4805 29
4806 1
4807 133
4808 88
4809 128
4810 105
4811 138
4812 53
4813 41
4814 25
4815 37
4816 50
4817 124
4818 90
4819 110
4820 90
4821 77
4822 64
4823 29
4824 47
4825 53
4826 48
4827 32
4828 142
4829 23
4830 122
4831 81
4832 138
4833 13
4834 122
4835 91
4836 84
4837 91
4838 33
4839 3
4840 142
4841 50
4842 50
4843 127
4844 120
4845 55
4846 57
4847 45
4848 69
4849 113
4850 132
4851 21
4852 61
4853 29
4854 19
4855 87
4856 29
4857 90
4858 63
4859 5
4860 104
4861 96
4862 26
4863 26
4864 32
4865 32
4866 4
4867 18
4868 49
4869 60
4870 39
4871 126
4872 82
4873 88
4874 101
4875 118
4876 47
4877 48
4878 26
4879 114
4880 56
4881 25
4882 103
4883 14
4884 33
4885 129
4886 24
4887 134
4888 18
4889 114
4890 70
4891 144
4892 90
4893 66
4894 61
4895 34
4896 96
4897 40
4898 4
4899 127
4900 47
4901 72
4902 105
4903 131
4904 79
4905 116
4906 1
4907 135
4908 79
4909 72
4910 115
4911 116
4912 84
4913 55
4914 69
4915 122
4916 135
4917 125
4918 105
4919 63
4920 10
4921 144
4922 107
4923 47
4924 136
4925 123
4926 19
4927 60
4928 20
4929 139
4930 43
4931 57
4932 26
4933 44
4934 127
4935 49
4936 103
4937 99
4938 120
4939 50
4940 140
4941 43
4942 83
4943 121
4944 22
4945 78
4946 117
4947 71
4948 19
4949 118
4950 90
4951 56
4952 6
4953 109
4954 28
4955 55
4956 86
4957 123
4958 20
4959 76
4960 115
4961 93
4962 48
4963 67
4964 72
4965 125
4966 51
4967 57
4968 26
4969 40
4970 82
4971 37
4972 100
4973 136
4974 45
4975 30
4976 143
4977 128
4978 99
4979 33
4980 122
4981 5
4982 129
4983 129
4984 22
4985 19
4986 128
4987 23
4988 56
4989 132
4990 112
4991 120
4992 100
4993 13
4994 8
4995 60
4996 116
4997 8
4998 1
4999 74
5000 110
5001 93
5002 10
5003 31
5004 69
5005 86
5006 121
5007 72
5008 93
5009 10
5010 14
5011 73
5012 48
5013 115
5014 143
5015 127
5016 36
5017 67
5018 38
5019 75
5020 20
5021 60
5022 57
5023 30
5024 53
5025 145
5026 30
5027 79
5028 34
5029 82
5030 12
5031 120
5032 45
5033 17
5034 46
5035 14
5036 81
5037 98
5038 137
5039 66
5040 88
5041 62
5042 103
5043 35
5044 127
5045 142
5046 74
5047 102
5048 54
5049 109
5050 95
5051 30
5052 41
5053 40
5054 141
5055 46
5056 112
5057 44
5058 101
5059 44
5060 41
5061 26
5062 9
5063 117
5064 118
5065 121
5066 73
5067 64
5068 104
5069 135
5070 82
5071 46
5072 143
5073 6
5074 51
5075 12
5076 100
5077 144
5078 135
5079 143
5080 145
5081 11
5082 105
5083 85
5084 30
5085 101
5086 141
5087 42
5088 111
5089 60
5090 36
5091 24
5092 4
5093 30
5094 130
5095 135
5096 77
5097 36
5098 51
5099 8
5100 94
5101 75
5102 138
5103 40
5104 87
5105 36
5106 144
5107 116
5108 119
5109 58
5110 55
5111 124
5112 90
5113 33
5114 136
5115 61
5116 67
5117 134
5118 138
5119 136
5120 127
5121 15
5122 128
5123 35
5124 104
5125 27
5126 113
5127 66
5128 137
5129 27
5130 21
5131 129
5132 33
5133 117
5134 48
5135 86
5136 52
5137 109
5138 2
5139 142
5140 13
5141 114
5142 142
5143 2
5144 95
5145 29
5146 5
5147 113
5148 133
5149 46
5150 55
5151 40
5152 133
5153 37
5154 77
5155 44
5156 137
5157 28
5158 47
5159 44
5160 3
5161 77
5162 18
5163 92
5164 123
5165 143
5166 114
5167 86
5168 41
5169 140
5170 68
5171 106
5172 21
5173 90
5174 78
5175 92
5176 56
5177 64
5178 114
5179 84
5180 35
5181 89
5182 105
5183 85
5184 24
5185 140
5186 13
5187 84
5188 73
5189 24
5190 106
5191 137
5192 141
5193 46
5194 69
5195 73
5196 19
5197 97
5198 38
5199 49
5200 35
5201 36
5202 21
5203 138
5204 5
5205 138
5206 38
5207 34
5208 124
5209 101
5210 89
5211 53
5212 94
5213 85
5214 38
5215 81
5216 137
5217 4
5218 42
5219 1
5220 69
5221 87
5222 114
5223 141
5224 61
5225 50
5226 90
5227 106
5228 124
5229 72
5230 2
5231 14
5232 117
5233 4
5234 102
5235 143
5236 31
5237 8
5238 33
5239 115
5240 14
5241 92
5242 128
5243 47
5244 104
5245 14
5246 62
5247 126
5248 126
5249 77
5250 34
5251 103
5252 5
5253 26
5254 36
5255 10
5256 41
5257 124
5258 60
5259 23
5260 84
5261 14
5262 78
5263 41
5264 66
5265 27
5266 23
5267 31
5268 30
5269 111
5270 124
5271 40
5272 96
5273 116
5274 36
5275 30
5276 81
5277 62
5278 6
5279 43
5280 50
5281 34
5282 6
5283 19
5284 24
5285 30
5286 120
5287 61
5288 60
5289 134
5290 3
5291 75
5292 28
5293 92
5294 72
5295 77
5296 25
5297 99
5298 95
5299 140
5300 35
5301 72
5302 104
5303 10
5304 142
5305 14
5306 51
5307 33
5308 107
5309 129
5310 6
5311 5
5312 13
5313 119
5314 3
5315 32
5316 70
5317 37
5318 78
5319 104
5320 9
5321 91
5322 11
5323 35
5324 70
5325 64
5326 70
5327 65
5328 78
5329 40
5330 9
5331 128
5332 86
5333 57
5334 126
5335 63
5336 52
5337 108
5338 53
5339 45
5340 135
5341 5
5342 68
5343 2
5344 33
5345 97
5346 15
5347 60
5348 44
5349 35
5350 55
5351 51
5352 138
5353 85
5354 33
5355 40
5356 76
5357 26
5358 106
5359 132
5360 64
5361 54
5362 127
5363 60
5364 16
5365 104
5366 110
5367 82
5368 127
5369 79
5370 50
5371 41
5372 116
5373 84
5374 102
5375 9
5376 34
5377 30
5378 30
5379 87
5380 120
5381 101
5382 26
5383 8
5384 43
5385 132
5386 96
5387 83
5388 12
5389 7
5390 43
5391 46
5392 16
5393 32
5394 52
5395 62
5396 114
5397 56
5398 7
5399 6
5400 64
5401 40
5402 125
5403 9
5404 102
5405 58
5406 45
5407 92
5408 28
5409 62
5410 17
5411 41
5412 63
5413 34
5414 78
5415 117
5416 133
5417 31
5418 114
5419 15
5420 31
5421 17
5422 48
5423 15
5424 23
5425 122
5426 94
5427 112
5428 52
5429 133
5430 89
5431 93
5432 90
5433 83
5434 94
5435 45
5436 114
5437 13
5438 42
5439 73
5440 7
5441 73
5442 128
5443 82
5444 75
5445 127
5446 123
5447 125
5448 132
5449 123
5450 145
5451 33
5452 49
5453 2
5454 7
5455 92
5456 85
5457 120
5458 46
5459 11
5460 24
5461 144
5462 14
5463 114
5464 81
5465 38
5466 112
5467 116
5468 26
5469 41
5470 44
5471 49
5472 140
5473 45
5474 74
5475 75
5476 16
5477 74
5478 27
5479 39
5480 48
5481 30
5482 79
5483 98
5484 29
5485 29
5486 13
5487 13
5488 73
5489 117
5490 124
5491 64
5492 96
5493 83
5494 120
5495 34
5496 141
5497 6
5498 134
5499 73
5500 53
5501 105
5502 26
5503 106
5504 90
5505 65
5506 2
5507 95
5508 81
5509 30
5510 45
5511 34
5512 134
5513 62
5514 35
5515 5
5516 54
5517 55
5518 5
5519 91
5520 80
5521 27
5522 63
5523 95
5524 119
5525 14
5526 115
5527 50
5528 82
5529 57
5530 51
5531 112
5532 31
5533 99
5534 142
5535 50
5536 29
5537 50
5538 111
5539 99
5540 129
5541 132
5542 46
5543 118
5544 49
5545 107
5546 107
5547 20
5548 136
5549 36
5550 35
5551 36
5552 108
5553 60
5554 116
5555 122
5556 144
5557 60
5558 66
5559 131
5560 103
5561 96
5562 101
5563 102
5564 107
5565 116
5566 38
5567 7
5568 9
5569 100
5570 83
5571 115
5572 140
5573 73
5574 101
5575 46
5576 141
5577 40
5578 14
5579 41
5580 130
5581 35
5582 116
5583 72
5584 96
5585 12
5586 132
5587 88
5588 34
5589 41
5590 62
5591 18
5592 21
5593 91
5594 74
5595 90
5596 82
5597 75
5598 88
5599 29
5600 82
5601 40
5602 44
5603 78
5604 114
5605 5
5606 67
5607 98
5608 91
5609 46
5610 60
5611 137
5612 74
5613 141
5614 79
5615 118
5616 91
5617 41
5618 75
5619 142
5620 74
5621 119
5622 135
5623 43
5624 93
5625 8
5626 37
5627 74
5628 31
5629 136
5630 110
5631 131
5632 85
5633 71
5634 15
5635 52
5636 122
5637 122
5638 24
5639 93
5640 91
5641 31
5642 91
5643 25
5644 51
5645 57
5646 76
5647 70
5648 134
5649 10
5650 43
5651 13
5652 28
5653 50
5654 63
5655 42
5656 38
5657 88
5658 107
5659 133
5660 73
5661 111
5662 62
5663 54
5664 59
5665 135
5666 135
5667 104
5668 78
5669 123
5670 115
5671 144
5672 123
5673 28
5674 34
5675 21
5676 37
5677 105
5678 139
5679 139
5680 15
5681 134
5682 79
5683 41
5684 143
5685 115
5686 36
5687 87
5688 28
5689 140
5690 74
5691 4
5692 114
5693 74
5694 30
5695 132
5696 145
5697 82
5698 37
5699 18
5700 92
5701 49
5702 35
5703 29
5704 17
5705 111
5706 13
5707 70
5708 3
5709 69
5710 108
5711 113
5712 41
5713 115
5714 128
5715 17
5716 131
5717 120
5718 72
5719 80
5720 82
5721 61
5722 17
5723 97
5724 12
5725 2
5726 135
5727 115
5728 124
5729 143
5730 59
5731 65
5732 83
5733 93
5734 31
5735 105
5736 11
5737 122
5738 25
5739 70
5740 105
5741 75
5742 57
5743 11
5744 39
5745 136
5746 62
5747 127
5748 20
5749 100
5750 92
5751 69
5752 45
5753 43
5754 28
5755 1
5756 97
5757 46
5758 84
5759 129
5760 129
5761 55
5762 87
5763 30
5764 22
5765 99
5766 33
5767 108
5768 83
5769 85
5770 52
5771 41
5772 49
5773 43
5774 55
5775 36
5776 41
5777 108
5778 95
5779 135
5780 14
5781 134
5782 32
5783 129
5784 140
5785 2
5786 79
5787 59
5788 136
5789 103
5790 102
5791 93
5792 46
5793 134
5794 102
5795 139
5796 111
5797 93
5798 112
5799 56
5800 116
5801 91
5802 22
5803 94
5804 15
5805 50
5806 75
5807 24
5808 22
5809 32
5810 116
5811 142
5812 33
5813 20
5814 64
5815 145
5816 28
5817 4
5818 15
5819 144
5820 75
5821 88
5822 113
5823 144
5824 9
5825 64
5826 124
5827 136
5828 5
5829 73
5830 14
5831 26
5832 117
5833 116
5834 105
5835 91
5836 4
5837 51
5838 138
5839 137
5840 104
5841 28
5842 88
5843 82
5844 48
5845 53
5846 78
5847 96
5848 48
5849 93
5850 116
5851 27
5852 62
5853 124
5854 33
5855 98
5856 142
5857 131
5858 19
5859 88
5860 135
5861 132
5862 57
5863 130
5864 40
5865 117
5866 114
5867 141
5868 126
5869 61
5870 103
5871 36
5872 15
5873 11
5874 64
5875 51
5876 35
5877 115
5878 71
5879 53
5880 3
5881 2
5882 115
5883 8
5884 60
5885 34
5886 96
5887 86
5888 51
5889 123
5890 94
5891 135
5892 45
5893 73
5894 74
5895 23
5896 42
5897 126
5898 78
5899 2
5900 10
5901 25
5902 84
5903 28
5904 117
5905 142
5906 99
5907 49
5908 90
5909 31
5910 138
5911 1
5912 80
5913 100
5914 107
5915 22
5916 85
5917 103
5918 13
5919 36
5920 62
5921 125
5922 101
5923 1
5924 98
5925 72
5926 29
5927 99
5928 42
5929 142
5930 18
5931 139
5932 55
5933 113
5934 9
5935 53
5936 98
5937 135
5938 87
5939 55
5940 25
5941 29
5942 13
5943 45
5944 29
5945 103
5946 16
5947 106
5948 124
5949 143
5950 5
5951 2
5952 103
5953 115
5954 91
5955 54
5956 83
5957 115
5958 65
5959 90
5960 113
5961 86
5962 133
5963 93
5964 67
5965 5
5966 73
5967 145
5968 2
5969 92
5970 91
5971 4
5972 79
5973 89
5974 55
5975 32
5976 31
5977 123
5978 8
5979 113
5980 13
5981 80
5982 52
5983 139
5984 28
5985 14
5986 45
5987 108
5988 105
5989 84
5990 108
5991 131
5992 97
5993 62
5994 33
5995 139
5996 120
5997 14
5998 2
5999 52
6000 17
6001 77
6002 135
6003 87
6004 58
6005 21
6006 13
6007 79
6008 81
6009 106
6010 120
6011 35
6012 74
6013 77
6014 68
6015 110
6016 107
6017 118
6018 62
6019 110
6020 50
6021 133
6022 119
6023 136
6024 39
6025 65
6026 100
6027 81
6028 72
6029 145
6030 107
6031 78
6032 145
6033 56
6034 36
6035 37
6036 50
6037 50
6038 105
6039 123
6040 59
6041 28
6042 142
6043 24
6044 80
6045 30
6046 30
6047 90
6048 97
6049 46
6050 100
6051 114
6052 100
6053 14
6054 93
6055 138
6056 32
6057 38
6058 51
6059 32
6060 142
6061 22
6062 74
6063 101
6064 86
6065 115
6066 71
6067 39
6068 48
6069 140
6070 84
6071 65
6072 97
6073 129
6074 37
6075 67
6076 121
6077 55
6078 54
6079 49
6080 100
6081 11
6082 120
6083 44
6084 127
6085 122
6086 109
6087 94
6088 68
6089 54
6090 83
6091 107
6092 33
6093 64
6094 2
6095 15
6096 117
6097 43
6098 115
6099 46
6100 1
6101 112
6102 24
6103 30
6104 112
6105 45
6106 67
6107 66
6108 46
6109 30
6110 25
6111 38
6112 112
6113 59
6114 77
6115 38
6116 118
6117 120
6118 140
6119 31
6120 11
6121 91
6122 52
6123 50
6124 131
6125 9
6126 52
6127 138
6128 55
6129 96
6130 135
6131 129
6132 106
6133 22
6134 140
6135 129
6136 38
6137 131
6138 25
6139 111
6140 24
6141 5
6142 3
6143 17
6144 19
6145 71
6146 106
6147 101
6148 86
6149 33
6150 12
6151 145
6152 122
6153 38
6154 87
6155 15
6156 94
6157 122
6158 137
6159 27
6160 144
6161 17
6162 102
6163 132
6164 5
6165 1
6166 143
6167 61
6168 84
6169 111
6170 77
6171 12
6172 23
6173 127
6174 25
6175 59
6176 96
6177 127
6178 5
6179 85
6180 85
6181 139
6182 48
6183 14
6184 114
6185 36
6186 70
6187 123
6188 122
6189 116
6190 113
6191 8
6192 38
6193 7
6194 6
6195 26
6196 96
6197 62
6198 111
6199 35
6200 22
6201 121
6202 74
6203 37
6204 25
6205 67
6206 9
6207 47
6208 41
6209 45
6210 56
6211 28
6212 19
6213 60
6214 35
6215 5
6216 115
6217 81
6218 41
6219 137
6220 37
6221 133
6222 81
6223 120
6224 101
6225 71
6226 13
6227 26
6228 121
6229 120
6230 112
6231 41
6232 116
6233 97
6234 118
6235 57
6236 88
6237 79
6238 34
6239 32
6240 76
6241 20
6242 130
6243 120
6244 93
6245 92
6246 120
6247 19
6248 135
6249 144
6250 65
6251 32
6252 95
6253 111
6254 12
6255 35
6256 73
6257 33
6258 87
6259 56
6260 5
6261 14
6262 78
6263 34
6264 116
6265 81
6266 66
6267 114
6268 141
6269 117
6270 33
6271 43
6272 139
6273 95
6274 35
6275 81
6276 12
6277 40
6278 43
6279 111
6280 49
6281 70
6282 114
6283 91
6284 121
6285 30
6286 35
6287 83
6288 131
6289 27
6290 75
6291 96
6292 131
6293 116
6294 100
6295 130
6296 37
6297 41
6298 15
6299 85
6300 67
6301 65
6302 98
6303 13
6304 6
6305 41
6306 102
6307 7
6308 111
6309 36
6310 25
6311 127
6312 32
6313 51
6314 33
6315 75
6316 17
6317 52
6318 41
6319 125
6320 28
6321 37
6322 135
6323 5
6324 55
6325 5
6326 19
6327 20
6328 122
6329 99
6330 2
6331 122
6332 26
6333 125
6334 22
6335 37
6336 12
6337 19
6338 112
6339 10
6340 80
6341 19
6342 62
6343 113
6344 33
6345 135
6346 140
6347 10
6348 62
6349 36
6350 40
6351 75
6352 63
6353 14
6354 125
6355 15
6356 122
6357 139
6358 133
6359 145
6360 102
6361 42
6362 42
6363 105
6364 139
6365 95
6366 27
6367 83
6368 35
6369 60
6370 63
6371 5
6372 126
6373 5
6374 120
6375 45
6376 74
6377 118
6378 20
6379 33
6380 11
6381 121
6382 124
6383 112
6384 59
6385 39
6386 75
6387 43
6388 44
6389 25
6390 143
6391 38
6392 145
6393 114
6394 68
6395 23
6396 128
6397 135
6398 47
6399 29
6400 28
6401 132
6402 138
6403 106
6404 75
6405 87
6406 127
6407 18
6408 3
6409 62
6410 143
6411 48
6412 85
6413 29
6414 52
6415 110
6416 28
6417 136
6418 21
6419 120
6420 65
6421 52
6422 110
6423 124
6424 115
6425 54
6426 9
6427 108
6428 71
6429 29
6430 17
6431 29
6432 39
6433 137
6434 7
6435 53
6436 13
6437 68
6438 126
6439 45
6440 111
6441 116
6442 129
6443 32
6444 9
6445 117
6446 3
6447 84
6448 120
6449 45
6450 119
6451 13
6452 29
6453 27
6454 19
6455 132
6456 26
6457 71
6458 9
6459 60
6460 57
6461 55
6462 5
6463 7
6464 67
6465 139
6466 7
6467 89
6468 81
6469 134
6470 119
6471 52
6472 71
6473 70
6474 104
6475 24
6476 132
6477 93
6478 141
6479 62
6480 31
6481 136
6482 132
6483 56
6484 98
6485 42
6486 101
6487 66
6488 126
6489 43
6490 71
6491 54
6492 6
6493 52
6494 38
6495 89
6496 14
6497 14
6498 138
6499 31
6500 126
6501 22
6502 135
6503 71
6504 79
6505 13
6506 68
6507 8
6508 29
6509 54
6510 66
6511 102
6512 123
6513 133
6514 106
6515 131
6516 26
6517 9
6518 73
6519 12
6520 136
6521 64
6522 27
6523 130
6524 136
6525 127
6526 69
6527 39
6528 114
6529 63
6530 65
6531 2
6532 75
6533 105
6534 118
6535 63
6536 124
6537 8
6538 114
6539 131
6540 79
6541 54
6542 77
6543 33
6544 88
6545 111
6546 7
6547 66
6548 7
6549 9
6550 81
6551 67
6552 1
6553 55
6554 139
6555 92
6556 93
6557 83
6558 79
6559 35
6560 51
6561 116
6562 130
6563 114
6564 135
6565 75
6566 63
6567 4
6568 138
6569 17
6570 34
6571 110
6572 23
6573 125
6574 63
6575 64
6576 42
6577 95
6578 5
6579 19
6580 38
6581 102
6582 34
6583 48
6584 20
6585 113
6586 82
6587 40
6588 138
6589 101
6590 136
6591 83
6592 123
6593 22
6594 56
6595 38
6596 98
6597 42
6598 75
6599 86
6600 109
6601 127
6602 126
6603 1
6604 106
6605 2
6606 138
6607 127
6608 29
6609 7
6610 106
6611 129
6612 22
6613 122
6614 64
6615 107
6616 19
6617 114
6618 133
6619 106
6620 90
6621 18
6622 104
6623 122
6624 77
6625 13
6626 125
6627 130
6628 37
6629 143
6630 44
6631 117
6632 115
6633 126
6634 91
6635 134
6636 132
6637 22
6638 136
6639 105
6640 83
6641 88
6642 33
6643 14
6644 50
6645 14
6646 11
6647 39
6648 59
6649 12
6650 109
6651 16
6652 53
6653 137
6654 109
6655 135
6656 96
6657 99
6658 85
6659 134
6660 43
6661 10
6662 78
6663 26
6664 117
6665 38
6666 112
6667 72
6668 142
6669 21
6670 38
6671 57
6672 144
6673 55
6674 140
6675 136
6676 134
6677 31
6678 34
6679 65
6680 57
6681 137
6682 87
6683 101
6684 126
6685 121
6686 21
6687 29
6688 139
6689 142
6690 27
6691 25
6692 103
6693 15
6694 121
6695 24
6696 145
6697 61
6698 139
6699 91
6700 25
6701 77
6702 10
6703 18
6704 35
6705 136
6706 72
6707 1
6708 116
6709 127
6710 39
6711 7
6712 20
6713 43
6714 13
6715 18
6716 63
6717 123
6718 91
6719 97
6720 106
6721 123
6722 42
6723 28
6724 41
6725 69
6726 130
6727 38
6728 115
6729 43
6730 32
6731 31
6732 38
6733 74
6734 30
6735 33
6736 30
6737 5
6738 60
6739 24
6740 14
6741 35
6742 119
6743 124
6744 145
6745 18
6746 125
6747 94
6748 140
6749 11
6750 112
6751 21
6752 79
6753 118
6754 56
6755 19
6756 50
6757 32
6758 54
6759 72
6760 9
6761 20
6762 32
6763 53
6764 8
6765 70
6766 74
6767 76
6768 81
6769 143
6770 111
6771 29
6772 13
6773 5
6774 105
6775 92
6776 90
6777 129
6778 95
6779 27
6780 45
6781 25
6782 113
6783 144
6784 37
6785 126
6786 8
6787 24
6788 95
6789 91
6790 95
6791 96
6792 92
6793 114
6794 1
6795 7
6796 140
6797 66
6798 118
6799 46
6800 12
6801 126
6802 23
6803 46
6804 14
6805 28
6806 62
6807 130
6808 81
6809 60
6810 121
6811 23
6812 60
6813 60
6814 32
6815 7
6816 23
6817 114
6818 76
6819 90
6820 77
6821 7
6822 5
6823 60
6824 122
6825 34
6826 105
6827 43
6828 108
6829 67
6830 88
6831 110
6832 133
6833 108
6834 128
6835 19
6836 116
6837 29
6838 68
6839 19
6840 37
6841 102
6842 49
6843 91
6844 33
6845 130
6846 109
6847 71
6848 75
6849 13
6850 9
6851 24
6852 105
6853 22
6854 127
6855 133
6856 57
6857 36
6858 62
6859 124
6860 52
6861 66
6862 41
6863 124
6864 78
6865 35
6866 7
6867 77
6868 85
6869 119
6870 81
6871 38
6872 93
6873 86
6874 2
6875 51
6876 86
6877 63
6878 75
6879 33
6880 122
6881 1
6882 3
6883 108
6884 19
6885 66
6886 116
6887 52
6888 110
6889 110
6890 102
6891 125
6892 57
6893 78
6894 4
6895 119
6896 63
6897 39
6898 127
6899 130
6900 128
6901 21
6902 138
6903 102
6904 94
6905 145
6906 133
6907 66
6908 93
6909 88
6910 100
6911 107
6912 123
6913 36
6914 60
6915 51
6916 49
6917 68
6918 33
6919 36
6920 20
6921 112
6922 6
6923 64
6924 49
6925 129
6926 9
6927 18
6928 38
6929 105
6930 97
6931 30
6932 125
6933 14
6934 128
6935 118
6936 62
6937 71
6938 55
6939 127
6940 1
6941 106
6942 119
6943 142
6944 15
6945 63
6946 38
6947 60
6948 57
6949 119
6950 37
6951 140
6952 118
6953 52
6954 57
6955 85
6956 143
6957 27
6958 74
6959 145
6960 127
6961 106
6962 23
6963 80
6964 44
6965 121
6966 41
6967 141
6968 15
6969 19
6970 96
6971 68
6972 83
6973 14
6974 121
6975 15
6976 100
6977 8
6978 54
6979 31
6980 145
6981 19
6982 98
6983 29
6984 103
6985 80
6986 100
6987 76
6988 115
6989 92
6990 104
6991 35
6992 58
6993 53
6994 81
6995 26
6996 126
6997 31
6998 79
6999 25
7000 135
7001 21
7002 16
7003 14
7004 23
7005 117
7006 134
7007 79
7008 99
7009 74
7010 123
7011 134
7012 95
7013 18
7014 70
7015 55
7016 84
7017 139
7018 65
7019 20
7020 73
7021 108
7022 142
7023 31
7024 22
7025 131
7026 3
7027 85
7028 31
7029 79
7030 11
7031 14
7032 115
7033 56
7034 51
7035 2
7036 64
7037 145
7038 22
7039 66
7040 110
7041 41
7042 59
7043 8
7044 43
7045 74
7046 67
7047 2
7048 89
7049 29
7050 5
7051 119
7052 100
7053 6
7054 56
7055 110
7056 113
7057 93
7058 3
7059 129
7060 84
7061 100
7062 123
7063 36
7064 110
7065 100
7066 122
7067 51
7068 20
7069 51
7070 80
7071 102
7072 72
7073 9
7074 30
7075 129
7076 110
7077 16
7078 138
7079 31
7080 100
7081 90
7082 138
7083 120
7084 2
7085 14
7086 94
7087 63
7088 91
7089 135
7090 24
7091 113
7092 43
7093 82
7094 6
7095 36
7096 67
7097 73
7098 49
7099 13
7100 59
7101 94
7102 75
7103 11
7104 30
7105 41
7106 136
7107 31
7108 117
7109 122
7110 100
7111 27
7112 28
7113 101
7114 69
7115 34
7116 102
7117 57
7118 9
7119 68
7120 53
7121 26
7122 46
7123 43
7124 121
7125 109
7126 103
7127 130
7128 81
7129 54
7130 136
7131 45
7132 144
7133 1
7134 56
7135 91
7136 73
7137 10
7138 70
7139 23
7140 49
7141 98
7142 91
7143 66
7144 24
7145 121
7146 7
7147 11
7148 83
7149 104
7150 136
7151 9
7152 3
7153 78
7154 122
7155 68
7156 139
7157 87
7158 103
7159 98
7160 27
7161 79
7162 69
7163 124
7164 70
7165 119
7166 27
7167 33
7168 52
7169 102
7170 21
7171 132
7172 7
7173 92
7174 105
7175 63
7176 20
7177 16
7178 128
7179 39
7180 78
7181 33
7182 23
7183 92
7184 96
7185 67
7186 54
7187 112
7188 87
7189 22
7190 79
7191 122
7192 19
7193 62
7194 25
7195 113
7196 95
7197 72
7198 130
7199 33
7200 43
7201 106
7202 77
7203 16
7204 128
7205 72
7206 60
7207 78
7208 9
7209 16
7210 80
7211 42
7212 80
7213 137
7214 144
7215 60
7216 93
7217 25
7218 64
7219 116
7220 73
7221 19
7222 112
7223 136
7224 103
7225 32
7226 100
7227 88
7228 120
7229 37
7230 145
7231 125
7232 138
7233 143
7234 119
7235 43
7236 90
7237 121
7238 135
7239 72
7240 97
7241 67
7242 79
7243 109
7244 139
7245 20
7246 70
7247 99
7248 72
7249 86
7250 50
7251 54
7252 137
7253 134
7254 14
7255 105
7256 135
7257 69
7258 112
7259 30
7260 107
7261 56
7262 88
7263 33
7264 101
7265 10
7266 17
7267 94
7268 124
7269 75
7270 98
7271 56
7272 47
7273 79
7274 26
7275 52
7276 105
7277 24
7278 2
7279 86
7280 57
7281 12
7282 65
7283 34
7284 43
7285 73
7286 96
7287 12
7288 9
7289 63
7290 73
7291 41
7292 40
7293 134
7294 59
7295 67
7296 80
7297 94
7298 43
7299 135
7300 4
7301 101
7302 106
7303 26
7304 15
7305 38
7306 20
7307 61
7308 99
7309 98
7310 54
7311 120
7312 5
7313 61
7314 33
7315 23
7316 47
7317 3
7318 82
7319 94
7320 59
7321 91
7322 53
7323 115
7324 44
7325 114
7326 13
7327 66
7328 89
7329 28
7330 82
7331 5
7332 109
7333 93
7334 143
7335 111
7336 33
7337 20
7338 129
7339 77
7340 27
7341 145
7342 67
7343 96
7344 42
7345 46
7346 57
7347 137
7348 25
7349 93
7350 21
7351 19
7352 33
7353 145
7354 70
7355 103
7356 20
7357 145
7358 130
7359 106
7360 5
7361 66
7362 4
7363 113
7364 137
7365 75
7366 112
7367 98
7368 52
7369 131
7370 106
7371 121
7372 80
7373 78
7374 29
7375 34
7376 55
7377 62
7378 129
7379 54
7380 10
7381 23
7382 139
7383 28
7384 21
7385 144
7386 100
7387 94
7388 82
7389 17
7390 33
7391 25
7392 33
7393 29
7394 8
7395 95
7396 31
7397 20
7398 33
7399 97
7400 36
7401 143
7402 145
7403 66
7404 56
7405 34
7406 121
7407 45
7408 112
7409 130
7410 52
7411 97
7412 95
7413 94
7414 136
7415 14
7416 91
7417 12
7418 18
7419 118
7420 91
7421 52
7422 121
7423 115
7424 133
7425 15
7426 94
7427 41
7428 107
7429 41
7430 71
7431 121
7432 63
7433 75
7434 55
7435 69
7436 32
7437 133
7438 36
7439 142
7440 106
7441 85
7442 31
7443 28
7444 120
7445 48
7446 20
7447 30
7448 27
7449 96
7450 131
7451 58
7452 20
7453 37
7454 14
7455 44
7456 140
7457 35
7458 116
7459 48
7460 80
7461 57
7462 85
7463 64
7464 117
7465 69
7466 142
7467 135
7468 19
7469 32
7470 15
7471 62
7472 109
7473 43
7474 48
7475 62
7476 12
7477 107
7478 68
7479 43
7480 137
7481 117
7482 42
7483 42
7484 123
7485 118
7486 83
7487 10
7488 38
7489 96
7490 139
7491 1
7492 27
7493 110
7494 23
7495 48
7496 29
7497 122
7498 6
7499 77
7500 61
7501 107
7502 139
7503 120
7504 110
7505 145
7506 133
7507 92
7508 26
7509 26
7510 56
7511 131
7512 75
7513 62
7514 20
7515 76
7516 10
7517 1
7518 66
7519 62
7520 136
7521 140
7522 72
7523 99
7524 109
7525 25
7526 139
7527 6
7528 116
7529 40
7530 118
7531 94
7532 60
7533 17
7534 133
7535 67
7536 64
7537 77
7538 103
7539 76
7540 79
7541 91
7542 54
7543 88
7544 48
7545 132
7546 50
7547 122
7548 77
7549 124
7550 89
7551 103
7552 29
7553 143
7554 98
7555 14
7556 21
7557 102
7558 108
7559 57
7560 122
7561 131
7562 65
7563 93
7564 1
7565 78
7566 58
7567 119
7568 115
7569 10
7570 64
7571 123
7572 110
7573 88
7574 144
7575 123
7576 91
7577 59
7578 2
7579 130
7580 26
7581 11
7582 39
7583 89
7584 119
7585 23
7586 87
7587 121
7588 4
7589 56
7590 52
7591 50
7592 28
7593 57
7594 37
7595 53
7596 45
7597 91
7598 48
7599 56
7600 14
7601 109
7602 114
7603 116
7604 135
7605 95
7606 61
7607 65
7608 102
7609 29
7610 57
7611 31
7612 75
7613 47
7614 101
7615 22
7616 55
7617 84
7618 130
7619 135
7620 87
7621 113
7622 44
7623 120
7624 122
7625 45
7626 49
7627 135
7628 76
7629 135
7630 129
7631 69
7632 29
7633 106
7634 46
7635 114
7636 79
7637 28
7638 102
7639 112
7640 98
7641 137
7642 111
7643 14
7644 99
7645 111
7646 21
7647 23
7648 123
7649 145
7650 123
7651 126
7652 112
7653 90
7654 23
7655 97
7656 83
7657 118
7658 112
7659 48
7660 95
7661 105
7662 83
7663 123
7664 123
7665 47
7666 76
7667 57
7668 19
7669 75
7670 84
7671 25
7672 128
7673 28
7674 38
7675 122
7676 114
7677 139
7678 102
7679 124
7680 98
7681 70
7682 70
7683 26
7684 17
7685 69
7686 7
7687 67
7688 29
7689 116
7690 128
7691 100
7692 24
7693 69
7694 79
7695 37
7696 85
7697 53
7698 84
7699 81
7700 38
7701 95
7702 84
7703 17
7704 120
7705 88
7706 123
7707 88
7708 101
7709 127
7710 141
7711 22
7712 33
7713 35
7714 88
7715 97
7716 85
7717 7
7718 84
7719 18
7720 5
7721 68
7722 12
7723 99
7724 1
7725 29
7726 75
7727 28
7728 143
7729 124
7730 140
7731 138
7732 97
7733 113
7734 1
7735 65
7736 126
7737 4
7738 120
7739 43
7740 125
7741 15
7742 115
7743 72
7744 108
7745 13
7746 30
7747 9
7748 142
7749 29
7750 101
7751 27
7752 133
7753 57
7754 85
7755 31
7756 34
7757 60
7758 74
7759 7
7760 35
7761 43
7762 80
7763 56
7764 74
7765 103
7766 128
7767 125
7768 46
7769 76
7770 6
7771 93
7772 87
7773 127
7774 57
7775 76
7776 124
7777 89
7778 16
7779 5
7780 24
7781 134
7782 65
7783 41
7784 15
7785 117
7786 45
7787 138
7788 107
7789 109
7790 22
7791 98
7792 43
7793 135
7794 133
7795 47
7796 145
7797 13
7798 71
7799 130
7800 50
7801 85
7802 134
7803 34
7804 140
7805 88
7806 13
7807 124
7808 79
7809 141
7810 36
7811 17
7812 2
7813 61
7814 140
7815 39
7816 130
7817 122
7818 117
7819 60
7820 64
7821 72
7822 114
7823 135
7824 34
7825 55
7826 41
7827 101
7828 48
7829 35
7830 77
7831 84
7832 112
7833 118
7834 45
7835 120
7836 87
7837 107
7838 61
7839 41
7840 53
7841 117
7842 44
7843 109
7844 83
7845 133
7846 118
7847 136
7848 24
7849 59
7850 51
7851 8
7852 112
7853 66
7854 130
7855 51
7856 48
7857 93
7858 84
7859 69
7860 14
7861 62
7862 112
7863 128
7864 31
7865 76
7866 75
7867 123
7868 8
7869 20
7870 13
7871 47
7872 89
7873 11
7874 127
7875 27
7876 26
7877 141
7878 82
7879 142
7880 54
7881 68
7882 42
7883 48
7884 114
7885 75
7886 59
7887 46
7888 97
7889 122
7890 89
7891 70
7892 57
7893 61
7894 137
7895 71
7896 112
7897 52
7898 81
7899 76
7900 93
7901 60
7902 127
7903 65
7904 91
7905 72
7906 71
7907 73
7908 12
7909 89
7910 67
7911 6
7912 95
7913 68
7914 85
7915 82
7916 66
7917 59
7918 115
7919 107
7920 9
7921 2
7922 28
7923 105
7924 113
7925 132
7926 93
7927 132
7928 15
7929 115
7930 13
7931 63
7932 23
7933 54
7934 42
7935 123
7936 144
7937 122
7938 108
7939 91
7940 108
7941 14
7942 47
7943 128
7944 125
7945 140
7946 92
7947 43
7948 20
7949 17
7950 130
7951 39
7952 7
7953 127
7954 24
7955 123
7956 84
7957 109
7958 33
7959 32
7960 142
7961 30
7962 120
7963 28
7964 102
7965 123
7966 58
7967 43
7968 30
7969 87
7970 35
7971 25
7972 118
7973 70
7974 97
7975 15
7976 139
7977 121
7978 123
7979 39
7980 79
7981 48
7982 120
7983 124
7984 103
7985 98
7986 22
7987 105
7988 63
7989 35
7990 118
7991 40
7992 114
7993 144
7994 56
7995 52
7996 136
7997 140
7998 7
7999 115
8000 43
8001 109
8002 98
8003 75
8004 113
8005 60
8006 80
8007 68
8008 107
8009 78
8010 122
8011 73
8012 65
8013 133
8014 34
8015 44
8016 83
8017 38
8018 104
8019 120
8020 113
8021 109
8022 133
8023 99
8024 110
8025 74
8026 34
8027 83
8028 130
8029 63
8030 97
8031 124
8032 65
8033 50
8034 20
8035 104
8036 119
8037 75
8038 136
8039 52
8040 57
8041 29
8042 114
8043 12
8044 73
8045 75
8046 96
8047 65
8048 111
8049 26
8050 126
8051 34
8052 13
8053 138
8054 131
8055 57
8056 23
8057 109
8058 115
8059 107
8060 63
8061 133
8062 1
8063 94
8064 3
8065 101
8066 5
8067 45
8068 123
8069 62
8070 75
8071 78
8072 138
8073 133
8074 103
8075 51
8076 133
8077 48
8078 99
8079 87
8080 77
8081 125
8082 20
8083 76
8084 113
8085 40
8086 48
8087 58
8088 81
8089 103
8090 90
8091 48
8092 140
8093 41
8094 89
8095 74
8096 119
8097 95
8098 75
8099 70
8100 108
8101 67
8102 43
8103 145
8104 115
8105 83
8106 81
8107 1
8108 39
8109 6
8110 10
8111 48
8112 67
8113 37
8114 102
8115 103
8116 13
8117 128
8118 60
8119 116
8120 24
8121 84
8122 8
8123 26
8124 137
8125 50
8126 122
8127 136
8128 78
8129 53
8130 13
8131 81
8132 86
8133 70
8134 134
8135 31
8136 124
8137 49
8138 22
8139 132
8140 144
8141 87
8142 68
8143 128
8144 119
8145 22
8146 141
8147 64
8148 11
8149 109
8150 73
8151 11
8152 116
8153 131
8154 117
8155 65
8156 4
8157 100
8158 24
8159 20
8160 2
8161 117
8162 63
8163 133
8164 49
8165 143
8166 49
8167 101
8168 133
8169 32
8170 15
8171 35
8172 44
8173 97
8174 144
8175 55
8176 85
8177 9
8178 77
8179 8
8180 15
8181 78
8182 81
8183 91
8184 121
8185 77
8186 136
8187 87
8188 37
8189 42
8190 102
8191 86
8192 142
8193 66
8194 124
8195 57
8196 18
8197 58
8198 100
8199 28
8200 35
8201 4
8202 133
8203 37
8204 67
8205 141
8206 140
8207 142
8208 34
8209 87
8210 69
8211 42
8212 101
8213 139
8214 118
8215 43
8216 144
8217 56
8218 11
8219 110
8220 74
8221 113
8222 66
8223 91
8224 145
8225 123
8226 53
8227 79
8228 128
8229 25
8230 14
8231 119
8232 66
8233 68
8234 111
8235 136
8236 113
8237 40
8238 120
8239 43
8240 4
8241 101
8242 47
8243 55
8244 138
8245 86
8246 64
8247 82
8248 68
8249 106
8250 38
8251 43
8252 101
8253 41
8254 99
8255 50
8256 29
8257 86
8258 120
8259 1
8260 58
8261 7
8262 62
8263 88
8264 53
8265 52
8266 101
8267 88
8268 34
8269 44
8270 36
8271 39
8272 3
8273 42
8274 46
8275 59
8276 36
8277 10
8278 38
8279 119
8280 124
8281 95
8282 114
8283 7
8284 34
8285 24
8286 40
8287 139
8288 62
8289 22
8290 49
8291 35
8292 14
8293 67
8294 120
8295 61
8296 81
8297 73
8298 107
8299 76
8300 116
8301 74
8302 133
8303 32
8304 117
8305 20
8306 77
8307 22
8308 111
8309 44
8310 73
8311 55
8312 37
8313 65
8314 127
8315 121
8316 120
8317 23
8318 114
8319 101
8320 11
8321 9
8322 121
8323 72
8324 5
8325 10
8326 71
8327 133
8328 24
8329 94
8330 36
8331 49
8332 73
8333 131
8334 94
8335 45
8336 69
8337 51
8338 92
8339 10
8340 15
8341 32
8342 117
8343 96
8344 125
8345 83
8346 11
8347 71
8348 140
8349 52
8350 16
8351 12
8352 117
8353 60
8354 90
8355 15
8356 32
8357 53
8358 119
8359 74
8360 10
8361 81
8362 106
8363 18
8364 134
8365 74
8366 68
8367 48
8368 144
8369 81
8370 95
8371 73
8372 50
8373 101
8374 29
8375 29
8376 132
8377 22
8378 38
8379 115
8380 106
8381 2
8382 60
8383 89
8384 72
8385 110
8386 125
8387 59
8388 121
8389 127
8390 7
8391 2
8392 69
8393 22
8394 139
8395 145
8396 86
8397 115
8398 143
8399 5
8400 74
8401 136
8402 32
8403 57
8404 23
8405 49
8406 83
8407 29
8408 128
8409 13
8410 35
8411 124
8412 70
8413 72
8414 99
8415 108
8416 75
8417 107
8418 89
8419 55
8420 120
8421 88
8422 135
8423 46
8424 48
8425 45
8426 140
8427 57
8428 28
8429 4
8430 41
8431 50
8432 113
8433 76
8434 13
8435 13
8436 128
8437 125
8438 106
8439 140
8440 2
8441 109
8442 103
8443 49
8444 41
8445 33
8446 133
8447 49
8448 5
8449 42
8450 106
8451 143
8452 91
8453 67
8454 108
8455 65
8456 18
8457 122
8458 132
8459 113
8460 114
8461 99
8462 79
8463 4
8464 15
8465 45
8466 136
8467 118
8468 23
8469 3
8470 53
8471 78
8472 114
8473 143
8474 113
8475 49
8476 81
8477 26
8478 113
8479 40
8480 78
8481 117
8482 11
8483 139
8484 90
8485 61
8486 14
8487 116
8488 106
8489 118
8490 104
8491 90
8492 123
8493 31
8494 7
8495 64
8496 58
8497 104
8498 13
8499 123
8500 104
8501 105
8502 22
8503 29
8504 59
8505 60
8506 43
8507 53
8508 113
8509 92
8510 134
8511 17
8512 34
8513 145
8514 52
8515 85
8516 116
8517 101
8518 55
8519 21
8520 65
8521 88
8522 75
8523 95
8524 139
8525 42
8526 56
8527 64
8528 50
8529 92
8530 91
8531 143
8532 16
8533 33
8534 67
8535 124
8536 74
8537 139
8538 40
8539 103
8540 124
8541 22
8542 45
8543 1
8544 121
8545 126
8546 136
8547 138
8548 137
8549 107
8550 31
8551 124
8552 50
8553 84
8554 145
8555 79
8556 85
8557 118
8558 58
8559 86
8560 143
8561 134
8562 81
8563 7
8564 91
8565 63
8566 105
8567 100
8568 120
8569 39
8570 37
8571 33
8572 16
8573 19
8574 22
8575 13
8576 70
8577 19
8578 21
8579 35
8580 30
8581 1
8582 127
8583 27
8584 82
8585 42
8586 48
8587 24
8588 90
8589 116
8590 120
8591 140
8592 98
8593 104
8594 16
8595 93
8596 107
8597 72
8598 57
8599 9
8600 48
8601 127
8602 70
8603 141
8604 100
8605 43
8606 6
8607 68
8608 110
8609 106
8610 21
8611 93
8612 44
8613 140
8614 90
8615 75
8616 13
8617 124
8618 8
8619 61
8620 110
8621 1
8622 141
8623 62
8624 8
8625 88
8626 121
8627 111
8628 40
8629 36
8630 145
8631 141
8632 88
8633 77
8634 86
8635 51
8636 32
8637 46
8638 72
8639 145
8640 61
8641 20
8642 90
8643 11
8644 142
8645 56
8646 127
8647 22
8648 102
8649 5
8650 137
8651 50
8652 19
8653 126
8654 119
8655 132
8656 98
8657 59
8658 136
8659 99
8660 79
8661 122
8662 63
8663 14
8664 94
8665 69
8666 18
8667 108
8668 81
8669 11
8670 53
8671 80
8672 1
8673 128
8674 13
8675 126
8676 113
8677 43
8678 12
8679 18
8680 7
8681 7
8682 128
8683 48
8684 81
8685 137
8686 136
8687 72
8688 115
8689 43
8690 135
8691 13
8692 3
8693 84
8694 50
8695 63
8696 99
8697 31
8698 3
8699 96
8700 23
8701 89
8702 19
8703 76
8704 90
8705 118
8706 36
8707 124
8708 23
8709 41
8710 88
8711 10
8712 81
8713 97
8714 26
8715 136
8716 58
8717 144
8718 92
8719 15
8720 102
8721 45
8722 46
8723 124
8724 100
8725 6
8726 130
8727 19
8728 62
8729 98
8730 145
8731 95
8732 87
8733 1
8734 76
8735 115
8736 96
8737 56
8738 23
8739 36
8740 132
8741 56
8742 124
8743 120
8744 14
8745 81
8746 62
8747 70
8748 86
8749 107
8750 34
8751 58
8752 85
8753 45
8754 28
8755 143
8756 72
8757 120
8758 98
8759 43
8760 19
8761 27
8762 63
8763 144
8764 99
8765 38
8766 129
8767 38
8768 32
8769 34
8770 137
8771 97
8772 101
8773 85
8774 70
8775 77
8776 76
8777 7
8778 87
8779 121
8780 26
8781 52
8782 52
8783 126
8784 120
8785 10
8786 56
8787 54
8788 145
8789 60
8790 3
8791 55
8792 145
8793 115
8794 16
8795 91
8796 122
8797 136
8798 98
8799 36
8800 72
8801 70
8802 22
8803 38
8804 67
8805 18
8806 120
8807 99
8808 57
8809 130
8810 90
8811 4
8812 5
8813 130
8814 136
8815 15
8816 119
8817 58
8818 99
8819 12
8820 92
8821 135
8822 73
8823 116
8824 112
8825 57
8826 37
8827 54
8828 60
8829 73
8830 11
8831 14
8832 125
8833 136
8834 113
8835 5
8836 124
8837 132
8838 16
8839 93
8840 93
8841 57
8842 131
8843 134
8844 95
8845 79
8846 123
8847 88
8848 39
8849 24
8850 95
8851 115
8852 105
8853 59
8854 135
8855 38
8856 91
8857 34
8858 73
8859 131
8860 32
8861 48
8862 57
8863 62
8864 42
8865 46
8866 34
8867 104
8868 144
8869 27
8870 59
8871 64
8872 105
8873 141
8874 95
8875 32
8876 91
8877 69
8878 27
8879 67
8880 131
8881 37
8882 35
8883 35
8884 11
8885 56
8886 112
8887 82
8888 84
8889 74
8890 70
8891 84
8892 99
8893 74
8894 25
8895 56
8896 14
8897 10
8898 63
8899 85
8900 86
8901 28
8902 66
8903 36
8904 136
8905 119
8906 25
8907 49
8908 99
8909 124
8910 43
8911 2
8912 32
8913 131
8914 31
8915 63
8916 12
8917 80
8918 28
8919 52
8920 95
8921 97
8922 30
8923 36
8924 48
8925 106
8926 26
8927 131
8928 74
8929 67
8930 19
8931 125
8932 4
8933 129
8934 58
8935 111
8936 120
8937 21
8938 141
8939 127
8940 30
8941 82
8942 88
8943 25
8944 23
8945 103
8946 141
8947 62
8948 74
8949 68
8950 116
8951 81
8952 30
8953 138
8954 70
8955 119
8956 44
8957 90
8958 57
8959 30
8960 111
8961 112
8962 44
8963 48
8964 95
8965 35
8966 70
8967 47
8968 34
8969 67
8970 74
8971 121
8972 10
8973 64
8974 33
8975 47
8976 126
8977 14
8978 99
8979 31
8980 22
8981 34
8982 27
8983 14
8984 118
8985 2
8986 117
8987 75
8988 44
8989 19
8990 67
8991 40
8992 88
8993 130
8994 128
8995 54
8996 19
8997 118
8998 124
8999 67
9000 118
9001 98
9002 102
9003 34
9004 2
9005 8
9006 123
9007 76
9008 104
9009 20
9010 67
9011 135
9012 71
9013 110
9014 34
9015 145
9016 10
9017 48
9018 116
9019 7
9020 27
9021 41
9022 100
9023 127
9024 40
9025 94
9026 123
9027 97
9028 50
9029 51
9030 127
9031 28
9032 63
9033 30
9034 1
9035 82
9036 14
9037 111
9038 56
9039 133
9040 97
9041 92
9042 111
9043 57
9044 15
9045 57
9046 33
9047 6
9048 10
9049 124
9050 1
9051 118
9052 22
9053 5
9054 101
9055 68
9056 15
9057 15
9058 47
9059 26
9060 77
9061 32
9062 78
9063 73
9064 4
9065 5
9066 123
9067 15
9068 5
9069 80
9070 113
9071 58
9072 51
9073 109
9074 110
9075 127
9076 28
9077 45
9078 15
9079 34
9080 107
9081 43
9082 20
9083 70
9084 74
9085 20
9086 13
9087 19
9088 43
9089 133
9090 3
9091 61
9092 143
9093 85
9094 63
9095 116
9096 79
9097 120
9098 116
9099 122
9100 30
9101 72
9102 133
9103 95
9104 13
9105 14
9106 132
9107 119
9108 93
9109 134
9110 49
9111 61
9112 91
9113 124
9114 67
9115 61
9116 118
9117 145
9118 17
9119 63
9120 78
9121 67
9122 111
9123 56
9124 107
9125 44
9126 114
9127 38
9128 56
9129 118
9130 133
9131 36
9132 123
9133 38
9134 95
9135 14
9136 66
9137 67
9138 93
9139 6
9140 2
9141 125
9142 13
9143 54
9144 120
9145 55
9146 121
9147 91
9148 37
9149 68
9150 72
9151 32
9152 114
9153 73
9154 91
9155 39
9156 120
9157 6
9158 16
9159 2
9160 28
9161 74
9162 124
9163 87
9164 5
9165 85
9166 19
9167 1
9168 59
9169 49
9170 100
9171 107
9172 104
9173 134
9174 29
9175 144
9176 41
9177 50
9178 81
9179 143
9180 90
9181 13
9182 136
9183 104
9184 141
9185 6
9186 86
9187 47
9188 125
9189 33
9190 41
9191 40
9192 80
9193 52
9194 133
9195 44
9196 62
9197 57
9198 29
9199 111
9200 131
9201 76
9202 98
9203 23
9204 87
9205 67
9206 61
9207 68
9208 135
9209 22
9210 8
9211 136
9212 97
9213 140
9214 61
9215 75
9216 10
9217 35
9218 65
9219 95
9220 71
9221 95
9222 80
9223 17
9224 6
9225 119
9226 5
9227 117
9228 62
9229 92
9230 71
9231 29
9232 118
9233 36
9234 111
9235 9
9236 95
9237 33
9238 56
9239 106
9240 142
9241 123
9242 65
9243 43
9244 108
9245 115
9246 105
9247 48
9248 94
9249 99
9250 23
9251 93
9252 42
9253 84
9254 144
9255 18
9256 142
9257 76
9258 27
9259 48
9260 4
9261 77
9262 114
9263 10
9264 29
9265 43
9266 14
9267 38
9268 94
9269 9
9270 75
9271 123
9272 22
9273 9
9274 103
9275 86
9276 89
9277 41
9278 17
9279 127
9280 6
9281 100
9282 59
9283 78
9284 1
9285 102
9286 123
9287 88
9288 18
9289 124
9290 76
9291 10
9292 39
9293 10
9294 115
9295 104
9296 112
9297 7
9298 29
9299 44
9300 73
9301 126
9302 101
9303 27
9304 17
9305 114
9306 98
9307 20
9308 55
9309 20
9310 3
9311 103
9312 11
9313 103
9314 2
9315 110
9316 110
9317 74
9318 62
9319 121
9320 85
9321 8
9322 136
9323 87
9324 20
9325 106
9326 142
9327 85
9328 75
9329 67
9330 128
9331 33
9332 66
9333 132
9334 122
9335 111
9336 121
9337 137
9338 134
9339 122
9340 40
9341 124
9342 36
9343 53
9344 14
9345 14
9346 71
9347 104
9348 111
9349 20
9350 71
9351 52
9352 94
9353 32
9354 91
9355 54
9356 62
9357 55
9358 98
9359 51
9360 36
9361 75
9362 49
9363 69
9364 113
9365 35
9366 5
9367 94
9368 27
9369 13
9370 2
9371 94
9372 142
9373 112
9374 59
9375 102
9376 101
9377 50
9378 82
9379 113
9380 63
9381 51
9382 135
9383 91
9384 110
9385 110
9386 133
9387 76
9388 8
9389 86
9390 21
9391 85
9392 85
9393 137
9394 43
9395 74
9396 110
9397 140
9398 22
9399 54
9400 124
9401 101
9402 51
9403 50
9404 93
9405 103
9406 120
9407 11
9408 116
9409 45
9410 122
9411 105
9412 107
9413 89
9414 3
9415 58
9416 75
9417 133
9418 123
9419 125
9420 19
9421 33
9422 120
9423 128
9424 22
9425 103
9426 27
9427 33
9428 6
9429 116
9430 59
9431 19
9432 51
9433 64
9434 116
9435 15
9436 126
9437 127
9438 109
9439 2
9440 120
9441 37
9442 122
9443 104
9444 22
9445 8
9446 89
9447 89
9448 103
9449 68
9450 39
9451 90
9452 113
9453 74
9454 30
9455 145
9456 143
9457 83
9458 98
9459 16
9460 26
9461 17
9462 89
9463 2
9464 71
9465 58
9466 105
9467 71
9468 34
9469 90
9470 91
9471 51
9472 98
9473 3
9474 120
9475 69
9476 115
9477 84
9478 21
9479 61
9480 133
9481 55
9482 19
9483 94
9484 6
9485 38
9486 69
9487 129
9488 22
9489 83
9490 44
9491 69
9492 80
9493 96
9494 135
9495 77
9496 43
9497 19
9498 50
9499 40
9500 131
9501 26
9502 96
9503 20
9504 143
9505 23
9506 144
9507 31
9508 142
9509 51
9510 129
9511 84
9512 135
9513 131
9514 7
9515 76
9516 133
9517 81
9518 62
9519 141
9520 60
9521 15
9522 141
9523 24
9524 124
9525 67
9526 114
9527 50
9528 96
9529 106
9530 27
9531 92
9532 98
9533 17
9534 57
9535 74
9536 7
9537 54
9538 107
9539 128
9540 144
9541 114
9542 143
9543 134
9544 84
9545 143
9546 42
9547 22
9548 29
9549 98
9550 50
9551 85
9552 33
9553 28
9554 49
9555 75
9556 142
9557 90
9558 109
9559 19
9560 114
9561 138
9562 59
9563 94
9564 64
9565 99
9566 97
9567 83
9568 86
9569 115
9570 81
9571 99
9572 136
9573 93
9574 120
9575 143
9576 138
9577 132
9578 4
9579 125
9580 112
9581 105
9582 70
9583 10
9584 119
9585 99
9586 133
9587 48
9588 28
9589 54
9590 129
9591 74
9592 90
9593 84
9594 73
9595 132
9596 114
9597 49
9598 136
9599 14
9600 12
9601 136
9602 74
9603 102
9604 75
9605 80
9606 119
9607 109
9608 69
9609 79
9610 119
9611 112
9612 69
9613 83
9614 87
9615 89
9616 29
9617 101
9618 143
9619 140
9620 133
9621 144
9622 21
9623 80
9624 62
9625 63
9626 110
9627 108
9628 104
9629 49
9630 4
9631 35
9632 81
9633 17
9634 109
9635 105
9636 45
9637 26
9638 99
9639 82
9640 58
9641 112
9642 113
9643 2
9644 51
9645 36
9646 74
9647 8
9648 102
9649 132
9650 62
9651 2
9652 136
9653 15
9654 9
9655 104
9656 47
9657 52
9658 25
9659 134
9660 97
9661 14
9662 60
9663 89
9664 32
9665 81
9666 8
9667 27
9668 116
9669 76
9670 108
9671 5
9672 4
9673 22
9674 45
9675 37
9676 84
9677 78
9678 104
9679 6
9680 110
9681 60
9682 105
9683 25
9684 124
9685 14
9686 37
9687 16
9688 137
9689 29
9690 80
9691 54
9692 117
9693 92
9694 74
9695 85
9696 109
9697 119
9698 65
9699 37
9700 40
9701 49
9702 128
9703 32
9704 117
9705 32
9706 61
9707 68
9708 134
9709 120
9710 107
9711 137
9712 22
9713 21
9714 128
9715 140
9716 70
9717 117
9718 3
9719 105
9720 28
9721 1
9722 125
9723 95
9724 136
9725 128
9726 108
9727 75
9728 53
9729 107
9730 15
9731 138
9732 62
9733 133
9734 109
9735 39
9736 132
9737 82
9738 85
9739 98
9740 88
9741 29
9742 17
9743 63
9744 26
9745 93
9746 26
9747 130
9748 140
9749 114
9750 96
9751 120
9752 133
9753 45
9754 17
9755 119
9756 42
9757 84
9758 3
9759 23
9760 88
9761 75
9762 16
9763 69
9764 2
9765 59
9766 129
9767 25
9768 111
9769 122
9770 25
9771 91
9772 112
9773 43
9774 58
9775 129
9776 106
9777 68
9778 67
9779 59
9780 130
9781 81
9782 67
9783 121
9784 36
9785 118
9786 77
9787 13
9788 37
9789 136
9790 101
9791 67
9792 67
9793 91
9794 137
9795 67
9796 122
9797 88
9798 111
9799 88
9800 115
9801 42
9802 39
9803 24
9804 109
9805 17
9806 129
9807 60
9808 5
9809 13
9810 145
9811 122
9812 94
9813 26
9814 7
9815 31
9816 45
9817 122
9818 22
9819 20
9820 67
9821 120
9822 96
9823 26
9824 75
9825 136
9826 16
9827 93
9828 2
9829 55
9830 2
9831 59
9832 63
9833 78
9834 141
9835 93
9836 2
9837 29
9838 85
9839 69
9840 20
9841 54
9842 107
9843 40
9844 55
9845 34
9846 14
9847 102
9848 81
9849 38
9850 52
9851 77
9852 6
9853 51
9854 2
9855 115
9856 5
9857 32
9858 53
9859 67
9860 110
9861 75
9862 36
9863 106
9864 89
9865 79
9866 7
9867 16
9868 122
9869 136
9870 139
9871 93
9872 123
9873 86
9874 4
9875 10
9876 84
9877 12
9878 121
9879 141
9880 63
9881 127
9882 18
9883 112
9884 50
9885 73
9886 50
9887 133
9888 114
9889 24
9890 125
9891 26
9892 48
9893 42
9894 128
9895 95
9896 124
9897 54
9898 26
9899 46
9900 81
9901 49
9902 97
9903 104
9904 78
9905 39
9906 74
9907 42
9908 134
9909 52
9910 75
9911 71
9912 62
9913 71
9914 88
9915 10
9916 86
9917 29
9918 99
9919 125
9920 80
9921 92
9922 17
9923 128
9924 110
9925 69
9926 58
9927 120
9928 129
9929 22
9930 15
9931 133
9932 7
9933 98
9934 87
9935 60
9936 102
9937 114
9938 138
9939 140
9940 1
9941 94
9942 13
9943 90
9944 144
9945 5
9946 18
9947 45
9948 121
9949 103
9950 37
9951 128
9952 106
9953 100
9954 28
9955 76
9956 29
9957 51
9958 17
9959 47
9960 44
9961 75
9962 6
9963 33
9964 65
9965 31
9966 144
9967 41
9968 114
9969 35
9970 71
9971 63
9972 22
9973 10
9974 72
9975 27
9976 45
9977 46
9978 116
9979 60
9980 113
9981 7
9982 145
9983 81
9984 1
9985 82
9986 26
9987 2
9988 112
9989 23
9990 114
9991 60
9992 2
9993 75
9994 62
9995 67
9996 123
9997 14
9998 62
9999 120
