0 13
1 1
2 11
3 12
4 17
5 7
6 16
7 14
8 16
9 16
10 15
11 8
12 16
13 2
14 9
15 11
16 10
17 12
18 8
19 8
20 1
21 1
22 1
23 11
24 6
25 11
26 17
27 6
28 8
29 16
30 5
31 7
32 2
33 10
34 3
35 8
36 15
37 8
38 17
39 1
40 7
41 3
42 9
43 1
44 2
45 1
46 9
47 3
48 12
49 12
50 2
51 13
52 17
53 2
54 14
55 15
56 7
57 11
58 16
59 16
60 9
61 9
62 14
63 1
64 13
65 7
66 11
67 14
68 10
69 8
70 5
71 10
72 13
73 7
74 6
75 13
76 9
77 2
78 15
79 14
80 14
81 5
82 9
83 4
84 5
85 7
86 16
87 3
88 17
89 13
90 8
91 9
92 6
93 7
94 1
95 16
96 6
97 8
98 2
99 10
100 3
101 12
102 11
103 8
104 2
105 15
106 14
107 6
108 12
109 15
110 11
111 7
112 17
113 14
114 10
115 11
116 3
117 8
118 9
119 2
120 13
121 8
122 17
123 12
124 10
125 13
126 8
127 3
128 13
129 10
130 17
131 15
132 13
133 16
134 17
135 5
136 6
137 9
138 12
139 7
140 9
141 13
142 16
143 2
144 8
145 9
146 2
147 15
148 12
149 3
150 11
151 10
152 9
153 3
154 14
155 12
156 8
157 17
158 3
159 15
160 10
161 1
162 5
163 15
164 15
165 1
166 9
167 7
168 2
169 9
170 12
171 5
172 11
173 1
174 4
175 3
176 5
177 4
178 4
179 10
180 2
181 16
182 12
183 9
184 12
185 7
186 1
187 9
188 5
189 8
190 10
191 11
192 12
193 15
194 14
195 3
196 12
197 2
198 5
199 9
200 2
201 5
202 9
203 15
204 15
205 11
206 1
207 2
208 9
209 15
210 2
211 8
212 13
213 3
214 6
215 6
216 9
217 16
218 8
219 6
220 2
221 2
222 14
223 3
224 12
225 1
226 14
227 16
228 9
229 14
230 17
231 9
232 10
233 10
234 3
235 9
236 4
237 9
238 5
239 4
240 8
241 9
242 2
243 9
244 9
245 1
246 7
247 13
248 14
249 5
250 3
251 8
252 7
253 9
254 7
255 10
256 10
257 17
258 10
259 16
260 12
261 14
262 3
263 17
264 8
265 3
266 12
267 7
268 13
269 2
270 4
271 10
272 15
273 10
274 1
275 7
276 2
277 15
278 13
279 15
280 14
281 2
282 9
283 14
284 16
285 9
286 8
287 1
288 12
289 16
290 16
291 12
292 8
293 15
294 14
295 4
296 7
297 13
298 14
299 17
300 5
301 16
302 10
303 3
304 16
305 5
306 16
307 10
308 1
309 7
310 6
311 16
312 12
313 7
314 7
315 9
316 4
317 8
318 4
319 15
320 6
321 5
322 3
323 10
324 1
325 13
326 8
327 11
328 6
329 12
330 1
331 4
332 12
333 5
334 3
335 6
336 16
337 7
338 6
339 16
340 2
341 11
342 11
343 14
344 6
345 10
346 4
347 6
348 8
349 16
350 6
351 12
352 8
353 16
354 12
355 17
356 11
357 5
358 17
359 3
360 7
361 11
362 8
363 16
364 12
365 7
366 9
367 8
368 7
369 10
370 8
371 13
372 8
373 11
374 8
375 13
376 7
377 3
378 2
379 8
380 1
381 8
382 3
383 4
384 3
385 17
386 6
387 17
388 10
389 4
390 2
391 6
392 9
393 17
394 2
395 8
396 7
397 6
398 12
399 17
400 7
401 8
402 5
403 10
404 12
405 10
406 2
407 8
408 15
409 17
410 1
411 3
412 17
413 15
414 11
415 3
416 11
417 2
418 7
419 10
420 3
421 10
422 6
423 12
424 12
425 17
426 3
427 13
428 17
429 17
430 9
431 7
432 8
433 2
434 8
435 8
436 5
437 5
438 1
439 3
440 7
441 15
442 2
443 1
444 10
445 6
446 8
447 11
448 14
449 11
450 10
451 14
452 7
453 5
454 12
455 8
456 13
457 8
458 4
459 17
460 6
461 17
462 1
463 1
464 4
465 17
466 14
467 13
468 6
469 8
470 2
471 12
472 3
473 14
474 17
475 13
476 12
477 9
478 5
479 2
480 2
481 14
482 2
483 15
484 8
485 5
486 4
487 2
488 2
489 10
490 3
491 1
492 12
493 15
494 11
495 6
496 9
497 4
498 15
499 12
500 6
501 14
502 1
503 5
504 8
505 5
506 6
507 15
508 2
509 3
510 8
511 4
512 13
513 11
514 9
515 14
516 12
517 2
518 1
519 7
520 2
521 2
522 2
523 15
524 2
525 15
526 12
527 1
528 16
529 14
530 3
531 7
532 16
533 2
534 13
535 4
536 4
537 1
538 12
539 9
540 4
541 8
542 1
543 10
544 17
545 2
546 11
547 2
548 17
549 6
550 4
551 15
552 6
553 14
554 10
555 9
556 1
557 6
558 8
559 15
560 13
561 13
562 9
563 9
564 2
565 11
566 2
567 6
568 11
569 14
570 9
571 11
572 12
573 15
574 6
575 17
576 10
577 16
578 7
579 17
580 3
581 9
582 3
583 8
584 8
585 7
586 2
587 2
588 16
589 14
590 12
591 7
592 12
593 15
594 16
595 6
596 12
597 16
598 1
599 13
600 10
601 14
602 7
603 10
604 9
605 12
606 11
607 10
608 10
609 5
610 9
611 7
612 5
613 9
614 10
615 17
616 8
617 3
618 8
619 10
620 1
621 5
622 5
623 2
624 10
625 3
626 3
627 17
628 3
629 12
630 8
631 9
632 5
633 10
634 3
635 14
636 10
637 8
638 14
639 8
640 16
641 12
642 7
643 5
644 7
645 4
646 16
647 15
648 6
649 12
650 1
651 16
652 14
653 16
654 2
655 8
656 13
657 13
658 8
659 15
660 3
661 17
662 3
663 12
664 10
665 16
666 7
667 13
668 17
669 2
670 16
671 8
672 8
673 4
674 7
675 10
676 14
677 8
678 13
679 1
680 15
681 7
682 7
683 15
684 5
685 16
686 13
687 3
688 7
689 14
690 9
691 6
692 6
693 11
694 7
695 1
696 16
697 16
698 14
699 14
700 2
701 17
702 2
703 14
704 10
705 12
706 2
707 1
708 12
709 8
710 3
711 2
712 13
713 17
714 5
715 3
716 2
717 14
718 5
719 13
720 9
721 10
722 16
723 14
724 7
725 8
726 17
727 5
728 14
729 7
730 8
731 5
732 16
733 5
734 8
735 2
736 3
737 1
738 6
739 14
740 12
741 10
742 13
743 17
744 8
745 6
746 1
747 6
748 8
749 2
750 12
751 16
752 6
753 9
754 7
755 5
756 16
757 11
758 17
759 10
760 10
761 15
762 9
763 6
764 5
765 11
766 15
767 10
768 16
769 16
770 10
771 1
772 1
773 10
774 11
775 3
776 8
777 1
778 11
779 11
780 1
781 5
782 12
783 12
784 11
785 10
786 14
787 12
788 12
789 9
790 1
791 5
792 9
793 11
794 1
795 10
796 2
797 8
798 5
799 17
800 5
801 4
802 4
803 2
804 15
805 4
806 17
807 5
808 9
809 10
810 7
811 5
812 5
813 11
814 11
815 12
816 2
817 17
818 2
819 15
820 14
821 13
822 4
823 6
824 3
825 2
826 7
827 11
828 5
829 7
830 7
831 8
832 17
833 14
834 17
835 4
836 14
837 12
838 5
839 12
840 10
841 13
842 5
843 17
844 8
845 9
846 16
847 14
848 9
849 7
850 6
851 13
852 5
853 10
854 4
855 7
856 12
857 2
858 8
859 14
860 9
861 12
862 8
863 12
864 10
865 9
866 17
867 13
868 9
869 10
870 1
871 4
872 4
873 4
874 17
875 8
876 10
877 6
878 9
879 11
880 8
881 14
882 1
883 15
884 5
885 8
886 11
887 12
888 7
889 2
890 7
891 13
892 15
893 8
894 16
895 16
896 8
897 12
898 13
899 13
900 15
901 10
902 11
903 3
904 14
905 10
906 9
907 2
908 2
909 3
910 8
911 9
912 15
913 15
914 8
915 12
916 13
917 1
918 6
919 15
920 11
921 13
922 8
923 7
924 6
925 7
926 15
927 9
928 1
929 15
930 10
931 10
932 15
933 2
934 15
935 10
936 12
937 8
938 17
939 11
940 9
941 14
942 5
943 5
944 4
945 10
946 5
947 12
948 11
949 4
950 13
951 13
952 4
953 6
954 10
955 4
956 2
957 11
958 7
959 5
960 2
961 16
962 11
963 13
964 1
965 13
966 10
967 1
968 8
969 7
970 16
971 8
972 3
973 8
974 6
975 17
976 9
977 8
978 8
979 2
980 5
981 16
982 4
983 3
984 5
985 4
986 17
987 5
988 3
989 4
990 7
991 2
992 5
993 9
994 8
995 11
996 5
997 12
998 10
999 8
