0 3
1 2
2 1
3 2
4 3
5 1
6 1
7 1
8 1
9 1
10 1
11 3
12 3
13 3
14 3
15 1
16 3
17 3
18 2
19 3
20 1
21 1
22 3
23 1
24 2
25 3
26 3
27 3
28 3
29 1
30 2
31 3
32 1
33 2
34 3
35 3
36 3
37 2
38 2
39 3
40 3
41 3
42 3
43 3
44 1
45 3
46 2
47 3
48 1
49 3
50 1
51 1
52 1
53 3
54 3
55 2
56 2
57 1
58 2
59 2
60 3
61 2
62 3
63 3
64 2
65 3
66 2
67 1
68 3
69 2
70 1
71 3
72 2
73 2
74 2
75 2
76 1
77 3
78 2
79 1
80 2
81 3
82 3
83 1
84 1
85 2
86 3
87 1
88 1
89 3
90 2
91 1
92 1
93 2
94 3
95 3
96 3
97 3
98 3
99 3
100 2
101 3
102 2
103 2
104 2
105 2
106 1
107 1
108 2
109 3
110 2
111 2
112 3
113 3
114 1
115 1
116 3
117 2
118 3
119 1
120 1
121 3
122 2
123 3
124 2
125 3
126 2
127 3
128 3
129 1
130 3
131 1
132 3
133 2
134 1
135 1
136 1
137 3
138 1
139 2
140 2
141 2
142 1
143 3
144 1
145 1
146 1
147 1
148 3
149 1
150 3
151 3
152 3
153 2
154 3
155 1
156 1
157 2
158 3
159 1
160 3
161 2
162 3
163 2
164 3
165 1
166 3
167 3
168 3
169 2
170 2
171 3
172 2
173 3
174 3
175 3
176 1
177 2
178 1
179 3
180 3
181 1
182 3
183 2
184 2
185 3
186 3
187 1
188 3
189 2
190 3
191 2
192 2
193 3
194 1
195 2
196 2
197 3
198 3
199 1
200 2
201 3
202 2
203 2
204 1
205 1
206 3
207 2
208 1
209 2
210 3
211 3
212 3
213 1
214 3
215 2
216 3
217 2
218 2
219 1
220 3
221 1
222 3
223 3
224 1
225 3
226 2
227 2
228 1
229 2
230 1
231 1
232 1
233 2
234 2
235 3
236 3
237 3
238 1
239 2
240 1
241 2
242 3
243 3
244 3
245 2
246 3
247 3
248 3
249 2
250 1
251 3
252 3
253 3
254 2
255 1
256 1
257 3
258 3
259 3
260 3
261 3
262 2
263 3
264 1
265 2
266 3
267 3
268 1
269 3
270 3
271 3
272 2
273 1
274 3
275 1
276 3
277 1
278 2
279 2
280 3
281 2
282 1
283 1
284 1
285 1
286 1
287 2
288 2
289 2
290 1
291 3
292 1
293 3
294 2
295 1
296 1
297 2
298 3
299 1
300 1
301 3
302 1
303 3
304 2
305 3
306 3
307 1
308 3
309 1
310 3
311 3
312 2
313 2
314 2
315 1
316 1
317 1
318 3
319 3
320 3
321 1
322 1
323 3
324 3
325 3
326 3
327 1
328 3
329 3
330 3
331 1
332 3
333 1
334 3
335 3
336 3
337 3
338 1
339 3
340 2
341 3
342 1
343 2
344 1
345 3
346 3
347 1
348 2
349 2
350 1
351 3
352 3
353 2
354 1
355 2
356 3
357 2
358 2
359 2
360 3
361 3
362 1
363 3
364 1
365 3
366 3
367 3
368 2
369 1
370 3
371 3
372 3
373 3
374 1
375 3
376 3
377 3
378 3
379 3
380 3
381 3
382 3
383 3
384 2
385 1
386 3
387 1
388 1
389 3
390 3
391 2
392 2
393 1
394 2
395 3
396 3
397 2
398 3
399 2
400 3
401 1
402 2
403 1
404 3
405 3
406 3
407 2
408 3
409 2
410 2
411 1
412 3
413 3
414 2
415 1
416 3
417 3
418 2
419 1
420 1
421 3
422 3
423 2
424 2
425 2
426 1
427 3
428 2
429 1
430 2
431 2
432 2
433 3
434 1
435 1
436 3
437 2
438 3
439 1
440 1
441 3
442 3
443 2
444 1
445 2
446 3
447 3
448 3
449 2
450 2
451 2
452 3
453 2
454 2
455 1
456 2
457 2
458 1
459 2
460 3
461 2
462 2
463 1
464 3
465 3
466 2
467 2
468 2
469 1
470 1
471 1
472 3
473 1
474 3
475 3
476 2
477 3
478 1
479 1
480 3
481 2
482 3
483 2
484 2
485 3
486 3
487 3
488 3
489 3
490 2
491 2
492 2
493 1
494 3
495 3
496 3
497 2
498 2
499 1
500 3
501 3
502 2
503 3
504 1
505 1
506 2
507 1
508 3
509 3
510 3
511 2
512 2
513 2
514 3
515 2
516 3
517 3
518 3
519 2
520 3
521 3
522 1
523 3
524 1
525 3
526 1
527 3
528 3
529 1
530 2
531 3
532 2
533 1
534 3
535 3
536 2
537 2
538 2
539 1
540 1
541 3
542 2
543 3
544 2
545 2
546 1
547 2
548 2
549 2
550 2
551 2
552 3
553 2
554 3
555 1
556 3
557 3
558 2
559 3
560 3
561 1
562 1
563 2
564 1
565 2
566 3
567 2
568 1
569 3
570 2
571 3
572 1
573 1
574 3
575 1
576 1
577 1
578 1
579 3
580 3
581 2
582 3
583 2
584 3
585 1
586 3
587 1
588 2
589 3
590 3
591 2
592 2
593 2
594 3
595 3
596 1
597 3
598 1
599 2
600 3
601 1
602 2
603 3
604 1
605 3
606 1
607 2
608 2
609 2
610 1
611 3
612 3
613 3
614 1
615 2
616 3
617 3
618 1
619 3
620 2
621 3
622 2
623 2
624 2
625 3
626 2
627 1
628 3
629 2
630 1
631 3
632 2
633 3
634 3
635 3
636 3
637 2
638 1
639 1
640 2
641 1
642 2
643 3
644 3
645 3
646 1
647 3
648 1
649 3
650 2
651 2
652 2
653 2
654 3
655 1
656 3
657 3
658 3
659 2
660 3
661 3
662 1
663 1
664 1
665 3
666 3
667 2
668 2
669 1
670 1
671 3
672 1
673 3
674 1
675 2
676 1
677 1
678 3
679 2
680 2
681 3
682 1
683 1
684 2
685 3
686 3
687 3
688 3
689 1
690 3
691 1
692 1
693 3
694 2
695 3
696 1
697 1
698 3
699 2
700 1
701 3
702 1
703 1
704 3
705 2
706 3
707 2
708 1
709 3
710 3
711 3
712 1
713 1
714 3
715 2
716 1
717 2
718 3
719 2
720 2
721 1
722 1
723 3
724 2
725 2
726 2
727 1
728 3
729 1
730 1
731 2
732 3
733 2
734 3
735 3
736 2
737 3
738 3
739 1
740 3
741 1
742 1
743 3
744 2
745 3
746 3
747 2
748 3
749 3
750 3
751 3
752 3
753 2
754 3
755 2
756 2
757 1
758 2
759 3
760 1
761 3
762 3
763 3
764 1
765 3
766 3
767 2
768 2
769 3
770 2
771 3
772 3
773 1
774 1
775 1
776 3
777 3
778 3
779 1
780 3
781 1
782 3
783 2
784 2
785 1
786 3
787 2
788 2
789 2
790 2
791 1
792 2
793 3
794 3
795 3
796 2
797 3
798 3
799 1
800 2
801 3
802 1
803 3
804 3
805 2
806 3
807 3
808 1
809 3
810 3
811 3
812 1
813 3
814 2
815 3
816 1
817 3
818 1
819 1
820 3
821 3
822 3
823 3
824 3
825 1
826 2
827 3
828 3
829 1
830 3
831 2
832 1
833 3
834 2
835 2
836 1
837 2
838 2
839 2
840 3
841 3
842 2
843 3
844 2
845 3
846 3
847 2
848 2
849 3
850 1
851 2
852 1
853 2
854 3
855 3
856 3
857 1
858 3
859 3
860 3
861 3
862 3
863 3
864 3
865 2
866 1
867 1
868 3
869 3
870 3
871 3
872 3
873 1
874 2
875 3
876 3
877 3
878 1
879 2
880 2
881 3
882 3
883 3
884 1
885 1
886 2
887 2
888 1
889 3
890 2
891 1
892 3
893 3
894 3
895 2
896 3
897 1
898 1
899 1
900 1
901 1
902 1
903 2
904 2
905 1
906 1
907 1
908 1
909 2
910 2
911 1
912 1
913 3
914 3
915 2
916 2
917 2
918 3
919 3
920 2
921 1
922 3
923 3
924 3
925 3
926 2
927 1
928 2
929 2
930 3
931 3
932 3
933 2
934 2
935 3
936 2
937 1
938 3
939 2
940 2
941 3
942 2
943 3
944 3
945 3
946 3
947 2
948 1
949 1
950 1
951 3
952 3
953 1
954 2
955 2
956 1
957 2
958 2
959 1
960 2
961 2
962 1
963 2
964 1
965 3
966 3
967 3
968 2
969 2
970 1
971 3
972 3
973 2
974 3
975 3
976 3
977 2
978 1
979 1
980 2
981 2
982 2
983 3
984 1
985 2
986 3
987 3
988 2
989 2
990 2
991 2
992 1
993 2
994 1
995 3
996 2
997 3
998 1
999 3
