0 1
1 6
2 22
3 38
4 13
5 11
6 33
7 34
8 22
9 11
10 5
11 9
12 30
13 36
14 3
15 4
16 9
17 25
18 32
19 16
20 7
21 28
22 28
23 28
24 37
25 9
26 12
27 37
28 3
29 12
30 8
31 10
32 17
33 24
34 13
35 33
36 31
37 36
38 10
39 27
40 16
41 19
42 13
43 33
44 8
45 32
46 30
47 32
48 39
49 27
50 11
51 31
52 15
53 37
54 25
55 20
56 2
57 21
58 26
59 16
60 38
61 24
62 3
63 26
64 22
65 2
66 35
67 27
68 1
69 23
70 4
71 7
72 31
73 29
74 11
75 4
76 37
77 11
78 27
79 35
80 34
81 35
82 1
83 10
84 1
85 25
86 11
87 2
88 23
89 12
90 16
91 27
92 13
93 17
94 21
95 25
96 28
97 24
98 1
99 36
100 29
101 32
102 27
103 23
104 30
105 25
106 17
107 24
108 35
109 9
110 13
111 34
112 37
113 31
114 11
115 9
116 31
117 19
118 31
119 39
120 14
121 30
122 39
123 32
124 25
125 16
126 25
127 39
128 19
129 11
130 28
131 39
132 33
133 17
134 16
135 27
136 10
137 18
138 18
139 30
140 6
141 9
142 33
143 4
144 32
145 16
146 20
147 34
148 12
149 8
150 21
151 18
152 32
153 4
154 30
155 12
156 14
157 7
158 30
159 18
160 12
161 35
162 36
163 18
164 22
165 30
166 5
167 24
168 31
169 1
170 35
171 1
172 39
173 11
174 13
175 35
176 25
177 17
178 35
179 12
180 29
181 4
182 38
183 20
184 22
185 13
186 5
187 12
188 23
189 29
190 12
191 24
192 14
193 15
194 3
195 39
196 19
197 8
198 34
199 28
200 32
201 18
202 10
203 26
204 15
205 31
206 35
207 30
208 10
209 38
210 27
211 27
212 29
213 25
214 36
215 6
216 17
217 37
218 27
219 1
220 12
221 19
222 19
223 18
224 26
225 12
226 32
227 30
228 11
229 38
230 4
231 32
232 38
233 30
234 20
235 23
236 17
237 7
238 24
239 39
240 21
241 25
242 27
243 9
244 1
245 29
246 12
247 30
248 34
249 11
250 3
251 10
252 28
253 12
254 20
255 35
256 4
257 15
258 18
259 24
260 32
261 21
262 28
263 24
264 25
265 17
266 23
267 28
268 1
269 17
270 27
271 30
272 25
273 12
274 11
275 21
276 23
277 1
278 24
279 19
280 32
281 36
282 25
283 10
284 24
285 13
286 12
287 3
288 32
289 1
290 34
291 26
292 32
293 35
294 2
295 29
296 29
297 31
298 4
299 31
300 4
301 1
302 31
303 15
304 4
305 7
306 38
307 33
308 27
309 31
310 25
311 13
312 22
313 27
314 7
315 13
316 18
317 31
318 37
319 28
320 25
321 2
322 25
323 18
324 19
325 18
326 4
327 29
328 1
329 27
330 15
331 5
332 18
333 28
334 4
335 1
336 21
337 28
338 11
339 6
340 5
341 27
342 19
343 28
344 8
345 7
346 21
347 34
348 31
349 34
350 18
351 1
352 8
353 29
354 23
355 38
356 25
357 12
358 20
359 29
360 28
361 12
362 29
363 25
364 30
365 13
366 5
367 34
368 36
369 32
370 35
371 10
372 23
373 16
374 35
375 34
376 4
377 32
378 19
379 3
380 25
381 21
382 21
383 34
384 32
385 6
386 17
387 32
388 7
389 7
390 7
391 10
392 19
393 23
394 10
395 19
396 27
397 36
398 39
399 3
400 31
401 4
402 14
403 12
404 27
405 7
406 2
407 25
408 7
409 36
410 19
411 20
412 2
413 23
414 26
415 5
416 5
417 17
418 3
419 12
420 5
421 31
422 39
423 39
424 32
425 4
426 7
427 34
428 34
429 15
430 31
431 13
432 35
433 33
434 22
435 8
436 5
437 1
438 34
439 16
440 6
441 18
442 17
443 24
444 15
445 39
446 6
447 31
448 8
449 21
450 1
451 3
452 13
453 26
454 38
455 33
456 38
457 15
458 17
459 14
460 14
461 10
462 16
463 33
464 24
465 19
466 31
467 1
468 11
469 26
470 18
471 17
472 12
473 35
474 14
475 15
476 34
477 13
478 3
479 6
480 29
481 22
482 37
483 14
484 36
485 17
486 21
487 29
488 17
489 6
490 20
491 30
492 36
493 30
494 13
495 23
496 9
497 4
498 1
499 25
500 14
501 28
502 11
503 33
504 25
505 35
506 35
507 27
508 8
509 39
510 27
511 28
512 1
513 27
514 16
515 1
516 15
517 11
518 23
519 16
520 4
521 4
522 25
523 39
524 38
525 21
526 9
527 1
528 31
529 14
530 30
531 1
532 3
533 29
534 27
535 35
536 7
537 9
538 24
539 32
540 16
541 27
542 30
543 38
544 24
545 21
546 32
547 11
548 31
549 25
550 31
551 15
552 14
553 27
554 31
555 27
556 10
557 27
558 26
559 32
560 39
561 17
562 18
563 13
564 10
565 27
566 1
567 9
568 28
569 17
570 3
571 21
572 13
573 15
574 39
575 3
576 3
577 10
578 13
579 34
580 35
581 31
582 22
583 31
584 5
585 2
586 6
587 17
588 29
589 21
590 9
591 5
592 26
593 7
594 14
595 10
596 35
597 21
598 2
599 26
600 4
601 4
602 20
603 10
604 12
605 20
606 1
607 28
608 33
609 24
610 9
611 6
612 11
613 21
614 4
615 31
616 29
617 31
618 9
619 25
620 21
621 39
622 5
623 37
624 31
625 19
626 28
627 31
628 10
629 32
630 28
631 14
632 39
633 7
634 30
635 30
636 32
637 16
638 31
639 2
640 2
641 38
642 17
643 12
644 18
645 16
646 24
647 28
648 28
649 31
650 32
651 18
652 34
653 35
654 24
655 36
656 18
657 20
658 12
659 7
660 25
661 15
662 9
663 35
664 1
665 1
666 31
667 4
668 20
669 13
670 22
671 19
672 1
673 21
674 22
675 2
676 27
677 36
678 4
679 35
680 17
681 27
682 28
683 7
684 16
685 28
686 28
687 39
688 32
689 31
690 5
691 28
692 27
693 7
694 16
695 22
696 28
697 6
698 19
699 20
700 23
701 15
702 17
703 14
704 33
705 2
706 29
707 29
708 27
709 31
710 10
711 33
712 10
713 20
714 36
715 24
716 32
717 13
718 20
719 22
720 29
721 19
722 39
723 22
724 10
725 18
726 35
727 24
728 12
729 1
730 26
731 27
732 9
733 30
734 23
735 10
736 38
737 33
738 23
739 29
740 23
741 24
742 32
743 12
744 3
745 32
746 5
747 37
748 16
749 14
750 31
751 25
752 25
753 38
754 18
755 33
756 17
757 27
758 12
759 16
760 10
761 21
762 38
763 23
764 25
765 27
766 19
767 34
768 31
769 28
770 31
771 15
772 27
773 25
774 13
775 39
776 8
777 22
778 8
779 23
780 25
781 1
782 36
783 4
784 25
785 32
786 23
787 32
788 36
789 13
790 16
791 7
792 7
793 39
794 31
795 7
796 26
797 6
798 14
799 4
800 26
801 27
802 38
803 31
804 4
805 15
806 3
807 25
808 13
809 14
810 17
811 6
812 39
813 20
814 20
815 15
816 22
817 8
818 14
819 31
820 13
821 18
822 24
823 3
824 11
825 8
826 23
827 9
828 32
829 28
830 33
831 31
832 19
833 3
834 8
835 37
836 28
837 28
838 3
839 8
840 18
841 13
842 9
843 6
844 38
845 26
846 6
847 27
848 18
849 35
850 36
851 27
852 39
853 29
854 21
855 29
856 2
857 31
858 25
859 2
860 12
861 30
862 31
863 33
864 13
865 15
866 28
867 18
868 21
869 31
870 11
871 24
872 14
873 8
874 37
875 7
876 22
877 5
878 26
879 31
880 32
881 6
882 13
883 7
884 5
885 16
886 5
887 17
888 34
889 21
890 31
891 13
892 29
893 2
894 39
895 29
896 18
897 21
898 16
899 35
900 39
901 24
902 31
903 25
904 11
905 35
906 38
907 31
908 9
909 37
910 20
911 23
912 26
913 32
914 19
915 34
916 25
917 17
918 8
919 9
920 35
921 14
922 1
923 6
924 27
925 1
926 18
927 3
928 27
929 22
930 37
931 11
932 26
933 32
934 27
935 34
936 6
937 26
938 14
939 30
940 21
941 9
942 1
943 33
944 14
945 6
946 19
947 22
948 39
949 18
950 13
951 20
952 14
953 28
954 23
955 22
956 1
957 23
958 25
959 26
960 2
961 6
962 13
963 13
964 19
965 30
966 9
967 28
968 18
969 37
970 29
971 11
972 6
973 39
974 11
975 17
976 15
977 6
978 14
979 17
980 37
981 21
982 13
983 14
984 11
985 6
986 27
987 4
988 26
989 35
990 5
991 23
992 16
993 39
994 10
995 3
996 38
997 38
998 34
999 28
1000 31
1001 33
1002 20
1003 17
1004 34
1005 16
1006 13
1007 10
1008 27
1009 36
1010 37
1011 32
1012 28
1013 23
1014 22
1015 9
1016 22
1017 36
1018 1
1019 35
1020 38
1021 12
1022 11
1023 7
1024 35
1025 31
1026 4
1027 32
1028 7
1029 15
1030 9
1031 30
1032 20
1033 30
1034 1
1035 38
1036 15
1037 13
1038 24
1039 12
1040 36
1041 3
1042 23
1043 24
1044 12
1045 8
1046 37
1047 31
1048 35
1049 13
1050 23
1051 10
1052 20
1053 37
1054 13
1055 14
1056 20
1057 38
1058 36
1059 6
1060 36
1061 34
1062 22
1063 27
1064 12
1065 24
1066 22
1067 9
1068 4
1069 9
1070 21
1071 17
1072 5
1073 35
1074 31
1075 16
1076 29
1077 25
1078 27
1079 24
1080 36
1081 34
1082 6
1083 27
1084 29
1085 35
1086 27
1087 31
1088 12
1089 28
1090 36
1091 6
1092 25
1093 20
1094 26
1095 23
1096 28
1097 32
1098 27
1099 17
1100 3
1101 26
1102 32
1103 20
1104 32
1105 38
1106 29
1107 37
1108 12
1109 7
1110 7
1111 20
1112 19
1113 28
1114 31
1115 28
1116 35
1117 15
1118 4
1119 2
1120 35
1121 18
1122 10
1123 26
1124 22
1125 16
1126 27
1127 12
1128 24
1129 24
1130 4
1131 19
1132 38
1133 38
1134 27
1135 13
1136 15
1137 23
1138 18
1139 7
1140 20
1141 13
1142 24
1143 38
1144 10
1145 5
1146 13
1147 23
1148 23
1149 16
1150 13
1151 23
1152 22
1153 33
1154 30
1155 35
1156 13
1157 28
1158 37
1159 31
1160 2
1161 22
1162 30
1163 38
1164 6
1165 36
1166 30
1167 13
1168 32
1169 9
1170 6
1171 6
1172 7
1173 7
1174 32
1175 1
1176 24
1177 34
1178 32
1179 28
1180 7
1181 1
1182 25
1183 27
1184 19
1185 27
1186 28
1187 13
1188 20
1189 32
1190 31
1191 29
1192 15
1193 27
1194 9
1195 23
1196 2
1197 6
1198 4
1199 13
1200 29
1201 37
1202 17
1203 17
1204 12
1205 7
1206 23
1207 15
1208 20
1209 11
1210 17
1211 33
1212 13
1213 7
1214 27
1215 23
1216 2
1217 31
1218 27
1219 29
1220 33
1221 25
1222 36
1223 39
1224 8
1225 25
1226 24
1227 14
1228 23
1229 39
1230 30
1231 10
1232 36
1233 28
1234 22
1235 17
1236 5
1237 19
1238 24
1239 31
1240 37
1241 8
1242 34
1243 13
1244 1
1245 5
1246 28
1247 9
1248 36
1249 29
1250 27
1251 11
1252 20
1253 12
1254 29
1255 29
1256 11
1257 22
1258 33
1259 32
1260 2
1261 23
1262 11
1263 1
1264 8
1265 2
1266 21
1267 12
1268 14
1269 7
1270 30
1271 2
1272 24
1273 17
1274 35
1275 3
1276 23
1277 13
1278 13
1279 7
1280 16
1281 7
1282 30
1283 37
1284 11
1285 4
1286 6
1287 30
1288 21
1289 17
1290 38
1291 16
1292 21
1293 36
1294 15
1295 19
1296 27
1297 31
1298 39
1299 18
1300 7
1301 27
1302 27
1303 9
1304 38
1305 34
1306 27
1307 32
1308 8
1309 17
1310 36
1311 13
1312 18
1313 3
1314 34
1315 26
1316 10
1317 15
1318 5
1319 9
1320 10
1321 30
1322 1
1323 12
1324 18
1325 25
1326 34
1327 33
1328 3
1329 18
1330 28
1331 32
1332 26
1333 31
1334 9
1335 24
1336 31
1337 31
1338 35
1339 39
1340 31
1341 3
1342 25
1343 20
1344 17
1345 27
1346 21
1347 13
1348 35
1349 6
1350 2
1351 13
1352 30
1353 6
1354 20
1355 18
1356 20
1357 3
1358 16
1359 30
1360 13
1361 8
1362 33
1363 31
1364 22
1365 17
1366 14
1367 13
1368 21
1369 35
1370 27
1371 38
1372 32
1373 19
1374 12
1375 30
1376 35
1377 18
1378 36
1379 33
1380 13
1381 36
1382 24
1383 21
1384 14
1385 36
1386 5
1387 25
1388 35
1389 9
1390 13
1391 18
1392 39
1393 27
1394 16
1395 13
1396 27
1397 15
1398 36
1399 31
1400 15
1401 11
1402 38
1403 24
1404 16
1405 9
1406 19
1407 26
1408 17
1409 1
1410 1
1411 24
1412 13
1413 6
1414 17
1415 17
1416 8
1417 18
1418 16
1419 21
1420 34
1421 34
1422 5
1423 3
1424 16
1425 9
1426 12
1427 21
1428 37
1429 1
1430 9
1431 15
1432 11
1433 32
1434 34
1435 17
1436 25
1437 34
1438 5
1439 17
1440 2
1441 16
1442 21
1443 32
1444 12
1445 28
1446 27
1447 28
1448 19
1449 21
1450 38
1451 4
1452 26
1453 35
1454 4
1455 31
1456 23
1457 25
1458 5
1459 7
1460 34
1461 2
1462 25
1463 32
1464 29
1465 4
1466 12
1467 15
1468 39
1469 38
1470 33
1471 21
1472 12
1473 1
1474 5
1475 25
1476 12
1477 3
1478 24
1479 18
1480 17
1481 5
1482 16
1483 33
1484 33
1485 9
1486 34
1487 22
1488 3
1489 24
1490 24
1491 12
1492 33
1493 24
1494 35
1495 4
1496 36
1497 21
1498 16
1499 33
1500 37
1501 30
1502 20
1503 24
1504 16
1505 31
1506 4
1507 37
1508 34
1509 8
1510 23
1511 23
1512 15
1513 11
1514 5
1515 26
1516 23
1517 1
1518 4
1519 5
1520 4
1521 8
1522 37
1523 15
1524 26
1525 6
1526 27
1527 39
1528 36
1529 11
1530 29
1531 35
1532 29
1533 23
1534 15
1535 21
1536 7
1537 32
1538 35
1539 30
1540 6
1541 23
1542 4
1543 10
1544 35
1545 39
1546 25
1547 11
1548 35
1549 10
1550 13
1551 33
1552 24
1553 5
1554 30
1555 27
1556 25
1557 17
1558 3
1559 13
1560 13
1561 23
1562 17
1563 10
1564 31
1565 3
1566 36
1567 6
1568 9
1569 16
1570 6
1571 18
1572 4
1573 21
1574 21
1575 35
1576 17
1577 1
1578 20
1579 38
1580 35
1581 17
1582 7
1583 32
1584 7
1585 3
1586 1
1587 10
1588 13
1589 14
1590 8
1591 28
1592 17
1593 8
1594 3
1595 13
1596 12
1597 32
1598 21
1599 24
1600 16
1601 34
1602 7
1603 11
1604 27
1605 32
1606 31
1607 1
1608 13
1609 6
1610 25
1611 18
1612 25
1613 35
1614 31
1615 16
1616 32
1617 13
1618 36
1619 12
1620 18
1621 30
1622 36
1623 29
1624 5
1625 31
1626 4
1627 20
1628 25
1629 28
1630 37
1631 31
1632 5
1633 22
1634 32
1635 26
1636 31
1637 38
1638 3
1639 29
1640 28
1641 9
1642 25
1643 39
1644 28
1645 15
1646 12
1647 34
1648 4
1649 23
1650 17
1651 38
1652 27
1653 26
1654 31
1655 30
1656 4
1657 4
1658 13
1659 3
1660 12
1661 10
1662 24
1663 38
1664 16
1665 8
1666 26
1667 35
1668 24
1669 35
1670 36
1671 9
1672 17
1673 18
1674 12
1675 38
1676 9
1677 30
1678 31
1679 15
1680 31
1681 2
1682 30
1683 29
1684 36
1685 27
1686 8
1687 21
1688 22
1689 15
1690 14
1691 22
1692 13
1693 35
1694 10
1695 1
1696 20
1697 29
1698 27
1699 14
1700 26
1701 38
1702 1
1703 18
1704 36
1705 30
1706 33
1707 19
1708 17
1709 14
1710 2
1711 1
1712 3
1713 13
1714 30
1715 10
1716 16
1717 22
1718 10
1719 33
1720 7
1721 2
1722 27
1723 27
1724 14
1725 30
1726 15
1727 13
1728 35
1729 8
1730 27
1731 38
1732 31
1733 12
1734 20
1735 9
1736 11
1737 9
1738 10
1739 29
1740 30
1741 4
1742 6
1743 35
1744 1
1745 38
1746 1
1747 11
1748 24
1749 17
1750 4
1751 39
1752 37
1753 29
1754 24
1755 18
1756 20
1757 32
1758 2
1759 33
1760 39
1761 34
1762 38
1763 36
1764 6
1765 11
1766 29
1767 26
1768 33
1769 31
1770 7
1771 1
1772 5
1773 32
1774 29
1775 32
1776 37
1777 6
1778 2
1779 27
1780 34
1781 30
1782 30
1783 32
1784 35
1785 32
1786 7
1787 1
1788 33
1789 15
1790 5
1791 11
1792 37
1793 4
1794 37
1795 12
1796 32
1797 8
1798 33
1799 36
1800 4
1801 23
1802 26
1803 26
1804 18
1805 39
1806 11
1807 36
1808 22
1809 21
1810 4
1811 12
1812 9
1813 12
1814 17
1815 25
1816 31
1817 4
1818 17
1819 21
1820 35
1821 19
1822 13
1823 16
1824 21
1825 3
1826 22
1827 13
1828 13
1829 18
1830 25
1831 16
1832 1
1833 31
1834 34
1835 7
1836 3
1837 6
1838 7
1839 3
1840 32
1841 17
1842 26
1843 37
1844 9
1845 38
1846 20
1847 34
1848 38
1849 35
1850 20
1851 31
1852 35
1853 22
1854 31
1855 33
1856 4
1857 10
1858 14
1859 7
1860 10
1861 16
1862 7
1863 1
1864 14
1865 31
1866 1
1867 21
1868 5
1869 8
1870 38
1871 7
1872 20
1873 21
1874 28
1875 20
1876 26
1877 30
1878 18
1879 10
1880 36
1881 13
1882 13
1883 37
1884 39
1885 8
1886 18
1887 21
1888 4
1889 39
1890 12
1891 13
1892 33
1893 16
1894 19
1895 19
1896 2
1897 22
1898 8
1899 3
1900 38
1901 39
1902 10
1903 22
1904 2
1905 5
1906 15
1907 11
1908 3
1909 23
1910 5
1911 11
1912 36
1913 26
1914 32
1915 34
1916 38
1917 38
1918 10
1919 11
1920 25
1921 30
1922 3
1923 5
1924 31
1925 7
1926 35
1927 38
1928 1
1929 9
1930 27
1931 1
1932 36
1933 31
1934 8
1935 26
1936 26
1937 1
1938 32
1939 32
1940 12
1941 24
1942 32
1943 32
1944 22
1945 8
1946 11
1947 20
1948 13
1949 36
1950 36
1951 36
1952 4
1953 12
1954 39
1955 36
1956 14
1957 12
1958 26
1959 10
1960 25
1961 23
1962 36
1963 35
1964 29
1965 17
1966 37
1967 21
1968 32
1969 16
1970 29
1971 31
1972 33
1973 14
1974 13
1975 24
1976 1
1977 1
1978 35
1979 8
1980 13
1981 18
1982 34
1983 13
1984 32
1985 25
1986 32
1987 39
1988 12
1989 30
1990 25
1991 11
1992 9
1993 2
1994 11
1995 38
1996 7
1997 25
1998 16
1999 4
2000 24
2001 14
2002 29
2003 26
2004 32
2005 9
2006 10
2007 20
2008 28
2009 38
2010 12
2011 35
2012 4
2013 13
2014 4
2015 34
2016 26
2017 20
2018 27
2019 16
2020 10
2021 29
2022 23
2023 31
2024 20
2025 1
2026 23
2027 30
2028 33
2029 9
2030 5
2031 12
2032 1
2033 7
2034 9
2035 13
2036 28
2037 13
2038 30
2039 31
2040 6
2041 26
2042 8
2043 31
2044 8
2045 19
2046 37
2047 1
2048 22
2049 7
2050 30
2051 23
2052 36
2053 24
2054 24
2055 18
2056 35
2057 15
2058 6
2059 38
2060 11
2061 17
2062 3
2063 24
2064 2
2065 31
2066 10
2067 12
2068 33
2069 24
2070 27
2071 11
2072 15
2073 38
2074 12
2075 13
2076 20
2077 35
2078 11
2079 8
2080 18
2081 4
2082 18
2083 2
2084 22
2085 36
2086 34
2087 28
2088 15
2089 2
2090 33
2091 31
2092 31
2093 21
2094 14
2095 6
2096 30
2097 32
2098 13
2099 10
2100 1
2101 10
2102 21
2103 31
2104 27
2105 29
2106 10
2107 14
2108 21
2109 34
2110 17
2111 27
2112 14
2113 11
2114 18
2115 16
2116 5
2117 6
2118 12
2119 5
2120 34
2121 32
2122 7
2123 2
2124 11
2125 4
2126 16
2127 7
2128 18
2129 7
2130 1
2131 19
2132 3
2133 38
2134 38
2135 31
2136 32
2137 5
2138 30
2139 36
2140 21
2141 35
2142 17
2143 19
2144 13
2145 10
2146 36
2147 4
2148 39
2149 34
2150 36
2151 27
2152 11
2153 22
2154 9
2155 37
2156 7
2157 9
2158 30
2159 37
2160 4
2161 35
2162 4
2163 23
2164 35
2165 15
2166 19
2167 24
2168 18
2169 13
2170 12
2171 28
2172 17
2173 31
2174 34
2175 16
2176 2
2177 26
2178 38
2179 38
2180 31
2181 39
2182 22
2183 12
2184 10
2185 33
2186 14
2187 34
2188 10
2189 35
2190 11
2191 23
2192 11
2193 20
2194 30
2195 26
2196 7
2197 18
2198 18
2199 19
2200 38
2201 7
2202 31
2203 4
2204 36
2205 23
2206 23
2207 26
2208 10
2209 36
2210 12
2211 7
2212 10
2213 26
2214 15
2215 7
2216 2
2217 38
2218 33
2219 16
2220 15
2221 35
2222 26
2223 11
2224 17
2225 27
2226 20
2227 26
2228 38
2229 15
2230 31
2231 35
2232 23
2233 23
2234 29
2235 14
2236 7
2237 37
2238 3
2239 21
2240 22
2241 24
2242 5
2243 10
2244 4
2245 4
2246 38
2247 9
2248 10
2249 12
2250 39
2251 9
2252 8
2253 21
2254 34
2255 17
2256 20
2257 5
2258 11
2259 4
2260 25
2261 4
2262 1
2263 36
2264 1
2265 15
2266 34
2267 19
2268 34
2269 31
2270 31
2271 31
2272 27
2273 15
2274 32
2275 25
2276 14
2277 30
2278 10
2279 27
2280 6
2281 31
2282 34
2283 38
2284 10
2285 19
2286 6
2287 4
2288 20
2289 13
2290 30
2291 25
2292 28
2293 37
2294 32
2295 27
2296 31
2297 1
2298 27
2299 2
2300 30
2301 20
2302 8
2303 30
2304 1
2305 12
2306 3
2307 38
2308 30
2309 28
2310 2
2311 32
2312 35
2313 13
2314 14
2315 35
2316 13
2317 8
2318 10
2319 15
2320 5
2321 31
2322 36
2323 3
2324 28
2325 6
2326 12
2327 22
2328 10
2329 26
2330 24
2331 1
2332 4
2333 36
2334 31
2335 13
2336 18
2337 26
2338 16
2339 34
2340 30
2341 21
2342 34
2343 29
2344 39
2345 13
2346 25
2347 27
2348 18
2349 32
2350 38
2351 15
2352 8
2353 36
2354 39
2355 30
2356 22
2357 39
2358 2
2359 33
2360 39
2361 18
2362 33
2363 10
2364 39
2365 33
2366 20
2367 16
2368 24
2369 2
2370 18
2371 10
2372 20
2373 9
2374 7
2375 1
2376 34
2377 7
2378 13
2379 12
2380 13
2381 27
2382 1
2383 15
2384 35
2385 34
2386 35
2387 38
2388 36
2389 25
2390 5
2391 19
2392 15
2393 21
2394 3
2395 6
2396 7
2397 17
2398 34
2399 24
2400 27
2401 17
2402 7
2403 23
2404 37
2405 23
2406 5
2407 24
2408 31
2409 23
2410 6
2411 25
2412 25
2413 2
2414 34
2415 36
2416 29
2417 12
2418 16
2419 36
2420 19
2421 8
2422 24
2423 35
2424 28
2425 24
2426 22
2427 27
2428 16
2429 18
2430 33
2431 37
2432 14
2433 10
2434 1
2435 32
2436 18
2437 24
2438 1
2439 14
2440 35
2441 13
2442 30
2443 21
2444 10
2445 10
2446 12
2447 38
2448 22
2449 31
2450 7
2451 38
2452 13
2453 34
2454 26
2455 32
2456 1
2457 30
2458 18
2459 4
2460 19
2461 13
2462 21
2463 32
2464 27
2465 9
2466 35
2467 15
2468 26
2469 28
2470 8
2471 17
2472 19
2473 27
2474 17
2475 34
2476 33
2477 11
2478 36
2479 33
2480 10
2481 12
2482 39
2483 25
2484 6
2485 11
2486 5
2487 6
2488 13
2489 24
2490 7
2491 21
2492 34
2493 32
2494 36
2495 33
2496 8
2497 12
2498 24
2499 4
2500 7
2501 28
2502 34
2503 8
2504 33
2505 29
2506 37
2507 7
2508 9
2509 1
2510 25
2511 26
2512 22
2513 15
2514 4
2515 4
2516 13
2517 39
2518 16
2519 35
2520 5
2521 30
2522 20
2523 4
2524 5
2525 22
2526 26
2527 38
2528 35
2529 27
2530 1
2531 13
2532 4
2533 16
2534 7
2535 28
2536 8
2537 17
2538 22
2539 14
2540 16
2541 31
2542 8
2543 25
2544 24
2545 36
2546 18
2547 38
2548 32
2549 21
2550 30
2551 35
2552 14
2553 5
2554 14
2555 13
2556 3
2557 32
2558 33
2559 35
2560 2
2561 25
2562 25
2563 25
2564 1
2565 30
2566 39
2567 27
2568 4
2569 26
2570 27
2571 22
2572 21
2573 23
2574 37
2575 32
2576 13
2577 36
2578 14
2579 2
2580 31
2581 38
2582 19
2583 9
2584 20
2585 38
2586 22
2587 5
2588 11
2589 37
2590 19
2591 34
2592 18
2593 27
2594 37
2595 30
2596 17
2597 7
2598 4
2599 18
2600 28
2601 25
2602 24
2603 39
2604 24
2605 32
2606 12
2607 15
2608 30
2609 38
2610 38
2611 9
2612 10
2613 26
2614 25
2615 22
2616 3
2617 9
2618 12
2619 21
2620 2
2621 8
2622 17
2623 33
2624 22
2625 1
2626 3
2627 37
2628 4
2629 39
2630 34
2631 19
2632 28
2633 25
2634 32
2635 38
2636 17
2637 12
2638 33
2639 34
2640 34
2641 39
2642 12
2643 29
2644 32
2645 38
2646 1
2647 12
2648 31
2649 30
2650 1
2651 12
2652 25
2653 35
2654 2
2655 27
2656 2
2657 16
2658 28
2659 11
2660 14
2661 4
2662 22
2663 12
2664 30
2665 16
2666 17
2667 32
2668 28
2669 4
2670 28
2671 31
2672 25
2673 22
2674 7
2675 30
2676 17
2677 14
2678 37
2679 36
2680 11
2681 4
2682 24
2683 23
2684 10
2685 16
2686 30
2687 25
2688 26
2689 38
2690 4
2691 30
2692 33
2693 16
2694 17
2695 2
2696 35
2697 17
2698 33
2699 33
2700 25
2701 27
2702 10
2703 35
2704 23
2705 29
2706 34
2707 34
2708 28
2709 11
2710 25
2711 18
2712 25
2713 29
2714 18
2715 12
2716 6
2717 21
2718 32
2719 1
2720 3
2721 35
2722 14
2723 27
2724 22
2725 34
2726 37
2727 8
2728 8
2729 22
2730 22
2731 33
2732 38
2733 5
2734 20
2735 18
2736 24
2737 21
2738 27
2739 11
2740 37
2741 23
2742 20
2743 1
2744 35
2745 29
2746 8
2747 15
2748 23
2749 36
2750 25
2751 34
2752 15
2753 28
2754 11
2755 35
2756 6
2757 15
2758 13
2759 6
2760 18
2761 11
2762 16
2763 22
2764 8
2765 34
2766 33
2767 28
2768 38
2769 1
2770 12
2771 22
2772 29
2773 7
2774 32
2775 29
2776 27
2777 11
2778 35
2779 13
2780 16
2781 36
2782 5
2783 18
2784 22
2785 26
2786 29
2787 25
2788 3
2789 27
2790 19
2791 17
2792 19
2793 24
2794 29
2795 20
2796 1
2797 32
2798 8
2799 38
2800 13
2801 6
2802 7
2803 4
2804 25
2805 36
2806 10
2807 18
2808 25
2809 5
2810 2
2811 21
2812 23
2813 34
2814 37
2815 16
2816 14
2817 9
2818 12
2819 8
2820 27
2821 31
2822 38
2823 21
2824 3
2825 3
2826 34
2827 4
2828 26
2829 21
2830 2
2831 22
2832 37
2833 24
2834 1
2835 16
2836 38
2837 34
2838 20
2839 39
2840 20
2841 18
2842 34
2843 31
2844 29
2845 9
2846 36
2847 18
2848 5
2849 39
2850 7
2851 12
2852 11
2853 13
2854 14
2855 15
2856 22
2857 33
2858 15
2859 10
2860 4
2861 27
2862 31
2863 27
2864 13
2865 18
2866 21
2867 26
2868 13
2869 28
2870 24
2871 32
2872 19
2873 26
2874 14
2875 20
2876 22
2877 31
2878 33
2879 21
2880 19
2881 31
2882 11
2883 24
2884 27
2885 32
2886 30
2887 16
2888 29
2889 3
2890 34
2891 3
2892 24
2893 21
2894 1
2895 15
2896 21
2897 10
2898 37
2899 9
2900 10
2901 19
2902 37
2903 31
2904 6
2905 2
2906 27
2907 6
2908 1
2909 19
2910 15
2911 37
2912 14
2913 36
2914 39
2915 35
2916 39
2917 34
2918 12
2919 16
2920 13
2921 38
2922 37
2923 36
2924 38
2925 35
2926 37
2927 2
2928 21
2929 31
2930 33
2931 35
2932 14
2933 30
2934 19
2935 34
2936 5
2937 27
2938 39
2939 31
2940 15
2941 17
2942 35
2943 16
2944 11
2945 31
2946 34
2947 32
2948 25
2949 13
2950 32
2951 12
2952 22
2953 8
2954 33
2955 26
2956 24
2957 33
2958 37
2959 10
2960 12
2961 14
2962 28
2963 27
2964 6
2965 6
2966 10
2967 33
2968 3
2969 25
2970 9
2971 1
2972 16
2973 23
2974 1
2975 5
2976 22
2977 14
2978 38
2979 9
2980 34
2981 38
2982 9
2983 17
2984 23
2985 35
2986 25
2987 10
2988 19
2989 7
2990 38
2991 6
2992 38
2993 17
2994 13
2995 38
2996 20
2997 37
2998 35
2999 13
3000 25
3001 27
3002 7
3003 5
3004 35
3005 19
3006 23
3007 7
3008 12
3009 38
3010 16
3011 38
3012 6
3013 13
3014 19
3015 10
3016 13
3017 23
3018 2
3019 19
3020 13
3021 29
3022 4
3023 10
3024 28
3025 36
3026 30
3027 27
3028 1
3029 23
3030 11
3031 34
3032 6
3033 4
3034 12
3035 11
3036 11
3037 10
3038 3
3039 25
3040 10
3041 14
3042 15
3043 4
3044 27
3045 21
3046 17
3047 15
3048 35
3049 34
3050 36
3051 13
3052 13
3053 9
3054 24
3055 14
3056 38
3057 5
3058 10
3059 12
3060 24
3061 27
3062 12
3063 11
3064 7
3065 11
3066 6
3067 20
3068 13
3069 38
3070 32
3071 19
3072 22
3073 34
3074 29
3075 5
3076 33
3077 35
3078 12
3079 2
3080 22
3081 27
3082 27
3083 20
3084 34
3085 28
3086 28
3087 17
3088 11
3089 18
3090 13
3091 2
3092 19
3093 7
3094 17
3095 12
3096 3
3097 28
3098 26
3099 4
3100 3
3101 12
3102 4
3103 33
3104 30
3105 4
3106 21
3107 22
3108 29
3109 10
3110 2
3111 8
3112 19
3113 15
3114 17
3115 19
3116 4
3117 31
3118 30
3119 32
3120 19
3121 39
3122 5
3123 32
3124 17
3125 36
3126 13
3127 29
3128 22
3129 2
3130 25
3131 19
3132 22
3133 21
3134 36
3135 15
3136 12
3137 27
3138 35
3139 25
3140 30
3141 13
3142 21
3143 3
3144 28
3145 38
3146 34
3147 8
3148 34
3149 2
3150 4
3151 1
3152 27
3153 31
3154 10
3155 26
3156 28
3157 1
3158 35
3159 4
3160 11
3161 26
3162 37
3163 33
3164 19
3165 14
3166 19
3167 24
3168 12
3169 7
3170 17
3171 7
3172 5
3173 3
3174 7
3175 10
3176 6
3177 3
3178 31
3179 11
3180 31
3181 23
3182 28
3183 32
3184 15
3185 34
3186 24
3187 10
3188 9
3189 1
3190 16
3191 29
3192 37
3193 18
3194 24
3195 24
3196 37
3197 6
3198 12
3199 18
3200 31
3201 5
3202 7
3203 31
3204 30
3205 25
3206 21
3207 18
3208 29
3209 22
3210 13
3211 4
3212 24
3213 26
3214 2
3215 15
3216 5
3217 27
3218 39
3219 3
3220 37
3221 15
3222 24
3223 15
3224 6
3225 9
3226 31
3227 1
3228 9
3229 35
3230 18
3231 34
3232 32
3233 34
3234 4
3235 22
3236 28
3237 15
3238 9
3239 14
3240 32
3241 33
3242 39
3243 33
3244 18
3245 37
3246 14
3247 21
3248 38
3249 27
3250 16
3251 17
3252 27
3253 16
3254 18
3255 10
3256 6
3257 23
3258 35
3259 39
3260 31
3261 13
3262 27
3263 4
3264 20
3265 23
3266 32
3267 10
3268 18
3269 8
3270 12
3271 6
3272 26
3273 24
3274 19
3275 35
3276 32
3277 7
3278 17
3279 5
3280 17
3281 15
3282 27
3283 4
3284 31
3285 31
3286 28
3287 5
3288 14
3289 9
3290 36
3291 8
3292 18
3293 4
3294 32
3295 10
3296 24
3297 12
3298 5
3299 22
3300 4
3301 13
3302 13
3303 12
3304 9
3305 9
3306 38
3307 26
3308 5
3309 6
3310 20
3311 7
3312 25
3313 6
3314 19
3315 17
3316 22
3317 4
3318 38
3319 17
3320 14
3321 36
3322 7
3323 31
3324 13
3325 24
3326 27
3327 14
3328 39
3329 14
3330 27
3331 16
3332 14
3333 32
3334 1
3335 14
3336 14
3337 9
3338 19
3339 30
3340 29
3341 13
3342 36
3343 31
3344 2
3345 18
3346 7
3347 37
3348 9
3349 9
3350 27
3351 2
3352 19
3353 13
3354 35
3355 6
3356 32
3357 18
3358 6
3359 16
3360 36
3361 9
3362 16
3363 29
3364 2
3365 24
3366 23
3367 27
3368 32
3369 37
3370 31
3371 16
3372 24
3373 37
3374 14
3375 12
3376 3
3377 13
3378 30
3379 7
3380 24
3381 37
3382 16
3383 20
3384 7
3385 35
3386 1
3387 17
3388 30
3389 10
3390 13
3391 2
3392 27
3393 9
3394 9
3395 39
3396 32
3397 27
3398 20
3399 32
3400 34
3401 13
3402 15
3403 11
3404 20
3405 23
3406 3
3407 22
3408 4
3409 31
3410 12
3411 15
3412 22
3413 18
3414 29
3415 3
3416 7
3417 34
3418 6
3419 35
3420 26
3421 6
3422 32
3423 9
3424 38
3425 37
3426 29
3427 9
3428 31
3429 18
3430 13
3431 23
3432 37
3433 20
3434 31
3435 27
3436 36
3437 15
3438 15
3439 25
3440 16
3441 7
3442 12
3443 34
3444 7
3445 22
3446 38
3447 32
3448 12
3449 38
3450 33
3451 4
3452 33
3453 21
3454 4
3455 30
3456 2
3457 17
3458 31
3459 24
3460 7
3461 3
3462 38
3463 17
3464 25
3465 6
3466 17
3467 7
3468 33
3469 32
3470 20
3471 31
3472 39
3473 18
3474 25
3475 12
3476 12
3477 28
3478 26
3479 33
3480 13
3481 10
3482 26
3483 31
3484 33
3485 11
3486 4
3487 23
3488 2
3489 27
3490 7
3491 2
3492 30
3493 7
3494 33
3495 12
3496 37
3497 12
3498 19
3499 8
3500 7
3501 31
3502 14
3503 9
3504 13
3505 8
3506 38
3507 20
3508 31
3509 31
3510 10
3511 16
3512 35
3513 1
3514 38
3515 24
3516 30
3517 20
3518 12
3519 7
3520 30
3521 6
3522 31
3523 32
3524 7
3525 10
3526 7
3527 22
3528 16
3529 22
3530 37
3531 28
3532 32
3533 33
3534 6
3535 30
3536 28
3537 23
3538 18
3539 28
3540 34
3541 33
3542 23
3543 37
3544 20
3545 1
3546 12
3547 28
3548 22
3549 18
3550 15
3551 14
3552 32
3553 39
3554 26
3555 31
3556 24
3557 27
3558 38
3559 5
3560 25
3561 24
3562 32
3563 5
3564 34
3565 8
3566 24
3567 13
3568 39
3569 12
3570 26
3571 23
3572 24
3573 30
3574 7
3575 19
3576 13
3577 33
3578 10
3579 14
3580 30
3581 8
3582 20
3583 37
3584 17
3585 8
3586 22
3587 18
3588 24
3589 29
3590 19
3591 7
3592 25
3593 32
3594 17
3595 31
3596 16
3597 13
3598 27
3599 25
3600 31
3601 23
3602 33
3603 19
3604 39
3605 5
3606 8
3607 33
3608 30
3609 1
3610 28
3611 35
3612 8
3613 5
3614 7
3615 27
3616 18
3617 19
3618 11
3619 38
3620 10
3621 16
3622 25
3623 9
3624 21
3625 22
3626 25
3627 27
3628 7
3629 29
3630 31
3631 3
3632 36
3633 37
3634 1
3635 29
3636 31
3637 38
3638 24
3639 26
3640 4
3641 32
3642 5
3643 2
3644 29
3645 29
3646 19
3647 10
3648 29
3649 18
3650 17
3651 6
3652 33
3653 35
3654 31
3655 29
3656 31
3657 31
3658 3
3659 36
3660 6
3661 12
3662 1
3663 16
3664 18
3665 18
3666 31
3667 33
3668 32
3669 33
3670 32
3671 27
3672 23
3673 24
3674 8
3675 11
3676 22
3677 11
3678 37
3679 4
3680 6
3681 6
3682 38
3683 16
3684 27
3685 25
3686 29
3687 16
3688 20
3689 24
3690 28
3691 39
3692 12
3693 27
3694 20
3695 38
3696 29
3697 10
3698 2
3699 36
3700 31
3701 15
3702 14
3703 17
3704 31
3705 37
3706 20
3707 27
3708 12
3709 28
3710 17
3711 14
3712 21
3713 28
3714 21
3715 25
3716 9
3717 1
3718 1
3719 29
3720 22
3721 26
3722 25
3723 22
3724 38
3725 21
3726 31
3727 28
3728 3
3729 17
3730 31
3731 12
3732 31
3733 3
3734 13
3735 8
3736 29
3737 30
3738 11
3739 11
3740 30
3741 36
3742 36
3743 11
3744 25
3745 17
3746 3
3747 7
3748 35
3749 22
3750 12
3751 6
3752 10
3753 15
3754 12
3755 9
3756 6
3757 2
3758 14
3759 25
3760 35
3761 26
3762 29
3763 11
3764 21
3765 23
3766 12
3767 9
3768 27
3769 17
3770 22
3771 35
3772 6
3773 20
3774 18
3775 26
3776 38
3777 12
3778 22
3779 21
3780 27
3781 32
3782 2
3783 4
3784 27
3785 19
3786 16
3787 32
3788 7
3789 39
3790 4
3791 39
3792 33
3793 27
3794 2
3795 12
3796 21
3797 11
3798 9
3799 31
3800 38
3801 28
3802 25
3803 18
3804 27
3805 27
3806 20
3807 12
3808 8
3809 24
3810 30
3811 16
3812 28
3813 33
3814 32
3815 23
3816 38
3817 4
3818 23
3819 30
3820 38
3821 2
3822 17
3823 33
3824 21
3825 10
3826 16
3827 10
3828 29
3829 32
3830 31
3831 23
3832 35
3833 28
3834 7
3835 38
3836 22
3837 32
3838 6
3839 36
3840 35
3841 10
3842 10
3843 15
3844 9
3845 9
3846 22
3847 16
3848 16
3849 15
3850 8
3851 28
3852 27
3853 36
3854 15
3855 5
3856 1
3857 30
3858 14
3859 31
3860 11
3861 18
3862 36
3863 22
3864 28
3865 15
3866 20
3867 31
3868 13
3869 5
3870 32
3871 2
3872 22
3873 15
3874 23
3875 1
3876 4
3877 13
3878 8
3879 30
3880 26
3881 2
3882 11
3883 27
3884 27
3885 38
3886 20
3887 34
3888 27
3889 35
3890 3
3891 3
3892 36
3893 30
3894 11
3895 4
3896 24
3897 22
3898 36
3899 11
3900 22
3901 7
3902 34
3903 8
3904 7
3905 28
3906 12
3907 21
3908 28
3909 15
3910 3
3911 12
3912 37
3913 32
3914 27
3915 29
3916 25
3917 21
3918 4
3919 37
3920 7
3921 38
3922 1
3923 25
3924 4
3925 34
3926 13
3927 13
3928 10
3929 18
3930 37
3931 5
3932 36
3933 28
3934 31
3935 16
3936 22
3937 30
3938 3
3939 24
3940 34
3941 19
3942 13
3943 38
3944 35
3945 7
3946 11
3947 11
3948 32
3949 3
3950 35
3951 21
3952 12
3953 38
3954 17
3955 37
3956 2
3957 32
3958 15
3959 9
3960 22
3961 17
3962 33
3963 30
3964 36
3965 8
3966 32
3967 7
3968 37
3969 26
3970 23
3971 7
3972 35
3973 19
3974 36
3975 32
3976 29
3977 33
3978 17
3979 4
3980 19
3981 4
3982 38
3983 30
3984 6
3985 26
3986 8
3987 28
3988 2
3989 14
3990 16
3991 1
3992 10
3993 39
3994 22
3995 4
3996 31
3997 6
3998 4
3999 27
4000 6
4001 2
4002 30
4003 10
4004 21
4005 39
4006 38
4007 8
4008 15
4009 32
4010 3
4011 37
4012 1
4013 26
4014 27
4015 39
4016 6
4017 15
4018 36
4019 25
4020 4
4021 14
4022 13
4023 9
4024 24
4025 7
4026 22
4027 35
4028 29
4029 15
4030 4
4031 32
4032 39
4033 36
4034 11
4035 36
4036 8
4037 21
4038 27
4039 33
4040 36
4041 4
4042 6
4043 4
4044 36
4045 18
4046 36
4047 36
4048 12
4049 6
4050 24
4051 24
4052 21
4053 1
4054 2
4055 36
4056 26
4057 14
4058 31
4059 26
4060 30
4061 12
4062 32
4063 34
4064 22
4065 7
4066 16
4067 3
4068 9
4069 39
4070 28
4071 32
4072 11
4073 4
4074 16
4075 16
4076 12
4077 31
4078 25
4079 3
4080 29
4081 21
4082 12
4083 7
4084 11
4085 36
4086 9
4087 2
4088 21
4089 22
4090 35
4091 28
4092 31
4093 11
4094 32
4095 28
4096 17
4097 6
4098 34
4099 23
4100 38
4101 20
4102 11
4103 39
4104 27
4105 31
4106 27
4107 11
4108 30
4109 32
4110 37
4111 24
4112 35
4113 21
4114 32
4115 28
4116 34
4117 21
4118 1
4119 17
4120 12
4121 27
4122 1
4123 31
4124 35
4125 2
4126 28
4127 39
4128 38
4129 11
4130 13
4131 32
4132 6
4133 13
4134 22
4135 38
4136 36
4137 6
4138 16
4139 18
4140 16
4141 4
4142 6
4143 15
4144 1
4145 31
4146 29
4147 37
4148 13
4149 8
4150 25
4151 17
4152 19
4153 24
4154 13
4155 18
4156 6
4157 28
4158 27
4159 2
4160 27
4161 2
4162 39
4163 11
4164 7
4165 15
4166 33
4167 5
4168 39
4169 9
4170 10
4171 8
4172 1
4173 22
4174 30
4175 26
4176 8
4177 8
4178 25
4179 32
4180 34
4181 29
4182 15
4183 22
4184 7
4185 6
4186 20
4187 27
4188 13
4189 32
4190 6
4191 9
4192 28
4193 27
4194 24
4195 33
4196 35
4197 30
4198 6
4199 9
4200 12
4201 1
4202 32
4203 23
4204 35
4205 3
4206 34
4207 3
4208 4
4209 31
4210 11
4211 12
4212 21
4213 19
4214 19
4215 25
4216 9
4217 35
4218 35
4219 17
4220 21
4221 18
4222 18
4223 1
4224 35
4225 8
4226 23
4227 37
4228 34
4229 31
4230 31
4231 32
4232 28
4233 13
4234 34
4235 21
4236 34
4237 34
4238 1
4239 12
4240 17
4241 31
4242 12
4243 33
4244 24
4245 26
4246 11
4247 38
4248 21
4249 30
4250 34
4251 29
4252 27
4253 31
4254 12
4255 25
4256 39
4257 33
4258 12
4259 14
4260 33
4261 6
4262 17
4263 12
4264 9
4265 13
4266 13
4267 34
4268 13
4269 28
4270 17
4271 4
4272 8
4273 9
4274 39
4275 3
4276 31
4277 12
4278 24
4279 36
4280 10
4281 17
4282 31
4283 15
4284 6
4285 18
4286 16
4287 38
4288 14
4289 13
4290 8
4291 10
4292 5
4293 4
4294 39
4295 6
4296 30
4297 6
4298 37
4299 7
4300 34
4301 7
4302 18
4303 27
4304 20
4305 21
4306 30
4307 30
4308 19
4309 27
4310 38
4311 34
4312 30
4313 13
4314 27
4315 12
4316 23
4317 20
4318 31
4319 29
4320 35
4321 10
4322 25
4323 16
4324 23
4325 34
4326 35
4327 20
4328 30
4329 13
4330 7
4331 31
4332 37
4333 35
4334 29
4335 23
4336 23
4337 25
4338 27
4339 26
4340 15
4341 11
4342 2
4343 35
4344 34
4345 34
4346 28
4347 12
4348 24
4349 37
4350 32
4351 29
4352 1
4353 5
4354 24
4355 5
4356 37
4357 31
4358 8
4359 17
4360 5
4361 16
4362 31
4363 2
4364 13
4365 14
4366 35
4367 14
4368 32
4369 34
4370 5
4371 36
4372 25
4373 4
4374 23
4375 33
4376 39
4377 34
4378 4
4379 38
4380 3
4381 33
4382 13
4383 30
4384 6
4385 15
4386 9
4387 1
4388 32
4389 19
4390 19
4391 25
4392 32
4393 15
4394 19
4395 3
4396 36
4397 15
4398 10
4399 5
4400 29
4401 32
4402 27
4403 16
4404 6
4405 12
4406 8
4407 15
4408 6
4409 39
4410 16
4411 30
4412 30
4413 13
4414 11
4415 9
4416 10
4417 19
4418 16
4419 36
4420 5
4421 3
4422 4
4423 6
4424 6
4425 35
4426 31
4427 20
4428 30
4429 21
4430 19
4431 17
4432 27
4433 24
4434 17
4435 2
4436 8
4437 17
4438 32
4439 34
4440 25
4441 30
4442 32
4443 34
4444 7
4445 12
4446 32
4447 27
4448 5
4449 22
4450 23
4451 39
4452 22
4453 24
4454 32
4455 13
4456 8
4457 37
4458 24
4459 10
4460 30
4461 1
4462 9
4463 16
4464 22
4465 3
4466 1
4467 6
4468 35
4469 2
4470 17
4471 17
4472 24
4473 29
4474 28
4475 3
4476 17
4477 38
4478 16
4479 36
4480 4
4481 18
4482 30
4483 26
4484 14
4485 14
4486 17
4487 1
4488 29
4489 29
4490 35
4491 18
4492 36
4493 20
4494 28
4495 35
4496 32
4497 14
4498 39
4499 37
4500 1
4501 30
4502 35
4503 35
4504 19
4505 38
4506 31
4507 28
4508 11
4509 17
4510 37
4511 28
4512 21
4513 19
4514 27
4515 11
4516 13
4517 31
4518 35
4519 11
4520 38
4521 29
4522 6
4523 36
4524 10
4525 12
4526 7
4527 32
4528 27
4529 13
4530 6
4531 10
4532 27
4533 38
4534 13
4535 15
4536 8
4537 36
4538 4
4539 16
4540 34
4541 13
4542 32
4543 15
4544 18
4545 23
4546 28
4547 30
4548 25
4549 27
4550 29
4551 6
4552 12
4553 33
4554 35
4555 27
4556 21
4557 23
4558 38
4559 32
4560 23
4561 36
4562 21
4563 14
4564 26
4565 39
4566 26
4567 13
4568 25
4569 18
4570 24
4571 30
4572 17
4573 14
4574 30
4575 31
4576 20
4577 9
4578 11
4579 1
4580 27
4581 13
4582 2
4583 17
4584 32
4585 18
4586 20
4587 28
4588 21
4589 17
4590 6
4591 13
4592 4
4593 24
4594 7
4595 19
4596 21
4597 27
4598 4
4599 28
4600 10
4601 4
4602 13
4603 33
4604 29
4605 39
4606 4
4607 12
4608 17
4609 1
4610 9
4611 14
4612 21
4613 23
4614 22
4615 24
4616 32
4617 25
4618 17
4619 37
4620 18
4621 39
4622 30
4623 16
4624 13
4625 25
4626 32
4627 27
4628 23
4629 38
4630 1
4631 24
4632 33
4633 38
4634 13
4635 3
4636 4
4637 10
4638 7
4639 4
4640 33
4641 8
4642 13
4643 9
4644 36
4645 38
4646 11
4647 37
4648 1
4649 28
4650 31
4651 26
4652 35
4653 7
4654 23
4655 29
4656 29
4657 39
4658 19
4659 11
4660 33
4661 20
4662 36
4663 36
4664 6
4665 27
4666 38
4667 33
4668 9
4669 17
4670 26
4671 16
4672 20
4673 39
4674 25
4675 13
4676 22
4677 14
4678 6
4679 16
4680 38
4681 12
4682 15
4683 9
4684 27
4685 8
4686 14
4687 1
4688 24
4689 28
4690 39
4691 27
4692 6
4693 15
4694 22
4695 1
4696 27
4697 11
4698 30
4699 23
4700 26
4701 22
4702 11
4703 7
4704 30
4705 26
4706 16
4707 9
4708 10
4709 33
4710 25
4711 18
4712 13
4713 1
4714 37
4715 30
4716 4
4717 17
4718 9
4719 16
4720 13
4721 19
4722 5
4723 13
4724 26
4725 37
4726 37
4727 29
4728 3
4729 6
4730 19
4731 13
4732 10
4733 7
4734 19
4735 14
4736 16
4737 29
4738 9
4739 6
4740 12
4741 25
4742 29
4743 13
4744 11
4745 14
4746 38
4747 5
4748 27
4749 2
4750 12
4751 35
4752 32
4753 37
4754 22
4755 25
4756 17
4757 20
4758 6
4759 9
4760 38
4761 10
4762 5
4763 32
4764 3
4765 10
4766 16
4767 27
4768 32
4769 4
4770 6
4771 36
4772 4
4773 39
4774 14
4775 21
4776 22
4777 8
4778 23
4779 39
4780 30
4781 36
4782 7
4783 37
4784 25
4785 2
4786 16
4787 2
4788 39
4789 39
4790 34
4791 28
4792 6
4793 15
4794 2
4795 21
4796 2
4797 10
4798 4
4799 23
4800 32
4801 5
4802 3
4803 38
4804 10
4805 24
4806 3
4807 3
4808 35
4809 30
4810 29
4811 36
4812 37
4813 23
4814 21
4815 24
4816 10
4817 10
4818 37
4819 31
4820 13
4821 10
4822 28
4823 11
4824 1
4825 21
4826 15
4827 9
4828 17
4829 26
4830 16
4831 36
4832 22
4833 2
4834 31
4835 29
4836 19
4837 39
4838 3
4839 10
4840 6
4841 34
4842 26
4843 28
4844 31
4845 30
4846 17
4847 25
4848 1
4849 29
4850 10
4851 34
4852 10
4853 39
4854 34
4855 16
4856 36
4857 37
4858 31
4859 21
4860 9
4861 12
4862 26
4863 35
4864 5
4865 15
4866 6
4867 10
4868 16
4869 20
4870 2
4871 3
4872 29
4873 27
4874 35
4875 17
4876 18
4877 6
4878 1
4879 30
4880 20
4881 37
4882 37
4883 6
4884 35
4885 6
4886 18
4887 31
4888 29
4889 9
4890 27
4891 8
4892 9
4893 4
4894 25
4895 23
4896 4
4897 20
4898 1
4899 32
4900 16
4901 36
4902 28
4903 27
4904 12
4905 36
4906 2
4907 30
4908 10
4909 27
4910 9
4911 29
4912 13
4913 32
4914 34
4915 8
4916 11
4917 4
4918 32
4919 21
4920 11
4921 28
4922 12
4923 24
4924 38
4925 9
4926 6
4927 35
4928 25
4929 18
4930 15
4931 23
4932 4
4933 30
4934 15
4935 23
4936 34
4937 38
4938 26
4939 21
4940 5
4941 18
4942 25
4943 35
4944 36
4945 35
4946 9
4947 22
4948 31
4949 17
4950 21
4951 24
4952 31
4953 35
4954 21
4955 4
4956 36
4957 12
4958 38
4959 12
4960 15
4961 3
4962 35
4963 27
4964 7
4965 18
4966 16
4967 39
4968 35
4969 31
4970 38
4971 35
4972 37
4973 29
4974 26
4975 21
4976 12
4977 3
4978 8
4979 28
4980 34
4981 4
4982 37
4983 8
4984 25
4985 18
4986 13
4987 25
4988 38
4989 7
4990 27
4991 35
4992 38
4993 12
4994 12
4995 32
4996 12
4997 27
4998 13
4999 31
