1	5 
2	13 
3	5 
4	13 
5	16 
6	4 
7	1 
8	17 
9	7 
10	6 
11	6 
12	15 
13	12 
14	1 
15	16 
16	12 
17	1 
18	10 
19	17 
20	4 
21	6 
22	12 
23	15 
24	14 
25	7 
26	6 
27	16 
28	3 
29	9 
30	17 
31	10 
32	7 
33	14 
34	3 
35	14 
36	12 
37	13 
38	5 
39	10 
40	16 
41	3 
42	11 
43	2 
44	15 
45	1 
46	6 
47	16 
48	8 
49	4 
50	12 
51	17 
52	12 
53	12 
54	2 
55	17 
56	3 
57	8 
58	8 
59	5 
60	5 
61	8 
62	6 
63	12 
64	16 
65	5 
66	12 
67	5 
68	7 
69	2 
70	11 
71	17 
72	15 
73	1 
74	4 
75	6 
76	6 
77	13 
78	1 
79	16 
80	9 
81	17 
82	10 
83	8 
84	4 
85	4 
86	9 
87	17 
88	14 
89	1 
90	9 
91	5 
92	5 
93	9 
94	8 
95	3 
96	12 
97	10 
98	15 
99	16 
100	1 
101	3 
102	3 
103	5 
104	16 
105	4 
106	2 
107	17 
108	11 
109	11 
110	10 
111	1 
112	7 
113	4 
114	7 
115	1 
116	12 
117	16 
118	6 
119	9 
120	12 
121	1 
122	12 
123	14 
124	12 
125	16 
126	5 
127	2 
128	7 
129	14 
130	10 
131	9 
132	4 
133	7 
134	7 
135	16 
136	12 
137	2 
138	8 
139	8 
140	3 
141	10 
142	5 
143	6 
144	13 
145	9 
146	1 
147	3 
148	1 
149	16 
150	9 
151	7 
152	16 
153	2 
154	4 
155	8 
156	2 
157	15 
158	15 
159	15 
160	16 
161	4 
162	16 
163	6 
164	4 
165	17 
166	11 
167	15 
168	4 
169	14 
170	8 
171	8 
172	7 
173	6 
174	7 
175	7 
176	1 
177	17 
178	12 
179	14 
180	17 
181	5 
182	12 
183	12 
184	1 
185	7 
186	2 
187	8 
188	14 
189	5 
190	17 
191	12 
192	12 
193	4 
194	12 
195	10 
196	15 
197	12 
198	1 
199	14 
200	11 
201	9 
202	9 
203	11 
204	7 
205	14 
206	17 
207	15 
208	16 
209	4 
210	4 
211	6 
212	17 
213	10 
214	14 
215	14 
216	4 
217	16 
218	13 
219	2 
220	15 
221	7 
222	12 
223	12 
224	13 
225	14 
226	6 
227	12 
228	13 
229	1 
230	10 
231	2 
232	16 
233	12 
234	12 
235	5 
236	12 
237	7 
238	16 
239	16 
240	8 
241	5 
242	5 
243	11 
244	5 
245	15 
246	14 
247	8 
248	1 
249	1 
250	4 
251	1 
252	1 
253	9 
254	14 
255	10 
256	9 
257	7 
258	2 
259	16 
260	6 
261	14 
262	9 
263	12 
264	15 
265	4 
266	12 
267	8 
268	4 
269	4 
270	3 
271	10 
272	12 
273	11 
274	10 
275	15 
276	9 
277	12 
278	7 
279	3 
280	16 
281	1 
282	16 
283	1 
284	6 
285	14 
286	6 
287	9 
288	7 
289	11 
290	7 
291	7 
292	2 
293	9 
294	13 
295	16 
296	12 
297	9 
298	1 
299	14 
300	5 
301	11 
302	16 
303	15 
304	8 
305	2 
306	14 
307	9 
308	12 
309	6 
310	1 
311	12 
312	3 
313	4 
314	11 
315	2 
316	16 
317	6 
318	15 
319	10 
320	16 
321	3 
322	16 
323	15 
324	4 
325	4 
326	4 
327	12 
328	16 
329	3 
330	14 
331	13 
332	6 
333	5 
334	7 
335	14 
336	10 
337	1 
338	10 
339	8 
340	4 
341	9 
342	5 
343	7 
344	12 
345	12 
346	9 
347	6 
348	2 
349	12 
350	10 
351	4 
352	10 
353	15 
354	7 
355	15 
356	12 
357	6 
358	7 
359	12 
360	3 
361	1 
362	11 
363	12 
364	10 
365	10 
366	7 
367	17 
368	10 
369	1 
370	6 
371	6 
372	11 
373	3 
374	11 
375	5 
376	11 
377	10 
378	11 
379	13 
380	11 
381	10 
382	3 
383	11 
384	11 
385	4 
386	7 
387	3 
388	1 
389	7 
390	7 
391	8 
392	6 
393	1 
394	4 
395	14 
396	16 
397	13 
398	13 
399	8 
400	6 
401	6 
402	14 
403	8 
404	5 
405	7 
406	4 
407	17 
408	4 
409	13 
410	3 
411	7 
412	12 
413	14 
414	7 
415	6 
416	6 
417	10 
418	16 
419	5 
420	12 
421	6 
422	13 
423	4 
424	3 
425	12 
426	3 
427	11 
428	3 
429	6 
430	1 
431	14 
432	17 
433	3 
434	10 
435	12 
436	11 
437	8 
438	17 
439	13 
440	2 
441	8 
442	15 
443	15 
444	1 
445	2 
446	6 
447	4 
448	15 
449	9 
450	1 
451	7 
452	16 
453	13 
454	2 
455	14 
456	3 
457	16 
458	3 
459	12 
460	10 
461	9 
462	8 
463	10 
464	10 
465	7 
466	3 
467	2 
468	7 
469	4 
470	11 
471	12 
472	15 
473	5 
474	16 
475	4 
476	3 
477	14 
478	9 
479	6 
480	7 
481	9 
482	10 
483	6 
484	4 
485	6 
486	15 
487	3 
488	8 
489	12 
490	6 
491	7 
492	16 
493	2 
494	9 
495	14 
496	11 
497	3 
498	13 
499	10 
500	5 
501	16 
502	9 
503	3 
504	1 
505	12 
506	11 
507	4 
508	1 
509	8 
510	1 
511	17 
512	6 
513	5 
514	5 
515	14 
516	13 
517	1 
518	14 
519	2 
520	12 
521	6 
522	12 
523	5 
524	13 
525	4 
526	17 
527	13 
528	7 
529	14 
530	8 
531	16 
532	6 
533	4 
534	6 
535	14 
536	16 
537	1 
538	11 
539	9 
540	14 
541	5 
542	2 
543	7 
544	11 
545	11 
546	5 
547	6 
548	12 
549	3 
550	14 
551	5 
552	15 
553	7 
554	10 
555	4 
556	13 
557	13 
558	8 
559	7 
560	11 
561	5 
562	7 
563	13 
564	14 
565	6 
566	11 
567	3 
568	12 
569	4 
570	4 
571	8 
572	4 
573	16 
574	17 
575	6 
576	14 
577	11 
578	8 
579	4 
580	7 
581	2 
582	14 
583	16 
584	10 
585	11 
586	7 
587	11 
588	10 
589	16 
590	3 
591	12 
592	6 
593	14 
594	10 
595	11 
596	11 
597	16 
598	13 
599	11 
600	5 
601	5 
602	15 
603	1 
604	6 
605	4 
606	8 
607	15 
608	8 
609	2 
610	14 
611	13 
612	14 
613	17 
614	2 
615	11 
616	4 
617	13 
618	4 
619	8 
620	8 
621	7 
622	13 
623	10 
624	10 
625	4 
626	5 
627	5 
628	12 
629	4 
630	12 
631	15 
632	7 
633	17 
634	12 
635	12 
636	6 
637	10 
638	14 
639	7 
640	15 
641	15 
642	12 
643	6 
644	12 
645	17 
646	7 
647	3 
648	6 
649	4 
650	16 
651	6 
652	1 
653	7 
654	9 
655	5 
656	16 
657	15 
658	12 
659	13 
660	14 
661	1 
662	8 
663	3 
664	10 
665	8 
666	6 
667	10 
668	14 
669	8 
670	2 
671	11 
672	12 
673	13 
674	9 
675	6 
676	6 
677	10 
678	14 
679	15 
680	9 
681	2 
682	1 
683	11 
684	12 
685	7 
686	15 
687	8 
688	13 
689	15 
690	5 
691	4 
692	1 
693	6 
694	11 
695	10 
696	16 
697	9 
698	8 
699	4 
700	13 
701	12 
702	8 
703	4 
704	16 
705	12 
706	1 
707	2 
708	2 
709	11 
710	16 
711	9 
712	4 
713	6 
714	12 
715	12 
716	11 
717	15 
718	6 
719	1 
720	8 
721	8 
722	15 
723	7 
724	9 
725	9 
726	6 
727	12 
728	1 
729	3 
730	5 
731	6 
732	13 
733	2 
734	1 
735	7 
736	17 
737	17 
738	11 
739	9 
740	6 
741	5 
742	1 
743	16 
744	4 
745	5 
746	8 
747	11 
748	9 
749	9 
750	13 
751	11 
752	10 
753	5 
754	14 
755	11 
756	11 
757	1 
758	4 
759	9 
760	15 
761	17 
762	3 
763	16 
764	11 
765	5 
766	13 
767	12 
768	13 
769	2 
770	14 
771	17 
772	3 
773	5 
774	14 
775	12 
776	7 
777	1 
778	17 
779	13 
780	4 
781	10 
782	6 
783	2 
784	13 
785	6 
786	14 
787	15 
788	13 
789	8 
790	8 
791	11 
792	12 
793	8 
794	9 
795	6 
796	17 
797	8 
798	14 
799	9 
800	7 
801	15 
802	9 
803	10 
804	15 
805	6 
806	15 
807	8 
808	11 
809	8 
810	4 
811	8 
812	1 
813	4 
814	9 
815	9 
816	16 
817	8 
818	5 
819	15 
820	5 
821	8 
822	1 
823	10 
824	14 
825	2 
826	13 
827	11 
828	13 
829	8 
830	2 
831	7 
832	16 
833	2 
834	2 
835	3 
836	14 
837	6 
838	3 
839	9 
840	5 
841	8 
842	6 
843	16 
844	12 
845	4 
846	3 
847	15 
848	10 
849	7 
850	7 
851	1 
852	4 
853	4 
854	2 
855	12 
856	15 
857	3 
858	12 
859	5 
860	9 
861	4 
862	17 
863	15 
864	3 
865	8 
866	3 
867	2 
868	12 
869	15 
870	9 
871	9 
872	6 
873	8 
874	6 
875	10 
876	5 
877	11 
878	11 
879	9 
880	4 
881	8 
882	7 
883	16 
884	2 
885	9 
886	2 
887	2 
888	10 
889	5 
890	11 
891	13 
892	8 
893	4 
894	9 
895	3 
896	14 
897	1 
898	7 
899	14 
900	1 
901	7 
902	1 
903	8 
904	6 
905	11 
906	4 
907	2 
908	12 
909	10 
910	14 
911	5 
912	14 
913	14 
914	7 
915	16 
916	10 
917	1 
918	7 
919	6 
920	15 
921	4 
922	12 
923	4 
924	14 
925	6 
926	7 
927	2 
928	8 
929	16 
930	14 
931	6 
932	7 
933	17 
934	1 
935	17 
936	11 
937	2 
938	6 
939	4 
940	6 
941	9 
942	12 
943	10 
944	2 
945	6 
946	9 
947	13 
948	12 
949	14 
950	6 
951	17 
952	12 
953	15 
954	5 
955	17 
956	12 
957	5 
958	14 
959	7 
960	9 
961	15 
962	7 
963	3 
964	14 
965	4 
966	6 
967	5 
968	5 
969	15 
970	12 
971	17 
972	6 
973	7 
974	16 
975	2 
976	7 
977	4 
978	4 
979	10 
980	16 
981	15 
982	13 
983	16 
984	16 
985	9 
986	1 
987	14 
988	11 
989	9 
990	11 
991	17 
992	7 
993	11 
994	2 
995	1 
996	14 
997	9 
998	14 
999	6 
1000	12 
1001	16 
1002	11 
1003	12 
1004	1 
1005	15 
1006	7 
1007	16 
1008	7 
1009	12 
1010	13 
1011	13 
1012	7 
1013	13 
1014	5 
1015	17 
1016	16 
1017	3 
1018	15 
1019	8 
1020	15 
1021	16 
1022	4 
1023	12 
1024	7 
1025	8 
1026	6 
1027	12 
1028	16 
1029	9 
1030	8 
1031	17 
1032	1 
1033	1 
1034	12 
1035	14 
1036	10 
1037	7 
1038	6 
1039	9 
1040	17 
1041	10 
1042	10 
1043	17 
1044	4 
1045	8 
1046	15 
1047	14 
1048	15 
1049	14 
1050	12 
1051	17 
1052	7 
1053	15 
1054	13 
1055	7 
1056	12 
1057	4 
1058	17 
1059	17 
1060	8 
1061	17 
1062	4 
1063	12 
1064	10 
1065	2 
1066	14 
1067	11 
1068	4 
1069	10 
1070	2 
1071	7 
1072	4 
1073	6 
1074	7 
1075	15 
1076	3 
1077	15 
1078	1 
1079	14 
1080	1 
1081	14 
1082	8 
1083	4 
1084	1 
1085	4 
1086	10 
1087	14 
1088	16 
1089	4 
1090	13 
1091	4 
1092	9 
1093	3 
1094	7 
1095	7 
1096	13 
1097	16 
1098	10 
1099	11 
1100	6 
1101	7 
1102	7 
1103	4 
1104	7 
1105	16 
1106	12 
1107	10 
1108	1 
1109	1 
1110	6 
1111	12 
1112	3 
1113	1 
1114	16 
1115	5 
1116	16 
1117	13 
1118	8 
1119	16 
1120	13 
1121	8 
1122	17 
1123	6 
1124	7 
1125	8 
1126	7 
1127	8 
1128	15 
1129	12 
1130	10 
1131	5 
1132	1 
1133	13 
1134	16 
1135	13 
1136	13 
1137	7 
1138	9 
1139	13 
1140	16 
1141	8 
1142	2 
1143	17 
1144	7 
1145	10 
1146	10 
1147	2 
1148	8 
1149	3 
1150	14 
1151	6 
1152	3 
1153	13 
1154	11 
1155	8 
1156	5 
1157	10 
1158	17 
1159	11 
1160	8 
1161	16 
1162	11 
1163	1 
1164	4 
1165	2 
1166	12 
1167	14 
1168	15 
1169	4 
1170	13 
1171	2 
1172	4 
1173	12 
1174	12 
1175	12 
1176	8 
1177	4 
1178	8 
1179	1 
1180	7 
1181	16 
1182	5 
1183	7 
1184	7 
1185	9 
1186	9 
1187	8 
1188	9 
1189	16 
1190	16 
1191	1 
1192	7 
1193	11 
1194	4 
1195	7 
1196	13 
1197	14 
1198	9 
1199	7 
1200	7 
1201	5 
1202	12 
1203	9 
1204	6 
1205	14 
1206	13 
1207	16 
1208	15 
1209	13 
1210	4 
1211	14 
1212	3 
1213	6 
1214	12 
1215	12 
1216	1 
1217	4 
1218	10 
1219	7 
1220	11 
1221	11 
1222	12 
1223	12 
1224	17 
1225	16 
1226	8 
1227	8 
1228	4 
1229	5 
1230	10 
1231	9 
1232	17 
1233	3 
1234	8 
1235	17 
1236	7 
1237	15 
1238	17 
1239	5 
1240	17 
1241	11 
1242	10 
1243	16 
1244	6 
1245	16 
1246	12 
1247	3 
1248	6 
1249	4 
1250	8 
1251	11 
1252	14 
1253	17 
1254	17 
1255	14 
1256	9 
1257	17 
1258	15 
1259	9 
1260	15 
1261	6 
1262	10 
1263	7 
1264	14 
1265	9 
1266	17 
1267	4 
1268	12 
1269	6 
1270	14 
1271	5 
1272	8 
1273	10 
1274	8 
1275	17 
1276	13 
1277	17 
1278	6 
1279	5 
1280	15 
1281	6 
1282	4 
1283	6 
1284	1 
1285	17 
1286	13 
1287	16 
1288	4 
1289	1 
1290	14 
1291	2 
1292	14 
1293	16 
1294	1 
1295	15 
1296	14 
1297	6 
1298	2 
1299	15 
1300	6 
1301	6 
1302	3 
1303	7 
1304	7 
1305	16 
1306	10 
1307	3 
1308	4 
1309	14 
1310	10 
1311	6 
1312	2 
1313	7 
1314	6 
1315	4 
1316	11 
1317	17 
1318	6 
1319	3 
1320	1 
1321	11 
1322	9 
1323	9 
1324	12 
1325	11 
1326	8 
1327	3 
1328	3 
1329	15 
1330	17 
1331	14 
1332	16 
1333	5 
1334	17 
1335	12 
1336	16 
1337	3 
1338	3 
1339	16 
1340	11 
1341	10 
1342	11 
1343	16 
1344	6 
1345	8 
1346	11 
1347	6 
1348	2 
1349	3 
1350	5 
1351	13 
1352	1 
1353	3 
1354	12 
1355	7 
1356	1 
1357	7 
1358	5 
1359	6 
1360	1 
1361	10 
1362	14 
1363	14 
1364	12 
1365	6 
1366	7 
1367	7 
1368	11 
1369	13 
1370	6 
1371	12 
1372	5 
1373	4 
1374	13 
1375	9 
1376	7 
1377	7 
1378	11 
1379	10 
1380	4 
1381	5 
1382	1 
1383	1 
1384	11 
1385	7 
1386	3 
1387	16 
1388	13 
1389	5 
1390	4 
1391	10 
1392	15 
1393	4 
1394	13 
1395	6 
1396	14 
1397	12 
1398	11 
1399	3 
1400	4 
1401	7 
1402	4 
1403	9 
1404	11 
1405	17 
1406	8 
1407	2 
1408	17 
1409	2 
1410	5 
1411	16 
1412	11 
1413	16 
1414	8 
1415	10 
1416	7 
1417	15 
1418	2 
1419	9 
1420	16 
1421	17 
1422	9 
1423	9 
1424	3 
1425	6 
1426	14 
1427	11 
1428	8 
1429	6 
1430	5 
1431	17 
1432	4 
1433	17 
1434	2 
1435	15 
1436	16 
1437	10 
1438	6 
1439	4 
1440	8 
1441	2 
1442	12 
1443	4 
1444	16 
1445	7 
1446	10 
1447	17 
1448	14 
1449	2 
1450	9 
1451	8 
1452	10 
1453	17 
1454	8 
1455	5 
1456	12 
1457	11 
1458	15 
1459	2 
1460	6 
1461	10 
1462	17 
1463	15 
1464	17 
1465	7 
1466	2 
1467	15 
1468	13 
1469	16 
1470	13 
1471	6 
1472	10 
1473	3 
1474	1 
1475	13 
1476	8 
1477	1 
1478	13 
1479	15 
1480	7 
1481	11 
1482	11 
1483	11 
1484	8 
1485	2 
1486	7 
1487	7 
1488	12 
1489	8 
1490	13 
1491	12 
1492	7 
1493	5 
1494	8 
1495	10 
1496	9 
1497	14 
1498	4 
1499	6 
1500	9 
1501	7 
1502	3 
1503	17 
1504	16 
1505	5 
1506	6 
1507	12 
1508	17 
1509	8 
1510	5 
1511	15 
1512	11 
1513	17 
1514	15 
1515	3 
1516	6 
1517	9 
1518	5 
1519	15 
1520	9 
1521	7 
1522	10 
1523	9 
1524	7 
1525	16 
1526	10 
1527	4 
1528	7 
1529	4 
1530	6 
1531	5 
1532	10 
1533	11 
1534	2 
1535	13 
1536	4 
1537	4 
1538	16 
1539	16 
1540	3 
1541	17 
1542	10 
1543	11 
1544	6 
1545	2 
1546	14 
1547	11 
1548	4 
1549	7 
1550	13 
1551	12 
1552	5 
1553	12 
1554	4 
1555	9 
1556	14 
1557	7 
1558	2 
1559	14 
1560	13 
1561	15 
1562	11 
1563	10 
1564	6 
1565	10 
1566	12 
1567	10 
1568	3 
1569	5 
1570	6 
1571	3 
1572	11 
1573	7 
1574	7 
1575	6 
1576	13 
1577	3 
1578	2 
1579	2 
1580	17 
1581	17 
1582	15 
1583	3 
1584	6 
1585	6 
1586	4 
1587	1 
1588	4 
1589	7 
1590	17 
1591	1 
1592	9 
1593	4 
1594	17 
1595	9 
1596	10 
1597	10 
1598	7 
1599	14 
1600	10 
1601	17 
1602	5 
1603	14 
1604	3 
1605	16 
1606	10 
1607	1 
1608	1 
1609	10 
1610	16 
1611	13 
1612	16 
1613	15 
1614	4 
1615	10 
1616	7 
1617	6 
1618	4 
1619	4 
1620	8 
1621	9 
1622	6 
1623	3 
1624	14 
1625	9 
1626	16 
1627	8 
1628	1 
1629	17 
1630	3 
1631	7 
1632	4 
1633	6 
1634	16 
1635	11 
1636	2 
1637	11 
1638	6 
1639	8 
1640	13 
1641	17 
1642	16 
1643	12 
1644	2 
1645	16 
1646	17 
1647	14 
1648	12 
1649	10 
1650	14 
1651	6 
1652	11 
1653	11 
1654	12 
1655	3 
1656	12 
1657	3 
1658	9 
1659	6 
1660	14 
1661	13 
1662	16 
1663	3 
1664	6 
1665	10 
1666	1 
1667	1 
1668	14 
1669	1 
1670	15 
1671	9 
1672	8 
1673	11 
1674	6 
1675	16 
1676	7 
1677	14 
1678	1 
1679	5 
1680	4 
1681	1 
1682	3 
1683	5 
1684	10 
1685	12 
1686	7 
1687	14 
1688	5 
1689	2 
1690	9 
1691	14 
1692	11 
1693	6 
1694	15 
1695	4 
1696	11 
1697	2 
1698	5 
1699	4 
1700	11 
1701	12 
1702	8 
1703	13 
1704	7 
1705	6 
1706	7 
1707	17 
1708	11 
1709	5 
1710	5 
1711	10 
1712	16 
1713	6 
1714	13 
1715	12 
1716	8 
1717	3 
1718	2 
1719	9 
1720	16 
1721	11 
1722	4 
1723	13 
1724	10 
1725	11 
1726	6 
1727	7 
1728	15 
1729	2 
1730	12 
1731	10 
1732	4 
1733	6 
1734	8 
1735	8 
1736	14 
1737	7 
1738	4 
1739	11 
1740	15 
1741	10 
1742	13 
1743	6 
1744	13 
1745	9 
1746	8 
1747	12 
1748	16 
1749	9 
1750	5 
1751	8 
1752	4 
1753	2 
1754	11 
1755	9 
1756	9 
1757	9 
1758	2 
1759	6 
1760	9 
1761	6 
1762	3 
1763	8 
1764	3 
1765	6 
1766	8 
1767	5 
1768	9 
1769	16 
1770	15 
1771	15 
1772	6 
1773	7 
1774	14 
1775	2 
1776	5 
1777	7 
1778	1 
1779	7 
1780	4 
1781	12 
1782	2 
1783	13 
1784	11 
1785	16 
1786	12 
1787	11 
1788	11 
1789	8 
1790	11 
1791	3 
1792	14 
1793	6 
1794	1 
1795	1 
1796	11 
1797	14 
1798	4 
1799	10 
1800	8 
1801	16 
1802	12 
1803	12 
1804	2 
1805	5 
1806	9 
1807	11 
1808	10 
1809	9 
1810	8 
1811	17 
1812	8 
1813	6 
1814	3 
1815	7 
1816	11 
1817	12 
1818	6 
1819	7 
1820	12 
1821	1 
1822	10 
1823	5 
1824	11 
1825	14 
1826	13 
1827	8 
1828	16 
1829	14 
1830	7 
1831	12 
1832	15 
1833	11 
1834	11 
1835	5 
1836	7 
1837	10 
1838	2 
1839	3 
1840	10 
1841	5 
1842	8 
1843	11 
1844	4 
1845	7 
1846	16 
1847	15 
1848	11 
1849	7 
1850	2 
1851	15 
1852	10 
1853	7 
1854	6 
1855	4 
1856	17 
1857	3 
1858	12 
1859	6 
1860	3 
1861	10 
1862	12 
1863	9 
1864	14 
1865	11 
1866	16 
1867	6 
1868	1 
1869	14 
1870	7 
1871	16 
1872	12 
1873	7 
1874	11 
1875	17 
1876	6 
1877	16 
1878	10 
1879	8 
1880	6 
1881	16 
1882	6 
1883	7 
1884	13 
1885	1 
1886	2 
1887	12 
1888	4 
1889	3 
1890	17 
1891	6 
1892	5 
1893	14 
1894	8 
1895	12 
1896	2 
1897	6 
1898	11 
1899	12 
1900	4 
1901	16 
1902	16 
1903	15 
1904	3 
1905	4 
1906	10 
1907	2 
1908	14 
1909	11 
1910	6 
1911	17 
1912	11 
1913	14 
1914	14 
1915	15 
1916	6 
1917	15 
1918	10 
1919	16 
1920	11 
1921	9 
1922	10 
1923	9 
1924	14 
1925	10 
1926	14 
1927	8 
1928	1 
1929	5 
1930	15 
1931	1 
1932	7 
1933	8 
1934	9 
1935	3 
1936	14 
1937	2 
1938	15 
1939	13 
1940	4 
1941	16 
1942	7 
1943	9 
1944	12 
1945	4 
1946	4 
1947	9 
1948	15 
1949	11 
1950	8 
1951	1 
1952	7 
1953	8 
1954	16 
1955	14 
1956	9 
1957	11 
1958	6 
1959	13 
1960	3 
1961	16 
1962	8 
1963	2 
1964	11 
1965	14 
1966	16 
1967	3 
1968	6 
1969	6 
1970	6 
1971	3 
1972	7 
1973	15 
1974	13 
1975	12 
1976	3 
1977	7 
1978	7 
1979	14 
1980	12 
1981	11 
1982	3 
1983	7 
1984	4 
1985	4 
1986	7 
1987	16 
1988	4 
1989	17 
1990	3 
1991	12 
1992	16 
1993	3 
1994	6 
1995	9 
1996	13 
1997	12 
1998	12 
1999	13 
2000	7 
2001	15 
2002	9 
2003	3 
2004	6 
2005	16 
2006	8 
2007	7 
2008	15 
2009	3 
2010	5 
2011	5 
2012	1 
2013	4 
2014	8 
2015	12 
2016	9 
2017	8 
2018	15 
2019	6 
2020	11 
2021	12 
2022	7 
2023	6 
2024	10 
2025	14 
2026	5 
2027	10 
2028	15 
2029	5 
2030	11 
2031	17 
2032	10 
2033	4 
2034	10 
2035	6 
2036	7 
2037	6 
2038	3 
2039	11 
2040	15 
2041	12 
2042	5 
2043	12 
2044	14 
2045	14 
2046	7 
2047	7 
2048	12 
2049	3 
2050	2 
2051	14 
2052	16 
2053	11 
2054	1 
2055	13 
2056	6 
2057	10 
2058	3 
2059	17 
2060	7 
2061	17 
2062	6 
2063	12 
2064	6 
2065	13 
2066	1 
2067	6 
2068	6 
2069	11 
2070	5 
2071	12 
2072	3 
2073	8 
2074	5 
2075	13 
2076	12 
2077	4 
2078	11 
2079	6 
2080	13 
2081	10 
2082	17 
2083	14 
2084	6 
2085	12 
2086	13 
2087	15 
2088	16 
2089	13 
2090	12 
2091	16 
2092	15 
2093	4 
2094	10 
2095	7 
2096	8 
2097	10 
2098	5 
2099	6 
2100	3 
2101	1 
2102	8 
2103	10 
2104	14 
2105	2 
2106	2 
2107	2 
2108	8 
2109	15 
2110	14 
2111	17 
2112	13 
2113	7 
2114	11 
2115	13 
2116	11 
2117	3 
2118	16 
2119	14 
2120	6 
2121	4 
2122	7 
2123	7 
2124	15 
2125	5 
2126	10 
2127	3 
2128	16 
2129	14 
2130	17 
2131	6 
2132	6 
2133	14 
2134	6 
2135	9 
2136	17 
2137	8 
2138	8 
2139	3 
2140	14 
2141	7 
2142	15 
2143	7 
2144	8 
2145	10 
2146	14 
2147	17 
2148	6 
2149	3 
2150	2 
2151	16 
2152	4 
2153	4 
2154	15 
2155	10 
2156	2 
2157	3 
2158	15 
2159	14 
2160	9 
2161	2 
2162	16 
2163	5 
2164	7 
2165	14 
2166	6 
2167	4 
2168	5 
2169	9 
2170	3 
2171	7 
2172	9 
2173	12 
2174	14 
2175	1 
2176	10 
2177	2 
2178	16 
2179	9 
2180	3 
2181	17 
2182	7 
2183	9 
2184	17 
2185	11 
2186	14 
2187	7 
2188	5 
2189	11 
2190	1 
2191	1 
2192	7 
2193	9 
2194	2 
2195	10 
2196	5 
2197	5 
2198	3 
2199	8 
2200	6 
2201	2 
2202	6 
2203	6 
2204	8 
2205	13 
2206	2 
2207	14 
2208	3 
2209	9 
2210	11 
2211	12 
2212	3 
2213	7 
2214	14 
2215	11 
2216	12 
2217	2 
2218	7 
2219	12 
2220	8 
2221	4 
2222	15 
2223	16 
2224	7 
2225	10 
2226	17 
2227	8 
2228	13 
2229	15 
2230	3 
2231	3 
2232	3 
2233	10 
2234	17 
2235	9 
2236	1 
2237	8 
2238	16 
2239	16 
2240	6 
2241	7 
2242	14 
2243	7 
2244	8 
2245	17 
2246	15 
2247	16 
2248	13 
2249	8 
2250	8 
2251	17 
2252	11 
2253	4 
2254	13 
2255	16 
2256	12 
2257	16 
2258	2 
2259	10 
2260	9 
2261	5 
2262	9 
2263	1 
2264	11 
2265	11 
2266	14 
2267	12 
2268	16 
2269	15 
2270	9 
2271	14 
2272	8 
2273	5 
2274	6 
2275	7 
2276	3 
2277	13 
2278	13 
2279	14 
2280	14 
2281	7 
2282	9 
2283	13 
2284	7 
2285	15 
2286	11 
2287	17 
2288	9 
2289	10 
2290	8 
2291	9 
2292	3 
2293	10 
2294	16 
2295	4 
2296	14 
2297	14 
2298	4 
2299	2 
2300	5 
2301	15 
2302	4 
2303	11 
2304	13 
2305	14 
2306	6 
2307	14 
2308	17 
2309	1 
2310	7 
2311	11 
2312	12 
2313	3 
2314	13 
2315	13 
2316	8 
2317	5 
2318	4 
2319	12 
2320	4 
2321	7 
2322	6 
2323	10 
2324	16 
2325	12 
2326	12 
2327	2 
2328	12 
2329	9 
2330	7 
2331	9 
2332	10 
2333	17 
2334	2 
2335	17 
2336	1 
2337	6 
2338	10 
2339	7 
2340	10 
2341	10 
2342	3 
2343	8 
2344	17 
2345	8 
2346	12 
2347	4 
2348	15 
2349	6 
2350	9 
2351	10 
2352	7 
2353	14 
2354	1 
2355	8 
2356	6 
2357	10 
2358	6 
2359	4 
2360	4 
2361	9 
2362	3 
2363	13 
2364	7 
2365	10 
2366	2 
2367	6 
2368	11 
2369	12 
2370	5 
2371	13 
2372	6 
2373	16 
2374	10 
2375	8 
2376	15 
2377	15 
2378	14 
2379	6 
2380	11 
2381	3 
2382	6 
2383	12 
2384	4 
2385	11 
2386	12 
2387	9 
2388	5 
2389	8 
2390	12 
2391	15 
2392	3 
2393	9 
2394	11 
2395	4 
2396	2 
2397	17 
2398	3 
2399	6 
2400	12 
2401	9 
2402	14 
2403	17 
2404	4 
2405	14 
2406	1 
2407	11 
2408	16 
2409	17 
2410	9 
2411	2 
2412	5 
2413	17 
2414	14 
2415	12 
2416	16 
2417	6 
2418	9 
2419	5 
2420	10 
2421	10 
2422	11 
2423	10 
2424	17 
2425	1 
2426	14 
2427	13 
2428	15 
2429	6 
2430	4 
2431	9 
2432	2 
2433	4 
2434	7 
2435	4 
2436	17 
2437	11 
2438	6 
2439	2 
2440	4 
2441	11 
2442	10 
2443	4 
2444	3 
2445	4 
2446	7 
2447	7 
2448	3 
2449	15 
2450	1 
2451	11 
2452	11 
2453	4 
2454	7 
2455	16 
2456	12 
2457	4 
2458	11 
2459	1 
2460	6 
2461	10 
2462	14 
2463	5 
2464	11 
2465	13 
2466	17 
2467	11 
2468	5 
2469	11 
2470	1 
2471	6 
2472	8 
2473	7 
2474	16 
2475	17 
2476	5 
2477	16 
2478	15 
2479	7 
2480	4 
2481	12 
2482	12 
2483	17 
2484	17 
2485	12 
2486	11 
2487	14 
2488	6 
2489	5 
2490	14 
2491	1 
2492	5 
2493	2 
2494	7 
2495	6 
2496	6 
2497	1 
2498	17 
2499	7 
2500	1 
2501	7 
2502	3 
2503	12 
2504	12 
2505	14 
2506	9 
2507	8 
2508	14 
2509	6 
2510	9 
2511	16 
2512	3 
2513	9 
2514	13 
2515	17 
2516	4 
2517	12 
2518	12 
2519	9 
2520	3 
2521	16 
2522	1 
2523	1 
2524	16 
2525	13 
2526	17 
2527	3 
2528	12 
2529	15 
2530	6 
2531	8 
2532	6 
2533	7 
2534	7 
2535	2 
2536	6 
2537	13 
2538	12 
2539	11 
2540	1 
2541	4 
2542	11 
2543	5 
2544	12 
2545	15 
2546	14 
2547	11 
2548	14 
2549	7 
2550	12 
2551	6 
2552	15 
2553	7 
2554	12 
2555	14 
2556	3 
2557	1 
2558	17 
2559	13 
2560	8 
2561	16 
2562	11 
2563	6 
2564	2 
2565	15 
2566	4 
2567	17 
2568	12 
2569	6 
2570	17 
2571	16 
2572	5 
2573	8 
2574	14 
2575	8 
2576	10 
2577	1 
2578	1 
2579	3 
2580	7 
2581	17 
2582	5 
2583	8 
2584	12 
2585	10 
2586	4 
2587	6 
2588	11 
2589	2 
2590	3 
2591	4 
2592	12 
2593	10 
2594	8 
2595	7 
2596	6 
2597	10 
2598	13 
2599	4 
2600	1 
2601	15 
2602	9 
2603	4 
2604	2 
2605	2 
2606	17 
2607	14 
2608	6 
2609	13 
2610	12 
2611	13 
2612	4 
2613	4 
2614	7 
2615	6 
2616	7 
2617	6 
2618	9 
2619	10 
2620	1 
2621	16 
2622	16 
2623	17 
2624	17 
2625	17 
2626	3 
2627	7 
2628	14 
2629	14 
2630	14 
2631	15 
2632	11 
2633	8 
2634	6 
2635	13 
2636	9 
2637	13 
2638	15 
2639	6 
2640	13 
2641	10 
2642	11 
2643	8 
2644	10 
2645	16 
2646	14 
2647	4 
2648	16 
2649	7 
2650	9 
2651	7 
2652	7 
2653	15 
2654	14 
2655	3 
2656	3 
2657	17 
2658	5 
2659	15 
2660	12 
2661	4 
2662	16 
2663	12 
2664	4 
2665	11 
2666	11 
2667	8 
2668	3 
2669	14 
2670	8 
2671	3 
2672	10 
2673	11 
2674	12 
2675	6 
2676	15 
2677	11 
2678	5 
2679	3 
2680	6 
2681	6 
2682	12 
2683	3 
2684	4 
2685	1 
2686	7 
2687	14 
2688	10 
2689	4 
2690	6 
2691	14 
2692	3 
2693	7 
2694	4 
2695	8 
2696	7 
2697	14 
2698	3 
2699	12 
2700	9 
2701	14 
2702	3 
2703	3 
2704	13 
2705	3 
2706	6 
2707	6 
2708	6 
2709	4 
2710	14 
2711	10 
2712	7 
2713	16 
2714	4 
2715	8 
2716	12 
2717	17 
2718	6 
2719	10 
2720	6 
2721	11 
2722	16 
2723	7 
2724	15 
2725	5 
2726	6 
2727	7 
2728	7 
2729	9 
2730	8 
2731	4 
2732	8 
2733	16 
2734	10 
2735	3 
2736	11 
2737	1 
2738	4 
2739	14 
2740	11 
2741	6 
2742	16 
2743	8 
2744	14 
2745	1 
2746	11 
2747	17 
2748	14 
2749	3 
2750	17 
2751	14 
2752	8 
2753	4 
2754	17 
2755	5 
2756	8 
2757	12 
2758	10 
2759	8 
2760	10 
2761	1 
2762	16 
2763	4 
2764	1 
2765	1 
2766	14 
2767	13 
2768	7 
2769	15 
2770	6 
2771	13 
2772	3 
2773	7 
2774	12 
2775	14 
2776	9 
2777	11 
2778	10 
2779	15 
2780	2 
2781	11 
2782	1 
2783	7 
2784	6 
2785	8 
2786	14 
2787	5 
2788	8 
2789	7 
2790	1 
2791	10 
2792	6 
2793	3 
2794	9 
2795	5 
2796	6 
2797	8 
2798	12 
2799	11 
2800	15 
2801	2 
2802	14 
2803	9 
2804	2 
2805	6 
2806	14 
2807	13 
2808	4 
2809	12 
2810	13 
2811	6 
2812	12 
2813	17 
2814	6 
2815	2 
2816	14 
2817	16 
2818	5 
2819	7 
2820	8 
2821	7 
2822	5 
2823	13 
2824	17 
2825	17 
2826	12 
2827	14 
2828	8 
2829	13 
2830	2 
2831	10 
2832	6 
2833	6 
2834	8 
2835	16 
2836	13 
2837	15 
2838	13 
2839	9 
2840	6 
2841	3 
2842	1 
2843	5 
2844	11 
2845	12 
2846	12 
2847	17 
2848	16 
2849	8 
2850	12 
2851	11 
2852	6 
2853	14 
2854	10 
2855	11 
2856	6 
2857	12 
2858	14 
2859	17 
2860	9 
2861	12 
2862	17 
2863	6 
2864	9 
2865	15 
2866	10 
2867	6 
2868	12 
2869	3 
2870	2 
2871	10 
2872	10 
2873	6 
2874	10 
2875	6 
2876	6 
2877	10 
2878	4 
2879	9 
2880	9 
2881	13 
2882	16 
2883	16 
2884	9 
2885	2 
2886	14 
2887	4 
2888	9 
2889	4 
2890	11 
2891	16 
2892	9 
2893	9 
2894	6 
2895	8 
2896	11 
2897	3 
2898	17 
2899	2 
2900	7 
2901	5 
2902	4 
2903	6 
2904	5 
2905	4 
2906	10 
2907	3 
2908	3 
2909	9 
2910	4 
2911	1 
2912	1 
2913	13 
2914	6 
2915	9 
2916	4 
2917	6 
2918	16 
2919	4 
2920	8 
2921	16 
2922	12 
2923	6 
2924	11 
2925	3 
2926	2 
2927	2 
2928	5 
2929	16 
2930	2 
2931	3 
2932	4 
2933	12 
2934	13 
2935	1 
2936	2 
2937	15 
2938	14 
2939	1 
2940	4 
2941	6 
2942	3 
2943	8 
2944	6 
2945	11 
2946	11 
2947	13 
2948	14 
2949	8 
2950	13 
2951	9 
2952	8 
2953	3 
2954	6 
2955	10 
2956	4 
2957	6 
2958	6 
2959	11 
2960	9 
2961	13 
2962	1 
2963	5 
2964	17 
2965	15 
2966	2 
2967	9 
2968	10 
2969	10 
2970	12 
2971	10 
2972	11 
2973	6 
2974	11 
2975	6 
2976	6 
2977	17 
2978	17 
2979	15 
2980	6 
2981	6 
2982	5 
2983	14 
2984	14 
2985	7 
2986	14 
2987	14 
2988	4 
2989	4 
2990	13 
2991	15 
2992	4 
2993	14 
2994	6 
2995	14 
2996	11 
2997	5 
2998	12 
2999	2 
3000	12 
3001	14 
3002	8 
3003	12 
3004	7 
3005	3 
3006	14 
3007	11 
3008	7 
3009	4 
3010	15 
3011	6 
3012	15 
3013	2 
3014	2 
3015	8 
3016	3 
3017	12 
3018	8 
3019	6 
3020	8 
3021	7 
3022	8 
3023	1 
3024	5 
3025	4 
3026	2 
3027	1 
3028	5 
3029	15 
3030	8 
3031	7 
3032	9 
3033	4 
3034	1 
3035	15 
3036	4 
3037	2 
3038	1 
3039	1 
3040	12 
3041	14 
3042	14 
3043	5 
3044	1 
3045	5 
3046	2 
3047	12 
3048	4 
3049	13 
3050	8 
3051	6 
3052	8 
3053	11 
3054	17 
3055	5 
3056	7 
3057	6 
3058	7 
3059	11 
3060	7 
3061	16 
3062	17 
3063	12 
3064	11 
3065	14 
3066	3 
3067	12 
3068	1 
3069	2 
3070	15 
3071	6 
3072	7 
3073	11 
3074	6 
3075	12 
3076	8 
3077	11 
3078	6 
3079	17 
3080	5 
3081	16 
3082	8 
3083	10 
3084	1 
3085	12 
3086	4 
3087	17 
3088	1 
3089	15 
3090	5 
3091	2 
3092	16 
3093	15 
3094	13 
3095	11 
3096	6 
3097	17 
3098	6 
3099	9 
3100	2 
3101	1 
3102	14 
3103	15 
3104	9 
3105	7 
3106	17 
3107	1 
3108	17 
3109	3 
3110	12 
3111	4 
3112	7 
3113	3 
3114	4 
3115	5 
3116	1 
3117	5 
3118	7 
3119	12 
3120	15 
3121	2 
3122	12 
3123	15 
3124	7 
3125	14 
3126	12 
3127	5 
3128	1 
3129	8 
3130	1 
3131	7 
3132	7 
3133	11 
3134	11 
3135	6 
3136	17 
3137	3 
3138	11 
3139	4 
3140	1 
3141	5 
3142	14 
3143	16 
3144	15 
3145	16 
3146	15 
3147	6 
3148	13 
3149	1 
3150	14 
3151	3 
3152	4 
3153	9 
3154	14 
3155	15 
3156	7 
3157	8 
3158	8 
3159	5 
3160	16 
3161	11 
3162	11 
3163	1 
3164	14 
3165	12 
3166	3 
3167	4 
3168	9 
3169	17 
3170	11 
3171	7 
3172	4 
3173	6 
3174	4 
3175	4 
3176	10 
3177	5 
3178	14 
3179	6 
3180	12 
3181	8 
3182	1 
3183	1 
3184	13 
3185	7 
3186	6 
3187	8 
3188	8 
3189	3 
3190	4 
3191	4 
3192	13 
3193	14 
3194	6 
3195	17 
3196	11 
3197	6 
3198	7 
3199	1 
3200	4 
3201	7 
3202	2 
3203	16 
3204	1 
3205	4 
3206	1 
3207	12 
3208	17 
3209	4 
3210	3 
3211	1 
3212	10 
3213	5 
3214	2 
3215	15 
3216	11 
3217	6 
3218	7 
3219	15 
3220	17 
3221	12 
3222	17 
3223	9 
3224	4 
3225	6 
3226	17 
3227	1 
3228	6 
3229	7 
3230	6 
3231	2 
3232	9 
3233	6 
3234	6 
3235	10 
3236	5 
3237	6 
3238	11 
3239	14 
3240	10 
3241	3 
3242	17 
3243	10 
3244	10 
3245	15 
3246	1 
3247	15 
3248	13 
3249	7 
3250	16 
3251	10 
3252	8 
3253	8 
3254	5 
3255	12 
3256	11 
3257	2 
3258	15 
3259	12 
3260	6 
3261	1 
3262	5 
3263	3 
3264	1 
3265	2 
3266	4 
3267	2 
3268	6 
3269	15 
3270	2 
3271	4 
3272	4 
3273	15 
3274	7 
3275	5 
3276	4 
3277	12 
3278	6 
3279	11 
3280	6 
3281	11 
3282	14 
3283	10 
3284	6 
3285	5 
3286	7 
3287	5 
3288	11 
3289	16 
3290	7 
3291	13 
3292	3 
3293	6 
3294	9 
3295	11 
3296	1 
3297	8 
3298	6 
3299	15 
3300	14 
3301	8 
3302	3 
3303	2 
3304	17 
3305	12 
3306	3 
3307	4 
3308	1 
3309	10 
3310	8 
3311	14 
3312	16 
3313	6 
3314	16 
3315	8 
3316	10 
3317	17 
3318	14 
3319	13 
3320	6 
3321	4 
3322	6 
3323	14 
3324	17 
3325	11 
3326	11 
3327	16 
3328	15 
3329	6 
3330	5 
3331	2 
3332	1 
3333	6 
3334	6 
3335	2 
3336	4 
3337	12 
3338	12 
3339	2 
3340	8 
3341	9 
3342	16 
3343	17 
3344	5 
3345	7 
3346	7 
3347	13 
3348	16 
3349	5 
3350	7 
3351	11 
3352	6 
3353	6 
3354	3 
3355	9 
3356	8 
3357	17 
3358	6 
3359	6 
3360	15 
3361	12 
3362	8 
3363	9 
3364	4 
3365	11 
3366	17 
3367	7 
3368	1 
3369	6 
3370	14 
3371	8 
3372	16 
3373	6 
3374	7 
3375	16 
3376	11 
3377	12 
3378	6 
3379	17 
3380	8 
3381	6 
3382	14 
3383	12 
3384	2 
3385	2 
3386	14 
3387	1 
3388	15 
3389	4 
3390	15 
3391	14 
3392	1 
3393	4 
3394	12 
3395	15 
3396	16 
3397	11 
3398	4 
3399	5 
3400	5 
3401	11 
3402	14 
3403	17 
3404	7 
3405	2 
3406	7 
3407	12 
3408	9 
3409	5 
3410	5 
3411	9 
3412	5 
3413	15 
3414	7 
3415	3 
3416	3 
3417	8 
3418	8 
3419	3 
3420	16 
3421	17 
3422	12 
3423	9 
3424	11 
3425	8 
3426	3 
3427	4 
3428	5 
3429	4 
3430	1 
3431	15 
3432	12 
3433	11 
3434	7 
3435	6 
3436	9 
3437	13 
3438	13 
3439	13 
3440	2 
3441	7 
3442	4 
3443	3 
3444	14 
3445	4 
3446	8 
3447	2 
3448	7 
3449	6 
3450	4 
3451	16 
3452	16 
3453	4 
3454	17 
3455	16 
3456	11 
3457	2 
3458	16 
3459	4 
3460	12 
3461	12 
3462	4 
3463	2 
3464	8 
3465	9 
3466	1 
3467	16 
3468	8 
3469	12 
3470	1 
3471	15 
3472	13 
3473	9 
3474	13 
3475	6 
3476	14 
3477	16 
3478	7 
3479	8 
3480	6 
3481	16 
3482	17 
3483	1 
3484	17 
3485	11 
3486	14 
3487	7 
3488	4 
3489	2 
3490	4 
3491	14 
3492	8 
3493	2 
3494	11 
3495	16 
3496	13 
3497	17 
3498	4 
3499	9 
3500	3 
3501	1 
3502	10 
3503	14 
3504	12 
3505	8 
3506	15 
3507	8 
3508	9 
3509	12 
3510	1 
3511	2 
3512	6 
3513	1 
3514	15 
3515	4 
3516	12 
3517	10 
3518	14 
3519	1 
3520	5 
3521	12 
3522	9 
3523	14 
3524	14 
3525	15 
3526	1 
3527	7 
3528	9 
3529	3 
3530	13 
3531	5 
3532	17 
3533	4 
3534	1 
3535	15 
3536	8 
3537	15 
3538	4 
3539	7 
3540	3 
3541	15 
3542	8 
3543	6 
3544	12 
3545	9 
3546	6 
3547	12 
3548	6 
3549	1 
3550	9 
3551	11 
3552	16 
3553	17 
3554	9 
3555	15 
3556	12 
3557	9 
3558	14 
3559	7 
3560	6 
3561	13 
3562	15 
3563	17 
3564	11 
3565	14 
3566	7 
3567	1 
3568	14 
3569	17 
3570	8 
3571	11 
3572	7 
3573	12 
3574	16 
3575	4 
3576	8 
3577	4 
3578	13 
3579	7 
3580	4 
3581	6 
3582	8 
3583	3 
3584	12 
3585	14 
3586	17 
3587	10 
3588	9 
3589	9 
3590	7 
3591	7 
3592	15 
3593	3 
3594	13 
3595	17 
3596	12 
3597	4 
3598	1 
3599	11 
3600	7 
3601	13 
3602	15 
3603	14 
3604	2 
3605	7 
3606	17 
3607	5 
3608	4 
3609	7 
3610	4 
3611	16 
3612	13 
3613	14 
3614	6 
3615	6 
3616	14 
3617	14 
3618	8 
3619	3 
3620	16 
3621	4 
3622	16 
3623	11 
3624	2 
3625	10 
3626	8 
3627	15 
3628	16 
3629	7 
3630	7 
3631	3 
3632	10 
3633	11 
3634	2 
3635	11 
3636	7 
3637	15 
3638	4 
3639	10 
3640	10 
3641	8 
3642	10 
3643	13 
3644	13 
3645	7 
3646	9 
3647	16 
3648	6 
3649	5 
3650	13 
3651	5 
3652	5 
3653	6 
3654	2 
3655	9 
3656	12 
3657	7 
3658	16 
3659	12 
3660	16 
3661	9 
3662	6 
3663	9 
3664	7 
3665	7 
3666	9 
3667	10 
3668	4 
3669	13 
3670	11 
3671	17 
3672	12 
3673	17 
3674	6 
3675	16 
3676	9 
3677	11 
3678	6 
3679	15 
3680	14 
3681	1 
3682	8 
3683	5 
3684	12 
3685	7 
3686	17 
3687	4 
3688	8 
3689	9 
3690	5 
3691	5 
3692	13 
3693	5 
3694	7 
3695	2 
3696	7 
3697	7 
3698	10 
3699	14 
3700	12 
3701	13 
3702	6 
3703	8 
3704	6 
3705	10 
3706	14 
3707	7 
3708	12 
3709	13 
3710	16 
3711	9 
3712	1 
3713	12 
3714	17 
3715	14 
3716	12 
3717	10 
3718	13 
3719	12 
3720	12 
3721	4 
3722	10 
3723	6 
3724	9 
3725	16 
3726	6 
3727	17 
3728	1 
3729	4 
3730	11 
3731	6 
3732	14 
3733	14 
3734	7 
3735	4 
3736	8 
3737	7 
3738	16 
3739	15 
3740	2 
3741	12 
3742	2 
3743	3 
3744	12 
3745	3 
3746	9 
3747	15 
3748	4 
3749	12 
3750	1 
3751	14 
3752	10 
3753	2 
3754	14 
3755	10 
3756	3 
3757	13 
3758	9 
3759	13 
3760	7 
3761	17 
3762	5 
3763	6 
3764	17 
3765	17 
3766	2 
3767	9 
3768	14 
3769	10 
3770	15 
3771	12 
3772	6 
3773	13 
3774	9 
3775	5 
3776	13 
3777	6 
3778	14 
3779	12 
3780	7 
3781	8 
3782	12 
3783	1 
3784	5 
3785	8 
3786	15 
3787	14 
3788	1 
3789	8 
3790	16 
3791	3 
3792	9 
3793	8 
3794	10 
3795	13 
3796	10 
3797	4 
3798	12 
3799	15 
3800	7 
3801	3 
3802	16 
3803	4 
3804	15 
3805	10 
3806	2 
3807	10 
3808	1 
3809	2 
3810	6 
3811	16 
3812	4 
3813	5 
3814	15 
3815	11 
3816	5 
3817	17 
3818	14 
3819	6 
3820	14 
3821	5 
3822	6 
3823	7 
3824	7 
3825	9 
3826	2 
3827	12 
3828	16 
3829	3 
3830	8 
3831	9 
3832	15 
3833	8 
3834	6 
3835	8 
3836	9 
3837	12 
3838	16 
3839	6 
3840	8 
3841	11 
3842	10 
3843	3 
3844	7 
3845	15 
3846	7 
3847	1 
3848	10 
3849	10 
3850	6 
3851	5 
3852	12 
3853	15 
3854	1 
3855	8 
3856	4 
3857	3 
3858	4 
3859	17 
3860	11 
3861	14 
3862	6 
3863	10 
3864	1 
3865	17 
3866	11 
3867	12 
3868	5 
3869	4 
3870	16 
3871	7 
3872	7 
3873	11 
3874	14 
3875	15 
3876	7 
3877	12 
3878	17 
3879	4 
3880	8 
3881	5 
3882	3 
3883	8 
3884	1 
3885	4 
3886	4 
3887	5 
3888	13 
3889	7 
3890	8 
3891	7 
3892	2 
3893	13 
3894	1 
3895	13 
3896	8 
3897	10 
3898	11 
3899	2 
3900	2 
3901	13 
3902	10 
3903	11 
3904	15 
3905	4 
3906	6 
3907	9 
3908	2 
3909	2 
3910	5 
3911	2 
3912	9 
3913	7 
3914	3 
3915	14 
3916	17 
3917	12 
3918	8 
3919	11 
3920	9 
3921	10 
3922	16 
3923	11 
3924	17 
3925	2 
3926	15 
3927	6 
3928	6 
3929	6 
3930	9 
3931	16 
3932	13 
3933	16 
3934	4 
3935	6 
3936	10 
3937	17 
3938	14 
3939	14 
3940	11 
3941	12 
3942	1 
3943	10 
3944	5 
3945	15 
3946	12 
3947	2 
3948	17 
3949	12 
3950	17 
3951	3 
3952	7 
3953	1 
3954	1 
3955	1 
3956	8 
3957	2 
3958	11 
3959	4 
3960	9 
3961	6 
3962	6 
3963	5 
3964	5 
3965	14 
3966	13 
3967	14 
3968	12 
3969	5 
3970	12 
3971	15 
3972	1 
3973	9 
3974	14 
3975	7 
3976	11 
3977	4 
3978	6 
3979	8 
3980	10 
3981	12 
3982	4 
3983	12 
3984	5 
3985	7 
3986	14 
3987	4 
3988	1 
3989	17 
3990	1 
3991	7 
3992	16 
3993	8 
3994	10 
3995	14 
3996	8 
3997	2 
3998	1 
3999	6 
4000	17 
4001	17 
4002	14 
4003	10 
4004	9 
4005	8 
4006	14 
4007	11 
4008	8 
4009	10 
4010	7 
4011	4 
4012	1 
4013	5 
4014	1 
4015	8 
4016	8 
4017	17 
4018	2 
4019	8 
4020	7 
4021	6 
4022	4 
4023	9 
4024	16 
4025	9 
4026	4 
4027	8 
4028	2 
4029	1 
4030	6 
4031	15 
4032	15 
4033	12 
4034	16 
4035	8 
4036	10 
4037	15 
4038	6 
4039	11 
4040	4 
4041	17 
4042	5 
4043	7 
4044	9 
4045	16 
4046	11 
4047	4 
4048	11 
4049	14 
4050	9 
4051	13 
4052	2 
4053	5 
4054	6 
4055	16 
4056	3 
4057	1 
4058	11 
4059	4 
4060	7 
4061	17 
4062	2 
4063	13 
4064	12 
4065	11 
4066	6 
4067	2 
4068	3 
4069	7 
4070	3 
4071	4 
4072	16 
4073	1 
4074	12 
4075	1 
4076	2 
4077	11 
4078	13 
4079	11 
4080	11 
4081	1 
4082	7 
4083	12 
4084	14 
4085	12 
4086	15 
4087	11 
4088	17 
4089	17 
4090	4 
4091	5 
4092	14 
4093	7 
4094	2 
4095	11 
4096	8 
4097	4 
4098	4 
4099	2 
4100	17 
4101	4 
4102	16 
4103	11 
4104	11 
4105	16 
4106	13 
4107	10 
4108	5 
4109	1 
4110	2 
4111	12 
4112	9 
4113	11 
4114	16 
4115	9 
4116	13 
4117	9 
4118	6 
4119	4 
4120	15 
4121	7 
4122	16 
4123	12 
4124	15 
4125	17 
4126	15 
4127	2 
4128	17 
4129	13 
4130	4 
4131	10 
4132	17 
4133	1 
4134	10 
4135	8 
4136	7 
4137	10 
4138	14 
4139	16 
4140	17 
4141	16 
4142	2 
4143	7 
4144	16 
4145	8 
4146	3 
4147	1 
4148	11 
4149	8 
4150	7 
4151	11 
4152	2 
4153	13 
4154	11 
4155	11 
4156	17 
4157	1 
4158	7 
4159	13 
4160	12 
4161	2 
4162	8 
4163	7 
4164	1 
4165	7 
4166	14 
4167	2 
4168	16 
4169	6 
4170	10 
4171	10 
4172	17 
4173	11 
4174	10 
4175	16 
4176	5 
4177	12 
4178	11 
4179	7 
4180	3 
4181	17 
4182	1 
4183	11 
4184	1 
4185	17 
4186	10 
4187	11 
4188	7 
4189	15 
4190	5 
4191	9 
4192	4 
4193	4 
4194	16 
4195	13 
4196	15 
4197	1 
4198	2 
4199	16 
4200	13 
4201	10 
4202	7 
4203	10 
4204	15 
4205	7 
4206	10 
4207	15 
4208	13 
4209	16 
4210	15 
4211	16 
4212	10 
4213	1 
4214	7 
4215	8 
4216	4 
4217	17 
4218	12 
4219	1 
4220	13 
4221	10 
4222	7 
4223	13 
4224	16 
4225	15 
4226	8 
4227	3 
4228	13 
4229	17 
4230	7 
4231	3 
4232	8 
4233	6 
4234	1 
4235	2 
4236	7 
4237	1 
4238	10 
4239	4 
4240	6 
4241	7 
4242	4 
4243	8 
4244	16 
4245	17 
4246	5 
4247	13 
4248	8 
4249	16 
4250	16 
4251	13 
4252	13 
4253	14 
4254	1 
4255	17 
4256	2 
4257	10 
4258	4 
4259	11 
4260	7 
4261	9 
4262	4 
4263	14 
4264	1 
4265	4 
4266	14 
4267	4 
4268	1 
4269	14 
4270	2 
4271	15 
4272	14 
4273	8 
4274	8 
4275	16 
4276	6 
4277	14 
4278	2 
4279	14 
4280	12 
4281	4 
4282	15 
4283	16 
4284	14 
4285	3 
4286	13 
4287	1 
4288	10 
4289	9 
4290	10 
4291	14 
4292	6 
4293	15 
4294	10 
4295	2 
4296	7 
4297	11 
4298	10 
4299	14 
4300	7 
4301	4 
4302	3 
4303	12 
4304	3 
4305	7 
4306	15 
4307	7 
4308	15 
4309	9 
4310	16 
4311	13 
4312	13 
4313	3 
4314	16 
4315	9 
4316	6 
4317	11 
4318	7 
4319	16 
4320	11 
4321	14 
4322	8 
4323	6 
4324	10 
4325	17 
4326	16 
4327	17 
4328	4 
4329	17 
4330	15 
4331	6 
4332	13 
4333	6 
4334	10 
4335	17 
4336	7 
4337	7 
4338	13 
4339	10 
4340	15 
4341	13 
4342	2 
4343	5 
4344	10 
4345	16 
4346	13 
4347	7 
4348	11 
4349	14 
4350	6 
4351	16 
4352	7 
4353	15 
4354	6 
4355	11 
4356	2 
4357	6 
4358	13 
4359	7 
4360	17 
4361	2 
4362	8 
4363	16 
4364	4 
4365	4 
4366	6 
4367	7 
4368	10 
4369	1 
4370	17 
4371	5 
4372	7 
4373	16 
4374	3 
4375	6 
4376	8 
4377	2 
4378	4 
4379	4 
4380	13 
4381	10 
4382	12 
4383	7 
4384	12 
4385	12 
4386	4 
4387	10 
4388	11 
4389	7 
4390	10 
4391	3 
4392	9 
4393	12 
4394	14 
4395	6 
4396	12 
4397	2 
4398	4 
4399	6 
4400	12 
4401	12 
4402	7 
4403	13 
4404	17 
4405	6 
4406	11 
4407	6 
4408	5 
4409	3 
4410	6 
4411	10 
4412	10 
4413	14 
4414	4 
4415	9 
4416	1 
4417	4 
4418	15 
4419	1 
4420	10 
4421	8 
4422	15 
4423	17 
4424	8 
4425	10 
4426	8 
4427	6 
4428	14 
4429	7 
4430	9 
4431	16 
4432	8 
4433	15 
4434	16 
4435	10 
4436	14 
4437	9 
4438	6 
4439	4 
4440	16 
4441	4 
4442	14 
4443	13 
4444	7 
4445	17 
4446	1 
4447	11 
4448	1 
4449	7 
4450	17 
4451	5 
4452	8 
4453	14 
4454	4 
4455	17 
4456	10 
4457	6 
4458	12 
4459	10 
4460	12 
4461	17 
4462	9 
4463	4 
4464	7 
4465	4 
4466	4 
4467	12 
4468	7 
4469	15 
4470	7 
4471	14 
4472	17 
4473	12 
4474	12 
4475	6 
4476	14 
4477	12 
4478	14 
4479	5 
4480	13 
4481	7 
4482	8 
4483	11 
4484	13 
4485	14 
4486	12 
4487	15 
4488	11 
4489	14 
4490	14 
4491	13 
4492	15 
4493	12 
4494	12 
4495	4 
4496	14 
4497	14 
4498	3 
4499	13 
4500	3 
4501	7 
4502	15 
4503	14 
4504	4 
4505	2 
4506	3 
4507	6 
4508	6 
4509	9 
4510	6 
4511	3 
4512	10 
4513	16 
4514	3 
4515	10 
4516	16 
4517	4 
4518	16 
4519	7 
4520	15 
4521	17 
4522	11 
4523	6 
4524	5 
4525	12 
4526	10 
4527	7 
4528	7 
4529	12 
4530	4 
4531	6 
4532	4 
4533	13 
4534	12 
4535	5 
4536	6 
4537	1 
4538	14 
4539	14 
4540	12 
4541	13 
4542	2 
4543	3 
4544	1 
4545	13 
4546	4 
4547	10 
4548	8 
4549	15 
4550	16 
4551	7 
4552	11 
4553	12 
4554	7 
4555	4 
4556	11 
4557	15 
4558	6 
4559	15 
4560	14 
4561	11 
4562	17 
4563	2 
4564	5 
4565	12 
4566	11 
4567	3 
4568	13 
4569	9 
4570	5 
4571	14 
4572	13 
4573	9 
4574	7 
4575	16 
4576	17 
4577	15 
4578	4 
4579	10 
4580	16 
4581	11 
4582	1 
4583	4 
4584	14 
4585	1 
4586	12 
4587	1 
4588	17 
4589	1 
4590	11 
4591	17 
4592	9 
4593	13 
4594	6 
4595	1 
4596	12 
4597	17 
4598	9 
4599	12 
4600	13 
4601	16 
4602	13 
4603	14 
4604	4 
4605	8 
4606	3 
4607	6 
4608	11 
4609	4 
4610	7 
4611	14 
4612	12 
4613	16 
4614	2 
4615	13 
4616	8 
4617	16 
4618	5 
4619	4 
4620	2 
4621	12 
4622	1 
4623	6 
4624	10 
4625	14 
4626	13 
4627	11 
4628	17 
4629	2 
4630	1 
4631	4 
4632	8 
4633	10 
4634	14 
4635	4 
4636	6 
4637	15 
4638	15 
4639	16 
4640	14 
4641	16 
4642	12 
4643	11 
4644	7 
4645	16 
4646	12 
4647	13 
4648	14 
4649	12 
4650	6 
4651	7 
4652	6 
4653	12 
4654	9 
4655	5 
4656	3 
4657	5 
4658	17 
4659	8 
4660	4 
4661	3 
4662	14 
4663	15 
4664	17 
4665	4 
4666	13 
4667	4 
4668	14 
4669	3 
4670	3 
4671	6 
4672	10 
4673	6 
4674	4 
4675	7 
4676	8 
4677	1 
4678	4 
4679	9 
4680	4 
4681	17 
4682	3 
4683	4 
4684	5 
4685	4 
4686	1 
4687	14 
4688	3 
4689	2 
4690	14 
4691	13 
4692	10 
4693	14 
4694	3 
4695	13 
4696	1 
4697	6 
4698	10 
4699	7 
4700	11 
4701	7 
4702	12 
4703	14 
4704	3 
4705	10 
4706	12 
4707	9 
4708	3 
4709	13 
4710	4 
4711	2 
4712	6 
4713	9 
4714	4 
4715	6 
4716	15 
4717	11 
4718	8 
4719	17 
4720	15 
4721	14 
4722	8 
4723	10 
4724	14 
4725	13 
4726	7 
4727	13 
4728	8 
4729	6 
4730	15 
4731	6 
4732	10 
4733	17 
4734	13 
4735	11 
4736	17 
4737	15 
4738	10 
4739	6 
4740	6 
4741	7 
4742	9 
4743	9 
4744	1 
4745	4 
4746	2 
4747	10 
4748	8 
4749	6 
4750	14 
4751	9 
4752	6 
4753	8 
4754	6 
4755	17 
4756	6 
4757	4 
4758	14 
4759	4 
4760	5 
4761	7 
4762	15 
4763	3 
4764	5 
4765	10 
4766	12 
4767	16 
4768	7 
4769	8 
4770	6 
4771	16 
4772	1 
4773	4 
4774	10 
4775	1 
4776	4 
4777	8 
4778	10 
4779	6 
4780	7 
4781	12 
4782	15 
4783	6 
4784	11 
4785	9 
4786	7 
4787	9 
4788	14 
4789	7 
4790	7 
4791	8 
4792	5 
4793	4 
4794	8 
4795	4 
4796	16 
4797	8 
4798	17 
4799	7 
4800	6 
4801	14 
4802	3 
4803	16 
4804	11 
4805	6 
4806	8 
4807	3 
4808	4 
4809	2 
4810	12 
4811	12 
4812	16 
4813	5 
4814	3 
4815	5 
4816	5 
4817	8 
4818	2 
4819	14 
4820	13 
4821	5 
4822	8 
4823	13 
4824	11 
4825	1 
4826	10 
4827	4 
4828	14 
4829	12 
4830	4 
4831	1 
4832	4 
4833	12 
4834	4 
4835	4 
4836	17 
4837	1 
4838	5 
4839	2 
4840	3 
4841	7 
4842	7 
4843	4 
4844	8 
4845	2 
4846	6 
4847	4 
4848	15 
4849	17 
4850	6 
4851	4 
4852	16 
4853	12 
4854	7 
4855	14 
4856	7 
4857	14 
4858	15 
4859	3 
4860	1 
4861	4 
4862	14 
4863	10 
4864	6 
4865	10 
4866	16 
4867	10 
4868	7 
4869	17 
4870	7 
4871	5 
4872	4 
4873	2 
4874	14 
4875	10 
4876	15 
4877	12 
4878	2 
4879	6 
4880	8 
4881	9 
4882	8 
4883	15 
4884	5 
4885	3 
4886	3 
4887	4 
4888	2 
4889	7 
4890	7 
4891	6 
4892	9 
4893	4 
4894	7 
4895	16 
4896	8 
4897	13 
4898	10 
4899	17 
4900	15 
4901	14 
4902	17 
4903	13 
4904	7 
4905	8 
4906	5 
4907	9 
4908	10 
4909	11 
4910	10 
4911	2 
4912	1 
4913	6 
4914	5 
4915	6 
4916	4 
4917	16 
4918	2 
4919	3 
4920	11 
4921	8 
4922	4 
4923	3 
4924	4 
4925	1 
4926	7 
4927	8 
4928	6 
4929	3 
4930	12 
4931	15 
4932	1 
4933	17 
4934	1 
4935	5 
4936	7 
4937	3 
4938	4 
4939	11 
4940	10 
4941	7 
4942	1 
4943	13 
4944	3 
4945	12 
4946	1 
4947	17 
4948	9 
4949	14 
4950	12 
4951	15 
4952	12 
4953	15 
4954	11 
4955	1 
4956	12 
4957	7 
4958	3 
4959	6 
4960	12 
4961	14 
4962	3 
4963	2 
4964	14 
4965	9 
4966	4 
4967	8 
4968	12 
4969	7 
4970	7 
4971	16 
4972	6 
4973	7 
4974	7 
4975	4 
4976	4 
4977	1 
4978	2 
4979	9 
4980	14 
4981	6 
4982	4 
4983	7 
4984	10 
4985	6 
4986	7 
4987	6 
4988	8 
4989	4 
4990	7 
4991	6 
4992	7 
4993	7 
4994	6 
4995	6 
4996	6 
4997	7 
4998	6 
4999	6 
5000	6 
