1	1 
2	3 
3	3 
4	2 
5	1 
6	2 
7	3 
8	3 
9	3 
10	3 
11	1 
12	2 
13	1 
14	1 
15	2 
16	2 
17	1 
18	2 
19	1 
20	3 
21	2 
22	2 
23	2 
24	3 
25	2 
26	3 
27	2 
28	2 
29	1 
30	3 
31	1 
32	3 
33	2 
34	1 
35	2 
36	2 
37	3 
38	2 
39	2 
40	2 
41	2 
42	3 
43	3 
44	3 
45	3 
46	3 
47	2 
48	2 
49	1 
50	1 
51	2 
52	2 
53	2 
54	2 
55	3 
56	1 
57	1 
58	2 
59	3 
60	1 
61	3 
62	2 
63	2 
64	2 
65	3 
66	1 
67	2 
68	3 
69	2 
70	3 
71	3 
72	1 
73	1 
74	3 
75	1 
76	2 
77	3 
78	1 
79	2 
80	3 
81	2 
82	3 
83	1 
84	1 
85	1 
86	2 
87	2 
88	1 
89	3 
90	2 
91	1 
92	3 
93	2 
94	3 
95	1 
96	2 
97	1 
98	2 
99	3 
100	3 
101	2 
102	2 
103	2 
104	1 
105	2 
106	3 
107	3 
108	3 
109	3 
110	1 
111	1 
112	3 
113	2 
114	2 
115	3 
116	2 
117	2 
118	1 
119	3 
120	2 
121	2 
122	2 
123	2 
124	2 
125	3 
126	1 
127	2 
128	1 
129	2 
130	1 
131	2 
132	1 
133	3 
134	1 
135	1 
136	3 
137	3 
138	2 
139	3 
140	3 
141	2 
142	2 
143	1 
144	3 
145	1 
146	3 
147	2 
148	2 
149	2 
150	2 
151	2 
152	2 
153	3 
154	3 
155	3 
156	2 
157	3 
158	2 
159	2 
160	3 
161	1 
162	2 
163	3 
164	3 
165	1 
166	3 
167	1 
168	1 
169	1 
170	3 
171	1 
172	2 
173	2 
174	1 
175	3 
176	1 
177	2 
178	3 
179	2 
180	3 
181	1 
182	3 
183	3 
184	3 
185	3 
186	3 
187	2 
188	1 
189	2 
190	2 
191	2 
192	3 
193	3 
194	2 
195	2 
196	1 
197	3 
198	1 
199	3 
200	3 
201	1 
202	1 
203	3 
204	3 
205	3 
206	3 
207	2 
208	2 
209	3 
210	1 
211	1 
212	2 
213	2 
214	3 
215	2 
216	2 
217	3 
218	1 
219	2 
220	3 
221	1 
222	3 
223	2 
224	3 
225	2 
226	1 
227	1 
228	1 
229	1 
230	1 
231	3 
232	2 
233	2 
234	3 
235	2 
236	3 
237	2 
238	1 
239	3 
240	2 
241	1 
242	2 
243	2 
244	3 
245	3 
246	3 
247	1 
248	1 
249	1 
250	1 
251	3 
252	1 
253	3 
254	1 
255	3 
256	3 
257	1 
258	1 
259	3 
260	2 
261	2 
262	3 
263	1 
264	2 
265	3 
266	2 
267	2 
268	2 
269	2 
270	3 
271	1 
272	3 
273	3 
274	1 
275	3 
276	1 
277	1 
278	3 
279	3 
280	2 
281	2 
282	3 
283	2 
284	2 
285	2 
286	1 
287	1 
288	1 
289	3 
290	2 
291	1 
292	2 
293	1 
294	2 
295	2 
296	3 
297	1 
298	2 
299	1 
300	2 
301	1 
302	2 
303	1 
304	3 
305	3 
306	3 
307	2 
308	1 
309	1 
310	3 
311	2 
312	1 
313	2 
314	3 
315	3 
316	1 
317	1 
318	2 
319	3 
320	3 
321	2 
322	2 
323	2 
324	2 
325	1 
326	3 
327	3 
328	2 
329	1 
330	1 
331	2 
332	1 
333	3 
334	3 
335	2 
336	3 
337	1 
338	1 
339	2 
340	1 
341	3 
342	2 
343	3 
344	2 
345	1 
346	2 
347	3 
348	2 
349	2 
350	2 
351	2 
352	3 
353	1 
354	3 
355	2 
356	3 
357	3 
358	1 
359	2 
360	2 
361	2 
362	1 
363	2 
364	3 
365	3 
366	2 
367	3 
368	1 
369	2 
370	1 
371	2 
372	1 
373	1 
374	2 
375	2 
376	2 
377	2 
378	3 
379	1 
380	1 
381	1 
382	2 
383	2 
384	3 
385	2 
386	3 
387	3 
388	1 
389	3 
390	1 
391	3 
392	1 
393	1 
394	1 
395	1 
396	3 
397	1 
398	2 
399	2 
400	1 
401	1 
402	3 
403	3 
404	2 
405	3 
406	2 
407	3 
408	1 
409	3 
410	3 
411	1 
412	1 
413	2 
414	2 
415	2 
416	3 
417	1 
418	1 
419	2 
420	2 
421	3 
422	3 
423	2 
424	2 
425	1 
426	2 
427	2 
428	1 
429	2 
430	1 
431	1 
432	3 
433	1 
434	2 
435	2 
436	3 
437	2 
438	1 
439	2 
440	3 
441	3 
442	2 
443	1 
444	2 
445	3 
446	1 
447	2 
448	3 
449	3 
450	2 
451	2 
452	1 
453	2 
454	3 
455	2 
456	3 
457	2 
458	2 
459	1 
460	3 
461	2 
462	2 
463	3 
464	1 
465	1 
466	1 
467	2 
468	3 
469	3 
470	3 
471	3 
472	3 
473	3 
474	2 
475	1 
476	1 
477	2 
478	3 
479	2 
480	1 
481	1 
482	2 
483	1 
484	2 
485	1 
486	2 
487	1 
488	2 
489	3 
490	1 
491	1 
492	1 
493	2 
494	2 
495	2 
496	3 
497	2 
498	2 
499	2 
500	2 
501	3 
502	3 
503	1 
504	3 
505	3 
506	2 
507	3 
508	3 
509	1 
510	2 
511	2 
512	2 
513	2 
514	1 
515	3 
516	1 
517	3 
518	1 
519	1 
520	1 
521	3 
522	2 
523	2 
524	3 
525	3 
526	2 
527	3 
528	2 
529	1 
530	3 
531	1 
532	1 
533	2 
534	3 
535	3 
536	3 
537	2 
538	3 
539	2 
540	2 
541	2 
542	2 
543	2 
544	1 
545	1 
546	2 
547	3 
548	2 
549	1 
550	3 
551	1 
552	2 
553	2 
554	2 
555	3 
556	2 
557	3 
558	2 
559	2 
560	1 
561	1 
562	2 
563	2 
564	3 
565	3 
566	1 
567	1 
568	2 
569	3 
570	2 
571	2 
572	2 
573	2 
574	1 
575	1 
576	2 
577	2 
578	3 
579	2 
580	1 
581	1 
582	3 
583	3 
584	1 
585	1 
586	1 
587	3 
588	3 
589	1 
590	1 
591	1 
592	1 
593	2 
594	1 
595	3 
596	2 
597	2 
598	1 
599	3 
600	1 
601	1 
602	2 
603	2 
604	3 
605	2 
606	1 
607	2 
608	2 
609	1 
610	3 
611	2 
612	3 
613	1 
614	3 
615	3 
616	1 
617	2 
618	2 
619	3 
620	1 
621	3 
622	1 
623	2 
624	2 
625	2 
626	2 
627	1 
628	3 
629	1 
630	2 
631	2 
632	2 
633	2 
634	2 
635	2 
636	3 
637	3 
638	3 
639	2 
640	2 
641	1 
642	2 
643	2 
644	1 
645	1 
646	2 
647	3 
648	1 
649	2 
650	2 
651	1 
652	3 
653	3 
654	1 
655	2 
656	2 
657	2 
658	2 
659	2 
660	1 
661	3 
662	1 
663	1 
664	2 
665	2 
666	1 
667	1 
668	1 
669	3 
670	2 
671	3 
672	2 
673	1 
674	1 
675	3 
676	1 
677	2 
678	1 
679	1 
680	1 
681	2 
682	2 
683	2 
684	2 
685	2 
686	3 
687	2 
688	2 
689	3 
690	3 
691	2 
692	2 
693	2 
694	1 
695	2 
696	2 
697	3 
698	2 
699	2 
700	3 
701	1 
702	3 
703	2 
704	2 
705	3 
706	2 
707	2 
708	3 
709	3 
710	1 
711	3 
712	2 
713	2 
714	3 
715	2 
716	3 
717	3 
718	1 
719	3 
720	2 
721	2 
722	2 
723	2 
724	3 
725	3 
726	3 
727	2 
728	1 
729	1 
730	1 
731	1 
732	3 
733	2 
734	3 
735	1 
736	3 
737	3 
738	3 
739	2 
740	2 
741	1 
742	1 
743	2 
744	1 
745	3 
746	3 
747	3 
748	3 
749	3 
750	1 
751	1 
752	3 
753	2 
754	3 
755	1 
756	1 
757	3 
758	3 
759	2 
760	1 
761	2 
762	1 
763	2 
764	3 
765	2 
766	1 
767	1 
768	2 
769	1 
770	3 
771	3 
772	3 
773	3 
774	1 
775	3 
776	2 
777	1 
778	3 
779	1 
780	2 
781	2 
782	2 
783	3 
784	3 
785	1 
786	1 
787	1 
788	3 
789	1 
790	1 
791	2 
792	2 
793	1 
794	2 
795	3 
796	3 
797	3 
798	2 
799	3 
800	3 
801	3 
802	1 
803	2 
804	1 
805	3 
806	1 
807	3 
808	2 
809	3 
810	1 
811	2 
812	3 
813	2 
814	2 
815	3 
816	2 
817	2 
818	3 
819	3 
820	3 
821	1 
822	1 
823	2 
824	2 
825	2 
826	2 
827	3 
828	3 
829	3 
830	2 
831	2 
832	2 
833	2 
834	1 
835	3 
836	1 
837	2 
838	2 
839	2 
840	2 
841	2 
842	2 
843	2 
844	2 
845	2 
846	3 
847	2 
848	1 
849	3 
850	3 
851	2 
852	1 
853	3 
854	3 
855	2 
856	3 
857	3 
858	2 
859	3 
860	2 
861	1 
862	2 
863	3 
864	3 
865	2 
866	3 
867	1 
868	3 
869	2 
870	1 
871	3 
872	2 
873	2 
874	3 
875	1 
876	2 
877	3 
878	2 
879	3 
880	1 
881	2 
882	3 
883	3 
884	3 
885	2 
886	1 
887	2 
888	3 
889	2 
890	1 
891	2 
892	1 
893	1 
894	1 
895	3 
896	2 
897	1 
898	3 
899	2 
900	1 
901	3 
902	1 
903	3 
904	2 
905	3 
906	3 
907	3 
908	1 
909	1 
910	1 
911	2 
912	2 
913	3 
914	1 
915	1 
916	2 
917	3 
918	1 
919	2 
920	1 
921	2 
922	2 
923	1 
924	2 
925	1 
926	3 
927	2 
928	2 
929	1 
930	2 
931	3 
932	2 
933	2 
934	2 
935	2 
936	2 
937	2 
938	1 
939	3 
940	3 
941	1 
942	2 
943	2 
944	2 
945	3 
946	1 
947	2 
948	2 
949	2 
950	1 
951	2 
952	1 
953	2 
954	3 
955	2 
956	3 
957	2 
958	2 
959	3 
960	2 
961	2 
962	1 
963	1 
964	2 
965	2 
966	3 
967	3 
968	1 
969	1 
970	2 
971	1 
972	3 
973	2 
974	1 
975	2 
976	2 
977	3 
978	2 
979	3 
980	1 
981	1 
982	2 
983	2 
984	2 
985	3 
986	2 
987	2 
988	3 
989	2 
990	2 
991	1 
992	3 
993	3 
994	1 
995	2 
996	2 
997	3 
998	2 
999	2 
1000	2 
