0 68
1 43
2 53
3 26
4 16
5 60
6 70
7 36
8 60
9 30
10 40
11 74
12 37
13 12
14 42
15 72
16 58
17 18
18 54
19 53
20 37
21 24
22 9
23 61
24 65
25 41
26 2
27 66
28 70
29 16
30 21
31 2
32 44
33 47
34 72
35 47
36 66
37 54
38 21
39 2
40 72
41 58
42 46
43 57
44 67
45 4
46 26
47 45
48 36
49 48
50 16
51 17
52 6
53 5
54 48
55 25
56 55
57 9
58 13
59 70
60 66
61 34
62 6
63 9
64 55
65 73
66 17
67 48
68 60
69 18
70 36
71 45
72 5
73 34
74 26
75 65
76 9
77 45
78 21
79 61
80 69
81 27
82 33
83 36
84 6
85 43
86 17
87 34
88 21
89 19
90 40
91 33
92 20
93 18
94 20
95 24
96 10
97 24
98 5
99 61
100 16
101 58
102 65
103 3
104 39
105 41
106 68
107 21
108 61
109 75
110 12
111 11
112 62
113 47
114 7
115 72
116 50
117 24
118 40
119 71
120 25
121 5
122 24
123 28
124 49
125 21
126 23
127 40
128 27
129 41
130 14
131 74
132 45
133 40
134 15
135 51
136 37
137 4
138 48
139 56
140 41
141 65
142 39
143 42
144 30
145 30
146 20
147 4
148 37
149 5
150 42
151 57
152 67
153 26
154 34
155 44
156 14
157 49
158 12
159 24
160 34
161 39
162 44
163 46
164 17
165 55
166 7
167 42
168 24
169 40
170 66
171 69
172 9
173 69
174 20
175 74
176 18
177 75
178 75
179 47
180 37
181 6
182 25
183 32
184 18
185 61
186 13
187 30
188 9
189 13
190 24
191 56
192 75
193 48
194 2
195 7
196 60
197 33
198 54
199 28
200 23
201 14
202 53
203 57
204 73
205 2
206 71
207 11
208 67
209 39
210 20
211 12
212 16
213 17
214 7
215 62
216 9
217 52
218 1
219 63
220 35
221 49
222 68
223 16
224 61
225 61
226 14
227 1
228 52
229 69
230 58
231 3
232 4
233 69
234 36
235 31
236 4
237 22
238 27
239 59
240 53
241 60
242 4
243 9
244 29
245 75
246 53
247 60
248 65
249 3
250 55
251 67
252 73
253 33
254 12
255 61
256 26
257 25
258 18
259 56
260 61
261 49
262 18
263 15
264 10
265 11
266 3
267 65
268 23
269 72
270 73
271 42
272 58
273 13
274 5
275 65
276 68
277 22
278 75
279 63
280 38
281 15
282 39
283 60
284 13
285 44
286 72
287 38
288 71
289 49
290 66
291 33
292 15
293 41
294 56
295 75
296 55
297 26
298 34
299 31
300 15
301 40
302 66
303 66
304 73
305 12
306 47
307 22
308 36
309 5
310 75
311 9
312 54
313 43
314 73
315 9
316 31
317 4
318 1
319 45
320 68
321 12
322 34
323 24
324 50
325 28
326 68
327 56
328 6
329 54
330 33
331 56
332 36
333 56
334 5
335 32
336 61
337 53
338 56
339 63
340 58
341 55
342 31
343 1
344 24
345 18
346 67
347 23
348 64
349 38
350 18
351 63
352 74
353 1
354 46
355 10
356 66
357 2
358 68
359 14
360 38
361 38
362 27
363 34
364 58
365 18
366 73
367 40
368 73
369 32
370 8
371 69
372 37
373 12
374 30
375 75
376 15
377 23
378 38
379 38
380 9
381 65
382 54
383 40
384 36
385 60
386 67
387 64
388 29
389 16
390 47
391 20
392 72
393 53
394 61
395 34
396 57
397 22
398 5
399 13
400 12
401 64
402 11
403 39
404 65
405 12
406 59
407 48
408 43
409 48
410 26
411 11
412 46
413 44
414 62
415 59
416 25
417 69
418 31
419 66
420 12
421 1
422 37
423 62
424 60
425 71
426 47
427 20
428 5
429 31
430 40
431 56
432 34
433 57
434 63
435 70
436 18
437 17
438 34
439 46
440 3
441 30
442 53
443 18
444 55
445 38
446 65
447 64
448 10
449 37
450 41
451 21
452 42
453 36
454 7
455 39
456 17
457 27
458 18
459 10
460 52
461 45
462 57
463 28
464 70
465 41
466 69
467 59
468 45
469 15
470 24
471 60
472 14
473 67
474 27
475 37
476 51
477 65
478 72
479 67
480 29
481 5
482 63
483 43
484 15
485 27
486 3
487 63
488 75
489 20
490 42
491 28
492 34
493 58
494 14
495 29
496 4
497 36
498 60
499 36
500 11
501 45
502 49
503 46
504 42
505 30
506 5
507 24
508 29
509 11
510 75
511 44
512 59
513 1
514 18
515 5
516 50
517 24
518 39
519 15
520 56
521 30
522 18
523 47
524 21
525 1
526 2
527 36
528 70
529 44
530 16
531 19
532 66
533 9
534 43
535 60
536 56
537 4
538 63
539 61
540 61
541 15
542 28
543 4
544 67
545 64
546 50
547 6
548 66
549 42
550 53
551 31
552 15
553 46
554 20
555 4
556 65
557 66
558 40
559 1
560 62
561 37
562 44
563 68
564 31
565 13
566 73
567 8
568 32
569 67
570 21
571 31
572 15
573 6
574 10
575 63
576 20
577 11
578 49
579 13
580 67
581 9
582 11
583 53
584 75
585 54
586 56
587 64
588 7
589 6
590 74
591 26
592 30
593 15
594 63
595 29
596 64
597 22
598 56
599 69
600 7
601 46
602 43
603 56
604 48
605 7
606 9
607 32
608 11
609 44
610 46
611 18
612 26
613 10
614 19
615 3
616 33
617 67
618 13
619 3
620 1
621 43
622 71
623 9
624 27
625 22
626 33
627 32
628 50
629 12
630 28
631 60
632 23
633 24
634 65
635 32
636 66
637 65
638 8
639 62
640 34
641 35
642 71
643 30
644 21
645 46
646 45
647 10
648 48
649 55
650 35
651 26
652 13
653 39
654 43
655 57
656 46
657 29
658 53
659 33
660 34
661 67
662 14
663 26
664 20
665 19
666 10
667 57
668 34
669 16
670 25
671 64
672 56
673 40
674 26
675 8
676 57
677 53
678 3
679 64
680 32
681 18
682 47
683 2
684 63
685 16
686 64
687 57
688 32
689 52
690 27
691 68
692 41
693 16
694 44
695 73
696 60
697 73
698 68
699 41
700 52
701 58
702 23
703 36
704 20
705 6
706 50
707 63
708 29
709 31
710 28
711 62
712 68
713 24
714 73
715 6
716 62
717 44
718 32
719 22
720 9
721 54
722 4
723 10
724 48
725 29
726 55
727 40
728 24
729 14
730 28
731 3
732 39
733 63
734 26
735 75
736 74
737 53
738 68
739 52
740 36
741 20
742 31
743 46
744 22
745 46
746 54
747 35
748 18
749 53
750 9
751 59
752 73
753 6
754 69
755 54
756 71
757 26
758 50
759 30
760 31
761 19
762 27
763 34
764 9
765 9
766 4
767 50
768 15
769 31
770 12
771 40
772 15
773 69
774 73
775 1
776 26
777 39
778 48
779 12
780 22
781 49
782 56
783 11
784 38
785 47
786 74
787 35
788 73
789 23
790 15
791 50
792 22
793 27
794 51
795 68
796 26
797 75
798 44
799 31
800 49
801 11
802 10
803 20
804 33
805 21
806 71
807 39
808 55
809 43
810 18
811 26
812 32
813 21
814 41
815 25
816 47
817 61
818 18
819 70
820 52
821 47
822 62
823 4
824 64
825 68
826 24
827 47
828 72
829 57
830 20
831 45
832 50
833 59
834 62
835 27
836 34
837 34
838 46
839 18
840 30
841 47
842 44
843 4
844 23
845 47
846 70
847 13
848 49
849 62
850 72
851 63
852 58
853 48
854 11
855 28
856 52
857 7
858 29
859 69
860 36
861 68
862 9
863 33
864 34
865 57
866 31
867 33
868 12
869 9
870 64
871 11
872 17
873 20
874 6
875 55
876 47
877 24
878 11
879 17
880 59
881 62
882 9
883 33
884 26
885 36
886 9
887 66
888 55
889 72
890 47
891 67
892 2
893 52
894 75
895 6
896 2
897 9
898 37
899 21
900 32
901 41
902 14
903 32
904 2
905 72
906 50
907 45
908 67
909 27
910 72
911 5
912 54
913 24
914 5
915 61
916 75
917 12
918 36
919 39
920 10
921 51
922 49
923 53
924 59
925 24
926 17
927 31
928 60
929 17
930 51
931 9
932 6
933 5
934 5
935 39
936 27
937 44
938 9
939 5
940 25
941 2
942 28
943 24
944 7
945 13
946 29
947 57
948 12
949 72
950 30
951 34
952 22
953 64
954 10
955 36
956 12
957 42
958 37
959 7
960 42
961 69
962 51
963 6
964 36
965 64
966 6
967 8
968 66
969 42
970 2
971 42
972 61
973 75
974 11
975 24
976 45
977 56
978 6
979 46
980 7
981 31
982 11
983 1
984 66
985 44
986 58
987 67
988 31
989 56
990 66
991 67
992 59
993 37
994 32
995 72
996 56
997 41
998 29
999 15
1000 43
1001 14
1002 24
1003 29
1004 14
1005 64
1006 55
1007 60
1008 42
1009 10
1010 21
1011 36
1012 42
1013 31
1014 52
1015 41
1016 59
1017 72
1018 58
1019 21
1020 48
1021 52
1022 70
1023 67
1024 65
1025 34
1026 62
1027 51
1028 24
1029 32
1030 4
1031 35
1032 16
1033 23
1034 61
1035 13
1036 72
1037 24
1038 47
1039 33
1040 64
1041 17
1042 19
1043 10
1044 50
1045 31
1046 2
1047 40
1048 35
1049 19
1050 65
1051 67
1052 35
1053 47
1054 61
1055 73
1056 25
1057 33
1058 57
1059 63
1060 5
1061 21
1062 65
1063 71
1064 57
1065 74
1066 65
1067 33
1068 36
1069 70
1070 73
1071 19
1072 55
1073 11
1074 33
1075 14
1076 37
1077 17
1078 8
1079 27
1080 44
1081 23
1082 66
1083 67
1084 2
1085 17
1086 63
1087 72
1088 58
1089 33
1090 55
1091 70
1092 72
1093 13
1094 11
1095 55
1096 40
1097 54
1098 52
1099 15
1100 55
1101 49
1102 24
1103 15
1104 67
1105 27
1106 38
1107 41
1108 47
1109 67
1110 24
1111 67
1112 47
1113 28
1114 4
1115 35
1116 74
1117 57
1118 2
1119 6
1120 10
1121 5
1122 37
1123 16
1124 71
1125 53
1126 60
1127 72
1128 43
1129 34
1130 33
1131 58
1132 66
1133 6
1134 68
1135 8
1136 50
1137 37
1138 59
1139 36
1140 70
1141 75
1142 14
1143 27
1144 43
1145 67
1146 23
1147 38
1148 50
1149 40
1150 75
1151 28
1152 13
1153 28
1154 45
1155 17
1156 61
1157 61
1158 14
1159 18
1160 50
1161 31
1162 30
1163 31
1164 73
1165 57
1166 48
1167 25
1168 55
1169 70
1170 2
1171 27
1172 52
1173 23
1174 51
1175 70
1176 53
1177 21
1178 24
1179 8
1180 36
1181 47
1182 11
1183 29
1184 22
1185 9
1186 7
1187 23
1188 13
1189 71
1190 28
1191 11
1192 48
1193 44
1194 51
1195 41
1196 5
1197 26
1198 7
1199 30
1200 59
1201 61
1202 57
1203 16
1204 26
1205 37
1206 10
1207 26
1208 53
1209 18
1210 67
1211 2
1212 51
1213 13
1214 19
1215 15
1216 63
1217 21
1218 50
1219 50
1220 50
1221 44
1222 13
1223 20
1224 17
1225 50
1226 18
1227 52
1228 38
1229 15
1230 23
1231 53
1232 38
1233 65
1234 22
1235 42
1236 41
1237 9
1238 18
1239 48
1240 54
1241 50
1242 9
1243 48
1244 74
1245 13
1246 72
1247 4
1248 16
1249 73
1250 26
1251 27
1252 41
1253 22
1254 66
1255 37
1256 73
1257 45
1258 58
1259 23
1260 61
1261 57
1262 47
1263 69
1264 4
1265 4
1266 60
1267 71
1268 38
1269 1
1270 18
1271 50
1272 45
1273 28
1274 23
1275 16
1276 46
1277 4
1278 60
1279 30
1280 30
1281 70
1282 31
1283 72
1284 20
1285 72
1286 12
1287 22
1288 71
1289 75
1290 6
1291 62
1292 61
1293 35
1294 54
1295 22
1296 52
1297 61
1298 65
1299 11
1300 57
1301 72
1302 26
1303 73
1304 37
1305 14
1306 56
1307 32
1308 37
1309 64
1310 60
1311 38
1312 7
1313 12
1314 2
1315 60
1316 70
1317 66
1318 51
1319 8
1320 20
1321 18
1322 50
1323 2
1324 2
1325 25
1326 64
1327 58
1328 72
1329 3
1330 67
1331 63
1332 43
1333 9
1334 56
1335 74
1336 32
1337 34
1338 56
1339 74
1340 17
1341 63
1342 49
1343 52
1344 4
1345 31
1346 43
1347 69
1348 46
1349 15
1350 6
1351 27
1352 18
1353 8
1354 16
1355 14
1356 63
1357 52
1358 29
1359 17
1360 26
1361 21
1362 27
1363 10
1364 6
1365 62
1366 72
1367 20
1368 63
1369 62
1370 22
1371 44
1372 66
1373 74
1374 57
1375 3
1376 56
1377 31
1378 73
1379 66
1380 11
1381 7
1382 36
1383 59
1384 41
1385 55
1386 71
1387 56
1388 12
1389 65
1390 28
1391 6
1392 5
1393 39
1394 23
1395 70
1396 49
1397 6
1398 72
1399 21
1400 70
1401 12
1402 42
1403 61
1404 48
1405 74
1406 25
1407 29
1408 52
1409 36
1410 69
1411 38
1412 24
1413 26
1414 69
1415 65
1416 75
1417 63
1418 52
1419 9
1420 75
1421 62
1422 47
1423 54
1424 19
1425 33
1426 35
1427 10
1428 14
1429 56
1430 22
1431 61
1432 29
1433 12
1434 38
1435 15
1436 22
1437 29
1438 27
1439 23
1440 44
1441 67
1442 62
1443 37
1444 47
1445 34
1446 55
1447 40
1448 51
1449 45
1450 14
1451 57
1452 30
1453 39
1454 5
1455 49
1456 15
1457 40
1458 22
1459 25
1460 12
1461 74
1462 13
1463 12
1464 36
1465 15
1466 73
1467 50
1468 59
1469 60
1470 26
1471 33
1472 48
1473 20
1474 38
1475 53
1476 2
1477 69
1478 11
1479 47
1480 55
1481 40
1482 16
1483 1
1484 37
1485 67
1486 9
1487 63
1488 34
1489 8
1490 67
1491 55
1492 74
1493 14
1494 46
1495 52
1496 1
1497 35
1498 40
1499 25
1500 60
1501 15
1502 34
1503 39
1504 70
1505 4
1506 9
1507 68
1508 42
1509 45
1510 61
1511 57
1512 6
1513 64
1514 43
1515 75
1516 75
1517 1
1518 44
1519 44
1520 34
1521 8
1522 32
1523 36
1524 61
1525 44
1526 18
1527 40
1528 66
1529 75
1530 57
1531 43
1532 54
1533 9
1534 38
1535 54
1536 61
1537 57
1538 7
1539 33
1540 45
1541 7
1542 16
1543 41
1544 44
1545 65
1546 35
1547 20
1548 9
1549 20
1550 15
1551 66
1552 22
1553 31
1554 30
1555 42
1556 14
1557 15
1558 1
1559 62
1560 55
1561 63
1562 39
1563 12
1564 70
1565 65
1566 42
1567 25
1568 44
1569 47
1570 66
1571 19
1572 47
1573 5
1574 21
1575 66
1576 50
1577 15
1578 61
1579 68
1580 33
1581 71
1582 35
1583 59
1584 55
1585 34
1586 52
1587 11
1588 14
1589 40
1590 19
1591 27
1592 71
1593 9
1594 8
1595 69
1596 20
1597 7
1598 55
1599 64
1600 31
1601 9
1602 39
1603 61
1604 39
1605 53
1606 54
1607 72
1608 40
1609 4
1610 59
1611 3
1612 39
1613 3
1614 51
1615 2
1616 20
1617 24
1618 47
1619 67
1620 7
1621 67
1622 11
1623 69
1624 73
1625 28
1626 8
1627 55
1628 39
1629 63
1630 37
1631 49
1632 63
1633 55
1634 54
1635 64
1636 4
1637 58
1638 46
1639 67
1640 59
1641 36
1642 62
1643 36
1644 73
1645 9
1646 4
1647 37
1648 2
1649 8
1650 18
1651 39
1652 24
1653 73
1654 38
1655 36
1656 62
1657 11
1658 61
1659 42
1660 31
1661 73
1662 17
1663 37
1664 64
1665 2
1666 14
1667 1
1668 63
1669 21
1670 2
1671 14
1672 44
1673 17
1674 20
1675 34
1676 29
1677 29
1678 7
1679 6
1680 13
1681 44
1682 13
1683 58
1684 22
1685 23
1686 12
1687 60
1688 9
1689 25
1690 57
1691 31
1692 45
1693 4
1694 25
1695 42
1696 26
1697 1
1698 74
1699 2
1700 37
1701 49
1702 5
1703 74
1704 71
1705 16
1706 45
1707 71
1708 59
1709 23
1710 60
1711 24
1712 45
1713 57
1714 47
1715 12
1716 56
1717 9
1718 52
1719 69
1720 32
1721 62
1722 11
1723 56
1724 33
1725 17
1726 51
1727 70
1728 66
1729 70
1730 6
1731 63
1732 50
1733 67
1734 67
1735 72
1736 34
1737 75
1738 56
1739 12
1740 34
1741 45
1742 63
1743 42
1744 49
1745 67
1746 26
1747 36
1748 16
1749 70
1750 67
1751 50
1752 34
1753 67
1754 25
1755 69
1756 49
1757 21
1758 34
1759 30
1760 55
1761 42
1762 4
1763 5
1764 64
1765 8
1766 56
1767 7
1768 16
1769 39
1770 64
1771 2
1772 26
1773 45
1774 39
1775 39
1776 45
1777 1
1778 30
1779 5
1780 7
1781 61
1782 20
1783 33
1784 2
1785 15
1786 34
1787 5
1788 22
1789 70
1790 43
1791 18
1792 29
1793 36
1794 57
1795 61
1796 32
1797 17
1798 62
1799 53
1800 15
1801 37
1802 40
1803 41
1804 59
1805 40
1806 30
1807 26
1808 54
1809 72
1810 43
1811 49
1812 67
1813 38
1814 71
1815 24
1816 51
1817 34
1818 11
1819 33
1820 61
1821 75
1822 55
1823 9
1824 32
1825 67
1826 34
1827 27
1828 47
1829 31
1830 75
1831 18
1832 11
1833 28
1834 1
1835 6
1836 74
1837 61
1838 46
1839 56
1840 61
1841 75
1842 23
1843 31
1844 73
1845 74
1846 35
1847 25
1848 48
1849 56
1850 18
1851 13
1852 44
1853 62
1854 63
1855 73
1856 12
1857 29
1858 55
1859 32
1860 69
1861 47
1862 41
1863 64
1864 18
1865 23
1866 29
1867 73
1868 58
1869 35
1870 75
1871 35
1872 46
1873 14
1874 39
1875 13
1876 63
1877 21
1878 73
1879 74
1880 48
1881 56
1882 64
1883 14
1884 44
1885 63
1886 74
1887 17
1888 4
1889 10
1890 66
1891 51
1892 36
1893 23
1894 12
1895 2
1896 60
1897 29
1898 1
1899 36
1900 55
1901 61
1902 7
1903 75
1904 68
1905 3
1906 22
1907 75
1908 9
1909 8
1910 15
1911 49
1912 54
1913 43
1914 48
1915 28
1916 13
1917 61
1918 42
1919 54
1920 41
1921 14
1922 40
1923 11
1924 64
1925 74
1926 40
1927 33
1928 11
1929 37
1930 23
1931 14
1932 69
1933 65
1934 12
1935 50
1936 54
1937 4
1938 26
1939 18
1940 19
1941 12
1942 50
1943 14
1944 33
1945 2
1946 8
1947 47
1948 31
1949 15
1950 47
1951 1
1952 21
1953 52
1954 17
1955 11
1956 48
1957 25
1958 75
1959 4
1960 67
1961 69
1962 40
1963 73
1964 43
1965 22
1966 31
1967 44
1968 19
1969 50
1970 32
1971 58
1972 35
1973 59
1974 54
1975 72
1976 55
1977 32
1978 27
1979 73
1980 70
1981 68
1982 65
1983 28
1984 71
1985 39
1986 32
1987 11
1988 73
1989 28
1990 72
1991 3
1992 53
1993 40
1994 29
1995 31
1996 48
1997 24
1998 17
1999 59
2000 2
2001 69
2002 19
2003 35
2004 40
2005 49
2006 57
2007 53
2008 40
2009 56
2010 27
2011 51
2012 43
2013 68
2014 25
2015 61
2016 37
2017 30
2018 70
2019 51
2020 11
2021 65
2022 60
2023 72
2024 11
2025 65
2026 49
2027 45
2028 64
2029 74
2030 50
2031 22
2032 71
2033 63
2034 71
2035 11
2036 45
2037 12
2038 51
2039 40
2040 59
2041 23
2042 56
2043 44
2044 32
2045 24
2046 59
2047 8
2048 53
2049 24
2050 28
2051 7
2052 42
2053 5
2054 70
2055 60
2056 57
2057 23
2058 9
2059 72
2060 72
2061 55
2062 63
2063 62
2064 33
2065 24
2066 36
2067 57
2068 71
2069 51
2070 4
2071 70
2072 50
2073 39
2074 47
2075 66
2076 41
2077 48
2078 48
2079 21
2080 18
2081 63
2082 61
2083 62
2084 47
2085 2
2086 56
2087 39
2088 31
2089 18
2090 53
2091 56
2092 71
2093 69
2094 7
2095 7
2096 63
2097 44
2098 32
2099 42
2100 21
2101 40
2102 41
2103 71
2104 36
2105 74
2106 30
2107 44
2108 75
2109 59
2110 54
2111 49
2112 30
2113 40
2114 10
2115 58
2116 18
2117 24
2118 4
2119 60
2120 38
2121 12
2122 17
2123 74
2124 70
2125 31
2126 2
2127 10
2128 36
2129 36
2130 43
2131 66
2132 74
2133 28
2134 62
2135 28
2136 58
2137 66
2138 63
2139 13
2140 32
2141 45
2142 40
2143 5
2144 15
2145 27
2146 35
2147 53
2148 34
2149 65
2150 24
2151 25
2152 57
2153 54
2154 24
2155 67
2156 61
2157 22
2158 30
2159 17
2160 74
2161 66
2162 45
2163 18
2164 42
2165 30
2166 24
2167 11
2168 18
2169 75
2170 9
2171 50
2172 20
2173 13
2174 17
2175 59
2176 51
2177 19
2178 13
2179 63
2180 40
2181 9
2182 71
2183 64
2184 53
2185 34
2186 55
2187 22
2188 42
2189 56
2190 23
2191 2
2192 40
2193 51
2194 61
2195 43
2196 70
2197 30
2198 1
2199 48
2200 50
2201 68
2202 31
2203 27
2204 70
2205 10
2206 34
2207 44
2208 12
2209 55
2210 39
2211 72
2212 59
2213 42
2214 3
2215 19
2216 31
2217 72
2218 21
2219 68
2220 10
2221 60
2222 73
2223 59
2224 67
2225 66
2226 63
2227 10
2228 21
2229 43
2230 25
2231 18
2232 60
2233 31
2234 24
2235 32
2236 44
2237 7
2238 54
2239 47
2240 35
2241 20
2242 4
2243 57
2244 59
2245 2
2246 42
2247 35
2248 55
2249 34
2250 72
2251 18
2252 34
2253 53
2254 63
2255 62
2256 21
2257 52
2258 17
2259 20
2260 38
2261 3
2262 69
2263 68
2264 74
2265 61
2266 67
2267 18
2268 71
2269 64
2270 20
2271 21
2272 72
2273 25
2274 63
2275 25
2276 11
2277 9
2278 39
2279 31
2280 53
2281 39
2282 8
2283 49
2284 19
2285 22
2286 11
2287 4
2288 54
2289 59
2290 51
2291 61
2292 26
2293 40
2294 75
2295 15
2296 41
2297 25
2298 52
2299 8
2300 67
2301 67
2302 24
2303 16
2304 44
2305 20
2306 51
2307 5
2308 32
2309 24
2310 6
2311 70
2312 49
2313 72
2314 50
2315 28
2316 30
2317 38
2318 7
2319 10
2320 57
2321 29
2322 63
2323 50
2324 74
2325 23
2326 55
2327 1
2328 32
2329 16
2330 75
2331 49
2332 2
2333 57
2334 56
2335 46
2336 61
2337 61
2338 11
2339 41
2340 63
2341 48
2342 67
2343 64
2344 17
2345 42
2346 56
2347 40
2348 11
2349 21
2350 68
2351 54
2352 25
2353 74
2354 72
2355 25
2356 53
2357 12
2358 20
2359 61
2360 34
2361 55
2362 9
2363 3
2364 32
2365 17
2366 68
2367 31
2368 71
2369 12
2370 61
2371 45
2372 45
2373 39
2374 65
2375 55
2376 45
2377 61
2378 64
2379 20
2380 72
2381 28
2382 42
2383 66
2384 61
2385 31
2386 31
2387 15
2388 19
2389 63
2390 46
2391 26
2392 60
2393 43
2394 60
2395 16
2396 10
2397 44
2398 45
2399 44
2400 21
2401 2
2402 5
2403 23
2404 12
2405 4
2406 9
2407 9
2408 56
2409 59
2410 6
2411 20
2412 15
2413 65
2414 4
2415 51
2416 24
2417 57
2418 39
2419 40
2420 33
2421 66
2422 34
2423 48
2424 32
2425 71
2426 29
2427 26
2428 63
2429 29
2430 50
2431 72
2432 9
2433 49
2434 75
2435 62
2436 60
2437 47
2438 45
2439 12
2440 13
2441 48
2442 22
2443 16
2444 31
2445 34
2446 30
2447 22
2448 68
2449 28
2450 73
2451 65
2452 33
2453 46
2454 8
2455 75
2456 51
2457 29
2458 40
2459 42
2460 63
2461 6
2462 70
2463 5
2464 45
2465 58
2466 47
2467 25
2468 33
2469 12
2470 57
2471 63
2472 11
2473 40
2474 50
2475 59
2476 45
2477 11
2478 4
2479 15
2480 9
2481 49
2482 71
2483 29
2484 74
2485 9
2486 58
2487 67
2488 28
2489 65
2490 15
2491 59
2492 57
2493 40
2494 49
2495 57
2496 70
2497 17
2498 25
2499 11
2500 67
2501 18
2502 40
2503 66
2504 26
2505 10
2506 34
2507 2
2508 9
2509 57
2510 7
2511 13
2512 45
2513 10
2514 17
2515 67
2516 33
2517 37
2518 54
2519 29
2520 35
2521 51
2522 63
2523 5
2524 23
2525 28
2526 63
2527 24
2528 40
2529 69
2530 6
2531 63
2532 8
2533 40
2534 13
2535 47
2536 35
2537 8
2538 72
2539 66
2540 19
2541 54
2542 71
2543 2
2544 39
2545 62
2546 26
2547 51
2548 46
2549 38
2550 43
2551 1
2552 11
2553 38
2554 50
2555 18
2556 11
2557 26
2558 39
2559 65
2560 70
2561 32
2562 37
2563 31
2564 75
2565 36
2566 74
2567 36
2568 24
2569 1
2570 40
2571 74
2572 24
2573 12
2574 43
2575 40
2576 45
2577 38
2578 52
2579 63
2580 73
2581 37
2582 64
2583 7
2584 32
2585 75
2586 12
2587 46
2588 17
2589 61
2590 51
2591 16
2592 14
2593 75
2594 22
2595 19
2596 61
2597 66
2598 11
2599 62
2600 41
2601 63
2602 24
2603 4
2604 67
2605 71
2606 55
2607 37
2608 4
2609 23
2610 63
2611 35
2612 36
2613 8
2614 9
2615 26
2616 44
2617 8
2618 43
2619 3
2620 18
2621 63
2622 3
2623 48
2624 19
2625 26
2626 57
2627 75
2628 16
2629 10
2630 66
2631 66
2632 75
2633 43
2634 56
2635 69
2636 30
2637 50
2638 49
2639 6
2640 7
2641 16
2642 24
2643 10
2644 56
2645 43
2646 73
2647 47
2648 7
2649 75
2650 48
2651 6
2652 68
2653 1
2654 2
2655 11
2656 40
2657 18
2658 32
2659 33
2660 48
2661 60
2662 71
2663 64
2664 22
2665 26
2666 59
2667 35
2668 18
2669 16
2670 17
2671 11
2672 31
2673 1
2674 22
2675 40
2676 43
2677 35
2678 49
2679 72
2680 33
2681 63
2682 69
2683 52
2684 75
2685 21
2686 59
2687 30
2688 10
2689 27
2690 19
2691 10
2692 66
2693 63
2694 75
2695 44
2696 34
2697 43
2698 54
2699 16
2700 56
2701 4
2702 50
2703 3
2704 46
2705 51
2706 45
2707 75
2708 48
2709 58
2710 29
2711 71
2712 66
2713 70
2714 3
2715 46
2716 60
2717 51
2718 53
2719 69
2720 62
2721 54
2722 56
2723 19
2724 45
2725 63
2726 18
2727 46
2728 49
2729 18
2730 10
2731 42
2732 68
2733 9
2734 24
2735 2
2736 63
2737 38
2738 35
2739 67
2740 32
2741 65
2742 59
2743 36
2744 73
2745 26
2746 23
2747 3
2748 24
2749 36
2750 69
2751 36
2752 37
2753 57
2754 20
2755 30
2756 9
2757 57
2758 24
2759 26
2760 15
2761 36
2762 31
2763 7
2764 23
2765 5
2766 58
2767 35
2768 2
2769 75
2770 37
2771 22
2772 1
2773 68
2774 18
2775 43
2776 55
2777 18
2778 26
2779 75
2780 36
2781 39
2782 39
2783 45
2784 64
2785 48
2786 17
2787 10
2788 5
2789 56
2790 1
2791 65
2792 50
2793 29
2794 26
2795 31
2796 9
2797 30
2798 46
2799 28
2800 11
2801 54
2802 71
2803 30
2804 31
2805 50
2806 24
2807 36
2808 48
2809 12
2810 22
2811 25
2812 24
2813 35
2814 75
2815 72
2816 39
2817 3
2818 9
2819 67
2820 20
2821 46
2822 41
2823 49
2824 54
2825 21
2826 25
2827 52
2828 66
2829 25
2830 51
2831 54
2832 20
2833 66
2834 60
2835 32
2836 72
2837 58
2838 57
2839 60
2840 23
2841 75
2842 18
2843 75
2844 23
2845 52
2846 60
2847 53
2848 72
2849 22
2850 44
2851 71
2852 43
2853 27
2854 46
2855 13
2856 59
2857 46
2858 34
2859 15
2860 10
2861 3
2862 58
2863 61
2864 52
2865 7
2866 54
2867 14
2868 75
2869 25
2870 71
2871 55
2872 27
2873 44
2874 34
2875 70
2876 28
2877 8
2878 17
2879 68
2880 2
2881 61
2882 35
2883 24
2884 63
2885 35
2886 38
2887 12
2888 24
2889 9
2890 4
2891 67
2892 50
2893 3
2894 53
2895 56
2896 32
2897 68
2898 44
2899 40
2900 58
2901 70
2902 10
2903 1
2904 42
2905 47
2906 48
2907 11
2908 1
2909 72
2910 18
2911 14
2912 61
2913 62
2914 61
2915 20
2916 41
2917 7
2918 69
2919 32
2920 46
2921 24
2922 41
2923 12
2924 9
2925 17
2926 63
2927 6
2928 35
2929 32
2930 28
2931 9
2932 62
2933 50
2934 73
2935 9
2936 68
2937 75
2938 36
2939 27
2940 7
2941 65
2942 11
2943 22
2944 43
2945 23
2946 73
2947 58
2948 19
2949 30
2950 69
2951 69
2952 36
2953 15
2954 13
2955 22
2956 26
2957 20
2958 31
2959 28
2960 17
2961 29
2962 66
2963 8
2964 28
2965 31
2966 60
2967 17
2968 30
2969 68
2970 69
2971 18
2972 72
2973 49
2974 38
2975 39
2976 75
2977 73
2978 67
2979 63
2980 30
2981 9
2982 49
2983 40
2984 14
2985 39
2986 43
2987 12
2988 65
2989 55
2990 26
2991 34
2992 36
2993 65
2994 26
2995 73
2996 23
2997 3
2998 53
2999 36
3000 70
3001 34
3002 40
3003 16
3004 42
3005 40
3006 23
3007 51
3008 48
3009 68
3010 57
3011 34
3012 51
3013 10
3014 49
3015 61
3016 39
3017 72
3018 56
3019 10
3020 34
3021 49
3022 68
3023 20
3024 19
3025 63
3026 23
3027 45
3028 41
3029 25
3030 64
3031 26
3032 64
3033 66
3034 36
3035 41
3036 63
3037 37
3038 49
3039 36
3040 72
3041 27
3042 63
3043 33
3044 45
3045 55
3046 70
3047 47
3048 63
3049 75
3050 9
3051 69
3052 23
3053 13
3054 1
3055 11
3056 45
3057 48
3058 62
3059 65
3060 51
3061 29
3062 39
3063 19
3064 39
3065 23
3066 39
3067 23
3068 65
3069 70
3070 3
3071 56
3072 49
3073 23
3074 50
3075 42
3076 44
3077 4
3078 66
3079 50
3080 74
3081 71
3082 72
3083 13
3084 9
3085 27
3086 36
3087 74
3088 35
3089 18
3090 36
3091 53
3092 68
3093 55
3094 24
3095 10
3096 14
3097 36
3098 30
3099 8
3100 26
3101 11
3102 52
3103 51
3104 35
3105 75
3106 60
3107 55
3108 42
3109 53
3110 47
3111 4
3112 24
3113 61
3114 73
3115 8
3116 16
3117 55
3118 8
3119 60
3120 53
3121 15
3122 2
3123 38
3124 68
3125 16
3126 11
3127 42
3128 36
3129 73
3130 8
3131 44
3132 67
3133 60
3134 49
3135 64
3136 44
3137 17
3138 61
3139 16
3140 75
3141 14
3142 45
3143 8
3144 9
3145 1
3146 51
3147 50
3148 13
3149 36
3150 70
3151 53
3152 9
3153 3
3154 71
3155 3
3156 23
3157 63
3158 13
3159 25
3160 36
3161 19
3162 55
3163 33
3164 11
3165 67
3166 75
3167 42
3168 30
3169 10
3170 14
3171 34
3172 5
3173 58
3174 18
3175 23
3176 22
3177 46
3178 12
3179 9
3180 5
3181 9
3182 54
3183 13
3184 27
3185 23
3186 13
3187 22
3188 15
3189 57
3190 29
3191 53
3192 24
3193 13
3194 13
3195 71
3196 60
3197 31
3198 15
3199 72
3200 14
3201 26
3202 70
3203 7
3204 74
3205 52
3206 14
3207 31
3208 9
3209 39
3210 1
3211 71
3212 67
3213 71
3214 22
3215 3
3216 61
3217 70
3218 4
3219 34
3220 63
3221 71
3222 37
3223 18
3224 68
3225 62
3226 39
3227 59
3228 65
3229 24
3230 75
3231 63
3232 66
3233 66
3234 63
3235 25
3236 60
3237 27
3238 32
3239 74
3240 2
3241 7
3242 62
3243 38
3244 8
3245 67
3246 27
3247 52
3248 30
3249 18
3250 57
3251 71
3252 18
3253 37
3254 41
3255 3
3256 66
3257 59
3258 20
3259 62
3260 73
3261 63
3262 32
3263 68
3264 19
3265 19
3266 72
3267 26
3268 39
3269 11
3270 26
3271 75
3272 42
3273 9
3274 46
3275 33
3276 7
3277 63
3278 71
3279 73
3280 45
3281 38
3282 33
3283 18
3284 11
3285 16
3286 70
3287 43
3288 58
3289 11
3290 28
3291 32
3292 4
3293 6
3294 54
3295 4
3296 68
3297 13
3298 65
3299 38
3300 56
3301 71
3302 27
3303 75
3304 56
3305 71
3306 10
3307 10
3308 37
3309 3
3310 28
3311 36
3312 55
3313 73
3314 7
3315 46
3316 38
3317 61
3318 29
3319 67
3320 32
3321 46
3322 34
3323 59
3324 52
3325 39
3326 36
3327 35
3328 47
3329 74
3330 22
3331 43
3332 53
3333 36
3334 63
3335 18
3336 15
3337 38
3338 36
3339 42
3340 23
3341 29
3342 10
3343 4
3344 75
3345 1
3346 34
3347 52
3348 70
3349 52
3350 16
3351 45
3352 10
3353 28
3354 3
3355 9
3356 68
3357 31
3358 7
3359 64
3360 68
3361 63
3362 38
3363 31
3364 3
3365 75
3366 38
3367 69
3368 30
3369 33
3370 3
3371 13
3372 35
3373 53
3374 15
3375 5
3376 12
3377 58
3378 12
3379 47
3380 45
3381 57
3382 72
3383 24
3384 66
3385 24
3386 56
3387 31
3388 60
3389 64
3390 10
3391 68
3392 19
3393 52
3394 24
3395 49
3396 15
3397 3
3398 27
3399 63
3400 74
3401 48
3402 19
3403 11
3404 60
3405 12
3406 34
3407 46
3408 63
3409 40
3410 7
3411 59
3412 66
3413 40
3414 66
3415 75
3416 30
3417 7
3418 55
3419 29
3420 32
3421 67
3422 51
3423 42
3424 54
3425 12
3426 23
3427 72
3428 70
3429 45
3430 48
3431 12
3432 31
3433 19
3434 68
3435 71
3436 75
3437 63
3438 37
3439 34
3440 13
3441 37
3442 25
3443 19
3444 72
3445 54
3446 27
3447 65
3448 63
3449 38
3450 5
3451 44
3452 67
3453 67
3454 54
3455 40
3456 4
3457 42
3458 16
3459 13
3460 64
3461 67
3462 18
3463 28
3464 5
3465 66
3466 61
3467 35
3468 70
3469 66
3470 48
3471 30
3472 32
3473 5
3474 61
3475 69
3476 22
3477 36
3478 67
3479 8
3480 2
3481 32
3482 4
3483 37
3484 66
3485 10
3486 26
3487 7
3488 5
3489 47
3490 27
3491 22
3492 30
3493 58
3494 32
3495 66
3496 34
3497 15
3498 35
3499 22
3500 14
3501 74
3502 21
3503 9
3504 66
3505 45
3506 53
3507 66
3508 7
3509 70
3510 14
3511 61
3512 22
3513 43
3514 75
3515 20
3516 37
3517 56
3518 68
3519 67
3520 34
3521 15
3522 48
3523 14
3524 45
3525 28
3526 15
3527 55
3528 63
3529 25
3530 57
3531 75
3532 39
3533 6
3534 48
3535 39
3536 34
3537 27
3538 31
3539 56
3540 48
3541 18
3542 32
3543 3
3544 40
3545 60
3546 51
3547 57
3548 13
3549 31
3550 32
3551 50
3552 31
3553 34
3554 22
3555 67
3556 39
3557 46
3558 5
3559 24
3560 6
3561 5
3562 75
3563 72
3564 69
3565 5
3566 14
3567 75
3568 3
3569 4
3570 56
3571 22
3572 30
3573 2
3574 19
3575 39
3576 43
3577 68
3578 34
3579 50
3580 56
3581 55
3582 75
3583 5
3584 3
3585 14
3586 36
3587 61
3588 23
3589 60
3590 12
3591 12
3592 15
3593 41
3594 37
3595 56
3596 20
3597 8
3598 17
3599 17
3600 3
3601 34
3602 68
3603 8
3604 54
3605 31
3606 39
3607 54
3608 57
3609 3
3610 38
3611 6
3612 30
3613 30
3614 45
3615 11
3616 47
3617 57
3618 31
3619 58
3620 26
3621 72
3622 58
3623 21
3624 19
3625 51
3626 55
3627 6
3628 43
3629 54
3630 74
3631 6
3632 45
3633 44
3634 59
3635 18
3636 34
3637 41
3638 7
3639 64
3640 10
3641 23
3642 12
3643 40
3644 74
3645 32
3646 36
3647 57
3648 1
3649 50
3650 51
3651 10
3652 48
3653 15
3654 55
3655 23
3656 5
3657 30
3658 65
3659 43
3660 34
3661 18
3662 11
3663 11
3664 66
3665 28
3666 34
3667 67
3668 49
3669 30
3670 27
3671 54
3672 24
3673 9
3674 17
3675 35
3676 5
3677 34
3678 71
3679 45
3680 14
3681 45
3682 56
3683 7
3684 9
3685 17
3686 62
3687 23
3688 54
3689 63
3690 13
3691 16
3692 28
3693 1
3694 2
3695 72
3696 47
3697 11
3698 52
3699 40
3700 41
3701 57
3702 11
3703 2
3704 26
3705 59
3706 35
3707 54
3708 39
3709 35
3710 66
3711 42
3712 71
3713 55
3714 18
3715 21
3716 43
3717 59
3718 46
3719 18
3720 38
3721 33
3722 21
3723 42
3724 18
3725 11
3726 75
3727 33
3728 28
3729 5
3730 43
3731 53
3732 6
3733 5
3734 66
3735 66
3736 44
3737 4
3738 12
3739 12
3740 26
3741 72
3742 33
3743 3
3744 5
3745 62
3746 47
3747 43
3748 56
3749 37
3750 16
3751 74
3752 4
3753 21
3754 61
3755 26
3756 49
3757 9
3758 11
3759 4
3760 14
3761 53
3762 71
3763 16
3764 70
3765 7
3766 20
3767 68
3768 42
3769 31
3770 40
3771 39
3772 75
3773 23
3774 21
3775 42
3776 36
3777 48
3778 67
3779 8
3780 67
3781 56
3782 7
3783 41
3784 43
3785 7
3786 14
3787 17
3788 8
3789 45
3790 64
3791 48
3792 65
3793 46
3794 9
3795 65
3796 11
3797 2
3798 58
3799 55
3800 41
3801 59
3802 66
3803 30
3804 19
3805 34
3806 49
3807 11
3808 71
3809 32
3810 32
3811 40
3812 45
3813 15
3814 37
3815 1
3816 25
3817 26
3818 67
3819 32
3820 61
3821 39
3822 10
3823 7
3824 46
3825 28
3826 27
3827 23
3828 46
3829 24
3830 36
3831 7
3832 24
3833 34
3834 35
3835 29
3836 3
3837 63
3838 50
3839 61
3840 32
3841 15
3842 73
3843 5
3844 38
3845 60
3846 71
3847 54
3848 14
3849 67
3850 33
3851 31
3852 17
3853 46
3854 73
3855 66
3856 14
3857 5
3858 45
3859 11
3860 68
3861 26
3862 63
3863 2
3864 38
3865 11
3866 31
3867 67
3868 14
3869 26
3870 54
3871 69
3872 39
3873 34
3874 14
3875 48
3876 66
3877 5
3878 49
3879 49
3880 50
3881 60
3882 33
3883 14
3884 62
3885 31
3886 20
3887 45
3888 13
3889 71
3890 67
3891 67
3892 73
3893 38
3894 45
3895 42
3896 31
3897 28
3898 54
3899 33
3900 67
3901 45
3902 49
3903 69
3904 35
3905 19
3906 23
3907 8
3908 34
3909 50
3910 32
3911 19
3912 37
3913 75
3914 69
3915 25
3916 24
3917 36
3918 15
3919 63
3920 11
3921 50
3922 18
3923 73
3924 67
3925 14
3926 46
3927 23
3928 36
3929 25
3930 70
3931 44
3932 1
3933 49
3934 56
3935 4
3936 63
3937 52
3938 36
3939 63
3940 43
3941 30
3942 60
3943 45
3944 45
3945 40
3946 26
3947 35
3948 9
3949 51
3950 56
3951 67
3952 28
3953 60
3954 75
3955 36
3956 37
3957 50
3958 35
3959 56
3960 16
3961 3
3962 25
3963 63
3964 59
3965 22
3966 68
3967 64
3968 18
3969 46
3970 27
3971 1
3972 37
3973 11
3974 19
3975 67
3976 21
3977 13
3978 48
3979 73
3980 50
3981 66
3982 58
3983 72
3984 6
3985 17
3986 32
3987 17
3988 39
3989 43
3990 60
3991 4
3992 24
3993 34
3994 33
3995 74
3996 27
3997 33
3998 69
3999 11
4000 54
4001 1
4002 61
4003 70
4004 45
4005 67
4006 60
4007 67
4008 15
4009 57
4010 17
4011 2
4012 23
4013 60
4014 24
4015 32
4016 28
4017 59
4018 33
4019 64
4020 7
4021 14
4022 3
4023 51
4024 20
4025 17
4026 42
4027 25
4028 10
4029 69
4030 36
4031 47
4032 54
4033 14
4034 51
4035 18
4036 19
4037 17
4038 2
4039 48
4040 61
4041 9
4042 74
4043 24
4044 46
4045 19
4046 49
4047 66
4048 73
4049 74
4050 19
4051 72
4052 23
4053 24
4054 1
4055 34
4056 68
4057 67
4058 18
4059 36
4060 40
4061 48
4062 63
4063 40
4064 66
4065 56
4066 41
4067 54
4068 20
4069 39
4070 11
4071 18
4072 69
4073 31
4074 45
4075 15
4076 20
4077 48
4078 74
4079 36
4080 2
4081 31
4082 8
4083 41
4084 62
4085 67
4086 36
4087 40
4088 50
4089 47
4090 28
4091 68
4092 38
4093 71
4094 59
4095 28
4096 5
4097 57
4098 25
4099 70
4100 65
4101 32
4102 23
4103 69
4104 45
4105 12
4106 57
4107 18
4108 35
4109 62
4110 10
4111 57
4112 67
4113 38
4114 1
4115 23
4116 27
4117 12
4118 18
4119 48
4120 2
4121 12
4122 46
4123 12
4124 26
4125 71
4126 59
4127 18
4128 5
4129 41
4130 48
4131 38
4132 71
4133 30
4134 40
4135 1
4136 8
4137 45
4138 71
4139 44
4140 25
4141 14
4142 26
4143 31
4144 38
4145 30
4146 5
4147 75
4148 56
4149 46
4150 61
4151 19
4152 45
4153 23
4154 16
4155 66
4156 60
4157 14
4158 40
4159 66
4160 24
4161 56
4162 49
4163 55
4164 17
4165 31
4166 16
4167 48
4168 21
4169 2
4170 65
4171 18
4172 45
4173 41
4174 22
4175 55
4176 36
4177 13
4178 31
4179 24
4180 15
4181 16
4182 35
4183 61
4184 4
4185 52
4186 19
4187 46
4188 54
4189 47
4190 30
4191 30
4192 27
4193 59
4194 56
4195 57
4196 32
4197 70
4198 69
4199 41
4200 18
4201 59
4202 4
4203 13
4204 21
4205 62
4206 72
4207 29
4208 2
4209 35
4210 2
4211 56
4212 14
4213 75
4214 53
4215 67
4216 25
4217 64
4218 41
4219 75
4220 12
4221 36
4222 7
4223 70
4224 5
4225 52
4226 13
4227 28
4228 18
4229 75
4230 70
4231 15
4232 44
4233 62
4234 12
4235 24
4236 34
4237 11
4238 28
4239 63
4240 30
4241 5
4242 46
4243 5
4244 63
4245 40
4246 43
4247 18
4248 54
4249 44
4250 9
4251 2
4252 60
4253 1
4254 33
4255 58
4256 42
4257 25
4258 57
4259 74
4260 39
4261 57
4262 26
4263 21
4264 29
4265 29
4266 13
4267 29
4268 31
4269 26
4270 47
4271 71
4272 71
4273 64
4274 22
4275 30
4276 24
4277 59
4278 36
4279 22
4280 14
4281 33
4282 66
4283 36
4284 56
4285 23
4286 58
4287 31
4288 13
4289 26
4290 33
4291 44
4292 30
4293 50
4294 50
4295 33
4296 10
4297 14
4298 11
4299 51
4300 74
4301 31
4302 18
4303 56
4304 50
4305 10
4306 15
4307 70
4308 58
4309 38
4310 61
4311 22
4312 5
4313 1
4314 19
4315 34
4316 35
4317 13
4318 29
4319 29
4320 38
4321 73
4322 4
4323 70
4324 47
4325 58
4326 11
4327 60
4328 57
4329 48
4330 15
4331 44
4332 9
4333 41
4334 70
4335 46
4336 46
4337 31
4338 40
4339 67
4340 9
4341 43
4342 63
4343 30
4344 68
4345 46
4346 46
4347 23
4348 24
4349 51
4350 38
4351 39
4352 13
4353 20
4354 22
4355 67
4356 34
4357 18
4358 40
4359 74
4360 44
4361 34
4362 24
4363 24
4364 52
4365 5
4366 47
4367 58
4368 32
4369 15
4370 56
4371 30
4372 49
4373 14
4374 11
4375 31
4376 22
4377 27
4378 18
4379 50
4380 49
4381 10
4382 55
4383 34
4384 7
4385 8
4386 49
4387 4
4388 10
4389 28
4390 47
4391 17
4392 31
4393 67
4394 36
4395 50
4396 10
4397 42
4398 63
4399 18
4400 41
4401 41
4402 19
4403 57
4404 24
4405 43
4406 67
4407 6
4408 31
4409 50
4410 8
4411 23
4412 39
4413 9
4414 26
4415 46
4416 10
4417 62
4418 65
4419 49
4420 9
4421 38
4422 61
4423 41
4424 1
4425 15
4426 13
4427 40
4428 36
4429 49
4430 55
4431 16
4432 32
4433 26
4434 61
4435 26
4436 33
4437 8
4438 25
4439 35
4440 64
4441 17
4442 74
4443 61
4444 34
4445 48
4446 71
4447 37
4448 10
4449 45
4450 60
4451 37
4452 61
4453 7
4454 57
4455 42
4456 53
4457 24
4458 34
4459 45
4460 19
4461 71
4462 46
4463 14
4464 54
4465 71
4466 56
4467 12
4468 59
4469 40
4470 50
4471 55
4472 8
4473 63
4474 5
4475 57
4476 32
4477 7
4478 3
4479 9
4480 58
4481 8
4482 43
4483 75
4484 18
4485 10
4486 27
4487 18
4488 24
4489 36
4490 12
4491 35
4492 61
4493 11
4494 6
4495 63
4496 2
4497 32
4498 17
4499 15
4500 70
4501 22
4502 52
4503 64
4504 21
4505 63
4506 42
4507 46
4508 72
4509 4
4510 68
4511 14
4512 35
4513 50
4514 55
4515 31
4516 40
4517 64
4518 9
4519 35
4520 23
4521 30
4522 18
4523 24
4524 73
4525 48
4526 1
4527 34
4528 71
4529 75
4530 63
4531 56
4532 32
4533 20
4534 52
4535 12
4536 70
4537 8
4538 2
4539 75
4540 55
4541 39
4542 19
4543 13
4544 44
4545 17
4546 26
4547 30
4548 37
4549 27
4550 35
4551 17
4552 17
4553 14
4554 67
4555 51
4556 52
4557 40
4558 48
4559 39
4560 5
4561 12
4562 10
4563 18
4564 8
4565 26
4566 55
4567 38
4568 70
4569 62
4570 31
4571 7
4572 46
4573 37
4574 10
4575 8
4576 8
4577 75
4578 67
4579 32
4580 42
4581 29
4582 54
4583 16
4584 7
4585 26
4586 56
4587 70
4588 38
4589 4
4590 26
4591 68
4592 43
4593 67
4594 70
4595 38
4596 9
4597 2
4598 73
4599 2
4600 4
4601 71
4602 11
4603 11
4604 55
4605 13
4606 31
4607 55
4608 10
4609 37
4610 70
4611 60
4612 56
4613 61
4614 35
4615 52
4616 11
4617 53
4618 12
4619 44
4620 71
4621 34
4622 26
4623 10
4624 25
4625 38
4626 52
4627 40
4628 7
4629 56
4630 7
4631 25
4632 27
4633 58
4634 57
4635 61
4636 40
4637 48
4638 58
4639 43
4640 29
4641 32
4642 47
4643 59
4644 38
4645 16
4646 26
4647 70
4648 4
4649 26
4650 35
4651 26
4652 60
4653 10
4654 9
4655 34
4656 46
4657 30
4658 57
4659 8
4660 24
4661 9
4662 72
4663 58
4664 26
4665 7
4666 9
4667 31
4668 68
4669 5
4670 3
4671 65
4672 45
4673 1
4674 39
4675 12
4676 74
4677 62
4678 66
4679 59
4680 66
4681 67
4682 34
4683 11
4684 75
4685 25
4686 49
4687 6
4688 8
4689 69
4690 11
4691 33
4692 38
4693 75
4694 40
4695 8
4696 31
4697 37
4698 22
4699 57
4700 65
4701 5
4702 2
4703 27
4704 75
4705 72
4706 26
4707 47
4708 18
4709 56
4710 52
4711 3
4712 31
4713 10
4714 38
4715 18
4716 43
4717 75
4718 57
4719 25
4720 42
4721 18
4722 48
4723 34
4724 22
4725 65
4726 67
4727 25
4728 12
4729 9
4730 51
4731 10
4732 12
4733 63
4734 74
4735 49
4736 42
4737 17
4738 28
4739 50
4740 66
4741 42
4742 71
4743 9
4744 53
4745 65
4746 16
4747 16
4748 73
4749 52
4750 10
4751 45
4752 72
4753 68
4754 58
4755 52
4756 71
4757 31
4758 4
4759 46
4760 44
4761 29
4762 25
4763 27
4764 26
4765 30
4766 12
4767 49
4768 38
4769 43
4770 60
4771 33
4772 36
4773 65
4774 40
4775 28
4776 37
4777 75
4778 53
4779 40
4780 24
4781 40
4782 43
4783 30
4784 6
4785 40
4786 61
4787 63
4788 58
4789 5
4790 59
4791 46
4792 51
4793 15
4794 29
4795 10
4796 10
4797 5
4798 9
4799 11
4800 12
4801 69
4802 11
4803 74
4804 23
4805 13
4806 4
4807 37
4808 62
4809 26
4810 11
4811 8
4812 32
4813 56
4814 31
4815 22
4816 66
4817 34
4818 27
4819 40
4820 33
4821 49
4822 4
4823 33
4824 69
4825 29
4826 41
4827 17
4828 24
4829 40
4830 9
4831 34
4832 7
4833 54
4834 43
4835 48
4836 2
4837 35
4838 69
4839 39
4840 47
4841 34
4842 17
4843 73
4844 58
4845 45
4846 50
4847 26
4848 6
4849 49
4850 8
4851 26
4852 48
4853 11
4854 8
4855 60
4856 31
4857 35
4858 39
4859 20
4860 46
4861 58
4862 38
4863 52
4864 11
4865 29
4866 28
4867 67
4868 48
4869 66
4870 2
4871 71
4872 55
4873 53
4874 75
4875 46
4876 46
4877 10
4878 17
4879 18
4880 61
4881 64
4882 57
4883 68
4884 17
4885 56
4886 2
4887 21
4888 21
4889 58
4890 25
4891 24
4892 44
4893 60
4894 44
4895 49
4896 62
4897 49
4898 17
4899 65
4900 41
4901 67
4902 68
4903 58
4904 2
4905 71
4906 62
4907 64
4908 44
4909 70
4910 61
4911 70
4912 73
4913 70
4914 60
4915 62
4916 35
4917 23
4918 11
4919 1
4920 63
4921 70
4922 32
4923 13
4924 56
4925 10
4926 6
4927 21
4928 24
4929 71
4930 65
4931 56
4932 15
4933 31
4934 41
4935 45
4936 1
4937 32
4938 74
4939 52
4940 65
4941 4
4942 2
4943 50
4944 33
4945 66
4946 7
4947 17
4948 1
4949 18
4950 37
4951 24
4952 63
4953 60
4954 75
4955 68
4956 20
4957 18
4958 69
4959 2
4960 24
4961 33
4962 34
4963 15
4964 27
4965 31
4966 19
4967 20
4968 35
4969 24
4970 70
4971 24
4972 30
4973 44
4974 12
4975 43
4976 39
4977 46
4978 45
4979 12
4980 28
4981 36
4982 20
4983 9
4984 20
4985 56
4986 43
4987 24
4988 39
4989 10
4990 61
4991 66
4992 66
4993 36
4994 63
4995 34
4996 24
4997 9
4998 9
4999 24
