0 25
1 22
2 35
3 12
4 25
5 3
6 18
7 35
8 16
9 32
10 23
11 6
12 11
13 26
14 2
15 2
16 33
17 2
18 33
19 10
20 2
21 13
22 9
23 15
24 16
25 5
26 23
27 2
28 32
29 14
30 19
31 17
32 22
33 26
34 24
35 6
36 10
37 6
38 6
39 6
40 18
41 12
42 9
43 33
44 32
45 9
46 18
47 31
48 32
49 25
50 12
51 13
52 10
53 35
54 15
55 7
56 29
57 31
58 17
59 30
60 31
61 21
62 1
63 5
64 9
65 2
66 25
67 6
68 16
69 24
70 5
71 28
72 32
73 31
74 25
75 5
76 12
77 27
78 21
79 25
80 9
81 32
82 30
83 2
84 3
85 4
86 1
87 29
88 11
89 10
90 10
91 14
92 1
93 12
94 6
95 35
96 18
97 19
98 27
99 1
100 23
101 17
102 19
103 21
104 22
105 14
106 19
107 10
108 17
109 31
110 16
111 25
112 25
113 28
114 2
115 18
116 21
117 25
118 10
119 25
120 1
121 15
122 7
123 20
124 12
125 11
126 23
127 3
128 11
129 15
130 19
131 34
132 4
133 33
134 24
135 11
136 25
137 32
138 18
139 2
140 26
141 10
142 29
143 2
144 22
145 28
146 6
147 30
148 22
149 6
150 27
151 11
152 9
153 27
154 10
155 9
156 35
157 24
158 27
159 23
160 17
161 36
162 17
163 24
164 13
165 21
166 6
167 23
168 19
169 2
170 10
171 19
172 33
173 31
174 21
175 2
176 21
177 13
178 15
179 33
180 20
181 34
182 28
183 28
184 29
185 19
186 19
187 1
188 3
189 23
190 26
191 15
192 14
193 25
194 25
195 32
196 35
197 34
198 11
199 1
200 21
201 4
202 10
203 25
204 9
205 8
206 25
207 23
208 5
209 10
210 18
211 23
212 17
213 7
214 36
215 26
216 15
217 22
218 23
219 14
220 9
221 18
222 29
223 25
224 36
225 22
226 18
227 22
228 34
229 13
230 7
231 30
232 23
233 2
234 32
235 22
236 14
237 30
238 34
239 27
240 18
241 8
242 17
243 30
244 1
245 3
246 16
247 3
248 14
249 30
250 18
251 19
252 11
253 34
254 28
255 1
256 13
257 14
258 12
259 16
260 30
261 14
262 34
263 17
264 1
265 22
266 34
267 30
268 35
269 31
270 20
271 4
272 15
273 35
274 10
275 28
276 5
277 8
278 24
279 10
280 21
281 29
282 21
283 16
284 6
285 25
286 3
287 29
288 34
289 2
290 2
291 17
292 23
293 19
294 33
295 26
296 6
297 3
298 21
299 34
300 30
301 16
302 25
303 31
304 16
305 17
306 32
307 35
308 1
309 5
310 5
311 3
312 3
313 12
314 23
315 11
316 24
317 2
318 27
319 15
320 28
321 17
322 34
323 21
324 7
325 7
326 17
327 21
328 29
329 33
330 32
331 6
332 5
333 14
334 31
335 33
336 33
337 34
338 9
339 24
340 27
341 26
342 34
343 34
344 35
345 15
346 17
347 28
348 3
349 1
350 32
351 10
352 16
353 3
354 22
355 17
356 13
357 23
358 13
359 29
360 16
361 11
362 6
363 7
364 3
365 33
366 15
367 10
368 5
369 25
370 8
371 36
372 18
373 6
374 11
375 12
376 21
377 2
378 2
379 29
380 26
381 31
382 26
383 16
384 36
385 5
386 11
387 26
388 14
389 35
390 19
391 21
392 10
393 31
394 8
395 16
396 29
397 25
398 35
399 13
400 11
401 4
402 1
403 13
404 17
405 1
406 13
407 2
408 28
409 26
410 1
411 18
412 21
413 6
414 14
415 31
416 1
417 34
418 9
419 24
420 22
421 4
422 2
423 13
424 1
425 27
426 11
427 15
428 34
429 27
430 14
431 33
432 2
433 22
434 24
435 31
436 15
437 16
438 22
439 14
440 5
441 15
442 34
443 25
444 34
445 21
446 19
447 2
448 10
449 27
450 25
451 9
452 35
453 15
454 10
455 10
456 5
457 13
458 21
459 27
460 7
461 10
462 34
463 34
464 25
465 8
466 2
467 24
468 33
469 9
470 33
471 7
472 8
473 1
474 21
475 12
476 22
477 6
478 28
479 3
480 15
481 29
482 33
483 8
484 27
485 7
486 27
487 8
488 27
489 21
490 20
491 6
492 12
493 22
494 13
495 10
496 9
497 12
498 22
499 32
500 10
501 28
502 30
503 33
504 25
505 11
506 19
507 24
508 2
509 28
510 33
511 36
512 24
513 18
514 1
515 25
516 29
517 15
518 25
519 31
520 21
521 2
522 26
523 36
524 20
525 16
526 33
527 27
528 26
529 22
530 26
531 18
532 26
533 10
534 6
535 8
536 26
537 15
538 6
539 1
540 11
541 31
542 31
543 2
544 5
545 6
546 20
547 36
548 30
549 16
550 21
551 1
552 32
553 27
554 21
555 2
556 29
557 27
558 26
559 32
560 7
561 29
562 12
563 3
564 21
565 8
566 30
567 3
568 19
569 3
570 11
571 9
572 9
573 15
574 34
575 4
576 11
577 5
578 33
579 7
580 25
581 14
582 7
583 6
584 6
585 19
586 5
587 13
588 25
589 1
590 35
591 7
592 19
593 25
594 4
595 24
596 31
597 30
598 32
599 14
600 6
601 29
602 8
603 22
604 5
605 23
606 6
607 14
608 24
609 12
610 11
611 27
612 17
613 2
614 14
615 16
616 18
617 28
618 23
619 34
620 7
621 19
622 20
623 31
624 31
625 24
626 13
627 16
628 22
629 36
630 6
631 13
632 29
633 13
634 30
635 33
636 34
637 3
638 26
639 7
640 31
641 18
642 3
643 18
644 10
645 30
646 2
647 35
648 8
649 20
650 36
651 16
652 1
653 30
654 9
655 20
656 18
657 7
658 28
659 6
660 15
661 20
662 35
663 32
664 2
665 20
666 11
667 27
668 28
669 15
670 3
671 18
672 16
673 30
674 3
675 17
676 14
677 16
678 34
679 21
680 22
681 9
682 23
683 25
684 14
685 17
686 35
687 8
688 9
689 35
690 18
691 10
692 29
693 23
694 32
695 13
696 31
697 17
698 29
699 19
700 35
701 25
702 6
703 24
704 24
705 7
706 34
707 34
708 22
709 7
710 22
711 26
712 11
713 31
714 22
715 24
716 35
717 17
718 17
719 12
720 5
721 11
722 35
723 8
724 27
725 23
726 9
727 27
728 32
729 30
730 22
731 4
732 11
733 10
734 2
735 11
736 2
737 21
738 22
739 2
740 20
741 5
742 15
743 10
744 29
745 30
746 18
747 24
748 36
749 17
750 2
751 9
752 19
753 29
754 14
755 23
756 3
757 5
758 17
759 30
760 11
761 6
762 29
763 16
764 25
765 28
766 2
767 29
768 14
769 30
770 21
771 18
772 16
773 21
774 19
775 31
776 27
777 1
778 4
779 17
780 8
781 8
782 11
783 31
784 4
785 36
786 24
787 33
788 31
789 9
790 36
791 4
792 22
793 14
794 33
795 15
796 19
797 5
798 17
799 15
800 15
801 5
802 34
803 2
804 34
805 5
806 10
807 33
808 5
809 24
810 9
811 3
812 10
813 6
814 27
815 22
816 13
817 17
818 11
819 2
820 16
821 25
822 13
823 20
824 31
825 33
826 16
827 36
828 21
829 9
830 17
831 34
832 14
833 15
834 30
835 30
836 25
837 26
838 25
839 3
840 24
841 32
842 25
843 8
844 36
845 21
846 5
847 32
848 26
849 33
850 30
851 10
852 12
853 7
854 5
855 25
856 18
857 15
858 16
859 5
860 10
861 3
862 22
863 19
864 21
865 31
866 25
867 33
868 2
869 5
870 25
871 10
872 34
873 7
874 30
875 26
876 8
877 6
878 5
879 8
880 27
881 10
882 11
883 27
884 12
885 14
886 18
887 33
888 10
889 3
890 18
891 25
892 5
893 9
894 7
895 23
896 17
897 12
898 13
899 6
900 34
901 32
902 25
903 4
904 1
905 34
906 35
907 20
908 24
909 5
910 24
911 20
912 9
913 9
914 20
915 9
916 18
917 4
918 18
919 14
920 16
921 13
922 10
923 20
924 1
925 26
926 6
927 6
928 11
929 20
930 34
931 31
932 22
933 27
934 23
935 7
936 20
937 4
938 17
939 18
940 23
941 25
942 13
943 15
944 34
945 10
946 34
947 35
948 11
949 4
950 7
951 33
952 10
953 1
954 2
955 2
956 15
957 1
958 21
959 10
960 14
961 13
962 16
963 35
964 26
965 36
966 23
967 12
968 22
969 32
970 20
971 34
972 2
973 16
974 5
975 16
976 7
977 9
978 32
979 2
980 11
981 14
982 31
983 3
984 21
985 21
986 27
987 14
988 25
989 31
990 30
991 36
992 22
993 28
994 1
995 3
996 28
997 1
998 34
999 32
1000 6
1001 28
1002 19
1003 6
1004 11
1005 12
1006 9
1007 31
1008 8
1009 24
1010 15
1011 1
1012 2
1013 26
1014 9
1015 14
1016 13
1017 7
1018 10
1019 25
1020 16
1021 7
1022 9
1023 20
1024 7
1025 27
1026 17
1027 21
1028 8
1029 32
1030 30
1031 5
1032 13
1033 28
1034 21
1035 16
1036 1
1037 30
1038 9
1039 12
1040 13
1041 9
1042 1
1043 20
1044 16
1045 1
1046 34
1047 31
1048 20
1049 12
1050 31
1051 22
1052 23
1053 11
1054 22
1055 19
1056 33
1057 25
1058 26
1059 3
1060 7
1061 8
1062 2
1063 10
1064 9
1065 14
1066 16
1067 8
1068 16
1069 25
1070 29
1071 23
1072 21
1073 10
1074 34
1075 10
1076 26
1077 25
1078 14
1079 35
1080 34
1081 32
1082 22
1083 13
1084 34
1085 14
1086 1
1087 26
1088 3
1089 31
1090 10
1091 15
1092 2
1093 12
1094 7
1095 31
1096 26
1097 21
1098 21
1099 8
1100 23
1101 11
1102 15
1103 5
1104 13
1105 28
1106 13
1107 10
1108 15
1109 7
1110 11
1111 34
1112 19
1113 3
1114 2
1115 12
1116 8
1117 22
1118 17
1119 12
1120 15
1121 29
1122 6
1123 20
1124 17
1125 17
1126 10
1127 27
1128 11
1129 1
1130 32
1131 27
1132 3
1133 3
1134 16
1135 17
1136 26
1137 8
1138 12
1139 2
1140 18
1141 17
1142 13
1143 2
1144 21
1145 25
1146 34
1147 28
1148 14
1149 17
1150 8
1151 2
1152 21
1153 16
1154 36
1155 18
1156 14
1157 10
1158 4
1159 31
1160 6
1161 27
1162 28
1163 6
1164 19
1165 10
1166 34
1167 7
1168 1
1169 10
1170 32
1171 2
1172 21
1173 28
1174 5
1175 28
1176 34
1177 2
1178 4
1179 9
1180 3
1181 2
1182 12
1183 15
1184 16
1185 11
1186 32
1187 5
1188 23
1189 36
1190 17
1191 27
1192 15
1193 22
1194 29
1195 10
1196 36
1197 21
1198 29
1199 8
1200 25
1201 10
1202 13
1203 4
1204 34
1205 36
1206 16
1207 25
1208 32
1209 22
1210 21
1211 24
1212 31
1213 25
1214 7
1215 6
1216 8
1217 23
1218 28
1219 23
1220 31
1221 19
1222 1
1223 32
1224 23
1225 14
1226 24
1227 30
1228 12
1229 28
1230 25
1231 25
1232 13
1233 34
1234 6
1235 17
1236 23
1237 24
1238 25
1239 16
1240 21
1241 29
1242 10
1243 5
1244 4
1245 23
1246 21
1247 32
1248 34
1249 6
1250 19
1251 20
1252 4
1253 26
1254 26
1255 26
1256 1
1257 5
1258 23
1259 30
1260 16
1261 20
1262 9
1263 5
1264 25
1265 16
1266 12
1267 24
1268 34
1269 16
1270 5
1271 13
1272 34
1273 6
1274 32
1275 27
1276 12
1277 35
1278 27
1279 27
1280 11
1281 2
1282 36
1283 20
1284 7
1285 22
1286 31
1287 22
1288 24
1289 20
1290 18
1291 36
1292 7
1293 13
1294 8
1295 19
1296 20
1297 30
1298 24
1299 21
1300 11
1301 10
1302 17
1303 14
1304 7
1305 4
1306 1
1307 25
1308 10
1309 24
1310 13
1311 36
1312 26
1313 35
1314 1
1315 3
1316 16
1317 23
1318 21
1319 18
1320 15
1321 6
1322 26
1323 6
1324 21
1325 3
1326 36
1327 5
1328 2
1329 4
1330 23
1331 18
1332 5
1333 20
1334 9
1335 21
1336 5
1337 34
1338 26
1339 24
1340 34
1341 1
1342 14
1343 3
1344 35
1345 19
1346 25
1347 28
1348 35
1349 4
1350 24
1351 4
1352 9
1353 26
1354 33
1355 25
1356 13
1357 8
1358 22
1359 9
1360 11
1361 2
1362 19
1363 10
1364 2
1365 7
1366 5
1367 7
1368 9
1369 16
1370 24
1371 34
1372 27
1373 1
1374 1
1375 18
1376 8
1377 12
1378 13
1379 30
1380 14
1381 3
1382 18
1383 4
1384 22
1385 15
1386 1
1387 8
1388 17
1389 14
1390 28
1391 10
1392 18
1393 13
1394 3
1395 33
1396 8
1397 34
1398 9
1399 22
1400 6
1401 34
1402 25
1403 35
1404 9
1405 29
1406 35
1407 36
1408 9
1409 33
1410 28
1411 27
1412 22
1413 31
1414 30
1415 21
1416 4
1417 1
1418 7
1419 11
1420 14
1421 33
1422 25
1423 12
1424 36
1425 11
1426 29
1427 20
1428 7
1429 17
1430 23
1431 7
1432 4
1433 3
1434 10
1435 20
1436 15
1437 25
1438 10
1439 19
1440 13
1441 20
1442 24
1443 36
1444 21
1445 23
1446 1
1447 29
1448 25
1449 25
1450 10
1451 21
1452 18
1453 4
1454 6
1455 15
1456 6
1457 3
1458 33
1459 28
1460 4
1461 14
1462 17
1463 26
1464 13
1465 21
1466 15
1467 9
1468 3
1469 34
1470 2
1471 36
1472 30
1473 4
1474 24
1475 2
1476 21
1477 20
1478 16
1479 1
1480 3
1481 25
1482 11
1483 7
1484 30
1485 5
1486 10
1487 17
1488 17
1489 35
1490 26
1491 19
1492 22
1493 5
1494 28
1495 22
1496 19
1497 31
1498 19
1499 34
1500 19
1501 23
1502 10
1503 7
1504 4
1505 2
1506 3
1507 13
1508 12
1509 7
1510 11
1511 16
1512 17
1513 12
1514 8
1515 1
1516 24
1517 22
1518 1
1519 24
1520 5
1521 7
1522 29
1523 10
1524 1
1525 23
1526 11
1527 20
1528 34
1529 13
1530 16
1531 13
1532 9
1533 1
1534 17
1535 9
1536 12
1537 25
1538 26
1539 18
1540 19
1541 26
1542 7
1543 16
1544 16
1545 21
1546 1
1547 8
1548 23
1549 23
1550 31
1551 15
1552 30
1553 25
1554 4
1555 17
1556 17
1557 34
1558 6
1559 6
1560 14
1561 16
1562 7
1563 5
1564 25
1565 29
1566 3
1567 28
1568 25
1569 17
1570 31
1571 7
1572 15
1573 14
1574 36
1575 8
1576 3
1577 33
1578 24
1579 25
1580 30
1581 33
1582 12
1583 25
1584 30
1585 25
1586 18
1587 4
1588 21
1589 17
1590 19
1591 26
1592 17
1593 14
1594 8
1595 36
1596 10
1597 34
1598 6
1599 5
1600 25
1601 24
1602 32
1603 16
1604 15
1605 4
1606 21
1607 25
1608 32
1609 6
1610 1
1611 7
1612 3
1613 33
1614 7
1615 8
1616 17
1617 11
1618 5
1619 20
1620 12
1621 5
1622 8
1623 17
1624 36
1625 35
1626 30
1627 15
1628 10
1629 5
1630 22
1631 25
1632 14
1633 8
1634 10
1635 21
1636 4
1637 13
1638 34
1639 23
1640 34
1641 19
1642 9
1643 23
1644 22
1645 32
1646 2
1647 22
1648 10
1649 15
1650 2
1651 7
1652 9
1653 21
1654 2
1655 5
1656 21
1657 32
1658 29
1659 4
1660 6
1661 19
1662 8
1663 35
1664 16
1665 18
1666 25
1667 21
1668 24
1669 10
1670 27
1671 14
1672 29
1673 2
1674 9
1675 3
1676 33
1677 26
1678 28
1679 13
1680 22
1681 8
1682 26
1683 20
1684 3
1685 7
1686 31
1687 25
1688 16
1689 26
1690 22
1691 34
1692 10
1693 18
1694 36
1695 14
1696 10
1697 20
1698 16
1699 5
1700 16
1701 26
1702 3
1703 3
1704 14
1705 17
1706 7
1707 6
1708 3
1709 7
1710 13
1711 30
1712 30
1713 17
1714 17
1715 18
1716 25
1717 34
1718 26
1719 2
1720 22
1721 17
1722 20
1723 5
1724 13
1725 10
1726 3
1727 15
1728 9
1729 7
1730 10
1731 29
1732 6
1733 9
1734 10
1735 21
1736 13
1737 24
1738 34
1739 18
1740 9
1741 34
1742 34
1743 34
1744 20
1745 1
1746 5
1747 32
1748 21
1749 34
1750 33
1751 33
1752 8
1753 6
1754 10
1755 8
1756 18
1757 26
1758 20
1759 10
1760 3
1761 10
1762 25
1763 13
1764 4
1765 11
1766 21
1767 8
1768 31
1769 4
1770 35
1771 25
1772 17
1773 28
1774 28
1775 2
1776 29
1777 1
1778 5
1779 34
1780 35
1781 28
1782 23
1783 22
1784 21
1785 28
1786 21
1787 15
1788 17
1789 16
1790 23
1791 23
1792 17
1793 24
1794 22
1795 27
1796 9
1797 29
1798 12
1799 7
1800 30
1801 4
1802 3
1803 35
1804 11
1805 33
1806 34
1807 21
1808 22
1809 7
1810 2
1811 10
1812 15
1813 6
1814 6
1815 25
1816 32
1817 15
1818 4
1819 1
1820 7
1821 10
1822 1
1823 13
1824 6
1825 6
1826 16
1827 17
1828 3
1829 24
1830 3
1831 21
1832 8
1833 9
1834 12
1835 25
1836 36
1837 17
1838 10
1839 23
1840 13
1841 27
1842 6
1843 22
1844 34
1845 34
1846 2
1847 16
1848 10
1849 33
1850 5
1851 10
1852 7
1853 20
1854 16
1855 33
1856 31
1857 33
1858 17
1859 5
1860 24
1861 12
1862 11
1863 25
1864 17
1865 6
1866 17
1867 21
1868 2
1869 33
1870 14
1871 28
1872 15
1873 16
1874 31
1875 24
1876 32
1877 22
1878 36
1879 22
1880 30
1881 22
1882 2
1883 25
1884 3
1885 3
1886 26
1887 28
1888 33
1889 9
1890 21
1891 24
1892 33
1893 18
1894 27
1895 8
1896 4
1897 2
1898 15
1899 15
1900 14
1901 36
1902 4
1903 27
1904 21
1905 35
1906 25
1907 33
1908 20
1909 26
1910 11
1911 18
1912 22
1913 2
1914 25
1915 21
1916 33
1917 12
1918 17
1919 11
1920 22
1921 35
1922 9
1923 36
1924 21
1925 28
1926 2
1927 30
1928 32
1929 23
1930 29
1931 12
1932 4
1933 6
1934 22
1935 35
1936 7
1937 2
1938 33
1939 12
1940 3
1941 13
1942 3
1943 12
1944 21
1945 8
1946 3
1947 31
1948 21
1949 8
1950 32
1951 26
1952 32
1953 3
1954 32
1955 8
1956 33
1957 16
1958 19
1959 30
1960 35
1961 24
1962 11
1963 20
1964 3
1965 27
1966 21
1967 24
1968 33
1969 17
1970 26
1971 20
1972 24
1973 26
1974 31
1975 20
1976 32
1977 32
1978 19
1979 29
1980 12
1981 24
1982 36
1983 1
1984 21
1985 16
1986 5
1987 25
1988 33
1989 29
1990 15
1991 16
1992 1
1993 12
1994 3
1995 5
1996 22
1997 4
1998 25
1999 35
2000 16
2001 24
2002 4
2003 29
2004 33
2005 28
2006 31
2007 34
2008 3
2009 25
2010 22
2011 14
2012 5
2013 9
2014 29
2015 30
2016 20
2017 12
2018 27
2019 8
2020 9
2021 17
2022 1
2023 35
2024 1
2025 13
2026 28
2027 30
2028 31
2029 15
2030 30
2031 23
2032 24
2033 18
2034 16
2035 18
2036 3
2037 34
2038 13
2039 21
2040 25
2041 19
2042 8
2043 35
2044 3
2045 3
2046 18
2047 25
2048 35
2049 24
2050 18
2051 12
2052 22
2053 26
2054 25
2055 5
2056 20
2057 19
2058 24
2059 32
2060 11
2061 30
2062 9
2063 35
2064 14
2065 4
2066 25
2067 36
2068 6
2069 12
2070 27
2071 10
2072 31
2073 13
2074 9
2075 1
2076 22
2077 6
2078 25
2079 31
2080 31
2081 5
2082 10
2083 22
2084 29
2085 13
2086 6
2087 32
2088 27
2089 15
2090 28
2091 12
2092 16
2093 22
2094 10
2095 6
2096 13
2097 11
2098 24
2099 34
2100 17
2101 26
2102 36
2103 7
2104 1
2105 19
2106 25
2107 13
2108 20
2109 36
2110 7
2111 11
2112 31
2113 32
2114 30
2115 36
2116 6
2117 13
2118 1
2119 29
2120 1
2121 7
2122 30
2123 4
2124 17
2125 8
2126 34
2127 20
2128 9
2129 34
2130 10
2131 10
2132 25
2133 18
2134 32
2135 19
2136 25
2137 34
2138 26
2139 19
2140 16
2141 32
2142 35
2143 15
2144 16
2145 2
2146 15
2147 16
2148 31
2149 2
2150 14
2151 36
2152 19
2153 21
2154 22
2155 35
2156 32
2157 17
2158 7
2159 3
2160 5
2161 27
2162 3
2163 22
2164 7
2165 8
2166 6
2167 13
2168 10
2169 31
2170 26
2171 19
2172 6
2173 3
2174 21
2175 26
2176 33
2177 7
2178 22
2179 34
2180 21
2181 2
2182 14
2183 16
2184 1
2185 25
2186 4
2187 8
2188 34
2189 28
2190 28
2191 12
2192 36
2193 33
2194 30
2195 19
2196 6
2197 33
2198 2
2199 9
2200 16
2201 10
2202 8
2203 15
2204 8
2205 9
2206 7
2207 11
2208 32
2209 3
2210 22
2211 20
2212 19
2213 21
2214 29
2215 5
2216 27
2217 20
2218 7
2219 32
2220 25
2221 8
2222 35
2223 21
2224 10
2225 6
2226 11
2227 18
2228 13
2229 9
2230 6
2231 3
2232 32
2233 21
2234 17
2235 28
2236 20
2237 36
2238 19
2239 13
2240 2
2241 13
2242 8
2243 28
2244 22
2245 9
2246 10
2247 4
2248 36
2249 8
2250 36
2251 32
2252 6
2253 7
2254 11
2255 10
2256 33
2257 24
2258 11
2259 4
2260 2
2261 12
2262 19
2263 27
2264 21
2265 32
2266 29
2267 16
2268 6
2269 25
2270 22
2271 18
2272 1
2273 12
2274 6
2275 17
2276 22
2277 18
2278 9
2279 34
2280 7
2281 36
2282 34
2283 36
2284 12
2285 13
2286 12
2287 7
2288 9
2289 16
2290 3
2291 6
2292 17
2293 17
2294 7
2295 8
2296 24
2297 9
2298 34
2299 10
2300 22
2301 2
2302 30
2303 17
2304 22
2305 34
2306 19
2307 5
2308 32
2309 34
2310 21
2311 5
2312 13
2313 1
2314 28
2315 4
2316 33
2317 2
2318 2
2319 25
2320 2
2321 33
2322 22
2323 36
2324 32
2325 12
2326 30
2327 9
2328 29
2329 7
2330 31
2331 14
2332 35
2333 2
2334 1
2335 26
2336 11
2337 33
2338 35
2339 13
2340 21
2341 26
2342 21
2343 11
2344 16
2345 14
2346 27
2347 29
2348 1
2349 4
2350 34
2351 22
2352 6
2353 19
2354 8
2355 9
2356 12
2357 33
2358 26
2359 36
2360 13
2361 17
2362 17
2363 14
2364 6
2365 31
2366 7
2367 21
2368 14
2369 35
2370 34
2371 1
2372 13
2373 8
2374 17
2375 1
2376 32
2377 25
2378 5
2379 25
2380 3
2381 17
2382 5
2383 28
2384 17
2385 2
2386 20
2387 22
2388 11
2389 8
2390 24
2391 26
2392 29
2393 16
2394 12
2395 24
2396 6
2397 14
2398 28
2399 7
2400 22
2401 2
2402 17
2403 16
2404 34
2405 21
2406 13
2407 27
2408 8
2409 35
2410 35
2411 4
2412 8
2413 21
2414 11
2415 21
2416 25
2417 32
2418 30
2419 12
2420 6
2421 34
2422 12
2423 23
2424 8
2425 27
2426 19
2427 6
2428 26
2429 15
2430 2
2431 4
2432 14
2433 20
2434 34
2435 11
2436 36
2437 25
2438 6
2439 19
2440 12
2441 16
2442 33
2443 22
2444 3
2445 22
2446 33
2447 18
2448 6
2449 6
2450 23
2451 22
2452 9
2453 24
2454 27
2455 1
2456 15
2457 34
2458 17
2459 6
2460 33
2461 34
2462 14
2463 33
2464 33
2465 6
2466 13
2467 17
2468 2
2469 24
2470 5
2471 15
2472 12
2473 14
2474 26
2475 19
2476 17
2477 2
2478 2
2479 12
2480 3
2481 2
2482 1
2483 13
2484 30
2485 21
2486 4
2487 9
2488 32
2489 16
2490 35
2491 28
2492 13
2493 2
2494 32
2495 26
2496 11
2497 27
2498 13
2499 18
2500 35
2501 20
2502 29
2503 29
2504 32
2505 23
2506 6
2507 4
2508 17
2509 9
2510 2
2511 21
2512 23
2513 13
2514 17
2515 6
2516 31
2517 8
2518 28
2519 34
2520 1
2521 8
2522 1
2523 9
2524 13
2525 22
2526 2
2527 28
2528 5
2529 1
2530 15
2531 26
2532 4
2533 34
2534 10
2535 28
2536 25
2537 4
2538 20
2539 10
2540 15
2541 22
2542 21
2543 20
2544 30
2545 32
2546 29
2547 17
2548 21
2549 8
2550 4
2551 30
2552 27
2553 30
2554 9
2555 35
2556 31
2557 2
2558 27
2559 29
2560 32
2561 4
2562 34
2563 29
2564 24
2565 26
2566 21
2567 13
2568 22
2569 11
2570 9
2571 10
2572 23
2573 25
2574 13
2575 4
2576 6
2577 4
2578 21
2579 4
2580 17
2581 16
2582 30
2583 29
2584 36
2585 26
2586 30
2587 9
2588 5
2589 25
2590 4
2591 30
2592 9
2593 22
2594 2
2595 36
2596 13
2597 21
2598 9
2599 7
2600 26
2601 1
2602 22
2603 13
2604 17
2605 32
2606 5
2607 7
2608 21
2609 34
2610 32
2611 14
2612 36
2613 25
2614 7
2615 3
2616 34
2617 8
2618 32
2619 19
2620 28
2621 7
2622 34
2623 8
2624 16
2625 1
2626 7
2627 11
2628 5
2629 10
2630 17
2631 10
2632 19
2633 34
2634 18
2635 22
2636 8
2637 36
2638 2
2639 24
2640 17
2641 30
2642 31
2643 7
2644 10
2645 25
2646 33
2647 17
2648 16
2649 35
2650 18
2651 29
2652 30
2653 24
2654 10
2655 9
2656 9
2657 33
2658 14
2659 22
2660 31
2661 9
2662 17
2663 23
2664 34
2665 5
2666 24
2667 3
2668 29
2669 6
2670 6
2671 30
2672 32
2673 3
2674 10
2675 32
2676 23
2677 33
2678 1
2679 25
2680 14
2681 26
2682 31
2683 17
2684 14
2685 28
2686 25
2687 16
2688 26
2689 26
2690 33
2691 22
2692 30
2693 30
2694 14
2695 17
2696 27
2697 7
2698 9
2699 25
2700 32
2701 34
2702 24
2703 11
2704 11
2705 32
2706 2
2707 9
2708 27
2709 19
2710 19
2711 26
2712 31
2713 17
2714 2
2715 23
2716 20
2717 34
2718 18
2719 35
2720 16
2721 25
2722 6
2723 13
2724 18
2725 18
2726 29
2727 33
2728 4
2729 14
2730 15
2731 22
2732 31
2733 4
2734 10
2735 2
2736 10
2737 8
2738 30
2739 19
2740 18
2741 27
2742 16
2743 22
2744 20
2745 18
2746 10
2747 27
2748 23
2749 26
2750 4
2751 1
2752 31
2753 30
2754 9
2755 1
2756 24
2757 32
2758 21
2759 7
2760 20
2761 1
2762 34
2763 20
2764 11
2765 5
2766 4
2767 26
2768 13
2769 22
2770 1
2771 36
2772 5
2773 7
2774 1
2775 26
2776 1
2777 5
2778 29
2779 10
2780 22
2781 21
2782 15
2783 5
2784 11
2785 2
2786 25
2787 11
2788 1
2789 15
2790 32
2791 2
2792 34
2793 23
2794 22
2795 27
2796 25
2797 36
2798 36
2799 14
2800 8
2801 29
2802 22
2803 15
2804 15
2805 33
2806 2
2807 30
2808 7
2809 23
2810 27
2811 18
2812 25
2813 15
2814 3
2815 8
2816 33
2817 3
2818 9
2819 29
2820 33
2821 35
2822 31
2823 35
2824 5
2825 30
2826 35
2827 2
2828 32
2829 18
2830 26
2831 22
2832 19
2833 21
2834 8
2835 19
2836 12
2837 20
2838 25
2839 4
2840 33
2841 32
2842 8
2843 3
2844 12
2845 22
2846 29
2847 10
2848 19
2849 7
2850 25
2851 23
2852 11
2853 14
2854 28
2855 13
2856 28
2857 4
2858 9
2859 4
2860 36
2861 10
2862 13
2863 25
2864 28
2865 34
2866 11
2867 7
2868 8
2869 15
2870 18
2871 14
2872 26
2873 12
2874 10
2875 15
2876 14
2877 34
2878 6
2879 2
2880 32
2881 31
2882 33
2883 26
2884 7
2885 23
2886 36
2887 22
2888 7
2889 6
2890 14
2891 31
2892 15
2893 10
2894 16
2895 19
2896 17
2897 17
2898 11
2899 6
2900 5
2901 26
2902 19
2903 25
2904 18
2905 34
2906 21
2907 22
2908 30
2909 18
2910 27
2911 22
2912 26
2913 3
2914 6
2915 32
2916 21
2917 20
2918 18
2919 17
2920 35
2921 3
2922 8
2923 17
2924 25
2925 18
2926 3
2927 17
2928 34
2929 26
2930 30
2931 10
2932 34
2933 32
2934 28
2935 1
2936 4
2937 21
2938 10
2939 4
2940 5
2941 2
2942 17
2943 25
2944 25
2945 28
2946 4
2947 4
2948 6
2949 1
2950 36
2951 12
2952 14
2953 23
2954 31
2955 31
2956 30
2957 4
2958 25
2959 30
2960 4
2961 32
2962 30
2963 10
2964 2
2965 7
2966 27
2967 26
2968 30
2969 35
2970 10
2971 22
2972 33
2973 7
2974 12
2975 28
2976 6
2977 24
2978 26
2979 19
2980 21
2981 14
2982 21
2983 17
2984 32
2985 20
2986 28
2987 14
2988 18
2989 32
2990 24
2991 28
2992 32
2993 22
2994 14
2995 24
2996 20
2997 9
2998 24
2999 31
3000 1
3001 21
3002 23
3003 18
3004 11
3005 29
3006 16
3007 24
3008 36
3009 10
3010 5
3011 20
3012 5
3013 31
3014 25
3015 8
3016 3
3017 31
3018 13
3019 4
3020 32
3021 18
3022 16
3023 2
3024 4
3025 27
3026 6
3027 35
3028 4
3029 2
3030 8
3031 15
3032 34
3033 29
3034 2
3035 9
3036 1
3037 13
3038 21
3039 31
3040 22
3041 30
3042 28
3043 25
3044 23
3045 22
3046 30
3047 19
3048 33
3049 4
3050 33
3051 6
3052 25
3053 32
3054 33
3055 8
3056 9
3057 31
3058 32
3059 36
3060 2
3061 20
3062 35
3063 26
3064 26
3065 30
3066 10
3067 21
3068 32
3069 8
3070 9
3071 21
3072 27
3073 18
3074 28
3075 31
3076 25
3077 25
3078 4
3079 5
3080 13
3081 5
3082 7
3083 2
3084 6
3085 11
3086 30
3087 8
3088 8
3089 30
3090 27
3091 34
3092 28
3093 15
3094 2
3095 34
3096 17
3097 12
3098 34
3099 22
3100 10
3101 19
3102 12
3103 18
3104 11
3105 22
3106 3
3107 30
3108 12
3109 8
3110 2
3111 22
3112 13
3113 21
3114 33
3115 16
3116 35
3117 21
3118 6
3119 29
3120 22
3121 10
3122 36
3123 30
3124 2
3125 22
3126 26
3127 6
3128 25
3129 24
3130 16
3131 8
3132 24
3133 32
3134 25
3135 26
3136 1
3137 3
3138 3
3139 26
3140 19
3141 11
3142 15
3143 28
3144 12
3145 21
3146 28
3147 9
3148 31
3149 7
3150 29
3151 3
3152 6
3153 15
3154 10
3155 2
3156 21
3157 6
3158 26
3159 21
3160 12
3161 33
3162 18
3163 17
3164 28
3165 16
3166 2
3167 29
3168 2
3169 18
3170 4
3171 22
3172 17
3173 19
3174 6
3175 15
3176 29
3177 24
3178 8
3179 22
3180 34
3181 7
3182 33
3183 14
3184 30
3185 34
3186 26
3187 36
3188 7
3189 26
3190 9
3191 16
3192 9
3193 36
3194 25
3195 18
3196 5
3197 1
3198 31
3199 34
3200 13
3201 11
3202 26
3203 16
3204 11
3205 2
3206 6
3207 8
3208 6
3209 23
3210 22
3211 19
3212 35
3213 19
3214 35
3215 11
3216 23
3217 25
3218 27
3219 9
3220 11
3221 29
3222 3
3223 29
3224 22
3225 6
3226 34
3227 4
3228 22
3229 25
3230 5
3231 3
3232 28
3233 29
3234 20
3235 1
3236 31
3237 4
3238 11
3239 24
3240 35
3241 8
3242 3
3243 33
3244 15
3245 30
3246 6
3247 14
3248 2
3249 22
3250 10
3251 22
3252 23
3253 34
3254 16
3255 10
3256 3
3257 2
3258 4
3259 27
3260 5
3261 28
3262 9
3263 4
3264 33
3265 12
3266 1
3267 28
3268 8
3269 1
3270 24
3271 19
3272 9
3273 25
3274 35
3275 20
3276 25
3277 17
3278 19
3279 18
3280 7
3281 31
3282 1
3283 36
3284 16
3285 2
3286 32
3287 34
3288 27
3289 28
3290 18
3291 8
3292 5
3293 25
3294 25
3295 26
3296 7
3297 26
3298 28
3299 10
3300 19
3301 34
3302 10
3303 1
3304 34
3305 32
3306 28
3307 24
3308 9
3309 27
3310 16
3311 33
3312 1
3313 25
3314 24
3315 16
3316 17
3317 22
3318 9
3319 24
3320 35
3321 4
3322 26
3323 32
3324 36
3325 32
3326 32
3327 7
3328 18
3329 36
3330 21
3331 35
3332 7
3333 20
3334 13
3335 24
3336 16
3337 2
3338 10
3339 6
3340 26
3341 34
3342 26
3343 2
3344 9
3345 33
3346 8
3347 33
3348 21
3349 21
3350 25
3351 17
3352 19
3353 14
3354 8
3355 25
3356 31
3357 21
3358 28
3359 12
3360 14
3361 17
3362 10
3363 5
3364 10
3365 24
3366 35
3367 29
3368 30
3369 29
3370 29
3371 6
3372 21
3373 2
3374 35
3375 34
3376 14
3377 29
3378 5
3379 7
3380 17
3381 17
3382 21
3383 5
3384 25
3385 6
3386 34
3387 27
3388 34
3389 18
3390 18
3391 14
3392 17
3393 17
3394 1
3395 4
3396 4
3397 23
3398 18
3399 4
3400 31
3401 30
3402 4
3403 32
3404 19
3405 20
3406 8
3407 1
3408 28
3409 16
3410 28
3411 1
3412 26
3413 31
3414 24
3415 12
3416 3
3417 18
3418 1
3419 21
3420 5
3421 6
3422 10
3423 9
3424 22
3425 15
3426 17
3427 1
3428 8
3429 17
3430 18
3431 25
3432 12
3433 6
3434 33
3435 5
3436 22
3437 33
3438 13
3439 15
3440 9
3441 14
3442 17
3443 12
3444 25
3445 11
3446 22
3447 23
3448 26
3449 36
3450 26
3451 25
3452 25
3453 30
3454 34
3455 23
3456 22
3457 24
3458 36
3459 10
3460 33
3461 28
3462 7
3463 36
3464 27
3465 18
3466 22
3467 13
3468 5
3469 32
3470 6
3471 1
3472 21
3473 14
3474 22
3475 28
3476 33
3477 22
3478 4
3479 24
3480 16
3481 35
3482 22
3483 36
3484 9
3485 34
3486 24
3487 26
3488 19
3489 33
3490 9
3491 20
3492 18
3493 21
3494 20
3495 22
3496 14
3497 34
3498 2
3499 24
3500 5
3501 2
3502 14
3503 10
3504 28
3505 29
3506 16
3507 7
3508 22
3509 23
3510 24
3511 2
3512 17
3513 2
3514 18
3515 15
3516 26
3517 22
3518 22
3519 22
3520 6
3521 9
3522 33
3523 21
3524 5
3525 2
3526 12
3527 36
3528 2
3529 36
3530 7
3531 1
3532 27
3533 27
3534 6
3535 4
3536 32
3537 17
3538 6
3539 25
3540 35
3541 2
3542 29
3543 18
3544 2
3545 11
3546 13
3547 7
3548 3
3549 27
3550 21
3551 20
3552 4
3553 30
3554 12
3555 31
3556 26
3557 34
3558 9
3559 11
3560 3
3561 23
3562 21
3563 20
3564 21
3565 21
3566 31
3567 30
3568 1
3569 25
3570 12
3571 19
3572 20
3573 31
3574 12
3575 17
3576 13
3577 7
3578 31
3579 5
3580 2
3581 14
3582 25
3583 3
3584 22
3585 6
3586 29
3587 22
3588 34
3589 33
3590 6
3591 21
3592 1
3593 8
3594 1
3595 20
3596 14
3597 13
3598 29
3599 18
3600 4
3601 16
3602 3
3603 21
3604 33
3605 33
3606 31
3607 2
3608 9
3609 13
3610 9
3611 20
3612 6
3613 8
3614 1
3615 25
3616 11
3617 34
3618 27
3619 2
3620 10
3621 5
3622 1
3623 1
3624 24
3625 13
3626 24
3627 18
3628 10
3629 12
3630 3
3631 6
3632 30
3633 23
3634 29
3635 3
3636 14
3637 4
3638 12
3639 21
3640 24
3641 36
3642 17
3643 23
3644 31
3645 17
3646 34
3647 18
3648 36
3649 32
3650 10
3651 28
3652 11
3653 33
3654 17
3655 35
3656 19
3657 4
3658 26
3659 14
3660 25
3661 13
3662 32
3663 15
3664 2
3665 22
3666 30
3667 23
3668 14
3669 17
3670 34
3671 33
3672 16
3673 9
3674 6
3675 9
3676 23
3677 33
3678 28
3679 32
3680 12
3681 5
3682 29
3683 1
3684 23
3685 14
3686 2
3687 13
3688 9
3689 22
3690 5
3691 6
3692 12
3693 27
3694 33
3695 18
3696 16
3697 9
3698 11
3699 29
3700 14
3701 7
3702 17
3703 18
3704 6
3705 9
3706 20
3707 9
3708 1
3709 5
3710 24
3711 35
3712 27
3713 12
3714 13
3715 27
3716 6
3717 27
3718 26
3719 12
3720 28
3721 22
3722 15
3723 6
3724 22
3725 5
3726 28
3727 36
3728 32
3729 33
3730 21
3731 2
3732 9
3733 24
3734 1
3735 31
3736 9
3737 3
3738 32
3739 34
3740 7
3741 28
3742 15
3743 35
3744 9
3745 24
3746 6
3747 9
3748 9
3749 2
3750 27
3751 13
3752 16
3753 9
3754 14
3755 33
3756 25
3757 1
3758 4
3759 11
3760 34
3761 19
3762 7
3763 13
3764 25
3765 23
3766 28
3767 34
3768 25
3769 32
3770 5
3771 31
3772 33
3773 10
3774 18
3775 16
3776 27
3777 9
3778 24
3779 2
3780 16
3781 28
3782 5
3783 33
3784 21
3785 21
3786 28
3787 21
3788 17
3789 18
3790 16
3791 30
3792 4
3793 12
3794 18
3795 18
3796 33
3797 13
3798 13
3799 15
3800 1
3801 2
3802 9
3803 30
3804 19
3805 33
3806 10
3807 14
3808 27
3809 2
3810 36
3811 33
3812 18
3813 34
3814 27
3815 9
3816 19
3817 34
3818 24
3819 12
3820 19
3821 17
3822 28
3823 20
3824 21
3825 30
3826 3
3827 30
3828 14
3829 2
3830 24
3831 8
3832 34
3833 23
3834 13
3835 7
3836 11
3837 21
3838 32
3839 32
3840 22
3841 31
3842 36
3843 1
3844 32
3845 15
3846 26
3847 16
3848 24
3849 30
3850 8
3851 19
3852 32
3853 7
3854 14
3855 21
3856 36
3857 14
3858 22
3859 32
3860 3
3861 32
3862 4
3863 16
3864 3
3865 22
3866 28
3867 8
3868 17
3869 5
3870 20
3871 4
3872 12
3873 20
3874 13
3875 27
3876 25
3877 31
3878 23
3879 1
3880 32
3881 36
3882 23
3883 4
3884 23
3885 10
3886 26
3887 22
3888 18
3889 2
3890 16
3891 33
3892 2
3893 10
3894 6
3895 14
3896 36
3897 23
3898 28
3899 7
3900 15
3901 9
3902 1
3903 11
3904 30
3905 13
3906 17
3907 22
3908 33
3909 32
3910 32
3911 34
3912 24
3913 25
3914 32
3915 3
3916 3
3917 34
3918 17
3919 17
3920 32
3921 11
3922 13
3923 1
3924 3
3925 4
3926 33
3927 1
3928 31
3929 22
3930 8
3931 10
3932 21
3933 3
3934 3
3935 26
3936 1
3937 32
3938 16
3939 27
3940 20
3941 5
3942 17
3943 7
3944 20
3945 21
3946 6
3947 22
3948 14
3949 16
3950 6
3951 25
3952 19
3953 13
3954 9
3955 35
3956 6
3957 16
3958 31
3959 36
3960 3
3961 5
3962 27
3963 25
3964 7
3965 15
3966 33
3967 8
3968 17
3969 12
3970 7
3971 6
3972 11
3973 26
3974 18
3975 35
3976 34
3977 35
3978 33
3979 8
3980 32
3981 30
3982 30
3983 6
3984 4
3985 9
3986 15
3987 26
3988 31
3989 33
3990 36
3991 36
3992 6
3993 27
3994 3
3995 1
3996 21
3997 10
3998 28
3999 28
4000 14
4001 21
4002 4
4003 30
4004 27
4005 15
4006 29
4007 34
4008 3
4009 7
4010 25
4011 9
4012 29
4013 29
4014 17
4015 36
4016 12
4017 2
4018 16
4019 3
4020 36
4021 1
4022 34
4023 22
4024 18
4025 21
4026 29
4027 25
4028 18
4029 16
4030 18
4031 27
4032 26
4033 27
4034 9
4035 22
4036 30
4037 13
4038 20
4039 6
4040 21
4041 35
4042 7
4043 17
4044 32
4045 36
4046 31
4047 15
4048 11
4049 12
4050 33
4051 30
4052 34
4053 27
4054 25
4055 30
4056 30
4057 24
4058 19
4059 25
4060 18
4061 10
4062 26
4063 7
4064 20
4065 8
4066 4
4067 11
4068 32
4069 23
4070 33
4071 36
4072 25
4073 13
4074 10
4075 12
4076 25
4077 33
4078 25
4079 12
4080 16
4081 10
4082 16
4083 18
4084 35
4085 34
4086 29
4087 16
4088 33
4089 10
4090 14
4091 23
4092 25
4093 26
4094 20
4095 21
4096 22
4097 3
4098 20
4099 9
4100 17
4101 17
4102 11
4103 9
4104 10
4105 21
4106 20
4107 36
4108 25
4109 5
4110 33
4111 7
4112 12
4113 18
4114 13
4115 31
4116 22
4117 1
4118 15
4119 7
4120 12
4121 6
4122 24
4123 8
4124 10
4125 27
4126 7
4127 18
4128 8
4129 2
4130 21
4131 2
4132 34
4133 2
4134 18
4135 28
4136 9
4137 18
4138 29
4139 13
4140 32
4141 31
4142 25
4143 17
4144 22
4145 35
4146 10
4147 27
4148 8
4149 14
4150 6
4151 23
4152 27
4153 21
4154 23
4155 9
4156 15
4157 20
4158 20
4159 35
4160 24
4161 36
4162 30
4163 9
4164 12
4165 7
4166 21
4167 19
4168 33
4169 36
4170 29
4171 36
4172 36
4173 24
4174 13
4175 1
4176 3
4177 4
4178 34
4179 32
4180 22
4181 33
4182 10
4183 16
4184 17
4185 17
4186 35
4187 2
4188 17
4189 30
4190 14
4191 33
4192 33
4193 23
4194 13
4195 14
4196 17
4197 31
4198 2
4199 13
4200 4
4201 24
4202 6
4203 33
4204 12
4205 33
4206 12
4207 14
4208 22
4209 14
4210 32
4211 13
4212 16
4213 34
4214 12
4215 8
4216 19
4217 33
4218 24
4219 27
4220 34
4221 7
4222 5
4223 11
4224 9
4225 10
4226 33
4227 12
4228 11
4229 32
4230 25
4231 21
4232 12
4233 14
4234 32
4235 12
4236 30
4237 25
4238 17
4239 13
4240 33
4241 19
4242 33
4243 34
4244 35
4245 13
4246 22
4247 35
4248 7
4249 25
4250 23
4251 34
4252 13
4253 18
4254 29
4255 10
4256 18
4257 23
4258 29
4259 33
4260 11
4261 35
4262 18
4263 3
4264 29
4265 28
4266 32
4267 25
4268 3
4269 15
4270 11
4271 24
4272 9
4273 20
4274 1
4275 3
4276 10
4277 19
4278 33
4279 20
4280 5
4281 14
4282 29
4283 10
4284 14
4285 23
4286 25
4287 14
4288 12
4289 15
4290 4
4291 18
4292 26
4293 22
4294 4
4295 33
4296 22
4297 13
4298 16
4299 11
4300 21
4301 33
4302 34
4303 19
4304 1
4305 3
4306 27
4307 11
4308 24
4309 14
4310 3
4311 25
4312 17
4313 31
4314 18
4315 32
4316 8
4317 5
4318 35
4319 14
4320 31
4321 14
4322 17
4323 3
4324 32
4325 16
4326 21
4327 26
4328 20
4329 30
4330 2
4331 10
4332 12
4333 3
4334 18
4335 21
4336 8
4337 10
4338 9
4339 19
4340 21
4341 3
4342 12
4343 19
4344 25
4345 36
4346 12
4347 29
4348 22
4349 11
4350 10
4351 17
4352 25
4353 33
4354 34
4355 25
4356 13
4357 32
4358 30
4359 7
4360 3
4361 8
4362 28
4363 4
4364 20
4365 21
4366 31
4367 9
4368 30
4369 1
4370 30
4371 33
4372 10
4373 9
4374 6
4375 33
4376 2
4377 33
4378 19
4379 25
4380 2
4381 1
4382 31
4383 27
4384 17
4385 22
4386 3
4387 23
4388 22
4389 6
4390 5
4391 18
4392 15
4393 20
4394 17
4395 32
4396 23
4397 31
4398 2
4399 2
4400 3
4401 16
4402 3
4403 5
4404 14
4405 9
4406 10
4407 3
4408 5
4409 10
4410 24
4411 18
4412 1
4413 23
4414 19
4415 14
4416 5
4417 12
4418 7
4419 12
4420 28
4421 27
4422 36
4423 7
4424 25
4425 30
4426 19
4427 26
4428 36
4429 14
4430 33
4431 22
4432 36
4433 9
4434 21
4435 11
4436 23
4437 22
4438 27
4439 28
4440 35
4441 28
4442 17
4443 1
4444 24
4445 34
4446 36
4447 26
4448 28
4449 22
4450 12
4451 23
4452 13
4453 27
4454 32
4455 22
4456 6
4457 35
4458 20
4459 2
4460 18
4461 4
4462 3
4463 16
4464 26
4465 34
4466 19
4467 22
4468 9
4469 18
4470 3
4471 25
4472 29
4473 34
4474 34
4475 36
4476 18
4477 2
4478 33
4479 2
4480 10
4481 30
4482 10
4483 8
4484 3
4485 22
4486 20
4487 20
4488 16
4489 17
4490 26
4491 5
4492 3
4493 35
4494 25
4495 24
4496 18
4497 34
4498 34
4499 1
4500 16
4501 25
4502 17
4503 20
4504 31
4505 22
4506 36
4507 17
4508 19
4509 30
4510 10
4511 12
4512 9
4513 6
4514 1
4515 5
4516 5
4517 29
4518 20
4519 9
4520 7
4521 12
4522 14
4523 1
4524 30
4525 10
4526 26
4527 6
4528 33
4529 15
4530 7
4531 24
4532 14
4533 8
4534 24
4535 17
4536 21
4537 10
4538 30
4539 3
4540 30
4541 17
4542 32
4543 22
4544 20
4545 13
4546 21
4547 2
4548 21
4549 4
4550 5
4551 6
4552 29
4553 11
4554 32
4555 29
4556 25
4557 11
4558 24
4559 2
4560 30
4561 15
4562 2
4563 5
4564 29
4565 10
4566 9
4567 35
4568 36
4569 6
4570 27
4571 12
4572 27
4573 2
4574 28
4575 36
4576 25
4577 13
4578 15
4579 28
4580 21
4581 20
4582 15
4583 9
4584 33
4585 25
4586 8
4587 2
4588 10
4589 7
4590 7
4591 6
4592 4
4593 11
4594 9
4595 13
4596 26
4597 28
4598 3
4599 26
4600 21
4601 35
4602 25
4603 17
4604 30
4605 19
4606 14
4607 12
4608 4
4609 10
4610 15
4611 25
4612 1
4613 34
4614 6
4615 16
4616 19
4617 2
4618 18
4619 17
4620 16
4621 9
4622 11
4623 9
4624 12
4625 6
4626 25
4627 34
4628 3
4629 18
4630 15
4631 18
4632 21
4633 27
4634 17
4635 36
4636 3
4637 22
4638 32
4639 35
4640 2
4641 34
4642 3
4643 2
4644 11
4645 23
4646 11
4647 32
4648 11
4649 12
4650 3
4651 21
4652 33
4653 8
4654 11
4655 18
4656 28
4657 35
4658 14
4659 19
4660 31
4661 2
4662 32
4663 21
4664 10
4665 10
4666 17
4667 32
4668 5
4669 10
4670 1
4671 21
4672 14
4673 6
4674 9
4675 10
4676 24
4677 14
4678 19
4679 1
4680 32
4681 2
4682 2
4683 3
4684 24
4685 15
4686 13
4687 33
4688 1
4689 33
4690 9
4691 33
4692 1
4693 29
4694 2
4695 9
4696 9
4697 21
4698 21
4699 8
4700 21
4701 25
4702 27
4703 32
4704 14
4705 30
4706 16
4707 13
4708 6
4709 17
4710 6
4711 29
4712 25
4713 5
4714 10
4715 8
4716 7
4717 3
4718 19
4719 24
4720 1
4721 22
4722 19
4723 17
4724 32
4725 5
4726 12
4727 20
4728 5
4729 32
4730 3
4731 2
4732 29
4733 32
4734 2
4735 36
4736 8
4737 23
4738 2
4739 17
4740 14
4741 16
4742 31
4743 10
4744 31
4745 31
4746 7
4747 17
4748 18
4749 10
4750 31
4751 17
4752 35
4753 33
4754 28
4755 23
4756 10
4757 4
4758 24
4759 34
4760 29
4761 25
4762 16
4763 4
4764 21
4765 26
4766 31
4767 5
4768 24
4769 14
4770 5
4771 22
4772 33
4773 19
4774 1
4775 22
4776 16
4777 19
4778 34
4779 13
4780 32
4781 10
4782 17
4783 10
4784 21
4785 16
4786 29
4787 32
4788 25
4789 6
4790 26
4791 32
4792 4
4793 10
4794 34
4795 23
4796 31
4797 28
4798 21
4799 26
4800 19
4801 10
4802 28
4803 10
4804 5
4805 35
4806 4
4807 23
4808 22
4809 8
4810 1
4811 12
4812 29
4813 31
4814 34
4815 3
4816 7
4817 10
4818 5
4819 21
4820 34
4821 29
4822 22
4823 10
4824 9
4825 21
4826 24
4827 34
4828 25
4829 13
4830 13
4831 8
4832 1
4833 32
4834 8
4835 30
4836 36
4837 36
4838 28
4839 22
4840 2
4841 9
4842 30
4843 1
4844 21
4845 9
4846 19
4847 22
4848 34
4849 34
4850 19
4851 32
4852 7
4853 3
4854 11
4855 19
4856 17
4857 10
4858 20
4859 34
4860 20
4861 6
4862 5
4863 22
4864 28
4865 17
4866 9
4867 30
4868 22
4869 18
4870 33
4871 34
4872 18
4873 21
4874 22
4875 10
4876 11
4877 13
4878 22
4879 18
4880 3
4881 4
4882 28
4883 20
4884 4
4885 9
4886 18
4887 13
4888 8
4889 5
4890 8
4891 15
4892 6
4893 13
4894 8
4895 34
4896 3
4897 34
4898 12
4899 15
4900 31
4901 6
4902 3
4903 2
4904 18
4905 11
4906 23
4907 36
4908 6
4909 24
4910 13
4911 26
4912 8
4913 9
4914 6
4915 10
4916 3
4917 11
4918 36
4919 11
4920 31
4921 18
4922 25
4923 21
4924 9
4925 35
4926 20
4927 35
4928 1
4929 33
4930 1
4931 10
4932 16
4933 25
4934 34
4935 34
4936 35
4937 8
4938 32
4939 8
4940 28
4941 20
4942 12
4943 32
4944 2
4945 20
4946 2
4947 7
4948 26
4949 22
4950 9
4951 31
4952 7
4953 28
4954 22
4955 12
4956 15
4957 24
4958 23
4959 2
4960 9
4961 11
4962 30
4963 2
4964 21
4965 25
4966 7
4967 35
4968 22
4969 26
4970 20
4971 5
4972 5
4973 34
4974 1
4975 26
4976 25
4977 10
4978 11
4979 34
4980 34
4981 2
4982 2
4983 24
4984 7
4985 25
4986 26
4987 8
4988 25
4989 9
4990 21
4991 9
4992 10
4993 25
4994 34
4995 2
4996 10
4997 21
4998 25
4999 25
