0 5
1 5
2 3
3 5
4 4
5 1
6 4
7 4
8 5
9 4
10 4
11 1
12 1
13 5
14 2
15 3
16 2
17 4
18 4
19 3
20 5
21 2
22 2
23 4
24 5
25 4
26 5
27 3
28 4
29 3
30 4
31 2
32 4
33 2
34 5
35 2
36 5
37 3
38 5
39 4
40 4
41 1
42 4
43 2
44 1
45 1
46 3
47 5
48 4
49 1
50 4
51 5
52 1
53 5
54 4
55 4
56 3
57 4
58 5
59 5
60 1
61 3
62 5
63 3
64 5
65 4
66 4
67 1
68 3
69 3
70 4
71 2
72 5
73 4
74 4
75 4
76 3
77 4
78 4
79 5
80 1
81 3
82 5
83 2
84 3
85 2
86 1
87 4
88 5
89 5
90 3
91 4
92 1
93 3
94 4
95 3
96 4
97 2
98 5
99 2
100 5
101 5
102 5
103 5
104 4
105 5
106 3
107 3
108 1
109 5
110 3
111 3
112 5
113 4
114 3
115 5
116 5
117 5
118 3
119 1
120 5
121 4
122 4
123 5
124 5
125 2
126 5
127 5
128 5
129 5
130 2
131 4
132 2
133 3
134 2
135 4
136 3
137 5
138 1
139 3
140 4
141 1
142 1
143 5
144 1
145 2
146 4
147 5
148 2
149 1
150 1
151 4
152 5
153 3
154 5
155 5
156 2
157 3
158 2
159 2
160 1
161 3
162 5
163 4
164 1
165 4
166 3
167 4
168 3
169 4
170 2
171 5
172 3
173 2
174 5
175 5
176 4
177 5
178 2
179 5
180 5
181 5
182 4
183 1
184 2
185 1
186 4
187 1
188 2
189 5
190 3
191 5
192 4
193 3
194 4
195 5
196 5
197 3
198 3
199 5
200 5
201 4
202 5
203 5
204 3
205 4
206 3
207 5
208 3
209 4
210 3
211 4
212 4
213 5
214 1
215 5
216 4
217 5
218 4
219 3
220 4
221 5
222 1
223 1
224 2
225 4
226 4
227 2
228 1
229 5
230 1
231 4
232 4
233 4
234 2
235 1
236 4
237 3
238 1
239 2
240 3
241 4
242 5
243 3
244 5
245 5
246 2
247 2
248 1
249 2
250 1
251 5
252 4
253 1
254 3
255 2
256 2
257 4
258 3
259 5
260 3
261 3
262 3
263 4
264 3
265 2
266 1
267 5
268 3
269 3
270 2
271 5
272 3
273 4
274 5
275 4
276 5
277 5
278 4
279 2
280 2
281 2
282 5
283 5
284 2
285 1
286 5
287 1
288 3
289 3
290 3
291 1
292 2
293 2
294 2
295 5
296 5
297 5
298 4
299 5
300 2
301 3
302 1
303 5
304 4
305 5
306 5
307 4
308 1
309 3
310 3
311 4
312 4
313 4
314 5
315 2
316 4
317 3
318 4
319 5
320 2
321 1
322 3
323 1
324 1
325 4
326 1
327 5
328 5
329 3
330 2
331 1
332 4
333 2
334 2
335 1
336 4
337 2
338 3
339 3
340 5
341 4
342 2
343 5
344 3
345 4
346 5
347 2
348 1
349 2
350 5
351 4
352 5
353 3
354 1
355 4
356 3
357 3
358 4
359 3
360 4
361 2
362 5
363 4
364 1
365 1
366 2
367 2
368 1
369 5
370 5
371 5
372 4
373 4
374 1
375 3
376 5
377 3
378 3
379 4
380 2
381 4
382 1
383 3
384 2
385 3
386 3
387 2
388 1
389 3
390 3
391 3
392 3
393 1
394 3
395 2
396 3
397 2
398 4
399 4
400 4
401 3
402 4
403 2
404 4
405 2
406 4
407 2
408 1
409 4
410 4
411 4
412 5
413 5
414 5
415 5
416 1
417 4
418 5
419 4
420 3
421 5
422 2
423 3
424 3
425 3
426 5
427 3
428 5
429 3
430 5
431 1
432 3
433 5
434 1
435 5
436 5
437 4
438 5
439 5
440 5
441 3
442 2
443 5
444 3
445 2
446 4
447 5
448 1
449 3
450 1
451 1
452 3
453 1
454 3
455 4
456 5
457 1
458 5
459 1
460 3
461 4
462 3
463 5
464 4
465 1
466 1
467 2
468 5
469 1
470 2
471 4
472 2
473 4
474 5
475 3
476 3
477 4
478 1
479 4
480 3
481 3
482 2
483 5
484 4
485 4
486 5
487 5
488 4
489 4
490 5
491 3
492 5
493 1
494 1
495 2
496 4
497 3
498 3
499 5
500 4
501 1
502 1
503 1
504 1
505 4
506 5
507 4
508 5
509 3
510 1
511 1
512 2
513 3
514 5
515 5
516 5
517 1
518 5
519 3
520 3
521 3
522 4
523 4
524 1
525 5
526 5
527 2
528 3
529 3
530 4
531 5
532 1
533 5
534 4
535 3
536 1
537 5
538 2
539 5
540 5
541 4
542 5
543 5
544 5
545 5
546 3
547 4
548 3
549 2
550 5
551 2
552 1
553 3
554 5
555 5
556 4
557 3
558 4
559 3
560 4
561 5
562 3
563 2
564 4
565 3
566 1
567 1
568 2
569 1
570 5
571 4
572 2
573 5
574 5
575 4
576 5
577 5
578 1
579 4
580 4
581 1
582 3
583 4
584 5
585 3
586 2
587 5
588 2
589 4
590 4
591 5
592 3
593 3
594 4
595 5
596 5
597 1
598 5
599 2
600 4
601 3
602 1
603 4
604 3
605 1
606 2
607 2
608 4
609 3
610 5
611 4
612 1
613 1
614 1
615 3
616 3
617 1
618 2
619 3
620 5
621 2
622 2
623 1
624 2
625 5
626 5
627 1
628 1
629 1
630 5
631 5
632 4
633 3
634 2
635 4
636 3
637 5
638 2
639 4
640 2
641 5
642 1
643 5
644 5
645 3
646 1
647 2
648 3
649 4
650 2
651 5
652 1
653 4
654 5
655 5
656 5
657 3
658 3
659 4
660 3
661 4
662 1
663 2
664 3
665 2
666 4
667 5
668 4
669 2
670 5
671 3
672 5
673 3
674 4
675 5
676 3
677 3
678 4
679 4
680 4
681 1
682 4
683 4
684 5
685 3
686 2
687 3
688 4
689 5
690 4
691 1
692 5
693 5
694 1
695 2
696 5
697 2
698 2
699 1
700 2
701 1
702 3
703 4
704 3
705 5
706 4
707 4
708 3
709 2
710 2
711 5
712 4
713 1
714 2
715 2
716 3
717 5
718 4
719 3
720 5
721 4
722 1
723 5
724 4
725 3
726 2
727 5
728 3
729 5
730 4
731 4
732 5
733 3
734 4
735 4
736 2
737 5
738 4
739 4
740 4
741 3
742 2
743 5
744 4
745 2
746 1
747 3
748 1
749 5
750 3
751 4
752 5
753 4
754 5
755 3
756 4
757 5
758 4
759 5
760 5
761 2
762 5
763 1
764 1
765 3
766 3
767 5
768 2
769 2
770 3
771 5
772 2
773 4
774 5
775 2
776 2
777 2
778 5
779 1
780 5
781 1
782 1
783 1
784 4
785 5
786 4
787 3
788 4
789 5
790 5
791 5
792 4
793 1
794 1
795 5
796 1
797 4
798 1
799 4
800 4
801 1
802 1
803 5
804 5
805 5
806 4
807 5
808 3
809 3
810 4
811 5
812 5
813 2
814 1
815 5
816 1
817 4
818 5
819 3
820 4
821 1
822 5
823 5
824 3
825 4
826 4
827 1
828 4
829 3
830 2
831 4
832 1
833 1
834 4
835 5
836 1
837 5
838 2
839 4
840 3
841 3
842 2
843 3
844 5
845 2
846 5
847 5
848 5
849 3
850 1
851 4
852 5
853 2
854 4
855 3
856 5
857 4
858 4
859 5
860 4
861 4
862 4
863 2
864 5
865 5
866 3
867 1
868 3
869 1
870 3
871 3
872 5
873 4
874 3
875 3
876 4
877 2
878 2
879 5
880 3
881 3
882 2
883 5
884 2
885 3
886 1
887 2
888 4
889 1
890 4
891 2
892 2
893 5
894 5
895 4
896 4
897 1
898 3
899 5
900 5
901 5
902 4
903 2
904 5
905 5
906 2
907 3
908 3
909 2
910 2
911 4
912 1
913 1
914 4
915 5
916 2
917 3
918 1
919 5
920 5
921 1
922 2
923 2
924 4
925 4
926 3
927 3
928 1
929 5
930 4
931 5
932 5
933 4
934 5
935 4
936 2
937 2
938 2
939 3
940 3
941 4
942 2
943 1
944 3
945 1
946 1
947 4
948 1
949 5
950 5
951 1
952 5
953 3
954 3
955 5
956 3
957 3
958 5
959 4
960 3
961 4
962 4
963 3
964 1
965 5
966 5
967 5
968 5
969 5
970 4
971 5
972 3
973 5
974 1
975 1
976 4
977 5
978 1
979 4
980 5
981 4
982 4
983 3
984 5
985 5
986 5
987 1
988 1
989 3
990 1
991 2
992 3
993 2
994 3
995 4
996 3
997 5
998 5
999 5
