0 40
1 15
2 56
3 64
4 2
5 8
6 28
7 20
8 36
9 38
10 55
11 58
12 26
13 66
14 30
15 40
16 13
17 62
18 9
19 21
20 38
21 58
22 64
23 25
24 26
25 72
26 11
27 67
28 69
29 39
30 61
31 59
32 73
33 61
34 68
35 49
36 29
37 54
38 7
39 31
40 66
41 70
42 53
43 22
44 54
45 40
46 69
47 18
48 9
49 14
50 41
51 70
52 8
53 72
54 76
55 25
56 73
57 28
58 6
59 66
60 67
61 20
62 1
63 76
64 40
65 30
66 54
67 36
68 15
69 13
70 56
71 74
72 34
73 35
74 1
75 57
76 73
77 60
78 40
79 25
80 4
81 46
82 20
83 4
84 16
85 12
86 8
87 1
88 53
89 46
90 65
91 58
92 38
93 36
94 64
95 12
96 29
97 37
98 63
99 59
100 75
101 10
102 41
103 15
104 62
105 39
106 25
107 1
108 71
109 53
110 46
111 12
112 51
113 75
114 71
115 11
116 42
117 3
118 20
119 58
120 5
121 70
122 50
123 48
124 49
125 76
126 76
127 46
128 7
129 65
130 52
131 4
132 32
133 15
134 17
135 18
136 75
137 9
138 7
139 44
140 54
141 3
142 21
143 3
144 53
145 57
146 17
147 21
148 64
149 71
150 32
151 63
152 42
153 16
154 49
155 17
156 18
157 64
158 75
159 10
160 52
161 50
162 47
163 61
164 20
165 19
166 37
167 5
168 10
169 17
170 47
171 40
172 62
173 40
174 10
175 53
176 60
177 31
178 19
179 32
180 34
181 36
182 42
183 9
184 38
185 28
186 57
187 59
188 3
189 12
190 69
191 54
192 76
193 47
194 24
195 35
196 14
197 25
198 29
199 38
200 14
201 76
202 64
203 26
204 49
205 9
206 15
207 54
208 36
209 71
210 19
211 35
212 7
213 52
214 2
215 75
216 48
217 42
218 38
219 19
220 18
221 66
222 75
223 65
224 16
225 19
226 39
227 7
228 37
229 69
230 20
231 60
232 34
233 3
234 24
235 15
236 18
237 35
238 21
239 33
240 36
241 33
242 56
243 65
244 50
245 61
246 3
247 56
248 73
249 54
250 39
251 50
252 49
253 45
254 20
255 56
256 36
257 32
258 54
259 12
260 67
261 31
262 56
263 66
264 61
265 13
266 70
267 19
268 4
269 29
270 70
271 37
272 47
273 4
274 14
275 68
276 10
277 24
278 54
279 30
280 66
281 40
282 20
283 31
284 70
285 38
286 13
287 74
288 65
289 36
290 75
291 10
292 7
293 9
294 52
295 76
296 18
297 4
298 33
299 51
300 32
301 45
302 5
303 60
304 18
305 59
306 39
307 11
308 29
309 29
310 36
311 55
312 26
313 44
314 52
315 29
316 29
317 15
318 70
319 24
320 33
321 6
322 72
323 17
324 37
325 49
326 67
327 28
328 24
329 59
330 10
331 7
332 53
333 1
334 19
335 42
336 71
337 40
338 16
339 71
340 28
341 68
342 67
343 10
344 29
345 6
346 69
347 59
348 64
349 10
350 75
351 50
352 28
353 16
354 25
355 38
356 55
357 12
358 34
359 48
360 55
361 6
362 73
363 64
364 4
365 16
366 7
367 22
368 12
369 1
370 22
371 42
372 33
373 60
374 3
375 31
376 70
377 44
378 16
379 35
380 47
381 65
382 55
383 64
384 74
385 52
386 18
387 21
388 52
389 64
390 5
391 56
392 72
393 7
394 30
395 33
396 56
397 76
398 65
399 58
400 2
401 43
402 1
403 17
404 26
405 40
406 73
407 42
408 75
409 25
410 20
411 50
412 5
413 45
414 35
415 65
416 76
417 76
418 18
419 39
420 24
421 33
422 43
423 34
424 66
425 74
426 27
427 17
428 44
429 59
430 39
431 64
432 55
433 42
434 34
435 53
436 46
437 55
438 56
439 33
440 75
441 56
442 4
443 62
444 30
445 14
446 28
447 12
448 39
449 65
450 41
451 43
452 35
453 34
454 64
455 28
456 14
457 30
458 10
459 38
460 2
461 51
462 65
463 67
464 45
465 45
466 64
467 54
468 75
469 44
470 48
471 76
472 58
473 25
474 47
475 26
476 35
477 60
478 72
479 34
480 19
481 4
482 31
483 42
484 63
485 6
486 25
487 38
488 10
489 63
490 38
491 7
492 34
493 66
494 32
495 27
496 46
497 71
498 74
499 37
500 69
501 36
502 16
503 31
504 6
505 43
506 33
507 40
508 61
509 30
510 34
511 7
512 15
513 56
514 67
515 70
516 45
517 19
518 3
519 1
520 65
521 49
522 76
523 18
524 47
525 39
526 19
527 19
528 36
529 44
530 60
531 68
532 52
533 46
534 47
535 48
536 44
537 73
538 33
539 60
540 5
541 4
542 54
543 2
544 18
545 59
546 58
547 31
548 51
549 53
550 57
551 64
552 43
553 29
554 63
555 14
556 56
557 31
558 40
559 27
560 30
561 49
562 31
563 55
564 28
565 38
566 70
567 70
568 57
569 13
570 5
571 14
572 63
573 39
574 72
575 45
576 25
577 18
578 8
579 27
580 36
581 12
582 25
583 14
584 16
585 8
586 26
587 18
588 25
589 35
590 29
591 1
592 73
593 61
594 8
595 43
596 14
597 5
598 12
599 67
600 23
601 55
602 47
603 62
604 16
605 16
606 37
607 6
608 46
609 31
610 12
611 21
612 25
613 59
614 62
615 7
616 56
617 57
618 29
619 65
620 4
621 51
622 53
623 10
624 64
625 72
626 51
627 23
628 44
629 3
630 27
631 63
632 10
633 14
634 32
635 28
636 35
637 53
638 15
639 57
640 41
641 25
642 7
643 5
644 38
645 11
646 28
647 37
648 17
649 35
650 61
651 14
652 65
653 66
654 72
655 21
656 35
657 10
658 10
659 60
660 51
661 44
662 2
663 38
664 52
665 21
666 4
667 40
668 12
669 33
670 12
671 5
672 35
673 26
674 40
675 6
676 27
677 20
678 29
679 61
680 58
681 69
682 33
683 74
684 54
685 30
686 26
687 29
688 34
689 22
690 14
691 8
692 31
693 76
694 3
695 6
696 69
697 66
698 72
699 23
700 43
701 13
702 41
703 58
704 37
705 9
706 30
707 28
708 24
709 14
710 52
711 14
712 70
713 19
714 9
715 13
716 23
717 7
718 67
719 65
720 65
721 31
722 74
723 22
724 20
725 64
726 76
727 39
728 73
729 18
730 48
731 40
732 52
733 37
734 30
735 70
736 40
737 40
738 61
739 35
740 56
741 5
742 63
743 54
744 19
745 66
746 34
747 56
748 9
749 1
750 63
751 15
752 26
753 12
754 39
755 64
756 65
757 28
758 41
759 1
760 51
761 58
762 21
763 65
764 7
765 4
766 29
767 54
768 7
769 15
770 60
771 44
772 67
773 15
774 19
775 5
776 58
777 47
778 74
779 61
780 29
781 30
782 18
783 19
784 24
785 64
786 59
787 28
788 57
789 51
790 7
791 59
792 61
793 43
794 40
795 46
796 8
797 15
798 54
799 33
800 1
801 76
802 69
803 33
804 58
805 71
806 14
807 70
808 34
809 6
810 53
811 19
812 71
813 57
814 68
815 6
816 7
817 35
818 22
819 60
820 68
821 37
822 37
823 41
824 64
825 18
826 7
827 67
828 15
829 48
830 69
831 24
832 32
833 46
834 62
835 51
836 31
837 61
838 48
839 56
840 19
841 19
842 31
843 55
844 65
845 22
846 53
847 66
848 62
849 73
850 50
851 47
852 1
853 14
854 38
855 30
856 34
857 14
858 32
859 14
860 70
861 22
862 47
863 27
864 2
865 63
866 42
867 40
868 51
869 17
870 64
871 68
872 56
873 58
874 1
875 11
876 65
877 35
878 74
879 76
880 20
881 42
882 25
883 53
884 70
885 62
886 45
887 42
888 1
889 56
890 36
891 66
892 74
893 65
894 19
895 9
896 21
897 70
898 33
899 39
900 18
901 72
902 25
903 31
904 32
905 50
906 7
907 7
908 34
909 8
910 3
911 28
912 70
913 70
914 63
915 54
916 22
917 57
918 19
919 1
920 41
921 46
922 46
923 29
924 39
925 68
926 71
927 15
928 18
929 69
930 43
931 16
932 56
933 60
934 74
935 51
936 67
937 34
938 26
939 10
940 43
941 37
942 46
943 33
944 35
945 28
946 6
947 50
948 74
949 35
950 71
951 63
952 69
953 67
954 66
955 20
956 36
957 17
958 57
959 30
960 18
961 28
962 14
963 39
964 43
965 70
966 69
967 71
968 26
969 23
970 60
971 7
972 68
973 29
974 66
975 47
976 49
977 28
978 43
979 45
980 42
981 41
982 55
983 24
984 51
985 42
986 24
987 70
988 72
989 55
990 75
991 11
992 63
993 57
994 47
995 23
996 56
997 71
998 43
999 48
1000 32
1001 2
1002 6
1003 35
1004 56
1005 25
1006 15
1007 3
1008 27
1009 12
1010 2
1011 58
1012 71
1013 36
1014 51
1015 30
1016 15
1017 27
1018 2
1019 30
1020 38
1021 65
1022 31
1023 49
1024 47
1025 67
1026 44
1027 63
1028 45
1029 54
1030 36
1031 18
1032 35
1033 51
1034 27
1035 20
1036 69
1037 27
1038 13
1039 9
1040 40
1041 15
1042 11
1043 68
1044 57
1045 28
1046 43
1047 68
1048 8
1049 40
1050 39
1051 3
1052 32
1053 53
1054 72
1055 65
1056 19
1057 45
1058 53
1059 1
1060 71
1061 66
1062 52
1063 11
1064 14
1065 25
1066 26
1067 10
1068 17
1069 34
1070 11
1071 18
1072 59
1073 16
1074 71
1075 9
1076 55
1077 54
1078 13
1079 54
1080 1
1081 33
1082 42
1083 45
1084 71
1085 30
1086 2
1087 47
1088 68
1089 51
1090 72
1091 59
1092 2
1093 32
1094 69
1095 6
1096 27
1097 28
1098 30
1099 38
1100 15
1101 30
1102 26
1103 12
1104 72
1105 47
1106 2
1107 18
1108 29
1109 12
1110 24
1111 27
1112 32
1113 57
1114 43
1115 65
1116 43
1117 8
1118 29
1119 41
1120 27
1121 12
1122 55
1123 12
1124 60
1125 69
1126 44
1127 15
1128 16
1129 56
1130 66
1131 65
1132 9
1133 47
1134 49
1135 12
1136 57
1137 59
1138 14
1139 58
1140 21
1141 43
1142 57
1143 58
1144 59
1145 76
1146 60
1147 3
1148 16
1149 28
1150 4
1151 67
1152 67
1153 15
1154 60
1155 12
1156 65
1157 16
1158 47
1159 50
1160 48
1161 31
1162 76
1163 66
1164 14
1165 55
1166 14
1167 8
1168 8
1169 55
1170 10
1171 68
1172 69
1173 51
1174 53
1175 58
1176 38
1177 66
1178 12
1179 69
1180 32
1181 37
1182 58
1183 13
1184 53
1185 8
1186 58
1187 8
1188 12
1189 36
1190 69
1191 36
1192 47
1193 39
1194 31
1195 46
1196 21
1197 49
1198 40
1199 75
1200 38
1201 34
1202 73
1203 43
1204 29
1205 9
1206 33
1207 70
1208 32
1209 42
1210 48
1211 48
1212 4
1213 20
1214 7
1215 33
1216 71
1217 14
1218 30
1219 58
1220 14
1221 6
1222 31
1223 53
1224 53
1225 75
1226 35
1227 43
1228 45
1229 14
1230 58
1231 35
1232 64
1233 47
1234 69
1235 73
1236 48
1237 51
1238 30
1239 55
1240 7
1241 51
1242 25
1243 35
1244 7
1245 50
1246 43
1247 7
1248 43
1249 43
1250 39
1251 61
1252 63
1253 69
1254 56
1255 36
1256 73
1257 30
1258 56
1259 7
1260 44
1261 58
1262 58
1263 43
1264 56
1265 64
1266 49
1267 11
1268 12
1269 44
1270 52
1271 48
1272 44
1273 3
1274 39
1275 69
1276 26
1277 65
1278 34
1279 63
1280 15
1281 20
1282 44
1283 30
1284 25
1285 42
1286 29
1287 10
1288 36
1289 24
1290 36
1291 70
1292 19
1293 46
1294 1
1295 76
1296 48
1297 49
1298 8
1299 4
1300 48
1301 67
1302 62
1303 23
1304 31
1305 5
1306 3
1307 62
1308 1
1309 73
1310 26
1311 16
1312 75
1313 63
1314 38
1315 71
1316 57
1317 76
1318 23
1319 26
1320 40
1321 64
1322 57
1323 45
1324 66
1325 31
1326 61
1327 63
1328 21
1329 21
1330 29
1331 57
1332 50
1333 19
1334 61
1335 14
1336 69
1337 22
1338 36
1339 46
1340 1
1341 25
1342 56
1343 22
1344 66
1345 10
1346 11
1347 20
1348 66
1349 56
1350 63
1351 38
1352 42
1353 19
1354 18
1355 17
1356 5
1357 37
1358 28
1359 39
1360 71
1361 45
1362 41
1363 30
1364 49
1365 71
1366 65
1367 58
1368 31
1369 19
1370 60
1371 1
1372 74
1373 1
1374 70
1375 53
1376 38
1377 58
1378 4
1379 14
1380 65
1381 59
1382 68
1383 17
1384 7
1385 12
1386 12
1387 11
1388 65
1389 5
1390 3
1391 30
1392 66
1393 39
1394 64
1395 31
1396 38
1397 9
1398 4
1399 73
1400 39
1401 65
1402 69
1403 67
1404 63
1405 30
1406 49
1407 28
1408 53
1409 45
1410 28
1411 75
1412 25
1413 2
1414 14
1415 76
1416 64
1417 74
1418 33
1419 15
1420 39
1421 66
1422 42
1423 54
1424 47
1425 12
1426 63
1427 27
1428 31
1429 66
1430 38
1431 45
1432 28
1433 38
1434 62
1435 43
1436 25
1437 28
1438 4
1439 3
1440 15
1441 1
1442 34
1443 63
1444 30
1445 37
1446 11
1447 25
1448 46
1449 36
1450 72
1451 48
1452 70
1453 42
1454 51
1455 57
1456 35
1457 64
1458 60
1459 72
1460 60
1461 47
1462 32
1463 55
1464 30
1465 15
1466 33
1467 71
1468 51
1469 27
1470 2
1471 38
1472 73
1473 28
1474 2
1475 55
1476 74
1477 41
1478 22
1479 72
1480 27
1481 26
1482 58
1483 69
1484 36
1485 15
1486 51
1487 2
1488 35
1489 21
1490 44
1491 75
1492 67
1493 25
1494 50
1495 69
1496 6
1497 59
1498 4
1499 18
1500 75
1501 34
1502 72
1503 18
1504 33
1505 40
1506 32
1507 16
1508 44
1509 29
1510 22
1511 61
1512 5
1513 33
1514 51
1515 74
1516 16
1517 73
1518 10
1519 20
1520 31
1521 30
1522 30
1523 14
1524 74
1525 20
1526 65
1527 66
1528 6
1529 35
1530 54
1531 8
1532 73
1533 14
1534 16
1535 47
1536 10
1537 19
1538 62
1539 58
1540 60
1541 66
1542 74
1543 72
1544 39
1545 70
1546 57
1547 35
1548 63
1549 12
1550 52
1551 20
1552 4
1553 47
1554 68
1555 29
1556 19
1557 70
1558 66
1559 12
1560 68
1561 43
1562 40
1563 8
1564 47
1565 28
1566 49
1567 68
1568 19
1569 39
1570 11
1571 42
1572 22
1573 10
1574 40
1575 71
1576 20
1577 8
1578 55
1579 30
1580 74
1581 64
1582 60
1583 69
1584 26
1585 13
1586 59
1587 52
1588 65
1589 52
1590 73
1591 18
1592 26
1593 15
1594 42
1595 3
1596 33
1597 33
1598 69
1599 25
1600 54
1601 45
1602 28
1603 1
1604 24
1605 49
1606 10
1607 65
1608 51
1609 45
1610 18
1611 6
1612 48
1613 71
1614 38
1615 6
1616 73
1617 76
1618 26
1619 25
1620 32
1621 53
1622 66
1623 24
1624 75
1625 29
1626 48
1627 53
1628 1
1629 24
1630 53
1631 76
1632 28
1633 70
1634 62
1635 74
1636 72
1637 26
1638 10
1639 68
1640 62
1641 36
1642 19
1643 18
1644 38
1645 11
1646 63
1647 7
1648 71
1649 8
1650 56
1651 42
1652 62
1653 14
1654 18
1655 36
1656 66
1657 30
1658 41
1659 2
1660 1
1661 74
1662 34
1663 30
1664 37
1665 13
1666 34
1667 59
1668 29
1669 5
1670 4
1671 54
1672 62
1673 67
1674 65
1675 49
1676 22
1677 62
1678 7
1679 30
1680 47
1681 2
1682 73
1683 62
1684 20
1685 38
1686 20
1687 9
1688 9
1689 15
1690 27
1691 7
1692 14
1693 63
1694 47
1695 51
1696 9
1697 37
1698 58
1699 18
1700 60
1701 67
1702 55
1703 61
1704 50
1705 55
1706 26
1707 12
1708 40
1709 39
1710 12
1711 33
1712 75
1713 74
1714 10
1715 49
1716 42
1717 22
1718 69
1719 71
1720 61
1721 60
1722 56
1723 14
1724 42
1725 42
1726 43
1727 62
1728 34
1729 56
1730 60
1731 66
1732 48
1733 66
1734 59
1735 46
1736 6
1737 7
1738 63
1739 33
1740 7
1741 57
1742 31
1743 76
1744 46
1745 63
1746 74
1747 13
1748 30
1749 28
1750 70
1751 54
1752 47
1753 56
1754 65
1755 4
1756 61
1757 21
1758 32
1759 32
1760 72
1761 26
1762 76
1763 23
1764 75
1765 48
1766 46
1767 10
1768 62
1769 30
1770 57
1771 43
1772 69
1773 19
1774 43
1775 52
1776 47
1777 3
1778 31
1779 30
1780 61
1781 74
1782 6
1783 76
1784 18
1785 73
1786 32
1787 60
1788 50
1789 76
1790 38
1791 19
1792 9
1793 16
1794 25
1795 33
1796 62
1797 65
1798 6
1799 70
1800 69
1801 71
1802 44
1803 73
1804 16
1805 28
1806 8
1807 14
1808 12
1809 30
1810 6
1811 16
1812 43
1813 29
1814 21
1815 33
1816 7
1817 49
1818 4
1819 50
1820 3
1821 62
1822 57
1823 1
1824 16
1825 22
1826 67
1827 25
1828 56
1829 66
1830 56
1831 14
1832 8
1833 14
1834 35
1835 56
1836 34
1837 69
1838 28
1839 76
1840 32
1841 36
1842 76
1843 56
1844 70
1845 62
1846 29
1847 12
1848 66
1849 53
1850 52
1851 68
1852 69
1853 24
1854 9
1855 57
1856 62
1857 26
1858 16
1859 33
1860 44
1861 17
1862 10
1863 14
1864 52
1865 30
1866 51
1867 45
1868 69
1869 75
1870 22
1871 69
1872 20
1873 28
1874 16
1875 66
1876 14
1877 66
1878 18
1879 68
1880 59
1881 74
1882 40
1883 65
1884 56
1885 50
1886 29
1887 11
1888 7
1889 35
1890 66
1891 53
1892 19
1893 29
1894 4
1895 19
1896 3
1897 39
1898 19
1899 58
1900 8
1901 41
1902 29
1903 69
1904 44
1905 24
1906 52
1907 23
1908 23
1909 47
1910 43
1911 57
1912 35
1913 71
1914 18
1915 24
1916 45
1917 32
1918 29
1919 4
1920 30
1921 43
1922 42
1923 15
1924 2
1925 40
1926 4
1927 32
1928 42
1929 16
1930 4
1931 61
1932 42
1933 72
1934 46
1935 3
1936 17
1937 6
1938 45
1939 36
1940 49
1941 5
1942 76
1943 54
1944 71
1945 44
1946 55
1947 29
1948 39
1949 10
1950 37
1951 58
1952 5
1953 29
1954 22
1955 31
1956 31
1957 67
1958 60
1959 76
1960 76
1961 41
1962 73
1963 59
1964 33
1965 61
1966 12
1967 52
1968 75
1969 20
1970 66
1971 67
1972 46
1973 40
1974 35
1975 49
1976 11
1977 44
1978 22
1979 37
1980 4
1981 56
1982 37
1983 61
1984 25
1985 8
1986 47
1987 74
1988 76
1989 17
1990 46
1991 70
1992 16
1993 68
1994 24
1995 45
1996 69
1997 6
1998 71
1999 74
2000 34
2001 29
2002 51
2003 68
2004 50
2005 4
2006 30
2007 53
2008 69
2009 8
2010 22
2011 40
2012 18
2013 27
2014 42
2015 41
2016 65
2017 60
2018 66
2019 46
2020 59
2021 73
2022 69
2023 31
2024 28
2025 49
2026 47
2027 66
2028 73
2029 48
2030 56
2031 46
2032 66
2033 10
2034 66
2035 17
2036 66
2037 6
2038 40
2039 11
2040 69
2041 39
2042 32
2043 56
2044 7
2045 35
2046 46
2047 54
2048 72
2049 30
2050 7
2051 53
2052 35
2053 75
2054 37
2055 37
2056 44
2057 41
2058 41
2059 16
2060 70
2061 18
2062 29
2063 48
2064 6
2065 44
2066 45
2067 69
2068 75
2069 42
2070 28
2071 11
2072 32
2073 10
2074 52
2075 47
2076 40
2077 46
2078 73
2079 9
2080 13
2081 33
2082 21
2083 12
2084 3
2085 35
2086 11
2087 39
2088 68
2089 11
2090 46
2091 26
2092 70
2093 27
2094 22
2095 50
2096 20
2097 17
2098 32
2099 25
2100 11
2101 50
2102 71
2103 8
2104 20
2105 64
2106 33
2107 14
2108 76
2109 74
2110 68
2111 46
2112 69
2113 1
2114 14
2115 71
2116 21
2117 14
2118 72
2119 69
2120 25
2121 64
2122 20
2123 33
2124 7
2125 34
2126 76
2127 63
2128 47
2129 31
2130 60
2131 34
2132 37
2133 4
2134 3
2135 37
2136 56
2137 18
2138 42
2139 55
2140 52
2141 18
2142 48
2143 75
2144 64
2145 68
2146 51
2147 37
2148 17
2149 51
2150 14
2151 26
2152 39
2153 28
2154 47
2155 72
2156 56
2157 54
2158 18
2159 11
2160 69
2161 52
2162 11
2163 54
2164 6
2165 49
2166 37
2167 25
2168 34
2169 19
2170 46
2171 39
2172 30
2173 38
2174 20
2175 46
2176 55
2177 69
2178 58
2179 43
2180 71
2181 47
2182 30
2183 73
2184 46
2185 52
2186 35
2187 2
2188 35
2189 62
2190 57
2191 12
2192 72
2193 15
2194 62
2195 53
2196 43
2197 29
2198 51
2199 27
2200 66
2201 2
2202 61
2203 24
2204 42
2205 35
2206 42
2207 56
2208 49
2209 9
2210 32
2211 35
2212 31
2213 33
2214 63
2215 56
2216 37
2217 73
2218 26
2219 50
2220 63
2221 69
2222 49
2223 20
2224 16
2225 26
2226 29
2227 31
2228 69
2229 66
2230 11
2231 1
2232 9
2233 20
2234 66
2235 33
2236 42
2237 32
2238 20
2239 35
2240 40
2241 35
2242 9
2243 8
2244 42
2245 42
2246 30
2247 10
2248 36
2249 5
2250 17
2251 32
2252 2
2253 49
2254 63
2255 66
2256 57
2257 42
2258 72
2259 35
2260 43
2261 55
2262 54
2263 34
2264 40
2265 25
2266 55
2267 24
2268 58
2269 35
2270 63
2271 20
2272 52
2273 31
2274 35
2275 75
2276 33
2277 70
2278 42
2279 55
2280 4
2281 67
2282 1
2283 53
2284 38
2285 61
2286 37
2287 31
2288 41
2289 31
2290 4
2291 21
2292 56
2293 2
2294 4
2295 25
2296 20
2297 39
2298 49
2299 22
2300 41
2301 1
2302 26
2303 39
2304 7
2305 7
2306 28
2307 75
2308 36
2309 4
2310 32
2311 44
2312 68
2313 39
2314 68
2315 40
2316 25
2317 6
2318 68
2319 54
2320 25
2321 25
2322 57
2323 72
2324 11
2325 75
2326 8
2327 22
2328 19
2329 31
2330 32
2331 74
2332 62
2333 65
2334 66
2335 7
2336 11
2337 25
2338 66
2339 69
2340 24
2341 7
2342 12
2343 34
2344 52
2345 23
2346 3
2347 47
2348 36
2349 21
2350 16
2351 29
2352 8
2353 64
2354 32
2355 67
2356 66
2357 61
2358 23
2359 28
2360 5
2361 44
2362 1
2363 69
2364 49
2365 7
2366 64
2367 19
2368 13
2369 28
2370 67
2371 12
2372 31
2373 68
2374 10
2375 7
2376 19
2377 15
2378 49
2379 59
2380 33
2381 35
2382 14
2383 33
2384 18
2385 18
2386 49
2387 74
2388 53
2389 58
2390 16
2391 39
2392 47
2393 47
2394 44
2395 60
2396 52
2397 46
2398 7
2399 19
2400 7
2401 57
2402 6
2403 33
2404 71
2405 37
2406 32
2407 27
2408 71
2409 51
2410 11
2411 67
2412 67
2413 42
2414 58
2415 11
2416 5
2417 51
2418 23
2419 15
2420 3
2421 48
2422 69
2423 47
2424 54
2425 8
2426 20
2427 27
2428 19
2429 4
2430 45
2431 4
2432 51
2433 18
2434 64
2435 66
2436 10
2437 36
2438 47
2439 13
2440 44
2441 66
2442 14
2443 45
2444 8
2445 7
2446 23
2447 62
2448 11
2449 65
2450 16
2451 50
2452 16
2453 41
2454 20
2455 25
2456 37
2457 30
2458 5
2459 60
2460 43
2461 25
2462 5
2463 21
2464 51
2465 54
2466 71
2467 64
2468 28
2469 37
2470 63
2471 5
2472 60
2473 69
2474 66
2475 57
2476 16
2477 54
2478 52
2479 29
2480 5
2481 66
2482 11
2483 31
2484 42
2485 33
2486 1
2487 11
2488 72
2489 12
2490 52
2491 65
2492 68
2493 73
2494 56
2495 58
2496 35
2497 71
2498 33
2499 55
2500 56
2501 69
2502 17
2503 2
2504 37
2505 28
2506 25
2507 49
2508 69
2509 53
2510 65
2511 5
2512 57
2513 6
2514 64
2515 70
2516 15
2517 5
2518 14
2519 43
2520 59
2521 16
2522 26
2523 33
2524 17
2525 74
2526 11
2527 43
2528 12
2529 35
2530 29
2531 74
2532 9
2533 6
2534 57
2535 64
2536 38
2537 63
2538 48
2539 66
2540 23
2541 13
2542 64
2543 76
2544 11
2545 73
2546 58
2547 26
2548 70
2549 33
2550 17
2551 33
2552 20
2553 65
2554 65
2555 14
2556 47
2557 19
2558 51
2559 58
2560 15
2561 15
2562 70
2563 47
2564 55
2565 32
2566 53
2567 61
2568 8
2569 74
2570 7
2571 37
2572 57
2573 42
2574 41
2575 8
2576 71
2577 36
2578 35
2579 57
2580 34
2581 7
2582 71
2583 44
2584 23
2585 35
2586 75
2587 17
2588 64
2589 58
2590 21
2591 35
2592 74
2593 72
2594 68
2595 14
2596 72
2597 15
2598 46
2599 70
2600 23
2601 17
2602 43
2603 37
2604 5
2605 31
2606 16
2607 47
2608 23
2609 41
2610 50
2611 46
2612 16
2613 65
2614 73
2615 28
2616 19
2617 4
2618 72
2619 6
2620 16
2621 18
2622 45
2623 4
2624 33
2625 30
2626 25
2627 59
2628 24
2629 71
2630 44
2631 70
2632 35
2633 74
2634 33
2635 35
2636 34
2637 12
2638 24
2639 26
2640 3
2641 70
2642 75
2643 58
2644 42
2645 57
2646 55
2647 63
2648 33
2649 51
2650 27
2651 67
2652 49
2653 57
2654 1
2655 21
2656 23
2657 65
2658 53
2659 57
2660 66
2661 54
2662 76
2663 53
2664 2
2665 40
2666 37
2667 4
2668 5
2669 73
2670 69
2671 41
2672 23
2673 76
2674 59
2675 63
2676 7
2677 38
2678 20
2679 59
2680 48
2681 20
2682 50
2683 15
2684 43
2685 42
2686 34
2687 29
2688 55
2689 30
2690 7
2691 34
2692 30
2693 16
2694 5
2695 49
2696 20
2697 61
2698 57
2699 41
2700 29
2701 72
2702 58
2703 68
2704 27
2705 40
2706 19
2707 20
2708 17
2709 35
2710 21
2711 15
2712 23
2713 35
2714 70
2715 71
2716 16
2717 58
2718 70
2719 49
2720 2
2721 25
2722 58
2723 9
2724 61
2725 76
2726 8
2727 73
2728 44
2729 57
2730 16
2731 27
2732 49
2733 6
2734 62
2735 51
2736 25
2737 19
2738 69
2739 8
2740 48
2741 40
2742 20
2743 18
2744 35
2745 55
2746 31
2747 37
2748 33
2749 1
2750 63
2751 59
2752 50
2753 71
2754 30
2755 64
2756 72
2757 70
2758 27
2759 68
2760 75
2761 12
2762 8
2763 28
2764 2
2765 23
2766 58
2767 29
2768 27
2769 10
2770 35
2771 50
2772 1
2773 2
2774 53
2775 64
2776 53
2777 47
2778 70
2779 45
2780 51
2781 73
2782 66
2783 71
2784 64
2785 74
2786 74
2787 10
2788 14
2789 47
2790 20
2791 33
2792 48
2793 56
2794 20
2795 72
2796 28
2797 54
2798 11
2799 48
2800 73
2801 5
2802 22
2803 49
2804 24
2805 74
2806 66
2807 50
2808 59
2809 14
2810 59
2811 1
2812 52
2813 12
2814 43
2815 24
2816 16
2817 37
2818 24
2819 5
2820 74
2821 58
2822 14
2823 7
2824 63
2825 39
2826 33
2827 44
2828 35
2829 55
2830 64
2831 2
2832 43
2833 29
2834 14
2835 37
2836 59
2837 55
2838 43
2839 63
2840 14
2841 10
2842 76
2843 75
2844 16
2845 7
2846 29
2847 2
2848 54
2849 16
2850 17
2851 17
2852 42
2853 41
2854 38
2855 21
2856 62
2857 69
2858 70
2859 40
2860 64
2861 57
2862 47
2863 17
2864 48
2865 72
2866 12
2867 25
2868 42
2869 5
2870 72
2871 35
2872 63
2873 67
2874 73
2875 5
2876 74
2877 40
2878 37
2879 59
2880 9
2881 13
2882 52
2883 61
2884 5
2885 44
2886 24
2887 73
2888 50
2889 8
2890 52
2891 72
2892 54
2893 54
2894 22
2895 28
2896 56
2897 56
2898 7
2899 16
2900 75
2901 14
2902 5
2903 52
2904 20
2905 48
2906 39
2907 18
2908 22
2909 7
2910 71
2911 48
2912 63
2913 19
2914 29
2915 15
2916 40
2917 47
2918 18
2919 54
2920 35
2921 28
2922 29
2923 17
2924 65
2925 13
2926 30
2927 34
2928 65
2929 5
2930 36
2931 6
2932 37
2933 50
2934 19
2935 47
2936 5
2937 61
2938 71
2939 19
2940 49
2941 4
2942 30
2943 52
2944 38
2945 1
2946 71
2947 35
2948 36
2949 12
2950 15
2951 20
2952 74
2953 38
2954 56
2955 39
2956 68
2957 43
2958 62
2959 76
2960 54
2961 67
2962 50
2963 26
2964 68
2965 25
2966 59
2967 47
2968 62
2969 34
2970 40
2971 69
2972 52
2973 36
2974 49
2975 29
2976 1
2977 42
2978 69
2979 71
2980 13
2981 68
2982 53
2983 72
2984 14
2985 14
2986 58
2987 23
2988 72
2989 21
2990 46
2991 10
2992 36
2993 26
2994 57
2995 35
2996 17
2997 60
2998 16
2999 29
3000 65
3001 72
3002 13
3003 15
3004 33
3005 2
3006 6
3007 52
3008 23
3009 62
3010 33
3011 20
3012 69
3013 56
3014 61
3015 55
3016 66
3017 19
3018 10
3019 28
3020 19
3021 31
3022 7
3023 12
3024 15
3025 40
3026 52
3027 54
3028 59
3029 70
3030 55
3031 39
3032 47
3033 56
3034 17
3035 23
3036 54
3037 61
3038 4
3039 30
3040 2
3041 65
3042 63
3043 2
3044 16
3045 69
3046 1
3047 13
3048 13
3049 12
3050 25
3051 29
3052 31
3053 51
3054 50
3055 55
3056 19
3057 10
3058 74
3059 57
3060 44
3061 61
3062 63
3063 41
3064 72
3065 20
3066 52
3067 14
3068 59
3069 7
3070 15
3071 14
3072 70
3073 3
3074 10
3075 12
3076 28
3077 4
3078 8
3079 29
3080 37
3081 69
3082 55
3083 54
3084 45
3085 53
3086 61
3087 12
3088 67
3089 29
3090 19
3091 20
3092 28
3093 1
3094 2
3095 66
3096 43
3097 65
3098 37
3099 65
3100 54
3101 14
3102 61
3103 42
3104 3
3105 38
3106 14
3107 73
3108 69
3109 35
3110 14
3111 3
3112 56
3113 46
3114 14
3115 18
3116 55
3117 70
3118 14
3119 58
3120 76
3121 1
3122 72
3123 73
3124 16
3125 65
3126 3
3127 44
3128 39
3129 45
3130 63
3131 2
3132 16
3133 32
3134 40
3135 44
3136 34
3137 32
3138 11
3139 20
3140 39
3141 44
3142 19
3143 61
3144 26
3145 75
3146 31
3147 76
3148 15
3149 7
3150 6
3151 50
3152 51
3153 57
3154 20
3155 15
3156 42
3157 19
3158 40
3159 16
3160 71
3161 73
3162 42
3163 70
3164 40
3165 64
3166 1
3167 72
3168 20
3169 75
3170 75
3171 54
3172 42
3173 53
3174 59
3175 70
3176 1
3177 65
3178 33
3179 72
3180 14
3181 44
3182 42
3183 45
3184 68
3185 12
3186 2
3187 30
3188 37
3189 17
3190 74
3191 26
3192 28
3193 52
3194 36
3195 53
3196 39
3197 18
3198 11
3199 62
3200 6
3201 42
3202 36
3203 1
3204 5
3205 74
3206 10
3207 72
3208 10
3209 56
3210 31
3211 68
3212 8
3213 42
3214 53
3215 11
3216 30
3217 10
3218 38
3219 32
3220 18
3221 24
3222 55
3223 69
3224 43
3225 64
3226 75
3227 36
3228 40
3229 16
3230 38
3231 26
3232 42
3233 72
3234 17
3235 26
3236 13
3237 3
3238 73
3239 35
3240 33
3241 39
3242 31
3243 25
3244 7
3245 52
3246 36
3247 11
3248 38
3249 75
3250 53
3251 16
3252 61
3253 40
3254 70
3255 62
3256 10
3257 69
3258 66
3259 53
3260 40
3261 17
3262 28
3263 65
3264 74
3265 47
3266 27
3267 8
3268 75
3269 57
3270 19
3271 27
3272 68
3273 35
3274 37
3275 57
3276 62
3277 25
3278 40
3279 15
3280 27
3281 24
3282 42
3283 30
3284 51
3285 13
3286 4
3287 34
3288 71
3289 28
3290 58
3291 16
3292 7
3293 64
3294 38
3295 63
3296 7
3297 60
3298 21
3299 22
3300 12
3301 66
3302 72
3303 35
3304 11
3305 12
3306 24
3307 52
3308 69
3309 16
3310 32
3311 5
3312 43
3313 56
3314 10
3315 69
3316 75
3317 55
3318 12
3319 61
3320 70
3321 51
3322 47
3323 74
3324 25
3325 9
3326 46
3327 76
3328 3
3329 40
3330 55
3331 9
3332 2
3333 8
3334 62
3335 70
3336 43
3337 64
3338 54
3339 69
3340 13
3341 69
3342 61
3343 31
3344 16
3345 53
3346 10
3347 12
3348 71
3349 34
3350 13
3351 31
3352 69
3353 60
3354 43
3355 65
3356 11
3357 50
3358 9
3359 20
3360 14
3361 3
3362 25
3363 69
3364 72
3365 61
3366 16
3367 38
3368 60
3369 34
3370 2
3371 39
3372 24
3373 8
3374 26
3375 21
3376 47
3377 4
3378 38
3379 35
3380 65
3381 39
3382 76
3383 43
3384 59
3385 24
3386 66
3387 25
3388 4
3389 61
3390 12
3391 12
3392 11
3393 8
3394 25
3395 15
3396 62
3397 12
3398 11
3399 41
3400 75
3401 25
3402 35
3403 34
3404 69
3405 76
3406 61
3407 71
3408 40
3409 16
3410 65
3411 73
3412 6
3413 48
3414 65
3415 62
3416 6
3417 19
3418 76
3419 69
3420 64
3421 1
3422 4
3423 33
3424 47
3425 65
3426 49
3427 47
3428 33
3429 34
3430 4
3431 38
3432 33
3433 54
3434 75
3435 59
3436 4
3437 48
3438 37
3439 74
3440 24
3441 70
3442 2
3443 52
3444 1
3445 47
3446 53
3447 56
3448 50
3449 58
3450 61
3451 52
3452 10
3453 20
3454 16
3455 56
3456 38
3457 15
3458 46
3459 36
3460 63
3461 53
3462 51
3463 70
3464 17
3465 52
3466 59
3467 55
3468 54
3469 31
3470 11
3471 45
3472 44
3473 70
3474 13
3475 59
3476 18
3477 25
3478 28
3479 26
3480 54
3481 17
3482 65
3483 29
3484 74
3485 3
3486 46
3487 2
3488 4
3489 18
3490 71
3491 69
3492 41
3493 14
3494 59
3495 57
3496 3
3497 16
3498 57
3499 70
3500 45
3501 19
3502 8
3503 43
3504 48
3505 43
3506 2
3507 39
3508 24
3509 38
3510 20
3511 61
3512 61
3513 47
3514 1
3515 34
3516 31
3517 12
3518 70
3519 14
3520 62
3521 1
3522 69
3523 21
3524 7
3525 17
3526 5
3527 29
3528 21
3529 3
3530 17
3531 63
3532 10
3533 66
3534 28
3535 73
3536 53
3537 61
3538 59
3539 11
3540 25
3541 19
3542 55
3543 5
3544 23
3545 31
3546 68
3547 21
3548 42
3549 75
3550 53
3551 50
3552 67
3553 8
3554 33
3555 26
3556 66
3557 40
3558 72
3559 19
3560 65
3561 42
3562 18
3563 65
3564 67
3565 28
3566 31
3567 49
3568 71
3569 69
3570 28
3571 50
3572 48
3573 45
3574 2
3575 4
3576 43
3577 11
3578 31
3579 22
3580 47
3581 53
3582 11
3583 25
3584 62
3585 66
3586 11
3587 26
3588 44
3589 63
3590 72
3591 55
3592 65
3593 62
3594 71
3595 5
3596 16
3597 27
3598 6
3599 29
3600 56
3601 76
3602 4
3603 39
3604 31
3605 5
3606 16
3607 71
3608 68
3609 14
3610 40
3611 15
3612 75
3613 17
3614 1
3615 5
3616 54
3617 31
3618 33
3619 5
3620 15
3621 69
3622 54
3623 29
3624 16
3625 12
3626 51
3627 73
3628 72
3629 10
3630 55
3631 59
3632 46
3633 75
3634 6
3635 69
3636 22
3637 35
3638 53
3639 75
3640 14
3641 55
3642 40
3643 18
3644 35
3645 64
3646 39
3647 28
3648 17
3649 31
3650 17
3651 7
3652 14
3653 39
3654 29
3655 22
3656 31
3657 16
3658 40
3659 60
3660 11
3661 76
3662 25
3663 20
3664 34
3665 3
3666 20
3667 1
3668 1
3669 11
3670 53
3671 33
3672 56
3673 21
3674 66
3675 19
3676 18
3677 42
3678 42
3679 54
3680 55
3681 31
3682 42
3683 2
3684 72
3685 74
3686 13
3687 16
3688 24
3689 1
3690 27
3691 57
3692 59
3693 59
3694 6
3695 75
3696 61
3697 57
3698 15
3699 5
3700 12
3701 24
3702 55
3703 46
3704 44
3705 59
3706 27
3707 71
3708 55
3709 21
3710 46
3711 56
3712 13
3713 15
3714 38
3715 66
3716 69
3717 52
3718 13
3719 8
3720 67
3721 76
3722 54
3723 71
3724 6
3725 42
3726 4
3727 74
3728 47
3729 76
3730 63
3731 6
3732 10
3733 9
3734 62
3735 17
3736 34
3737 57
3738 10
3739 37
3740 34
3741 33
3742 28
3743 67
3744 75
3745 42
3746 52
3747 69
3748 71
3749 47
3750 21
3751 69
3752 7
3753 66
3754 59
3755 74
3756 16
3757 2
3758 73
3759 31
3760 1
3761 18
3762 70
3763 44
3764 69
3765 54
3766 33
3767 49
3768 65
3769 37
3770 76
3771 67
3772 45
3773 54
3774 59
3775 42
3776 66
3777 65
3778 7
3779 31
3780 44
3781 41
3782 10
3783 8
3784 73
3785 39
3786 33
3787 53
3788 57
3789 39
3790 36
3791 47
3792 73
3793 3
3794 65
3795 7
3796 63
3797 39
3798 7
3799 61
3800 64
3801 11
3802 70
3803 70
3804 29
3805 22
3806 28
3807 74
3808 6
3809 25
3810 7
3811 53
3812 15
3813 53
3814 24
3815 48
3816 45
3817 56
3818 43
3819 51
3820 32
3821 62
3822 4
3823 63
3824 36
3825 13
3826 47
3827 32
3828 19
3829 9
3830 38
3831 37
3832 74
3833 54
3834 6
3835 54
3836 63
3837 42
3838 43
3839 58
3840 63
3841 15
3842 75
3843 43
3844 9
3845 67
3846 73
3847 12
3848 47
3849 4
3850 75
3851 4
3852 14
3853 1
3854 28
3855 75
3856 62
3857 42
3858 47
3859 5
3860 8
3861 35
3862 15
3863 38
3864 37
3865 74
3866 17
3867 10
3868 64
3869 73
3870 69
3871 12
3872 13
3873 36
3874 47
3875 48
3876 38
3877 15
3878 37
3879 36
3880 43
3881 2
3882 20
3883 7
3884 75
3885 24
3886 10
3887 29
3888 23
3889 29
3890 40
3891 42
3892 14
3893 51
3894 11
3895 67
3896 52
3897 26
3898 10
3899 68
3900 70
3901 26
3902 49
3903 4
3904 59
3905 63
3906 51
3907 47
3908 17
3909 50
3910 28
3911 12
3912 57
3913 53
3914 28
3915 71
3916 50
3917 52
3918 65
3919 14
3920 9
3921 42
3922 27
3923 47
3924 48
3925 32
3926 70
3927 51
3928 51
3929 72
3930 76
3931 26
3932 65
3933 75
3934 36
3935 72
3936 53
3937 33
3938 66
3939 40
3940 43
3941 48
3942 37
3943 67
3944 76
3945 22
3946 50
3947 70
3948 18
3949 45
3950 9
3951 15
3952 4
3953 73
3954 7
3955 18
3956 73
3957 28
3958 35
3959 43
3960 66
3961 4
3962 29
3963 48
3964 47
3965 47
3966 53
3967 63
3968 12
3969 40
3970 50
3971 36
3972 71
3973 61
3974 9
3975 67
3976 29
3977 42
3978 75
3979 54
3980 18
3981 59
3982 5
3983 1
3984 68
3985 68
3986 43
3987 5
3988 9
3989 38
3990 16
3991 71
3992 69
3993 10
3994 26
3995 17
3996 2
3997 74
3998 65
3999 74
4000 22
4001 58
4002 4
4003 70
4004 33
4005 71
4006 22
4007 11
4008 12
4009 21
4010 43
4011 70
4012 8
4013 54
4014 36
4015 18
4016 60
4017 36
4018 30
4019 34
4020 4
4021 1
4022 31
4023 43
4024 47
4025 37
4026 61
4027 31
4028 33
4029 60
4030 10
4031 70
4032 22
4033 59
4034 53
4035 4
4036 65
4037 61
4038 49
4039 31
4040 15
4041 34
4042 59
4043 12
4044 15
4045 43
4046 29
4047 16
4048 2
4049 47
4050 58
4051 16
4052 66
4053 33
4054 53
4055 5
4056 20
4057 10
4058 75
4059 34
4060 47
4061 47
4062 23
4063 7
4064 7
4065 10
4066 13
4067 1
4068 30
4069 4
4070 42
4071 28
4072 26
4073 37
4074 36
4075 9
4076 22
4077 14
4078 7
4079 43
4080 43
4081 45
4082 9
4083 66
4084 50
4085 47
4086 19
4087 27
4088 45
4089 68
4090 70
4091 12
4092 75
4093 74
4094 44
4095 6
4096 5
4097 28
4098 36
4099 65
4100 65
4101 74
4102 19
4103 20
4104 1
4105 10
4106 57
4107 53
4108 71
4109 48
4110 20
4111 1
4112 58
4113 50
4114 4
4115 45
4116 28
4117 13
4118 16
4119 9
4120 35
4121 63
4122 34
4123 50
4124 31
4125 43
4126 16
4127 70
4128 32
4129 42
4130 10
4131 16
4132 74
4133 11
4134 37
4135 18
4136 24
4137 36
4138 25
4139 24
4140 64
4141 47
4142 61
4143 36
4144 24
4145 19
4146 19
4147 74
4148 20
4149 31
4150 43
4151 39
4152 22
4153 28
4154 14
4155 35
4156 38
4157 1
4158 75
4159 20
4160 4
4161 26
4162 13
4163 17
4164 37
4165 34
4166 56
4167 50
4168 47
4169 33
4170 58
4171 61
4172 2
4173 36
4174 12
4175 55
4176 1
4177 12
4178 3
4179 39
4180 37
4181 40
4182 39
4183 70
4184 43
4185 28
4186 8
4187 4
4188 22
4189 65
4190 33
4191 19
4192 20
4193 19
4194 3
4195 50
4196 44
4197 61
4198 65
4199 47
4200 36
4201 45
4202 61
4203 46
4204 6
4205 56
4206 19
4207 39
4208 15
4209 21
4210 6
4211 47
4212 29
4213 67
4214 4
4215 35
4216 35
4217 49
4218 17
4219 6
4220 70
4221 11
4222 52
4223 75
4224 33
4225 75
4226 15
4227 14
4228 29
4229 17
4230 70
4231 26
4232 26
4233 53
4234 43
4235 67
4236 71
4237 12
4238 61
4239 22
4240 33
4241 72
4242 35
4243 38
4244 14
4245 63
4246 7
4247 50
4248 3
4249 72
4250 33
4251 65
4252 58
4253 75
4254 9
4255 8
4256 60
4257 47
4258 31
4259 19
4260 45
4261 19
4262 42
4263 76
4264 7
4265 38
4266 43
4267 10
4268 36
4269 5
4270 33
4271 65
4272 23
4273 9
4274 39
4275 9
4276 39
4277 68
4278 12
4279 48
4280 74
4281 68
4282 32
4283 60
4284 39
4285 52
4286 65
4287 58
4288 53
4289 42
4290 14
4291 30
4292 1
4293 73
4294 58
4295 21
4296 31
4297 54
4298 12
4299 59
4300 15
4301 5
4302 59
4303 28
4304 43
4305 26
4306 73
4307 51
4308 31
4309 20
4310 67
4311 51
4312 27
4313 35
4314 25
4315 67
4316 7
4317 74
4318 46
4319 26
4320 49
4321 41
4322 8
4323 7
4324 6
4325 52
4326 55
4327 29
4328 38
4329 67
4330 51
4331 35
4332 7
4333 65
4334 14
4335 7
4336 70
4337 26
4338 17
4339 10
4340 68
4341 35
4342 47
4343 59
4344 50
4345 50
4346 24
4347 23
4348 30
4349 20
4350 12
4351 65
4352 25
4353 40
4354 76
4355 2
4356 47
4357 54
4358 69
4359 7
4360 18
4361 31
4362 3
4363 71
4364 65
4365 28
4366 20
4367 15
4368 18
4369 53
4370 69
4371 42
4372 25
4373 54
4374 2
4375 52
4376 21
4377 54
4378 25
4379 36
4380 60
4381 34
4382 52
4383 21
4384 27
4385 16
4386 28
4387 18
4388 48
4389 41
4390 19
4391 68
4392 71
4393 7
4394 1
4395 33
4396 9
4397 53
4398 54
4399 41
4400 26
4401 9
4402 3
4403 40
4404 31
4405 34
4406 34
4407 39
4408 65
4409 59
4410 69
4411 8
4412 55
4413 49
4414 29
4415 34
4416 37
4417 28
4418 2
4419 56
4420 47
4421 37
4422 43
4423 28
4424 20
4425 4
4426 9
4427 46
4428 36
4429 54
4430 50
4431 76
4432 65
4433 8
4434 17
4435 18
4436 58
4437 16
4438 68
4439 18
4440 50
4441 51
4442 30
4443 11
4444 38
4445 9
4446 47
4447 54
4448 35
4449 40
4450 72
4451 70
4452 8
4453 8
4454 66
4455 49
4456 33
4457 67
4458 31
4459 7
4460 10
4461 36
4462 1
4463 75
4464 52
4465 51
4466 38
4467 64
4468 61
4469 62
4470 32
4471 29
4472 28
4473 28
4474 36
4475 27
4476 66
4477 52
4478 49
4479 15
4480 69
4481 65
4482 52
4483 35
4484 66
4485 24
4486 1
4487 25
4488 59
4489 27
4490 67
4491 30
4492 40
4493 72
4494 56
4495 7
4496 50
4497 75
4498 49
4499 50
4500 18
4501 38
4502 75
4503 12
4504 4
4505 20
4506 33
4507 75
4508 21
4509 66
4510 35
4511 3
4512 11
4513 49
4514 19
4515 25
4516 73
4517 66
4518 39
4519 75
4520 25
4521 1
4522 34
4523 66
4524 50
4525 61
4526 32
4527 47
4528 63
4529 47
4530 30
4531 69
4532 63
4533 7
4534 65
4535 54
4536 33
4537 35
4538 40
4539 28
4540 18
4541 40
4542 20
4543 27
4544 5
4545 15
4546 67
4547 22
4548 39
4549 56
4550 32
4551 14
4552 51
4553 40
4554 54
4555 76
4556 20
4557 22
4558 18
4559 32
4560 68
4561 47
4562 4
4563 7
4564 69
4565 30
4566 75
4567 23
4568 67
4569 34
4570 40
4571 35
4572 39
4573 57
4574 69
4575 54
4576 30
4577 24
4578 26
4579 12
4580 16
4581 24
4582 73
4583 72
4584 34
4585 9
4586 31
4587 42
4588 28
4589 18
4590 47
4591 33
4592 28
4593 38
4594 12
4595 66
4596 75
4597 44
4598 7
4599 64
4600 45
4601 66
4602 18
4603 64
4604 43
4605 40
4606 19
4607 25
4608 11
4609 22
4610 19
4611 72
4612 2
4613 73
4614 62
4615 22
4616 33
4617 3
4618 2
4619 27
4620 33
4621 68
4622 25
4623 55
4624 35
4625 68
4626 2
4627 11
4628 14
4629 60
4630 69
4631 25
4632 65
4633 20
4634 32
4635 66
4636 73
4637 6
4638 47
4639 12
4640 8
4641 5
4642 61
4643 30
4644 66
4645 47
4646 57
4647 16
4648 20
4649 7
4650 45
4651 65
4652 60
4653 25
4654 55
4655 11
4656 10
4657 25
4658 25
4659 29
4660 18
4661 69
4662 69
4663 76
4664 25
4665 1
4666 28
4667 72
4668 58
4669 21
4670 9
4671 43
4672 65
4673 42
4674 63
4675 62
4676 1
4677 39
4678 35
4679 43
4680 38
4681 60
4682 60
4683 2
4684 6
4685 41
4686 68
4687 26
4688 35
4689 1
4690 12
4691 48
4692 64
4693 64
4694 56
4695 35
4696 42
4697 6
4698 11
4699 3
4700 71
4701 25
4702 30
4703 22
4704 32
4705 56
4706 35
4707 66
4708 22
4709 2
4710 14
4711 42
4712 2
4713 37
4714 38
4715 27
4716 34
4717 66
4718 23
4719 25
4720 66
4721 65
4722 41
4723 10
4724 62
4725 22
4726 49
4727 30
4728 17
4729 34
4730 23
4731 73
4732 75
4733 20
4734 14
4735 26
4736 34
4737 21
4738 4
4739 56
4740 71
4741 31
4742 66
4743 20
4744 14
4745 20
4746 72
4747 9
4748 53
4749 23
4750 63
4751 35
4752 71
4753 24
4754 59
4755 14
4756 47
4757 34
4758 55
4759 39
4760 8
4761 64
4762 2
4763 57
4764 8
4765 42
4766 12
4767 70
4768 66
4769 17
4770 11
4771 53
4772 22
4773 6
4774 69
4775 67
4776 18
4777 8
4778 39
4779 4
4780 28
4781 60
4782 32
4783 50
4784 24
4785 56
4786 67
4787 15
4788 74
4789 65
4790 44
4791 37
4792 71
4793 39
4794 3
4795 6
4796 67
4797 20
4798 55
4799 51
4800 34
4801 73
4802 45
4803 18
4804 57
4805 15
4806 72
4807 38
4808 20
4809 14
4810 39
4811 31
4812 48
4813 19
4814 58
4815 13
4816 58
4817 64
4818 73
4819 39
4820 40
4821 8
4822 38
4823 49
4824 12
4825 20
4826 50
4827 38
4828 47
4829 60
4830 8
4831 69
4832 44
4833 34
4834 32
4835 5
4836 59
4837 36
4838 4
4839 25
4840 25
4841 61
4842 47
4843 6
4844 11
4845 66
4846 5
4847 63
4848 32
4849 63
4850 34
4851 44
4852 66
4853 65
4854 49
4855 37
4856 68
4857 68
4858 33
4859 35
4860 14
4861 23
4862 39
4863 25
4864 76
4865 56
4866 12
4867 25
4868 35
4869 42
4870 76
4871 53
4872 24
4873 73
4874 11
4875 23
4876 11
4877 69
4878 32
4879 10
4880 8
4881 7
4882 8
4883 54
4884 19
4885 55
4886 47
4887 42
4888 68
4889 19
4890 58
4891 6
4892 50
4893 16
4894 42
4895 35
4896 12
4897 50
4898 11
4899 39
4900 18
4901 63
4902 41
4903 57
4904 44
4905 69
4906 35
4907 52
4908 11
4909 31
4910 61
4911 72
4912 25
4913 56
4914 38
4915 40
4916 3
4917 64
4918 54
4919 35
4920 43
4921 70
4922 31
4923 43
4924 35
4925 16
4926 20
4927 35
4928 5
4929 11
4930 62
4931 31
4932 71
4933 14
4934 74
4935 63
4936 24
4937 20
4938 31
4939 52
4940 21
4941 65
4942 66
4943 6
4944 47
4945 19
4946 60
4947 34
4948 51
4949 68
4950 47
4951 2
4952 20
4953 46
4954 42
4955 58
4956 66
4957 18
4958 28
4959 34
4960 8
4961 56
4962 18
4963 71
4964 35
4965 52
4966 9
4967 64
4968 47
4969 22
4970 20
4971 41
4972 30
4973 59
4974 48
4975 18
4976 35
4977 70
4978 47
4979 4
4980 55
4981 14
4982 14
4983 45
4984 56
4985 69
4986 53
4987 59
4988 42
4989 10
4990 52
4991 75
4992 27
4993 42
4994 57
4995 19
4996 3
4997 35
4998 56
4999 74
5000 58
5001 56
5002 24
5003 25
5004 39
5005 40
5006 36
5007 36
5008 53
5009 67
5010 8
5011 21
5012 5
5013 68
5014 42
5015 29
5016 51
5017 50
5018 7
5019 60
5020 30
5021 15
5022 12
5023 19
5024 52
5025 19
5026 44
5027 12
5028 36
5029 3
5030 14
5031 38
5032 30
5033 66
5034 68
5035 17
5036 39
5037 39
5038 52
5039 45
5040 12
5041 5
5042 52
5043 58
5044 48
5045 12
5046 4
5047 37
5048 75
5049 27
5050 56
5051 61
5052 60
5053 33
5054 35
5055 28
5056 28
5057 57
5058 62
5059 75
5060 36
5061 18
5062 31
5063 4
5064 62
5065 27
5066 57
5067 20
5068 68
5069 43
5070 40
5071 10
5072 70
5073 37
5074 50
5075 4
5076 69
5077 76
5078 66
5079 31
5080 75
5081 20
5082 13
5083 75
5084 48
5085 29
5086 8
5087 8
5088 74
5089 74
5090 63
5091 1
5092 8
5093 34
5094 33
5095 72
5096 53
5097 73
5098 55
5099 1
5100 70
5101 73
5102 21
5103 71
5104 14
5105 47
5106 46
5107 24
5108 54
5109 36
5110 9
5111 60
5112 45
5113 35
5114 6
5115 41
5116 33
5117 43
5118 54
5119 4
5120 41
5121 32
5122 14
5123 71
5124 58
5125 44
5126 67
5127 7
5128 6
5129 25
5130 65
5131 13
5132 40
5133 39
5134 30
5135 70
5136 50
5137 2
5138 73
5139 25
5140 35
5141 75
5142 69
5143 42
5144 21
5145 30
5146 22
5147 64
5148 36
5149 35
5150 69
5151 22
5152 73
5153 51
5154 5
5155 19
5156 58
5157 43
5158 50
5159 72
5160 67
5161 46
5162 58
5163 16
5164 54
5165 12
5166 39
5167 66
5168 19
5169 52
5170 70
5171 1
5172 56
5173 70
5174 31
5175 66
5176 2
5177 46
5178 48
5179 11
5180 19
5181 14
5182 44
5183 5
5184 73
5185 70
5186 48
5187 53
5188 29
5189 68
5190 33
5191 25
5192 54
5193 25
5194 25
5195 67
5196 14
5197 40
5198 61
5199 11
5200 1
5201 52
5202 10
5203 61
5204 16
5205 74
5206 62
5207 8
5208 4
5209 8
5210 66
5211 33
5212 56
5213 25
5214 37
5215 71
5216 65
5217 61
5218 44
5219 68
5220 57
5221 73
5222 73
5223 73
5224 45
5225 53
5226 51
5227 11
5228 31
5229 28
5230 16
5231 26
5232 15
5233 76
5234 50
5235 55
5236 7
5237 63
5238 17
5239 22
5240 71
5241 16
5242 72
5243 65
5244 22
5245 12
5246 1
5247 65
5248 46
5249 69
5250 7
5251 11
5252 55
5253 19
5254 7
5255 42
5256 64
5257 52
5258 23
5259 9
5260 40
5261 66
5262 76
5263 12
5264 46
5265 18
5266 51
5267 40
5268 58
5269 47
5270 67
5271 42
5272 2
5273 54
5274 75
5275 25
5276 9
5277 51
5278 26
5279 71
5280 57
5281 6
5282 42
5283 29
5284 21
5285 49
5286 16
5287 16
5288 67
5289 45
5290 35
5291 20
5292 43
5293 4
5294 25
5295 48
5296 14
5297 44
5298 48
5299 63
5300 24
5301 12
5302 4
5303 76
5304 76
5305 20
5306 9
5307 22
5308 26
5309 8
5310 76
5311 68
5312 33
5313 71
5314 30
5315 35
5316 66
5317 68
5318 32
5319 42
5320 15
5321 17
5322 65
5323 76
5324 20
5325 69
5326 39
5327 53
5328 74
5329 35
5330 44
5331 41
5332 68
5333 67
5334 12
5335 49
5336 52
5337 6
5338 75
5339 24
5340 64
5341 29
5342 64
5343 1
5344 69
5345 4
5346 47
5347 45
5348 45
5349 38
5350 38
5351 37
5352 58
5353 35
5354 62
5355 51
5356 38
5357 24
5358 60
5359 14
5360 19
5361 18
5362 12
5363 23
5364 65
5365 56
5366 20
5367 6
5368 45
5369 34
5370 34
5371 15
5372 73
5373 43
5374 32
5375 66
5376 70
5377 4
5378 19
5379 75
5380 56
5381 62
5382 71
5383 38
5384 35
5385 10
5386 33
5387 65
5388 40
5389 30
5390 20
5391 35
5392 64
5393 58
5394 58
5395 50
5396 29
5397 29
5398 8
5399 22
5400 66
5401 34
5402 3
5403 20
5404 34
5405 2
5406 27
5407 7
5408 40
5409 60
5410 53
5411 18
5412 45
5413 72
5414 24
5415 4
5416 55
5417 48
5418 20
5419 48
5420 51
5421 7
5422 56
5423 25
5424 53
5425 9
5426 18
5427 35
5428 75
5429 27
5430 38
5431 51
5432 75
5433 60
5434 52
5435 51
5436 71
5437 49
5438 13
5439 74
5440 64
5441 33
5442 75
5443 44
5444 64
5445 45
5446 65
5447 71
5448 28
5449 3
5450 39
5451 48
5452 22
5453 16
5454 39
5455 29
5456 66
5457 13
5458 4
5459 14
5460 25
5461 14
5462 30
5463 61
5464 56
5465 19
5466 62
5467 33
5468 8
5469 66
5470 75
5471 36
5472 20
5473 14
5474 52
5475 8
5476 31
5477 1
5478 34
5479 76
5480 72
5481 32
5482 71
5483 16
5484 73
5485 69
5486 11
5487 45
5488 40
5489 68
5490 7
5491 16
5492 31
5493 49
5494 53
5495 54
5496 7
5497 14
5498 10
5499 18
5500 62
5501 29
5502 29
5503 42
5504 8
5505 56
5506 24
5507 14
5508 17
5509 32
5510 71
5511 20
5512 61
5513 26
5514 4
5515 46
5516 71
5517 1
5518 73
5519 59
5520 26
5521 37
5522 63
5523 34
5524 51
5525 49
5526 9
5527 9
5528 7
5529 64
5530 25
5531 52
5532 22
5533 52
5534 59
5535 23
5536 56
5537 1
5538 48
5539 32
5540 39
5541 42
5542 6
5543 14
5544 48
5545 59
5546 58
5547 2
5548 10
5549 38
5550 7
5551 12
5552 45
5553 57
5554 21
5555 10
5556 67
5557 17
5558 53
5559 19
5560 41
5561 7
5562 39
5563 59
5564 42
5565 50
5566 40
5567 49
5568 29
5569 19
5570 66
5571 32
5572 17
5573 65
5574 61
5575 48
5576 18
5577 11
5578 25
5579 57
5580 9
5581 7
5582 63
5583 58
5584 48
5585 13
5586 57
5587 67
5588 27
5589 62
5590 12
5591 52
5592 19
5593 6
5594 72
5595 14
5596 67
5597 57
5598 63
5599 20
5600 74
5601 20
5602 35
5603 51
5604 53
5605 57
5606 55
5607 16
5608 75
5609 71
5610 12
5611 40
5612 15
5613 34
5614 22
5615 69
5616 57
5617 43
5618 6
5619 20
5620 7
5621 53
5622 36
5623 13
5624 9
5625 32
5626 58
5627 20
5628 38
5629 2
5630 64
5631 17
5632 51
5633 61
5634 71
5635 75
5636 65
5637 51
5638 58
5639 39
5640 64
5641 25
5642 55
5643 6
5644 6
5645 45
5646 65
5647 27
5648 6
5649 35
5650 43
5651 69
5652 16
5653 34
5654 74
5655 37
5656 14
5657 72
5658 59
5659 2
5660 35
5661 1
5662 18
5663 44
5664 47
5665 28
5666 72
5667 28
5668 42
5669 12
5670 18
5671 6
5672 34
5673 65
5674 46
5675 50
5676 20
5677 28
5678 68
5679 37
5680 40
5681 54
5682 73
5683 1
5684 20
5685 50
5686 48
5687 40
5688 47
5689 14
5690 21
5691 59
5692 66
5693 36
5694 47
5695 2
5696 16
5697 62
5698 29
5699 7
5700 22
5701 43
5702 3
5703 25
5704 18
5705 20
5706 31
5707 18
5708 14
5709 60
5710 16
5711 75
5712 41
5713 19
5714 10
5715 26
5716 6
5717 38
5718 42
5719 56
5720 7
5721 39
5722 6
5723 1
5724 22
5725 48
5726 44
5727 52
5728 29
5729 74
5730 75
5731 42
5732 59
5733 29
5734 23
5735 11
5736 14
5737 59
5738 42
5739 49
5740 36
5741 65
5742 40
5743 39
5744 37
5745 15
5746 11
5747 45
5748 46
5749 69
5750 70
5751 61
5752 45
5753 57
5754 68
5755 29
5756 15
5757 30
5758 45
5759 52
5760 46
5761 34
5762 11
5763 11
5764 17
5765 18
5766 54
5767 20
5768 42
5769 6
5770 13
5771 4
5772 52
5773 16
5774 48
5775 44
5776 36
5777 47
5778 42
5779 65
5780 64
5781 47
5782 25
5783 9
5784 73
5785 70
5786 31
5787 76
5788 64
5789 37
5790 18
5791 15
5792 34
5793 23
5794 27
5795 66
5796 48
5797 51
5798 30
5799 56
5800 67
5801 24
5802 42
5803 19
5804 64
5805 10
5806 66
5807 66
5808 23
5809 67
5810 4
5811 18
5812 11
5813 34
5814 40
5815 5
5816 15
5817 41
5818 63
5819 4
5820 67
5821 13
5822 32
5823 19
5824 73
5825 1
5826 29
5827 51
5828 62
5829 22
5830 39
5831 40
5832 14
5833 15
5834 24
5835 24
5836 2
5837 7
5838 20
5839 7
5840 42
5841 9
5842 39
5843 37
5844 24
5845 36
5846 76
5847 45
5848 53
5849 71
5850 23
5851 64
5852 16
5853 3
5854 51
5855 1
5856 20
5857 45
5858 19
5859 58
5860 26
5861 41
5862 29
5863 67
5864 59
5865 66
5866 31
5867 66
5868 28
5869 33
5870 49
5871 6
5872 7
5873 7
5874 15
5875 5
5876 27
5877 13
5878 41
5879 66
5880 28
5881 10
5882 75
5883 19
5884 5
5885 73
5886 35
5887 64
5888 10
5889 73
5890 23
5891 70
5892 27
5893 35
5894 74
5895 35
5896 39
5897 59
5898 74
5899 42
5900 56
5901 46
5902 57
5903 72
5904 55
5905 28
5906 11
5907 38
5908 5
5909 42
5910 34
5911 33
5912 9
5913 60
5914 6
5915 28
5916 41
5917 26
5918 72
5919 27
5920 53
5921 65
5922 57
5923 8
5924 34
5925 3
5926 6
5927 10
5928 48
5929 33
5930 74
5931 74
5932 5
5933 29
5934 55
5935 65
5936 37
5937 2
5938 30
5939 52
5940 24
5941 12
5942 36
5943 70
5944 46
5945 40
5946 42
5947 55
5948 46
5949 28
5950 35
5951 51
5952 66
5953 6
5954 60
5955 39
5956 3
5957 6
5958 6
5959 5
5960 29
5961 60
5962 73
5963 38
5964 4
5965 11
5966 43
5967 37
5968 26
5969 55
5970 4
5971 35
5972 73
5973 7
5974 66
5975 69
5976 19
5977 41
5978 33
5979 7
5980 23
5981 62
5982 28
5983 14
5984 2
5985 70
5986 19
5987 63
5988 59
5989 4
5990 21
5991 49
5992 70
5993 76
5994 42
5995 22
5996 51
5997 76
5998 74
5999 42
6000 12
6001 14
6002 58
6003 4
6004 76
6005 56
6006 28
6007 23
6008 58
6009 73
6010 38
6011 53
6012 43
6013 41
6014 33
6015 57
6016 17
6017 47
6018 70
6019 70
6020 24
6021 45
6022 55
6023 38
6024 74
6025 39
6026 70
6027 52
6028 60
6029 47
6030 52
6031 46
6032 60
6033 11
6034 8
6035 15
6036 1
6037 3
6038 64
6039 76
6040 65
6041 39
6042 54
6043 59
6044 75
6045 19
6046 33
6047 25
6048 75
6049 38
6050 42
6051 65
6052 69
6053 3
6054 17
6055 51
6056 34
6057 59
6058 13
6059 33
6060 20
6061 43
6062 42
6063 66
6064 18
6065 58
6066 44
6067 9
6068 52
6069 56
6070 36
6071 69
6072 44
6073 24
6074 63
6075 33
6076 33
6077 9
6078 45
6079 70
6080 28
6081 29
6082 34
6083 47
6084 17
6085 25
6086 31
6087 16
6088 60
6089 29
6090 8
6091 22
6092 50
6093 28
6094 28
6095 69
6096 45
6097 21
6098 36
6099 47
6100 53
6101 62
6102 2
6103 39
6104 68
6105 2
6106 47
6107 41
6108 20
6109 75
6110 73
6111 71
6112 14
6113 56
6114 59
6115 13
6116 54
6117 40
6118 71
6119 3
6120 73
6121 66
6122 19
6123 42
6124 49
6125 72
6126 76
6127 17
6128 35
6129 27
6130 51
6131 41
6132 30
6133 18
6134 20
6135 49
6136 11
6137 32
6138 54
6139 55
6140 17
6141 49
6142 48
6143 3
6144 35
6145 43
6146 4
6147 44
6148 1
6149 7
6150 52
6151 14
6152 65
6153 10
6154 39
6155 61
6156 26
6157 20
6158 7
6159 52
6160 35
6161 63
6162 22
6163 25
6164 13
6165 16
6166 63
6167 39
6168 33
6169 37
6170 19
6171 9
6172 26
6173 70
6174 48
6175 47
6176 36
6177 60
6178 14
6179 14
6180 50
6181 57
6182 19
6183 37
6184 55
6185 25
6186 11
6187 33
6188 17
6189 23
6190 53
6191 61
6192 25
6193 55
6194 5
6195 61
6196 63
6197 41
6198 75
6199 24
6200 15
6201 15
6202 69
6203 33
6204 18
6205 2
6206 40
6207 17
6208 42
6209 54
6210 55
6211 65
6212 44
6213 3
6214 6
6215 67
6216 66
6217 4
6218 72
6219 65
6220 10
6221 27
6222 76
6223 62
6224 61
6225 73
6226 9
6227 14
6228 72
6229 8
6230 23
6231 64
6232 55
6233 18
6234 12
6235 72
6236 36
6237 44
6238 74
6239 58
6240 52
6241 11
6242 4
6243 20
6244 3
6245 63
6246 76
6247 29
6248 57
6249 70
6250 62
6251 14
6252 1
6253 39
6254 64
6255 45
6256 65
6257 27
6258 68
6259 8
6260 5
6261 51
6262 50
6263 38
6264 4
6265 31
6266 36
6267 43
6268 46
6269 10
6270 35
6271 41
6272 20
6273 57
6274 19
6275 41
6276 11
6277 15
6278 68
6279 51
6280 49
6281 39
6282 45
6283 27
6284 43
6285 49
6286 48
6287 71
6288 53
6289 7
6290 53
6291 41
6292 37
6293 14
6294 30
6295 12
6296 29
6297 64
6298 33
6299 4
6300 9
6301 44
6302 47
6303 64
6304 70
6305 39
6306 48
6307 29
6308 49
6309 32
6310 21
6311 15
6312 25
6313 35
6314 17
6315 10
6316 68
6317 60
6318 76
6319 11
6320 14
6321 57
6322 71
6323 67
6324 74
6325 51
6326 15
6327 2
6328 33
6329 76
6330 18
6331 66
6332 52
6333 18
6334 42
6335 76
6336 1
6337 49
6338 18
6339 17
6340 20
6341 66
6342 30
6343 46
6344 72
6345 75
6346 54
6347 71
6348 68
6349 65
6350 2
6351 2
6352 69
6353 73
6354 20
6355 24
6356 5
6357 47
6358 65
6359 12
6360 40
6361 21
6362 68
6363 48
6364 74
6365 70
6366 26
6367 74
6368 68
6369 48
6370 69
6371 20
6372 30
6373 5
6374 40
6375 75
6376 26
6377 18
6378 7
6379 3
6380 16
6381 31
6382 16
6383 44
6384 14
6385 16
6386 42
6387 15
6388 49
6389 67
6390 53
6391 68
6392 12
6393 38
6394 61
6395 16
6396 45
6397 42
6398 4
6399 72
6400 45
6401 54
6402 28
6403 52
6404 26
6405 75
6406 11
6407 70
6408 39
6409 13
6410 5
6411 10
6412 69
6413 51
6414 61
6415 38
6416 71
6417 31
6418 44
6419 65
6420 42
6421 33
6422 44
6423 14
6424 64
6425 62
6426 72
6427 34
6428 60
6429 14
6430 2
6431 36
6432 56
6433 62
6434 36
6435 36
6436 71
6437 65
6438 7
6439 50
6440 52
6441 39
6442 35
6443 76
6444 49
6445 26
6446 50
6447 3
6448 20
6449 70
6450 16
6451 51
6452 57
6453 49
6454 18
6455 18
6456 16
6457 42
6458 53
6459 23
6460 37
6461 51
6462 15
6463 64
6464 69
6465 45
6466 44
6467 67
6468 46
6469 27
6470 21
6471 50
6472 49
6473 61
6474 23
6475 3
6476 24
6477 74
6478 43
6479 58
6480 59
6481 5
6482 20
6483 74
6484 39
6485 17
6486 33
6487 44
6488 38
6489 2
6490 73
6491 71
6492 21
6493 48
6494 10
6495 26
6496 73
6497 5
6498 22
6499 75
6500 8
6501 9
6502 48
6503 11
6504 18
6505 49
6506 39
6507 25
6508 4
6509 60
6510 42
6511 43
6512 74
6513 33
6514 52
6515 18
6516 47
6517 63
6518 19
6519 28
6520 63
6521 23
6522 43
6523 24
6524 19
6525 65
6526 59
6527 45
6528 62
6529 6
6530 7
6531 7
6532 2
6533 49
6534 21
6535 49
6536 71
6537 49
6538 55
6539 30
6540 52
6541 10
6542 28
6543 74
6544 5
6545 65
6546 39
6547 26
6548 62
6549 23
6550 38
6551 64
6552 71
6553 36
6554 16
6555 16
6556 33
6557 16
6558 58
6559 61
6560 35
6561 36
6562 69
6563 65
6564 32
6565 24
6566 37
6567 8
6568 73
6569 14
6570 5
6571 25
6572 10
6573 17
6574 66
6575 53
6576 72
6577 4
6578 67
6579 37
6580 45
6581 55
6582 69
6583 21
6584 42
6585 36
6586 51
6587 37
6588 29
6589 52
6590 6
6591 28
6592 41
6593 33
6594 27
6595 56
6596 71
6597 55
6598 49
6599 76
6600 15
6601 59
6602 56
6603 7
6604 34
6605 35
6606 36
6607 68
6608 46
6609 17
6610 63
6611 54
6612 55
6613 48
6614 66
6615 39
6616 7
6617 69
6618 42
6619 44
6620 72
6621 68
6622 64
6623 35
6624 17
6625 26
6626 43
6627 36
6628 66
6629 53
6630 59
6631 8
6632 58
6633 5
6634 54
6635 56
6636 57
6637 29
6638 25
6639 22
6640 38
6641 14
6642 18
6643 69
6644 46
6645 69
6646 47
6647 40
6648 64
6649 13
6650 8
6651 32
6652 54
6653 38
6654 30
6655 11
6656 35
6657 47
6658 12
6659 19
6660 14
6661 16
6662 65
6663 16
6664 32
6665 61
6666 23
6667 7
6668 13
6669 73
6670 67
6671 72
6672 28
6673 52
6674 65
6675 49
6676 9
6677 36
6678 76
6679 41
6680 33
6681 6
6682 37
6683 64
6684 57
6685 68
6686 35
6687 13
6688 64
6689 37
6690 29
6691 32
6692 11
6693 53
6694 5
6695 40
6696 47
6697 29
6698 63
6699 28
6700 58
6701 59
6702 15
6703 22
6704 37
6705 45
6706 56
6707 25
6708 47
6709 6
6710 70
6711 39
6712 24
6713 4
6714 29
6715 22
6716 72
6717 55
6718 54
6719 7
6720 64
6721 12
6722 75
6723 33
6724 5
6725 74
6726 54
6727 11
6728 24
6729 53
6730 49
6731 54
6732 10
6733 71
6734 45
6735 70
6736 55
6737 45
6738 71
6739 67
6740 26
6741 68
6742 12
6743 13
6744 62
6745 74
6746 67
6747 36
6748 50
6749 2
6750 15
6751 59
6752 18
6753 37
6754 20
6755 12
6756 39
6757 34
6758 53
6759 32
6760 15
6761 50
6762 8
6763 42
6764 70
6765 67
6766 33
6767 24
6768 19
6769 35
6770 71
6771 70
6772 74
6773 6
6774 56
6775 67
6776 9
6777 75
6778 19
6779 75
6780 10
6781 2
6782 67
6783 20
6784 7
6785 43
6786 72
6787 55
6788 24
6789 21
6790 4
6791 68
6792 8
6793 32
6794 22
6795 12
6796 21
6797 5
6798 34
6799 32
6800 62
6801 8
6802 34
6803 11
6804 4
6805 39
6806 4
6807 25
6808 51
6809 75
6810 26
6811 26
6812 1
6813 70
6814 37
6815 23
6816 45
6817 7
6818 49
6819 8
6820 25
6821 44
6822 72
6823 14
6824 54
6825 12
6826 21
6827 27
6828 45
6829 49
6830 36
6831 71
6832 19
6833 61
6834 3
6835 43
6836 66
6837 47
6838 69
6839 74
6840 55
6841 57
6842 55
6843 8
6844 68
6845 19
6846 53
6847 23
6848 72
6849 41
6850 1
6851 11
6852 43
6853 8
6854 54
6855 23
6856 8
6857 68
6858 71
6859 55
6860 43
6861 37
6862 31
6863 25
6864 51
6865 16
6866 74
6867 65
6868 51
6869 28
6870 15
6871 56
6872 35
6873 48
6874 62
6875 8
6876 44
6877 28
6878 57
6879 76
6880 50
6881 60
6882 74
6883 8
6884 7
6885 71
6886 56
6887 48
6888 56
6889 46
6890 70
6891 27
6892 59
6893 26
6894 1
6895 37
6896 13
6897 2
6898 42
6899 24
6900 62
6901 50
6902 9
6903 10
6904 9
6905 56
6906 39
6907 20
6908 37
6909 56
6910 40
6911 30
6912 46
6913 49
6914 26
6915 35
6916 56
6917 44
6918 8
6919 43
6920 50
6921 36
6922 32
6923 13
6924 59
6925 20
6926 3
6927 60
6928 58
6929 45
6930 18
6931 39
6932 13
6933 72
6934 75
6935 47
6936 76
6937 19
6938 69
6939 19
6940 62
6941 27
6942 74
6943 45
6944 17
6945 43
6946 43
6947 53
6948 36
6949 25
6950 16
6951 25
6952 5
6953 48
6954 67
6955 37
6956 17
6957 1
6958 13
6959 51
6960 38
6961 10
6962 60
6963 29
6964 41
6965 74
6966 21
6967 10
6968 10
6969 72
6970 56
6971 51
6972 3
6973 65
6974 8
6975 27
6976 3
6977 12
6978 5
6979 63
6980 6
6981 31
6982 54
6983 24
6984 65
6985 56
6986 22
6987 71
6988 26
6989 11
6990 72
6991 36
6992 4
6993 27
6994 3
6995 48
6996 32
6997 36
6998 63
6999 46
7000 25
7001 34
7002 61
7003 32
7004 63
7005 74
7006 4
7007 6
7008 35
7009 23
7010 36
7011 17
7012 29
7013 9
7014 52
7015 33
7016 64
7017 74
7018 20
7019 4
7020 58
7021 14
7022 28
7023 69
7024 18
7025 73
7026 41
7027 9
7028 35
7029 72
7030 66
7031 26
7032 66
7033 19
7034 33
7035 72
7036 41
7037 54
7038 68
7039 11
7040 13
7041 13
7042 23
7043 63
7044 47
7045 12
7046 44
7047 14
7048 63
7049 14
7050 36
7051 52
7052 54
7053 42
7054 65
7055 8
7056 17
7057 56
7058 28
7059 39
7060 32
7061 42
7062 43
7063 65
7064 66
7065 28
7066 18
7067 6
7068 41
7069 75
7070 54
7071 10
7072 65
7073 28
7074 41
7075 53
7076 11
7077 66
7078 38
7079 47
7080 2
7081 74
7082 36
7083 60
7084 75
7085 3
7086 68
7087 47
7088 76
7089 27
7090 62
7091 17
7092 25
7093 66
7094 2
7095 61
7096 72
7097 24
7098 17
7099 58
7100 45
7101 59
7102 66
7103 54
7104 1
7105 27
7106 39
7107 69
7108 46
7109 12
7110 36
7111 29
7112 42
7113 58
7114 61
7115 19
7116 41
7117 33
7118 41
7119 41
7120 39
7121 28
7122 75
7123 34
7124 73
7125 7
7126 47
7127 49
7128 47
7129 32
7130 37
7131 10
7132 33
7133 13
7134 53
7135 71
7136 39
7137 59
7138 47
7139 39
7140 23
7141 18
7142 6
7143 4
7144 21
7145 72
7146 60
7147 65
7148 13
7149 22
7150 53
7151 33
7152 73
7153 16
7154 48
7155 1
7156 36
7157 49
7158 52
7159 42
7160 68
7161 4
7162 29
7163 34
7164 4
7165 39
7166 53
7167 40
7168 9
7169 55
7170 55
7171 63
7172 53
7173 5
7174 68
7175 58
7176 47
7177 18
7178 58
7179 11
7180 76
7181 14
7182 41
7183 39
7184 20
7185 49
7186 49
7187 39
7188 75
7189 42
7190 41
7191 59
7192 40
7193 71
7194 2
7195 50
7196 16
7197 4
7198 59
7199 52
7200 56
7201 39
7202 44
7203 53
7204 67
7205 39
7206 48
7207 4
7208 71
7209 36
7210 4
7211 22
7212 50
7213 22
7214 33
7215 63
7216 62
7217 42
7218 55
7219 29
7220 41
7221 67
7222 40
7223 52
7224 26
7225 1
7226 59
7227 12
7228 23
7229 2
7230 13
7231 3
7232 37
7233 72
7234 33
7235 55
7236 32
7237 74
7238 72
7239 54
7240 70
7241 2
7242 38
7243 42
7244 61
7245 11
7246 69
7247 35
7248 30
7249 6
7250 54
7251 13
7252 20
7253 37
7254 34
7255 36
7256 32
7257 6
7258 32
7259 69
7260 70
7261 18
7262 67
7263 23
7264 5
7265 53
7266 35
7267 33
7268 44
7269 7
7270 15
7271 25
7272 8
7273 57
7274 45
7275 57
7276 29
7277 7
7278 65
7279 20
7280 69
7281 43
7282 1
7283 25
7284 39
7285 7
7286 1
7287 8
7288 40
7289 35
7290 27
7291 54
7292 54
7293 37
7294 16
7295 41
7296 15
7297 43
7298 54
7299 65
7300 41
7301 7
7302 14
7303 18
7304 52
7305 7
7306 71
7307 35
7308 49
7309 30
7310 37
7311 50
7312 25
7313 37
7314 29
7315 38
7316 66
7317 47
7318 54
7319 29
7320 69
7321 74
7322 57
7323 11
7324 70
7325 1
7326 38
7327 2
7328 38
7329 43
7330 15
7331 53
7332 24
7333 38
7334 19
7335 15
7336 10
7337 76
7338 4
7339 22
7340 28
7341 27
7342 47
7343 66
7344 46
7345 63
7346 53
7347 49
7348 63
7349 36
7350 61
7351 28
7352 44
7353 11
7354 26
7355 52
7356 7
7357 57
7358 42
7359 57
7360 63
7361 39
7362 15
7363 30
7364 14
7365 13
7366 49
7367 26
7368 53
7369 56
7370 42
7371 6
7372 36
7373 60
7374 24
7375 20
7376 14
7377 8
7378 25
7379 41
7380 25
7381 39
7382 58
7383 59
7384 76
7385 28
7386 21
7387 35
7388 14
7389 73
7390 59
7391 37
7392 71
7393 12
7394 42
7395 5
7396 69
7397 14
7398 7
7399 47
7400 38
7401 74
7402 63
7403 71
7404 22
7405 70
7406 66
7407 1
7408 53
7409 48
7410 5
7411 8
7412 42
7413 67
7414 51
7415 65
7416 41
7417 45
7418 36
7419 64
7420 51
7421 25
7422 55
7423 11
7424 7
7425 13
7426 20
7427 16
7428 21
7429 15
7430 44
7431 7
7432 3
7433 9
7434 64
7435 54
7436 5
7437 47
7438 14
7439 72
7440 40
7441 20
7442 18
7443 40
7444 65
7445 19
7446 48
7447 52
7448 6
7449 22
7450 2
7451 38
7452 6
7453 44
7454 70
7455 10
7456 60
7457 6
7458 6
7459 8
7460 56
7461 55
7462 46
7463 54
7464 55
7465 41
7466 37
7467 2
7468 32
7469 43
7470 66
7471 24
7472 27
7473 73
7474 9
7475 37
7476 29
7477 8
7478 60
7479 34
7480 50
7481 18
7482 66
7483 71
7484 55
7485 55
7486 61
7487 68
7488 35
7489 8
7490 10
7491 11
7492 23
7493 50
7494 42
7495 49
7496 36
7497 12
7498 60
7499 58
7500 42
7501 49
7502 50
7503 72
7504 76
7505 35
7506 52
7507 28
7508 19
7509 40
7510 27
7511 64
7512 17
7513 50
7514 68
7515 17
7516 69
7517 38
7518 38
7519 28
7520 35
7521 76
7522 49
7523 19
7524 21
7525 59
7526 41
7527 59
7528 53
7529 25
7530 37
7531 56
7532 20
7533 65
7534 70
7535 2
7536 69
7537 65
7538 70
7539 44
7540 8
7541 27
7542 58
7543 15
7544 32
7545 4
7546 67
7547 9
7548 48
7549 50
7550 22
7551 62
7552 4
7553 27
7554 10
7555 38
7556 57
7557 59
7558 66
7559 75
7560 18
7561 16
7562 44
7563 28
7564 11
7565 44
7566 37
7567 50
7568 7
7569 20
7570 67
7571 32
7572 6
7573 15
7574 74
7575 66
7576 57
7577 42
7578 75
7579 23
7580 40
7581 7
7582 20
7583 29
7584 24
7585 21
7586 71
7587 16
7588 21
7589 70
7590 5
7591 52
7592 22
7593 60
7594 70
7595 64
7596 6
7597 38
7598 60
7599 58
7600 47
7601 36
7602 25
7603 18
7604 28
7605 24
7606 2
7607 51
7608 43
7609 14
7610 33
7611 11
7612 29
7613 50
7614 50
7615 54
7616 69
7617 24
7618 25
7619 12
7620 50
7621 39
7622 22
7623 56
7624 32
7625 66
7626 36
7627 36
7628 64
7629 15
7630 37
7631 44
7632 1
7633 27
7634 35
7635 28
7636 28
7637 47
7638 49
7639 75
7640 65
7641 57
7642 72
7643 24
7644 63
7645 61
7646 27
7647 21
7648 58
7649 12
7650 73
7651 51
7652 49
7653 16
7654 43
7655 42
7656 72
7657 10
7658 73
7659 2
7660 32
7661 4
7662 16
7663 68
7664 37
7665 8
7666 58
7667 49
7668 46
7669 42
7670 35
7671 52
7672 46
7673 20
7674 7
7675 75
7676 13
7677 29
7678 29
7679 33
7680 15
7681 10
7682 67
7683 7
7684 19
7685 23
7686 24
7687 19
7688 43
7689 70
7690 29
7691 74
7692 40
7693 5
7694 44
7695 40
7696 2
7697 48
7698 39
7699 76
7700 10
7701 26
7702 71
7703 48
7704 35
7705 60
7706 76
7707 53
7708 12
7709 58
7710 63
7711 44
7712 5
7713 65
7714 42
7715 47
7716 76
7717 57
7718 26
7719 30
7720 18
7721 7
7722 36
7723 65
7724 65
7725 35
7726 67
7727 32
7728 54
7729 19
7730 29
7731 19
7732 30
7733 54
7734 39
7735 8
7736 74
7737 69
7738 7
7739 51
7740 35
7741 16
7742 45
7743 71
7744 72
7745 71
7746 3
7747 12
7748 1
7749 35
7750 23
7751 46
7752 26
7753 43
7754 54
7755 10
7756 70
7757 34
7758 15
7759 63
7760 33
7761 17
7762 2
7763 68
7764 5
7765 54
7766 42
7767 43
7768 40
7769 38
7770 42
7771 24
7772 29
7773 35
7774 18
7775 51
7776 12
7777 13
7778 41
7779 34
7780 18
7781 74
7782 59
7783 69
7784 30
7785 62
7786 73
7787 26
7788 10
7789 47
7790 45
7791 55
7792 15
7793 23
7794 20
7795 70
7796 5
7797 43
7798 47
7799 35
7800 73
7801 23
7802 8
7803 39
7804 73
7805 68
7806 75
7807 31
7808 34
7809 34
7810 58
7811 23
7812 46
7813 18
7814 47
7815 20
7816 59
7817 47
7818 28
7819 2
7820 63
7821 52
7822 13
7823 7
7824 74
7825 10
7826 33
7827 72
7828 33
7829 73
7830 69
7831 24
7832 65
7833 14
7834 64
7835 7
7836 71
7837 39
7838 20
7839 46
7840 58
7841 66
7842 34
7843 17
7844 7
7845 31
7846 73
7847 69
7848 14
7849 20
7850 64
7851 6
7852 43
7853 54
7854 59
7855 33
7856 48
7857 73
7858 70
7859 76
7860 55
7861 73
7862 31
7863 26
7864 13
7865 52
7866 39
7867 65
7868 37
7869 74
7870 40
7871 62
7872 46
7873 73
7874 34
7875 42
7876 42
7877 75
7878 41
7879 72
7880 7
7881 46
7882 63
7883 10
7884 54
7885 55
7886 29
7887 32
7888 36
7889 20
7890 14
7891 32
7892 70
7893 20
7894 69
7895 8
7896 20
7897 32
7898 22
7899 43
7900 32
7901 34
7902 22
7903 69
7904 22
7905 25
7906 20
7907 56
7908 5
7909 5
7910 38
7911 20
7912 39
7913 65
7914 12
7915 40
7916 44
7917 72
7918 43
7919 9
7920 10
7921 23
7922 52
7923 70
7924 18
7925 10
7926 66
7927 54
7928 61
7929 52
7930 58
7931 12
7932 32
7933 64
7934 42
7935 68
7936 76
7937 26
7938 74
7939 31
7940 32
7941 47
7942 56
7943 60
7944 72
7945 36
7946 61
7947 47
7948 36
7949 43
7950 49
7951 51
7952 63
7953 19
7954 2
7955 6
7956 54
7957 63
7958 12
7959 63
7960 58
7961 5
7962 34
7963 66
7964 63
7965 64
7966 31
7967 38
7968 62
7969 67
7970 24
7971 64
7972 14
7973 17
7974 57
7975 10
7976 64
7977 38
7978 50
7979 34
7980 46
7981 54
7982 44
7983 13
7984 64
7985 9
7986 38
7987 23
7988 8
7989 63
7990 65
7991 59
7992 9
7993 37
7994 48
7995 19
7996 5
7997 25
7998 8
7999 65
8000 11
8001 62
8002 43
8003 55
8004 50
8005 13
8006 42
8007 9
8008 36
8009 72
8010 56
8011 38
8012 21
8013 19
8014 70
8015 35
8016 57
8017 35
8018 18
8019 4
8020 34
8021 14
8022 13
8023 12
8024 75
8025 32
8026 34
8027 11
8028 44
8029 13
8030 58
8031 74
8032 73
8033 5
8034 56
8035 24
8036 54
8037 55
8038 13
8039 64
8040 26
8041 49
8042 43
8043 13
8044 21
8045 15
8046 65
8047 11
8048 35
8049 47
8050 60
8051 39
8052 68
8053 21
8054 68
8055 72
8056 11
8057 24
8058 27
8059 14
8060 7
8061 62
8062 61
8063 5
8064 10
8065 4
8066 47
8067 75
8068 20
8069 60
8070 55
8071 14
8072 40
8073 10
8074 30
8075 54
8076 23
8077 30
8078 24
8079 32
8080 25
8081 68
8082 50
8083 4
8084 5
8085 19
8086 45
8087 57
8088 54
8089 48
8090 33
8091 33
8092 49
8093 43
8094 61
8095 21
8096 5
8097 45
8098 44
8099 39
8100 3
8101 35
8102 1
8103 14
8104 47
8105 21
8106 52
8107 1
8108 41
8109 15
8110 29
8111 19
8112 23
8113 27
8114 53
8115 18
8116 33
8117 75
8118 56
8119 63
8120 64
8121 60
8122 17
8123 73
8124 57
8125 10
8126 25
8127 9
8128 37
8129 28
8130 50
8131 40
8132 39
8133 29
8134 58
8135 51
8136 37
8137 62
8138 23
8139 8
8140 57
8141 34
8142 28
8143 61
8144 26
8145 42
8146 16
8147 69
8148 63
8149 22
8150 60
8151 26
8152 26
8153 22
8154 19
8155 9
8156 68
8157 18
8158 55
8159 75
8160 18
8161 65
8162 76
8163 29
8164 58
8165 62
8166 50
8167 9
8168 38
8169 5
8170 14
8171 36
8172 61
8173 18
8174 47
8175 4
8176 31
8177 21
8178 36
8179 76
8180 71
8181 20
8182 37
8183 55
8184 58
8185 29
8186 7
8187 33
8188 42
8189 21
8190 33
8191 41
8192 27
8193 8
8194 6
8195 13
8196 10
8197 66
8198 13
8199 50
8200 52
8201 12
8202 69
8203 23
8204 15
8205 61
8206 14
8207 4
8208 48
8209 69
8210 34
8211 52
8212 15
8213 28
8214 43
8215 64
8216 39
8217 47
8218 56
8219 74
8220 36
8221 38
8222 32
8223 47
8224 34
8225 27
8226 43
8227 66
8228 19
8229 36
8230 7
8231 55
8232 26
8233 39
8234 55
8235 18
8236 53
8237 61
8238 55
8239 56
8240 55
8241 11
8242 25
8243 43
8244 43
8245 68
8246 75
8247 45
8248 20
8249 73
8250 9
8251 16
8252 1
8253 28
8254 14
8255 47
8256 73
8257 3
8258 44
8259 17
8260 39
8261 7
8262 7
8263 55
8264 9
8265 35
8266 34
8267 68
8268 42
8269 76
8270 59
8271 75
8272 42
8273 37
8274 47
8275 35
8276 28
8277 56
8278 54
8279 35
8280 1
8281 31
8282 54
8283 35
8284 7
8285 59
8286 58
8287 25
8288 67
8289 59
8290 5
8291 47
8292 64
8293 63
8294 66
8295 44
8296 1
8297 25
8298 9
8299 40
8300 61
8301 38
8302 32
8303 49
8304 22
8305 24
8306 66
8307 11
8308 14
8309 61
8310 12
8311 29
8312 56
8313 50
8314 26
8315 72
8316 66
8317 47
8318 20
8319 3
8320 48
8321 65
8322 14
8323 61
8324 10
8325 43
8326 8
8327 74
8328 61
8329 16
8330 46
8331 3
8332 24
8333 27
8334 33
8335 50
8336 43
8337 17
8338 61
8339 75
8340 65
8341 75
8342 31
8343 64
8344 28
8345 35
8346 75
8347 70
8348 66
8349 48
8350 53
8351 60
8352 37
8353 29
8354 51
8355 33
8356 40
8357 22
8358 26
8359 76
8360 42
8361 33
8362 39
8363 18
8364 39
8365 45
8366 35
8367 49
8368 51
8369 35
8370 72
8371 61
8372 30
8373 60
8374 42
8375 55
8376 46
8377 75
8378 38
8379 37
8380 29
8381 22
8382 27
8383 46
8384 15
8385 30
8386 52
8387 75
8388 54
8389 66
8390 73
8391 21
8392 32
8393 36
8394 75
8395 34
8396 63
8397 16
8398 65
8399 55
8400 15
8401 14
8402 54
8403 33
8404 30
8405 69
8406 21
8407 43
8408 42
8409 44
8410 44
8411 28
8412 6
8413 27
8414 75
8415 45
8416 40
8417 28
8418 46
8419 8
8420 26
8421 5
8422 57
8423 42
8424 16
8425 12
8426 19
8427 32
8428 46
8429 75
8430 39
8431 6
8432 11
8433 18
8434 62
8435 34
8436 71
8437 76
8438 38
8439 14
8440 34
8441 51
8442 6
8443 27
8444 3
8445 41
8446 45
8447 31
8448 34
8449 16
8450 20
8451 7
8452 47
8453 61
8454 40
8455 2
8456 28
8457 29
8458 2
8459 5
8460 9
8461 72
8462 55
8463 51
8464 21
8465 49
8466 38
8467 45
8468 69
8469 4
8470 8
8471 14
8472 21
8473 63
8474 70
8475 32
8476 61
8477 14
8478 23
8479 64
8480 32
8481 32
8482 27
8483 38
8484 21
8485 45
8486 5
8487 61
8488 11
8489 69
8490 51
8491 52
8492 73
8493 22
8494 20
8495 40
8496 1
8497 20
8498 73
8499 45
8500 1
8501 59
8502 28
8503 62
8504 20
8505 57
8506 42
8507 61
8508 34
8509 32
8510 12
8511 3
8512 20
8513 14
8514 44
8515 2
8516 51
8517 27
8518 29
8519 27
8520 57
8521 33
8522 70
8523 6
8524 10
8525 37
8526 21
8527 36
8528 2
8529 3
8530 17
8531 45
8532 68
8533 69
8534 47
8535 8
8536 52
8537 8
8538 55
8539 54
8540 43
8541 40
8542 54
8543 53
8544 16
8545 15
8546 47
8547 51
8548 23
8549 24
8550 23
8551 76
8552 72
8553 38
8554 3
8555 6
8556 73
8557 38
8558 60
8559 13
8560 25
8561 73
8562 47
8563 29
8564 65
8565 33
8566 15
8567 60
8568 47
8569 36
8570 57
8571 39
8572 33
8573 23
8574 38
8575 65
8576 76
8577 73
8578 51
8579 20
8580 35
8581 7
8582 63
8583 42
8584 16
8585 63
8586 68
8587 12
8588 4
8589 38
8590 70
8591 23
8592 47
8593 60
8594 22
8595 38
8596 24
8597 23
8598 67
8599 52
8600 34
8601 30
8602 34
8603 75
8604 2
8605 18
8606 36
8607 1
8608 55
8609 5
8610 51
8611 4
8612 69
8613 67
8614 1
8615 26
8616 54
8617 61
8618 47
8619 75
8620 43
8621 58
8622 52
8623 17
8624 76
8625 13
8626 33
8627 69
8628 47
8629 20
8630 71
8631 70
8632 11
8633 57
8634 8
8635 5
8636 29
8637 42
8638 37
8639 6
8640 11
8641 32
8642 1
8643 16
8644 76
8645 54
8646 45
8647 42
8648 48
8649 12
8650 26
8651 36
8652 51
8653 73
8654 52
8655 68
8656 57
8657 43
8658 60
8659 74
8660 26
8661 33
8662 49
8663 70
8664 72
8665 51
8666 24
8667 52
8668 21
8669 13
8670 19
8671 50
8672 74
8673 64
8674 28
8675 3
8676 50
8677 7
8678 53
8679 39
8680 15
8681 19
8682 28
8683 30
8684 65
8685 49
8686 37
8687 21
8688 34
8689 68
8690 59
8691 52
8692 24
8693 12
8694 45
8695 61
8696 33
8697 22
8698 46
8699 53
8700 20
8701 60
8702 31
8703 61
8704 22
8705 56
8706 2
8707 66
8708 65
8709 46
8710 71
8711 71
8712 2
8713 69
8714 56
8715 27
8716 70
8717 64
8718 16
8719 32
8720 41
8721 13
8722 1
8723 18
8724 8
8725 50
8726 1
8727 34
8728 48
8729 20
8730 47
8731 63
8732 22
8733 73
8734 14
8735 4
8736 11
8737 7
8738 51
8739 30
8740 11
8741 38
8742 46
8743 67
8744 11
8745 52
8746 51
8747 4
8748 49
8749 12
8750 41
8751 39
8752 13
8753 67
8754 71
8755 58
8756 20
8757 23
8758 30
8759 34
8760 53
8761 20
8762 8
8763 42
8764 1
8765 48
8766 75
8767 51
8768 24
8769 14
8770 49
8771 5
8772 24
8773 48
8774 33
8775 3
8776 67
8777 68
8778 13
8779 43
8780 5
8781 47
8782 20
8783 38
8784 76
8785 23
8786 69
8787 3
8788 14
8789 23
8790 25
8791 42
8792 32
8793 66
8794 43
8795 50
8796 16
8797 27
8798 41
8799 24
8800 2
8801 19
8802 6
8803 49
8804 50
8805 65
8806 33
8807 44
8808 12
8809 56
8810 24
8811 49
8812 66
8813 35
8814 74
8815 42
8816 14
8817 9
8818 25
8819 12
8820 20
8821 34
8822 65
8823 40
8824 17
8825 35
8826 25
8827 71
8828 20
8829 28
8830 25
8831 60
8832 21
8833 25
8834 74
8835 4
8836 19
8837 73
8838 25
8839 53
8840 37
8841 4
8842 68
8843 26
8844 67
8845 29
8846 67
8847 32
8848 76
8849 47
8850 26
8851 66
8852 29
8853 47
8854 8
8855 55
8856 39
8857 46
8858 69
8859 47
8860 60
8861 15
8862 42
8863 6
8864 50
8865 70
8866 69
8867 49
8868 18
8869 14
8870 28
8871 10
8872 47
8873 10
8874 47
8875 46
8876 49
8877 38
8878 10
8879 48
8880 25
8881 28
8882 28
8883 75
8884 7
8885 58
8886 14
8887 75
8888 33
8889 44
8890 73
8891 46
8892 7
8893 27
8894 14
8895 3
8896 47
8897 14
8898 53
8899 20
8900 21
8901 11
8902 18
8903 54
8904 12
8905 25
8906 45
8907 60
8908 17
8909 47
8910 75
8911 42
8912 73
8913 65
8914 11
8915 65
8916 48
8917 26
8918 3
8919 25
8920 64
8921 62
8922 69
8923 35
8924 39
8925 7
8926 45
8927 38
8928 52
8929 75
8930 64
8931 41
8932 70
8933 47
8934 8
8935 57
8936 33
8937 66
8938 57
8939 48
8940 55
8941 56
8942 9
8943 53
8944 42
8945 75
8946 14
8947 47
8948 59
8949 69
8950 32
8951 48
8952 52
8953 16
8954 68
8955 8
8956 64
8957 20
8958 39
8959 12
8960 23
8961 6
8962 35
8963 74
8964 40
8965 8
8966 71
8967 69
8968 62
8969 7
8970 28
8971 18
8972 21
8973 55
8974 7
8975 39
8976 53
8977 65
8978 47
8979 43
8980 38
8981 52
8982 32
8983 7
8984 20
8985 27
8986 60
8987 28
8988 31
8989 69
8990 9
8991 36
8992 59
8993 52
8994 21
8995 76
8996 73
8997 70
8998 35
8999 67
9000 60
9001 41
9002 29
9003 6
9004 65
9005 37
9006 15
9007 75
9008 61
9009 72
9010 48
9011 18
9012 70
9013 18
9014 10
9015 73
9016 48
9017 29
9018 9
9019 55
9020 15
9021 51
9022 69
9023 55
9024 65
9025 13
9026 29
9027 20
9028 54
9029 7
9030 25
9031 42
9032 46
9033 30
9034 17
9035 48
9036 1
9037 64
9038 2
9039 34
9040 33
9041 2
9042 44
9043 31
9044 16
9045 27
9046 34
9047 47
9048 41
9049 35
9050 19
9051 20
9052 40
9053 62
9054 71
9055 63
9056 22
9057 2
9058 12
9059 53
9060 46
9061 9
9062 75
9063 58
9064 65
9065 5
9066 19
9067 74
9068 29
9069 65
9070 26
9071 47
9072 7
9073 49
9074 29
9075 64
9076 17
9077 62
9078 61
9079 63
9080 39
9081 46
9082 39
9083 50
9084 13
9085 63
9086 42
9087 66
9088 58
9089 75
9090 38
9091 45
9092 57
9093 3
9094 41
9095 76
9096 39
9097 28
9098 20
9099 19
9100 26
9101 70
9102 14
9103 76
9104 34
9105 74
9106 23
9107 23
9108 65
9109 22
9110 69
9111 2
9112 56
9113 25
9114 32
9115 67
9116 67
9117 67
9118 62
9119 14
9120 40
9121 14
9122 52
9123 19
9124 46
9125 33
9126 6
9127 64
9128 34
9129 34
9130 34
9131 53
9132 15
9133 21
9134 6
9135 4
9136 39
9137 18
9138 20
9139 62
9140 7
9141 1
9142 16
9143 2
9144 14
9145 18
9146 54
9147 2
9148 47
9149 29
9150 5
9151 75
9152 11
9153 23
9154 34
9155 35
9156 25
9157 73
9158 25
9159 17
9160 55
9161 72
9162 18
9163 57
9164 25
9165 49
9166 52
9167 61
9168 51
9169 74
9170 43
9171 21
9172 61
9173 35
9174 21
9175 7
9176 1
9177 28
9178 40
9179 62
9180 75
9181 6
9182 37
9183 42
9184 36
9185 70
9186 52
9187 64
9188 67
9189 64
9190 53
9191 50
9192 74
9193 54
9194 49
9195 54
9196 18
9197 28
9198 41
9199 66
9200 37
9201 9
9202 25
9203 54
9204 13
9205 26
9206 15
9207 30
9208 29
9209 14
9210 30
9211 74
9212 72
9213 52
9214 19
9215 38
9216 7
9217 22
9218 42
9219 3
9220 8
9221 47
9222 66
9223 19
9224 4
9225 66
9226 22
9227 16
9228 6
9229 16
9230 65
9231 39
9232 71
9233 17
9234 37
9235 40
9236 11
9237 6
9238 60
9239 16
9240 62
9241 36
9242 40
9243 66
9244 50
9245 66
9246 14
9247 24
9248 6
9249 9
9250 1
9251 40
9252 6
9253 1
9254 56
9255 42
9256 74
9257 28
9258 19
9259 17
9260 11
9261 24
9262 7
9263 24
9264 61
9265 1
9266 1
9267 13
9268 71
9269 30
9270 74
9271 5
9272 40
9273 60
9274 11
9275 65
9276 56
9277 70
9278 16
9279 49
9280 12
9281 73
9282 38
9283 73
9284 2
9285 43
9286 62
9287 58
9288 25
9289 5
9290 46
9291 68
9292 40
9293 47
9294 62
9295 9
9296 32
9297 8
9298 58
9299 25
9300 8
9301 73
9302 41
9303 18
9304 1
9305 39
9306 57
9307 51
9308 7
9309 7
9310 6
9311 16
9312 6
9313 66
9314 74
9315 42
9316 55
9317 26
9318 43
9319 23
9320 43
9321 20
9322 1
9323 39
9324 28
9325 47
9326 60
9327 76
9328 25
9329 15
9330 28
9331 28
9332 2
9333 6
9334 65
9335 71
9336 63
9337 58
9338 32
9339 20
9340 11
9341 43
9342 60
9343 54
9344 16
9345 19
9346 56
9347 5
9348 28
9349 44
9350 65
9351 26
9352 42
9353 6
9354 43
9355 17
9356 48
9357 20
9358 37
9359 1
9360 32
9361 27
9362 33
9363 16
9364 60
9365 63
9366 61
9367 3
9368 17
9369 11
9370 40
9371 6
9372 32
9373 14
9374 33
9375 20
9376 19
9377 48
9378 40
9379 76
9380 5
9381 64
9382 38
9383 40
9384 7
9385 5
9386 10
9387 24
9388 59
9389 7
9390 13
9391 58
9392 20
9393 8
9394 17
9395 5
9396 20
9397 17
9398 66
9399 23
9400 41
9401 40
9402 5
9403 53
9404 46
9405 61
9406 51
9407 25
9408 31
9409 25
9410 9
9411 29
9412 42
9413 23
9414 47
9415 6
9416 2
9417 39
9418 41
9419 14
9420 74
9421 68
9422 58
9423 14
9424 47
9425 73
9426 11
9427 2
9428 54
9429 46
9430 76
9431 2
9432 71
9433 47
9434 21
9435 65
9436 58
9437 12
9438 47
9439 74
9440 38
9441 3
9442 39
9443 32
9444 73
9445 63
9446 75
9447 28
9448 9
9449 56
9450 58
9451 18
9452 60
9453 4
9454 65
9455 1
9456 51
9457 71
9458 29
9459 15
9460 60
9461 36
9462 43
9463 48
9464 26
9465 6
9466 8
9467 33
9468 55
9469 67
9470 74
9471 10
9472 35
9473 19
9474 2
9475 36
9476 14
9477 18
9478 53
9479 7
9480 15
9481 67
9482 20
9483 13
9484 53
9485 2
9486 68
9487 5
9488 37
9489 61
9490 8
9491 63
9492 51
9493 75
9494 74
9495 11
9496 74
9497 67
9498 16
9499 12
9500 32
9501 31
9502 65
9503 76
9504 64
9505 5
9506 64
9507 4
9508 59
9509 62
9510 15
9511 31
9512 52
9513 22
9514 58
9515 27
9516 62
9517 60
9518 13
9519 71
9520 47
9521 47
9522 71
9523 59
9524 16
9525 75
9526 32
9527 1
9528 12
9529 55
9530 50
9531 44
9532 37
9533 65
9534 11
9535 8
9536 29
9537 17
9538 13
9539 73
9540 64
9541 42
9542 51
9543 19
9544 36
9545 73
9546 10
9547 63
9548 62
9549 55
9550 1
9551 46
9552 11
9553 30
9554 20
9555 34
9556 73
9557 39
9558 53
9559 3
9560 14
9561 1
9562 36
9563 42
9564 46
9565 14
9566 66
9567 76
9568 65
9569 38
9570 36
9571 69
9572 69
9573 58
9574 69
9575 33
9576 61
9577 64
9578 12
9579 61
9580 12
9581 19
9582 27
9583 15
9584 12
9585 69
9586 25
9587 43
9588 37
9589 64
9590 72
9591 66
9592 63
9593 45
9594 53
9595 29
9596 56
9597 53
9598 56
9599 25
9600 41
9601 39
9602 4
9603 71
9604 66
9605 37
9606 10
9607 5
9608 14
9609 45
9610 68
9611 65
9612 9
9613 55
9614 53
9615 54
9616 55
9617 24
9618 8
9619 42
9620 73
9621 21
9622 15
9623 2
9624 64
9625 57
9626 45
9627 72
9628 56
9629 12
9630 55
9631 64
9632 31
9633 74
9634 42
9635 33
9636 56
9637 31
9638 49
9639 66
9640 31
9641 67
9642 15
9643 66
9644 70
9645 54
9646 41
9647 24
9648 57
9649 40
9650 57
9651 11
9652 46
9653 66
9654 61
9655 37
9656 25
9657 31
9658 25
9659 60
9660 36
9661 34
9662 59
9663 43
9664 71
9665 10
9666 14
9667 24
9668 75
9669 25
9670 69
9671 61
9672 35
9673 49
9674 49
9675 66
9676 46
9677 10
9678 59
9679 46
9680 6
9681 33
9682 1
9683 45
9684 64
9685 31
9686 10
9687 24
9688 56
9689 38
9690 48
9691 18
9692 30
9693 17
9694 1
9695 57
9696 22
9697 8
9698 19
9699 23
9700 34
9701 34
9702 21
9703 11
9704 29
9705 22
9706 28
9707 5
9708 11
9709 70
9710 47
9711 14
9712 65
9713 57
9714 73
9715 47
9716 56
9717 15
9718 42
9719 70
9720 60
9721 15
9722 23
9723 4
9724 39
9725 42
9726 76
9727 8
9728 69
9729 25
9730 59
9731 45
9732 52
9733 31
9734 47
9735 22
9736 47
9737 62
9738 41
9739 39
9740 12
9741 28
9742 15
9743 46
9744 63
9745 55
9746 75
9747 38
9748 34
9749 16
9750 13
9751 63
9752 45
9753 52
9754 11
9755 71
9756 23
9757 51
9758 59
9759 24
9760 2
9761 31
9762 30
9763 72
9764 75
9765 14
9766 9
9767 59
9768 69
9769 25
9770 16
9771 38
9772 68
9773 29
9774 15
9775 66
9776 24
9777 64
9778 31
9779 18
9780 62
9781 71
9782 66
9783 64
9784 8
9785 54
9786 42
9787 16
9788 30
9789 32
9790 59
9791 39
9792 71
9793 14
9794 28
9795 29
9796 51
9797 47
9798 40
9799 75
9800 7
9801 3
9802 38
9803 38
9804 20
9805 68
9806 32
9807 32
9808 10
9809 51
9810 33
9811 53
9812 57
9813 28
9814 41
9815 33
9816 39
9817 42
9818 42
9819 5
9820 60
9821 49
9822 24
9823 32
9824 38
9825 37
9826 64
9827 13
9828 43
9829 32
9830 51
9831 15
9832 33
9833 65
9834 47
9835 62
9836 23
9837 59
9838 41
9839 31
9840 43
9841 9
9842 51
9843 56
9844 24
9845 36
9846 75
9847 6
9848 65
9849 16
9850 56
9851 72
9852 26
9853 68
9854 10
9855 67
9856 38
9857 72
9858 57
9859 6
9860 62
9861 64
9862 36
9863 28
9864 35
9865 38
9866 42
9867 70
9868 65
9869 28
9870 22
9871 65
9872 7
9873 45
9874 13
9875 47
9876 52
9877 8
9878 70
9879 68
9880 34
9881 20
9882 10
9883 38
9884 59
9885 55
9886 11
9887 24
9888 46
9889 69
9890 2
9891 56
9892 31
9893 64
9894 28
9895 46
9896 7
9897 72
9898 54
9899 10
9900 5
9901 74
9902 20
9903 55
9904 12
9905 63
9906 76
9907 71
9908 24
9909 16
9910 46
9911 61
9912 26
9913 49
9914 44
9915 71
9916 20
9917 6
9918 58
9919 21
9920 14
9921 6
9922 36
9923 52
9924 35
9925 75
9926 27
9927 1
9928 66
9929 8
9930 70
9931 39
9932 11
9933 63
9934 32
9935 46
9936 7
9937 33
9938 63
9939 8
9940 24
9941 69
9942 71
9943 26
9944 34
9945 47
9946 69
9947 69
9948 67
9949 38
9950 26
9951 15
9952 31
9953 31
9954 28
9955 2
9956 71
9957 14
9958 42
9959 35
9960 33
9961 42
9962 76
9963 37
9964 71
9965 71
9966 43
9967 15
9968 28
9969 35
9970 40
9971 56
9972 74
9973 18
9974 75
9975 16
9976 40
9977 28
9978 18
9979 65
9980 69
9981 66
9982 66
9983 70
9984 39
9985 7
9986 20
9987 20
9988 35
9989 20
9990 35
9991 69
9992 14
9993 20
9994 42
9995 14
9996 42
9997 47
9998 47
9999 47
