0 44
1 24
2 42
3 23
4 29
5 28
6 45
7 13
8 21
9 16
10 5
11 24
12 26
13 28
14 35
15 33
16 36
17 32
18 21
19 13
20 37
21 41
22 46
23 43
24 6
25 9
26 30
27 15
28 40
29 26
30 18
31 25
32 19
33 20
34 13
35 45
36 33
37 15
38 6
39 5
40 23
41 27
42 38
43 10
44 46
45 26
46 3
47 23
48 23
49 8
50 25
51 4
52 35
53 19
54 1
55 38
56 35
57 13
58 30
59 6
60 16
61 13
62 27
63 23
64 27
65 30
66 13
67 38
68 40
69 45
70 31
71 14
72 24
73 31
74 8
75 25
76 2
77 7
78 5
79 15
80 23
81 37
82 22
83 37
84 10
85 15
86 19
87 15
88 22
89 5
90 25
91 20
92 27
93 7
94 32
95 31
96 35
97 9
98 8
99 8
100 33
101 37
102 40
103 45
104 16
105 42
106 23
107 4
108 39
109 33
110 6
111 46
112 30
113 18
114 41
115 39
116 35
117 31
118 42
119 10
120 42
121 22
122 30
123 7
124 19
125 35
126 46
127 6
128 34
129 17
130 11
131 25
132 36
133 45
134 43
135 34
136 2
137 26
138 10
139 19
140 23
141 17
142 8
143 10
144 28
145 32
146 32
147 4
148 24
149 44
150 43
151 45
152 23
153 33
154 23
155 40
156 46
157 34
158 5
159 36
160 36
161 6
162 25
163 11
164 23
165 6
166 14
167 22
168 11
169 26
170 31
171 46
172 19
173 27
174 12
175 9
176 39
177 20
178 37
179 4
180 21
181 41
182 26
183 23
184 40
185 25
186 31
187 1
188 18
189 36
190 11
191 41
192 25
193 30
194 34
195 43
196 28
197 36
198 1
199 23
200 37
201 11
202 28
203 11
204 13
205 10
206 13
207 40
208 33
209 14
210 6
211 30
212 7
213 6
214 7
215 4
216 31
217 9
218 6
219 41
220 43
221 8
222 25
223 14
224 2
225 36
226 33
227 10
228 14
229 29
230 29
231 44
232 46
233 39
234 8
235 38
236 18
237 34
238 34
239 36
240 24
241 17
242 30
243 45
244 3
245 29
246 34
247 19
248 5
249 23
250 11
251 33
252 7
253 14
254 13
255 25
256 8
257 19
258 13
259 29
260 26
261 39
262 45
263 1
264 16
265 36
266 37
267 34
268 6
269 10
270 10
271 5
272 2
273 19
274 33
275 42
276 28
277 35
278 34
279 30
280 25
281 35
282 14
283 31
284 40
285 27
286 24
287 31
288 27
289 29
290 36
291 20
292 25
293 22
294 41
295 37
296 12
297 37
298 15
299 44
300 31
301 46
302 26
303 2
304 14
305 34
306 2
307 13
308 17
309 20
310 21
311 18
312 13
313 37
314 44
315 2
316 9
317 16
318 6
319 45
320 8
321 41
322 31
323 9
324 29
325 37
326 4
327 12
328 31
329 26
330 27
331 22
332 12
333 33
334 42
335 26
336 41
337 41
338 17
339 11
340 21
341 11
342 38
343 34
344 15
345 45
346 9
347 26
348 35
349 46
350 40
351 36
352 31
353 7
354 15
355 30
356 45
357 20
358 4
359 15
360 46
361 26
362 5
363 19
364 20
365 24
366 4
367 42
368 23
369 39
370 11
371 19
372 11
373 2
374 10
375 23
376 14
377 17
378 36
379 34
380 41
381 33
382 6
383 23
384 26
385 6
386 43
387 21
388 32
389 45
390 10
391 9
392 46
393 21
394 7
395 35
396 1
397 33
398 34
399 11
400 33
401 23
402 23
403 43
404 28
405 24
406 30
407 33
408 41
409 27
410 6
411 34
412 14
413 23
414 33
415 7
416 20
417 11
418 30
419 37
420 7
421 42
422 29
423 10
424 18
425 13
426 6
427 41
428 16
429 12
430 10
431 35
432 21
433 2
434 38
435 36
436 31
437 45
438 32
439 4
440 15
441 3
442 44
443 9
444 17
445 34
446 38
447 2
448 41
449 9
450 33
451 11
452 35
453 6
454 36
455 39
456 34
457 5
458 31
459 31
460 15
461 38
462 46
463 27
464 26
465 35
466 33
467 38
468 37
469 42
470 35
471 36
472 16
473 5
474 23
475 18
476 36
477 12
478 41
479 2
480 24
481 22
482 25
483 26
484 25
485 34
486 18
487 7
488 4
489 17
490 17
491 16
492 4
493 14
494 29
495 14
496 43
497 29
498 9
499 45
500 34
501 44
502 18
503 37
504 31
505 46
506 9
507 19
508 25
509 27
510 34
511 20
512 7
513 9
514 39
515 46
516 11
517 12
518 24
519 18
520 33
521 23
522 14
523 16
524 32
525 24
526 33
527 9
528 7
529 9
530 1
531 3
532 29
533 19
534 40
535 22
536 44
537 14
538 23
539 15
540 21
541 16
542 32
543 44
544 24
545 46
546 40
547 33
548 27
549 16
550 26
551 40
552 32
553 23
554 12
555 38
556 13
557 8
558 19
559 23
560 12
561 23
562 26
563 15
564 32
565 1
566 46
567 11
568 29
569 4
570 18
571 27
572 2
573 15
574 35
575 39
576 22
577 42
578 20
579 40
580 14
581 20
582 40
583 22
584 2
585 40
586 40
587 38
588 11
589 18
590 25
591 27
592 1
593 35
594 33
595 27
596 1
597 19
598 27
599 7
600 45
601 25
602 5
603 7
604 43
605 19
606 7
607 6
608 30
609 1
610 36
611 33
612 29
613 43
614 43
615 35
616 18
617 21
618 15
619 18
620 24
621 22
622 23
623 23
624 3
625 30
626 28
627 45
628 18
629 11
630 20
631 3
632 7
633 29
634 44
635 28
636 8
637 6
638 2
639 44
640 20
641 17
642 23
643 28
644 38
645 2
646 24
647 11
648 43
649 20
650 41
651 2
652 18
653 26
654 17
655 40
656 45
657 23
658 41
659 8
660 24
661 41
662 23
663 4
664 39
665 22
666 20
667 5
668 5
669 28
670 4
671 46
672 37
673 35
674 1
675 11
676 1
677 25
678 14
679 12
680 32
681 44
682 46
683 9
684 32
685 21
686 39
687 38
688 19
689 25
690 39
691 10
692 21
693 19
694 20
695 30
696 20
697 32
698 33
699 27
700 26
701 42
702 13
703 22
704 24
705 25
706 39
707 37
708 40
709 9
710 38
711 23
712 1
713 32
714 15
715 31
716 9
717 40
718 10
719 17
720 23
721 19
722 24
723 26
724 7
725 36
726 26
727 26
728 40
729 15
730 34
731 40
732 19
733 15
734 20
735 1
736 46
737 46
738 30
739 7
740 32
741 36
742 27
743 34
744 10
745 17
746 23
747 19
748 43
749 23
750 42
751 10
752 8
753 29
754 25
755 7
756 28
757 29
758 37
759 20
760 40
761 17
762 9
763 16
764 18
765 6
766 43
767 40
768 26
769 4
770 41
771 21
772 26
773 33
774 29
775 13
776 22
777 31
778 18
779 10
780 38
781 24
782 30
783 42
784 20
785 38
786 19
787 35
788 36
789 44
790 29
791 20
792 8
793 41
794 31
795 9
796 11
797 6
798 20
799 24
800 32
801 22
802 8
803 7
804 16
805 46
806 25
807 42
808 33
809 27
810 14
811 43
812 18
813 36
814 9
815 26
816 45
817 42
818 46
819 35
820 3
821 23
822 10
823 3
824 19
825 14
826 44
827 2
828 11
829 14
830 2
831 16
832 14
833 24
834 31
835 17
836 11
837 27
838 31
839 13
840 22
841 11
842 36
843 21
844 30
845 12
846 9
847 32
848 13
849 20
850 9
851 27
852 25
853 45
854 14
855 27
856 1
857 23
858 25
859 45
860 17
861 42
862 25
863 26
864 33
865 27
866 42
867 24
868 39
869 46
870 24
871 8
872 46
873 39
874 27
875 36
876 30
877 39
878 36
879 8
880 45
881 3
882 5
883 1
884 11
885 39
886 10
887 1
888 45
889 18
890 2
891 30
892 11
893 15
894 28
895 8
896 8
897 28
898 33
899 19
900 9
901 24
902 22
903 40
904 4
905 31
906 38
907 6
908 28
909 32
910 27
911 34
912 41
913 12
914 30
915 29
916 23
917 17
918 31
919 36
920 41
921 44
922 7
923 1
924 45
925 24
926 13
927 33
928 2
929 4
930 36
931 18
932 16
933 24
934 39
935 38
936 37
937 6
938 18
939 39
940 14
941 6
942 16
943 46
944 10
945 29
946 21
947 37
948 15
949 14
950 36
951 7
952 4
953 11
954 23
955 37
956 36
957 23
958 8
959 3
960 34
961 41
962 40
963 9
964 7
965 41
966 8
967 10
968 17
969 31
970 40
971 8
972 14
973 17
974 6
975 20
976 8
977 3
978 15
979 26
980 43
981 26
982 21
983 29
984 6
985 4
986 20
987 13
988 40
989 5
990 42
991 1
992 39
993 40
994 23
995 1
996 39
997 12
998 6
999 16
1000 37
1001 38
1002 42
1003 42
1004 41
1005 19
1006 3
1007 27
1008 10
1009 30
1010 3
1011 4
1012 27
1013 6
1014 30
1015 23
1016 26
1017 26
1018 28
1019 23
1020 10
1021 14
1022 17
1023 10
1024 36
1025 14
1026 46
1027 24
1028 25
1029 41
1030 8
1031 35
1032 21
1033 16
1034 25
1035 11
1036 6
1037 13
1038 37
1039 36
1040 19
1041 11
1042 44
1043 20
1044 9
1045 38
1046 35
1047 2
1048 29
1049 23
1050 30
1051 42
1052 20
1053 23
1054 14
1055 16
1056 35
1057 27
1058 28
1059 27
1060 37
1061 21
1062 30
1063 41
1064 5
1065 20
1066 35
1067 25
1068 25
1069 22
1070 25
1071 32
1072 38
1073 30
1074 39
1075 7
1076 1
1077 41
1078 20
1079 15
1080 19
1081 40
1082 33
1083 27
1084 42
1085 27
1086 7
1087 17
1088 17
1089 36
1090 26
1091 7
1092 39
1093 23
1094 1
1095 34
1096 39
1097 6
1098 32
1099 9
1100 34
1101 15
1102 39
1103 26
1104 35
1105 11
1106 40
1107 4
1108 34
1109 29
1110 9
1111 30
1112 27
1113 14
1114 23
1115 16
1116 1
1117 19
1118 21
1119 23
1120 40
1121 41
1122 36
1123 37
1124 13
1125 14
1126 29
1127 8
1128 13
1129 13
1130 32
1131 20
1132 18
1133 40
1134 40
1135 11
1136 40
1137 15
1138 6
1139 24
1140 27
1141 18
1142 20
1143 17
1144 42
1145 38
1146 44
1147 45
1148 46
1149 31
1150 29
1151 7
1152 24
1153 41
1154 30
1155 31
1156 41
1157 19
1158 16
1159 24
1160 41
1161 34
1162 40
1163 1
1164 2
1165 44
1166 17
1167 3
1168 5
1169 33
1170 35
1171 46
1172 17
1173 12
1174 38
1175 13
1176 8
1177 12
1178 44
1179 31
1180 33
1181 5
1182 36
1183 45
1184 41
1185 25
1186 38
1187 16
1188 36
1189 8
1190 27
1191 17
1192 45
1193 22
1194 7
1195 17
1196 11
1197 11
1198 46
1199 33
1200 40
1201 42
1202 38
1203 13
1204 13
1205 22
1206 2
1207 46
1208 29
1209 13
1210 24
1211 37
1212 10
1213 34
1214 41
1215 3
1216 28
1217 43
1218 32
1219 44
1220 34
1221 23
1222 6
1223 13
1224 16
1225 35
1226 2
1227 43
1228 5
1229 7
1230 8
1231 13
1232 30
1233 25
1234 37
1235 3
1236 25
1237 12
1238 46
1239 21
1240 36
1241 42
1242 38
1243 46
1244 15
1245 37
1246 15
1247 38
1248 33
1249 16
1250 37
1251 42
1252 20
1253 31
1254 8
1255 36
1256 14
1257 45
1258 33
1259 28
1260 37
1261 10
1262 42
1263 15
1264 35
1265 19
1266 33
1267 15
1268 28
1269 18
1270 22
1271 9
1272 10
1273 31
1274 21
1275 42
1276 13
1277 36
1278 17
1279 4
1280 37
1281 15
1282 44
1283 7
1284 1
1285 43
1286 22
1287 39
1288 33
1289 43
1290 7
1291 35
1292 36
1293 27
1294 10
1295 2
1296 44
1297 33
1298 44
1299 17
1300 41
1301 15
1302 43
1303 18
1304 13
1305 44
1306 13
1307 2
1308 40
1309 14
1310 19
1311 8
1312 38
1313 15
1314 3
1315 14
1316 40
1317 39
1318 13
1319 1
1320 42
1321 23
1322 39
1323 23
1324 13
1325 18
1326 17
1327 39
1328 41
1329 20
1330 6
1331 45
1332 9
1333 7
1334 13
1335 31
1336 10
1337 25
1338 19
1339 17
1340 7
1341 15
1342 31
1343 27
1344 1
1345 9
1346 25
1347 17
1348 5
1349 22
1350 22
1351 33
1352 5
1353 38
1354 30
1355 16
1356 19
1357 33
1358 26
1359 20
1360 6
1361 22
1362 33
1363 23
1364 34
1365 16
1366 4
1367 45
1368 27
1369 5
1370 7
1371 33
1372 11
1373 9
1374 15
1375 23
1376 33
1377 43
1378 9
1379 1
1380 30
1381 15
1382 42
1383 12
1384 31
1385 10
1386 12
1387 3
1388 45
1389 8
1390 29
1391 43
1392 30
1393 3
1394 29
1395 19
1396 23
1397 3
1398 16
1399 38
1400 13
1401 15
1402 16
1403 13
1404 28
1405 39
1406 23
1407 16
1408 41
1409 40
1410 34
1411 39
1412 19
1413 27
1414 46
1415 21
1416 12
1417 11
1418 41
1419 28
1420 34
1421 20
1422 26
1423 9
1424 3
1425 44
1426 13
1427 36
1428 13
1429 4
1430 40
1431 21
1432 39
1433 30
1434 9
1435 10
1436 8
1437 28
1438 45
1439 9
1440 33
1441 31
1442 33
1443 35
1444 30
1445 20
1446 6
1447 44
1448 46
1449 14
1450 1
1451 40
1452 32
1453 4
1454 41
1455 32
1456 9
1457 35
1458 10
1459 26
1460 7
1461 4
1462 16
1463 42
1464 19
1465 15
1466 14
1467 2
1468 9
1469 5
1470 35
1471 20
1472 39
1473 26
1474 36
1475 44
1476 8
1477 14
1478 12
1479 33
1480 8
1481 29
1482 29
1483 23
1484 27
1485 33
1486 24
1487 32
1488 25
1489 26
1490 12
1491 45
1492 36
1493 17
1494 13
1495 36
1496 19
1497 32
1498 9
1499 27
1500 24
1501 4
1502 3
1503 25
1504 25
1505 19
1506 10
1507 42
1508 25
1509 29
1510 46
1511 42
1512 43
1513 9
1514 3
1515 46
1516 23
1517 45
1518 44
1519 28
1520 8
1521 41
1522 43
1523 17
1524 7
1525 30
1526 28
1527 37
1528 3
1529 38
1530 42
1531 31
1532 7
1533 43
1534 18
1535 23
1536 1
1537 33
1538 26
1539 3
1540 2
1541 4
1542 5
1543 30
1544 37
1545 41
1546 18
1547 46
1548 19
1549 34
1550 1
1551 12
1552 10
1553 40
1554 20
1555 29
1556 7
1557 33
1558 33
1559 1
1560 23
1561 43
1562 16
1563 12
1564 34
1565 31
1566 27
1567 19
1568 2
1569 27
1570 27
1571 46
1572 34
1573 25
1574 44
1575 46
1576 8
1577 24
1578 25
1579 25
1580 3
1581 15
1582 36
1583 28
1584 7
1585 13
1586 36
1587 37
1588 34
1589 3
1590 23
1591 13
1592 10
1593 44
1594 7
1595 24
1596 43
1597 40
1598 42
1599 18
1600 45
1601 27
1602 34
1603 33
1604 42
1605 28
1606 31
1607 19
1608 24
1609 5
1610 28
1611 40
1612 37
1613 25
1614 9
1615 5
1616 20
1617 23
1618 29
1619 4
1620 36
1621 8
1622 45
1623 23
1624 5
1625 27
1626 10
1627 38
1628 35
1629 38
1630 41
1631 9
1632 30
1633 2
1634 34
1635 21
1636 16
1637 30
1638 27
1639 33
1640 27
1641 23
1642 44
1643 33
1644 3
1645 17
1646 32
1647 20
1648 10
1649 38
1650 27
1651 42
1652 25
1653 10
1654 41
1655 34
1656 7
1657 35
1658 26
1659 19
1660 44
1661 29
1662 9
1663 11
1664 34
1665 37
1666 38
1667 5
1668 8
1669 29
1670 36
1671 25
1672 34
1673 19
1674 19
1675 8
1676 23
1677 10
1678 37
1679 24
1680 43
1681 20
1682 27
1683 37
1684 45
1685 8
1686 20
1687 5
1688 41
1689 36
1690 13
1691 25
1692 20
1693 23
1694 21
1695 4
1696 7
1697 6
1698 21
1699 23
1700 32
1701 43
1702 40
1703 34
1704 33
1705 34
1706 24
1707 40
1708 19
1709 25
1710 2
1711 29
1712 7
1713 2
1714 36
1715 42
1716 40
1717 8
1718 8
1719 33
1720 33
1721 7
1722 33
1723 8
1724 34
1725 4
1726 34
1727 24
1728 22
1729 17
1730 41
1731 30
1732 33
1733 41
1734 38
1735 24
1736 45
1737 1
1738 29
1739 28
1740 23
1741 34
1742 16
1743 1
1744 44
1745 46
1746 32
1747 17
1748 46
1749 43
1750 15
1751 19
1752 33
1753 35
1754 28
1755 2
1756 46
1757 31
1758 33
1759 11
1760 11
1761 4
1762 30
1763 46
1764 25
1765 27
1766 36
1767 43
1768 8
1769 43
1770 46
1771 5
1772 1
1773 45
1774 38
1775 13
1776 25
1777 7
1778 43
1779 3
1780 7
1781 6
1782 41
1783 30
1784 42
1785 25
1786 17
1787 41
1788 46
1789 30
1790 3
1791 9
1792 31
1793 25
1794 15
1795 46
1796 38
1797 37
1798 21
1799 12
1800 33
1801 23
1802 6
1803 4
1804 36
1805 45
1806 38
1807 36
1808 30
1809 27
1810 30
1811 5
1812 35
1813 13
1814 19
1815 27
1816 25
1817 7
1818 7
1819 1
1820 11
1821 9
1822 27
1823 12
1824 14
1825 33
1826 39
1827 40
1828 27
1829 5
1830 39
1831 43
1832 10
1833 9
1834 17
1835 29
1836 30
1837 31
1838 20
1839 18
1840 7
1841 24
1842 17
1843 42
1844 34
1845 41
1846 2
1847 20
1848 27
1849 33
1850 36
1851 43
1852 17
1853 17
1854 25
1855 34
1856 27
1857 31
1858 30
1859 9
1860 33
1861 25
1862 13
1863 40
1864 12
1865 28
1866 7
1867 20
1868 23
1869 5
1870 24
1871 39
1872 9
1873 24
1874 41
1875 27
1876 37
1877 12
1878 7
1879 46
1880 3
1881 9
1882 14
1883 23
1884 35
1885 7
1886 11
1887 13
1888 28
1889 34
1890 25
1891 14
1892 14
1893 24
1894 42
1895 30
1896 18
1897 13
1898 44
1899 10
1900 20
1901 14
1902 16
1903 16
1904 28
1905 43
1906 8
1907 26
1908 13
1909 40
1910 23
1911 32
1912 25
1913 44
1914 35
1915 37
1916 38
1917 43
1918 46
1919 33
1920 10
1921 4
1922 35
1923 11
1924 30
1925 5
1926 22
1927 14
1928 8
1929 10
1930 42
1931 22
1932 34
1933 13
1934 34
1935 4
1936 36
1937 44
1938 45
1939 3
1940 31
1941 33
1942 39
1943 23
1944 32
1945 42
1946 46
1947 21
1948 9
1949 18
1950 27
1951 41
1952 18
1953 21
1954 41
1955 46
1956 2
1957 13
1958 12
1959 14
1960 29
1961 32
1962 23
1963 43
1964 13
1965 20
1966 43
1967 38
1968 43
1969 5
1970 17
1971 46
1972 3
1973 18
1974 34
1975 20
1976 15
1977 8
1978 11
1979 32
1980 17
1981 12
1982 13
1983 42
1984 3
1985 13
1986 15
1987 4
1988 46
1989 31
1990 33
1991 43
1992 41
1993 11
1994 26
1995 19
1996 18
1997 14
1998 42
1999 45
2000 34
2001 21
2002 8
2003 34
2004 42
2005 10
2006 24
2007 16
2008 23
2009 6
2010 27
2011 4
2012 5
2013 10
2014 8
2015 11
2016 20
2017 6
2018 43
2019 23
2020 43
2021 23
2022 26
2023 22
2024 45
2025 36
2026 20
2027 6
2028 24
2029 28
2030 43
2031 29
2032 39
2033 45
2034 17
2035 18
2036 8
2037 9
2038 33
2039 40
2040 31
2041 42
2042 24
2043 42
2044 41
2045 6
2046 40
2047 20
2048 28
2049 16
2050 36
2051 22
2052 3
2053 43
2054 45
2055 40
2056 8
2057 33
2058 16
2059 19
2060 16
2061 40
2062 14
2063 19
2064 5
2065 24
2066 9
2067 26
2068 19
2069 13
2070 17
2071 18
2072 35
2073 13
2074 40
2075 14
2076 17
2077 29
2078 41
2079 37
2080 37
2081 37
2082 24
2083 45
2084 26
2085 25
2086 39
2087 25
2088 36
2089 39
2090 30
2091 23
2092 38
2093 36
2094 13
2095 34
2096 33
2097 18
2098 37
2099 26
2100 28
2101 38
2102 22
2103 44
2104 32
2105 43
2106 37
2107 19
2108 39
2109 13
2110 41
2111 13
2112 5
2113 9
2114 6
2115 11
2116 43
2117 14
2118 45
2119 27
2120 35
2121 2
2122 40
2123 5
2124 27
2125 34
2126 26
2127 3
2128 30
2129 33
2130 29
2131 26
2132 33
2133 21
2134 43
2135 37
2136 45
2137 9
2138 31
2139 15
2140 1
2141 23
2142 29
2143 26
2144 9
2145 20
2146 34
2147 30
2148 45
2149 21
2150 35
2151 14
2152 40
2153 3
2154 1
2155 45
2156 35
2157 33
2158 44
2159 9
2160 13
2161 42
2162 33
2163 21
2164 21
2165 4
2166 35
2167 32
2168 7
2169 45
2170 27
2171 35
2172 9
2173 12
2174 8
2175 29
2176 13
2177 13
2178 23
2179 26
2180 37
2181 23
2182 41
2183 30
2184 18
2185 32
2186 18
2187 24
2188 23
2189 30
2190 21
2191 20
2192 34
2193 17
2194 15
2195 30
2196 9
2197 42
2198 33
2199 23
2200 42
2201 7
2202 20
2203 45
2204 41
2205 39
2206 10
2207 36
2208 40
2209 7
2210 14
2211 16
2212 40
2213 33
2214 42
2215 27
2216 23
2217 41
2218 12
2219 26
2220 19
2221 32
2222 23
2223 35
2224 42
2225 6
2226 15
2227 21
2228 2
2229 21
2230 5
2231 46
2232 24
2233 6
2234 36
2235 19
2236 10
2237 28
2238 37
2239 16
2240 38
2241 37
2242 42
2243 34
2244 4
2245 43
2246 42
2247 23
2248 42
2249 45
2250 38
2251 41
2252 30
2253 28
2254 10
2255 27
2256 19
2257 39
2258 20
2259 38
2260 1
2261 43
2262 43
2263 26
2264 25
2265 19
2266 22
2267 44
2268 9
2269 30
2270 7
2271 33
2272 23
2273 24
2274 21
2275 27
2276 37
2277 37
2278 37
2279 12
2280 9
2281 31
2282 12
2283 30
2284 4
2285 30
2286 26
2287 30
2288 44
2289 7
2290 44
2291 18
2292 13
2293 3
2294 15
2295 22
2296 27
2297 43
2298 5
2299 3
2300 44
2301 3
2302 34
2303 6
2304 7
2305 28
2306 44
2307 44
2308 11
2309 12
2310 20
2311 22
2312 7
2313 22
2314 5
2315 9
2316 41
2317 33
2318 4
2319 3
2320 19
2321 41
2322 20
2323 19
2324 18
2325 30
2326 22
2327 19
2328 33
2329 22
2330 29
2331 13
2332 7
2333 13
2334 46
2335 6
2336 10
2337 6
2338 27
2339 46
2340 10
2341 23
2342 39
2343 24
2344 22
2345 1
2346 46
2347 16
2348 23
2349 37
2350 33
2351 33
2352 9
2353 10
2354 31
2355 22
2356 34
2357 18
2358 24
2359 17
2360 36
2361 15
2362 3
2363 18
2364 9
2365 41
2366 9
2367 16
2368 4
2369 30
2370 27
2371 5
2372 19
2373 12
2374 20
2375 27
2376 29
2377 42
2378 27
2379 43
2380 35
2381 21
2382 15
2383 18
2384 46
2385 7
2386 36
2387 7
2388 40
2389 44
2390 26
2391 44
2392 42
2393 4
2394 37
2395 16
2396 29
2397 44
2398 44
2399 44
2400 7
2401 5
2402 19
2403 2
2404 32
2405 27
2406 40
2407 41
2408 25
2409 5
2410 37
2411 17
2412 45
2413 43
2414 41
2415 33
2416 21
2417 19
2418 11
2419 15
2420 3
2421 46
2422 36
2423 10
2424 34
2425 33
2426 26
2427 26
2428 28
2429 35
2430 33
2431 39
2432 12
2433 33
2434 26
2435 15
2436 12
2437 41
2438 27
2439 16
2440 23
2441 42
2442 33
2443 12
2444 25
2445 37
2446 46
2447 13
2448 32
2449 43
2450 14
2451 40
2452 27
2453 7
2454 20
2455 11
2456 33
2457 29
2458 31
2459 35
2460 18
2461 29
2462 37
2463 27
2464 36
2465 23
2466 17
2467 10
2468 34
2469 6
2470 3
2471 17
2472 26
2473 26
2474 4
2475 37
2476 19
2477 23
2478 42
2479 37
2480 17
2481 37
2482 19
2483 8
2484 45
2485 42
2486 29
2487 11
2488 12
2489 35
2490 18
2491 29
2492 37
2493 34
2494 6
2495 34
2496 22
2497 29
2498 1
2499 29
2500 22
2501 34
2502 44
2503 8
2504 34
2505 37
2506 30
2507 32
2508 10
2509 45
2510 27
2511 39
2512 43
2513 32
2514 6
2515 38
2516 21
2517 5
2518 32
2519 44
2520 36
2521 6
2522 6
2523 35
2524 34
2525 38
2526 17
2527 43
2528 5
2529 11
2530 19
2531 22
2532 46
2533 1
2534 25
2535 38
2536 14
2537 5
2538 16
2539 10
2540 5
2541 34
2542 17
2543 27
2544 2
2545 22
2546 41
2547 2
2548 34
2549 40
2550 13
2551 16
2552 12
2553 43
2554 6
2555 20
2556 11
2557 28
2558 22
2559 37
2560 39
2561 38
2562 37
2563 7
2564 14
2565 17
2566 7
2567 23
2568 46
2569 29
2570 36
2571 45
2572 14
2573 42
2574 31
2575 37
2576 18
2577 42
2578 39
2579 13
2580 18
2581 14
2582 21
2583 45
2584 41
2585 26
2586 32
2587 43
2588 21
2589 17
2590 18
2591 27
2592 22
2593 32
2594 38
2595 10
2596 36
2597 46
2598 46
2599 19
2600 22
2601 30
2602 33
2603 2
2604 8
2605 4
2606 26
2607 45
2608 34
2609 34
2610 46
2611 19
2612 2
2613 13
2614 11
2615 29
2616 2
2617 27
2618 15
2619 21
2620 9
2621 8
2622 25
2623 29
2624 1
2625 8
2626 17
2627 17
2628 40
2629 22
2630 9
2631 34
2632 32
2633 18
2634 9
2635 22
2636 25
2637 10
2638 20
2639 36
2640 43
2641 4
2642 33
2643 45
2644 31
2645 14
2646 46
2647 35
2648 39
2649 30
2650 24
2651 4
2652 42
2653 6
2654 14
2655 18
2656 37
2657 13
2658 24
2659 1
2660 32
2661 19
2662 39
2663 20
2664 22
2665 39
2666 29
2667 6
2668 13
2669 26
2670 34
2671 46
2672 11
2673 27
2674 31
2675 17
2676 20
2677 34
2678 20
2679 21
2680 44
2681 13
2682 29
2683 32
2684 43
2685 39
2686 30
2687 46
2688 18
2689 28
2690 21
2691 18
2692 17
2693 29
2694 2
2695 40
2696 44
2697 14
2698 30
2699 21
2700 2
2701 10
2702 27
2703 31
2704 43
2705 31
2706 44
2707 20
2708 7
2709 19
2710 27
2711 19
2712 37
2713 2
2714 17
2715 21
2716 24
2717 25
2718 27
2719 39
2720 12
2721 14
2722 23
2723 40
2724 46
2725 40
2726 30
2727 22
2728 46
2729 43
2730 45
2731 32
2732 10
2733 15
2734 26
2735 3
2736 30
2737 38
2738 32
2739 11
2740 18
2741 20
2742 38
2743 7
2744 43
2745 3
2746 4
2747 34
2748 24
2749 7
2750 31
2751 23
2752 43
2753 41
2754 9
2755 18
2756 31
2757 43
2758 9
2759 11
2760 24
2761 32
2762 23
2763 10
2764 9
2765 30
2766 30
2767 9
2768 32
2769 9
2770 23
2771 9
2772 42
2773 44
2774 9
2775 1
2776 39
2777 22
2778 29
2779 4
2780 18
2781 38
2782 37
2783 20
2784 7
2785 38
2786 24
2787 6
2788 46
2789 35
2790 13
2791 7
2792 13
2793 21
2794 17
2795 44
2796 24
2797 24
2798 29
2799 38
2800 18
2801 16
2802 22
2803 6
2804 11
2805 9
2806 42
2807 14
2808 28
2809 13
2810 11
2811 1
2812 29
2813 45
2814 31
2815 42
2816 6
2817 21
2818 16
2819 36
2820 34
2821 15
2822 3
2823 45
2824 10
2825 45
2826 16
2827 8
2828 41
2829 23
2830 40
2831 22
2832 36
2833 8
2834 11
2835 27
2836 45
2837 12
2838 6
2839 46
2840 36
2841 11
2842 44
2843 46
2844 23
2845 23
2846 27
2847 31
2848 33
2849 7
2850 17
2851 10
2852 33
2853 35
2854 46
2855 37
2856 32
2857 13
2858 12
2859 37
2860 24
2861 26
2862 43
2863 40
2864 13
2865 27
2866 7
2867 32
2868 18
2869 27
2870 44
2871 8
2872 32
2873 2
2874 24
2875 5
2876 12
2877 26
2878 13
2879 46
2880 31
2881 44
2882 43
2883 25
2884 19
2885 4
2886 25
2887 31
2888 27
2889 11
2890 22
2891 15
2892 8
2893 25
2894 27
2895 44
2896 25
2897 36
2898 10
2899 32
2900 40
2901 41
2902 9
2903 12
2904 36
2905 33
2906 46
2907 19
2908 46
2909 4
2910 15
2911 35
2912 40
2913 10
2914 5
2915 33
2916 1
2917 5
2918 40
2919 45
2920 37
2921 23
2922 23
2923 26
2924 42
2925 10
2926 38
2927 46
2928 36
2929 34
2930 3
2931 27
2932 13
2933 40
2934 13
2935 17
2936 19
2937 25
2938 34
2939 12
2940 25
2941 38
2942 39
2943 11
2944 15
2945 1
2946 11
2947 23
2948 21
2949 33
2950 31
2951 12
2952 31
2953 32
2954 18
2955 13
2956 44
2957 41
2958 34
2959 36
2960 36
2961 43
2962 10
2963 17
2964 5
2965 23
2966 28
2967 36
2968 5
2969 5
2970 7
2971 19
2972 21
2973 9
2974 35
2975 44
2976 13
2977 42
2978 30
2979 26
2980 46
2981 18
2982 28
2983 3
2984 6
2985 45
2986 14
2987 19
2988 4
2989 9
2990 13
2991 40
2992 41
2993 17
2994 28
2995 6
2996 19
2997 32
2998 13
2999 28
3000 28
3001 15
3002 14
3003 41
3004 17
3005 33
3006 23
3007 38
3008 35
3009 13
3010 41
3011 46
3012 9
3013 41
3014 19
3015 27
3016 26
3017 17
3018 10
3019 1
3020 6
3021 11
3022 31
3023 18
3024 15
3025 33
3026 9
3027 38
3028 45
3029 34
3030 35
3031 39
3032 7
3033 12
3034 29
3035 13
3036 15
3037 34
3038 4
3039 1
3040 7
3041 33
3042 11
3043 5
3044 25
3045 38
3046 32
3047 20
3048 15
3049 23
3050 40
3051 27
3052 34
3053 3
3054 37
3055 14
3056 21
3057 42
3058 33
3059 35
3060 17
3061 44
3062 5
3063 16
3064 14
3065 27
3066 27
3067 30
3068 45
3069 43
3070 33
3071 42
3072 30
3073 13
3074 33
3075 9
3076 44
3077 9
3078 42
3079 33
3080 14
3081 43
3082 30
3083 2
3084 38
3085 19
3086 27
3087 10
3088 36
3089 40
3090 19
3091 21
3092 18
3093 37
3094 39
3095 12
3096 38
3097 6
3098 22
3099 45
3100 25
3101 26
3102 43
3103 9
3104 37
3105 35
3106 42
3107 4
3108 12
3109 14
3110 44
3111 19
3112 18
3113 44
3114 35
3115 9
3116 13
3117 23
3118 11
3119 34
3120 46
3121 23
3122 11
3123 22
3124 26
3125 30
3126 6
3127 42
3128 34
3129 35
3130 7
3131 26
3132 6
3133 45
3134 9
3135 9
3136 36
3137 4
3138 27
3139 38
3140 42
3141 28
3142 12
3143 31
3144 2
3145 6
3146 34
3147 36
3148 11
3149 32
3150 36
3151 21
3152 20
3153 15
3154 17
3155 27
3156 28
3157 25
3158 17
3159 44
3160 40
3161 25
3162 42
3163 41
3164 36
3165 42
3166 7
3167 11
3168 19
3169 15
3170 33
3171 33
3172 24
3173 11
3174 23
3175 2
3176 37
3177 20
3178 2
3179 7
3180 44
3181 23
3182 32
3183 17
3184 9
3185 40
3186 27
3187 18
3188 5
3189 43
3190 6
3191 10
3192 2
3193 40
3194 33
3195 39
3196 18
3197 5
3198 12
3199 38
3200 27
3201 29
3202 22
3203 9
3204 22
3205 6
3206 15
3207 21
3208 15
3209 34
3210 14
3211 15
3212 2
3213 44
3214 40
3215 9
3216 36
3217 36
3218 17
3219 32
3220 10
3221 1
3222 18
3223 30
3224 13
3225 5
3226 38
3227 39
3228 5
3229 22
3230 27
3231 41
3232 24
3233 28
3234 3
3235 34
3236 9
3237 46
3238 9
3239 11
3240 35
3241 9
3242 46
3243 28
3244 4
3245 10
3246 34
3247 24
3248 31
3249 41
3250 35
3251 1
3252 38
3253 17
3254 38
3255 10
3256 36
3257 28
3258 16
3259 7
3260 25
3261 24
3262 23
3263 41
3264 11
3265 30
3266 6
3267 1
3268 9
3269 36
3270 25
3271 37
3272 46
3273 27
3274 17
3275 13
3276 30
3277 29
3278 34
3279 10
3280 44
3281 23
3282 20
3283 34
3284 12
3285 1
3286 35
3287 1
3288 22
3289 15
3290 42
3291 25
3292 26
3293 33
3294 3
3295 14
3296 46
3297 20
3298 36
3299 29
3300 9
3301 42
3302 29
3303 13
3304 7
3305 45
3306 38
3307 34
3308 7
3309 32
3310 46
3311 32
3312 17
3313 27
3314 17
3315 19
3316 41
3317 26
3318 27
3319 44
3320 31
3321 9
3322 45
3323 1
3324 30
3325 3
3326 28
3327 43
3328 20
3329 18
3330 13
3331 31
3332 44
3333 29
3334 25
3335 16
3336 8
3337 22
3338 24
3339 7
3340 14
3341 21
3342 7
3343 43
3344 23
3345 16
3346 23
3347 36
3348 41
3349 2
3350 6
3351 2
3352 38
3353 13
3354 39
3355 4
3356 11
3357 39
3358 15
3359 15
3360 41
3361 17
3362 18
3363 12
3364 13
3365 13
3366 37
3367 10
3368 32
3369 28
3370 20
3371 32
3372 23
3373 9
3374 20
3375 18
3376 44
3377 41
3378 1
3379 28
3380 10
3381 20
3382 36
3383 29
3384 17
3385 10
3386 33
3387 23
3388 41
3389 9
3390 45
3391 33
3392 11
3393 19
3394 44
3395 28
3396 8
3397 21
3398 29
3399 14
3400 17
3401 29
3402 31
3403 43
3404 8
3405 9
3406 19
3407 46
3408 7
3409 14
3410 19
3411 12
3412 20
3413 18
3414 24
3415 25
3416 42
3417 13
3418 37
3419 26
3420 14
3421 36
3422 23
3423 9
3424 34
3425 44
3426 45
3427 5
3428 41
3429 25
3430 15
3431 45
3432 11
3433 9
3434 43
3435 33
3436 39
3437 43
3438 27
3439 42
3440 16
3441 45
3442 43
3443 46
3444 42
3445 11
3446 35
3447 42
3448 3
3449 25
3450 38
3451 23
3452 27
3453 1
3454 12
3455 5
3456 35
3457 18
3458 9
3459 25
3460 31
3461 14
3462 14
3463 29
3464 17
3465 23
3466 1
3467 36
3468 11
3469 45
3470 29
3471 42
3472 22
3473 23
3474 38
3475 13
3476 15
3477 16
3478 14
3479 25
3480 42
3481 20
3482 1
3483 10
3484 12
3485 41
3486 13
3487 19
3488 38
3489 25
3490 31
3491 25
3492 19
3493 38
3494 26
3495 20
3496 18
3497 30
3498 44
3499 26
3500 30
3501 22
3502 46
3503 16
3504 19
3505 40
3506 2
3507 32
3508 2
3509 7
3510 10
3511 25
3512 33
3513 34
3514 23
3515 21
3516 19
3517 40
3518 3
3519 45
3520 34
3521 33
3522 18
3523 22
3524 23
3525 36
3526 7
3527 1
3528 10
3529 10
3530 13
3531 19
3532 44
3533 33
3534 36
3535 34
3536 21
3537 29
3538 35
3539 31
3540 30
3541 18
3542 18
3543 25
3544 24
3545 27
3546 24
3547 20
3548 8
3549 41
3550 30
3551 16
3552 10
3553 34
3554 28
3555 7
3556 29
3557 34
3558 45
3559 3
3560 30
3561 42
3562 21
3563 21
3564 29
3565 1
3566 46
3567 32
3568 24
3569 44
3570 7
3571 9
3572 28
3573 30
3574 29
3575 14
3576 5
3577 29
3578 41
3579 29
3580 20
3581 22
3582 27
3583 36
3584 19
3585 21
3586 19
3587 40
3588 36
3589 15
3590 45
3591 17
3592 25
3593 39
3594 46
3595 37
3596 37
3597 7
3598 27
3599 32
3600 29
3601 43
3602 34
3603 31
3604 14
3605 44
3606 13
3607 27
3608 6
3609 5
3610 42
3611 20
3612 11
3613 39
3614 45
3615 20
3616 4
3617 30
3618 16
3619 13
3620 15
3621 16
3622 36
3623 42
3624 37
3625 43
3626 30
3627 38
3628 19
3629 38
3630 18
3631 1
3632 26
3633 35
3634 2
3635 40
3636 6
3637 2
3638 31
3639 32
3640 20
3641 46
3642 26
3643 37
3644 31
3645 18
3646 42
3647 19
3648 4
3649 1
3650 32
3651 38
3652 30
3653 40
3654 42
3655 31
3656 36
3657 38
3658 12
3659 17
3660 3
3661 13
3662 34
3663 29
3664 31
3665 34
3666 41
3667 23
3668 45
3669 9
3670 46
3671 29
3672 40
3673 23
3674 30
3675 31
3676 14
3677 9
3678 20
3679 9
3680 43
3681 8
3682 19
3683 21
3684 44
3685 28
3686 22
3687 9
3688 3
3689 6
3690 21
3691 7
3692 13
3693 7
3694 27
3695 9
3696 32
3697 43
3698 32
3699 24
3700 1
3701 11
3702 43
3703 4
3704 25
3705 40
3706 11
3707 13
3708 46
3709 45
3710 12
3711 8
3712 19
3713 8
3714 6
3715 8
3716 27
3717 16
3718 44
3719 43
3720 27
3721 30
3722 14
3723 3
3724 42
3725 3
3726 11
3727 26
3728 45
3729 31
3730 10
3731 6
3732 6
3733 19
3734 3
3735 19
3736 36
3737 2
3738 2
3739 35
3740 1
3741 43
3742 19
3743 20
3744 9
3745 21
3746 20
3747 6
3748 4
3749 22
3750 3
3751 27
3752 2
3753 36
3754 5
3755 5
3756 36
3757 2
3758 21
3759 30
3760 15
3761 36
3762 11
3763 11
3764 15
3765 22
3766 44
3767 10
3768 27
3769 39
3770 41
3771 42
3772 37
3773 8
3774 42
3775 21
3776 33
3777 25
3778 10
3779 46
3780 9
3781 34
3782 8
3783 13
3784 44
3785 12
3786 9
3787 30
3788 3
3789 18
3790 11
3791 31
3792 6
3793 29
3794 46
3795 4
3796 44
3797 26
3798 40
3799 14
3800 22
3801 1
3802 36
3803 42
3804 10
3805 19
3806 22
3807 16
3808 37
3809 25
3810 8
3811 17
3812 10
3813 38
3814 12
3815 20
3816 23
3817 31
3818 31
3819 42
3820 8
3821 36
3822 38
3823 19
3824 43
3825 44
3826 14
3827 46
3828 41
3829 21
3830 2
3831 20
3832 36
3833 7
3834 20
3835 2
3836 20
3837 18
3838 40
3839 1
3840 25
3841 30
3842 14
3843 22
3844 30
3845 19
3846 9
3847 34
3848 42
3849 45
3850 11
3851 26
3852 25
3853 21
3854 19
3855 1
3856 11
3857 13
3858 34
3859 24
3860 46
3861 30
3862 3
3863 21
3864 11
3865 29
3866 10
3867 46
3868 18
3869 43
3870 16
3871 44
3872 39
3873 33
3874 9
3875 40
3876 19
3877 45
3878 12
3879 16
3880 24
3881 2
3882 37
3883 19
3884 39
3885 15
3886 38
3887 39
3888 20
3889 15
3890 17
3891 36
3892 26
3893 33
3894 33
3895 29
3896 46
3897 23
3898 20
3899 12
3900 12
3901 42
3902 25
3903 5
3904 18
3905 8
3906 20
3907 36
3908 26
3909 12
3910 43
3911 11
3912 22
3913 27
3914 33
3915 7
3916 25
3917 32
3918 1
3919 29
3920 17
3921 9
3922 36
3923 38
3924 17
3925 11
3926 2
3927 37
3928 16
3929 34
3930 17
3931 19
3932 11
3933 13
3934 18
3935 46
3936 19
3937 19
3938 17
3939 23
3940 6
3941 42
3942 10
3943 19
3944 13
3945 34
3946 32
3947 13
3948 26
3949 9
3950 46
3951 34
3952 39
3953 36
3954 35
3955 26
3956 15
3957 14
3958 10
3959 22
3960 23
3961 7
3962 33
3963 25
3964 5
3965 40
3966 25
3967 28
3968 13
3969 9
3970 33
3971 33
3972 36
3973 2
3974 42
3975 42
3976 38
3977 11
3978 18
3979 43
3980 25
3981 40
3982 18
3983 19
3984 45
3985 46
3986 37
3987 36
3988 18
3989 7
3990 42
3991 39
3992 44
3993 46
3994 14
3995 43
3996 11
3997 21
3998 41
3999 29
4000 32
4001 46
4002 1
4003 18
4004 43
4005 46
4006 8
4007 18
4008 6
4009 36
4010 19
4011 8
4012 43
4013 35
4014 42
4015 25
4016 30
4017 11
4018 13
4019 26
4020 46
4021 7
4022 43
4023 36
4024 33
4025 19
4026 20
4027 22
4028 13
4029 5
4030 26
4031 15
4032 42
4033 43
4034 46
4035 3
4036 6
4037 45
4038 30
4039 21
4040 25
4041 26
4042 20
4043 20
4044 33
4045 7
4046 9
4047 46
4048 42
4049 34
4050 30
4051 20
4052 17
4053 10
4054 19
4055 43
4056 13
4057 44
4058 24
4059 21
4060 37
4061 36
4062 27
4063 42
4064 45
4065 5
4066 10
4067 20
4068 28
4069 28
4070 14
4071 13
4072 32
4073 26
4074 37
4075 18
4076 14
4077 28
4078 17
4079 11
4080 37
4081 2
4082 4
4083 46
4084 27
4085 20
4086 19
4087 4
4088 35
4089 15
4090 15
4091 15
4092 1
4093 40
4094 6
4095 27
4096 19
4097 14
4098 27
4099 9
4100 26
4101 43
4102 45
4103 38
4104 25
4105 40
4106 27
4107 25
4108 13
4109 43
4110 36
4111 36
4112 30
4113 8
4114 11
4115 31
4116 3
4117 44
4118 13
4119 34
4120 22
4121 10
4122 12
4123 24
4124 41
4125 17
4126 8
4127 14
4128 27
4129 39
4130 27
4131 33
4132 38
4133 7
4134 23
4135 25
4136 15
4137 11
4138 44
4139 20
4140 14
4141 27
4142 32
4143 38
4144 46
4145 11
4146 25
4147 32
4148 11
4149 25
4150 38
4151 7
4152 4
4153 17
4154 28
4155 10
4156 34
4157 3
4158 8
4159 4
4160 21
4161 43
4162 4
4163 16
4164 27
4165 4
4166 18
4167 40
4168 29
4169 21
4170 25
4171 25
4172 40
4173 12
4174 18
4175 20
4176 16
4177 26
4178 19
4179 36
4180 21
4181 38
4182 10
4183 36
4184 25
4185 33
4186 44
4187 36
4188 11
4189 33
4190 31
4191 13
4192 10
4193 38
4194 42
4195 23
4196 30
4197 9
4198 4
4199 13
4200 3
4201 46
4202 28
4203 34
4204 32
4205 45
4206 8
4207 44
4208 41
4209 25
4210 7
4211 39
4212 33
4213 3
4214 17
4215 33
4216 43
4217 12
4218 3
4219 41
4220 43
4221 26
4222 38
4223 8
4224 42
4225 17
4226 4
4227 44
4228 29
4229 6
4230 3
4231 9
4232 33
4233 41
4234 34
4235 5
4236 2
4237 4
4238 46
4239 8
4240 4
4241 41
4242 5
4243 40
4244 19
4245 2
4246 13
4247 37
4248 19
4249 46
4250 10
4251 12
4252 39
4253 38
4254 1
4255 30
4256 40
4257 46
4258 35
4259 29
4260 2
4261 34
4262 29
4263 16
4264 14
4265 23
4266 24
4267 17
4268 22
4269 6
4270 33
4271 4
4272 13
4273 14
4274 14
4275 41
4276 2
4277 42
4278 23
4279 10
4280 20
4281 14
4282 32
4283 24
4284 8
4285 35
4286 26
4287 4
4288 40
4289 23
4290 44
4291 7
4292 32
4293 44
4294 24
4295 22
4296 34
4297 41
4298 43
4299 42
4300 46
4301 46
4302 25
4303 21
4304 16
4305 23
4306 29
4307 27
4308 20
4309 26
4310 42
4311 17
4312 11
4313 42
4314 9
4315 33
4316 34
4317 21
4318 7
4319 5
4320 13
4321 39
4322 44
4323 14
4324 46
4325 2
4326 14
4327 21
4328 23
4329 33
4330 21
4331 34
4332 34
4333 1
4334 35
4335 40
4336 7
4337 26
4338 19
4339 25
4340 44
4341 31
4342 41
4343 38
4344 42
4345 19
4346 10
4347 1
4348 30
4349 37
4350 17
4351 20
4352 44
4353 7
4354 19
4355 45
4356 17
4357 41
4358 15
4359 34
4360 23
4361 26
4362 27
4363 30
4364 44
4365 24
4366 27
4367 38
4368 33
4369 21
4370 23
4371 11
4372 14
4373 30
4374 18
4375 38
4376 41
4377 38
4378 9
4379 32
4380 42
4381 12
4382 44
4383 6
4384 9
4385 26
4386 45
4387 38
4388 10
4389 34
4390 14
4391 40
4392 16
4393 33
4394 45
4395 32
4396 34
4397 46
4398 33
4399 3
4400 10
4401 36
4402 40
4403 44
4404 36
4405 36
4406 42
4407 41
4408 2
4409 17
4410 31
4411 18
4412 19
4413 36
4414 1
4415 3
4416 38
4417 20
4418 11
4419 18
4420 16
4421 36
4422 38
4423 3
4424 23
4425 10
4426 30
4427 23
4428 11
4429 29
4430 40
4431 27
4432 21
4433 22
4434 14
4435 41
4436 23
4437 43
4438 13
4439 29
4440 20
4441 9
4442 36
4443 17
4444 43
4445 46
4446 32
4447 20
4448 14
4449 9
4450 19
4451 36
4452 27
4453 34
4454 11
4455 17
4456 45
4457 2
4458 46
4459 1
4460 8
4461 5
4462 25
4463 41
4464 33
4465 37
4466 39
4467 36
4468 24
4469 7
4470 15
4471 14
4472 30
4473 39
4474 18
4475 34
4476 43
4477 35
4478 5
4479 2
4480 32
4481 23
4482 32
4483 33
4484 24
4485 13
4486 19
4487 1
4488 36
4489 15
4490 25
4491 35
4492 5
4493 34
4494 1
4495 32
4496 39
4497 44
4498 9
4499 24
4500 42
4501 19
4502 22
4503 31
4504 34
4505 11
4506 35
4507 27
4508 28
4509 25
4510 7
4511 30
4512 5
4513 23
4514 12
4515 22
4516 39
4517 42
4518 16
4519 40
4520 42
4521 39
4522 8
4523 10
4524 39
4525 45
4526 18
4527 40
4528 20
4529 27
4530 31
4531 23
4532 11
4533 22
4534 17
4535 46
4536 44
4537 15
4538 44
4539 9
4540 27
4541 33
4542 38
4543 19
4544 11
4545 21
4546 9
4547 22
4548 27
4549 26
4550 3
4551 33
4552 13
4553 44
4554 25
4555 39
4556 44
4557 41
4558 25
4559 35
4560 19
4561 30
4562 8
4563 4
4564 39
4565 1
4566 39
4567 14
4568 45
4569 19
4570 31
4571 26
4572 30
4573 21
4574 33
4575 33
4576 33
4577 7
4578 23
4579 34
4580 15
4581 3
4582 6
4583 31
4584 26
4585 26
4586 6
4587 21
4588 27
4589 12
4590 26
4591 19
4592 31
4593 14
4594 23
4595 5
4596 34
4597 41
4598 28
4599 10
4600 40
4601 38
4602 38
4603 9
4604 34
4605 41
4606 41
4607 14
4608 2
4609 38
4610 21
4611 30
4612 26
4613 33
4614 36
4615 15
4616 30
4617 33
4618 35
4619 36
4620 19
4621 15
4622 17
4623 27
4624 11
4625 23
4626 32
4627 21
4628 7
4629 22
4630 26
4631 24
4632 15
4633 37
4634 34
4635 9
4636 17
4637 43
4638 41
4639 13
4640 26
4641 3
4642 12
4643 31
4644 1
4645 13
4646 28
4647 40
4648 7
4649 34
4650 21
4651 22
4652 37
4653 34
4654 30
4655 36
4656 3
4657 40
4658 18
4659 20
4660 36
4661 37
4662 39
4663 46
4664 22
4665 7
4666 9
4667 38
4668 45
4669 43
4670 3
4671 27
4672 46
4673 30
4674 44
4675 2
4676 44
4677 13
4678 29
4679 23
4680 3
4681 8
4682 45
4683 13
4684 34
4685 2
4686 28
4687 38
4688 10
4689 41
4690 8
4691 7
4692 25
4693 29
4694 28
4695 42
4696 7
4697 36
4698 27
4699 4
4700 23
4701 26
4702 30
4703 7
4704 10
4705 29
4706 28
4707 33
4708 11
4709 23
4710 38
4711 35
4712 6
4713 8
4714 34
4715 2
4716 34
4717 35
4718 12
4719 11
4720 34
4721 46
4722 6
4723 42
4724 10
4725 34
4726 38
4727 24
4728 8
4729 3
4730 37
4731 14
4732 9
4733 37
4734 4
4735 7
4736 37
4737 23
4738 21
4739 28
4740 15
4741 1
4742 18
4743 46
4744 43
4745 42
4746 24
4747 11
4748 31
4749 37
4750 30
4751 14
4752 14
4753 27
4754 33
4755 28
4756 40
4757 14
4758 44
4759 12
4760 23
4761 16
4762 9
4763 11
4764 35
4765 38
4766 30
4767 10
4768 46
4769 30
4770 43
4771 44
4772 22
4773 9
4774 34
4775 24
4776 30
4777 1
4778 35
4779 28
4780 41
4781 24
4782 16
4783 29
4784 20
4785 3
4786 13
4787 32
4788 25
4789 1
4790 5
4791 46
4792 7
4793 38
4794 5
4795 46
4796 22
4797 30
4798 46
4799 23
4800 38
4801 25
4802 42
4803 17
4804 7
4805 1
4806 36
4807 6
4808 29
4809 36
4810 6
4811 16
4812 42
4813 20
4814 24
4815 27
4816 4
4817 40
4818 1
4819 44
4820 21
4821 16
4822 27
4823 41
4824 16
4825 14
4826 15
4827 41
4828 23
4829 14
4830 35
4831 14
4832 10
4833 30
4834 6
4835 37
4836 36
4837 34
4838 18
4839 38
4840 33
4841 18
4842 46
4843 45
4844 31
4845 38
4846 8
4847 40
4848 27
4849 43
4850 4
4851 41
4852 4
4853 24
4854 39
4855 10
4856 39
4857 13
4858 33
4859 34
4860 11
4861 46
4862 33
4863 44
4864 42
4865 27
4866 16
4867 43
4868 23
4869 30
4870 46
4871 6
4872 32
4873 23
4874 41
4875 29
4876 19
4877 10
4878 18
4879 9
4880 20
4881 14
4882 38
4883 1
4884 10
4885 36
4886 2
4887 37
4888 4
4889 42
4890 38
4891 18
4892 44
4893 8
4894 12
4895 25
4896 31
4897 34
4898 17
4899 7
4900 16
4901 5
4902 17
4903 23
4904 15
4905 25
4906 26
4907 7
4908 35
4909 33
4910 30
4911 40
4912 25
4913 23
4914 30
4915 38
4916 28
4917 1
4918 17
4919 39
4920 15
4921 35
4922 36
4923 38
4924 19
4925 38
4926 5
4927 20
4928 31
4929 27
4930 31
4931 16
4932 42
4933 6
4934 7
4935 45
4936 41
4937 17
4938 34
4939 34
4940 17
4941 8
4942 40
4943 11
4944 36
4945 45
4946 36
4947 36
4948 13
4949 25
4950 38
4951 5
4952 24
4953 25
4954 15
4955 23
4956 27
4957 5
4958 36
4959 6
4960 33
4961 43
4962 38
4963 42
4964 13
4965 17
4966 8
4967 34
4968 34
4969 14
4970 28
4971 14
4972 38
4973 15
4974 44
4975 37
4976 36
4977 10
4978 38
4979 10
4980 21
4981 10
4982 11
4983 20
4984 1
4985 32
4986 9
4987 8
4988 45
4989 29
4990 38
4991 1
4992 36
4993 43
4994 32
4995 31
4996 30
4997 17
4998 37
4999 14
5000 41
5001 4
5002 34
5003 29
5004 22
5005 3
5006 15
5007 5
5008 30
5009 25
5010 17
5011 39
5012 27
5013 5
5014 28
5015 45
5016 34
5017 42
5018 26
5019 28
5020 41
5021 13
5022 38
5023 27
5024 46
5025 11
5026 37
5027 30
5028 10
5029 37
5030 14
5031 27
5032 34
5033 20
5034 46
5035 26
5036 36
5037 4
5038 21
5039 32
5040 14
5041 1
5042 11
5043 27
5044 21
5045 7
5046 11
5047 12
5048 31
5049 16
5050 20
5051 18
5052 29
5053 24
5054 30
5055 23
5056 8
5057 27
5058 11
5059 23
5060 33
5061 34
5062 36
5063 20
5064 45
5065 40
5066 19
5067 6
5068 25
5069 17
5070 27
5071 24
5072 19
5073 12
5074 11
5075 36
5076 6
5077 33
5078 19
5079 42
5080 40
5081 33
5082 33
5083 7
5084 42
5085 20
5086 5
5087 42
5088 10
5089 13
5090 37
5091 21
5092 43
5093 29
5094 46
5095 38
5096 34
5097 44
5098 34
5099 13
5100 37
5101 36
5102 45
5103 42
5104 36
5105 1
5106 15
5107 17
5108 24
5109 29
5110 14
5111 42
5112 39
5113 33
5114 38
5115 10
5116 30
5117 37
5118 36
5119 18
5120 14
5121 34
5122 25
5123 41
5124 46
5125 20
5126 12
5127 10
5128 10
5129 27
5130 10
5131 45
5132 46
5133 15
5134 5
5135 30
5136 16
5137 38
5138 1
5139 12
5140 28
5141 32
5142 2
5143 19
5144 19
5145 44
5146 4
5147 16
5148 7
5149 38
5150 41
5151 12
5152 28
5153 4
5154 2
5155 39
5156 44
5157 20
5158 11
5159 42
5160 24
5161 17
5162 46
5163 11
5164 28
5165 14
5166 26
5167 23
5168 35
5169 8
5170 9
5171 31
5172 6
5173 19
5174 24
5175 36
5176 24
5177 25
5178 45
5179 4
5180 38
5181 2
5182 43
5183 38
5184 33
5185 25
5186 20
5187 46
5188 27
5189 30
5190 1
5191 46
5192 41
5193 23
5194 19
5195 37
5196 44
5197 9
5198 10
5199 27
5200 4
5201 31
5202 1
5203 25
5204 8
5205 44
5206 33
5207 26
5208 31
5209 20
5210 36
5211 1
5212 21
5213 30
5214 45
5215 31
5216 36
5217 12
5218 5
5219 45
5220 25
5221 29
5222 40
5223 23
5224 27
5225 16
5226 7
5227 35
5228 36
5229 39
5230 13
5231 13
5232 23
5233 37
5234 9
5235 29
5236 38
5237 34
5238 19
5239 10
5240 41
5241 46
5242 9
5243 30
5244 41
5245 19
5246 28
5247 46
5248 28
5249 16
5250 27
5251 33
5252 25
5253 21
5254 26
5255 41
5256 30
5257 34
5258 16
5259 30
5260 25
5261 10
5262 14
5263 25
5264 8
5265 11
5266 21
5267 1
5268 5
5269 6
5270 32
5271 44
5272 23
5273 30
5274 40
5275 46
5276 44
5277 42
5278 5
5279 22
5280 9
5281 3
5282 38
5283 25
5284 40
5285 1
5286 25
5287 30
5288 36
5289 29
5290 42
5291 34
5292 16
5293 23
5294 26
5295 29
5296 20
5297 27
5298 17
5299 44
5300 41
5301 34
5302 28
5303 38
5304 45
5305 29
5306 7
5307 38
5308 9
5309 41
5310 28
5311 19
5312 24
5313 9
5314 1
5315 32
5316 43
5317 37
5318 30
5319 29
5320 41
5321 25
5322 1
5323 23
5324 40
5325 28
5326 31
5327 33
5328 43
5329 14
5330 16
5331 43
5332 31
5333 34
5334 27
5335 3
5336 43
5337 30
5338 26
5339 42
5340 8
5341 12
5342 15
5343 13
5344 21
5345 32
5346 2
5347 42
5348 26
5349 34
5350 22
5351 22
5352 25
5353 23
5354 17
5355 5
5356 4
5357 13
5358 20
5359 3
5360 46
5361 42
5362 1
5363 41
5364 25
5365 19
5366 42
5367 23
5368 8
5369 18
5370 7
5371 29
5372 18
5373 43
5374 46
5375 28
5376 44
5377 18
5378 18
5379 45
5380 22
5381 23
5382 17
5383 36
5384 22
5385 32
5386 28
5387 16
5388 11
5389 5
5390 31
5391 16
5392 1
5393 34
5394 5
5395 18
5396 46
5397 2
5398 5
5399 30
5400 41
5401 17
5402 33
5403 2
5404 4
5405 41
5406 35
5407 18
5408 34
5409 13
5410 20
5411 15
5412 41
5413 38
5414 35
5415 26
5416 26
5417 45
5418 42
5419 43
5420 37
5421 29
5422 38
5423 16
5424 24
5425 46
5426 35
5427 7
5428 42
5429 17
5430 7
5431 18
5432 8
5433 9
5434 21
5435 10
5436 32
5437 21
5438 5
5439 6
5440 38
5441 30
5442 13
5443 25
5444 1
5445 32
5446 4
5447 22
5448 45
5449 36
5450 17
5451 32
5452 10
5453 19
5454 3
5455 42
5456 2
5457 4
5458 38
5459 6
5460 16
5461 24
5462 24
5463 42
5464 11
5465 45
5466 1
5467 43
5468 15
5469 17
5470 35
5471 30
5472 11
5473 40
5474 17
5475 25
5476 12
5477 38
5478 10
5479 24
5480 10
5481 27
5482 27
5483 1
5484 44
5485 40
5486 46
5487 36
5488 11
5489 1
5490 33
5491 38
5492 41
5493 12
5494 21
5495 23
5496 41
5497 44
5498 11
5499 43
5500 41
5501 34
5502 27
5503 46
5504 19
5505 46
5506 30
5507 14
5508 30
5509 16
5510 23
5511 5
5512 12
5513 20
5514 18
5515 44
5516 41
5517 1
5518 26
5519 28
5520 43
5521 14
5522 5
5523 42
5524 2
5525 38
5526 17
5527 44
5528 26
5529 17
5530 16
5531 10
5532 17
5533 25
5534 29
5535 25
5536 40
5537 43
5538 4
5539 42
5540 24
5541 38
5542 26
5543 1
5544 30
5545 14
5546 32
5547 43
5548 36
5549 36
5550 1
5551 39
5552 28
5553 42
5554 29
5555 30
5556 41
5557 44
5558 17
5559 10
5560 17
5561 46
5562 24
5563 9
5564 32
5565 24
5566 21
5567 41
5568 15
5569 43
5570 32
5571 19
5572 15
5573 46
5574 36
5575 42
5576 33
5577 42
5578 46
5579 16
5580 29
5581 1
5582 25
5583 9
5584 23
5585 22
5586 29
5587 13
5588 28
5589 23
5590 11
5591 37
5592 37
5593 9
5594 11
5595 23
5596 24
5597 45
5598 33
5599 36
5600 35
5601 16
5602 41
5603 38
5604 11
5605 2
5606 11
5607 20
5608 10
5609 42
5610 41
5611 40
5612 8
5613 5
5614 25
5615 16
5616 4
5617 9
5618 35
5619 42
5620 5
5621 26
5622 17
5623 17
5624 1
5625 34
5626 43
5627 24
5628 41
5629 30
5630 18
5631 8
5632 30
5633 17
5634 21
5635 24
5636 31
5637 46
5638 35
5639 18
5640 42
5641 22
5642 45
5643 18
5644 12
5645 4
5646 23
5647 19
5648 46
5649 7
5650 45
5651 37
5652 37
5653 30
5654 43
5655 41
5656 34
5657 43
5658 34
5659 14
5660 26
5661 31
5662 24
5663 20
5664 46
5665 40
5666 34
5667 12
5668 4
5669 46
5670 6
5671 24
5672 41
5673 33
5674 13
5675 5
5676 36
5677 31
5678 37
5679 28
5680 17
5681 42
5682 41
5683 5
5684 33
5685 17
5686 46
5687 37
5688 26
5689 12
5690 14
5691 30
5692 34
5693 11
5694 24
5695 28
5696 9
5697 16
5698 38
5699 36
5700 10
5701 40
5702 30
5703 34
5704 42
5705 11
5706 35
5707 7
5708 23
5709 38
5710 26
5711 44
5712 23
5713 18
5714 35
5715 13
5716 17
5717 34
5718 26
5719 27
5720 8
5721 19
5722 44
5723 23
5724 15
5725 31
5726 38
5727 42
5728 28
5729 39
5730 19
5731 31
5732 17
5733 24
5734 38
5735 12
5736 38
5737 9
5738 44
5739 19
5740 38
5741 7
5742 44
5743 34
5744 41
5745 18
5746 43
5747 23
5748 23
5749 14
5750 43
5751 43
5752 13
5753 43
5754 40
5755 33
5756 44
5757 29
5758 42
5759 45
5760 20
5761 40
5762 23
5763 43
5764 19
5765 23
5766 33
5767 39
5768 38
5769 44
5770 44
5771 17
5772 6
5773 26
5774 43
5775 19
5776 19
5777 17
5778 26
5779 25
5780 24
5781 41
5782 7
5783 38
5784 30
5785 45
5786 2
5787 44
5788 18
5789 25
5790 13
5791 45
5792 29
5793 16
5794 10
5795 30
5796 10
5797 28
5798 14
5799 44
5800 17
5801 22
5802 21
5803 13
5804 18
5805 42
5806 16
5807 27
5808 13
5809 39
5810 26
5811 15
5812 46
5813 18
5814 46
5815 11
5816 6
5817 44
5818 46
5819 35
5820 13
5821 13
5822 11
5823 23
5824 5
5825 23
5826 42
5827 29
5828 6
5829 29
5830 29
5831 4
5832 14
5833 9
5834 14
5835 36
5836 4
5837 23
5838 5
5839 43
5840 19
5841 39
5842 16
5843 7
5844 5
5845 40
5846 5
5847 5
5848 25
5849 40
5850 20
5851 8
5852 36
5853 44
5854 15
5855 10
5856 36
5857 2
5858 28
5859 22
5860 37
5861 30
5862 14
5863 19
5864 8
5865 2
5866 29
5867 11
5868 20
5869 27
5870 7
5871 28
5872 28
5873 34
5874 28
5875 38
5876 15
5877 29
5878 18
5879 38
5880 39
5881 28
5882 2
5883 6
5884 36
5885 15
5886 9
5887 32
5888 29
5889 18
5890 10
5891 25
5892 20
5893 26
5894 14
5895 29
5896 17
5897 13
5898 11
5899 42
5900 20
5901 37
5902 45
5903 43
5904 14
5905 7
5906 42
5907 11
5908 38
5909 22
5910 12
5911 20
5912 39
5913 21
5914 24
5915 14
5916 22
5917 26
5918 13
5919 20
5920 43
5921 18
5922 43
5923 44
5924 46
5925 40
5926 29
5927 11
5928 34
5929 5
5930 20
5931 11
5932 18
5933 19
5934 26
5935 42
5936 2
5937 12
5938 19
5939 34
5940 21
5941 20
5942 7
5943 45
5944 14
5945 45
5946 43
5947 13
5948 38
5949 24
5950 29
5951 29
5952 46
5953 23
5954 12
5955 34
5956 14
5957 10
5958 33
5959 12
5960 21
5961 25
5962 7
5963 17
5964 39
5965 20
5966 40
5967 11
5968 27
5969 42
5970 40
5971 41
5972 30
5973 43
5974 23
5975 19
5976 17
5977 10
5978 27
5979 30
5980 23
5981 45
5982 34
5983 23
5984 5
5985 17
5986 20
5987 13
5988 13
5989 35
5990 40
5991 25
5992 17
5993 16
5994 43
5995 7
5996 42
5997 44
5998 8
5999 30
6000 16
6001 14
6002 31
6003 19
6004 19
6005 7
6006 33
6007 36
6008 16
6009 18
6010 14
6011 13
6012 29
6013 33
6014 19
6015 33
6016 18
6017 1
6018 41
6019 5
6020 40
6021 24
6022 7
6023 41
6024 44
6025 2
6026 5
6027 10
6028 13
6029 39
6030 27
6031 34
6032 24
6033 5
6034 5
6035 41
6036 39
6037 36
6038 8
6039 40
6040 5
6041 39
6042 17
6043 25
6044 14
6045 1
6046 11
6047 16
6048 29
6049 37
6050 20
6051 28
6052 3
6053 20
6054 5
6055 5
6056 46
6057 14
6058 2
6059 35
6060 40
6061 44
6062 42
6063 8
6064 28
6065 22
6066 26
6067 7
6068 19
6069 6
6070 14
6071 45
6072 4
6073 26
6074 23
6075 11
6076 45
6077 45
6078 46
6079 45
6080 25
6081 25
6082 30
6083 45
6084 41
6085 8
6086 11
6087 36
6088 38
6089 26
6090 40
6091 36
6092 15
6093 36
6094 15
6095 33
6096 23
6097 44
6098 41
6099 44
6100 33
6101 16
6102 20
6103 12
6104 13
6105 12
6106 17
6107 11
6108 29
6109 23
6110 36
6111 44
6112 43
6113 37
6114 45
6115 19
6116 21
6117 17
6118 35
6119 29
6120 44
6121 46
6122 9
6123 18
6124 10
6125 35
6126 33
6127 24
6128 2
6129 45
6130 34
6131 42
6132 28
6133 1
6134 13
6135 29
6136 31
6137 25
6138 10
6139 8
6140 12
6141 10
6142 7
6143 38
6144 23
6145 20
6146 11
6147 44
6148 32
6149 17
6150 33
6151 14
6152 7
6153 21
6154 4
6155 38
6156 46
6157 24
6158 26
6159 1
6160 22
6161 6
6162 26
6163 8
6164 7
6165 27
6166 44
6167 10
6168 33
6169 36
6170 39
6171 11
6172 30
6173 7
6174 16
6175 14
6176 28
6177 45
6178 26
6179 45
6180 11
6181 17
6182 25
6183 23
6184 9
6185 10
6186 38
6187 34
6188 45
6189 28
6190 3
6191 4
6192 14
6193 27
6194 7
6195 21
6196 42
6197 42
6198 43
6199 15
6200 37
6201 1
6202 40
6203 20
6204 34
6205 37
6206 32
6207 14
6208 28
6209 8
6210 15
6211 35
6212 27
6213 14
6214 19
6215 27
6216 19
6217 22
6218 35
6219 43
6220 9
6221 4
6222 45
6223 33
6224 18
6225 4
6226 33
6227 28
6228 43
6229 29
6230 9
6231 42
6232 9
6233 29
6234 33
6235 6
6236 4
6237 10
6238 24
6239 33
6240 2
6241 26
6242 5
6243 21
6244 25
6245 9
6246 23
6247 29
6248 40
6249 36
6250 38
6251 22
6252 34
6253 7
6254 41
6255 26
6256 33
6257 29
6258 46
6259 5
6260 38
6261 30
6262 16
6263 32
6264 37
6265 11
6266 18
6267 33
6268 4
6269 8
6270 42
6271 4
6272 7
6273 2
6274 45
6275 10
6276 46
6277 39
6278 30
6279 32
6280 2
6281 14
6282 37
6283 20
6284 28
6285 11
6286 40
6287 26
6288 1
6289 46
6290 40
6291 40
6292 1
6293 13
6294 13
6295 41
6296 25
6297 41
6298 46
6299 9
6300 45
6301 3
6302 11
6303 42
6304 9
6305 10
6306 29
6307 5
6308 43
6309 24
6310 3
6311 1
6312 22
6313 24
6314 13
6315 1
6316 20
6317 1
6318 9
6319 35
6320 26
6321 36
6322 45
6323 1
6324 13
6325 38
6326 31
6327 5
6328 10
6329 42
6330 22
6331 44
6332 18
6333 10
6334 20
6335 14
6336 35
6337 34
6338 33
6339 42
6340 35
6341 27
6342 1
6343 42
6344 37
6345 6
6346 28
6347 13
6348 11
6349 32
6350 9
6351 41
6352 35
6353 21
6354 8
6355 10
6356 36
6357 29
6358 29
6359 5
6360 19
6361 22
6362 26
6363 8
6364 11
6365 6
6366 28
6367 25
6368 40
6369 44
6370 40
6371 42
6372 14
6373 10
6374 13
6375 26
6376 10
6377 38
6378 20
6379 33
6380 9
6381 39
6382 27
6383 9
6384 21
6385 22
6386 37
6387 3
6388 40
6389 33
6390 21
6391 36
6392 23
6393 23
6394 37
6395 5
6396 1
6397 40
6398 34
6399 22
6400 7
6401 24
6402 41
6403 34
6404 19
6405 40
6406 20
6407 34
6408 9
6409 27
6410 28
6411 25
6412 8
6413 41
6414 11
6415 37
6416 40
6417 41
6418 29
6419 27
6420 19
6421 37
6422 14
6423 21
6424 17
6425 26
6426 19
6427 42
6428 16
6429 19
6430 43
6431 41
6432 45
6433 32
6434 27
6435 35
6436 41
6437 3
6438 41
6439 22
6440 41
6441 7
6442 46
6443 21
6444 7
6445 19
6446 31
6447 7
6448 31
6449 43
6450 44
6451 21
6452 42
6453 12
6454 8
6455 10
6456 7
6457 45
6458 37
6459 27
6460 43
6461 32
6462 26
6463 39
6464 10
6465 27
6466 19
6467 16
6468 22
6469 30
6470 38
6471 11
6472 39
6473 17
6474 8
6475 22
6476 13
6477 30
6478 33
6479 24
6480 19
6481 46
6482 42
6483 41
6484 23
6485 17
6486 32
6487 29
6488 33
6489 4
6490 45
6491 41
6492 41
6493 32
6494 23
6495 17
6496 23
6497 11
6498 23
6499 1
6500 42
6501 25
6502 31
6503 10
6504 38
6505 15
6506 35
6507 41
6508 36
6509 22
6510 29
6511 11
6512 30
6513 19
6514 6
6515 35
6516 42
6517 19
6518 3
6519 26
6520 9
6521 36
6522 42
6523 22
6524 46
6525 3
6526 14
6527 26
6528 2
6529 9
6530 13
6531 31
6532 19
6533 31
6534 32
6535 30
6536 36
6537 13
6538 8
6539 11
6540 19
6541 25
6542 17
6543 39
6544 41
6545 15
6546 7
6547 46
6548 36
6549 32
6550 21
6551 4
6552 12
6553 20
6554 40
6555 27
6556 45
6557 23
6558 43
6559 31
6560 34
6561 2
6562 35
6563 12
6564 14
6565 29
6566 14
6567 7
6568 18
6569 37
6570 45
6571 10
6572 39
6573 20
6574 28
6575 27
6576 29
6577 33
6578 45
6579 19
6580 9
6581 46
6582 3
6583 19
6584 20
6585 20
6586 41
6587 15
6588 17
6589 40
6590 38
6591 22
6592 11
6593 16
6594 36
6595 13
6596 38
6597 41
6598 28
6599 40
6600 23
6601 42
6602 46
6603 19
6604 24
6605 39
6606 44
6607 38
6608 29
6609 44
6610 9
6611 11
6612 22
6613 29
6614 14
6615 45
6616 36
6617 36
6618 5
6619 35
6620 25
6621 30
6622 20
6623 25
6624 16
6625 32
6626 43
6627 28
6628 46
6629 41
6630 11
6631 41
6632 5
6633 46
6634 13
6635 29
6636 43
6637 14
6638 13
6639 6
6640 9
6641 33
6642 22
6643 11
6644 23
6645 16
6646 19
6647 46
6648 42
6649 36
6650 18
6651 30
6652 44
6653 28
6654 15
6655 34
6656 46
6657 25
6658 39
6659 44
6660 1
6661 10
6662 19
6663 1
6664 36
6665 34
6666 29
6667 36
6668 22
6669 32
6670 36
6671 37
6672 30
6673 25
6674 2
6675 38
6676 17
6677 41
6678 15
6679 14
6680 8
6681 15
6682 27
6683 17
6684 26
6685 13
6686 17
6687 30
6688 16
6689 29
6690 42
6691 45
6692 32
6693 25
6694 17
6695 42
6696 20
6697 10
6698 38
6699 31
6700 38
6701 31
6702 13
6703 21
6704 45
6705 23
6706 34
6707 28
6708 2
6709 36
6710 20
6711 26
6712 23
6713 33
6714 9
6715 12
6716 11
6717 7
6718 44
6719 10
6720 25
6721 36
6722 36
6723 4
6724 32
6725 27
6726 6
6727 36
6728 22
6729 26
6730 1
6731 39
6732 20
6733 11
6734 16
6735 2
6736 19
6737 44
6738 18
6739 6
6740 27
6741 23
6742 40
6743 34
6744 44
6745 42
6746 44
6747 15
6748 40
6749 27
6750 8
6751 16
6752 24
6753 31
6754 42
6755 45
6756 16
6757 5
6758 33
6759 9
6760 3
6761 39
6762 30
6763 18
6764 3
6765 17
6766 37
6767 37
6768 38
6769 1
6770 3
6771 34
6772 43
6773 13
6774 42
6775 6
6776 30
6777 10
6778 43
6779 14
6780 41
6781 41
6782 32
6783 29
6784 9
6785 30
6786 6
6787 5
6788 1
6789 4
6790 44
6791 7
6792 9
6793 21
6794 21
6795 26
6796 38
6797 25
6798 11
6799 45
6800 45
6801 30
6802 14
6803 20
6804 22
6805 28
6806 23
6807 25
6808 18
6809 14
6810 27
6811 19
6812 32
6813 27
6814 26
6815 25
6816 9
6817 9
6818 9
6819 11
6820 39
6821 20
6822 7
6823 13
6824 13
6825 34
6826 24
6827 40
6828 29
6829 3
6830 34
6831 16
6832 15
6833 36
6834 20
6835 6
6836 7
6837 43
6838 3
6839 4
6840 29
6841 33
6842 42
6843 13
6844 31
6845 14
6846 22
6847 7
6848 13
6849 7
6850 17
6851 26
6852 7
6853 39
6854 4
6855 11
6856 4
6857 19
6858 19
6859 38
6860 46
6861 13
6862 34
6863 38
6864 26
6865 24
6866 40
6867 23
6868 36
6869 36
6870 6
6871 5
6872 21
6873 7
6874 28
6875 5
6876 5
6877 20
6878 9
6879 23
6880 38
6881 39
6882 7
6883 33
6884 12
6885 11
6886 8
6887 1
6888 23
6889 13
6890 7
6891 33
6892 23
6893 45
6894 25
6895 23
6896 40
6897 38
6898 32
6899 14
6900 32
6901 8
6902 17
6903 25
6904 24
6905 40
6906 13
6907 7
6908 41
6909 5
6910 10
6911 27
6912 30
6913 37
6914 14
6915 8
6916 22
6917 14
6918 11
6919 29
6920 3
6921 2
6922 46
6923 7
6924 25
6925 12
6926 28
6927 18
6928 6
6929 12
6930 27
6931 3
6932 25
6933 4
6934 3
6935 36
6936 10
6937 26
6938 23
6939 41
6940 42
6941 2
6942 8
6943 44
6944 34
6945 23
6946 36
6947 25
6948 44
6949 29
6950 11
6951 20
6952 45
6953 18
6954 31
6955 11
6956 46
6957 13
6958 44
6959 27
6960 43
6961 13
6962 17
6963 20
6964 14
6965 26
6966 30
6967 31
6968 36
6969 26
6970 10
6971 46
6972 8
6973 40
6974 17
6975 13
6976 46
6977 14
6978 9
6979 22
6980 22
6981 30
6982 7
6983 40
6984 9
6985 35
6986 17
6987 16
6988 32
6989 33
6990 38
6991 20
6992 43
6993 9
6994 38
6995 37
6996 1
6997 44
6998 5
6999 22
7000 25
7001 30
7002 26
7003 37
7004 22
7005 6
7006 20
7007 36
7008 8
7009 3
7010 10
7011 22
7012 38
7013 10
7014 16
7015 46
7016 33
7017 15
7018 7
7019 26
7020 44
7021 9
7022 14
7023 45
7024 18
7025 1
7026 12
7027 26
7028 33
7029 24
7030 30
7031 31
7032 34
7033 8
7034 4
7035 18
7036 6
7037 26
7038 34
7039 13
7040 30
7041 34
7042 25
7043 4
7044 10
7045 18
7046 24
7047 26
7048 41
7049 36
7050 1
7051 11
7052 46
7053 39
7054 22
7055 20
7056 42
7057 11
7058 21
7059 7
7060 11
7061 14
7062 25
7063 33
7064 26
7065 3
7066 42
7067 30
7068 32
7069 31
7070 7
7071 10
7072 27
7073 29
7074 19
7075 42
7076 13
7077 15
7078 45
7079 43
7080 46
7081 37
7082 25
7083 40
7084 19
7085 8
7086 37
7087 2
7088 14
7089 18
7090 24
7091 42
7092 31
7093 21
7094 1
7095 26
7096 18
7097 27
7098 15
7099 41
7100 10
7101 39
7102 1
7103 33
7104 23
7105 9
7106 16
7107 15
7108 14
7109 33
7110 20
7111 36
7112 30
7113 28
7114 2
7115 22
7116 12
7117 7
7118 41
7119 35
7120 28
7121 36
7122 21
7123 38
7124 32
7125 43
7126 29
7127 45
7128 2
7129 27
7130 15
7131 9
7132 42
7133 13
7134 37
7135 24
7136 33
7137 11
7138 25
7139 10
7140 19
7141 3
7142 4
7143 34
7144 18
7145 46
7146 20
7147 4
7148 7
7149 28
7150 25
7151 16
7152 11
7153 8
7154 46
7155 21
7156 33
7157 19
7158 13
7159 10
7160 18
7161 7
7162 11
7163 46
7164 30
7165 23
7166 13
7167 41
7168 32
7169 36
7170 37
7171 5
7172 32
7173 38
7174 5
7175 11
7176 39
7177 6
7178 31
7179 34
7180 37
7181 3
7182 30
7183 15
7184 2
7185 25
7186 40
7187 42
7188 10
7189 24
7190 34
7191 24
7192 42
7193 7
7194 27
7195 10
7196 37
7197 13
7198 8
7199 28
7200 18
7201 45
7202 31
7203 27
7204 36
7205 13
7206 28
7207 44
7208 31
7209 9
7210 42
7211 6
7212 6
7213 43
7214 29
7215 36
7216 38
7217 23
7218 9
7219 20
7220 13
7221 27
7222 15
7223 22
7224 33
7225 20
7226 32
7227 36
7228 6
7229 16
7230 20
7231 15
7232 17
7233 18
7234 46
7235 30
7236 29
7237 27
7238 36
7239 35
7240 38
7241 23
7242 45
7243 33
7244 36
7245 40
7246 11
7247 21
7248 17
7249 44
7250 38
7251 9
7252 25
7253 7
7254 27
7255 19
7256 32
7257 42
7258 44
7259 35
7260 10
7261 38
7262 39
7263 28
7264 1
7265 30
7266 40
7267 36
7268 32
7269 34
7270 23
7271 7
7272 37
7273 23
7274 31
7275 21
7276 42
7277 13
7278 46
7279 42
7280 25
7281 35
7282 22
7283 7
7284 7
7285 4
7286 1
7287 41
7288 14
7289 20
7290 36
7291 42
7292 26
7293 36
7294 19
7295 30
7296 27
7297 36
7298 33
7299 10
7300 5
7301 10
7302 17
7303 15
7304 33
7305 10
7306 38
7307 23
7308 12
7309 14
7310 16
7311 32
7312 33
7313 34
7314 46
7315 1
7316 31
7317 34
7318 11
7319 32
7320 22
7321 12
7322 7
7323 10
7324 3
7325 21
7326 34
7327 45
7328 43
7329 22
7330 15
7331 34
7332 19
7333 10
7334 42
7335 34
7336 14
7337 21
7338 9
7339 41
7340 21
7341 11
7342 7
7343 30
7344 26
7345 31
7346 37
7347 19
7348 33
7349 1
7350 39
7351 38
7352 25
7353 18
7354 28
7355 12
7356 13
7357 33
7358 43
7359 10
7360 14
7361 31
7362 37
7363 39
7364 20
7365 11
7366 35
7367 10
7368 1
7369 30
7370 39
7371 26
7372 2
7373 41
7374 23
7375 44
7376 20
7377 43
7378 42
7379 43
7380 10
7381 43
7382 14
7383 6
7384 32
7385 6
7386 7
7387 34
7388 32
7389 11
7390 21
7391 35
7392 7
7393 19
7394 13
7395 2
7396 10
7397 45
7398 43
7399 13
7400 12
7401 31
7402 20
7403 4
7404 39
7405 7
7406 34
7407 19
7408 20
7409 1
7410 10
7411 6
7412 36
7413 7
7414 34
7415 42
7416 41
7417 12
7418 19
7419 5
7420 9
7421 26
7422 9
7423 25
7424 21
7425 1
7426 36
7427 44
7428 5
7429 38
7430 4
7431 24
7432 42
7433 2
7434 18
7435 44
7436 3
7437 5
7438 34
7439 17
7440 21
7441 42
7442 41
7443 45
7444 34
7445 33
7446 18
7447 10
7448 31
7449 21
7450 15
7451 18
7452 44
7453 45
7454 36
7455 29
7456 13
7457 41
7458 2
7459 14
7460 33
7461 42
7462 27
7463 46
7464 10
7465 38
7466 40
7467 46
7468 16
7469 26
7470 46
7471 31
7472 3
7473 19
7474 44
7475 26
7476 43
7477 35
7478 6
7479 21
7480 30
7481 38
7482 46
7483 43
7484 16
7485 10
7486 35
7487 43
7488 42
7489 38
7490 16
7491 4
7492 6
7493 4
7494 31
7495 8
7496 24
7497 4
7498 46
7499 33
7500 42
7501 19
7502 9
7503 42
7504 44
7505 14
7506 7
7507 31
7508 46
7509 21
7510 27
7511 26
7512 13
7513 45
7514 33
7515 38
7516 44
7517 6
7518 22
7519 6
7520 19
7521 25
7522 46
7523 38
7524 43
7525 34
7526 42
7527 9
7528 6
7529 24
7530 40
7531 5
7532 34
7533 24
7534 13
7535 14
7536 27
7537 45
7538 42
7539 30
7540 17
7541 7
7542 33
7543 45
7544 35
7545 19
7546 34
7547 37
7548 40
7549 10
7550 6
7551 31
7552 2
7553 45
7554 22
7555 26
7556 18
7557 7
7558 17
7559 3
7560 11
7561 5
7562 7
7563 41
7564 3
7565 28
7566 20
7567 19
7568 36
7569 42
7570 38
7571 10
7572 45
7573 25
7574 3
7575 18
7576 39
7577 38
7578 5
7579 18
7580 20
7581 45
7582 19
7583 1
7584 40
7585 30
7586 24
7587 10
7588 18
7589 36
7590 8
7591 38
7592 12
7593 17
7594 1
7595 10
7596 37
7597 12
7598 24
7599 17
7600 33
7601 46
7602 25
7603 15
7604 19
7605 14
7606 17
7607 39
7608 7
7609 33
7610 26
7611 23
7612 41
7613 42
7614 42
7615 26
7616 33
7617 23
7618 30
7619 26
7620 7
7621 23
7622 15
7623 32
7624 39
7625 19
7626 4
7627 31
7628 32
7629 19
7630 1
7631 23
7632 12
7633 11
7634 26
7635 13
7636 7
7637 41
7638 37
7639 33
7640 4
7641 27
7642 3
7643 40
7644 1
7645 31
7646 20
7647 45
7648 43
7649 37
7650 17
7651 27
7652 8
7653 11
7654 18
7655 21
7656 30
7657 38
7658 8
7659 42
7660 34
7661 32
7662 22
7663 14
7664 24
7665 10
7666 10
7667 32
7668 19
7669 37
7670 32
7671 27
7672 5
7673 41
7674 19
7675 2
7676 30
7677 46
7678 31
7679 30
7680 33
7681 34
7682 28
7683 43
7684 27
7685 37
7686 41
7687 5
7688 26
7689 7
7690 1
7691 12
7692 31
7693 38
7694 37
7695 44
7696 18
7697 35
7698 12
7699 46
7700 34
7701 26
7702 26
7703 38
7704 22
7705 4
7706 3
7707 42
7708 10
7709 3
7710 22
7711 13
7712 38
7713 3
7714 35
7715 36
7716 10
7717 13
7718 15
7719 2
7720 8
7721 34
7722 14
7723 28
7724 18
7725 27
7726 38
7727 17
7728 27
7729 23
7730 39
7731 36
7732 44
7733 24
7734 13
7735 19
7736 28
7737 17
7738 41
7739 17
7740 17
7741 42
7742 19
7743 9
7744 12
7745 20
7746 43
7747 39
7748 20
7749 36
7750 42
7751 31
7752 26
7753 40
7754 20
7755 13
7756 13
7757 39
7758 28
7759 44
7760 7
7761 25
7762 16
7763 3
7764 33
7765 29
7766 20
7767 33
7768 1
7769 9
7770 11
7771 34
7772 34
7773 20
7774 20
7775 35
7776 44
7777 38
7778 10
7779 33
7780 23
7781 25
7782 17
7783 35
7784 41
7785 33
7786 17
7787 42
7788 35
7789 42
7790 14
7791 19
7792 23
7793 20
7794 27
7795 23
7796 7
7797 28
7798 38
7799 19
7800 45
7801 24
7802 22
7803 25
7804 39
7805 37
7806 38
7807 27
7808 31
7809 36
7810 27
7811 36
7812 41
7813 15
7814 19
7815 16
7816 20
7817 41
7818 27
7819 40
7820 36
7821 46
7822 35
7823 9
7824 36
7825 6
7826 32
7827 11
7828 42
7829 32
7830 38
7831 16
7832 31
7833 31
7834 19
7835 34
7836 36
7837 19
7838 45
7839 3
7840 14
7841 32
7842 11
7843 44
7844 33
7845 12
7846 6
7847 8
7848 16
7849 6
7850 11
7851 31
7852 7
7853 44
7854 35
7855 7
7856 8
7857 5
7858 37
7859 34
7860 25
7861 44
7862 10
7863 16
7864 14
7865 42
7866 26
7867 23
7868 20
7869 41
7870 34
7871 19
7872 28
7873 24
7874 29
7875 29
7876 39
7877 29
7878 45
7879 7
7880 41
7881 25
7882 2
7883 18
7884 40
7885 41
7886 6
7887 34
7888 2
7889 44
7890 40
7891 20
7892 27
7893 3
7894 26
7895 41
7896 26
7897 11
7898 36
7899 12
7900 29
7901 4
7902 31
7903 41
7904 25
7905 5
7906 8
7907 45
7908 42
7909 17
7910 43
7911 38
7912 25
7913 26
7914 26
7915 39
7916 34
7917 16
7918 30
7919 11
7920 46
7921 43
7922 34
7923 33
7924 10
7925 35
7926 31
7927 10
7928 20
7929 36
7930 17
7931 30
7932 4
7933 24
7934 45
7935 13
7936 30
7937 14
7938 45
7939 39
7940 29
7941 38
7942 20
7943 37
7944 4
7945 29
7946 16
7947 12
7948 41
7949 25
7950 17
7951 38
7952 33
7953 19
7954 4
7955 33
7956 32
7957 18
7958 42
7959 39
7960 40
7961 42
7962 2
7963 17
7964 46
7965 46
7966 33
7967 11
7968 8
7969 35
7970 26
7971 11
7972 8
7973 21
7974 27
7975 4
7976 41
7977 4
7978 24
7979 33
7980 10
7981 26
7982 19
7983 34
7984 32
7985 27
7986 26
7987 42
7988 39
7989 46
7990 46
7991 1
7992 25
7993 33
7994 14
7995 45
7996 15
7997 31
7998 17
7999 22
8000 25
8001 34
8002 38
8003 31
8004 28
8005 17
8006 27
8007 30
8008 37
8009 6
8010 36
8011 7
8012 19
8013 36
8014 42
8015 40
8016 46
8017 3
8018 24
8019 36
8020 17
8021 28
8022 19
8023 1
8024 29
8025 44
8026 17
8027 25
8028 17
8029 15
8030 45
8031 22
8032 40
8033 13
8034 11
8035 41
8036 36
8037 45
8038 44
8039 32
8040 19
8041 5
8042 13
8043 32
8044 40
8045 7
8046 30
8047 1
8048 45
8049 41
8050 31
8051 32
8052 20
8053 7
8054 10
8055 5
8056 15
8057 27
8058 13
8059 2
8060 7
8061 41
8062 22
8063 2
8064 40
8065 37
8066 14
8067 11
8068 44
8069 2
8070 22
8071 14
8072 25
8073 15
8074 37
8075 41
8076 14
8077 42
8078 2
8079 13
8080 23
8081 37
8082 29
8083 34
8084 22
8085 34
8086 34
8087 44
8088 32
8089 34
8090 9
8091 11
8092 27
8093 46
8094 44
8095 32
8096 17
8097 41
8098 30
8099 5
8100 24
8101 26
8102 40
8103 29
8104 8
8105 1
8106 33
8107 25
8108 20
8109 46
8110 4
8111 23
8112 13
8113 9
8114 25
8115 41
8116 22
8117 17
8118 11
8119 35
8120 29
8121 42
8122 30
8123 36
8124 7
8125 6
8126 46
8127 20
8128 5
8129 36
8130 37
8131 33
8132 17
8133 32
8134 15
8135 37
8136 26
8137 18
8138 4
8139 20
8140 42
8141 25
8142 4
8143 15
8144 9
8145 15
8146 44
8147 16
8148 38
8149 34
8150 41
8151 14
8152 46
8153 13
8154 20
8155 7
8156 42
8157 5
8158 10
8159 46
8160 26
8161 25
8162 38
8163 15
8164 4
8165 25
8166 44
8167 31
8168 19
8169 15
8170 37
8171 4
8172 18
8173 1
8174 18
8175 37
8176 14
8177 38
8178 19
8179 19
8180 23
8181 33
8182 5
8183 9
8184 25
8185 46
8186 36
8187 25
8188 20
8189 1
8190 10
8191 44
8192 2
8193 38
8194 42
8195 33
8196 12
8197 24
8198 6
8199 27
8200 15
8201 13
8202 20
8203 25
8204 1
8205 34
8206 14
8207 14
8208 30
8209 45
8210 15
8211 20
8212 13
8213 28
8214 36
8215 22
8216 26
8217 27
8218 41
8219 22
8220 6
8221 35
8222 43
8223 9
8224 1
8225 10
8226 18
8227 6
8228 22
8229 40
8230 13
8231 41
8232 4
8233 13
8234 40
8235 31
8236 34
8237 2
8238 39
8239 24
8240 12
8241 23
8242 10
8243 41
8244 23
8245 36
8246 8
8247 17
8248 30
8249 21
8250 15
8251 43
8252 8
8253 20
8254 14
8255 8
8256 15
8257 34
8258 6
8259 30
8260 5
8261 15
8262 31
8263 36
8264 23
8265 45
8266 37
8267 46
8268 36
8269 23
8270 23
8271 6
8272 17
8273 19
8274 16
8275 32
8276 9
8277 26
8278 34
8279 34
8280 30
8281 4
8282 6
8283 8
8284 44
8285 30
8286 9
8287 11
8288 23
8289 38
8290 8
8291 37
8292 30
8293 41
8294 4
8295 36
8296 10
8297 9
8298 39
8299 27
8300 7
8301 40
8302 37
8303 42
8304 3
8305 41
8306 16
8307 39
8308 41
8309 7
8310 27
8311 30
8312 19
8313 9
8314 4
8315 24
8316 9
8317 38
8318 29
8319 22
8320 38
8321 42
8322 34
8323 11
8324 45
8325 26
8326 41
8327 30
8328 42
8329 11
8330 15
8331 45
8332 6
8333 36
8334 24
8335 10
8336 27
8337 4
8338 18
8339 46
8340 15
8341 37
8342 4
8343 19
8344 23
8345 15
8346 17
8347 17
8348 25
8349 27
8350 44
8351 44
8352 41
8353 38
8354 26
8355 46
8356 6
8357 39
8358 46
8359 5
8360 28
8361 29
8362 25
8363 36
8364 41
8365 9
8366 26
8367 23
8368 13
8369 38
8370 44
8371 17
8372 13
8373 13
8374 30
8375 32
8376 13
8377 25
8378 18
8379 31
8380 39
8381 21
8382 1
8383 19
8384 16
8385 32
8386 35
8387 35
8388 39
8389 17
8390 23
8391 40
8392 13
8393 44
8394 45
8395 29
8396 45
8397 22
8398 31
8399 42
8400 46
8401 11
8402 35
8403 3
8404 31
8405 46
8406 1
8407 22
8408 23
8409 35
8410 40
8411 25
8412 44
8413 45
8414 19
8415 46
8416 39
8417 12
8418 44
8419 26
8420 18
8421 27
8422 13
8423 44
8424 26
8425 28
8426 20
8427 14
8428 11
8429 11
8430 27
8431 27
8432 19
8433 38
8434 23
8435 33
8436 30
8437 24
8438 35
8439 42
8440 20
8441 1
8442 31
8443 46
8444 31
8445 33
8446 7
8447 46
8448 31
8449 37
8450 5
8451 3
8452 31
8453 1
8454 35
8455 24
8456 22
8457 24
8458 36
8459 46
8460 43
8461 42
8462 9
8463 1
8464 22
8465 6
8466 29
8467 39
8468 16
8469 37
8470 24
8471 43
8472 6
8473 38
8474 36
8475 43
8476 2
8477 2
8478 23
8479 26
8480 8
8481 35
8482 29
8483 20
8484 13
8485 30
8486 36
8487 45
8488 24
8489 33
8490 15
8491 6
8492 32
8493 15
8494 19
8495 32
8496 34
8497 10
8498 35
8499 22
8500 34
8501 16
8502 23
8503 44
8504 5
8505 29
8506 3
8507 34
8508 25
8509 27
8510 25
8511 25
8512 25
8513 8
8514 46
8515 30
8516 37
8517 7
8518 15
8519 39
8520 34
8521 36
8522 16
8523 35
8524 36
8525 17
8526 41
8527 30
8528 28
8529 6
8530 30
8531 14
8532 6
8533 43
8534 9
8535 45
8536 36
8537 7
8538 43
8539 17
8540 7
8541 14
8542 44
8543 36
8544 23
8545 29
8546 23
8547 2
8548 46
8549 3
8550 36
8551 24
8552 12
8553 26
8554 14
8555 23
8556 33
8557 37
8558 36
8559 11
8560 26
8561 31
8562 40
8563 32
8564 20
8565 43
8566 30
8567 10
8568 32
8569 10
8570 15
8571 18
8572 30
8573 34
8574 34
8575 35
8576 19
8577 23
8578 27
8579 26
8580 27
8581 43
8582 34
8583 8
8584 8
8585 34
8586 33
8587 25
8588 42
8589 42
8590 40
8591 40
8592 45
8593 31
8594 19
8595 6
8596 23
8597 24
8598 21
8599 7
8600 34
8601 15
8602 38
8603 23
8604 36
8605 4
8606 37
8607 26
8608 40
8609 9
8610 29
8611 42
8612 16
8613 7
8614 27
8615 29
8616 34
8617 20
8618 5
8619 17
8620 14
8621 46
8622 29
8623 24
8624 46
8625 28
8626 41
8627 30
8628 42
8629 9
8630 40
8631 43
8632 9
8633 12
8634 23
8635 7
8636 9
8637 32
8638 46
8639 45
8640 11
8641 45
8642 39
8643 10
8644 38
8645 15
8646 1
8647 38
8648 2
8649 28
8650 14
8651 23
8652 38
8653 41
8654 10
8655 39
8656 11
8657 7
8658 46
8659 13
8660 26
8661 34
8662 11
8663 31
8664 38
8665 33
8666 16
8667 1
8668 37
8669 10
8670 36
8671 38
8672 10
8673 37
8674 40
8675 32
8676 15
8677 2
8678 21
8679 44
8680 35
8681 41
8682 13
8683 26
8684 38
8685 38
8686 15
8687 46
8688 24
8689 5
8690 37
8691 31
8692 20
8693 19
8694 17
8695 9
8696 16
8697 26
8698 34
8699 12
8700 4
8701 24
8702 36
8703 40
8704 41
8705 33
8706 31
8707 17
8708 41
8709 30
8710 19
8711 46
8712 42
8713 19
8714 23
8715 4
8716 9
8717 6
8718 11
8719 32
8720 42
8721 28
8722 6
8723 11
8724 42
8725 3
8726 37
8727 41
8728 12
8729 12
8730 4
8731 10
8732 16
8733 14
8734 5
8735 34
8736 10
8737 24
8738 39
8739 6
8740 5
8741 13
8742 41
8743 28
8744 40
8745 10
8746 19
8747 37
8748 37
8749 25
8750 12
8751 10
8752 6
8753 5
8754 22
8755 29
8756 41
8757 40
8758 45
8759 22
8760 43
8761 11
8762 18
8763 30
8764 3
8765 33
8766 7
8767 1
8768 29
8769 20
8770 25
8771 26
8772 45
8773 41
8774 24
8775 33
8776 19
8777 31
8778 24
8779 33
8780 43
8781 12
8782 8
8783 45
8784 24
8785 46
8786 24
8787 21
8788 23
8789 20
8790 10
8791 32
8792 27
8793 14
8794 37
8795 27
8796 41
8797 13
8798 29
8799 42
8800 34
8801 13
8802 15
8803 44
8804 42
8805 35
8806 37
8807 34
8808 36
8809 10
8810 21
8811 44
8812 41
8813 7
8814 1
8815 27
8816 46
8817 28
8818 1
8819 8
8820 5
8821 2
8822 4
8823 24
8824 14
8825 7
8826 11
8827 25
8828 31
8829 14
8830 35
8831 11
8832 8
8833 5
8834 2
8835 39
8836 1
8837 14
8838 41
8839 37
8840 25
8841 9
8842 17
8843 11
8844 27
8845 3
8846 16
8847 24
8848 36
8849 24
8850 23
8851 22
8852 7
8853 41
8854 46
8855 42
8856 7
8857 42
8858 11
8859 18
8860 39
8861 6
8862 33
8863 5
8864 16
8865 1
8866 33
8867 18
8868 6
8869 23
8870 34
8871 9
8872 38
8873 24
8874 1
8875 7
8876 12
8877 37
8878 11
8879 31
8880 21
8881 41
8882 17
8883 15
8884 29
8885 42
8886 33
8887 20
8888 27
8889 46
8890 32
8891 24
8892 28
8893 30
8894 43
8895 40
8896 13
8897 6
8898 22
8899 19
8900 26
8901 6
8902 46
8903 8
8904 7
8905 17
8906 9
8907 36
8908 25
8909 14
8910 17
8911 46
8912 13
8913 38
8914 44
8915 13
8916 34
8917 37
8918 7
8919 34
8920 14
8921 23
8922 43
8923 42
8924 14
8925 16
8926 29
8927 34
8928 38
8929 26
8930 42
8931 43
8932 25
8933 41
8934 43
8935 7
8936 20
8937 14
8938 29
8939 39
8940 14
8941 14
8942 43
8943 40
8944 4
8945 41
8946 25
8947 21
8948 37
8949 32
8950 3
8951 38
8952 22
8953 19
8954 36
8955 43
8956 10
8957 32
8958 39
8959 16
8960 1
8961 23
8962 30
8963 28
8964 20
8965 18
8966 40
8967 10
8968 31
8969 7
8970 44
8971 13
8972 29
8973 46
8974 45
8975 17
8976 44
8977 34
8978 39
8979 43
8980 35
8981 35
8982 26
8983 27
8984 39
8985 18
8986 45
8987 31
8988 31
8989 33
8990 33
8991 43
8992 45
8993 16
8994 30
8995 11
8996 40
8997 26
8998 42
8999 4
9000 2
9001 10
9002 33
9003 22
9004 32
9005 44
9006 20
9007 3
9008 15
9009 23
9010 4
9011 38
9012 37
9013 27
9014 20
9015 29
9016 27
9017 2
9018 40
9019 14
9020 33
9021 26
9022 17
9023 22
9024 36
9025 11
9026 23
9027 46
9028 45
9029 29
9030 2
9031 2
9032 38
9033 41
9034 5
9035 3
9036 4
9037 10
9038 44
9039 15
9040 40
9041 23
9042 1
9043 13
9044 40
9045 3
9046 46
9047 20
9048 42
9049 5
9050 13
9051 9
9052 7
9053 45
9054 26
9055 33
9056 25
9057 46
9058 29
9059 19
9060 19
9061 26
9062 19
9063 9
9064 30
9065 7
9066 10
9067 1
9068 20
9069 37
9070 21
9071 6
9072 23
9073 23
9074 40
9075 41
9076 3
9077 38
9078 28
9079 9
9080 25
9081 43
9082 10
9083 25
9084 41
9085 9
9086 46
9087 33
9088 38
9089 24
9090 29
9091 34
9092 18
9093 10
9094 3
9095 25
9096 41
9097 10
9098 26
9099 28
9100 15
9101 29
9102 31
9103 42
9104 10
9105 33
9106 41
9107 1
9108 20
9109 18
9110 44
9111 39
9112 42
9113 11
9114 45
9115 12
9116 34
9117 35
9118 16
9119 24
9120 12
9121 41
9122 40
9123 45
9124 18
9125 1
9126 18
9127 23
9128 17
9129 36
9130 45
9131 34
9132 42
9133 3
9134 28
9135 41
9136 34
9137 33
9138 14
9139 30
9140 43
9141 45
9142 7
9143 23
9144 2
9145 7
9146 3
9147 20
9148 19
9149 10
9150 5
9151 21
9152 29
9153 34
9154 35
9155 18
9156 23
9157 24
9158 38
9159 8
9160 35
9161 46
9162 16
9163 13
9164 16
9165 10
9166 5
9167 32
9168 9
9169 45
9170 43
9171 41
9172 9
9173 40
9174 33
9175 9
9176 37
9177 26
9178 42
9179 19
9180 30
9181 20
9182 34
9183 32
9184 11
9185 41
9186 9
9187 38
9188 17
9189 7
9190 18
9191 32
9192 17
9193 29
9194 42
9195 10
9196 28
9197 15
9198 46
9199 39
9200 2
9201 43
9202 5
9203 27
9204 25
9205 9
9206 26
9207 33
9208 19
9209 21
9210 17
9211 15
9212 22
9213 40
9214 39
9215 31
9216 17
9217 18
9218 33
9219 26
9220 8
9221 44
9222 14
9223 24
9224 3
9225 41
9226 30
9227 38
9228 7
9229 44
9230 28
9231 42
9232 12
9233 13
9234 7
9235 43
9236 16
9237 15
9238 23
9239 45
9240 29
9241 42
9242 16
9243 9
9244 28
9245 2
9246 15
9247 41
9248 6
9249 20
9250 34
9251 33
9252 19
9253 45
9254 23
9255 33
9256 19
9257 44
9258 6
9259 7
9260 9
9261 43
9262 17
9263 25
9264 26
9265 3
9266 15
9267 23
9268 8
9269 36
9270 37
9271 23
9272 22
9273 5
9274 6
9275 18
9276 41
9277 38
9278 29
9279 8
9280 27
9281 25
9282 15
9283 25
9284 35
9285 38
9286 30
9287 3
9288 9
9289 37
9290 15
9291 15
9292 21
9293 12
9294 43
9295 18
9296 30
9297 13
9298 37
9299 14
9300 35
9301 26
9302 14
9303 38
9304 31
9305 9
9306 7
9307 24
9308 7
9309 14
9310 11
9311 12
9312 41
9313 14
9314 36
9315 37
9316 13
9317 15
9318 40
9319 33
9320 26
9321 14
9322 32
9323 13
9324 20
9325 29
9326 9
9327 23
9328 22
9329 9
9330 36
9331 46
9332 43
9333 1
9334 4
9335 16
9336 16
9337 13
9338 38
9339 12
9340 11
9341 14
9342 16
9343 11
9344 23
9345 24
9346 21
9347 27
9348 39
9349 38
9350 9
9351 26
9352 36
9353 36
9354 7
9355 16
9356 15
9357 38
9358 28
9359 6
9360 42
9361 38
9362 11
9363 34
9364 28
9365 46
9366 39
9367 34
9368 40
9369 28
9370 23
9371 38
9372 17
9373 9
9374 15
9375 28
9376 23
9377 43
9378 9
9379 43
9380 17
9381 40
9382 35
9383 1
9384 22
9385 12
9386 44
9387 15
9388 25
9389 12
9390 39
9391 27
9392 21
9393 26
9394 32
9395 21
9396 34
9397 13
9398 29
9399 17
9400 23
9401 45
9402 33
9403 25
9404 11
9405 17
9406 36
9407 44
9408 33
9409 6
9410 13
9411 30
9412 29
9413 16
9414 12
9415 43
9416 8
9417 5
9418 5
9419 29
9420 26
9421 5
9422 33
9423 25
9424 7
9425 36
9426 42
9427 25
9428 25
9429 34
9430 3
9431 18
9432 46
9433 7
9434 26
9435 3
9436 9
9437 20
9438 36
9439 45
9440 45
9441 10
9442 14
9443 12
9444 33
9445 36
9446 28
9447 39
9448 27
9449 46
9450 31
9451 27
9452 10
9453 36
9454 28
9455 13
9456 35
9457 33
9458 44
9459 46
9460 27
9461 30
9462 11
9463 9
9464 34
9465 30
9466 19
9467 36
9468 30
9469 34
9470 7
9471 36
9472 39
9473 43
9474 11
9475 27
9476 11
9477 31
9478 41
9479 12
9480 32
9481 7
9482 37
9483 31
9484 20
9485 36
9486 42
9487 42
9488 39
9489 27
9490 46
9491 15
9492 40
9493 26
9494 45
9495 11
9496 28
9497 34
9498 38
9499 37
9500 33
9501 26
9502 3
9503 41
9504 38
9505 27
9506 21
9507 13
9508 17
9509 12
9510 31
9511 6
9512 9
9513 40
9514 46
9515 14
9516 24
9517 20
9518 35
9519 18
9520 8
9521 43
9522 8
9523 7
9524 7
9525 4
9526 39
9527 41
9528 21
9529 31
9530 21
9531 4
9532 27
9533 25
9534 26
9535 3
9536 34
9537 33
9538 19
9539 7
9540 4
9541 11
9542 40
9543 32
9544 18
9545 27
9546 37
9547 36
9548 40
9549 33
9550 38
9551 45
9552 32
9553 35
9554 10
9555 22
9556 34
9557 41
9558 20
9559 13
9560 11
9561 17
9562 26
9563 13
9564 35
9565 36
9566 32
9567 36
9568 14
9569 46
9570 16
9571 41
9572 14
9573 4
9574 15
9575 23
9576 38
9577 15
9578 34
9579 42
9580 18
9581 27
9582 27
9583 10
9584 37
9585 32
9586 26
9587 19
9588 40
9589 39
9590 43
9591 44
9592 23
9593 36
9594 31
9595 3
9596 14
9597 33
9598 46
9599 43
9600 8
9601 42
9602 23
9603 3
9604 8
9605 18
9606 15
9607 17
9608 40
9609 42
9610 20
9611 7
9612 43
9613 41
9614 34
9615 46
9616 42
9617 33
9618 5
9619 5
9620 3
9621 4
9622 25
9623 19
9624 42
9625 24
9626 4
9627 38
9628 27
9629 36
9630 11
9631 30
9632 2
9633 15
9634 22
9635 8
9636 27
9637 33
9638 28
9639 29
9640 18
9641 28
9642 3
9643 44
9644 25
9645 27
9646 44
9647 16
9648 17
9649 16
9650 27
9651 17
9652 14
9653 37
9654 7
9655 7
9656 9
9657 14
9658 12
9659 43
9660 34
9661 30
9662 23
9663 40
9664 42
9665 15
9666 35
9667 46
9668 40
9669 25
9670 14
9671 15
9672 3
9673 1
9674 36
9675 44
9676 37
9677 41
9678 19
9679 30
9680 10
9681 21
9682 7
9683 23
9684 42
9685 24
9686 30
9687 4
9688 22
9689 7
9690 23
9691 26
9692 26
9693 8
9694 6
9695 46
9696 41
9697 35
9698 26
9699 24
9700 26
9701 41
9702 7
9703 3
9704 10
9705 9
9706 20
9707 11
9708 22
9709 16
9710 23
9711 44
9712 33
9713 27
9714 23
9715 38
9716 22
9717 20
9718 33
9719 3
9720 40
9721 42
9722 30
9723 28
9724 24
9725 38
9726 37
9727 22
9728 8
9729 23
9730 23
9731 7
9732 13
9733 38
9734 30
9735 21
9736 15
9737 39
9738 18
9739 14
9740 40
9741 19
9742 40
9743 12
9744 5
9745 12
9746 13
9747 20
9748 38
9749 33
9750 14
9751 24
9752 17
9753 11
9754 22
9755 37
9756 3
9757 19
9758 1
9759 10
9760 9
9761 16
9762 30
9763 29
9764 43
9765 26
9766 10
9767 27
9768 10
9769 34
9770 20
9771 31
9772 42
9773 43
9774 26
9775 28
9776 16
9777 20
9778 14
9779 35
9780 23
9781 42
9782 1
9783 46
9784 37
9785 20
9786 3
9787 1
9788 14
9789 36
9790 16
9791 36
9792 41
9793 15
9794 6
9795 34
9796 34
9797 10
9798 41
9799 15
9800 11
9801 44
9802 30
9803 20
9804 45
9805 2
9806 19
9807 19
9808 20
9809 42
9810 35
9811 40
9812 9
9813 46
9814 7
9815 19
9816 6
9817 38
9818 5
9819 33
9820 14
9821 5
9822 22
9823 38
9824 27
9825 32
9826 36
9827 24
9828 1
9829 38
9830 8
9831 3
9832 16
9833 20
9834 43
9835 27
9836 35
9837 2
9838 10
9839 13
9840 29
9841 35
9842 20
9843 10
9844 29
9845 15
9846 27
9847 41
9848 43
9849 19
9850 39
9851 22
9852 13
9853 33
9854 10
9855 29
9856 1
9857 14
9858 25
9859 24
9860 44
9861 31
9862 35
9863 40
9864 19
9865 14
9866 35
9867 31
9868 42
9869 14
9870 16
9871 16
9872 19
9873 45
9874 37
9875 22
9876 15
9877 42
9878 29
9879 33
9880 24
9881 22
9882 24
9883 34
9884 35
9885 25
9886 24
9887 39
9888 30
9889 41
9890 44
9891 9
9892 44
9893 19
9894 30
9895 20
9896 29
9897 5
9898 25
9899 45
9900 36
9901 23
9902 42
9903 27
9904 46
9905 30
9906 37
9907 45
9908 23
9909 20
9910 36
9911 37
9912 19
9913 27
9914 30
9915 23
9916 13
9917 10
9918 7
9919 9
9920 20
9921 15
9922 44
9923 30
9924 37
9925 20
9926 40
9927 42
9928 36
9929 43
9930 23
9931 34
9932 30
9933 45
9934 30
9935 20
9936 34
9937 40
9938 29
9939 14
9940 33
9941 27
9942 33
9943 14
9944 10
9945 9
9946 44
9947 25
9948 33
9949 11
9950 23
9951 26
9952 20
9953 38
9954 27
9955 44
9956 27
9957 10
9958 36
9959 34
9960 14
9961 20
9962 36
9963 38
9964 7
9965 13
9966 33
9967 23
9968 30
9969 36
9970 25
9971 19
9972 42
9973 27
9974 41
9975 33
9976 23
9977 33
9978 19
9979 33
9980 46
9981 36
9982 33
9983 23
9984 23
9985 36
9986 42
9987 33
9988 42
9989 34
9990 34
9991 36
9992 34
9993 42
9994 42
9995 36
9996 36
9997 36
9998 23
9999 23
