0 86
1 82
2 78
3 1
4 71
5 47
6 125
7 19
8 126
9 99
10 82
11 138
12 73
13 74
14 10
15 75
16 4
17 115
18 29
19 37
20 13
21 9
22 74
23 121
24 1
25 63
26 56
27 65
28 62
29 60
30 44
31 41
32 115
33 108
34 138
35 50
36 58
37 64
38 91
39 147
40 10
41 12
42 88
43 103
44 35
45 127
46 83
47 9
48 69
49 122
50 87
51 128
52 75
53 44
54 138
55 119
56 101
57 78
58 47
59 143
60 3
61 148
62 74
63 11
64 44
65 62
66 10
67 54
68 23
69 132
70 4
71 28
72 35
73 43
74 3
75 92
76 9
77 7
78 75
79 1
80 81
81 27
82 2
83 106
84 4
85 27
86 70
87 120
88 108
89 141
90 36
91 75
92 103
93 5
94 93
95 138
96 54
97 92
98 56
99 130
100 99
101 53
102 15
103 41
104 125
105 122
106 93
107 47
108 3
109 14
110 106
111 52
112 92
113 32
114 39
115 134
116 37
117 135
118 135
119 4
120 116
121 141
122 92
123 131
124 118
125 67
126 95
127 23
128 16
129 120
130 108
131 130
132 105
133 141
134 79
135 24
136 9
137 53
138 75
139 10
140 15
141 26
142 98
143 61
144 61
145 112
146 143
147 59
148 61
149 18
150 6
151 126
152 16
153 49
154 133
155 6
156 14
157 97
158 110
159 130
160 40
161 137
162 96
163 132
164 129
165 141
166 121
167 108
168 143
169 111
170 47
171 73
172 46
173 73
174 137
175 37
176 44
177 75
178 51
179 128
180 47
181 132
182 132
183 1
184 49
185 30
186 94
187 58
188 27
189 46
190 86
191 93
192 77
193 89
194 128
195 117
196 115
197 124
198 7
199 118
200 75
201 20
202 61
203 82
204 36
205 112
206 43
207 145
208 19
209 61
210 18
211 71
212 47
213 56
214 74
215 87
216 48
217 100
218 21
219 4
220 3
221 29
222 138
223 111
224 64
225 74
226 67
227 76
228 120
229 70
230 101
231 74
232 60
233 3
234 78
235 52
236 144
237 48
238 2
239 28
240 8
241 110
242 116
243 47
244 104
245 141
246 26
247 50
248 88
249 127
250 142
251 96
252 47
253 29
254 9
255 107
256 12
257 40
258 46
259 17
260 27
261 25
262 1
263 132
264 17
265 89
266 74
267 53
268 32
269 94
270 22
271 88
272 53
273 89
274 20
275 16
276 128
277 42
278 115
279 36
280 24
281 121
282 82
283 55
284 25
285 63
286 48
287 128
288 113
289 50
290 45
291 105
292 55
293 6
294 95
295 136
296 68
297 113
298 109
299 72
300 95
301 18
302 106
303 88
304 75
305 127
306 59
307 63
308 146
309 2
310 70
311 147
312 138
313 134
314 12
315 48
316 143
317 11
318 75
319 145
320 108
321 27
322 48
323 26
324 89
325 43
326 59
327 131
328 2
329 135
330 4
331 69
332 136
333 128
334 76
335 86
336 84
337 143
338 6
339 69
340 13
341 30
342 98
343 55
344 50
345 43
346 95
347 79
348 18
349 82
350 124
351 93
352 31
353 133
354 81
355 45
356 13
357 142
358 12
359 85
360 11
361 141
362 70
363 61
364 29
365 134
366 54
367 82
368 21
369 112
370 117
371 122
372 102
373 126
374 124
375 14
376 101
377 97
378 56
379 96
380 113
381 81
382 68
383 99
384 6
385 114
386 5
387 19
388 38
389 3
390 16
391 56
392 80
393 58
394 114
395 86
396 22
397 40
398 52
399 86
400 126
401 34
402 49
403 14
404 111
405 6
406 51
407 65
408 146
409 68
410 127
411 78
412 130
413 51
414 125
415 97
416 11
417 95
418 115
419 50
420 122
421 121
422 117
423 55
424 24
425 133
426 95
427 6
428 17
429 25
430 94
431 104
432 81
433 115
434 1
435 140
436 42
437 135
438 125
439 117
440 140
441 15
442 79
443 70
444 84
445 94
446 96
447 13
448 73
449 112
450 76
451 134
452 21
453 133
454 56
455 18
456 137
457 86
458 116
459 25
460 116
461 25
462 26
463 83
464 25
465 89
466 78
467 66
468 62
469 89
470 62
471 43
472 111
473 78
474 70
475 111
476 100
477 25
478 93
479 110
480 43
481 45
482 17
483 130
484 11
485 29
486 67
487 1
488 121
489 16
490 13
491 93
492 34
493 74
494 104
495 130
496 27
497 137
498 22
499 56
500 116
501 113
502 12
503 77
504 119
505 93
506 86
507 103
508 105
509 60
510 31
511 119
512 32
513 24
514 90
515 122
516 84
517 4
518 49
519 136
520 17
521 112
522 148
523 116
524 94
525 106
526 105
527 95
528 51
529 124
530 22
531 104
532 126
533 86
534 47
535 19
536 55
537 108
538 13
539 8
540 82
541 5
542 37
543 134
544 22
545 106
546 13
547 22
548 110
549 112
550 144
551 57
552 14
553 120
554 40
555 5
556 84
557 50
558 35
559 17
560 117
561 98
562 30
563 99
564 45
565 5
566 43
567 77
568 121
569 114
570 139
571 47
572 81
573 6
574 108
575 147
576 123
577 65
578 97
579 125
580 72
581 112
582 133
583 2
584 38
585 139
586 36
587 9
588 92
589 60
590 44
591 113
592 26
593 16
594 4
595 25
596 47
597 5
598 17
599 39
600 80
601 127
602 124
603 116
604 30
605 110
606 59
607 5
608 122
609 38
610 64
611 116
612 96
613 141
614 31
615 42
616 106
617 6
618 113
619 114
620 128
621 3
622 50
623 136
624 75
625 28
626 102
627 107
628 94
629 107
630 22
631 73
632 106
633 86
634 21
635 42
636 44
637 85
638 89
639 46
640 141
641 109
642 58
643 81
644 71
645 76
646 41
647 120
648 18
649 140
650 113
651 11
652 58
653 61
654 3
655 33
656 121
657 69
658 54
659 19
660 16
661 105
662 138
663 128
664 27
665 84
666 14
667 56
668 65
669 118
670 93
671 38
672 4
673 17
674 39
675 10
676 76
677 16
678 100
679 82
680 27
681 102
682 72
683 11
684 129
685 140
686 145
687 101
688 123
689 69
690 108
691 116
692 106
693 15
694 18
695 43
696 113
697 148
698 42
699 3
700 29
701 74
702 55
703 41
704 13
705 26
706 20
707 104
708 82
709 113
710 41
711 3
712 106
713 84
714 1
715 14
716 117
717 87
718 127
719 49
720 7
721 116
722 113
723 59
724 69
725 123
726 76
727 12
728 51
729 81
730 74
731 52
732 134
733 52
734 54
735 48
736 105
737 139
738 79
739 47
740 34
741 67
742 80
743 3
744 1
745 36
746 3
747 119
748 143
749 76
750 74
751 36
752 34
753 61
754 41
755 133
756 100
757 144
758 87
759 113
760 111
761 68
762 139
763 58
764 31
765 105
766 53
767 135
768 108
769 69
770 2
771 22
772 145
773 108
774 76
775 54
776 136
777 88
778 103
779 23
780 55
781 89
782 121
783 148
784 52
785 98
786 47
787 47
788 56
789 90
790 129
791 52
792 25
793 116
794 131
795 41
796 134
797 54
798 20
799 26
800 121
801 106
802 144
803 101
804 8
805 126
806 96
807 7
808 25
809 78
810 80
811 80
812 39
813 112
814 10
815 2
816 75
817 89
818 133
819 146
820 80
821 16
822 110
823 30
824 80
825 105
826 84
827 89
828 36
829 114
830 16
831 2
832 50
833 13
834 55
835 51
836 138
837 7
838 135
839 117
840 3
841 33
842 17
843 55
844 68
845 66
846 128
847 87
848 11
849 100
850 13
851 51
852 34
853 43
854 137
855 58
856 61
857 38
858 144
859 90
860 45
861 42
862 136
863 85
864 108
865 30
866 122
867 105
868 11
869 17
870 80
871 31
872 81
873 57
874 103
875 80
876 37
877 128
878 143
879 99
880 18
881 142
882 127
883 51
884 6
885 50
886 47
887 120
888 100
889 141
890 71
891 31
892 94
893 79
894 1
895 45
896 115
897 143
898 132
899 2
900 116
901 57
902 51
903 47
904 38
905 147
906 13
907 123
908 51
909 89
910 117
911 99
912 147
913 79
914 70
915 59
916 33
917 87
918 97
919 143
920 144
921 75
922 49
923 98
924 108
925 120
926 75
927 116
928 146
929 113
930 58
931 30
932 144
933 148
934 38
935 117
936 48
937 43
938 113
939 97
940 130
941 114
942 90
943 102
944 34
945 50
946 50
947 45
948 122
949 14
950 6
951 8
952 148
953 111
954 103
955 92
956 86
957 55
958 99
959 101
960 112
961 68
962 104
963 69
964 27
965 128
966 63
967 50
968 136
969 51
970 33
971 40
972 96
973 60
974 116
975 48
976 7
977 90
978 20
979 30
980 126
981 128
982 131
983 69
984 19
985 131
986 4
987 139
988 101
989 88
990 76
991 138
992 105
993 59
994 123
995 148
996 114
997 49
998 29
999 100
1000 47
1001 21
1002 106
1003 65
1004 15
1005 84
1006 34
1007 78
1008 124
1009 143
1010 18
1011 103
1012 1
1013 95
1014 18
1015 126
1016 69
1017 81
1018 124
1019 131
1020 31
1021 1
1022 31
1023 142
1024 90
1025 1
1026 32
1027 64
1028 39
1029 82
1030 81
1031 142
1032 42
1033 55
1034 81
1035 54
1036 56
1037 68
1038 63
1039 95
1040 112
1041 120
1042 105
1043 3
1044 34
1045 35
1046 8
1047 46
1048 36
1049 54
1050 79
1051 7
1052 112
1053 101
1054 99
1055 89
1056 31
1057 99
1058 77
1059 74
1060 109
1061 92
1062 114
1063 56
1064 100
1065 100
1066 75
1067 79
1068 115
1069 131
1070 40
1071 85
1072 72
1073 8
1074 120
1075 20
1076 138
1077 2
1078 37
1079 139
1080 74
1081 145
1082 77
1083 88
1084 61
1085 130
1086 76
1087 132
1088 141
1089 102
1090 140
1091 126
1092 52
1093 92
1094 114
1095 35
1096 4
1097 40
1098 113
1099 73
1100 69
1101 54
1102 5
1103 42
1104 23
1105 3
1106 60
1107 92
1108 39
1109 92
1110 90
1111 41
1112 72
1113 21
1114 145
1115 77
1116 143
1117 44
1118 42
1119 54
1120 118
1121 115
1122 4
1123 124
1124 128
1125 47
1126 39
1127 111
1128 138
1129 131
1130 134
1131 37
1132 23
1133 53
1134 97
1135 138
1136 94
1137 18
1138 110
1139 59
1140 124
1141 34
1142 40
1143 9
1144 23
1145 9
1146 126
1147 75
1148 85
1149 93
1150 79
1151 34
1152 27
1153 6
1154 52
1155 112
1156 143
1157 75
1158 28
1159 21
1160 32
1161 13
1162 22
1163 23
1164 138
1165 76
1166 52
1167 78
1168 6
1169 118
1170 14
1171 89
1172 105
1173 7
1174 117
1175 110
1176 18
1177 78
1178 79
1179 134
1180 133
1181 91
1182 59
1183 15
1184 29
1185 52
1186 102
1187 103
1188 115
1189 115
1190 31
1191 46
1192 29
1193 47
1194 24
1195 106
1196 41
1197 112
1198 131
1199 42
1200 77
1201 34
1202 85
1203 110
1204 116
1205 137
1206 142
1207 70
1208 28
1209 28
1210 38
1211 100
1212 78
1213 1
1214 63
1215 45
1216 115
1217 67
1218 19
1219 115
1220 139
1221 83
1222 1
1223 55
1224 114
1225 96
1226 125
1227 137
1228 34
1229 61
1230 41
1231 53
1232 92
1233 2
1234 20
1235 113
1236 111
1237 46
1238 127
1239 106
1240 61
1241 25
1242 93
1243 114
1244 3
1245 52
1246 46
1247 134
1248 59
1249 130
1250 83
1251 65
1252 22
1253 124
1254 43
1255 138
1256 93
1257 71
1258 31
1259 105
1260 105
1261 25
1262 9
1263 148
1264 43
1265 51
1266 110
1267 78
1268 136
1269 24
1270 8
1271 104
1272 45
1273 32
1274 28
1275 97
1276 134
1277 76
1278 72
1279 41
1280 16
1281 131
1282 27
1283 96
1284 15
1285 118
1286 134
1287 80
1288 120
1289 64
1290 47
1291 141
1292 13
1293 33
1294 107
1295 56
1296 25
1297 32
1298 79
1299 74
1300 17
1301 74
1302 14
1303 145
1304 108
1305 96
1306 56
1307 47
1308 132
1309 110
1310 49
1311 56
1312 3
1313 116
1314 66
1315 17
1316 32
1317 76
1318 3
1319 56
1320 48
1321 143
1322 19
1323 30
1324 13
1325 101
1326 31
1327 62
1328 112
1329 14
1330 140
1331 63
1332 29
1333 93
1334 120
1335 24
1336 139
1337 118
1338 59
1339 48
1340 32
1341 148
1342 24
1343 43
1344 82
1345 12
1346 91
1347 57
1348 148
1349 74
1350 137
1351 98
1352 59
1353 94
1354 20
1355 36
1356 91
1357 2
1358 18
1359 130
1360 34
1361 89
1362 73
1363 107
1364 78
1365 43
1366 42
1367 114
1368 44
1369 106
1370 52
1371 99
1372 89
1373 130
1374 74
1375 3
1376 64
1377 102
1378 41
1379 56
1380 139
1381 143
1382 26
1383 117
1384 10
1385 6
1386 137
1387 75
1388 14
1389 89
1390 59
1391 95
1392 25
1393 144
1394 122
1395 125
1396 112
1397 67
1398 106
1399 78
1400 52
1401 48
1402 88
1403 25
1404 118
1405 117
1406 138
1407 116
1408 139
1409 91
1410 16
1411 55
1412 68
1413 66
1414 14
1415 113
1416 59
1417 147
1418 124
1419 55
1420 126
1421 39
1422 28
1423 80
1424 111
1425 148
1426 143
1427 124
1428 66
1429 39
1430 128
1431 94
1432 87
1433 117
1434 89
1435 42
1436 144
1437 35
1438 103
1439 6
1440 23
1441 91
1442 31
1443 13
1444 109
1445 94
1446 59
1447 143
1448 134
1449 77
1450 117
1451 133
1452 73
1453 126
1454 126
1455 72
1456 85
1457 57
1458 129
1459 71
1460 54
1461 109
1462 31
1463 66
1464 140
1465 123
1466 133
1467 35
1468 75
1469 122
1470 127
1471 76
1472 119
1473 102
1474 131
1475 10
1476 105
1477 25
1478 96
1479 51
1480 143
1481 87
1482 19
1483 54
1484 22
1485 134
1486 73
1487 19
1488 106
1489 143
1490 84
1491 53
1492 142
1493 117
1494 127
1495 61
1496 25
1497 126
1498 41
1499 49
1500 113
1501 135
1502 87
1503 102
1504 111
1505 29
1506 59
1507 28
1508 89
1509 50
1510 147
1511 94
1512 131
1513 39
1514 41
1515 96
1516 116
1517 133
1518 8
1519 91
1520 31
1521 3
1522 78
1523 80
1524 33
1525 65
1526 3
1527 123
1528 108
1529 43
1530 65
1531 105
1532 47
1533 90
1534 138
1535 11
1536 20
1537 70
1538 25
1539 98
1540 52
1541 123
1542 124
1543 86
1544 59
1545 56
1546 115
1547 124
1548 41
1549 121
1550 26
1551 46
1552 123
1553 148
1554 120
1555 54
1556 14
1557 19
1558 40
1559 50
1560 86
1561 99
1562 63
1563 136
1564 13
1565 19
1566 13
1567 11
1568 7
1569 124
1570 48
1571 89
1572 81
1573 73
1574 105
1575 112
1576 117
1577 39
1578 94
1579 106
1580 65
1581 63
1582 66
1583 6
1584 97
1585 121
1586 69
1587 51
1588 8
1589 27
1590 84
1591 34
1592 21
1593 132
1594 75
1595 136
1596 43
1597 3
1598 3
1599 1
1600 148
1601 43
1602 56
1603 1
1604 109
1605 136
1606 97
1607 88
1608 47
1609 37
1610 117
1611 23
1612 73
1613 26
1614 31
1615 89
1616 89
1617 14
1618 84
1619 54
1620 40
1621 129
1622 69
1623 65
1624 82
1625 84
1626 84
1627 71
1628 59
1629 129
1630 33
1631 140
1632 112
1633 109
1634 76
1635 126
1636 79
1637 56
1638 121
1639 141
1640 12
1641 106
1642 68
1643 31
1644 110
1645 96
1646 94
1647 77
1648 126
1649 7
1650 4
1651 7
1652 127
1653 23
1654 93
1655 78
1656 37
1657 99
1658 47
1659 51
1660 90
1661 67
1662 115
1663 64
1664 91
1665 18
1666 6
1667 137
1668 13
1669 130
1670 51
1671 25
1672 128
1673 6
1674 21
1675 31
1676 21
1677 45
1678 96
1679 75
1680 96
1681 134
1682 112
1683 126
1684 79
1685 112
1686 121
1687 36
1688 138
1689 6
1690 84
1691 32
1692 54
1693 134
1694 65
1695 41
1696 100
1697 16
1698 67
1699 1
1700 87
1701 114
1702 54
1703 139
1704 27
1705 129
1706 147
1707 74
1708 84
1709 23
1710 36
1711 85
1712 88
1713 41
1714 108
1715 54
1716 147
1717 47
1718 86
1719 71
1720 65
1721 135
1722 125
1723 62
1724 132
1725 119
1726 132
1727 33
1728 91
1729 138
1730 37
1731 6
1732 118
1733 3
1734 54
1735 147
1736 63
1737 54
1738 29
1739 100
1740 131
1741 86
1742 63
1743 93
1744 33
1745 76
1746 123
1747 87
1748 53
1749 104
1750 16
1751 27
1752 126
1753 105
1754 19
1755 39
1756 135
1757 144
1758 100
1759 85
1760 37
1761 46
1762 100
1763 61
1764 5
1765 123
1766 132
1767 33
1768 105
1769 141
1770 113
1771 113
1772 9
1773 72
1774 17
1775 43
1776 22
1777 28
1778 55
1779 121
1780 22
1781 113
1782 139
1783 95
1784 41
1785 14
1786 7
1787 12
1788 107
1789 22
1790 51
1791 85
1792 37
1793 79
1794 19
1795 43
1796 102
1797 73
1798 118
1799 47
1800 144
1801 113
1802 22
1803 57
1804 40
1805 122
1806 141
1807 140
1808 142
1809 9
1810 34
1811 25
1812 136
1813 41
1814 148
1815 68
1816 14
1817 50
1818 21
1819 145
1820 17
1821 148
1822 23
1823 88
1824 138
1825 86
1826 26
1827 67
1828 28
1829 108
1830 36
1831 119
1832 140
1833 75
1834 94
1835 148
1836 120
1837 86
1838 148
1839 59
1840 74
1841 16
1842 45
1843 48
1844 24
1845 91
1846 128
1847 54
1848 17
1849 116
1850 67
1851 105
1852 24
1853 42
1854 14
1855 45
1856 10
1857 75
1858 53
1859 86
1860 21
1861 135
1862 145
1863 102
1864 119
1865 129
1866 47
1867 127
1868 11
1869 13
1870 116
1871 85
1872 124
1873 6
1874 73
1875 76
1876 7
1877 78
1878 60
1879 96
1880 108
1881 11
1882 74
1883 74
1884 111
1885 135
1886 113
1887 100
1888 73
1889 111
1890 50
1891 62
1892 132
1893 59
1894 90
1895 84
1896 133
1897 127
1898 123
1899 37
1900 48
1901 44
1902 90
1903 13
1904 66
1905 55
1906 124
1907 143
1908 54
1909 71
1910 17
1911 72
1912 13
1913 8
1914 117
1915 10
1916 114
1917 100
1918 83
1919 84
1920 100
1921 64
1922 10
1923 90
1924 120
1925 34
1926 74
1927 2
1928 36
1929 132
1930 22
1931 115
1932 1
1933 44
1934 129
1935 22
1936 59
1937 116
1938 31
1939 148
1940 75
1941 29
1942 26
1943 137
1944 30
1945 142
1946 71
1947 50
1948 28
1949 33
1950 47
1951 144
1952 66
1953 98
1954 24
1955 30
1956 82
1957 50
1958 59
1959 42
1960 6
1961 6
1962 97
1963 145
1964 51
1965 48
1966 43
1967 18
1968 57
1969 21
1970 66
1971 96
1972 106
1973 123
1974 73
1975 15
1976 49
1977 29
1978 89
1979 8
1980 113
1981 61
1982 145
1983 45
1984 11
1985 49
1986 24
1987 3
1988 36
1989 147
1990 6
1991 94
1992 138
1993 50
1994 132
1995 39
1996 95
1997 121
1998 141
1999 72
2000 146
2001 26
2002 41
2003 58
2004 71
2005 89
2006 45
2007 18
2008 134
2009 66
2010 144
2011 81
2012 19
2013 96
2014 144
2015 58
2016 96
2017 67
2018 39
2019 119
2020 20
2021 100
2022 117
2023 56
2024 77
2025 79
2026 130
2027 21
2028 89
2029 18
2030 104
2031 87
2032 74
2033 104
2034 47
2035 100
2036 60
2037 92
2038 106
2039 7
2040 5
2041 123
2042 13
2043 125
2044 43
2045 107
2046 101
2047 59
2048 86
2049 33
2050 110
2051 11
2052 106
2053 71
2054 35
2055 124
2056 81
2057 39
2058 73
2059 141
2060 56
2061 6
2062 114
2063 123
2064 145
2065 50
2066 76
2067 28
2068 54
2069 104
2070 105
2071 101
2072 25
2073 59
2074 28
2075 20
2076 113
2077 125
2078 89
2079 134
2080 2
2081 17
2082 7
2083 88
2084 115
2085 73
2086 134
2087 137
2088 119
2089 65
2090 81
2091 127
2092 73
2093 59
2094 8
2095 71
2096 85
2097 125
2098 29
2099 12
2100 134
2101 111
2102 48
2103 142
2104 51
2105 92
2106 55
2107 3
2108 130
2109 19
2110 62
2111 41
2112 105
2113 23
2114 61
2115 14
2116 51
2117 70
2118 66
2119 139
2120 28
2121 139
2122 30
2123 5
2124 98
2125 50
2126 41
2127 8
2128 41
2129 132
2130 25
2131 6
2132 45
2133 16
2134 18
2135 80
2136 109
2137 113
2138 47
2139 62
2140 11
2141 89
2142 119
2143 112
2144 25
2145 71
2146 59
2147 133
2148 134
2149 86
2150 141
2151 8
2152 91
2153 4
2154 104
2155 87
2156 96
2157 62
2158 32
2159 33
2160 14
2161 46
2162 47
2163 86
2164 23
2165 72
2166 67
2167 99
2168 42
2169 143
2170 17
2171 63
2172 105
2173 123
2174 50
2175 79
2176 45
2177 137
2178 125
2179 90
2180 83
2181 123
2182 136
2183 128
2184 116
2185 38
2186 6
2187 16
2188 106
2189 69
2190 85
2191 34
2192 102
2193 75
2194 18
2195 1
2196 42
2197 74
2198 73
2199 132
2200 75
2201 71
2202 44
2203 32
2204 133
2205 146
2206 110
2207 58
2208 126
2209 73
2210 124
2211 125
2212 120
2213 123
2214 41
2215 81
2216 107
2217 122
2218 65
2219 28
2220 61
2221 16
2222 56
2223 11
2224 45
2225 118
2226 11
2227 18
2228 63
2229 114
2230 22
2231 25
2232 70
2233 48
2234 24
2235 78
2236 130
2237 47
2238 8
2239 72
2240 141
2241 124
2242 26
2243 38
2244 127
2245 97
2246 42
2247 114
2248 116
2249 143
2250 93
2251 25
2252 29
2253 28
2254 145
2255 9
2256 53
2257 73
2258 120
2259 71
2260 40
2261 38
2262 88
2263 26
2264 21
2265 23
2266 70
2267 18
2268 146
2269 31
2270 20
2271 31
2272 40
2273 35
2274 148
2275 42
2276 109
2277 115
2278 97
2279 110
2280 148
2281 23
2282 70
2283 61
2284 117
2285 23
2286 46
2287 103
2288 47
2289 59
2290 58
2291 135
2292 70
2293 92
2294 75
2295 25
2296 13
2297 141
2298 34
2299 112
2300 90
2301 24
2302 65
2303 130
2304 83
2305 22
2306 48
2307 65
2308 99
2309 119
2310 62
2311 45
2312 28
2313 125
2314 50
2315 143
2316 85
2317 132
2318 1
2319 30
2320 97
2321 127
2322 124
2323 56
2324 53
2325 27
2326 75
2327 57
2328 39
2329 96
2330 82
2331 65
2332 27
2333 80
2334 122
2335 37
2336 148
2337 95
2338 35
2339 49
2340 33
2341 66
2342 96
2343 108
2344 93
2345 14
2346 19
2347 62
2348 109
2349 41
2350 89
2351 53
2352 7
2353 35
2354 52
2355 83
2356 48
2357 79
2358 6
2359 18
2360 80
2361 115
2362 141
2363 10
2364 76
2365 110
2366 38
2367 74
2368 12
2369 14
2370 86
2371 51
2372 97
2373 116
2374 10
2375 148
2376 22
2377 123
2378 11
2379 138
2380 34
2381 36
2382 13
2383 98
2384 79
2385 38
2386 18
2387 61
2388 143
2389 13
2390 38
2391 81
2392 105
2393 130
2394 52
2395 115
2396 59
2397 53
2398 98
2399 27
2400 96
2401 2
2402 68
2403 72
2404 8
2405 36
2406 132
2407 26
2408 102
2409 14
2410 37
2411 96
2412 135
2413 130
2414 64
2415 135
2416 71
2417 50
2418 68
2419 43
2420 102
2421 93
2422 78
2423 85
2424 32
2425 42
2426 143
2427 101
2428 77
2429 19
2430 21
2431 46
2432 18
2433 133
2434 7
2435 41
2436 113
2437 134
2438 29
2439 103
2440 24
2441 24
2442 81
2443 146
2444 75
2445 114
2446 108
2447 117
2448 37
2449 146
2450 14
2451 124
2452 3
2453 17
2454 33
2455 98
2456 84
2457 118
2458 127
2459 100
2460 74
2461 99
2462 26
2463 110
2464 98
2465 82
2466 3
2467 46
2468 130
2469 49
2470 7
2471 35
2472 120
2473 15
2474 85
2475 29
2476 86
2477 118
2478 28
2479 86
2480 145
2481 52
2482 81
2483 102
2484 121
2485 72
2486 135
2487 78
2488 33
2489 3
2490 46
2491 109
2492 71
2493 22
2494 54
2495 21
2496 45
2497 23
2498 25
2499 31
2500 67
2501 50
2502 67
2503 121
2504 141
2505 2
2506 125
2507 36
2508 114
2509 110
2510 115
2511 31
2512 6
2513 134
2514 30
2515 27
2516 48
2517 65
2518 106
2519 54
2520 52
2521 94
2522 59
2523 92
2524 75
2525 14
2526 131
2527 21
2528 97
2529 102
2530 78
2531 112
2532 22
2533 99
2534 102
2535 43
2536 103
2537 36
2538 60
2539 31
2540 105
2541 72
2542 20
2543 54
2544 47
2545 136
2546 11
2547 141
2548 127
2549 32
2550 33
2551 74
2552 123
2553 90
2554 91
2555 17
2556 30
2557 49
2558 132
2559 82
2560 85
2561 56
2562 93
2563 144
2564 92
2565 92
2566 58
2567 120
2568 35
2569 42
2570 143
2571 44
2572 43
2573 61
2574 70
2575 16
2576 77
2577 15
2578 40
2579 104
2580 122
2581 96
2582 97
2583 60
2584 124
2585 93
2586 124
2587 54
2588 96
2589 18
2590 27
2591 99
2592 138
2593 89
2594 125
2595 143
2596 112
2597 73
2598 35
2599 5
2600 78
2601 70
2602 29
2603 134
2604 47
2605 78
2606 95
2607 10
2608 17
2609 123
2610 19
2611 147
2612 15
2613 26
2614 93
2615 140
2616 4
2617 13
2618 8
2619 11
2620 126
2621 64
2622 9
2623 141
2624 61
2625 97
2626 87
2627 8
2628 132
2629 64
2630 114
2631 22
2632 143
2633 120
2634 59
2635 63
2636 13
2637 55
2638 19
2639 10
2640 47
2641 65
2642 56
2643 116
2644 50
2645 33
2646 134
2647 98
2648 139
2649 58
2650 102
2651 10
2652 138
2653 69
2654 10
2655 106
2656 110
2657 97
2658 134
2659 89
2660 132
2661 107
2662 98
2663 65
2664 30
2665 112
2666 95
2667 27
2668 94
2669 103
2670 64
2671 65
2672 104
2673 132
2674 7
2675 47
2676 104
2677 15
2678 42
2679 97
2680 56
2681 89
2682 137
2683 137
2684 136
2685 113
2686 113
2687 29
2688 11
2689 56
2690 86
2691 142
2692 51
2693 40
2694 79
2695 72
2696 21
2697 18
2698 99
2699 12
2700 12
2701 136
2702 8
2703 121
2704 14
2705 48
2706 107
2707 11
2708 4
2709 67
2710 132
2711 78
2712 38
2713 122
2714 63
2715 116
2716 47
2717 124
2718 49
2719 14
2720 131
2721 67
2722 98
2723 80
2724 134
2725 142
2726 66
2727 24
2728 6
2729 40
2730 18
2731 142
2732 71
2733 95
2734 19
2735 90
2736 94
2737 64
2738 55
2739 118
2740 26
2741 108
2742 2
2743 17
2744 104
2745 14
2746 103
2747 25
2748 85
2749 55
2750 113
2751 115
2752 61
2753 82
2754 147
2755 140
2756 83
2757 43
2758 11
2759 83
2760 116
2761 70
2762 102
2763 140
2764 5
2765 96
2766 57
2767 36
2768 120
2769 148
2770 22
2771 42
2772 144
2773 60
2774 134
2775 103
2776 10
2777 22
2778 10
2779 138
2780 140
2781 2
2782 107
2783 145
2784 33
2785 42
2786 132
2787 3
2788 87
2789 81
2790 43
2791 112
2792 110
2793 83
2794 127
2795 119
2796 115
2797 7
2798 144
2799 4
2800 83
2801 121
2802 105
2803 90
2804 45
2805 108
2806 95
2807 144
2808 113
2809 95
2810 56
2811 7
2812 139
2813 80
2814 67
2815 105
2816 110
2817 65
2818 134
2819 92
2820 26
2821 1
2822 31
2823 111
2824 12
2825 69
2826 43
2827 132
2828 28
2829 108
2830 69
2831 33
2832 73
2833 81
2834 105
2835 18
2836 145
2837 42
2838 54
2839 46
2840 129
2841 64
2842 2
2843 52
2844 24
2845 110
2846 32
2847 6
2848 106
2849 19
2850 83
2851 48
2852 139
2853 15
2854 141
2855 67
2856 53
2857 28
2858 5
2859 20
2860 108
2861 97
2862 103
2863 43
2864 80
2865 124
2866 86
2867 11
2868 46
2869 109
2870 94
2871 124
2872 64
2873 148
2874 114
2875 106
2876 1
2877 143
2878 117
2879 114
2880 116
2881 146
2882 105
2883 100
2884 139
2885 106
2886 34
2887 12
2888 106
2889 6
2890 2
2891 136
2892 100
2893 61
2894 58
2895 74
2896 5
2897 93
2898 41
2899 82
2900 36
2901 63
2902 97
2903 143
2904 42
2905 18
2906 78
2907 76
2908 13
2909 94
2910 78
2911 128
2912 16
2913 1
2914 34
2915 41
2916 116
2917 78
2918 124
2919 58
2920 81
2921 106
2922 77
2923 11
2924 107
2925 125
2926 70
2927 128
2928 56
2929 130
2930 75
2931 89
2932 78
2933 121
2934 17
2935 34
2936 42
2937 115
2938 134
2939 123
2940 15
2941 86
2942 94
2943 116
2944 137
2945 136
2946 107
2947 111
2948 42
2949 122
2950 117
2951 32
2952 17
2953 52
2954 34
2955 125
2956 65
2957 83
2958 8
2959 72
2960 94
2961 62
2962 91
2963 51
2964 89
2965 69
2966 11
2967 63
2968 59
2969 125
2970 104
2971 9
2972 120
2973 27
2974 94
2975 93
2976 1
2977 120
2978 106
2979 67
2980 100
2981 86
2982 87
2983 27
2984 56
2985 85
2986 11
2987 26
2988 32
2989 48
2990 94
2991 22
2992 56
2993 53
2994 100
2995 129
2996 109
2997 128
2998 43
2999 88
3000 34
3001 58
3002 96
3003 115
3004 16
3005 87
3006 119
3007 43
3008 41
3009 94
3010 75
3011 51
3012 70
3013 55
3014 4
3015 53
3016 15
3017 72
3018 115
3019 23
3020 86
3021 12
3022 88
3023 32
3024 23
3025 129
3026 127
3027 33
3028 34
3029 98
3030 29
3031 50
3032 147
3033 11
3034 88
3035 5
3036 107
3037 48
3038 96
3039 79
3040 95
3041 34
3042 47
3043 26
3044 124
3045 120
3046 84
3047 85
3048 90
3049 24
3050 85
3051 64
3052 64
3053 40
3054 51
3055 57
3056 119
3057 140
3058 129
3059 119
3060 11
3061 77
3062 14
3063 16
3064 90
3065 26
3066 107
3067 6
3068 121
3069 105
3070 34
3071 82
3072 131
3073 20
3074 141
3075 51
3076 21
3077 107
3078 59
3079 96
3080 4
3081 98
3082 96
3083 1
3084 57
3085 46
3086 27
3087 11
3088 136
3089 89
3090 23
3091 141
3092 39
3093 73
3094 131
3095 39
3096 127
3097 82
3098 96
3099 24
3100 72
3101 64
3102 106
3103 56
3104 26
3105 89
3106 54
3107 22
3108 135
3109 60
3110 54
3111 121
3112 37
3113 4
3114 23
3115 76
3116 141
3117 95
3118 35
3119 59
3120 66
3121 25
3122 131
3123 73
3124 67
3125 33
3126 89
3127 124
3128 109
3129 101
3130 27
3131 98
3132 20
3133 2
3134 110
3135 70
3136 3
3137 53
3138 121
3139 74
3140 112
3141 49
3142 132
3143 23
3144 73
3145 36
3146 2
3147 94
3148 13
3149 34
3150 25
3151 125
3152 116
3153 102
3154 140
3155 100
3156 68
3157 131
3158 104
3159 19
3160 104
3161 128
3162 26
3163 119
3164 126
3165 145
3166 12
3167 33
3168 97
3169 49
3170 25
3171 115
3172 12
3173 72
3174 52
3175 34
3176 96
3177 116
3178 117
3179 96
3180 107
3181 59
3182 116
3183 30
3184 50
3185 64
3186 121
3187 114
3188 38
3189 107
3190 92
3191 2
3192 134
3193 105
3194 16
3195 28
3196 81
3197 72
3198 5
3199 22
3200 126
3201 73
3202 125
3203 147
3204 37
3205 73
3206 32
3207 32
3208 132
3209 137
3210 145
3211 140
3212 9
3213 120
3214 128
3215 69
3216 60
3217 53
3218 16
3219 83
3220 45
3221 23
3222 67
3223 148
3224 79
3225 111
3226 34
3227 101
3228 89
3229 67
3230 118
3231 58
3232 34
3233 101
3234 98
3235 116
3236 57
3237 66
3238 40
3239 80
3240 124
3241 118
3242 24
3243 123
3244 29
3245 111
3246 118
3247 68
3248 22
3249 66
3250 52
3251 129
3252 55
3253 121
3254 92
3255 52
3256 110
3257 79
3258 2
3259 14
3260 128
3261 137
3262 142
3263 3
3264 82
3265 109
3266 35
3267 57
3268 39
3269 63
3270 50
3271 99
3272 69
3273 135
3274 78
3275 40
3276 143
3277 68
3278 10
3279 99
3280 38
3281 24
3282 81
3283 12
3284 26
3285 7
3286 60
3287 70
3288 145
3289 96
3290 121
3291 3
3292 55
3293 108
3294 108
3295 31
3296 135
3297 130
3298 67
3299 56
3300 4
3301 5
3302 99
3303 117
3304 81
3305 90
3306 20
3307 45
3308 36
3309 130
3310 104
3311 21
3312 18
3313 38
3314 115
3315 52
3316 145
3317 73
3318 81
3319 10
3320 3
3321 140
3322 147
3323 107
3324 24
3325 134
3326 41
3327 72
3328 38
3329 93
3330 54
3331 132
3332 128
3333 50
3334 132
3335 123
3336 47
3337 40
3338 7
3339 63
3340 60
3341 68
3342 141
3343 56
3344 60
3345 132
3346 75
3347 9
3348 3
3349 95
3350 25
3351 125
3352 113
3353 13
3354 148
3355 52
3356 138
3357 87
3358 95
3359 25
3360 25
3361 77
3362 77
3363 41
3364 21
3365 11
3366 112
3367 65
3368 2
3369 54
3370 128
3371 106
3372 103
3373 126
3374 66
3375 97
3376 104
3377 5
3378 93
3379 47
3380 45
3381 29
3382 4
3383 105
3384 104
3385 13
3386 113
3387 91
3388 144
3389 125
3390 90
3391 55
3392 143
3393 49
3394 142
3395 39
3396 10
3397 76
3398 18
3399 145
3400 121
3401 80
3402 103
3403 100
3404 130
3405 32
3406 78
3407 114
3408 16
3409 75
3410 83
3411 138
3412 32
3413 36
3414 93
3415 1
3416 106
3417 21
3418 92
3419 34
3420 4
3421 9
3422 28
3423 141
3424 53
3425 49
3426 124
3427 119
3428 144
3429 30
3430 118
3431 89
3432 54
3433 50
3434 76
3435 9
3436 24
3437 139
3438 51
3439 100
3440 121
3441 108
3442 15
3443 75
3444 131
3445 27
3446 127
3447 59
3448 136
3449 88
3450 32
3451 84
3452 44
3453 101
3454 55
3455 53
3456 147
3457 66
3458 112
3459 3
3460 72
3461 70
3462 110
3463 54
3464 134
3465 51
3466 47
3467 78
3468 121
3469 120
3470 15
3471 125
3472 25
3473 13
3474 75
3475 124
3476 116
3477 146
3478 47
3479 75
3480 111
3481 113
3482 85
3483 47
3484 99
3485 51
3486 141
3487 118
3488 108
3489 148
3490 92
3491 56
3492 70
3493 11
3494 6
3495 116
3496 61
3497 54
3498 73
3499 72
3500 21
3501 130
3502 5
3503 115
3504 83
3505 83
3506 75
3507 89
3508 103
3509 73
3510 18
3511 38
3512 63
3513 32
3514 22
3515 44
3516 148
3517 65
3518 45
3519 117
3520 103
3521 141
3522 6
3523 133
3524 86
3525 11
3526 50
3527 82
3528 121
3529 18
3530 7
3531 58
3532 21
3533 31
3534 15
3535 134
3536 90
3537 13
3538 10
3539 125
3540 37
3541 128
3542 3
3543 107
3544 84
3545 92
3546 19
3547 100
3548 137
3549 40
3550 13
3551 46
3552 17
3553 83
3554 64
3555 99
3556 5
3557 141
3558 31
3559 84
3560 145
3561 131
3562 1
3563 94
3564 141
3565 57
3566 33
3567 78
3568 143
3569 82
3570 77
3571 120
3572 88
3573 99
3574 33
3575 86
3576 101
3577 140
3578 98
3579 115
3580 46
3581 66
3582 75
3583 18
3584 144
3585 3
3586 138
3587 36
3588 5
3589 9
3590 31
3591 62
3592 94
3593 100
3594 18
3595 102
3596 42
3597 17
3598 22
3599 22
3600 73
3601 118
3602 29
3603 14
3604 83
3605 54
3606 107
3607 25
3608 94
3609 2
3610 46
3611 99
3612 84
3613 72
3614 40
3615 64
3616 100
3617 98
3618 65
3619 11
3620 68
3621 43
3622 62
3623 96
3624 134
3625 82
3626 3
3627 136
3628 15
3629 106
3630 26
3631 136
3632 40
3633 6
3634 45
3635 128
3636 104
3637 60
3638 120
3639 1
3640 73
3641 80
3642 46
3643 57
3644 37
3645 5
3646 6
3647 123
3648 83
3649 25
3650 101
3651 147
3652 51
3653 121
3654 128
3655 13
3656 26
3657 24
3658 86
3659 41
3660 148
3661 110
3662 100
3663 135
3664 94
3665 17
3666 75
3667 28
3668 31
3669 106
3670 27
3671 36
3672 129
3673 134
3674 24
3675 28
3676 23
3677 34
3678 140
3679 89
3680 108
3681 91
3682 133
3683 135
3684 111
3685 126
3686 90
3687 90
3688 73
3689 19
3690 134
3691 109
3692 126
3693 71
3694 105
3695 57
3696 3
3697 142
3698 32
3699 101
3700 142
3701 146
3702 34
3703 7
3704 110
3705 34
3706 124
3707 50
3708 107
3709 61
3710 141
3711 111
3712 64
3713 80
3714 58
3715 133
3716 12
3717 72
3718 115
3719 37
3720 106
3721 110
3722 12
3723 23
3724 121
3725 84
3726 73
3727 70
3728 57
3729 66
3730 76
3731 63
3732 24
3733 129
3734 112
3735 115
3736 134
3737 51
3738 57
3739 14
3740 30
3741 140
3742 8
3743 67
3744 141
3745 121
3746 116
3747 76
3748 97
3749 104
3750 59
3751 113
3752 27
3753 48
3754 118
3755 126
3756 36
3757 148
3758 56
3759 139
3760 53
3761 47
3762 80
3763 116
3764 23
3765 63
3766 56
3767 31
3768 48
3769 116
3770 54
3771 5
3772 99
3773 70
3774 1
3775 126
3776 84
3777 135
3778 102
3779 90
3780 55
3781 44
3782 27
3783 129
3784 100
3785 35
3786 131
3787 34
3788 116
3789 144
3790 113
3791 115
3792 96
3793 117
3794 127
3795 138
3796 96
3797 14
3798 110
3799 67
3800 14
3801 19
3802 108
3803 147
3804 78
3805 141
3806 61
3807 50
3808 97
3809 1
3810 33
3811 123
3812 10
3813 3
3814 114
3815 119
3816 79
3817 31
3818 102
3819 95
3820 75
3821 107
3822 80
3823 71
3824 66
3825 147
3826 42
3827 61
3828 122
3829 70
3830 117
3831 122
3832 45
3833 69
3834 108
3835 117
3836 26
3837 94
3838 61
3839 89
3840 144
3841 10
3842 98
3843 141
3844 103
3845 60
3846 53
3847 109
3848 137
3849 25
3850 96
3851 54
3852 21
3853 135
3854 87
3855 66
3856 20
3857 139
3858 76
3859 66
3860 120
3861 99
3862 54
3863 91
3864 97
3865 111
3866 35
3867 18
3868 140
3869 45
3870 115
3871 66
3872 53
3873 79
3874 137
3875 67
3876 135
3877 20
3878 69
3879 19
3880 27
3881 122
3882 47
3883 2
3884 42
3885 123
3886 47
3887 23
3888 112
3889 147
3890 96
3891 67
3892 65
3893 116
3894 34
3895 12
3896 82
3897 139
3898 24
3899 25
3900 87
3901 105
3902 144
3903 121
3904 145
3905 117
3906 77
3907 109
3908 7
3909 110
3910 66
3911 133
3912 64
3913 22
3914 24
3915 9
3916 20
3917 77
3918 100
3919 42
3920 39
3921 142
3922 117
3923 112
3924 42
3925 129
3926 40
3927 17
3928 30
3929 12
3930 4
3931 66
3932 73
3933 130
3934 72
3935 39
3936 12
3937 123
3938 7
3939 29
3940 109
3941 113
3942 108
3943 42
3944 21
3945 89
3946 57
3947 112
3948 44
3949 13
3950 119
3951 92
3952 28
3953 44
3954 56
3955 104
3956 65
3957 6
3958 47
3959 138
3960 82
3961 132
3962 117
3963 10
3964 11
3965 5
3966 54
3967 14
3968 27
3969 146
3970 116
3971 55
3972 131
3973 143
3974 70
3975 142
3976 73
3977 54
3978 20
3979 47
3980 54
3981 110
3982 28
3983 37
3984 3
3985 10
3986 92
3987 105
3988 125
3989 37
3990 13
3991 65
3992 53
3993 57
3994 53
3995 114
3996 46
3997 79
3998 55
3999 109
4000 76
4001 115
4002 102
4003 127
4004 44
4005 57
4006 41
4007 75
4008 84
4009 113
4010 11
4011 113
4012 96
4013 60
4014 117
4015 125
4016 51
4017 51
4018 6
4019 65
4020 136
4021 25
4022 144
4023 145
4024 26
4025 106
4026 111
4027 41
4028 27
4029 111
4030 48
4031 77
4032 10
4033 104
4034 140
4035 120
4036 54
4037 78
4038 135
4039 27
4040 82
4041 123
4042 64
4043 40
4044 88
4045 75
4046 49
4047 83
4048 79
4049 32
4050 126
4051 121
4052 21
4053 120
4054 116
4055 100
4056 95
4057 48
4058 99
4059 143
4060 123
4061 140
4062 37
4063 69
4064 146
4065 84
4066 121
4067 5
4068 48
4069 7
4070 7
4071 15
4072 79
4073 140
4074 104
4075 10
4076 139
4077 57
4078 100
4079 24
4080 98
4081 59
4082 86
4083 86
4084 133
4085 140
4086 82
4087 75
4088 25
4089 63
4090 29
4091 120
4092 47
4093 34
4094 93
4095 136
4096 103
4097 36
4098 4
4099 91
4100 15
4101 78
4102 20
4103 88
4104 13
4105 10
4106 65
4107 130
4108 136
4109 47
4110 10
4111 49
4112 138
4113 25
4114 52
4115 87
4116 114
4117 134
4118 24
4119 16
4120 109
4121 60
4122 53
4123 57
4124 122
4125 54
4126 124
4127 91
4128 74
4129 42
4130 101
4131 65
4132 89
4133 72
4134 21
4135 70
4136 6
4137 141
4138 34
4139 21
4140 9
4141 34
4142 93
4143 108
4144 44
4145 115
4146 48
4147 64
4148 67
4149 66
4150 11
4151 122
4152 65
4153 143
4154 99
4155 11
4156 25
4157 46
4158 87
4159 116
4160 148
4161 83
4162 50
4163 70
4164 126
4165 144
4166 90
4167 54
4168 81
4169 72
4170 89
4171 121
4172 30
4173 74
4174 26
4175 24
4176 136
4177 100
4178 100
4179 105
4180 38
4181 14
4182 81
4183 68
4184 141
4185 123
4186 83
4187 93
4188 69
4189 122
4190 85
4191 146
4192 87
4193 47
4194 23
4195 17
4196 91
4197 110
4198 104
4199 114
4200 76
4201 89
4202 93
4203 1
4204 148
4205 110
4206 30
4207 15
4208 20
4209 97
4210 77
4211 96
4212 136
4213 84
4214 25
4215 114
4216 107
4217 128
4218 53
4219 73
4220 82
4221 101
4222 68
4223 12
4224 76
4225 130
4226 136
4227 78
4228 11
4229 137
4230 98
4231 4
4232 147
4233 9
4234 37
4235 80
4236 32
4237 63
4238 29
4239 74
4240 12
4241 68
4242 138
4243 51
4244 1
4245 28
4246 47
4247 105
4248 119
4249 119
4250 143
4251 32
4252 49
4253 65
4254 39
4255 35
4256 136
4257 44
4258 1
4259 10
4260 41
4261 71
4262 122
4263 18
4264 11
4265 126
4266 79
4267 31
4268 2
4269 21
4270 89
4271 38
4272 32
4273 93
4274 81
4275 120
4276 126
4277 86
4278 138
4279 72
4280 76
4281 27
4282 99
4283 31
4284 129
4285 8
4286 19
4287 3
4288 9
4289 124
4290 7
4291 126
4292 141
4293 141
4294 140
4295 85
4296 59
4297 70
4298 72
4299 128
4300 85
4301 100
4302 78
4303 25
4304 41
4305 139
4306 72
4307 117
4308 139
4309 62
4310 11
4311 103
4312 144
4313 60
4314 99
4315 96
4316 19
4317 66
4318 56
4319 32
4320 87
4321 60
4322 66
4323 45
4324 19
4325 32
4326 35
4327 140
4328 131
4329 109
4330 10
4331 144
4332 105
4333 65
4334 91
4335 56
4336 79
4337 59
4338 74
4339 95
4340 128
4341 14
4342 136
4343 140
4344 134
4345 50
4346 63
4347 55
4348 57
4349 3
4350 69
4351 106
4352 30
4353 125
4354 7
4355 37
4356 54
4357 128
4358 57
4359 97
4360 133
4361 130
4362 15
4363 109
4364 70
4365 82
4366 25
4367 148
4368 102
4369 93
4370 101
4371 117
4372 53
4373 3
4374 61
4375 13
4376 31
4377 37
4378 4
4379 134
4380 133
4381 18
4382 1
4383 127
4384 117
4385 11
4386 71
4387 92
4388 19
4389 14
4390 84
4391 130
4392 87
4393 94
4394 52
4395 61
4396 61
4397 67
4398 41
4399 67
4400 115
4401 99
4402 121
4403 69
4404 139
4405 105
4406 5
4407 37
4408 78
4409 54
4410 124
4411 114
4412 16
4413 74
4414 115
4415 118
4416 52
4417 106
4418 41
4419 62
4420 80
4421 83
4422 103
4423 113
4424 124
4425 129
4426 108
4427 130
4428 6
4429 143
4430 38
4431 119
4432 15
4433 91
4434 61
4435 110
4436 2
4437 73
4438 14
4439 36
4440 52
4441 10
4442 110
4443 56
4444 103
4445 142
4446 138
4447 142
4448 44
4449 82
4450 115
4451 121
4452 62
4453 113
4454 76
4455 116
4456 140
4457 137
4458 132
4459 129
4460 22
4461 54
4462 134
4463 5
4464 121
4465 59
4466 35
4467 26
4468 65
4469 50
4470 97
4471 20
4472 83
4473 16
4474 102
4475 74
4476 13
4477 56
4478 63
4479 20
4480 103
4481 117
4482 99
4483 86
4484 110
4485 8
4486 115
4487 48
4488 135
4489 138
4490 22
4491 122
4492 129
4493 83
4494 131
4495 132
4496 134
4497 59
4498 3
4499 115
4500 94
4501 80
4502 83
4503 89
4504 52
4505 126
4506 131
4507 114
4508 131
4509 147
4510 60
4511 42
4512 37
4513 126
4514 4
4515 77
4516 107
4517 60
4518 41
4519 107
4520 34
4521 13
4522 64
4523 37
4524 80
4525 37
4526 70
4527 104
4528 96
4529 110
4530 120
4531 137
4532 37
4533 102
4534 139
4535 62
4536 101
4537 133
4538 94
4539 107
4540 83
4541 69
4542 127
4543 16
4544 104
4545 52
4546 148
4547 116
4548 8
4549 143
4550 27
4551 101
4552 140
4553 80
4554 119
4555 91
4556 15
4557 124
4558 27
4559 86
4560 36
4561 95
4562 79
4563 17
4564 23
4565 23
4566 19
4567 121
4568 24
4569 98
4570 73
4571 137
4572 120
4573 68
4574 73
4575 137
4576 143
4577 64
4578 41
4579 124
4580 143
4581 106
4582 88
4583 102
4584 136
4585 24
4586 23
4587 16
4588 27
4589 84
4590 136
4591 1
4592 124
4593 38
4594 70
4595 104
4596 25
4597 80
4598 55
4599 46
4600 144
4601 42
4602 8
4603 33
4604 92
4605 133
4606 100
4607 77
4608 4
4609 139
4610 14
4611 39
4612 123
4613 79
4614 107
4615 33
4616 112
4617 34
4618 34
4619 2
4620 137
4621 2
4622 129
4623 121
4624 81
4625 114
4626 29
4627 10
4628 55
4629 1
4630 33
4631 139
4632 63
4633 3
4634 2
4635 76
4636 87
4637 52
4638 37
4639 124
4640 146
4641 48
4642 39
4643 77
4644 115
4645 56
4646 132
4647 102
4648 33
4649 122
4650 41
4651 74
4652 24
4653 145
4654 31
4655 54
4656 33
4657 38
4658 42
4659 115
4660 101
4661 22
4662 68
4663 7
4664 143
4665 95
4666 34
4667 132
4668 23
4669 142
4670 86
4671 113
4672 106
4673 95
4674 93
4675 10
4676 18
4677 76
4678 48
4679 148
4680 16
4681 117
4682 74
4683 140
4684 115
4685 36
4686 99
4687 4
4688 8
4689 39
4690 11
4691 60
4692 19
4693 8
4694 69
4695 29
4696 37
4697 1
4698 141
4699 22
4700 112
4701 105
4702 43
4703 45
4704 54
4705 87
4706 56
4707 122
4708 66
4709 108
4710 7
4711 76
4712 80
4713 44
4714 55
4715 90
4716 122
4717 31
4718 47
4719 118
4720 21
4721 116
4722 148
4723 124
4724 105
4725 35
4726 137
4727 1
4728 67
4729 80
4730 129
4731 53
4732 98
4733 127
4734 96
4735 95
4736 139
4737 36
4738 21
4739 59
4740 72
4741 116
4742 100
4743 140
4744 117
4745 84
4746 138
4747 6
4748 73
4749 25
4750 127
4751 14
4752 68
4753 49
4754 89
4755 133
4756 119
4757 19
4758 60
4759 74
4760 109
4761 129
4762 139
4763 61
4764 75
4765 70
4766 114
4767 94
4768 67
4769 145
4770 22
4771 105
4772 123
4773 11
4774 70
4775 112
4776 110
4777 72
4778 86
4779 67
4780 15
4781 81
4782 104
4783 64
4784 40
4785 108
4786 75
4787 27
4788 28
4789 79
4790 98
4791 130
4792 2
4793 87
4794 82
4795 81
4796 143
4797 69
4798 78
4799 58
4800 32
4801 85
4802 78
4803 29
4804 16
4805 87
4806 4
4807 146
4808 110
4809 116
4810 148
4811 5
4812 79
4813 17
4814 78
4815 34
4816 11
4817 99
4818 28
4819 49
4820 96
4821 2
4822 65
4823 59
4824 21
4825 97
4826 142
4827 45
4828 97
4829 142
4830 35
4831 92
4832 135
4833 133
4834 121
4835 1
4836 141
4837 8
4838 48
4839 46
4840 79
4841 36
4842 96
4843 148
4844 70
4845 11
4846 21
4847 96
4848 100
4849 48
4850 67
4851 106
4852 126
4853 49
4854 46
4855 74
4856 137
4857 68
4858 11
4859 94
4860 105
4861 17
4862 113
4863 23
4864 125
4865 135
4866 72
4867 116
4868 141
4869 121
4870 1
4871 73
4872 64
4873 86
4874 34
4875 47
4876 36
4877 68
4878 105
4879 88
4880 61
4881 67
4882 91
4883 80
4884 4
4885 16
4886 133
4887 132
4888 124
4889 88
4890 109
4891 47
4892 118
4893 124
4894 28
4895 107
4896 100
4897 139
4898 109
4899 43
4900 20
4901 129
4902 37
4903 139
4904 117
4905 100
4906 86
4907 124
4908 111
4909 65
4910 49
4911 106
4912 134
4913 21
4914 50
4915 68
4916 121
4917 101
4918 94
4919 9
4920 71
4921 46
4922 53
4923 53
4924 69
4925 25
4926 55
4927 90
4928 1
4929 1
4930 36
4931 5
4932 145
4933 27
4934 60
4935 132
4936 54
4937 47
4938 144
4939 25
4940 4
4941 21
4942 135
4943 47
4944 2
4945 124
4946 90
4947 49
4948 67
4949 123
4950 39
4951 16
4952 70
4953 50
4954 137
4955 28
4956 58
4957 113
4958 126
4959 92
4960 111
4961 110
4962 54
4963 124
4964 41
4965 2
4966 41
4967 64
4968 25
4969 70
4970 67
4971 83
4972 2
4973 18
4974 123
4975 2
4976 93
4977 43
4978 48
4979 133
4980 70
4981 11
4982 13
4983 42
4984 1
4985 74
4986 96
4987 8
4988 106
4989 128
4990 53
4991 87
4992 16
4993 106
4994 140
4995 17
4996 80
4997 18
4998 34
4999 6
5000 65
5001 48
5002 108
5003 69
5004 61
5005 69
5006 87
5007 117
5008 44
5009 78
5010 108
5011 105
5012 114
5013 106
5014 2
5015 129
5016 106
5017 28
5018 82
5019 49
5020 29
5021 90
5022 112
5023 86
5024 116
5025 56
5026 34
5027 145
5028 135
5029 3
5030 128
5031 54
5032 11
5033 55
5034 51
5035 100
5036 123
5037 104
5038 20
5039 11
5040 117
5041 18
5042 8
5043 34
5044 50
5045 34
5046 9
5047 108
5048 118
5049 20
5050 30
5051 132
5052 27
5053 5
5054 146
5055 69
5056 147
5057 145
5058 107
5059 134
5060 60
5061 148
5062 141
5063 136
5064 26
5065 91
5066 94
5067 88
5068 27
5069 1
5070 14
5071 131
5072 121
5073 35
5074 133
5075 58
5076 24
5077 42
5078 108
5079 82
5080 26
5081 111
5082 135
5083 61
5084 75
5085 145
5086 41
5087 33
5088 23
5089 10
5090 23
5091 65
5092 82
5093 11
5094 45
5095 32
5096 121
5097 47
5098 97
5099 109
5100 105
5101 92
5102 2
5103 85
5104 3
5105 27
5106 141
5107 42
5108 139
5109 136
5110 133
5111 147
5112 38
5113 55
5114 105
5115 107
5116 10
5117 78
5118 84
5119 126
5120 89
5121 16
5122 97
5123 15
5124 57
5125 2
5126 8
5127 25
5128 6
5129 65
5130 10
5131 14
5132 88
5133 68
5134 52
5135 1
5136 45
5137 116
5138 74
5139 90
5140 54
5141 67
5142 22
5143 140
5144 75
5145 26
5146 97
5147 47
5148 36
5149 58
5150 126
5151 78
5152 89
5153 122
5154 49
5155 81
5156 147
5157 124
5158 86
5159 54
5160 100
5161 109
5162 76
5163 5
5164 87
5165 92
5166 2
5167 125
5168 66
5169 117
5170 53
5171 2
5172 88
5173 135
5174 139
5175 108
5176 118
5177 135
5178 63
5179 40
5180 99
5181 23
5182 141
5183 24
5184 100
5185 106
5186 42
5187 96
5188 103
5189 101
5190 134
5191 2
5192 85
5193 97
5194 32
5195 22
5196 47
5197 48
5198 23
5199 90
5200 80
5201 18
5202 133
5203 144
5204 79
5205 28
5206 131
5207 132
5208 18
5209 78
5210 90
5211 134
5212 110
5213 110
5214 63
5215 103
5216 94
5217 142
5218 125
5219 105
5220 119
5221 27
5222 57
5223 19
5224 15
5225 123
5226 67
5227 47
5228 113
5229 42
5230 64
5231 75
5232 5
5233 147
5234 43
5235 63
5236 95
5237 17
5238 116
5239 64
5240 142
5241 107
5242 45
5243 1
5244 142
5245 2
5246 81
5247 124
5248 98
5249 87
5250 56
5251 29
5252 92
5253 80
5254 58
5255 31
5256 7
5257 139
5258 105
5259 1
5260 142
5261 48
5262 79
5263 99
5264 8
5265 6
5266 86
5267 32
5268 63
5269 67
5270 72
5271 92
5272 147
5273 92
5274 29
5275 78
5276 75
5277 10
5278 78
5279 108
5280 59
5281 38
5282 119
5283 22
5284 132
5285 41
5286 139
5287 108
5288 67
5289 67
5290 134
5291 6
5292 74
5293 82
5294 118
5295 39
5296 73
5297 37
5298 126
5299 111
5300 87
5301 146
5302 134
5303 141
5304 147
5305 105
5306 12
5307 14
5308 92
5309 62
5310 144
5311 43
5312 46
5313 10
5314 106
5315 49
5316 45
5317 100
5318 138
5319 25
5320 90
5321 9
5322 11
5323 113
5324 93
5325 59
5326 33
5327 86
5328 9
5329 126
5330 147
5331 11
5332 13
5333 41
5334 125
5335 93
5336 94
5337 117
5338 43
5339 70
5340 148
5341 144
5342 62
5343 130
5344 123
5345 110
5346 60
5347 39
5348 116
5349 121
5350 102
5351 96
5352 59
5353 64
5354 113
5355 25
5356 39
5357 56
5358 59
5359 123
5360 12
5361 71
5362 26
5363 138
5364 37
5365 112
5366 120
5367 13
5368 47
5369 96
5370 4
5371 116
5372 44
5373 32
5374 51
5375 73
5376 44
5377 68
5378 56
5379 50
5380 84
5381 29
5382 106
5383 67
5384 69
5385 83
5386 16
5387 57
5388 137
5389 77
5390 11
5391 40
5392 80
5393 145
5394 111
5395 90
5396 47
5397 105
5398 51
5399 89
5400 33
5401 126
5402 40
5403 23
5404 128
5405 140
5406 126
5407 12
5408 98
5409 42
5410 59
5411 14
5412 2
5413 92
5414 74
5415 108
5416 145
5417 1
5418 54
5419 28
5420 16
5421 111
5422 5
5423 74
5424 113
5425 58
5426 27
5427 90
5428 97
5429 113
5430 25
5431 27
5432 89
5433 112
5434 49
5435 52
5436 33
5437 111
5438 18
5439 45
5440 25
5441 13
5442 50
5443 82
5444 112
5445 33
5446 127
5447 6
5448 93
5449 80
5450 93
5451 30
5452 145
5453 139
5454 82
5455 73
5456 126
5457 89
5458 26
5459 54
5460 41
5461 69
5462 12
5463 95
5464 87
5465 112
5466 41
5467 15
5468 102
5469 28
5470 95
5471 24
5472 4
5473 53
5474 136
5475 61
5476 69
5477 24
5478 117
5479 105
5480 88
5481 38
5482 87
5483 98
5484 62
5485 103
5486 67
5487 129
5488 141
5489 66
5490 39
5491 47
5492 91
5493 135
5494 38
5495 140
5496 58
5497 45
5498 92
5499 102
5500 34
5501 113
5502 136
5503 98
5504 18
5505 146
5506 26
5507 21
5508 26
5509 114
5510 122
5511 83
5512 132
5513 114
5514 118
5515 59
5516 133
5517 47
5518 6
5519 59
5520 62
5521 122
5522 37
5523 42
5524 3
5525 53
5526 14
5527 146
5528 62
5529 53
5530 24
5531 128
5532 141
5533 65
5534 13
5535 65
5536 68
5537 118
5538 22
5539 93
5540 1
5541 112
5542 133
5543 57
5544 22
5545 133
5546 36
5547 115
5548 18
5549 17
5550 133
5551 7
5552 99
5553 109
5554 5
5555 69
5556 103
5557 79
5558 60
5559 86
5560 121
5561 29
5562 17
5563 89
5564 86
5565 25
5566 1
5567 126
5568 101
5569 108
5570 94
5571 120
5572 51
5573 92
5574 4
5575 124
5576 70
5577 84
5578 32
5579 76
5580 85
5581 10
5582 122
5583 31
5584 82
5585 49
5586 55
5587 73
5588 97
5589 47
5590 19
5591 22
5592 11
5593 112
5594 78
5595 60
5596 69
5597 88
5598 69
5599 15
5600 96
5601 92
5602 18
5603 62
5604 42
5605 111
5606 86
5607 128
5608 29
5609 20
5610 70
5611 119
5612 81
5613 71
5614 109
5615 99
5616 55
5617 91
5618 87
5619 79
5620 131
5621 70
5622 29
5623 104
5624 113
5625 88
5626 126
5627 32
5628 8
5629 47
5630 76
5631 70
5632 148
5633 68
5634 37
5635 143
5636 82
5637 77
5638 140
5639 101
5640 13
5641 7
5642 4
5643 108
5644 56
5645 67
5646 133
5647 96
5648 143
5649 105
5650 91
5651 16
5652 93
5653 135
5654 91
5655 101
5656 65
5657 96
5658 26
5659 127
5660 82
5661 64
5662 117
5663 22
5664 91
5665 54
5666 27
5667 121
5668 77
5669 106
5670 94
5671 109
5672 130
5673 20
5674 72
5675 17
5676 63
5677 113
5678 45
5679 101
5680 114
5681 133
5682 1
5683 90
5684 45
5685 7
5686 138
5687 70
5688 23
5689 95
5690 24
5691 100
5692 38
5693 50
5694 73
5695 42
5696 52
5697 98
5698 22
5699 29
5700 42
5701 135
5702 89
5703 125
5704 106
5705 19
5706 105
5707 27
5708 9
5709 73
5710 67
5711 117
5712 29
5713 10
5714 145
5715 73
5716 63
5717 134
5718 81
5719 22
5720 61
5721 138
5722 20
5723 56
5724 67
5725 11
5726 53
5727 6
5728 142
5729 96
5730 131
5731 59
5732 9
5733 56
5734 30
5735 50
5736 10
5737 50
5738 134
5739 113
5740 35
5741 56
5742 71
5743 116
5744 59
5745 129
5746 45
5747 125
5748 118
5749 40
5750 92
5751 56
5752 72
5753 107
5754 12
5755 3
5756 56
5757 29
5758 37
5759 145
5760 71
5761 137
5762 1
5763 14
5764 146
5765 89
5766 44
5767 67
5768 51
5769 54
5770 25
5771 129
5772 73
5773 2
5774 31
5775 87
5776 12
5777 38
5778 52
5779 104
5780 37
5781 54
5782 113
5783 1
5784 144
5785 5
5786 85
5787 63
5788 111
5789 3
5790 94
5791 99
5792 120
5793 141
5794 24
5795 138
5796 9
5797 23
5798 134
5799 97
5800 32
5801 30
5802 23
5803 102
5804 120
5805 74
5806 87
5807 22
5808 94
5809 128
5810 104
5811 107
5812 53
5813 38
5814 25
5815 145
5816 145
5817 47
5818 103
5819 111
5820 144
5821 132
5822 100
5823 43
5824 59
5825 100
5826 112
5827 43
5828 101
5829 34
5830 131
5831 73
5832 31
5833 106
5834 129
5835 92
5836 80
5837 89
5838 58
5839 6
5840 59
5841 90
5842 75
5843 68
5844 142
5845 7
5846 76
5847 29
5848 45
5849 132
5850 63
5851 148
5852 22
5853 92
5854 29
5855 17
5856 24
5857 88
5858 13
5859 81
5860 45
5861 87
5862 51
5863 135
5864 19
5865 1
5866 80
5867 137
5868 80
5869 11
5870 130
5871 34
5872 43
5873 23
5874 77
5875 61
5876 81
5877 47
5878 68
5879 62
5880 93
5881 146
5882 35
5883 100
5884 96
5885 133
5886 103
5887 96
5888 134
5889 102
5890 17
5891 135
5892 119
5893 129
5894 80
5895 115
5896 71
5897 138
5898 145
5899 76
5900 86
5901 105
5902 116
5903 89
5904 35
5905 120
5906 101
5907 10
5908 77
5909 46
5910 107
5911 112
5912 125
5913 80
5914 146
5915 18
5916 1
5917 4
5918 61
5919 25
5920 64
5921 135
5922 10
5923 64
5924 6
5925 50
5926 116
5927 52
5928 132
5929 113
5930 133
5931 115
5932 68
5933 121
5934 144
5935 35
5936 90
5937 92
5938 121
5939 73
5940 131
5941 76
5942 9
5943 146
5944 59
5945 76
5946 144
5947 24
5948 51
5949 29
5950 57
5951 87
5952 85
5953 89
5954 59
5955 25
5956 4
5957 4
5958 70
5959 36
5960 13
5961 146
5962 23
5963 134
5964 11
5965 133
5966 10
5967 125
5968 70
5969 115
5970 38
5971 118
5972 85
5973 58
5974 105
5975 52
5976 56
5977 94
5978 118
5979 114
5980 41
5981 83
5982 32
5983 11
5984 100
5985 65
5986 142
5987 57
5988 95
5989 21
5990 89
5991 75
5992 124
5993 130
5994 101
5995 18
5996 31
5997 43
5998 20
5999 141
6000 120
6001 66
6002 92
6003 92
6004 57
6005 27
6006 50
6007 21
6008 26
6009 99
6010 84
6011 124
6012 54
6013 109
6014 135
6015 40
6016 73
6017 75
6018 81
6019 26
6020 25
6021 36
6022 33
6023 148
6024 100
6025 105
6026 49
6027 82
6028 36
6029 43
6030 2
6031 126
6032 76
6033 62
6034 23
6035 101
6036 86
6037 16
6038 14
6039 7
6040 58
6041 112
6042 50
6043 96
6044 12
6045 1
6046 52
6047 116
6048 144
6049 33
6050 145
6051 7
6052 104
6053 72
6054 146
6055 23
6056 103
6057 136
6058 71
6059 146
6060 89
6061 142
6062 54
6063 107
6064 75
6065 97
6066 1
6067 111
6068 34
6069 146
6070 22
6071 117
6072 41
6073 41
6074 32
6075 30
6076 31
6077 64
6078 143
6079 56
6080 98
6081 37
6082 12
6083 107
6084 62
6085 88
6086 107
6087 13
6088 115
6089 81
6090 78
6091 43
6092 143
6093 27
6094 140
6095 11
6096 105
6097 10
6098 134
6099 106
6100 126
6101 114
6102 143
6103 60
6104 50
6105 70
6106 61
6107 6
6108 147
6109 30
6110 136
6111 57
6112 62
6113 92
6114 148
6115 44
6116 23
6117 67
6118 5
6119 99
6120 53
6121 7
6122 116
6123 68
6124 77
6125 26
6126 69
6127 82
6128 46
6129 21
6130 16
6131 47
6132 96
6133 21
6134 107
6135 121
6136 113
6137 53
6138 74
6139 21
6140 137
6141 42
6142 101
6143 135
6144 8
6145 83
6146 53
6147 21
6148 7
6149 56
6150 125
6151 83
6152 120
6153 111
6154 101
6155 35
6156 96
6157 148
6158 145
6159 27
6160 9
6161 119
6162 51
6163 32
6164 89
6165 28
6166 23
6167 127
6168 88
6169 80
6170 120
6171 35
6172 35
6173 122
6174 50
6175 26
6176 115
6177 135
6178 139
6179 54
6180 53
6181 4
6182 91
6183 113
6184 32
6185 14
6186 101
6187 57
6188 22
6189 130
6190 148
6191 3
6192 32
6193 124
6194 145
6195 18
6196 61
6197 18
6198 64
6199 135
6200 106
6201 49
6202 85
6203 30
6204 90
6205 129
6206 55
6207 1
6208 139
6209 26
6210 10
6211 59
6212 97
6213 85
6214 137
6215 134
6216 58
6217 132
6218 58
6219 56
6220 106
6221 77
6222 80
6223 52
6224 108
6225 47
6226 106
6227 128
6228 131
6229 38
6230 111
6231 99
6232 88
6233 58
6234 27
6235 77
6236 77
6237 134
6238 36
6239 43
6240 118
6241 42
6242 143
6243 100
6244 85
6245 33
6246 29
6247 59
6248 18
6249 77
6250 12
6251 134
6252 119
6253 103
6254 3
6255 124
6256 85
6257 102
6258 144
6259 146
6260 29
6261 54
6262 95
6263 139
6264 130
6265 105
6266 17
6267 63
6268 76
6269 41
6270 63
6271 62
6272 12
6273 84
6274 36
6275 91
6276 113
6277 5
6278 31
6279 134
6280 20
6281 76
6282 68
6283 48
6284 140
6285 121
6286 3
6287 25
6288 52
6289 81
6290 140
6291 79
6292 2
6293 107
6294 48
6295 46
6296 47
6297 107
6298 86
6299 1
6300 63
6301 82
6302 116
6303 11
6304 23
6305 42
6306 46
6307 142
6308 92
6309 148
6310 114
6311 84
6312 105
6313 123
6314 72
6315 98
6316 46
6317 58
6318 86
6319 11
6320 82
6321 47
6322 101
6323 39
6324 20
6325 118
6326 79
6327 124
6328 99
6329 88
6330 7
6331 87
6332 73
6333 120
6334 142
6335 10
6336 90
6337 6
6338 85
6339 126
6340 57
6341 101
6342 14
6343 50
6344 56
6345 38
6346 20
6347 18
6348 33
6349 147
6350 5
6351 50
6352 32
6353 73
6354 121
6355 37
6356 134
6357 67
6358 143
6359 57
6360 37
6361 112
6362 79
6363 66
6364 54
6365 86
6366 2
6367 147
6368 4
6369 60
6370 117
6371 13
6372 125
6373 139
6374 141
6375 30
6376 24
6377 17
6378 92
6379 77
6380 37
6381 13
6382 88
6383 52
6384 83
6385 67
6386 147
6387 44
6388 78
6389 64
6390 123
6391 120
6392 10
6393 101
6394 105
6395 147
6396 103
6397 115
6398 35
6399 65
6400 22
6401 25
6402 85
6403 47
6404 12
6405 89
6406 18
6407 84
6408 131
6409 72
6410 23
6411 119
6412 123
6413 86
6414 13
6415 90
6416 92
6417 144
6418 107
6419 108
6420 111
6421 29
6422 124
6423 144
6424 116
6425 94
6426 21
6427 20
6428 101
6429 70
6430 75
6431 51
6432 34
6433 46
6434 13
6435 124
6436 113
6437 7
6438 134
6439 63
6440 101
6441 79
6442 16
6443 79
6444 67
6445 95
6446 5
6447 59
6448 30
6449 134
6450 34
6451 111
6452 127
6453 52
6454 99
6455 43
6456 13
6457 142
6458 14
6459 16
6460 6
6461 34
6462 83
6463 72
6464 31
6465 30
6466 54
6467 121
6468 135
6469 98
6470 136
6471 12
6472 25
6473 49
6474 43
6475 112
6476 64
6477 83
6478 25
6479 88
6480 53
6481 117
6482 105
6483 106
6484 17
6485 98
6486 18
6487 44
6488 88
6489 66
6490 74
6491 41
6492 66
6493 11
6494 114
6495 45
6496 70
6497 91
6498 9
6499 51
6500 18
6501 101
6502 42
6503 21
6504 42
6505 1
6506 106
6507 80
6508 92
6509 105
6510 23
6511 108
6512 113
6513 103
6514 127
6515 18
6516 2
6517 28
6518 87
6519 49
6520 28
6521 91
6522 88
6523 60
6524 133
6525 2
6526 102
6527 41
6528 17
6529 2
6530 96
6531 1
6532 33
6533 62
6534 34
6535 7
6536 55
6537 35
6538 126
6539 40
6540 90
6541 74
6542 108
6543 47
6544 51
6545 55
6546 80
6547 121
6548 106
6549 90
6550 131
6551 58
6552 45
6553 105
6554 88
6555 24
6556 94
6557 81
6558 31
6559 138
6560 49
6561 53
6562 138
6563 103
6564 96
6565 143
6566 54
6567 120
6568 100
6569 61
6570 18
6571 96
6572 100
6573 34
6574 120
6575 36
6576 84
6577 139
6578 115
6579 112
6580 25
6581 122
6582 75
6583 92
6584 77
6585 16
6586 15
6587 118
6588 27
6589 1
6590 44
6591 123
6592 70
6593 6
6594 145
6595 138
6596 112
6597 121
6598 29
6599 66
6600 14
6601 68
6602 68
6603 117
6604 142
6605 87
6606 17
6607 65
6608 56
6609 35
6610 83
6611 36
6612 4
6613 28
6614 85
6615 93
6616 144
6617 90
6618 59
6619 29
6620 23
6621 103
6622 113
6623 14
6624 92
6625 8
6626 116
6627 106
6628 76
6629 73
6630 105
6631 79
6632 138
6633 18
6634 3
6635 92
6636 27
6637 35
6638 20
6639 8
6640 124
6641 105
6642 38
6643 42
6644 109
6645 92
6646 92
6647 26
6648 96
6649 120
6650 82
6651 97
6652 23
6653 67
6654 145
6655 81
6656 115
6657 46
6658 129
6659 85
6660 65
6661 100
6662 137
6663 119
6664 44
6665 115
6666 133
6667 57
6668 56
6669 78
6670 70
6671 74
6672 141
6673 134
6674 82
6675 55
6676 81
6677 63
6678 2
6679 7
6680 146
6681 8
6682 103
6683 48
6684 134
6685 20
6686 122
6687 64
6688 55
6689 20
6690 28
6691 51
6692 113
6693 41
6694 138
6695 128
6696 133
6697 71
6698 6
6699 91
6700 21
6701 48
6702 36
6703 57
6704 111
6705 12
6706 143
6707 44
6708 125
6709 94
6710 84
6711 29
6712 38
6713 112
6714 36
6715 18
6716 134
6717 43
6718 71
6719 22
6720 18
6721 72
6722 27
6723 98
6724 26
6725 105
6726 44
6727 67
6728 87
6729 82
6730 130
6731 12
6732 52
6733 6
6734 110
6735 118
6736 136
6737 60
6738 66
6739 20
6740 72
6741 68
6742 26
6743 92
6744 17
6745 33
6746 51
6747 116
6748 93
6749 125
6750 35
6751 48
6752 22
6753 148
6754 100
6755 95
6756 83
6757 29
6758 111
6759 92
6760 63
6761 39
6762 73
6763 35
6764 40
6765 116
6766 39
6767 92
6768 127
6769 57
6770 90
6771 90
6772 123
6773 117
6774 92
6775 80
6776 147
6777 141
6778 25
6779 62
6780 2
6781 79
6782 123
6783 94
6784 135
6785 144
6786 105
6787 136
6788 98
6789 39
6790 56
6791 55
6792 12
6793 116
6794 75
6795 48
6796 64
6797 27
6798 103
6799 86
6800 4
6801 53
6802 91
6803 7
6804 28
6805 56
6806 83
6807 135
6808 136
6809 127
6810 30
6811 120
6812 135
6813 133
6814 113
6815 59
6816 88
6817 7
6818 106
6819 131
6820 112
6821 6
6822 56
6823 125
6824 120
6825 1
6826 106
6827 94
6828 56
6829 97
6830 93
6831 2
6832 8
6833 45
6834 101
6835 100
6836 135
6837 148
6838 146
6839 44
6840 117
6841 49
6842 96
6843 97
6844 146
6845 40
6846 93
6847 105
6848 148
6849 102
6850 6
6851 146
6852 12
6853 142
6854 73
6855 9
6856 105
6857 127
6858 38
6859 120
6860 49
6861 90
6862 75
6863 31
6864 43
6865 115
6866 39
6867 50
6868 82
6869 148
6870 20
6871 10
6872 102
6873 112
6874 53
6875 118
6876 48
6877 37
6878 33
6879 31
6880 60
6881 76
6882 15
6883 51
6884 42
6885 87
6886 91
6887 34
6888 147
6889 63
6890 67
6891 89
6892 101
6893 2
6894 86
6895 92
6896 46
6897 129
6898 75
6899 60
6900 137
6901 61
6902 114
6903 2
6904 78
6905 1
6906 103
6907 142
6908 69
6909 11
6910 38
6911 12
6912 125
6913 78
6914 100
6915 74
6916 80
6917 126
6918 2
6919 93
6920 130
6921 124
6922 45
6923 52
6924 59
6925 56
6926 114
6927 11
6928 143
6929 48
6930 15
6931 88
6932 77
6933 121
6934 75
6935 35
6936 113
6937 92
6938 93
6939 136
6940 137
6941 65
6942 93
6943 105
6944 13
6945 84
6946 58
6947 46
6948 132
6949 133
6950 82
6951 128
6952 49
6953 129
6954 26
6955 52
6956 131
6957 133
6958 132
6959 144
6960 148
6961 31
6962 71
6963 80
6964 72
6965 99
6966 47
6967 62
6968 14
6969 85
6970 10
6971 114
6972 50
6973 27
6974 5
6975 114
6976 2
6977 71
6978 96
6979 52
6980 9
6981 27
6982 22
6983 113
6984 94
6985 115
6986 95
6987 98
6988 60
6989 141
6990 99
6991 13
6992 100
6993 25
6994 125
6995 50
6996 79
6997 107
6998 100
6999 39
7000 19
7001 125
7002 131
7003 104
7004 91
7005 130
7006 83
7007 21
7008 98
7009 27
7010 2
7011 61
7012 148
7013 74
7014 80
7015 54
7016 121
7017 143
7018 123
7019 123
7020 143
7021 38
7022 124
7023 143
7024 30
7025 107
7026 2
7027 7
7028 131
7029 134
7030 147
7031 22
7032 76
7033 89
7034 140
7035 99
7036 129
7037 11
7038 59
7039 56
7040 17
7041 136
7042 117
7043 66
7044 59
7045 58
7046 18
7047 133
7048 6
7049 16
7050 82
7051 102
7052 111
7053 94
7054 122
7055 12
7056 147
7057 67
7058 122
7059 41
7060 131
7061 121
7062 98
7063 107
7064 115
7065 30
7066 97
7067 82
7068 127
7069 3
7070 44
7071 124
7072 132
7073 1
7074 79
7075 1
7076 83
7077 106
7078 49
7079 144
7080 134
7081 97
7082 86
7083 105
7084 63
7085 79
7086 146
7087 106
7088 97
7089 16
7090 25
7091 18
7092 71
7093 38
7094 58
7095 134
7096 97
7097 119
7098 10
7099 66
7100 80
7101 137
7102 8
7103 30
7104 94
7105 129
7106 82
7107 139
7108 139
7109 53
7110 88
7111 64
7112 89
7113 9
7114 88
7115 113
7116 69
7117 32
7118 56
7119 21
7120 7
7121 27
7122 11
7123 78
7124 40
7125 25
7126 107
7127 67
7128 51
7129 102
7130 82
7131 85
7132 45
7133 84
7134 53
7135 67
7136 143
7137 141
7138 94
7139 15
7140 4
7141 21
7142 148
7143 123
7144 75
7145 89
7146 146
7147 45
7148 141
7149 89
7150 88
7151 65
7152 122
7153 44
7154 124
7155 49
7156 66
7157 120
7158 54
7159 34
7160 73
7161 95
7162 120
7163 67
7164 143
7165 111
7166 104
7167 4
7168 78
7169 38
7170 4
7171 47
7172 70
7173 38
7174 18
7175 78
7176 35
7177 145
7178 93
7179 19
7180 45
7181 40
7182 128
7183 61
7184 80
7185 14
7186 54
7187 46
7188 41
7189 134
7190 148
7191 140
7192 136
7193 117
7194 137
7195 145
7196 65
7197 65
7198 40
7199 12
7200 73
7201 129
7202 68
7203 40
7204 5
7205 38
7206 16
7207 138
7208 84
7209 33
7210 4
7211 81
7212 53
7213 80
7214 92
7215 134
7216 1
7217 83
7218 115
7219 90
7220 47
7221 10
7222 121
7223 15
7224 47
7225 38
7226 113
7227 61
7228 53
7229 40
7230 105
7231 113
7232 69
7233 92
7234 53
7235 33
7236 138
7237 91
7238 27
7239 58
7240 69
7241 129
7242 43
7243 10
7244 102
7245 38
7246 115
7247 13
7248 71
7249 11
7250 56
7251 114
7252 14
7253 2
7254 126
7255 2
7256 134
7257 123
7258 34
7259 57
7260 50
7261 104
7262 26
7263 12
7264 105
7265 57
7266 109
7267 12
7268 145
7269 118
7270 74
7271 115
7272 116
7273 48
7274 12
7275 65
7276 76
7277 57
7278 78
7279 85
7280 54
7281 23
7282 16
7283 88
7284 27
7285 86
7286 10
7287 17
7288 132
7289 29
7290 31
7291 16
7292 145
7293 50
7294 94
7295 75
7296 70
7297 57
7298 96
7299 39
7300 84
7301 28
7302 25
7303 46
7304 46
7305 133
7306 29
7307 132
7308 3
7309 112
7310 19
7311 124
7312 92
7313 29
7314 103
7315 90
7316 13
7317 36
7318 142
7319 85
7320 141
7321 96
7322 44
7323 48
7324 118
7325 104
7326 104
7327 73
7328 115
7329 43
7330 135
7331 8
7332 135
7333 113
7334 102
7335 143
7336 109
7337 85
7338 40
7339 134
7340 46
7341 6
7342 71
7343 134
7344 76
7345 20
7346 51
7347 115
7348 100
7349 29
7350 25
7351 22
7352 50
7353 68
7354 74
7355 65
7356 54
7357 91
7358 98
7359 36
7360 106
7361 22
7362 55
7363 100
7364 8
7365 62
7366 89
7367 114
7368 135
7369 80
7370 26
7371 74
7372 7
7373 41
7374 75
7375 66
7376 141
7377 89
7378 92
7379 24
7380 113
7381 34
7382 21
7383 107
7384 55
7385 49
7386 19
7387 18
7388 1
7389 146
7390 115
7391 76
7392 16
7393 57
7394 29
7395 118
7396 130
7397 115
7398 115
7399 128
7400 83
7401 13
7402 79
7403 110
7404 113
7405 119
7406 112
7407 17
7408 6
7409 87
7410 89
7411 85
7412 67
7413 19
7414 103
7415 87
7416 129
7417 146
7418 135
7419 44
7420 43
7421 62
7422 6
7423 21
7424 55
7425 58
7426 3
7427 48
7428 54
7429 113
7430 69
7431 143
7432 44
7433 112
7434 120
7435 80
7436 57
7437 42
7438 12
7439 101
7440 73
7441 7
7442 29
7443 48
7444 133
7445 41
7446 93
7447 76
7448 134
7449 34
7450 55
7451 143
7452 57
7453 78
7454 27
7455 138
7456 41
7457 64
7458 43
7459 76
7460 59
7461 37
7462 19
7463 146
7464 122
7465 45
7466 88
7467 122
7468 94
7469 27
7470 61
7471 7
7472 11
7473 99
7474 23
7475 17
7476 106
7477 19
7478 94
7479 133
7480 111
7481 32
7482 3
7483 86
7484 110
7485 42
7486 140
7487 142
7488 49
7489 98
7490 28
7491 146
7492 63
7493 39
7494 145
7495 47
7496 148
7497 52
7498 61
7499 90
7500 29
7501 125
7502 16
7503 55
7504 76
7505 13
7506 22
7507 96
7508 54
7509 42
7510 124
7511 61
7512 129
7513 18
7514 80
7515 107
7516 1
7517 109
7518 148
7519 26
7520 128
7521 86
7522 65
7523 71
7524 3
7525 6
7526 20
7527 115
7528 43
7529 43
7530 79
7531 59
7532 146
7533 89
7534 75
7535 66
7536 121
7537 139
7538 134
7539 125
7540 89
7541 39
7542 130
7543 19
7544 97
7545 35
7546 77
7547 78
7548 124
7549 108
7550 131
7551 10
7552 46
7553 31
7554 30
7555 117
7556 108
7557 6
7558 35
7559 54
7560 17
7561 67
7562 59
7563 78
7564 127
7565 71
7566 117
7567 17
7568 87
7569 42
7570 47
7571 109
7572 113
7573 109
7574 121
7575 108
7576 7
7577 103
7578 54
7579 30
7580 60
7581 109
7582 122
7583 95
7584 121
7585 12
7586 13
7587 21
7588 45
7589 7
7590 52
7591 117
7592 112
7593 89
7594 31
7595 16
7596 30
7597 124
7598 15
7599 23
7600 59
7601 46
7602 78
7603 27
7604 64
7605 96
7606 1
7607 143
7608 129
7609 25
7610 137
7611 96
7612 128
7613 6
7614 103
7615 134
7616 102
7617 66
7618 34
7619 74
7620 142
7621 52
7622 100
7623 16
7624 11
7625 104
7626 45
7627 81
7628 15
7629 103
7630 24
7631 106
7632 54
7633 99
7634 30
7635 78
7636 34
7637 109
7638 10
7639 68
7640 128
7641 73
7642 4
7643 109
7644 141
7645 132
7646 116
7647 49
7648 54
7649 126
7650 11
7651 55
7652 84
7653 124
7654 53
7655 74
7656 60
7657 24
7658 49
7659 115
7660 88
7661 145
7662 19
7663 93
7664 103
7665 17
7666 126
7667 81
7668 56
7669 136
7670 135
7671 30
7672 119
7673 42
7674 40
7675 55
7676 123
7677 73
7678 112
7679 24
7680 140
7681 33
7682 41
7683 49
7684 80
7685 34
7686 6
7687 42
7688 32
7689 37
7690 86
7691 51
7692 92
7693 91
7694 101
7695 36
7696 79
7697 17
7698 10
7699 58
7700 100
7701 117
7702 137
7703 78
7704 24
7705 31
7706 120
7707 67
7708 120
7709 16
7710 65
7711 102
7712 39
7713 114
7714 81
7715 69
7716 117
7717 92
7718 87
7719 30
7720 11
7721 4
7722 101
7723 25
7724 43
7725 77
7726 138
7727 140
7728 1
7729 16
7730 122
7731 29
7732 119
7733 57
7734 24
7735 94
7736 78
7737 79
7738 79
7739 125
7740 3
7741 31
7742 47
7743 144
7744 110
7745 137
7746 129
7747 33
7748 76
7749 50
7750 122
7751 106
7752 103
7753 130
7754 109
7755 7
7756 101
7757 13
7758 137
7759 74
7760 78
7761 97
7762 102
7763 7
7764 103
7765 110
7766 40
7767 119
7768 106
7769 144
7770 125
7771 135
7772 84
7773 51
7774 124
7775 40
7776 86
7777 21
7778 100
7779 38
7780 8
7781 5
7782 132
7783 51
7784 91
7785 142
7786 36
7787 84
7788 141
7789 130
7790 111
7791 134
7792 36
7793 137
7794 5
7795 66
7796 127
7797 96
7798 111
7799 6
7800 51
7801 3
7802 85
7803 2
7804 104
7805 112
7806 58
7807 103
7808 91
7809 58
7810 62
7811 19
7812 134
7813 52
7814 141
7815 50
7816 110
7817 129
7818 40
7819 42
7820 119
7821 30
7822 13
7823 13
7824 68
7825 120
7826 40
7827 18
7828 101
7829 82
7830 88
7831 103
7832 104
7833 101
7834 146
7835 23
7836 131
7837 139
7838 79
7839 47
7840 67
7841 86
7842 4
7843 88
7844 3
7845 32
7846 1
7847 4
7848 45
7849 28
7850 141
7851 77
7852 94
7853 105
7854 46
7855 106
7856 53
7857 44
7858 64
7859 70
7860 7
7861 130
7862 38
7863 115
7864 123
7865 74
7866 123
7867 93
7868 148
7869 146
7870 18
7871 42
7872 1
7873 45
7874 29
7875 89
7876 115
7877 120
7878 128
7879 95
7880 10
7881 118
7882 129
7883 4
7884 8
7885 100
7886 36
7887 20
7888 75
7889 1
7890 14
7891 70
7892 97
7893 101
7894 89
7895 102
7896 87
7897 99
7898 95
7899 21
7900 45
7901 34
7902 20
7903 99
7904 49
7905 19
7906 68
7907 71
7908 139
7909 103
7910 78
7911 90
7912 1
7913 62
7914 94
7915 61
7916 1
7917 17
7918 95
7919 50
7920 62
7921 145
7922 54
7923 108
7924 34
7925 1
7926 83
7927 108
7928 19
7929 18
7930 80
7931 48
7932 59
7933 87
7934 15
7935 115
7936 29
7937 147
7938 137
7939 110
7940 4
7941 74
7942 44
7943 121
7944 68
7945 142
7946 42
7947 3
7948 98
7949 109
7950 25
7951 97
7952 94
7953 119
7954 34
7955 43
7956 104
7957 102
7958 63
7959 50
7960 90
7961 24
7962 144
7963 4
7964 94
7965 31
7966 108
7967 140
7968 126
7969 139
7970 70
7971 83
7972 6
7973 77
7974 134
7975 118
7976 127
7977 91
7978 99
7979 53
7980 37
7981 60
7982 1
7983 68
7984 135
7985 94
7986 124
7987 42
7988 14
7989 110
7990 73
7991 114
7992 8
7993 139
7994 54
7995 58
7996 148
7997 34
7998 137
7999 9
8000 123
8001 111
8002 19
8003 14
8004 68
8005 91
8006 4
8007 64
8008 2
8009 89
8010 35
8011 82
8012 81
8013 28
8014 121
8015 126
8016 64
8017 136
8018 148
8019 84
8020 74
8021 47
8022 139
8023 111
8024 74
8025 140
8026 128
8027 148
8028 85
8029 1
8030 93
8031 124
8032 88
8033 91
8034 105
8035 40
8036 116
8037 52
8038 62
8039 17
8040 39
8041 135
8042 75
8043 96
8044 50
8045 63
8046 65
8047 84
8048 2
8049 70
8050 122
8051 26
8052 43
8053 101
8054 82
8055 44
8056 15
8057 133
8058 66
8059 122
8060 39
8061 125
8062 33
8063 116
8064 61
8065 12
8066 63
8067 85
8068 7
8069 33
8070 47
8071 125
8072 66
8073 50
8074 68
8075 45
8076 15
8077 147
8078 6
8079 135
8080 40
8081 8
8082 81
8083 105
8084 96
8085 51
8086 30
8087 22
8088 133
8089 78
8090 64
8091 140
8092 136
8093 77
8094 36
8095 128
8096 123
8097 36
8098 120
8099 31
8100 12
8101 42
8102 80
8103 34
8104 141
8105 75
8106 83
8107 141
8108 64
8109 55
8110 72
8111 18
8112 33
8113 34
8114 110
8115 30
8116 26
8117 72
8118 4
8119 56
8120 79
8121 103
8122 50
8123 55
8124 64
8125 25
8126 125
8127 144
8128 74
8129 26
8130 28
8131 61
8132 65
8133 140
8134 96
8135 21
8136 70
8137 36
8138 141
8139 106
8140 40
8141 59
8142 15
8143 8
8144 33
8145 139
8146 93
8147 87
8148 3
8149 111
8150 43
8151 116
8152 59
8153 6
8154 130
8155 142
8156 53
8157 126
8158 15
8159 108
8160 5
8161 106
8162 140
8163 22
8164 108
8165 94
8166 18
8167 59
8168 108
8169 50
8170 122
8171 34
8172 75
8173 44
8174 117
8175 85
8176 48
8177 46
8178 84
8179 65
8180 121
8181 38
8182 66
8183 56
8184 103
8185 64
8186 89
8187 36
8188 147
8189 134
8190 6
8191 148
8192 73
8193 13
8194 32
8195 93
8196 18
8197 75
8198 94
8199 15
8200 12
8201 49
8202 103
8203 19
8204 8
8205 72
8206 48
8207 117
8208 21
8209 53
8210 83
8211 6
8212 3
8213 93
8214 125
8215 62
8216 63
8217 14
8218 7
8219 62
8220 116
8221 28
8222 45
8223 100
8224 89
8225 52
8226 148
8227 24
8228 13
8229 120
8230 137
8231 17
8232 109
8233 73
8234 106
8235 97
8236 5
8237 88
8238 4
8239 60
8240 94
8241 112
8242 2
8243 144
8244 118
8245 32
8246 108
8247 17
8248 68
8249 74
8250 60
8251 71
8252 52
8253 89
8254 13
8255 16
8256 77
8257 62
8258 43
8259 63
8260 16
8261 43
8262 118
8263 71
8264 69
8265 116
8266 115
8267 106
8268 33
8269 106
8270 69
8271 107
8272 58
8273 108
8274 83
8275 93
8276 122
8277 11
8278 37
8279 103
8280 71
8281 31
8282 36
8283 24
8284 145
8285 88
8286 146
8287 7
8288 15
8289 66
8290 48
8291 24
8292 119
8293 4
8294 119
8295 133
8296 24
8297 57
8298 121
8299 49
8300 104
8301 75
8302 14
8303 40
8304 24
8305 29
8306 121
8307 121
8308 121
8309 71
8310 91
8311 14
8312 19
8313 106
8314 134
8315 4
8316 94
8317 79
8318 109
8319 33
8320 94
8321 145
8322 31
8323 6
8324 117
8325 61
8326 118
8327 71
8328 7
8329 59
8330 127
8331 38
8332 102
8333 148
8334 92
8335 141
8336 94
8337 112
8338 25
8339 44
8340 89
8341 99
8342 130
8343 31
8344 64
8345 142
8346 18
8347 88
8348 120
8349 2
8350 98
8351 142
8352 101
8353 95
8354 135
8355 17
8356 1
8357 68
8358 119
8359 56
8360 30
8361 123
8362 42
8363 132
8364 133
8365 137
8366 29
8367 10
8368 46
8369 17
8370 26
8371 37
8372 110
8373 134
8374 41
8375 101
8376 43
8377 67
8378 115
8379 43
8380 81
8381 54
8382 33
8383 143
8384 26
8385 135
8386 89
8387 37
8388 42
8389 107
8390 95
8391 45
8392 71
8393 45
8394 108
8395 17
8396 39
8397 146
8398 54
8399 97
8400 119
8401 50
8402 117
8403 87
8404 27
8405 1
8406 133
8407 41
8408 35
8409 40
8410 88
8411 132
8412 36
8413 38
8414 8
8415 26
8416 34
8417 126
8418 4
8419 132
8420 116
8421 144
8422 142
8423 135
8424 40
8425 56
8426 83
8427 124
8428 52
8429 24
8430 56
8431 30
8432 60
8433 96
8434 112
8435 148
8436 76
8437 39
8438 82
8439 128
8440 105
8441 78
8442 116
8443 96
8444 29
8445 131
8446 95
8447 63
8448 54
8449 128
8450 98
8451 18
8452 31
8453 89
8454 50
8455 127
8456 27
8457 84
8458 141
8459 119
8460 90
8461 97
8462 126
8463 148
8464 142
8465 96
8466 85
8467 33
8468 48
8469 69
8470 67
8471 96
8472 47
8473 24
8474 89
8475 70
8476 98
8477 48
8478 148
8479 92
8480 23
8481 52
8482 75
8483 109
8484 40
8485 81
8486 102
8487 138
8488 127
8489 21
8490 109
8491 120
8492 29
8493 4
8494 30
8495 9
8496 106
8497 11
8498 2
8499 79
8500 43
8501 84
8502 70
8503 22
8504 140
8505 35
8506 40
8507 100
8508 121
8509 131
8510 25
8511 12
8512 64
8513 142
8514 32
8515 114
8516 29
8517 69
8518 72
8519 87
8520 107
8521 82
8522 26
8523 92
8524 92
8525 21
8526 9
8527 148
8528 140
8529 62
8530 34
8531 9
8532 1
8533 145
8534 11
8535 103
8536 87
8537 34
8538 16
8539 5
8540 51
8541 147
8542 13
8543 78
8544 107
8545 57
8546 30
8547 78
8548 124
8549 124
8550 133
8551 124
8552 53
8553 25
8554 121
8555 108
8556 117
8557 91
8558 125
8559 147
8560 22
8561 86
8562 49
8563 20
8564 126
8565 95
8566 118
8567 15
8568 19
8569 89
8570 144
8571 15
8572 137
8573 9
8574 92
8575 94
8576 145
8577 59
8578 101
8579 79
8580 58
8581 122
8582 46
8583 3
8584 131
8585 139
8586 105
8587 27
8588 56
8589 21
8590 2
8591 73
8592 18
8593 35
8594 146
8595 9
8596 81
8597 115
8598 39
8599 66
8600 90
8601 100
8602 8
8603 56
8604 25
8605 8
8606 75
8607 79
8608 60
8609 13
8610 148
8611 119
8612 54
8613 60
8614 64
8615 115
8616 75
8617 92
8618 131
8619 30
8620 109
8621 136
8622 21
8623 61
8624 54
8625 142
8626 30
8627 21
8628 29
8629 20
8630 60
8631 107
8632 124
8633 80
8634 1
8635 37
8636 63
8637 66
8638 70
8639 133
8640 20
8641 23
8642 25
8643 131
8644 141
8645 36
8646 36
8647 71
8648 46
8649 12
8650 68
8651 76
8652 73
8653 77
8654 127
8655 138
8656 88
8657 57
8658 121
8659 51
8660 60
8661 11
8662 103
8663 62
8664 1
8665 134
8666 126
8667 98
8668 101
8669 135
8670 24
8671 84
8672 53
8673 7
8674 123
8675 137
8676 85
8677 106
8678 94
8679 2
8680 62
8681 119
8682 59
8683 30
8684 137
8685 87
8686 133
8687 24
8688 51
8689 94
8690 82
8691 92
8692 40
8693 84
8694 23
8695 133
8696 38
8697 61
8698 96
8699 82
8700 120
8701 92
8702 134
8703 63
8704 62
8705 56
8706 23
8707 99
8708 134
8709 30
8710 41
8711 43
8712 70
8713 19
8714 94
8715 135
8716 12
8717 11
8718 1
8719 92
8720 97
8721 11
8722 76
8723 126
8724 137
8725 16
8726 104
8727 36
8728 143
8729 133
8730 52
8731 99
8732 82
8733 119
8734 89
8735 121
8736 17
8737 73
8738 63
8739 131
8740 25
8741 98
8742 112
8743 69
8744 23
8745 85
8746 90
8747 141
8748 111
8749 135
8750 75
8751 56
8752 148
8753 46
8754 67
8755 72
8756 105
8757 3
8758 49
8759 145
8760 107
8761 68
8762 58
8763 82
8764 11
8765 118
8766 99
8767 92
8768 110
8769 45
8770 78
8771 105
8772 39
8773 5
8774 43
8775 36
8776 136
8777 122
8778 118
8779 3
8780 134
8781 15
8782 110
8783 111
8784 2
8785 148
8786 2
8787 63
8788 31
8789 24
8790 146
8791 83
8792 15
8793 109
8794 75
8795 138
8796 117
8797 20
8798 88
8799 74
8800 86
8801 36
8802 40
8803 67
8804 28
8805 24
8806 140
8807 73
8808 135
8809 24
8810 84
8811 29
8812 97
8813 13
8814 92
8815 3
8816 70
8817 42
8818 146
8819 33
8820 109
8821 140
8822 121
8823 13
8824 83
8825 24
8826 90
8827 22
8828 142
8829 22
8830 88
8831 124
8832 53
8833 124
8834 6
8835 59
8836 3
8837 7
8838 123
8839 141
8840 75
8841 142
8842 2
8843 31
8844 5
8845 122
8846 138
8847 62
8848 82
8849 42
8850 109
8851 13
8852 120
8853 118
8854 111
8855 37
8856 62
8857 22
8858 123
8859 119
8860 41
8861 9
8862 8
8863 54
8864 23
8865 39
8866 42
8867 121
8868 85
8869 118
8870 147
8871 37
8872 141
8873 88
8874 12
8875 32
8876 6
8877 97
8878 122
8879 22
8880 42
8881 39
8882 62
8883 26
8884 129
8885 59
8886 11
8887 92
8888 112
8889 76
8890 71
8891 88
8892 89
8893 65
8894 13
8895 118
8896 21
8897 6
8898 129
8899 76
8900 8
8901 4
8902 85
8903 42
8904 100
8905 4
8906 79
8907 120
8908 66
8909 70
8910 115
8911 148
8912 127
8913 66
8914 58
8915 35
8916 3
8917 34
8918 11
8919 80
8920 4
8921 94
8922 23
8923 104
8924 133
8925 20
8926 65
8927 9
8928 40
8929 115
8930 119
8931 144
8932 18
8933 69
8934 2
8935 35
8936 17
8937 54
8938 75
8939 107
8940 25
8941 75
8942 61
8943 110
8944 148
8945 67
8946 64
8947 28
8948 146
8949 60
8950 135
8951 49
8952 87
8953 100
8954 11
8955 134
8956 139
8957 106
8958 113
8959 80
8960 71
8961 101
8962 120
8963 88
8964 15
8965 128
8966 129
8967 113
8968 113
8969 122
8970 30
8971 87
8972 66
8973 69
8974 110
8975 110
8976 52
8977 50
8978 51
8979 59
8980 131
8981 15
8982 73
8983 27
8984 97
8985 6
8986 59
8987 25
8988 62
8989 117
8990 122
8991 134
8992 41
8993 66
8994 103
8995 148
8996 124
8997 33
8998 132
8999 59
9000 28
9001 30
9002 20
9003 3
9004 6
9005 50
9006 33
9007 147
9008 29
9009 30
9010 13
9011 136
9012 57
9013 55
9014 13
9015 147
9016 24
9017 140
9018 85
9019 121
9020 82
9021 94
9022 119
9023 93
9024 113
9025 140
9026 115
9027 44
9028 100
9029 38
9030 42
9031 44
9032 147
9033 58
9034 66
9035 18
9036 126
9037 13
9038 73
9039 34
9040 78
9041 148
9042 145
9043 130
9044 4
9045 109
9046 65
9047 26
9048 126
9049 34
9050 10
9051 143
9052 27
9053 24
9054 64
9055 36
9056 83
9057 96
9058 127
9059 145
9060 68
9061 78
9062 125
9063 99
9064 99
9065 13
9066 81
9067 91
9068 123
9069 7
9070 59
9071 16
9072 74
9073 73
9074 124
9075 143
9076 78
9077 24
9078 9
9079 144
9080 42
9081 13
9082 37
9083 106
9084 104
9085 63
9086 73
9087 13
9088 12
9089 83
9090 143
9091 30
9092 3
9093 110
9094 141
9095 30
9096 40
9097 130
9098 14
9099 57
9100 121
9101 56
9102 115
9103 122
9104 1
9105 74
9106 112
9107 55
9108 139
9109 19
9110 128
9111 52
9112 45
9113 12
9114 130
9115 7
9116 59
9117 87
9118 42
9119 81
9120 35
9121 78
9122 36
9123 106
9124 46
9125 85
9126 86
9127 58
9128 90
9129 71
9130 140
9131 50
9132 128
9133 128
9134 84
9135 138
9136 105
9137 16
9138 59
9139 58
9140 18
9141 137
9142 114
9143 21
9144 40
9145 104
9146 58
9147 31
9148 69
9149 145
9150 6
9151 48
9152 31
9153 39
9154 135
9155 73
9156 114
9157 59
9158 78
9159 118
9160 107
9161 94
9162 52
9163 33
9164 29
9165 85
9166 132
9167 102
9168 105
9169 107
9170 135
9171 129
9172 94
9173 23
9174 139
9175 63
9176 11
9177 122
9178 147
9179 51
9180 8
9181 60
9182 41
9183 92
9184 76
9185 139
9186 13
9187 80
9188 132
9189 103
9190 128
9191 44
9192 1
9193 102
9194 120
9195 79
9196 84
9197 148
9198 57
9199 88
9200 104
9201 148
9202 115
9203 17
9204 90
9205 130
9206 38
9207 70
9208 98
9209 92
9210 13
9211 132
9212 64
9213 67
9214 38
9215 78
9216 98
9217 43
9218 147
9219 121
9220 95
9221 7
9222 91
9223 6
9224 109
9225 146
9226 94
9227 38
9228 90
9229 10
9230 9
9231 76
9232 63
9233 109
9234 110
9235 138
9236 18
9237 23
9238 48
9239 82
9240 34
9241 91
9242 8
9243 34
9244 4
9245 65
9246 53
9247 31
9248 92
9249 12
9250 95
9251 4
9252 107
9253 22
9254 14
9255 93
9256 42
9257 70
9258 51
9259 56
9260 56
9261 53
9262 113
9263 102
9264 83
9265 18
9266 7
9267 64
9268 4
9269 123
9270 139
9271 132
9272 45
9273 32
9274 3
9275 11
9276 28
9277 26
9278 136
9279 18
9280 67
9281 102
9282 25
9283 65
9284 34
9285 91
9286 128
9287 7
9288 147
9289 48
9290 92
9291 5
9292 107
9293 143
9294 94
9295 2
9296 18
9297 78
9298 11
9299 11
9300 99
9301 94
9302 98
9303 87
9304 24
9305 18
9306 10
9307 55
9308 7
9309 122
9310 111
9311 52
9312 73
9313 134
9314 14
9315 62
9316 139
9317 16
9318 99
9319 128
9320 122
9321 22
9322 138
9323 111
9324 22
9325 113
9326 42
9327 127
9328 95
9329 113
9330 13
9331 93
9332 76
9333 98
9334 26
9335 66
9336 71
9337 47
9338 35
9339 24
9340 15
9341 62
9342 106
9343 130
9344 13
9345 91
9346 100
9347 38
9348 21
9349 132
9350 52
9351 38
9352 139
9353 137
9354 67
9355 80
9356 56
9357 89
9358 60
9359 66
9360 39
9361 70
9362 27
9363 123
9364 78
9365 25
9366 119
9367 87
9368 95
9369 74
9370 98
9371 1
9372 54
9373 1
9374 106
9375 29
9376 37
9377 18
9378 82
9379 4
9380 42
9381 6
9382 103
9383 93
9384 94
9385 142
9386 133
9387 127
9388 79
9389 139
9390 6
9391 80
9392 58
9393 74
9394 145
9395 12
9396 65
9397 141
9398 78
9399 97
9400 17
9401 86
9402 148
9403 42
9404 105
9405 32
9406 139
9407 86
9408 74
9409 126
9410 5
9411 6
9412 98
9413 78
9414 115
9415 9
9416 59
9417 132
9418 30
9419 94
9420 77
9421 140
9422 92
9423 34
9424 100
9425 13
9426 135
9427 59
9428 89
9429 11
9430 115
9431 91
9432 92
9433 1
9434 138
9435 63
9436 73
9437 43
9438 54
9439 132
9440 123
9441 22
9442 64
9443 64
9444 146
9445 49
9446 86
9447 6
9448 103
9449 32
9450 2
9451 72
9452 99
9453 75
9454 13
9455 48
9456 19
9457 66
9458 42
9459 38
9460 142
9461 23
9462 93
9463 50
9464 9
9465 6
9466 46
9467 7
9468 130
9469 91
9470 131
9471 109
9472 79
9473 119
9474 107
9475 121
9476 107
9477 25
9478 106
9479 129
9480 127
9481 56
9482 11
9483 115
9484 93
9485 106
9486 101
9487 95
9488 93
9489 83
9490 119
9491 58
9492 121
9493 61
9494 11
9495 67
9496 122
9497 96
9498 116
9499 17
9500 9
9501 99
9502 146
9503 85
9504 92
9505 68
9506 1
9507 66
9508 27
9509 120
9510 142
9511 30
9512 25
9513 1
9514 36
9515 110
9516 22
9517 111
9518 99
9519 87
9520 80
9521 9
9522 47
9523 36
9524 62
9525 62
9526 113
9527 86
9528 52
9529 123
9530 116
9531 75
9532 71
9533 88
9534 47
9535 49
9536 34
9537 141
9538 110
9539 32
9540 17
9541 18
9542 137
9543 87
9544 9
9545 85
9546 134
9547 115
9548 78
9549 2
9550 35
9551 133
9552 146
9553 121
9554 19
9555 134
9556 77
9557 60
9558 45
9559 77
9560 86
9561 82
9562 22
9563 33
9564 99
9565 58
9566 14
9567 122
9568 99
9569 12
9570 8
9571 126
9572 92
9573 13
9574 125
9575 97
9576 68
9577 81
9578 141
9579 13
9580 123
9581 34
9582 35
9583 2
9584 123
9585 91
9586 113
9587 83
9588 24
9589 47
9590 2
9591 6
9592 56
9593 108
9594 31
9595 78
9596 23
9597 93
9598 58
9599 21
9600 110
9601 108
9602 92
9603 144
9604 113
9605 16
9606 148
9607 84
9608 32
9609 89
9610 7
9611 62
9612 20
9613 98
9614 1
9615 138
9616 4
9617 89
9618 10
9619 144
9620 131
9621 11
9622 116
9623 87
9624 148
9625 41
9626 34
9627 11
9628 48
9629 78
9630 37
9631 11
9632 7
9633 76
9634 28
9635 110
9636 64
9637 79
9638 32
9639 81
9640 79
9641 138
9642 57
9643 144
9644 77
9645 28
9646 49
9647 25
9648 64
9649 144
9650 14
9651 72
9652 24
9653 143
9654 21
9655 117
9656 44
9657 42
9658 82
9659 42
9660 89
9661 9
9662 145
9663 83
9664 83
9665 37
9666 24
9667 135
9668 22
9669 129
9670 134
9671 125
9672 71
9673 140
9674 146
9675 2
9676 34
9677 73
9678 44
9679 81
9680 100
9681 19
9682 30
9683 100
9684 45
9685 70
9686 91
9687 36
9688 53
9689 32
9690 96
9691 54
9692 71
9693 83
9694 15
9695 14
9696 18
9697 29
9698 38
9699 31
9700 102
9701 133
9702 77
9703 53
9704 48
9705 141
9706 70
9707 123
9708 6
9709 77
9710 115
9711 73
9712 84
9713 28
9714 63
9715 1
9716 91
9717 26
9718 22
9719 14
9720 34
9721 16
9722 90
9723 138
9724 54
9725 99
9726 94
9727 114
9728 120
9729 110
9730 119
9731 83
9732 20
9733 2
9734 86
9735 100
9736 146
9737 147
9738 126
9739 41
9740 22
9741 92
9742 25
9743 61
9744 112
9745 116
9746 125
9747 85
9748 2
9749 24
9750 99
9751 125
9752 96
9753 127
9754 88
9755 13
9756 53
9757 124
9758 100
9759 36
9760 17
9761 44
9762 128
9763 19
9764 92
9765 25
9766 10
9767 68
9768 48
9769 6
9770 92
9771 58
9772 125
9773 44
9774 42
9775 135
9776 65
9777 83
9778 12
9779 142
9780 141
9781 147
9782 143
9783 63
9784 49
9785 82
9786 30
9787 126
9788 50
9789 97
9790 39
9791 32
9792 140
9793 89
9794 77
9795 141
9796 132
9797 56
9798 21
9799 104
9800 2
9801 14
9802 102
9803 82
9804 64
9805 106
9806 42
9807 12
9808 127
9809 129
9810 70
9811 134
9812 54
9813 48
9814 9
9815 29
9816 88
9817 12
9818 47
9819 6
9820 57
9821 136
9822 11
9823 139
9824 23
9825 28
9826 27
9827 130
9828 73
9829 18
9830 88
9831 10
9832 136
9833 37
9834 58
9835 75
9836 108
9837 118
9838 46
9839 17
9840 47
9841 47
9842 148
9843 15
9844 126
9845 70
9846 104
9847 15
9848 38
9849 73
9850 114
9851 126
9852 145
9853 61
9854 17
9855 30
9856 8
9857 96
9858 56
9859 111
9860 35
9861 40
9862 66
9863 116
9864 81
9865 64
9866 29
9867 80
9868 47
9869 141
9870 118
9871 114
9872 93
9873 61
9874 76
9875 82
9876 33
9877 14
9878 10
9879 112
9880 100
9881 100
9882 123
9883 57
9884 47
9885 21
9886 82
9887 99
9888 76
9889 48
9890 101
9891 142
9892 21
9893 6
9894 100
9895 24
9896 27
9897 78
9898 42
9899 2
9900 40
9901 96
9902 86
9903 10
9904 140
9905 6
9906 134
9907 74
9908 61
9909 45
9910 78
9911 36
9912 73
9913 45
9914 56
9915 11
9916 123
9917 133
9918 132
9919 148
9920 110
9921 123
9922 59
9923 105
9924 106
9925 26
9926 6
9927 29
9928 86
9929 134
9930 70
9931 120
9932 23
9933 54
9934 113
9935 134
9936 36
9937 23
9938 121
9939 7
9940 120
9941 27
9942 13
9943 47
9944 67
9945 70
9946 3
9947 11
9948 134
9949 70
9950 29
9951 29
9952 92
9953 89
9954 73
9955 100
9956 94
9957 13
9958 56
9959 96
9960 113
9961 25
9962 18
9963 59
9964 73
9965 59
9966 73
9967 116
9968 75
9969 148
9970 115
9971 6
9972 106
9973 73
9974 113
9975 134
9976 42
9977 96
9978 54
9979 11
9980 73
9981 1
9982 92
9983 6
9984 18
9985 54
9986 25
9987 134
9988 25
9989 54
9990 54
9991 1
9992 134
9993 54
9994 54
9995 47
9996 134
9997 47
9998 134
9999 134
