0 2
1 1
2 1
3 2
4 2
5 1
6 2
7 1
8 1
9 1
10 2
11 1
12 1
13 1
14 1
15 2
16 1
17 2
18 2
19 2
20 1
21 1
22 1
23 2
24 2
25 2
26 2
27 2
28 1
29 1
30 2
31 2
32 2
33 2
34 2
35 1
36 2
37 1
38 1
39 1
40 2
41 2
42 1
43 2
44 2
45 1
46 1
47 1
48 1
49 1
50 1
51 2
52 1
53 1
54 1
55 2
56 1
57 2
58 1
59 1
60 2
61 2
62 1
63 1
64 1
65 2
66 1
67 1
68 1
69 1
70 2
71 2
72 1
73 2
74 2
75 2
76 1
77 1
78 2
79 1
80 1
81 1
82 1
83 2
84 2
85 2
86 2
87 2
88 2
89 2
90 2
91 1
92 1
93 2
94 1
95 2
96 2
97 1
98 2
99 2
100 1
101 1
102 1
103 1
104 2
105 1
106 2
107 1
108 1
109 2
110 2
111 2
112 2
113 1
114 2
115 2
116 1
117 2
118 2
119 2
120 1
121 2
122 2
123 2
124 1
125 1
126 1
127 1
128 1
129 1
130 1
131 1
132 2
133 1
134 1
135 2
136 1
137 1
138 1
139 1
140 1
141 1
142 2
143 1
144 2
145 2
146 1
147 2
148 1
149 1
150 1
151 2
152 2
153 1
154 2
155 1
156 1
157 2
158 2
159 1
160 2
161 2
162 2
163 2
164 1
165 1
166 1
167 1
168 1
169 1
170 2
171 1
172 2
173 2
174 1
175 1
176 1
177 1
178 2
179 2
180 1
181 1
182 2
183 2
184 2
185 1
186 1
187 2
188 2
189 1
190 1
191 2
192 1
193 2
194 1
195 1
196 1
197 1
198 1
199 1
200 2
201 2
202 1
203 2
204 1
205 2
206 2
207 2
208 1
209 2
210 2
211 1
212 1
213 1
214 1
215 1
216 2
217 1
218 1
219 2
220 1
221 1
222 1
223 1
224 1
225 2
226 1
227 1
228 2
229 2
230 2
231 1
232 1
233 2
234 2
235 2
236 1
237 2
238 1
239 1
240 1
241 1
242 1
243 1
244 1
245 2
246 1
247 1
248 1
249 2
250 1
251 2
252 1
253 2
254 2
255 2
256 2
257 1
258 2
259 1
260 1
261 1
262 2
263 1
264 2
265 1
266 1
267 1
268 1
269 2
270 1
271 2
272 1
273 2
274 1
275 2
276 1
277 1
278 1
279 1
280 2
281 2
282 2
283 1
284 2
285 2
286 1
287 2
288 2
289 2
290 2
291 2
292 2
293 2
294 1
295 1
296 1
297 2
298 1
299 1
300 1
301 1
302 1
303 2
304 1
305 1
306 1
307 1
308 1
309 1
310 1
311 2
312 2
313 1
314 2
315 2
316 2
317 1
318 2
319 1
320 2
321 1
322 1
323 2
324 2
325 2
326 1
327 1
328 2
329 2
330 2
331 2
332 1
333 2
334 1
335 2
336 1
337 2
338 2
339 1
340 1
341 1
342 1
343 1
344 1
345 1
346 1
347 2
348 1
349 1
350 1
351 2
352 1
353 1
354 1
355 1
356 1
357 2
358 1
359 2
360 1
361 1
362 2
363 1
364 1
365 1
366 1
367 2
368 2
369 1
370 2
371 2
372 1
373 1
374 1
375 2
376 1
377 1
378 1
379 2
380 2
381 1
382 2
383 1
384 2
385 1
386 1
387 1
388 1
389 1
390 2
391 1
392 2
393 1
394 1
395 1
396 2
397 1
398 1
399 2
400 2
401 1
402 2
403 1
404 2
405 2
406 1
407 2
408 1
409 1
410 2
411 1
412 1
413 1
414 1
415 1
416 1
417 1
418 1
419 2
420 1
421 1
422 1
423 2
424 2
425 1
426 2
427 2
428 2
429 1
430 1
431 1
432 2
433 1
434 2
435 2
436 1
437 2
438 1
439 1
440 2
441 1
442 2
443 2
444 2
445 1
446 1
447 1
448 1
449 1
450 2
451 2
452 1
453 1
454 1
455 2
456 1
457 2
458 2
459 1
460 2
461 2
462 2
463 1
464 1
465 1
466 1
467 2
468 1
469 1
470 1
471 1
472 2
473 2
474 2
475 1
476 1
477 1
478 1
479 1
480 2
481 1
482 1
483 2
484 2
485 1
486 2
487 2
488 2
489 1
490 1
491 1
492 1
493 1
494 1
495 2
496 1
497 2
498 1
499 1
