0 59
1 18
2 34
3 33
4 20
5 47
6 44
7 19
8 62
9 37
10 27
11 4
12 49
13 43
14 72
15 19
16 41
17 48
18 52
19 16
20 22
21 11
22 31
23 49
24 13
25 8
26 16
27 20
28 60
29 37
30 13
31 45
32 34
33 1
34 61
35 43
36 17
37 68
38 29
39 70
40 17
41 13
42 5
43 3
44 72
45 52
46 3
47 40
48 15
49 57
50 16
51 25
52 18
53 42
54 43
55 10
56 73
57 54
58 13
59 64
60 4
61 18
62 47
63 52
64 32
65 55
66 2
67 65
68 49
69 19
70 20
71 50
72 64
73 22
74 44
75 27
76 68
77 55
78 61
79 6
80 25
81 51
82 32
83 50
84 61
85 63
86 9
87 32
88 37
89 36
90 26
91 8
92 49
93 8
94 45
95 41
96 47
97 8
98 2
99 35
100 63
101 34
102 23
103 30
104 38
105 39
106 61
107 29
108 1
109 33
110 57
111 12
112 39
113 31
114 10
115 37
116 4
117 20
118 17
119 31
120 60
121 49
122 2
123 64
124 16
125 61
126 9
127 54
128 58
129 46
130 18
131 37
132 40
133 64
134 68
135 56
136 2
137 66
138 22
139 27
140 46
141 31
142 4
143 36
144 59
145 35
146 38
147 35
148 29
149 45
150 23
151 11
152 45
153 41
154 26
155 55
156 24
157 24
158 8
159 45
160 59
161 38
162 4
163 2
164 48
165 29
166 15
167 68
168 56
169 57
170 51
171 7
172 9
173 17
174 46
175 6
176 15
177 22
178 29
179 44
180 68
181 57
182 5
183 48
184 54
185 42
186 66
187 5
188 37
189 41
190 49
191 48
192 34
193 49
194 5
195 68
196 10
197 44
198 34
199 43
200 42
201 69
202 30
203 54
204 4
205 40
206 67
207 31
208 8
209 1
210 59
211 39
212 19
213 41
214 64
215 23
216 64
217 31
218 13
219 60
220 6
221 23
222 12
223 17
224 8
225 54
226 39
227 66
228 64
229 2
230 37
231 53
232 57
233 67
234 73
235 22
236 54
237 62
238 33
239 56
240 11
241 16
242 43
243 43
244 35
245 59
246 11
247 55
248 67
249 72
250 43
251 6
252 23
253 18
254 33
255 52
256 67
257 27
258 34
259 25
260 15
261 5
262 72
263 58
264 60
265 38
266 38
267 40
268 37
269 8
270 55
271 4
272 43
273 19
274 2
275 34
276 3
277 15
278 25
279 40
280 56
281 5
282 31
283 63
284 20
285 52
286 42
287 49
288 27
289 18
290 62
291 27
292 65
293 41
294 51
295 47
296 49
297 39
298 37
299 26
300 42
301 1
302 47
303 56
304 56
305 36
306 65
307 57
308 25
309 56
310 36
311 68
312 5
313 72
314 33
315 33
316 41
317 25
318 1
319 27
320 2
321 45
322 53
323 15
324 27
325 28
326 50
327 53
328 44
329 13
330 15
331 3
332 61
333 56
334 29
335 38
336 11
337 24
338 24
339 29
340 30
341 17
342 51
343 17
344 35
345 28
346 57
347 56
348 12
349 8
350 40
351 22
352 29
353 37
354 68
355 68
356 22
357 36
358 58
359 41
360 66
361 44
362 7
363 60
364 70
365 6
366 8
367 16
368 70
369 55
370 18
371 63
372 42
373 51
374 65
375 42
376 54
377 59
378 20
379 4
380 67
381 8
382 68
383 1
384 50
385 61
386 33
387 38
388 3
389 58
390 56
391 60
392 44
393 42
394 11
395 58
396 39
397 64
398 36
399 68
400 14
401 38
402 21
403 28
404 70
405 64
406 26
407 4
408 47
409 65
410 33
411 41
412 21
413 32
414 42
415 32
416 1
417 32
418 35
419 8
420 72
421 64
422 27
423 51
424 15
425 5
426 6
427 41
428 16
429 1
430 71
431 65
432 73
433 25
434 71
435 44
436 23
437 38
438 54
439 65
440 64
441 70
442 67
443 22
444 22
445 45
446 12
447 35
448 65
449 6
450 61
451 46
452 3
453 30
454 16
455 70
456 49
457 41
458 46
459 51
460 48
461 22
462 6
463 37
464 6
465 58
466 60
467 10
468 58
469 58
470 51
471 24
472 7
473 48
474 11
475 5
476 5
477 40
478 4
479 1
480 5
481 66
482 6
483 62
484 30
485 68
486 73
487 35
488 28
489 28
490 69
491 16
492 66
493 26
494 59
495 18
496 70
497 15
498 70
499 36
500 21
501 17
502 41
503 44
504 5
505 18
506 42
507 29
508 27
509 31
510 47
511 10
512 5
513 15
514 8
515 5
516 33
517 43
518 9
519 52
520 8
521 25
522 26
523 64
524 37
525 42
526 64
527 28
528 40
529 54
530 8
531 63
532 47
533 45
534 51
535 68
536 26
537 1
538 10
539 66
540 17
541 9
542 35
543 9
544 72
545 3
546 4
547 3
548 21
549 37
550 44
551 30
552 20
553 66
554 8
555 16
556 5
557 19
558 56
559 43
560 4
561 17
562 11
563 37
564 61
565 45
566 40
567 7
568 57
569 61
570 59
571 13
572 7
573 68
574 12
575 54
576 14
577 58
578 66
579 59
580 49
581 62
582 66
583 67
584 23
585 27
586 39
587 30
588 53
589 15
590 50
591 15
592 28
593 67
594 24
595 36
596 72
597 20
598 15
599 64
600 36
601 64
602 18
603 4
604 19
605 32
606 50
607 68
608 9
609 54
610 69
611 70
612 44
613 27
614 65
615 48
616 2
617 57
618 40
619 65
620 26
621 71
622 36
623 23
624 58
625 43
626 32
627 35
628 37
629 19
630 35
631 34
632 35
633 46
634 39
635 9
636 35
637 39
638 62
639 39
640 63
641 42
642 61
643 42
644 19
645 44
646 37
647 29
648 65
649 24
650 6
651 68
652 70
653 14
654 18
655 36
656 33
657 67
658 41
659 61
660 70
661 39
662 28
663 18
664 20
665 26
666 33
667 25
668 25
669 54
670 55
671 27
672 5
673 20
674 33
675 59
676 67
677 39
678 21
679 2
680 10
681 56
682 57
683 55
684 63
685 46
686 32
687 10
688 49
689 70
690 40
691 11
692 62
693 63
694 33
695 25
696 27
697 35
698 66
699 11
700 37
701 19
702 55
703 62
704 46
705 15
706 55
707 57
708 67
709 11
710 52
711 56
712 54
713 8
714 23
715 62
716 68
717 59
718 57
719 50
720 50
721 19
722 53
723 43
724 20
725 28
726 73
727 64
728 49
729 23
730 12
731 19
732 72
733 69
734 33
735 14
736 47
737 46
738 41
739 50
740 62
741 44
742 36
743 16
744 64
745 70
746 24
747 30
748 21
749 36
750 64
751 27
752 47
753 10
754 6
755 27
756 56
757 9
758 64
759 31
760 46
761 53
762 67
763 7
764 61
765 3
766 32
767 68
768 17
769 10
770 21
771 41
772 20
773 62
774 66
775 24
776 15
777 7
778 43
779 13
780 22
781 29
782 38
783 66
784 41
785 59
786 54
787 24
788 48
789 18
790 13
791 22
792 24
793 54
794 16
795 20
796 66
797 48
798 46
799 58
800 28
801 10
802 12
803 69
804 46
805 50
806 38
807 31
808 59
809 56
810 42
811 46
812 27
813 33
814 33
815 62
816 1
817 20
818 5
819 40
820 23
821 34
822 43
823 7
824 69
825 11
826 58
827 56
828 44
829 36
830 53
831 9
832 34
833 27
834 17
835 42
836 38
837 19
838 44
839 12
840 17
841 56
842 55
843 66
844 52
845 17
846 30
847 54
848 37
849 65
850 28
851 7
852 71
853 22
854 55
855 11
856 26
857 62
858 43
859 32
860 23
861 44
862 57
863 1
864 70
865 26
866 41
867 36
868 2
869 30
870 35
871 14
872 12
873 66
874 21
875 58
876 62
877 30
878 12
879 48
880 12
881 39
882 50
883 39
884 21
885 21
886 47
887 15
888 25
889 51
890 72
891 30
892 43
893 2
894 10
895 6
896 39
897 51
898 52
899 40
900 44
901 70
902 3
903 27
904 57
905 68
906 24
907 67
908 38
909 64
910 49
911 43
912 22
913 2
914 49
915 20
916 63
917 14
918 72
919 22
920 72
921 9
922 17
923 22
924 33
925 48
926 34
927 45
928 37
929 25
930 71
931 38
932 42
933 39
934 53
935 44
936 71
937 64
938 70
939 19
940 69
941 9
942 40
943 49
944 49
945 51
946 58
947 8
948 41
949 24
950 34
951 58
952 24
953 65
954 55
955 33
956 16
957 41
958 42
959 40
960 40
961 45
962 40
963 26
964 10
965 31
966 56
967 24
968 18
969 71
970 6
971 25
972 34
973 8
974 47
975 64
976 50
977 51
978 59
979 5
980 47
981 46
982 26
983 51
984 72
985 38
986 27
987 53
988 14
989 38
990 17
991 40
992 58
993 66
994 18
995 37
996 1
997 21
998 47
999 66
1000 27
1001 46
1002 10
1003 52
1004 42
1005 20
1006 12
1007 18
1008 28
1009 6
1010 13
1011 33
1012 71
1013 69
1014 19
1015 61
1016 64
1017 11
1018 40
1019 64
1020 49
1021 50
1022 44
1023 68
1024 44
1025 9
1026 8
1027 2
1028 32
1029 29
1030 45
1031 67
1032 11
1033 58
1034 25
1035 40
1036 63
1037 67
1038 27
1039 56
1040 50
1041 5
1042 52
1043 58
1044 11
1045 50
1046 50
1047 54
1048 20
1049 67
1050 18
1051 61
1052 49
1053 44
1054 13
1055 28
1056 13
1057 25
1058 44
1059 34
1060 48
1061 64
1062 59
1063 7
1064 7
1065 7
1066 36
1067 42
1068 67
1069 8
1070 73
1071 9
1072 40
1073 31
1074 36
1075 68
1076 39
1077 18
1078 47
1079 14
1080 17
1081 33
1082 36
1083 13
1084 67
1085 42
1086 48
1087 14
1088 46
1089 68
1090 46
1091 51
1092 66
1093 72
1094 29
1095 10
1096 16
1097 58
1098 7
1099 28
1100 13
1101 50
1102 8
1103 24
1104 35
1105 3
1106 70
1107 52
1108 44
1109 27
1110 9
1111 36
1112 58
1113 37
1114 11
1115 48
1116 18
1117 16
1118 19
1119 22
1120 5
1121 5
1122 64
1123 52
1124 44
1125 4
1126 40
1127 60
1128 37
1129 11
1130 44
1131 24
1132 14
1133 52
1134 15
1135 65
1136 14
1137 68
1138 55
1139 58
1140 17
1141 2
1142 19
1143 13
1144 32
1145 16
1146 32
1147 41
1148 3
1149 49
1150 9
1151 34
1152 22
1153 44
1154 63
1155 13
1156 16
1157 68
1158 24
1159 34
1160 34
1161 64
1162 21
1163 69
1164 8
1165 63
1166 71
1167 6
1168 29
1169 21
1170 12
1171 39
1172 9
1173 42
1174 29
1175 2
1176 19
1177 45
1178 32
1179 10
1180 7
1181 4
1182 36
1183 61
1184 68
1185 17
1186 28
1187 65
1188 58
1189 9
1190 45
1191 55
1192 57
1193 21
1194 49
1195 20
1196 52
1197 62
1198 12
1199 47
1200 14
1201 61
1202 66
1203 47
1204 30
1205 23
1206 29
1207 31
1208 56
1209 58
1210 14
1211 37
1212 29
1213 25
1214 47
1215 56
1216 11
1217 56
1218 13
1219 29
1220 12
1221 1
1222 26
1223 35
1224 61
1225 45
1226 29
1227 63
1228 11
1229 27
1230 10
1231 30
1232 52
1233 46
1234 11
1235 61
1236 14
1237 21
1238 50
1239 21
1240 70
1241 69
1242 57
1243 38
1244 60
1245 16
1246 34
1247 45
1248 32
1249 37
1250 17
1251 52
1252 3
1253 53
1254 64
1255 20
1256 32
1257 33
1258 50
1259 51
1260 19
1261 39
1262 46
1263 37
1264 58
1265 25
1266 4
1267 58
1268 55
1269 72
1270 42
1271 33
1272 9
1273 4
1274 34
1275 33
1276 70
1277 37
1278 30
1279 24
1280 2
1281 28
1282 23
1283 40
1284 54
1285 11
1286 10
1287 41
1288 65
1289 62
1290 9
1291 16
1292 68
1293 48
1294 46
1295 46
1296 60
1297 71
1298 27
1299 16
1300 18
1301 64
1302 34
1303 14
1304 45
1305 25
1306 23
1307 20
1308 58
1309 44
1310 73
1311 72
1312 67
1313 33
1314 61
1315 17
1316 48
1317 32
1318 69
1319 61
1320 60
1321 65
1322 63
1323 72
1324 63
1325 19
1326 66
1327 51
1328 46
1329 38
1330 25
1331 37
1332 41
1333 54
1334 70
1335 5
1336 63
1337 72
1338 15
1339 62
1340 62
1341 21
1342 2
1343 15
1344 15
1345 6
1346 43
1347 62
1348 60
1349 57
1350 49
1351 37
1352 29
1353 61
1354 27
1355 33
1356 46
1357 29
1358 44
1359 44
1360 28
1361 55
1362 15
1363 58
1364 73
1365 58
1366 31
1367 19
1368 4
1369 39
1370 45
1371 39
1372 14
1373 20
1374 29
1375 19
1376 3
1377 33
1378 40
1379 53
1380 41
1381 69
1382 40
1383 56
1384 70
1385 70
1386 42
1387 68
1388 38
1389 8
1390 30
1391 2
1392 68
1393 51
1394 19
1395 28
1396 27
1397 68
1398 70
1399 63
1400 8
1401 1
1402 42
1403 6
1404 33
1405 21
1406 42
1407 60
1408 19
1409 44
1410 43
1411 68
1412 45
1413 58
1414 25
1415 51
1416 24
1417 13
1418 23
1419 32
1420 68
1421 33
1422 42
1423 47
1424 12
1425 2
1426 40
1427 55
1428 43
1429 47
1430 68
1431 71
1432 34
1433 53
1434 9
1435 37
1436 25
1437 57
1438 65
1439 46
1440 8
1441 45
1442 24
1443 32
1444 44
1445 14
1446 13
1447 18
1448 43
1449 66
1450 26
1451 31
1452 39
1453 20
1454 37
1455 60
1456 8
1457 33
1458 64
1459 16
1460 24
1461 62
1462 14
1463 42
1464 58
1465 67
1466 61
1467 27
1468 17
1469 32
1470 8
1471 12
1472 3
1473 3
1474 27
1475 36
1476 24
1477 2
1478 45
1479 44
1480 70
1481 61
1482 36
1483 15
1484 15
1485 29
1486 42
1487 39
1488 12
1489 39
1490 19
1491 3
1492 33
1493 53
1494 60
1495 59
1496 5
1497 21
1498 15
1499 9
1500 53
1501 1
1502 65
1503 44
1504 35
1505 20
1506 40
1507 49
1508 41
1509 35
1510 71
1511 17
1512 5
1513 3
1514 42
1515 68
1516 57
1517 60
1518 48
1519 33
1520 16
1521 62
1522 42
1523 52
1524 73
1525 41
1526 5
1527 11
1528 8
1529 26
1530 32
1531 56
1532 1
1533 62
1534 25
1535 13
1536 9
1537 43
1538 71
1539 70
1540 42
1541 42
1542 65
1543 26
1544 17
1545 60
1546 42
1547 63
1548 68
1549 17
1550 67
1551 35
1552 42
1553 73
1554 42
1555 18
1556 23
1557 5
1558 71
1559 28
1560 17
1561 54
1562 73
1563 67
1564 30
1565 57
1566 13
1567 42
1568 28
1569 4
1570 12
1571 66
1572 61
1573 51
1574 44
1575 53
1576 4
1577 10
1578 16
1579 28
1580 37
1581 22
1582 64
1583 67
1584 70
1585 40
1586 17
1587 63
1588 41
1589 1
1590 16
1591 12
1592 66
1593 10
1594 71
1595 4
1596 29
1597 15
1598 47
1599 33
1600 39
1601 64
1602 59
1603 61
1604 5
1605 44
1606 57
1607 46
1608 51
1609 2
1610 21
1611 73
1612 61
1613 12
1614 45
1615 17
1616 7
1617 40
1618 4
1619 33
1620 4
1621 43
1622 32
1623 3
1624 38
1625 30
1626 45
1627 46
1628 71
1629 49
1630 46
1631 25
1632 58
1633 11
1634 11
1635 15
1636 56
1637 18
1638 54
1639 47
1640 43
1641 28
1642 12
1643 56
1644 48
1645 36
1646 37
1647 57
1648 38
1649 19
1650 33
1651 3
1652 15
1653 54
1654 22
1655 10
1656 72
1657 5
1658 57
1659 57
1660 33
1661 3
1662 30
1663 51
1664 22
1665 50
1666 25
1667 64
1668 32
1669 28
1670 60
1671 34
1672 5
1673 41
1674 2
1675 63
1676 17
1677 48
1678 63
1679 56
1680 26
1681 62
1682 63
1683 63
1684 47
1685 47
1686 32
1687 70
1688 25
1689 10
1690 34
1691 54
1692 31
1693 5
1694 22
1695 53
1696 61
1697 34
1698 46
1699 58
1700 5
1701 35
1702 71
1703 65
1704 59
1705 60
1706 25
1707 72
1708 41
1709 44
1710 14
1711 13
1712 23
1713 71
1714 62
1715 24
1716 23
1717 63
1718 29
1719 7
1720 66
1721 27
1722 31
1723 19
1724 49
1725 50
1726 18
1727 41
1728 72
1729 5
1730 38
1731 20
1732 8
1733 64
1734 13
1735 17
1736 37
1737 11
1738 9
1739 45
1740 42
1741 59
1742 4
1743 15
1744 2
1745 45
1746 58
1747 23
1748 9
1749 39
1750 18
1751 7
1752 48
1753 6
1754 59
1755 7
1756 17
1757 48
1758 23
1759 41
1760 35
1761 72
1762 32
1763 5
1764 6
1765 37
1766 51
1767 46
1768 54
1769 50
1770 55
1771 69
1772 27
1773 27
1774 20
1775 33
1776 17
1777 60
1778 17
1779 44
1780 5
1781 15
1782 55
1783 35
1784 32
1785 46
1786 4
1787 29
1788 5
1789 10
1790 7
1791 16
1792 70
1793 40
1794 56
1795 5
1796 72
1797 34
1798 6
1799 17
1800 23
1801 15
1802 36
1803 13
1804 25
1805 70
1806 37
1807 50
1808 10
1809 33
1810 46
1811 61
1812 57
1813 5
1814 20
1815 5
1816 59
1817 45
1818 60
1819 40
1820 42
1821 32
1822 66
1823 40
1824 25
1825 21
1826 54
1827 65
1828 52
1829 64
1830 36
1831 11
1832 5
1833 69
1834 42
1835 22
1836 36
1837 60
1838 37
1839 43
1840 33
1841 63
1842 26
1843 20
1844 20
1845 36
1846 56
1847 35
1848 57
1849 9
1850 40
1851 15
1852 57
1853 41
1854 34
1855 42
1856 32
1857 17
1858 64
1859 15
1860 27
1861 23
1862 56
1863 7
1864 45
1865 62
1866 69
1867 69
1868 5
1869 53
1870 38
1871 29
1872 65
1873 21
1874 51
1875 20
1876 3
1877 59
1878 44
1879 17
1880 65
1881 14
1882 62
1883 61
1884 45
1885 3
1886 15
1887 11
1888 73
1889 48
1890 24
1891 1
1892 19
1893 51
1894 23
1895 72
1896 21
1897 32
1898 56
1899 23
1900 63
1901 58
1902 41
1903 64
1904 29
1905 21
1906 15
1907 48
1908 45
1909 8
1910 43
1911 32
1912 6
1913 15
1914 22
1915 64
1916 5
1917 20
1918 4
1919 38
1920 11
1921 40
1922 57
1923 44
1924 62
1925 41
1926 28
1927 73
1928 37
1929 64
1930 67
1931 17
1932 50
1933 7
1934 43
1935 37
1936 26
1937 44
1938 25
1939 29
1940 13
1941 39
1942 4
1943 73
1944 66
1945 27
1946 67
1947 58
1948 60
1949 32
1950 16
1951 37
1952 14
1953 5
1954 26
1955 35
1956 56
1957 53
1958 9
1959 6
1960 71
1961 19
1962 2
1963 27
1964 31
1965 31
1966 63
1967 65
1968 69
1969 20
1970 4
1971 54
1972 33
1973 30
1974 48
1975 46
1976 29
1977 52
1978 35
1979 42
1980 5
1981 32
1982 5
1983 4
1984 10
1985 72
1986 5
1987 9
1988 35
1989 43
1990 23
1991 49
1992 11
1993 54
1994 19
1995 26
1996 14
1997 58
1998 9
1999 1
2000 22
2001 31
2002 70
2003 67
2004 43
2005 26
2006 8
2007 47
2008 25
2009 38
2010 2
2011 70
2012 21
2013 20
2014 42
2015 17
2016 11
2017 17
2018 41
2019 68
2020 20
2021 66
2022 15
2023 37
2024 45
2025 40
2026 56
2027 9
2028 63
2029 17
2030 24
2031 42
2032 15
2033 26
2034 16
2035 28
2036 36
2037 69
2038 46
2039 9
2040 14
2041 73
2042 6
2043 64
2044 64
2045 35
2046 37
2047 21
2048 37
2049 43
2050 20
2051 39
2052 25
2053 11
2054 65
2055 9
2056 57
2057 15
2058 73
2059 46
2060 17
2061 30
2062 44
2063 18
2064 24
2065 3
2066 5
2067 51
2068 25
2069 28
2070 25
2071 24
2072 27
2073 66
2074 26
2075 2
2076 19
2077 31
2078 64
2079 70
2080 35
2081 67
2082 35
2083 33
2084 29
2085 47
2086 67
2087 71
2088 42
2089 30
2090 53
2091 13
2092 44
2093 37
2094 10
2095 2
2096 30
2097 11
2098 73
2099 61
2100 30
2101 50
2102 67
2103 66
2104 56
2105 30
2106 72
2107 30
2108 66
2109 26
2110 28
2111 20
2112 25
2113 67
2114 43
2115 67
2116 56
2117 46
2118 10
2119 36
2120 51
2121 41
2122 58
2123 50
2124 54
2125 70
2126 50
2127 8
2128 34
2129 57
2130 2
2131 40
2132 42
2133 68
2134 69
2135 56
2136 15
2137 70
2138 33
2139 39
2140 21
2141 37
2142 37
2143 72
2144 56
2145 26
2146 5
2147 53
2148 69
2149 46
2150 45
2151 16
2152 72
2153 61
2154 64
2155 10
2156 21
2157 1
2158 35
2159 7
2160 19
2161 63
2162 16
2163 63
2164 70
2165 11
2166 69
2167 38
2168 39
2169 56
2170 24
2171 34
2172 14
2173 52
2174 43
2175 63
2176 6
2177 25
2178 17
2179 5
2180 36
2181 8
2182 9
2183 51
2184 35
2185 46
2186 56
2187 62
2188 7
2189 28
2190 38
2191 65
2192 65
2193 47
2194 55
2195 16
2196 65
2197 10
2198 25
2199 15
2200 50
2201 5
2202 8
2203 73
2204 6
2205 57
2206 35
2207 11
2208 23
2209 21
2210 72
2211 10
2212 64
2213 15
2214 29
2215 22
2216 60
2217 69
2218 4
2219 3
2220 53
2221 49
2222 39
2223 7
2224 51
2225 69
2226 67
2227 19
2228 41
2229 17
2230 33
2231 48
2232 6
2233 46
2234 61
2235 39
2236 25
2237 40
2238 36
2239 44
2240 42
2241 14
2242 40
2243 36
2244 46
2245 5
2246 33
2247 15
2248 26
2249 18
2250 1
2251 56
2252 60
2253 29
2254 36
2255 40
2256 41
2257 48
2258 68
2259 24
2260 34
2261 58
2262 66
2263 37
2264 57
2265 67
2266 41
2267 66
2268 22
2269 64
2270 8
2271 16
2272 68
2273 41
2274 12
2275 64
2276 13
2277 1
2278 34
2279 27
2280 50
2281 47
2282 38
2283 40
2284 4
2285 28
2286 49
2287 35
2288 32
2289 43
2290 57
2291 6
2292 16
2293 36
2294 13
2295 66
2296 59
2297 68
2298 24
2299 63
2300 56
2301 65
2302 53
2303 5
2304 49
2305 39
2306 21
2307 17
2308 6
2309 9
2310 16
2311 5
2312 41
2313 71
2314 68
2315 4
2316 53
2317 59
2318 16
2319 69
2320 31
2321 55
2322 32
2323 32
2324 53
2325 56
2326 55
2327 7
2328 54
2329 39
2330 37
2331 44
2332 56
2333 56
2334 72
2335 22
2336 36
2337 58
2338 69
2339 32
2340 5
2341 34
2342 10
2343 68
2344 60
2345 38
2346 58
2347 26
2348 30
2349 68
2350 63
2351 52
2352 33
2353 36
2354 70
2355 52
2356 57
2357 17
2358 60
2359 18
2360 47
2361 17
2362 12
2363 73
2364 58
2365 73
2366 44
2367 39
2368 46
2369 3
2370 11
2371 21
2372 23
2373 38
2374 54
2375 52
2376 22
2377 33
2378 15
2379 9
2380 67
2381 23
2382 69
2383 48
2384 54
2385 59
2386 68
2387 6
2388 30
2389 4
2390 3
2391 60
2392 32
2393 17
2394 55
2395 38
2396 41
2397 18
2398 1
2399 19
2400 18
2401 12
2402 51
2403 70
2404 60
2405 7
2406 23
2407 11
2408 19
2409 18
2410 31
2411 27
2412 36
2413 71
2414 32
2415 59
2416 4
2417 42
2418 24
2419 65
2420 8
2421 64
2422 21
2423 27
2424 6
2425 21
2426 13
2427 27
2428 8
2429 6
2430 38
2431 29
2432 51
2433 57
2434 42
2435 7
2436 47
2437 73
2438 41
2439 46
2440 20
2441 38
2442 34
2443 30
2444 59
2445 8
2446 9
2447 48
2448 21
2449 8
2450 5
2451 56
2452 4
2453 69
2454 32
2455 54
2456 50
2457 32
2458 14
2459 12
2460 51
2461 30
2462 69
2463 17
2464 24
2465 24
2466 56
2467 15
2468 12
2469 1
2470 46
2471 23
2472 69
2473 9
2474 18
2475 6
2476 42
2477 22
2478 8
2479 17
2480 52
2481 71
2482 64
2483 71
2484 41
2485 18
2486 16
2487 16
2488 32
2489 33
2490 72
2491 67
2492 55
2493 37
2494 18
2495 31
2496 9
2497 56
2498 5
2499 34
2500 28
2501 56
2502 40
2503 50
2504 67
2505 1
2506 71
2507 25
2508 70
2509 60
2510 68
2511 52
2512 13
2513 62
2514 12
2515 36
2516 12
2517 20
2518 13
2519 4
2520 45
2521 24
2522 8
2523 11
2524 42
2525 50
2526 45
2527 68
2528 36
2529 37
2530 73
2531 9
2532 3
2533 70
2534 31
2535 7
2536 69
2537 2
2538 26
2539 65
2540 6
2541 61
2542 36
2543 20
2544 67
2545 49
2546 27
2547 36
2548 17
2549 18
2550 18
2551 7
2552 72
2553 36
2554 69
2555 59
2556 35
2557 66
2558 24
2559 36
2560 34
2561 52
2562 15
2563 43
2564 50
2565 33
2566 25
2567 57
2568 69
2569 30
2570 72
2571 17
2572 66
2573 18
2574 63
2575 36
2576 66
2577 48
2578 13
2579 55
2580 51
2581 46
2582 6
2583 33
2584 43
2585 45
2586 37
2587 39
2588 18
2589 60
2590 61
2591 51
2592 54
2593 20
2594 6
2595 64
2596 22
2597 65
2598 21
2599 62
2600 56
2601 49
2602 72
2603 69
2604 69
2605 16
2606 45
2607 56
2608 62
2609 32
2610 1
2611 55
2612 28
2613 20
2614 48
2615 2
2616 4
2617 70
2618 54
2619 72
2620 11
2621 72
2622 58
2623 44
2624 68
2625 48
2626 17
2627 47
2628 15
2629 41
2630 67
2631 55
2632 59
2633 65
2634 8
2635 30
2636 21
2637 41
2638 70
2639 5
2640 57
2641 36
2642 68
2643 28
2644 19
2645 23
2646 5
2647 10
2648 20
2649 31
2650 60
2651 71
2652 7
2653 12
2654 20
2655 21
2656 55
2657 44
2658 27
2659 35
2660 3
2661 18
2662 30
2663 47
2664 38
2665 20
2666 33
2667 22
2668 42
2669 26
2670 17
2671 33
2672 63
2673 7
2674 21
2675 33
2676 14
2677 34
2678 32
2679 66
2680 67
2681 23
2682 26
2683 27
2684 54
2685 10
2686 38
2687 49
2688 17
2689 70
2690 40
2691 65
2692 3
2693 6
2694 37
2695 35
2696 58
2697 61
2698 23
2699 6
2700 56
2701 35
2702 59
2703 4
2704 9
2705 53
2706 13
2707 64
2708 7
2709 62
2710 60
2711 61
2712 29
2713 64
2714 62
2715 68
2716 58
2717 41
2718 39
2719 23
2720 14
2721 34
2722 21
2723 13
2724 17
2725 27
2726 22
2727 48
2728 64
2729 37
2730 58
2731 37
2732 58
2733 60
2734 54
2735 41
2736 58
2737 65
2738 16
2739 54
2740 13
2741 4
2742 53
2743 28
2744 37
2745 61
2746 16
2747 60
2748 29
2749 8
2750 32
2751 72
2752 51
2753 71
2754 3
2755 44
2756 69
2757 61
2758 15
2759 16
2760 15
2761 36
2762 49
2763 21
2764 4
2765 52
2766 35
2767 26
2768 56
2769 67
2770 7
2771 72
2772 6
2773 15
2774 1
2775 25
2776 32
2777 42
2778 53
2779 51
2780 47
2781 52
2782 25
2783 42
2784 20
2785 24
2786 30
2787 48
2788 56
2789 73
2790 62
2791 10
2792 44
2793 22
2794 49
2795 54
2796 53
2797 53
2798 30
2799 14
2800 38
2801 23
2802 72
2803 43
2804 4
2805 35
2806 1
2807 48
2808 7
2809 60
2810 59
2811 61
2812 56
2813 61
2814 58
2815 20
2816 39
2817 1
2818 34
2819 14
2820 62
2821 69
2822 14
2823 16
2824 57
2825 18
2826 19
2827 9
2828 64
2829 5
2830 21
2831 68
2832 54
2833 65
2834 56
2835 72
2836 10
2837 31
2838 42
2839 63
2840 53
2841 5
2842 4
2843 3
2844 39
2845 10
2846 17
2847 61
2848 35
2849 69
2850 9
2851 37
2852 54
2853 42
2854 21
2855 28
2856 63
2857 17
2858 33
2859 58
2860 61
2861 32
2862 47
2863 70
2864 36
2865 3
2866 59
2867 54
2868 21
2869 1
2870 42
2871 21
2872 40
2873 65
2874 64
2875 47
2876 11
2877 73
2878 14
2879 39
2880 8
2881 44
2882 70
2883 22
2884 70
2885 27
2886 30
2887 25
2888 52
2889 17
2890 25
2891 63
2892 27
2893 34
2894 2
2895 73
2896 3
2897 16
2898 26
2899 26
2900 44
2901 38
2902 16
2903 48
2904 25
2905 4
2906 16
2907 8
2908 14
2909 62
2910 22
2911 29
2912 4
2913 1
2914 20
2915 5
2916 5
2917 27
2918 1
2919 45
2920 40
2921 2
2922 44
2923 56
2924 20
2925 20
2926 24
2927 34
2928 70
2929 6
2930 14
2931 20
2932 61
2933 20
2934 5
2935 24
2936 12
2937 12
2938 72
2939 1
2940 52
2941 42
2942 41
2943 3
2944 38
2945 71
2946 35
2947 40
2948 43
2949 23
2950 73
2951 27
2952 9
2953 47
2954 63
2955 38
2956 73
2957 30
2958 19
2959 38
2960 16
2961 46
2962 36
2963 6
2964 56
2965 31
2966 73
2967 49
2968 10
2969 58
2970 28
2971 60
2972 30
2973 9
2974 29
2975 28
2976 32
2977 16
2978 69
2979 60
2980 43
2981 42
2982 7
2983 50
2984 52
2985 13
2986 4
2987 15
2988 69
2989 20
2990 3
2991 20
2992 71
2993 67
2994 44
2995 45
2996 15
2997 1
2998 3
2999 7
3000 29
3001 1
3002 6
3003 66
3004 14
3005 64
3006 18
3007 8
3008 3
3009 11
3010 12
3011 39
3012 46
3013 14
3014 3
3015 33
3016 25
3017 44
3018 39
3019 2
3020 49
3021 8
3022 55
3023 56
3024 14
3025 53
3026 67
3027 15
3028 51
3029 24
3030 64
3031 3
3032 41
3033 19
3034 21
3035 34
3036 3
3037 19
3038 4
3039 56
3040 56
3041 39
3042 72
3043 8
3044 16
3045 60
3046 1
3047 17
3048 38
3049 28
3050 17
3051 72
3052 8
3053 59
3054 40
3055 62
3056 54
3057 23
3058 63
3059 43
3060 28
3061 20
3062 46
3063 67
3064 3
3065 11
3066 46
3067 19
3068 17
3069 6
3070 21
3071 12
3072 53
3073 52
3074 11
3075 69
3076 19
3077 21
3078 45
3079 24
3080 23
3081 1
3082 37
3083 56
3084 33
3085 32
3086 63
3087 54
3088 7
3089 9
3090 23
3091 57
3092 46
3093 35
3094 14
3095 61
3096 19
3097 10
3098 51
3099 45
3100 6
3101 40
3102 65
3103 33
3104 59
3105 65
3106 46
3107 5
3108 18
3109 38
3110 41
3111 35
3112 26
3113 58
3114 26
3115 36
3116 37
3117 26
3118 20
3119 60
3120 64
3121 70
3122 61
3123 68
3124 5
3125 13
3126 42
3127 58
3128 19
3129 28
3130 8
3131 44
3132 21
3133 20
3134 43
3135 9
3136 12
3137 22
3138 21
3139 40
3140 71
3141 69
3142 9
3143 44
3144 72
3145 18
3146 69
3147 37
3148 50
3149 34
3150 47
3151 43
3152 56
3153 58
3154 49
3155 36
3156 28
3157 63
3158 28
3159 55
3160 28
3161 21
3162 20
3163 20
3164 73
3165 15
3166 56
3167 70
3168 67
3169 49
3170 54
3171 60
3172 29
3173 71
3174 3
3175 37
3176 13
3177 51
3178 52
3179 3
3180 32
3181 16
3182 27
3183 9
3184 57
3185 32
3186 54
3187 56
3188 9
3189 41
3190 41
3191 65
3192 54
3193 41
3194 68
3195 49
3196 24
3197 67
3198 43
3199 67
3200 11
3201 63
3202 22
3203 59
3204 2
3205 8
3206 24
3207 2
3208 26
3209 12
3210 25
3211 51
3212 42
3213 67
3214 20
3215 71
3216 35
3217 31
3218 24
3219 67
3220 13
3221 45
3222 57
3223 63
3224 43
3225 9
3226 54
3227 54
3228 15
3229 12
3230 11
3231 61
3232 11
3233 17
3234 28
3235 56
3236 56
3237 10
3238 73
3239 10
3240 2
3241 54
3242 47
3243 65
3244 10
3245 15
3246 11
3247 68
3248 6
3249 47
3250 65
3251 48
3252 44
3253 14
3254 19
3255 32
3256 60
3257 16
3258 39
3259 19
3260 48
3261 4
3262 71
3263 52
3264 56
3265 6
3266 22
3267 47
3268 72
3269 56
3270 34
3271 41
3272 35
3273 35
3274 7
3275 47
3276 46
3277 13
3278 55
3279 11
3280 63
3281 73
3282 49
3283 2
3284 63
3285 17
3286 69
3287 47
3288 33
3289 42
3290 28
3291 33
3292 41
3293 45
3294 61
3295 66
3296 7
3297 72
3298 13
3299 54
3300 1
3301 49
3302 52
3303 64
3304 4
3305 38
3306 37
3307 39
3308 49
3309 58
3310 66
3311 4
3312 29
3313 43
3314 17
3315 72
3316 35
3317 11
3318 64
3319 71
3320 66
3321 7
3322 20
3323 46
3324 11
3325 16
3326 9
3327 47
3328 27
3329 38
3330 68
3331 53
3332 8
3333 12
3334 57
3335 72
3336 53
3337 29
3338 24
3339 47
3340 62
3341 21
3342 52
3343 6
3344 44
3345 17
3346 67
3347 72
3348 48
3349 46
3350 33
3351 57
3352 60
3353 67
3354 51
3355 69
3356 38
3357 45
3358 17
3359 41
3360 59
3361 57
3362 64
3363 72
3364 32
3365 58
3366 7
3367 24
3368 10
3369 6
3370 39
3371 68
3372 64
3373 42
3374 17
3375 20
3376 72
3377 16
3378 16
3379 37
3380 36
3381 67
3382 32
3383 33
3384 37
3385 57
3386 16
3387 69
3388 4
3389 71
3390 42
3391 20
3392 39
3393 19
3394 49
3395 44
3396 12
3397 70
3398 44
3399 39
3400 11
3401 7
3402 40
3403 33
3404 47
3405 5
3406 70
3407 9
3408 73
3409 35
3410 55
3411 60
3412 47
3413 30
3414 64
3415 21
3416 10
3417 5
3418 35
3419 31
3420 69
3421 12
3422 48
3423 37
3424 57
3425 64
3426 72
3427 50
3428 44
3429 60
3430 46
3431 4
3432 63
3433 64
3434 35
3435 13
3436 69
3437 47
3438 53
3439 55
3440 61
3441 40
3442 70
3443 15
3444 50
3445 49
3446 48
3447 50
3448 49
3449 62
3450 27
3451 60
3452 52
3453 29
3454 58
3455 6
3456 54
3457 36
3458 20
3459 5
3460 18
3461 60
3462 62
3463 48
3464 30
3465 28
3466 44
3467 40
3468 19
3469 13
3470 21
3471 27
3472 10
3473 25
3474 37
3475 5
3476 52
3477 9
3478 4
3479 49
3480 32
3481 24
3482 17
3483 37
3484 10
3485 26
3486 16
3487 56
3488 71
3489 66
3490 25
3491 53
3492 32
3493 7
3494 15
3495 15
3496 62
3497 33
3498 20
3499 6
3500 35
3501 26
3502 35
3503 3
3504 47
3505 10
3506 27
3507 9
3508 44
3509 6
3510 46
3511 53
3512 36
3513 35
3514 11
3515 60
3516 42
3517 18
3518 47
3519 11
3520 42
3521 15
3522 62
3523 64
3524 42
3525 14
3526 58
3527 12
3528 28
3529 27
3530 73
3531 47
3532 11
3533 55
3534 5
3535 62
3536 51
3537 57
3538 29
3539 26
3540 31
3541 2
3542 67
3543 52
3544 61
3545 72
3546 41
3547 26
3548 40
3549 17
3550 4
3551 10
3552 9
3553 28
3554 67
3555 35
3556 24
3557 34
3558 43
3559 5
3560 39
3561 18
3562 31
3563 35
3564 23
3565 42
3566 35
3567 59
3568 29
3569 16
3570 32
3571 54
3572 59
3573 73
3574 11
3575 9
3576 67
3577 15
3578 62
3579 47
3580 35
3581 63
3582 5
3583 59
3584 38
3585 14
3586 7
3587 40
3588 54
3589 18
3590 39
3591 71
3592 24
3593 29
3594 5
3595 33
3596 16
3597 19
3598 64
3599 62
3600 61
3601 39
3602 32
3603 58
3604 12
3605 3
3606 20
3607 11
3608 69
3609 55
3610 40
3611 15
3612 68
3613 46
3614 29
3615 10
3616 48
3617 48
3618 10
3619 72
3620 8
3621 40
3622 9
3623 42
3624 6
3625 39
3626 33
3627 20
3628 38
3629 55
3630 71
3631 16
3632 40
3633 60
3634 6
3635 39
3636 6
3637 66
3638 17
3639 17
3640 14
3641 51
3642 44
3643 68
3644 25
3645 29
3646 20
3647 41
3648 52
3649 49
3650 36
3651 66
3652 32
3653 69
3654 41
3655 58
3656 30
3657 21
3658 63
3659 33
3660 38
3661 54
3662 9
3663 22
3664 20
3665 32
3666 14
3667 43
3668 73
3669 7
3670 28
3671 44
3672 36
3673 42
3674 48
3675 21
3676 36
3677 13
3678 69
3679 71
3680 73
3681 4
3682 17
3683 5
3684 11
3685 35
3686 29
3687 6
3688 45
3689 19
3690 12
3691 11
3692 67
3693 4
3694 1
3695 24
3696 14
3697 11
3698 9
3699 42
3700 49
3701 28
3702 46
3703 57
3704 64
3705 65
3706 42
3707 35
3708 51
3709 64
3710 12
3711 4
3712 34
3713 65
3714 30
3715 41
3716 28
3717 72
3718 71
3719 17
3720 58
3721 65
3722 51
3723 64
3724 15
3725 5
3726 50
3727 25
3728 54
3729 19
3730 69
3731 16
3732 15
3733 47
3734 9
3735 41
3736 8
3737 70
3738 32
3739 11
3740 30
3741 17
3742 28
3743 34
3744 42
3745 62
3746 61
3747 64
3748 19
3749 31
3750 21
3751 11
3752 66
3753 17
3754 57
3755 8
3756 63
3757 29
3758 36
3759 26
3760 58
3761 69
3762 14
3763 41
3764 55
3765 29
3766 17
3767 9
3768 41
3769 20
3770 22
3771 54
3772 8
3773 50
3774 49
3775 16
3776 71
3777 56
3778 45
3779 28
3780 24
3781 6
3782 27
3783 71
3784 11
3785 12
3786 11
3787 4
3788 29
3789 27
3790 62
3791 72
3792 38
3793 55
3794 36
3795 57
3796 56
3797 23
3798 7
3799 45
3800 66
3801 67
3802 61
3803 9
3804 61
3805 52
3806 33
3807 40
3808 70
3809 37
3810 63
3811 5
3812 57
3813 58
3814 22
3815 7
3816 42
3817 7
3818 38
3819 13
3820 2
3821 12
3822 49
3823 23
3824 7
3825 31
3826 45
3827 41
3828 4
3829 58
3830 59
3831 42
3832 42
3833 24
3834 42
3835 49
3836 32
3837 53
3838 32
3839 67
3840 25
3841 2
3842 13
3843 58
3844 46
3845 71
3846 58
3847 50
3848 8
3849 54
3850 28
3851 46
3852 56
3853 20
3854 62
3855 6
3856 64
3857 4
3858 44
3859 39
3860 34
3861 2
3862 39
3863 50
3864 52
3865 44
3866 23
3867 43
3868 16
3869 67
3870 45
3871 41
3872 33
3873 72
3874 46
3875 53
3876 36
3877 35
3878 15
3879 38
3880 42
3881 32
3882 41
3883 18
3884 7
3885 63
3886 17
3887 14
3888 31
3889 13
3890 23
3891 50
3892 36
3893 68
3894 8
3895 40
3896 73
3897 23
3898 45
3899 9
3900 23
3901 58
3902 45
3903 8
3904 50
3905 68
3906 29
3907 29
3908 18
3909 58
3910 10
3911 48
3912 42
3913 19
3914 25
3915 28
3916 28
3917 9
3918 18
3919 20
3920 32
3921 33
3922 65
3923 25
3924 50
3925 42
3926 37
3927 67
3928 20
3929 18
3930 37
3931 15
3932 9
3933 50
3934 41
3935 59
3936 13
3937 2
3938 68
3939 51
3940 63
3941 4
3942 8
3943 42
3944 37
3945 52
3946 40
3947 50
3948 68
3949 16
3950 37
3951 69
3952 39
3953 56
3954 32
3955 36
3956 62
3957 59
3958 3
3959 50
3960 42
3961 28
3962 1
3963 66
3964 56
3965 62
3966 7
3967 50
3968 56
3969 7
3970 48
3971 5
3972 38
3973 18
3974 27
3975 22
3976 17
3977 21
3978 54
3979 59
3980 73
3981 53
3982 9
3983 5
3984 12
3985 55
3986 69
3987 42
3988 32
3989 25
3990 58
3991 37
3992 29
3993 70
3994 51
3995 72
3996 50
3997 32
3998 12
3999 8
4000 4
4001 58
4002 37
4003 68
4004 25
4005 47
4006 17
4007 68
4008 1
4009 67
4010 62
4011 46
4012 12
4013 20
4014 3
4015 64
4016 12
4017 32
4018 29
4019 11
4020 53
4021 13
4022 56
4023 10
4024 31
4025 37
4026 25
4027 56
4028 20
4029 64
4030 9
4031 72
4032 4
4033 9
4034 8
4035 9
4036 70
4037 27
4038 35
4039 51
4040 69
4041 19
4042 41
4043 61
4044 64
4045 14
4046 24
4047 13
4048 44
4049 45
4050 11
4051 62
4052 69
4053 7
4054 71
4055 25
4056 67
4057 58
4058 56
4059 63
4060 55
4061 34
4062 68
4063 40
4064 68
4065 19
4066 56
4067 71
4068 37
4069 52
4070 15
4071 56
4072 39
4073 46
4074 45
4075 31
4076 67
4077 37
4078 27
4079 72
4080 18
4081 10
4082 15
4083 18
4084 73
4085 21
4086 69
4087 37
4088 43
4089 61
4090 28
4091 14
4092 16
4093 24
4094 55
4095 9
4096 63
4097 48
4098 35
4099 20
4100 60
4101 36
4102 56
4103 47
4104 44
4105 16
4106 48
4107 13
4108 64
4109 38
4110 12
4111 40
4112 70
4113 9
4114 28
4115 2
4116 40
4117 53
4118 24
4119 58
4120 45
4121 50
4122 59
4123 25
4124 9
4125 36
4126 52
4127 32
4128 38
4129 30
4130 51
4131 71
4132 7
4133 64
4134 5
4135 25
4136 58
4137 64
4138 43
4139 62
4140 70
4141 18
4142 22
4143 32
4144 17
4145 2
4146 34
4147 48
4148 7
4149 57
4150 19
4151 34
4152 58
4153 60
4154 8
4155 25
4156 65
4157 11
4158 72
4159 50
4160 41
4161 3
4162 20
4163 6
4164 17
4165 30
4166 41
4167 70
4168 41
4169 20
4170 58
4171 15
4172 18
4173 25
4174 61
4175 11
4176 9
4177 20
4178 17
4179 36
4180 1
4181 27
4182 36
4183 61
4184 73
4185 72
4186 11
4187 57
4188 22
4189 34
4190 64
4191 53
4192 15
4193 33
4194 47
4195 1
4196 18
4197 42
4198 54
4199 52
4200 48
4201 14
4202 5
4203 41
4204 1
4205 56
4206 9
4207 61
4208 11
4209 11
4210 40
4211 64
4212 45
4213 10
4214 43
4215 73
4216 24
4217 25
4218 32
4219 13
4220 58
4221 3
4222 6
4223 40
4224 60
4225 62
4226 34
4227 27
4228 46
4229 59
4230 18
4231 56
4232 32
4233 47
4234 7
4235 72
4236 14
4237 13
4238 71
4239 9
4240 49
4241 44
4242 73
4243 69
4244 42
4245 47
4246 38
4247 58
4248 37
4249 11
4250 28
4251 67
4252 31
4253 71
4254 5
4255 19
4256 39
4257 72
4258 67
4259 28
4260 4
4261 61
4262 30
4263 49
4264 41
4265 56
4266 29
4267 22
4268 35
4269 71
4270 53
4271 67
4272 65
4273 31
4274 66
4275 8
4276 34
4277 48
4278 57
4279 15
4280 11
4281 49
4282 36
4283 72
4284 69
4285 33
4286 67
4287 1
4288 3
4289 68
4290 61
4291 41
4292 23
4293 19
4294 59
4295 20
4296 61
4297 34
4298 25
4299 32
4300 27
4301 60
4302 9
4303 54
4304 4
4305 69
4306 36
4307 56
4308 73
4309 43
4310 2
4311 11
4312 73
4313 18
4314 40
4315 20
4316 68
4317 15
4318 3
4319 15
4320 37
4321 55
4322 36
4323 19
4324 36
4325 25
4326 70
4327 42
4328 1
4329 6
4330 8
4331 51
4332 59
4333 68
4334 52
4335 59
4336 58
4337 66
4338 41
4339 62
4340 55
4341 57
4342 3
4343 17
4344 64
4345 20
4346 7
4347 14
4348 55
4349 65
4350 15
4351 53
4352 51
4353 3
4354 35
4355 40
4356 25
4357 17
4358 30
4359 12
4360 26
4361 37
4362 54
4363 22
4364 13
4365 72
4366 41
4367 2
4368 42
4369 46
4370 57
4371 16
4372 2
4373 36
4374 46
4375 66
4376 21
4377 32
4378 50
4379 5
4380 73
4381 24
4382 43
4383 40
4384 2
4385 11
4386 25
4387 9
4388 31
4389 18
4390 65
4391 17
4392 14
4393 54
4394 23
4395 65
4396 5
4397 58
4398 51
4399 38
4400 27
4401 6
4402 64
4403 2
4404 42
4405 11
4406 42
4407 49
4408 9
4409 56
4410 7
4411 10
4412 62
4413 57
4414 67
4415 15
4416 31
4417 23
4418 33
4419 11
4420 61
4421 73
4422 64
4423 3
4424 19
4425 36
4426 36
4427 73
4428 72
4429 11
4430 10
4431 70
4432 54
4433 63
4434 48
4435 35
4436 73
4437 34
4438 64
4439 53
4440 36
4441 43
4442 31
4443 1
4444 22
4445 12
4446 18
4447 73
4448 63
4449 11
4450 66
4451 19
4452 2
4453 25
4454 73
4455 45
4456 55
4457 64
4458 72
4459 3
4460 33
4461 17
4462 35
4463 56
4464 25
4465 28
4466 47
4467 4
4468 59
4469 47
4470 73
4471 3
4472 56
4473 48
4474 63
4475 29
4476 41
4477 36
4478 58
4479 15
4480 1
4481 42
4482 68
4483 24
4484 34
4485 16
4486 58
4487 34
4488 5
4489 40
4490 30
4491 58
4492 57
4493 20
4494 13
4495 48
4496 44
4497 24
4498 63
4499 22
4500 49
4501 7
4502 63
4503 33
4504 22
4505 1
4506 14
4507 36
4508 46
4509 56
4510 59
4511 39
4512 34
4513 33
4514 64
4515 9
4516 57
4517 43
4518 5
4519 32
4520 9
4521 7
4522 47
4523 19
4524 48
4525 52
4526 17
4527 13
4528 64
4529 36
4530 5
4531 64
4532 14
4533 20
4534 33
4535 30
4536 58
4537 16
4538 44
4539 9
4540 9
4541 19
4542 43
4543 37
4544 16
4545 24
4546 45
4547 22
4548 69
4549 53
4550 8
4551 61
4552 25
4553 50
4554 63
4555 3
4556 41
4557 64
4558 70
4559 72
4560 37
4561 68
4562 61
4563 49
4564 14
4565 67
4566 62
4567 32
4568 29
4569 33
4570 27
4571 2
4572 28
4573 71
4574 34
4575 17
4576 63
4577 19
4578 40
4579 26
4580 54
4581 31
4582 34
4583 39
4584 28
4585 27
4586 72
4587 69
4588 13
4589 70
4590 61
4591 12
4592 57
4593 6
4594 2
4595 40
4596 41
4597 12
4598 12
4599 37
4600 44
4601 3
4602 26
4603 7
4604 47
4605 2
4606 4
4607 13
4608 32
4609 54
4610 30
4611 14
4612 31
4613 29
4614 2
4615 25
4616 7
4617 40
4618 23
4619 70
4620 36
4621 35
4622 46
4623 41
4624 45
4625 61
4626 71
4627 54
4628 63
4629 36
4630 70
4631 60
4632 47
4633 19
4634 11
4635 36
4636 41
4637 45
4638 63
4639 31
4640 57
4641 11
4642 18
4643 29
4644 65
4645 38
4646 51
4647 72
4648 15
4649 14
4650 72
4651 66
4652 7
4653 52
4654 69
4655 41
4656 13
4657 12
4658 63
4659 46
4660 2
4661 38
4662 1
4663 45
4664 48
4665 66
4666 55
4667 49
4668 50
4669 62
4670 28
4671 61
4672 53
4673 60
4674 48
4675 70
4676 44
4677 49
4678 66
4679 52
4680 39
4681 63
4682 35
4683 17
4684 22
4685 24
4686 11
4687 17
4688 2
4689 49
4690 62
4691 42
4692 46
4693 16
4694 20
4695 45
4696 14
4697 28
4698 30
4699 64
4700 51
4701 70
4702 55
4703 21
4704 56
4705 34
4706 39
4707 12
4708 56
4709 42
4710 40
4711 58
4712 64
4713 44
4714 68
4715 26
4716 33
4717 15
4718 31
4719 20
4720 28
4721 41
4722 21
4723 58
4724 29
4725 11
4726 71
4727 45
4728 46
4729 27
4730 70
4731 68
4732 71
4733 67
4734 39
4735 27
4736 52
4737 25
4738 32
4739 13
4740 23
4741 39
4742 72
4743 21
4744 44
4745 30
4746 26
4747 8
4748 54
4749 3
4750 60
4751 65
4752 72
4753 45
4754 5
4755 21
4756 16
4757 39
4758 60
4759 60
4760 8
4761 23
4762 73
4763 53
4764 40
4765 15
4766 56
4767 58
4768 2
4769 62
4770 31
4771 40
4772 39
4773 54
4774 6
4775 62
4776 16
4777 20
4778 46
4779 71
4780 25
4781 54
4782 52
4783 56
4784 39
4785 57
4786 17
4787 14
4788 10
4789 40
4790 1
4791 27
4792 28
4793 48
4794 33
4795 2
4796 63
4797 42
4798 37
4799 59
4800 32
4801 43
4802 70
4803 31
4804 31
4805 3
4806 60
4807 3
4808 53
4809 14
4810 3
4811 36
4812 39
4813 59
4814 42
4815 29
4816 38
4817 71
4818 37
4819 6
4820 15
4821 62
4822 69
4823 15
4824 56
4825 38
4826 55
4827 43
4828 13
4829 7
4830 56
4831 27
4832 4
4833 5
4834 68
4835 6
4836 42
4837 55
4838 27
4839 42
4840 57
4841 20
4842 11
4843 42
4844 56
4845 11
4846 27
4847 18
4848 18
4849 30
4850 73
4851 30
4852 12
4853 35
4854 19
4855 8
4856 35
4857 28
4858 57
4859 42
4860 59
4861 32
4862 28
4863 58
4864 26
4865 45
4866 56
4867 17
4868 49
4869 51
4870 68
4871 56
4872 41
4873 66
4874 52
4875 63
4876 10
4877 47
4878 43
4879 40
4880 68
4881 64
4882 27
4883 60
4884 46
4885 7
4886 46
4887 5
4888 25
4889 62
4890 73
4891 27
4892 44
4893 12
4894 22
4895 36
4896 8
4897 62
4898 44
4899 68
4900 46
4901 20
4902 18
4903 31
4904 45
4905 16
4906 68
4907 39
4908 43
4909 59
4910 43
4911 61
4912 37
4913 67
4914 62
4915 21
4916 46
4917 36
4918 3
4919 25
4920 46
4921 7
4922 43
4923 44
4924 4
4925 1
4926 16
4927 62
4928 69
4929 32
4930 60
4931 64
4932 7
4933 50
4934 34
4935 56
4936 20
4937 9
4938 60
4939 9
4940 21
4941 16
4942 37
4943 32
4944 42
4945 46
4946 59
4947 15
4948 12
4949 41
4950 15
4951 38
4952 68
4953 56
4954 35
4955 19
4956 41
4957 5
4958 64
4959 58
4960 8
4961 9
4962 36
4963 35
4964 61
4965 3
4966 8
4967 62
4968 20
4969 7
4970 72
4971 20
4972 40
4973 70
4974 46
4975 5
4976 15
4977 37
4978 64
4979 9
4980 32
4981 32
4982 20
4983 56
4984 37
4985 32
4986 56
4987 32
4988 9
4989 17
4990 41
4991 37
4992 20
4993 5
4994 20
4995 42
4996 64
4997 64
4998 64
4999 56
