0 154 32.01 
0 274 34.01 
0 334 41.01 
0 436 44.01 
0 464 43.01 
0 482 42.01 
0 499 30.009999999999998 
154 37 23.009999999999998 
154 237 22.009999999999998 
154 417 7.01 
154 434 16.009999999999998 
154 441 21.009999999999998 
154 449 13.01 
274 226 67.00999999999999 
274 437 68.00999999999999 
274 447 58.01 
274 450 66.00999999999999 
274 461 67.00999999999999 
274 471 53.01 
334 25 169.01 
334 202 155.01 
334 243 145.01 
334 349 162.01 
334 426 159.01 
334 482 135.01 
436 233 236.01 
436 258 216.01 
436 264 236.01 
436 407 227.01 
436 475 213.01 
436 484 230.01 
464 214 248.01 
464 280 255.01 
464 291 250.01 
464 446 275.01 
464 454 277.01 
464 478 264.01 
482 30 545.01 
482 400 538.01 
482 464 548.01 
482 473 538.01 
482 476 517.01 
482 486 439.01 
499 286 973.01 
499 291 1043.01 
499 401 927.01 
499 487 990.01 
499 489 974.01 
499 498 917.01 
1 168 71.00999999999999 
1 294 65.00999999999999 
1 304 69.00999999999999 
1 403 60.01 
1 413 59.01 
1 494 62.01 
1 498 61.01 
168 13 22.009999999999998 
168 242 26.009999999999998 
168 361 32.01 
168 392 22.009999999999998 
168 411 21.009999999999998 
168 492 25.009999999999998 
294 97 182.01 
294 186 171.01 
294 260 191.01 
294 354 180.01 
294 374 193.01 
294 479 196.01 
304 234 107.00999999999999 
304 408 104.00999999999999 
304 412 110.00999999999999 
304 494 84.00999999999999 
304 497 111.00999999999999 
304 498 89.00999999999999 
403 129 240.01 
403 148 223.01 
403 238 242.01 
403 335 219.01 
403 408 214.01 
403 427 203.01 
413 143 177.01 
413 146 155.01 
413 191 147.01 
413 217 145.01 
413 439 151.01 
413 485 147.01 
494 214 706.01 
494 320 697.01 
494 335 698.01 
494 406 682.01 
494 408 665.01 
494 491 649.01 
498 414 1192.01 
498 424 1228.01 
498 430 1289.01 
498 479 1155.01 
498 485 1174.01 
498 495 999.01 
2 26 26.009999999999998 
2 220 31.009999999999998 
2 273 38.01 
2 276 34.01 
2 354 33.01 
2 375 29.009999999999998 
2 432 38.01 
26 36 24.009999999999998 
26 182 28.009999999999998 
26 288 17.009999999999998 
26 387 22.009999999999998 
26 393 20.009999999999998 
26 397 28.009999999999998 
26 479 19.009999999999998 
220 112 61.01 
220 451 53.01 
220 465 45.01 
220 468 54.01 
220 477 65.00999999999999 
220 497 74.00999999999999 
273 326 58.01 
273 368 39.01 
273 411 60.01 
273 451 42.01 
273 469 47.01 
273 494 47.01 
276 33 43.01 
276 135 23.009999999999998 
276 296 33.01 
276 379 33.01 
276 484 35.01 
276 487 26.009999999999998 
354 209 84.00999999999999 
354 238 81.00999999999999 
354 416 68.00999999999999 
354 438 86.00999999999999 
354 459 73.00999999999999 
354 495 73.00999999999999 
375 161 225.01 
375 206 235.01 
375 346 214.01 
375 421 245.01 
375 474 237.01 
375 495 244.01 
432 188 243.01 
432 321 220.01 
432 459 243.01 
432 468 231.01 
432 472 181.01 
432 497 214.01 
3 88 14.01 
3 353 11.01 
3 380 10.01 
3 391 7.01 
3 461 15.01 
3 473 7.01 
3 478 12.01 
88 28 9.01 
88 71 13.01 
88 373 16.009999999999998 
88 450 11.01 
88 475 16.009999999999998 
88 484 12.01 
88 498 10.01 
353 55 122.00999999999999 
353 133 135.01 
353 199 141.01 
353 346 136.01 
353 467 166.01 
353 485 132.01 
380 200 152.01 
380 410 174.01 
380 413 202.01 
380 430 167.01 
380 485 184.01 
380 498 149.01 
391 7 94.00999999999999 
391 78 82.00999999999999 
391 342 81.00999999999999 
391 414 80.00999999999999 
391 430 65.00999999999999 
391 498 75.00999999999999 
461 72 237.01 
461 163 250.01 
461 191 278.01 
461 358 238.01 
461 482 245.01 
461 490 273.01 
473 56 246.01 
473 190 222.01 
473 212 248.01 
473 446 270.01 
473 478 274.01 
473 494 263.01 
478 9 371.01 
478 97 419.01 
478 334 420.01 
478 346 438.01 
478 358 400.01 
478 475 411.01 
4 127 169.01 
4 245 156.01 
4 259 166.01 
4 360 149.01 
4 445 140.01 
4 465 153.01 
4 481 153.01 
127 48 73.00999999999999 
127 109 72.00999999999999 
127 110 83.00999999999999 
127 412 79.00999999999999 
127 436 71.00999999999999 
127 490 78.00999999999999 
127 495 86.00999999999999 
245 94 54.01 
245 394 42.01 
245 436 56.01 
245 446 40.01 
245 485 48.01 
245 493 39.01 
259 106 60.01 
259 250 58.01 
259 342 68.00999999999999 
259 475 69.00999999999999 
259 480 61.01 
259 498 74.00999999999999 
360 155 86.00999999999999 
360 276 63.01 
360 379 65.00999999999999 
360 479 72.00999999999999 
360 493 84.00999999999999 
360 497 70.00999999999999 
445 298 198.01 
445 416 219.01 
445 439 186.01 
445 448 220.01 
445 459 202.01 
445 499 209.01 
465 19 307.01 
465 47 281.01 
465 67 273.01 
465 361 277.01 
465 426 297.01 
465 432 300.01 
481 185 285.01 
481 239 265.01 
481 482 284.01 
481 483 291.01 
481 486 311.01 
481 490 290.01 
5 295 87.00999999999999 
5 372 108.00999999999999 
5 429 80.00999999999999 
5 471 98.00999999999999 
5 490 118.00999999999999 
5 493 88.00999999999999 
5 498 90.00999999999999 
295 122 142.01 
295 360 106.00999999999999 
295 397 133.01 
295 460 147.01 
295 464 134.01 
295 488 140.01 
372 127 152.01 
372 192 156.01 
372 322 130.01 
372 405 163.01 
372 425 161.01 
372 453 167.01 
429 296 196.01 
429 433 189.01 
429 489 204.01 
429 492 210.01 
429 493 173.01 
429 499 196.01 
471 16 172.01 
471 85 164.01 
471 195 168.01 
471 201 165.01 
471 332 141.01 
471 351 195.01 
490 180 697.01 
490 205 656.01 
490 314 709.01 
490 380 666.01 
490 454 665.01 
490 480 652.01 
493 103 720.01 
493 236 718.01 
493 280 722.01 
493 284 742.01 
493 342 739.01 
493 485 744.01 
6 29 12.01 
6 128 8.01 
6 257 15.01 
6 269 8.01 
6 281 18.009999999999998 
6 403 16.009999999999998 
6 497 17.009999999999998 
29 113 33.01 
29 209 43.01 
29 364 40.01 
29 447 36.01 
29 464 43.01 
29 498 37.01 
29 499 44.01 
128 3 29.009999999999998 
128 213 29.009999999999998 
128 395 28.009999999999998 
128 402 30.009999999999998 
128 481 27.009999999999998 
128 487 25.009999999999998 
128 497 30.009999999999998 
257 119 116.00999999999999 
257 317 97.00999999999999 
257 344 114.00999999999999 
257 390 114.00999999999999 
257 456 86.00999999999999 
257 494 99.00999999999999 
269 70 33.01 
269 132 50.01 
269 323 46.01 
269 362 41.01 
269 494 41.01 
269 499 46.01 
281 139 28.009999999999998 
281 335 32.01 
281 377 28.009999999999998 
281 444 28.009999999999998 
281 473 23.009999999999998 
281 496 40.01 
497 8 794.01 
497 254 803.01 
497 296 696.01 
497 406 809.01 
497 474 798.01 
497 478 797.01 
7 8 43.01 
7 171 24.009999999999998 
7 298 27.009999999999998 
7 449 33.01 
7 480 36.01 
7 485 29.009999999999998 
7 492 31.009999999999998 
8 99 161.01 
8 181 158.01 
8 302 155.01 
8 382 148.01 
8 385 162.01 
8 456 157.01 
8 497 24.009999999999998 
171 75 42.01 
171 81 53.01 
171 203 57.01 
171 389 46.01 
171 416 59.01 
171 498 48.01 
298 230 98.00999999999999 
298 312 95.00999999999999 
298 336 112.00999999999999 
298 447 91.00999999999999 
298 461 81.00999999999999 
298 483 84.00999999999999 
449 12 115.00999999999999 
449 195 143.01 
449 371 126.00999999999999 
449 440 138.01 
449 487 121.00999999999999 
449 495 120.00999999999999 
480 5 566.01 
480 85 536.01 
480 256 554.01 
480 353 541.01 
480 493 567.01 
480 498 558.01 
485 308 720.01 
485 403 745.01 
485 406 719.01 
485 430 766.01 
485 461 790.01 
485 467 739.01 
492 41 468.01 
492 162 494.01 
492 270 497.01 
492 457 521.01 
492 490 465.01 
492 499 478.01 
99 5 47.01 
99 143 38.01 
99 189 36.01 
99 279 37.01 
99 344 38.01 
99 473 38.01 
99 498 41.01 
181 110 67.00999999999999 
181 391 50.01 
181 460 41.01 
181 464 52.01 
181 480 47.01 
181 498 43.01 
302 108 78.00999999999999 
302 156 74.00999999999999 
302 268 78.00999999999999 
302 350 84.00999999999999 
302 477 62.01 
302 493 88.00999999999999 
382 54 97.00999999999999 
382 184 71.00999999999999 
382 210 66.00999999999999 
382 258 103.00999999999999 
382 468 86.00999999999999 
382 479 103.00999999999999 
385 260 112.00999999999999 
385 320 122.00999999999999 
385 326 116.00999999999999 
385 332 134.01 
385 378 114.00999999999999 
385 390 125.00999999999999 
456 97 288.01 
456 137 249.01 
456 145 305.01 
456 374 283.01 
456 446 278.01 
456 483 268.01 
9 121 107.00999999999999 
9 442 87.00999999999999 
9 459 107.00999999999999 
9 460 120.00999999999999 
9 466 96.00999999999999 
9 475 106.00999999999999 
9 478 31.009999999999998 
121 15 61.01 
121 51 62.01 
121 206 69.00999999999999 
121 259 63.01 
121 471 73.00999999999999 
121 484 72.00999999999999 
121 488 86.00999999999999 
442 39 158.01 
442 271 190.01 
442 386 177.01 
442 431 154.01 
442 486 182.01 
442 496 161.01 
459 49 228.01 
459 178 204.01 
459 320 234.01 
459 413 197.01 
459 426 191.01 
459 431 194.01 
460 272 255.01 
460 412 283.01 
460 476 273.01 
460 488 229.01 
460 490 240.01 
460 498 269.01 
466 51 380.01 
466 137 452.01 
466 207 424.01 
466 401 410.01 
466 468 391.01 
466 496 318.01 
475 231 294.01 
475 327 294.01 
475 419 296.01 
475 439 313.01 
475 463 291.01 
475 473 329.01 
10 217 32.01 
10 248 41.01 
10 344 32.01 
10 404 30.009999999999998 
10 416 27.009999999999998 
10 481 43.01 
10 497 37.01 
217 248 93.00999999999999 
217 348 78.00999999999999 
217 460 86.00999999999999 
217 474 78.00999999999999 
217 495 92.00999999999999 
217 498 85.00999999999999 
248 17 78.00999999999999 
248 105 73.00999999999999 
248 225 67.00999999999999 
248 360 81.00999999999999 
248 411 72.00999999999999 
248 450 62.01 
344 332 58.01 
344 361 69.00999999999999 
344 449 65.00999999999999 
344 486 81.00999999999999 
344 489 74.00999999999999 
344 496 50.01 
404 83 94.00999999999999 
404 152 92.00999999999999 
404 191 86.00999999999999 
404 329 80.00999999999999 
404 362 87.00999999999999 
404 448 84.00999999999999 
416 1 76.00999999999999 
416 38 119.00999999999999 
416 54 103.00999999999999 
416 60 117.00999999999999 
416 443 119.00999999999999 
416 476 106.00999999999999 
11 43 22.009999999999998 
11 107 19.009999999999998 
11 119 23.009999999999998 
11 166 17.009999999999998 
11 247 21.009999999999998 
11 343 16.009999999999998 
11 487 19.009999999999998 
43 28 47.01 
43 63 52.01 
43 164 51.01 
43 244 60.01 
43 266 48.01 
43 289 54.01 
43 494 57.01 
107 101 14.01 
107 201 13.01 
107 323 14.01 
107 354 17.009999999999998 
107 443 19.009999999999998 
107 467 20.009999999999998 
107 474 16.009999999999998 
119 10 26.009999999999998 
119 198 31.009999999999998 
119 256 30.009999999999998 
119 361 33.01 
119 412 27.009999999999998 
119 437 24.009999999999998 
119 447 36.01 
166 428 26.009999999999998 
166 438 16.009999999999998 
166 461 35.01 
166 471 21.009999999999998 
166 479 20.009999999999998 
166 485 28.009999999999998 
247 104 41.01 
247 105 41.01 
247 449 43.01 
247 452 43.01 
247 456 55.01 
247 497 54.01 
343 13 93.00999999999999 
343 228 95.00999999999999 
343 344 72.00999999999999 
343 439 101.00999999999999 
343 472 87.00999999999999 
343 489 89.00999999999999 
487 81 685.01 
487 195 654.01 
487 254 715.01 
487 425 670.01 
487 485 614.01 
487 496 524.01 
12 186 42.01 
12 293 39.01 
12 373 33.01 
12 415 52.01 
12 418 35.01 
12 488 36.01 
12 499 31.009999999999998 
186 96 49.01 
186 297 49.01 
186 306 30.009999999999998 
186 379 44.01 
186 391 38.01 
186 456 36.01 
293 207 58.01 
293 221 69.00999999999999 
293 228 81.00999999999999 
293 264 87.00999999999999 
293 331 64.00999999999999 
293 478 70.00999999999999 
373 83 58.01 
373 125 61.01 
373 147 66.00999999999999 
373 408 59.01 
373 418 71.00999999999999 
373 467 67.00999999999999 
415 123 102.00999999999999 
415 175 86.00999999999999 
415 265 89.00999999999999 
415 452 81.00999999999999 
415 477 106.00999999999999 
415 498 81.00999999999999 
418 178 179.01 
418 216 207.01 
418 343 173.01 
418 345 180.01 
418 366 178.01 
418 410 190.01 
488 275 430.01 
488 328 479.01 
488 424 421.01 
488 465 455.01 
488 469 468.01 
488 495 421.01 
13 2 30.009999999999998 
13 174 39.01 
13 215 28.009999999999998 
13 384 25.009999999999998 
13 422 39.01 
13 473 32.01 
13 477 28.009999999999998 
174 2 42.01 
174 108 46.01 
174 145 42.01 
174 338 38.01 
174 495 46.01 
174 499 37.01 
215 136 42.01 
215 438 42.01 
215 452 42.01 
215 472 29.009999999999998 
215 485 38.01 
215 491 31.009999999999998 
384 238 56.01 
384 308 84.00999999999999 
384 357 66.00999999999999 
384 394 75.00999999999999 
384 402 74.00999999999999 
384 497 76.00999999999999 
422 24 261.01 
422 65 229.01 
422 209 248.01 
422 369 241.01 
422 465 255.01 
422 499 240.01 
477 159 391.01 
477 236 376.01 
477 277 355.01 
477 436 358.01 
477 455 369.01 
477 494 377.01 
14 131 100.00999999999999 
14 209 116.00999999999999 
14 301 112.00999999999999 
14 330 112.00999999999999 
14 406 101.00999999999999 
14 479 106.00999999999999 
14 480 101.00999999999999 
131 80 97.00999999999999 
131 204 91.00999999999999 
131 418 77.00999999999999 
131 428 96.00999999999999 
131 487 96.00999999999999 
131 496 79.00999999999999 
209 68 62.01 
209 331 93.00999999999999 
209 379 92.00999999999999 
209 393 89.00999999999999 
209 399 83.00999999999999 
209 475 72.00999999999999 
301 12 128.01 
301 106 122.00999999999999 
301 230 116.00999999999999 
301 294 113.00999999999999 
301 476 138.01 
301 489 115.00999999999999 
330 227 75.00999999999999 
330 317 79.00999999999999 
330 373 78.00999999999999 
330 418 76.00999999999999 
330 496 66.00999999999999 
330 498 61.01 
406 383 489.01 
406 411 532.01 
406 418 446.01 
406 428 485.01 
406 453 485.01 
406 492 466.01 
479 93 618.01 
479 282 546.01 
479 352 568.01 
479 477 559.01 
479 487 490.01 
479 489 534.01 
15 124 28.009999999999998 
15 142 24.009999999999998 
15 189 19.009999999999998 
15 210 32.01 
15 366 27.009999999999998 
15 465 29.009999999999998 
15 499 29.009999999999998 
124 285 43.01 
124 371 53.01 
124 409 54.01 
124 439 45.01 
124 487 43.01 
124 496 45.01 
124 499 52.01 
142 64 33.01 
142 113 34.01 
142 412 23.009999999999998 
142 425 40.01 
142 451 54.01 
142 498 35.01 
189 63 46.01 
189 185 35.01 
189 429 42.01 
189 462 42.01 
189 478 48.01 
189 481 42.01 
210 356 38.01 
210 382 36.01 
210 420 46.01 
210 435 48.01 
210 452 36.01 
210 497 64.00999999999999 
366 177 86.00999999999999 
366 207 78.00999999999999 
366 370 83.00999999999999 
366 482 106.00999999999999 
366 487 79.00999999999999 
366 498 81.00999999999999 
16 72 48.01 
16 407 40.01 
16 410 32.01 
16 442 45.01 
16 455 36.01 
16 491 42.01 
16 495 46.01 
72 164 53.01 
72 400 47.01 
72 421 45.01 
72 439 51.01 
72 461 16.009999999999998 
72 477 48.01 
72 489 43.01 
407 22 199.01 
407 294 194.01 
407 303 214.01 
407 444 199.01 
407 472 188.01 
407 494 202.01 
410 313 183.01 
410 390 233.01 
410 405 211.01 
410 435 240.01 
410 450 211.01 
410 479 231.01 
455 23 310.01 
455 53 311.01 
455 121 319.01 
455 407 299.01 
455 488 315.01 
455 491 333.01 
491 367 999.01 
491 375 1031.01 
491 423 999.01 
491 468 842.01 
491 469 883.01 
491 476 985.01 
495 4 992.01 
495 175 959.01 
495 387 994.01 
495 452 943.01 
495 491 937.01 
495 498 765.01 
17 42 33.01 
17 165 41.01 
17 239 30.009999999999998 
17 357 30.009999999999998 
17 407 33.01 
17 439 38.01 
17 462 30.009999999999998 
42 101 26.009999999999998 
42 152 45.01 
42 373 41.01 
42 414 49.01 
42 465 36.01 
42 473 29.009999999999998 
42 486 41.01 
165 3 31.009999999999998 
165 23 35.01 
165 73 40.01 
165 378 35.01 
165 421 34.01 
165 438 36.01 
239 159 109.00999999999999 
239 398 102.00999999999999 
239 450 121.00999999999999 
239 451 104.00999999999999 
239 491 93.00999999999999 
239 496 124.00999999999999 
357 311 93.00999999999999 
357 400 77.00999999999999 
357 483 93.00999999999999 
357 487 76.00999999999999 
357 494 87.00999999999999 
357 497 79.00999999999999 
439 61 208.01 
439 289 220.01 
439 391 203.01 
439 464 204.01 
439 490 204.01 
439 493 203.01 
462 77 214.01 
462 102 226.01 
462 343 250.01 
462 410 198.01 
462 454 172.01 
462 486 248.01 
18 53 78.00999999999999 
18 183 70.00999999999999 
18 257 65.00999999999999 
18 285 89.00999999999999 
18 453 73.00999999999999 
18 473 87.00999999999999 
18 499 72.00999999999999 
53 247 75.00999999999999 
53 261 58.01 
53 392 75.00999999999999 
53 451 68.00999999999999 
53 473 61.01 
53 485 67.00999999999999 
53 496 56.01 
183 22 50.01 
183 117 42.01 
183 328 29.009999999999998 
183 407 44.01 
183 468 41.01 
183 497 37.01 
285 62 38.01 
285 420 54.01 
285 423 44.01 
285 471 38.01 
285 492 54.01 
285 497 56.01 
453 29 198.01 
453 40 249.01 
453 396 226.01 
453 431 235.01 
453 493 228.01 
453 494 267.01 
19 315 59.01 
19 388 47.01 
19 401 43.01 
19 448 64.00999999999999 
19 449 68.00999999999999 
19 488 64.00999999999999 
19 492 70.00999999999999 
315 381 54.01 
315 392 56.01 
315 398 60.01 
315 445 51.01 
315 484 63.01 
315 497 63.01 
388 77 78.00999999999999 
388 82 85.00999999999999 
388 294 83.00999999999999 
388 305 80.00999999999999 
388 446 72.00999999999999 
388 494 91.00999999999999 
401 239 290.01 
401 340 297.01 
401 381 276.01 
401 455 287.01 
401 496 292.01 
401 499 103.00999999999999 
448 21 164.01 
448 57 142.01 
448 129 179.01 
448 289 187.01 
448 319 175.01 
448 405 182.01 
20 160 49.01 
20 276 61.01 
20 295 38.01 
20 342 54.01 
20 369 49.01 
20 471 48.01 
20 496 49.01 
160 64 49.01 
160 89 31.009999999999998 
160 220 46.01 
160 284 33.01 
160 494 43.01 
160 499 30.009999999999998 
342 275 174.01 
342 430 197.01 
342 432 170.01 
342 461 157.01 
342 463 183.01 
342 484 170.01 
369 101 88.00999999999999 
369 171 89.00999999999999 
369 345 101.00999999999999 
369 401 84.00999999999999 
369 484 92.00999999999999 
369 495 95.00999999999999 
496 223 823.01 
496 286 763.01 
496 450 844.01 
496 466 741.01 
496 487 597.01 
496 491 751.01 
21 0 37.01 
21 287 48.01 
21 484 43.01 
21 490 42.01 
21 495 38.01 
21 496 37.01 
21 498 42.01 
287 9 41.01 
287 35 34.01 
287 158 25.009999999999998 
287 206 28.009999999999998 
287 381 26.009999999999998 
287 496 23.009999999999998 
484 270 301.01 
484 292 331.01 
484 304 324.01 
484 403 321.01 
484 425 295.01 
484 490 350.01 
22 282 49.01 
22 359 55.01 
22 377 49.01 
22 390 40.01 
22 478 48.01 
22 494 44.01 
22 496 44.01 
282 43 114.00999999999999 
282 223 105.00999999999999 
282 396 97.00999999999999 
282 420 112.00999999999999 
282 440 127.00999999999999 
282 496 109.00999999999999 
359 199 151.01 
359 224 141.01 
359 389 146.01 
359 439 155.01 
359 489 148.01 
359 499 158.01 
377 122 65.00999999999999 
377 197 54.01 
377 204 57.01 
377 384 58.01 
377 435 46.01 
377 451 51.01 
390 266 148.01 
390 311 142.01 
390 414 126.00999999999999 
390 444 127.00999999999999 
390 453 143.01 
390 482 127.00999999999999 
23 85 67.00999999999999 
23 128 59.01 
23 365 67.00999999999999 
23 434 55.01 
23 475 50.01 
23 495 66.00999999999999 
23 499 65.00999999999999 
85 8 128.01 
85 57 117.00999999999999 
85 157 98.00999999999999 
85 349 99.00999999999999 
85 465 93.00999999999999 
85 478 107.00999999999999 
85 490 125.00999999999999 
365 20 107.00999999999999 
365 81 118.00999999999999 
365 165 116.00999999999999 
365 399 66.00999999999999 
365 414 97.00999999999999 
365 496 100.00999999999999 
434 259 119.00999999999999 
434 332 123.00999999999999 
434 347 118.00999999999999 
434 388 130.01 
434 391 128.01 
434 498 124.00999999999999 
24 133 72.00999999999999 
24 233 73.00999999999999 
24 320 60.01 
24 342 61.01 
24 359 64.00999999999999 
24 362 64.00999999999999 
24 465 68.00999999999999 
133 222 39.01 
133 244 47.01 
133 280 39.01 
133 289 41.01 
133 378 43.01 
133 470 30.009999999999998 
233 196 68.00999999999999 
233 327 81.00999999999999 
233 330 76.00999999999999 
233 354 68.00999999999999 
233 414 81.00999999999999 
233 475 79.00999999999999 
320 86 213.01 
320 124 219.01 
320 293 251.01 
320 372 243.01 
320 462 193.01 
320 494 89.00999999999999 
362 56 76.00999999999999 
362 150 72.00999999999999 
362 234 77.00999999999999 
362 339 71.00999999999999 
362 448 59.01 
362 498 64.00999999999999 
25 59 47.01 
25 186 33.01 
25 273 45.01 
25 403 36.01 
25 452 45.01 
25 483 49.01 
25 486 38.01 
59 266 22.009999999999998 
59 300 27.009999999999998 
59 323 24.009999999999998 
59 367 24.009999999999998 
59 455 24.009999999999998 
59 472 34.01 
59 495 22.009999999999998 
452 123 276.01 
452 389 283.01 
452 399 327.01 
452 429 274.01 
452 446 307.01 
452 493 263.01 
483 112 512.01 
483 261 562.01 
483 455 514.01 
483 474 529.01 
483 480 491.01 
483 485 518.01 
486 257 475.01 
486 277 455.01 
486 283 435.01 
486 422 498.01 
486 482 405.01 
486 491 469.01 
36 154 12.01 
36 398 18.009999999999998 
36 427 16.009999999999998 
36 445 14.01 
36 458 9.01 
36 475 14.01 
36 483 12.01 
182 40 72.00999999999999 
182 242 61.01 
182 269 72.00999999999999 
182 386 46.01 
182 453 53.01 
182 473 63.01 
288 218 43.01 
288 339 49.01 
288 384 38.01 
288 454 53.01 
288 495 29.009999999999998 
288 497 46.01 
387 76 233.01 
387 127 221.01 
387 324 235.01 
387 430 251.01 
387 458 236.01 
387 476 209.01 
393 116 80.00999999999999 
393 252 84.00999999999999 
393 415 90.00999999999999 
393 430 76.00999999999999 
393 474 95.00999999999999 
393 498 85.00999999999999 
397 132 108.00999999999999 
397 297 82.00999999999999 
397 448 103.00999999999999 
397 467 103.00999999999999 
397 479 98.00999999999999 
397 495 104.00999999999999 
27 19 53.01 
27 299 44.01 
27 326 44.01 
27 352 60.01 
27 381 45.01 
27 458 55.01 
27 462 50.01 
299 129 63.01 
299 234 48.01 
299 253 61.01 
299 438 58.01 
299 483 55.01 
299 495 71.00999999999999 
326 161 111.00999999999999 
326 210 101.00999999999999 
326 256 108.00999999999999 
326 467 33.01 
326 481 91.00999999999999 
326 497 110.00999999999999 
352 300 188.01 
352 325 186.01 
352 374 185.01 
352 405 178.01 
352 445 200.01 
352 489 224.01 
381 277 131.01 
381 302 150.01 
381 383 137.01 
381 408 171.01 
381 478 135.01 
381 491 157.01 
458 84 253.01 
458 211 252.01 
458 337 288.01 
458 479 239.01 
458 482 251.01 
458 486 246.01 
28 212 17.009999999999998 
28 231 21.009999999999998 
28 318 13.01 
28 369 13.01 
28 415 27.009999999999998 
28 471 7.01 
28 497 16.009999999999998 
212 201 98.00999999999999 
212 205 100.00999999999999 
212 248 92.00999999999999 
212 323 99.00999999999999 
212 417 120.00999999999999 
212 444 98.00999999999999 
231 87 67.00999999999999 
231 247 66.00999999999999 
231 318 64.00999999999999 
231 429 65.00999999999999 
231 466 65.00999999999999 
231 497 72.00999999999999 
318 7 47.01 
318 192 47.01 
318 411 48.01 
318 444 42.01 
318 457 38.01 
318 496 60.01 
113 187 21.009999999999998 
113 200 15.01 
113 446 25.009999999999998 
113 461 22.009999999999998 
113 462 15.01 
113 470 16.009999999999998 
113 497 6.01 
364 201 132.01 
364 312 122.00999999999999 
364 408 151.01 
364 444 118.00999999999999 
364 497 135.01 
364 499 114.00999999999999 
447 164 151.01 
447 365 147.01 
447 435 174.01 
447 462 133.01 
447 474 155.01 
447 486 159.01 
30 14 89.00999999999999 
30 333 101.00999999999999 
30 335 97.00999999999999 
30 351 111.00999999999999 
30 431 96.00999999999999 
30 460 92.00999999999999 
30 464 107.00999999999999 
333 283 45.01 
333 367 35.01 
333 376 46.01 
333 387 39.01 
333 447 49.01 
333 448 49.01 
335 95 238.01 
335 319 191.01 
335 407 242.01 
335 449 211.01 
335 488 192.01 
335 494 68.00999999999999 
351 13 106.00999999999999 
351 157 101.00999999999999 
351 267 137.01 
351 299 109.00999999999999 
351 341 118.00999999999999 
351 385 123.00999999999999 
431 140 156.01 
431 268 165.01 
431 303 182.01 
431 394 176.01 
431 456 166.01 
431 498 188.01 
31 130 27.009999999999998 
31 168 20.009999999999998 
31 180 32.01 
31 251 19.009999999999998 
31 402 9.01 
31 461 34.01 
31 494 22.009999999999998 
130 288 35.01 
130 404 38.01 
130 431 40.01 
130 461 24.009999999999998 
130 481 25.009999999999998 
130 497 34.01 
180 428 121.00999999999999 
180 434 124.00999999999999 
180 481 125.00999999999999 
180 483 123.00999999999999 
180 485 135.01 
180 493 120.00999999999999 
251 279 50.01 
251 300 43.01 
251 316 45.01 
251 460 54.01 
251 464 51.01 
251 480 58.01 
402 31 70.00999999999999 
402 119 68.00999999999999 
402 445 67.00999999999999 
402 448 63.01 
402 488 57.01 
402 498 59.01 
32 215 17.009999999999998 
32 228 11.01 
32 240 15.01 
32 319 5.01 
32 463 13.01 
32 464 11.01 
32 495 8.01 
228 79 29.009999999999998 
228 339 32.01 
228 401 33.01 
228 447 35.01 
228 457 39.01 
228 494 37.01 
240 260 51.01 
240 287 56.01 
240 348 69.00999999999999 
240 403 66.00999999999999 
240 434 52.01 
240 495 61.01 
319 52 134.01 
319 408 101.00999999999999 
319 440 97.00999999999999 
319 441 112.00999999999999 
319 474 121.00999999999999 
319 488 106.00999999999999 
463 80 268.01 
463 134 266.01 
463 141 295.01 
463 208 288.01 
463 424 310.01 
463 494 236.01 
33 196 19.009999999999998 
33 345 20.009999999999998 
33 391 24.009999999999998 
33 476 20.009999999999998 
33 484 18.009999999999998 
33 491 19.009999999999998 
33 495 19.009999999999998 
196 15 21.009999999999998 
196 324 21.009999999999998 
196 356 31.009999999999998 
196 424 21.009999999999998 
196 486 17.009999999999998 
196 492 14.01 
345 68 84.00999999999999 
345 309 72.00999999999999 
345 318 83.00999999999999 
345 457 91.00999999999999 
345 461 76.00999999999999 
345 499 74.00999999999999 
476 271 569.01 
476 295 579.01 
476 378 595.01 
476 392 588.01 
476 396 577.01 
476 483 589.01 
34 66 78.00999999999999 
34 114 83.00999999999999 
34 300 97.00999999999999 
34 396 75.00999999999999 
34 439 74.00999999999999 
34 443 63.01 
34 490 61.01 
66 187 37.01 
66 368 34.01 
66 443 21.009999999999998 
66 471 45.01 
66 483 34.01 
66 486 32.01 
66 498 30.009999999999998 
114 416 31.009999999999998 
114 428 26.009999999999998 
114 460 42.01 
114 473 26.009999999999998 
114 492 23.009999999999998 
114 495 26.009999999999998 
114 498 34.01 
300 33 64.00999999999999 
300 41 65.00999999999999 
300 375 62.01 
300 402 68.00999999999999 
300 482 57.01 
300 493 62.01 
396 18 233.01 
396 43 233.01 
396 407 229.01 
396 482 225.01 
396 483 216.01 
396 498 205.01 
443 108 141.01 
443 455 157.01 
443 456 146.01 
443 459 137.01 
443 471 147.01 
443 494 178.01 
35 21 10.01 
35 237 15.01 
35 278 17.009999999999998 
35 338 12.01 
35 351 10.01 
35 362 9.01 
35 364 15.01 
237 166 58.01 
237 240 63.01 
237 436 62.01 
237 496 51.01 
237 497 60.01 
237 498 47.01 
278 98 72.00999999999999 
278 162 75.00999999999999 
278 336 68.00999999999999 
278 369 76.00999999999999 
278 425 19.009999999999998 
278 498 68.00999999999999 
338 310 46.01 
338 380 51.01 
338 392 45.01 
338 424 49.01 
338 458 47.01 
338 485 49.01 
398 118 106.00999999999999 
398 379 110.00999999999999 
398 402 120.00999999999999 
398 469 102.00999999999999 
398 483 114.00999999999999 
398 499 108.00999999999999 
427 82 161.01 
427 144 148.01 
427 216 144.01 
427 256 167.01 
427 481 167.01 
427 497 138.01 
37 88 25.009999999999998 
37 118 28.009999999999998 
37 302 41.01 
37 397 26.009999999999998 
37 441 37.01 
37 482 32.01 
37 484 36.01 
118 32 20.009999999999998 
118 90 31.009999999999998 
118 190 25.009999999999998 
118 300 23.009999999999998 
118 306 25.009999999999998 
118 360 22.009999999999998 
118 454 32.01 
441 67 160.01 
441 246 125.00999999999999 
441 348 145.01 
441 425 144.01 
441 446 157.01 
441 482 150.01 
38 214 72.00999999999999 
38 304 72.00999999999999 
38 347 80.00999999999999 
38 412 58.01 
38 467 61.01 
38 493 54.01 
38 498 73.00999999999999 
214 10 178.01 
214 232 181.01 
214 263 178.01 
214 409 181.01 
214 456 171.01 
214 489 178.01 
347 93 113.00999999999999 
347 136 103.00999999999999 
347 292 105.00999999999999 
347 397 113.00999999999999 
347 476 100.00999999999999 
347 498 90.00999999999999 
412 37 114.00999999999999 
412 350 153.01 
412 441 119.00999999999999 
412 442 151.01 
412 480 146.01 
412 490 125.00999999999999 
467 78 324.01 
467 326 265.01 
467 436 280.01 
467 442 299.01 
467 490 280.01 
467 491 261.01 
39 29 66.00999999999999 
39 83 62.01 
39 125 45.01 
39 384 61.01 
39 398 51.01 
39 400 52.01 
39 464 53.01 
83 75 28.009999999999998 
83 169 26.009999999999998 
83 243 26.009999999999998 
83 380 35.01 
83 423 41.01 
83 475 33.01 
83 497 25.009999999999998 
125 35 15.01 
125 258 14.01 
125 309 19.009999999999998 
125 392 12.01 
125 405 27.009999999999998 
125 478 16.009999999999998 
125 496 25.009999999999998 
400 217 204.01 
400 327 206.01 
400 409 210.01 
400 444 204.01 
400 452 182.01 
400 491 182.01 
40 86 52.01 
40 103 48.01 
40 226 58.01 
40 349 49.01 
40 386 52.01 
40 440 41.01 
40 471 52.01 
86 11 52.01 
86 430 49.01 
86 453 65.00999999999999 
86 470 54.01 
86 478 56.01 
86 494 83.00999999999999 
86 497 47.01 
103 217 131.01 
103 383 133.01 
103 389 145.01 
103 485 152.01 
103 490 140.01 
103 497 109.00999999999999 
103 498 135.01 
226 98 48.01 
226 333 46.01 
226 340 28.009999999999998 
226 370 43.01 
226 420 40.01 
226 476 35.01 
349 53 71.00999999999999 
349 176 67.00999999999999 
349 288 80.00999999999999 
349 465 92.00999999999999 
349 466 60.01 
349 496 73.00999999999999 
386 274 93.00999999999999 
386 406 104.00999999999999 
386 426 67.00999999999999 
386 473 78.00999999999999 
386 477 66.00999999999999 
386 484 78.00999999999999 
440 54 179.01 
440 73 190.01 
440 305 190.01 
440 375 204.01 
440 465 206.01 
440 486 197.01 
41 190 110.00999999999999 
41 285 112.00999999999999 
41 334 95.00999999999999 
41 376 102.00999999999999 
41 456 81.00999999999999 
41 487 85.00999999999999 
41 497 83.00999999999999 
190 28 58.01 
190 58 69.00999999999999 
190 266 63.01 
190 301 70.00999999999999 
190 415 74.00999999999999 
190 473 23.009999999999998 
376 229 83.00999999999999 
376 246 61.01 
376 291 74.00999999999999 
376 350 83.00999999999999 
376 395 54.01 
376 444 53.01 
101 173 15.01 
101 227 20.009999999999998 
101 339 23.009999999999998 
101 426 16.009999999999998 
101 458 16.009999999999998 
101 466 15.01 
101 482 23.009999999999998 
152 333 39.01 
152 429 37.01 
152 438 48.01 
152 468 55.01 
152 498 38.01 
152 499 36.01 
414 179 269.01 
414 212 316.01 
414 428 286.01 
414 487 302.01 
414 490 284.01 
414 493 293.01 
63 68 30.009999999999998 
63 212 26.009999999999998 
63 274 22.009999999999998 
63 376 31.009999999999998 
63 423 24.009999999999998 
63 480 26.009999999999998 
63 494 33.01 
164 179 56.01 
164 259 42.01 
164 351 33.01 
164 472 37.01 
164 479 48.01 
164 499 39.01 
244 11 59.01 
244 111 54.01 
244 307 77.00999999999999 
244 363 52.01 
244 379 58.01 
244 497 54.01 
266 32 42.01 
266 50 41.01 
266 232 52.01 
266 388 49.01 
266 472 49.01 
266 492 48.01 
289 221 75.00999999999999 
289 238 82.00999999999999 
289 404 93.00999999999999 
289 438 90.00999999999999 
289 466 84.00999999999999 
289 475 78.00999999999999 
44 3 16.009999999999998 
44 421 27.009999999999998 
44 450 25.009999999999998 
44 462 28.009999999999998 
44 467 27.009999999999998 
44 485 23.009999999999998 
44 498 26.009999999999998 
421 208 139.01 
421 372 171.01 
421 406 171.01 
421 408 167.01 
421 495 153.01 
421 498 136.01 
450 131 329.01 
450 182 307.01 
450 359 308.01 
450 364 306.01 
450 458 319.01 
450 466 334.01 
45 25 105.00999999999999 
45 181 94.00999999999999 
45 222 97.00999999999999 
45 372 101.00999999999999 
45 463 100.00999999999999 
45 475 103.00999999999999 
45 496 80.00999999999999 
222 138 37.01 
222 213 44.01 
222 216 46.01 
222 311 41.01 
222 485 41.01 
222 491 38.01 
46 354 58.01 
46 377 55.01 
46 383 59.01 
46 453 57.01 
46 456 58.01 
46 491 56.01 
46 496 65.00999999999999 
383 9 242.01 
383 301 237.01 
383 350 249.01 
383 440 238.01 
383 456 245.01 
383 478 207.01 
47 417 44.01 
47 418 62.01 
47 453 76.00999999999999 
47 458 52.01 
47 465 18.009999999999998 
47 470 72.00999999999999 
47 491 73.00999999999999 
417 95 146.01 
417 202 161.01 
417 291 158.01 
417 450 175.01 
417 489 172.01 
417 499 176.01 
470 117 171.01 
470 189 200.01 
470 312 161.01 
470 457 158.01 
470 468 179.01 
470 479 187.01 
48 26 78.00999999999999 
48 265 76.00999999999999 
48 303 78.00999999999999 
48 305 92.00999999999999 
48 308 79.00999999999999 
48 344 80.00999999999999 
48 433 71.00999999999999 
265 269 50.01 
265 295 52.01 
265 429 41.01 
265 431 43.01 
265 472 51.01 
265 496 39.01 
303 359 118.00999999999999 
303 390 116.00999999999999 
303 416 136.01 
303 432 117.00999999999999 
303 483 131.01 
303 491 129.01 
305 144 83.00999999999999 
305 155 103.00999999999999 
305 335 96.00999999999999 
305 413 80.00999999999999 
305 478 77.00999999999999 
305 497 106.00999999999999 
308 100 200.01 
308 368 243.01 
308 480 218.01 
308 489 182.01 
308 493 226.01 
308 494 195.01 
433 27 129.01 
433 219 132.01 
433 234 127.00999999999999 
433 388 124.00999999999999 
433 423 117.00999999999999 
433 462 128.01 
49 139 70.00999999999999 
49 280 63.01 
49 325 65.00999999999999 
49 353 76.00999999999999 
49 385 79.00999999999999 
49 451 76.00999999999999 
49 464 68.00999999999999 
139 4 23.009999999999998 
139 32 18.009999999999998 
139 272 18.009999999999998 
139 349 24.009999999999998 
139 393 26.009999999999998 
139 490 13.01 
280 94 181.01 
280 262 173.01 
280 412 194.01 
280 447 186.01 
280 470 177.01 
280 472 168.01 
325 26 54.01 
325 187 76.00999999999999 
325 461 73.00999999999999 
325 472 70.00999999999999 
325 479 83.00999999999999 
325 495 60.01 
451 219 162.01 
451 290 165.01 
451 368 168.01 
451 441 181.01 
451 490 166.01 
451 494 189.01 
50 71 29.009999999999998 
50 278 32.01 
50 306 32.01 
50 391 27.009999999999998 
50 482 39.01 
50 486 36.01 
50 499 43.01 
71 93 11.01 
71 115 11.01 
71 116 19.009999999999998 
71 243 16.009999999999998 
71 317 12.01 
71 338 9.01 
71 497 11.01 
306 249 62.01 
306 251 67.00999999999999 
306 283 67.00999999999999 
306 284 71.00999999999999 
306 435 74.00999999999999 
306 494 57.01 
51 162 88.00999999999999 
51 366 86.00999999999999 
51 466 21.009999999999998 
51 484 85.00999999999999 
51 488 105.00999999999999 
51 492 91.00999999999999 
51 499 86.00999999999999 
162 144 97.00999999999999 
162 193 111.00999999999999 
162 431 122.00999999999999 
162 493 117.00999999999999 
162 498 110.00999999999999 
162 499 100.00999999999999 
52 152 116.00999999999999 
52 193 117.00999999999999 
52 249 113.00999999999999 
52 413 102.00999999999999 
52 425 98.00999999999999 
52 488 95.00999999999999 
52 499 110.00999999999999 
193 170 45.01 
193 262 48.01 
193 366 43.01 
193 424 53.01 
193 459 50.01 
193 497 43.01 
249 76 57.01 
249 376 63.01 
249 429 67.00999999999999 
249 483 51.01 
249 492 58.01 
249 497 62.01 
425 75 273.01 
425 278 270.01 
425 359 290.01 
425 405 250.01 
425 443 237.01 
425 445 260.01 
261 334 216.01 
261 436 197.01 
261 450 198.01 
261 482 208.01 
261 494 198.01 
261 497 250.01 
392 299 136.01 
392 306 170.01 
392 400 172.01 
392 481 158.01 
392 487 121.00999999999999 
392 498 136.01 
54 56 71.00999999999999 
54 167 50.01 
54 328 50.01 
54 343 53.01 
54 364 53.01 
54 430 53.01 
54 455 49.01 
56 6 53.01 
56 31 60.01 
56 265 52.01 
56 341 53.01 
56 389 64.00999999999999 
56 456 61.01 
56 486 50.01 
167 12 25.009999999999998 
167 311 34.01 
167 377 29.009999999999998 
167 437 29.009999999999998 
167 492 24.009999999999998 
167 499 38.01 
328 51 120.00999999999999 
328 62 118.00999999999999 
328 354 109.00999999999999 
328 427 116.00999999999999 
328 476 120.00999999999999 
328 497 117.00999999999999 
430 14 487.01 
430 227 489.01 
430 460 467.01 
430 480 480.01 
430 493 488.01 
430 495 502.01 
55 138 43.01 
55 245 46.01 
55 369 48.01 
55 433 47.01 
55 434 41.01 
55 482 58.01 
55 499 57.01 
138 315 21.009999999999998 
138 322 27.009999999999998 
138 367 26.009999999999998 
138 402 19.009999999999998 
138 492 19.009999999999998 
138 499 15.01 
341 147 116.00999999999999 
341 374 146.01 
341 382 136.01 
341 433 117.00999999999999 
341 465 143.01 
341 472 77.00999999999999 
389 372 123.00999999999999 
389 469 134.01 
389 479 133.01 
389 490 129.01 
389 497 134.01 
389 498 150.01 
57 30 47.01 
57 140 37.01 
57 198 48.01 
57 286 39.01 
57 350 60.01 
57 375 56.01 
57 476 49.01 
140 115 54.01 
140 120 40.01 
140 386 41.01 
140 419 41.01 
140 433 42.01 
140 499 36.01 
198 299 24.009999999999998 
198 321 15.01 
198 361 23.009999999999998 
198 375 18.009999999999998 
198 454 24.009999999999998 
198 488 24.009999999999998 
286 89 318.01 
286 205 296.01 
286 381 316.01 
286 446 306.01 
286 489 302.01 
286 495 297.01 
350 116 122.00999999999999 
350 141 121.00999999999999 
350 337 112.00999999999999 
350 493 126.00999999999999 
350 495 113.00999999999999 
350 498 108.00999999999999 
58 146 33.01 
58 245 34.01 
58 404 16.009999999999998 
58 426 34.01 
58 435 25.009999999999998 
58 463 21.009999999999998 
58 499 26.009999999999998 
146 23 84.00999999999999 
146 241 76.00999999999999 
146 347 70.00999999999999 
146 370 70.00999999999999 
146 442 97.00999999999999 
146 482 99.00999999999999 
426 248 207.01 
426 331 183.01 
426 437 180.01 
426 452 192.01 
426 457 191.01 
426 479 191.01 
435 27 143.01 
435 255 130.01 
435 291 134.01 
435 378 139.01 
435 458 142.01 
435 477 123.00999999999999 
323 58 43.01 
323 198 39.01 
323 200 44.01 
323 331 32.01 
323 396 52.01 
323 457 40.01 
367 18 227.01 
367 274 230.01 
367 355 254.01 
367 440 254.01 
367 472 192.01 
367 475 213.01 
472 146 308.01 
472 327 293.01 
472 341 314.01 
472 367 256.01 
472 432 285.01 
472 480 312.01 
60 123 52.01 
60 292 54.01 
60 402 46.01 
60 435 48.01 
60 457 50.01 
60 470 62.01 
60 489 57.01 
123 19 55.01 
123 178 70.00999999999999 
123 230 64.00999999999999 
123 286 60.01 
123 419 68.00999999999999 
123 484 54.01 
123 493 59.01 
292 224 197.01 
292 341 193.01 
292 420 204.01 
292 463 177.01 
292 483 201.01 
292 491 186.01 
457 194 287.01 
457 321 257.01 
457 378 265.01 
457 418 292.01 
457 466 268.01 
457 499 258.01 
489 110 725.01 
489 292 645.01 
489 294 658.01 
489 476 671.01 
489 477 629.01 
489 497 643.01 
61 140 61.01 
61 167 76.00999999999999 
61 340 59.01 
61 342 48.01 
61 443 47.01 
61 482 55.01 
61 495 49.01 
340 24 89.00999999999999 
340 197 97.00999999999999 
340 226 73.00999999999999 
340 338 90.00999999999999 
340 487 78.00999999999999 
340 497 76.00999999999999 
62 10 38.01 
62 33 32.01 
62 305 29.009999999999998 
62 328 8.01 
62 384 32.01 
62 444 23.009999999999998 
62 481 37.01 
444 192 146.01 
444 352 164.01 
444 385 209.01 
444 453 203.01 
444 466 169.01 
444 484 163.01 
68 6 26.009999999999998 
68 235 28.009999999999998 
68 324 20.009999999999998 
68 337 24.009999999999998 
68 405 22.009999999999998 
68 452 28.009999999999998 
68 490 28.009999999999998 
423 69 243.01 
423 153 222.01 
423 348 252.01 
423 432 233.01 
423 454 227.01 
423 458 235.01 
64 182 32.01 
64 219 30.009999999999998 
64 315 32.01 
64 324 34.01 
64 357 36.01 
64 497 39.01 
64 498 34.01 
219 47 69.00999999999999 
219 350 73.00999999999999 
219 352 61.01 
219 448 68.00999999999999 
219 463 66.00999999999999 
219 489 69.00999999999999 
324 449 97.00999999999999 
324 462 88.00999999999999 
324 483 85.00999999999999 
324 488 104.00999999999999 
324 496 97.00999999999999 
324 499 93.00999999999999 
65 20 57.01 
65 168 57.01 
65 263 57.01 
65 442 59.01 
65 443 67.00999999999999 
65 492 53.01 
65 497 67.00999999999999 
263 50 61.01 
263 267 66.00999999999999 
263 448 54.01 
263 451 65.00999999999999 
263 460 65.00999999999999 
263 497 74.00999999999999 
187 92 23.009999999999998 
187 390 19.009999999999998 
187 417 18.009999999999998 
187 435 31.009999999999998 
187 450 16.009999999999998 
187 459 27.009999999999998 
368 24 112.00999999999999 
368 142 134.01 
368 386 104.00999999999999 
368 439 128.01 
368 471 102.00999999999999 
368 498 105.00999999999999 
67 55 77.00999999999999 
67 104 56.01 
67 185 74.00999999999999 
67 262 77.00999999999999 
67 400 83.00999999999999 
67 437 85.00999999999999 
67 499 70.00999999999999 
104 6 15.01 
104 180 19.009999999999998 
104 388 19.009999999999998 
104 476 22.009999999999998 
104 477 21.009999999999998 
104 486 21.009999999999998 
104 494 27.009999999999998 
185 314 64.00999999999999 
185 347 73.00999999999999 
185 419 59.01 
185 436 65.00999999999999 
185 474 66.00999999999999 
185 495 67.00999999999999 
262 45 57.01 
262 96 64.00999999999999 
262 142 61.01 
262 279 57.01 
262 399 71.00999999999999 
262 459 68.00999999999999 
437 203 164.01 
437 247 115.00999999999999 
437 423 142.01 
437 488 143.01 
437 493 133.01 
437 496 176.01 
235 39 114.00999999999999 
235 233 116.00999999999999 
235 250 100.00999999999999 
235 442 106.00999999999999 
235 454 109.00999999999999 
235 491 159.01 
337 79 94.00999999999999 
337 111 90.00999999999999 
337 188 84.00999999999999 
337 243 80.00999999999999 
337 433 84.00999999999999 
337 437 90.00999999999999 
405 103 177.01 
405 172 180.01 
405 242 171.01 
405 313 172.01 
405 486 181.01 
405 499 169.01 
69 18 74.00999999999999 
69 310 62.01 
69 356 60.01 
69 417 44.01 
69 465 59.01 
69 486 62.01 
69 492 54.01 
310 4 71.00999999999999 
310 60 63.01 
310 143 64.00999999999999 
310 232 63.01 
310 442 70.00999999999999 
310 496 64.00999999999999 
356 48 60.01 
356 155 62.01 
356 165 54.01 
356 268 68.00999999999999 
356 481 78.00999999999999 
356 483 80.00999999999999 
70 345 41.01 
70 401 27.009999999999998 
70 428 38.01 
70 432 39.01 
70 474 28.009999999999998 
70 488 41.01 
70 498 40.01 
428 170 199.01 
428 171 192.01 
428 336 184.01 
428 372 183.01 
428 434 179.01 
428 495 193.01 
474 34 496.01 
474 45 506.01 
474 173 543.01 
474 211 478.01 
474 261 548.01 
474 499 512.01 
93 130 96.00999999999999 
93 284 118.00999999999999 
93 336 109.00999999999999 
93 417 101.00999999999999 
93 470 115.00999999999999 
93 488 100.00999999999999 
93 497 103.00999999999999 
115 102 15.01 
115 213 21.009999999999998 
115 252 14.01 
115 427 17.009999999999998 
115 492 23.009999999999998 
115 493 20.009999999999998 
115 497 18.009999999999998 
116 348 34.01 
116 362 36.01 
116 412 34.01 
116 416 35.01 
116 489 29.009999999999998 
116 492 31.009999999999998 
116 498 22.009999999999998 
243 221 37.01 
243 285 40.01 
243 365 29.009999999999998 
243 366 52.01 
243 471 58.01 
243 497 51.01 
317 113 53.01 
317 154 58.01 
317 307 51.01 
317 388 46.01 
317 409 64.00999999999999 
317 459 52.01 
73 107 41.01 
73 135 43.01 
73 196 38.01 
73 223 34.01 
73 404 41.01 
73 434 39.01 
73 449 47.01 
135 198 10.01 
135 337 18.009999999999998 
135 402 18.009999999999998 
135 423 15.01 
135 453 10.01 
135 470 20.009999999999998 
223 151 171.01 
223 315 180.01 
223 420 168.01 
223 437 184.01 
223 492 150.01 
223 499 170.01 
74 172 20.009999999999998 
74 252 14.01 
74 307 24.009999999999998 
74 343 17.009999999999998 
74 386 21.009999999999998 
74 484 20.009999999999998 
74 489 17.009999999999998 
172 232 34.01 
172 279 43.01 
172 421 61.01 
172 441 44.01 
172 451 52.01 
172 471 41.01 
252 258 37.01 
252 382 26.009999999999998 
252 423 30.009999999999998 
252 441 35.01 
252 478 38.01 
252 484 31.009999999999998 
307 67 89.00999999999999 
307 158 86.00999999999999 
307 353 82.00999999999999 
307 462 86.00999999999999 
307 470 79.00999999999999 
307 479 99.00999999999999 
75 203 49.01 
75 218 51.01 
75 227 52.01 
75 302 42.01 
75 371 50.01 
75 468 48.01 
75 493 51.01 
203 38 69.00999999999999 
203 265 59.01 
203 413 55.01 
203 434 58.01 
203 465 62.01 
203 469 59.01 
218 11 26.009999999999998 
218 276 35.01 
218 292 23.009999999999998 
218 316 37.01 
218 357 21.009999999999998 
218 476 34.01 
227 70 104.00999999999999 
227 345 110.00999999999999 
227 460 110.00999999999999 
227 492 99.00999999999999 
227 493 97.00999999999999 
227 498 116.00999999999999 
371 447 71.00999999999999 
371 449 32.01 
371 454 78.00999999999999 
371 486 63.01 
371 494 54.01 
371 499 51.01 
468 410 489.01 
468 429 507.01 
468 474 500.01 
468 491 363.01 
468 492 517.01 
468 498 488.01 
76 126 43.01 
76 468 49.01 
76 469 49.01 
76 487 42.01 
76 489 42.01 
76 492 48.01 
76 499 38.01 
126 77 31.009999999999998 
126 384 25.009999999999998 
126 457 24.009999999999998 
126 479 28.009999999999998 
126 485 22.009999999999998 
126 487 21.009999999999998 
126 499 16.009999999999998 
469 87 476.01 
469 235 517.01 
469 383 443.01 
469 417 498.01 
469 422 468.01 
469 491 303.01 
77 229 52.01 
77 340 43.01 
77 380 47.01 
77 382 57.01 
77 395 57.01 
77 492 35.01 
77 499 32.01 
229 120 54.01 
229 197 45.01 
229 309 54.01 
229 394 43.01 
229 418 48.01 
229 499 42.01 
395 376 95.00999999999999 
395 493 101.00999999999999 
395 494 86.00999999999999 
395 496 95.00999999999999 
395 498 105.00999999999999 
395 499 84.00999999999999 
78 134 67.00999999999999 
78 176 67.00999999999999 
78 322 72.00999999999999 
78 349 54.01 
78 353 63.01 
78 480 72.00999999999999 
78 490 77.00999999999999 
134 66 93.00999999999999 
134 172 75.00999999999999 
134 249 102.00999999999999 
134 311 107.00999999999999 
134 432 99.00999999999999 
134 457 79.00999999999999 
176 193 54.01 
176 267 58.01 
176 403 47.01 
176 414 47.01 
176 422 44.01 
176 480 54.01 
322 105 54.01 
322 263 61.01 
322 278 59.01 
322 481 55.01 
322 484 55.01 
322 491 51.01 
79 228 18.009999999999998 
79 297 32.01 
79 322 18.009999999999998 
79 385 11.01 
79 483 23.009999999999998 
79 493 24.009999999999998 
79 496 14.01 
297 91 87.00999999999999 
297 210 69.00999999999999 
297 317 76.00999999999999 
297 485 68.00999999999999 
297 494 66.00999999999999 
297 497 77.00999999999999 
80 136 66.00999999999999 
80 281 59.01 
80 378 56.01 
80 383 88.00999999999999 
80 433 56.01 
80 462 58.01 
80 484 73.00999999999999 
136 40 31.009999999999998 
136 95 32.01 
136 448 32.01 
136 453 41.01 
136 470 40.01 
136 486 35.01 
378 1 209.01 
378 92 201.01 
378 220 193.01 
378 329 202.01 
378 443 204.01 
378 468 238.01 
81 215 120.00999999999999 
81 240 113.00999999999999 
81 328 134.01 
81 399 111.00999999999999 
81 454 127.00999999999999 
81 495 113.00999999999999 
81 499 138.01 
399 202 157.01 
399 321 161.01 
399 330 174.01 
399 365 177.01 
399 496 170.01 
399 499 165.01 
454 246 311.01 
454 308 312.01 
454 398 309.01 
454 421 321.01 
454 462 274.01 
454 496 306.01 
82 213 44.01 
82 222 34.01 
82 295 46.01 
82 330 40.01 
82 436 37.01 
82 451 40.01 
82 481 37.01 
213 25 19.009999999999998 
213 183 21.009999999999998 
213 293 24.009999999999998 
213 346 23.009999999999998 
213 367 30.009999999999998 
213 428 21.009999999999998 
169 125 22.009999999999998 
169 343 28.009999999999998 
169 401 21.009999999999998 
169 473 16.009999999999998 
169 477 37.01 
169 481 29.009999999999998 
84 46 56.01 
84 371 52.01 
84 440 40.01 
84 449 60.01 
84 474 72.00999999999999 
84 484 53.01 
84 495 57.01 
157 204 48.01 
157 254 27.009999999999998 
157 255 44.01 
157 270 33.01 
157 312 44.01 
157 370 47.01 
87 16 75.00999999999999 
87 99 82.00999999999999 
87 169 79.00999999999999 
87 223 61.01 
87 261 99.00999999999999 
87 441 94.00999999999999 
87 481 81.00999999999999 
89 84 60.01 
89 98 53.01 
89 199 55.01 
89 229 57.01 
89 469 64.00999999999999 
89 475 47.01 
89 494 60.01 
98 112 25.009999999999998 
98 139 24.009999999999998 
98 231 25.009999999999998 
98 233 28.009999999999998 
98 282 25.009999999999998 
98 356 26.009999999999998 
98 488 20.009999999999998 
199 0 71.00999999999999 
199 66 62.01 
199 373 62.01 
199 463 73.00999999999999 
199 488 82.00999999999999 
199 495 66.00999999999999 
90 443 29.009999999999998 
90 452 33.01 
90 454 28.009999999999998 
90 455 19.009999999999998 
90 481 26.009999999999998 
90 489 30.009999999999998 
90 496 39.01 
91 169 48.01 
91 357 48.01 
91 403 50.01 
91 435 49.01 
91 445 67.00999999999999 
91 447 52.01 
91 491 58.01 
92 111 43.01 
92 133 32.01 
92 218 35.01 
92 314 37.01 
92 387 35.01 
92 410 36.01 
92 464 39.01 
111 69 35.01 
111 99 32.01 
111 325 19.009999999999998 
111 453 30.009999999999998 
111 455 22.009999999999998 
111 458 28.009999999999998 
111 459 21.009999999999998 
314 194 187.01 
314 224 198.01 
314 370 181.01 
314 384 192.01 
314 436 188.01 
314 475 180.01 
284 156 152.01 
284 373 152.01 
284 448 172.01 
284 472 152.01 
284 490 177.01 
284 497 159.01 
336 316 77.00999999999999 
336 318 91.00999999999999 
336 347 99.00999999999999 
336 363 70.00999999999999 
336 410 88.00999999999999 
336 421 83.00999999999999 
94 114 54.01 
94 336 35.01 
94 353 59.01 
94 422 53.01 
94 441 48.01 
94 446 46.01 
94 458 59.01 
446 173 305.01 
446 313 334.01 
446 355 299.01 
446 424 287.01 
446 451 324.01 
446 482 327.01 
95 42 54.01 
95 167 53.01 
95 215 59.01 
95 251 57.01 
95 388 74.00999999999999 
95 467 56.01 
95 493 63.01 
96 74 19.009999999999998 
96 135 25.009999999999998 
96 150 23.009999999999998 
96 161 31.009999999999998 
96 287 26.009999999999998 
96 480 31.009999999999998 
96 489 30.009999999999998 
150 74 21.009999999999998 
150 321 24.009999999999998 
150 405 17.009999999999998 
150 422 26.009999999999998 
150 460 30.009999999999998 
150 461 28.009999999999998 
161 236 77.00999999999999 
161 382 65.00999999999999 
161 438 71.00999999999999 
161 480 43.01 
161 489 46.01 
161 496 65.00999999999999 
97 305 154.01 
97 358 110.00999999999999 
97 366 127.00999999999999 
97 404 116.00999999999999 
97 406 124.00999999999999 
97 458 132.01 
97 480 126.00999999999999 
358 225 262.01 
358 324 254.01 
358 351 230.01 
358 419 233.01 
358 427 250.01 
358 456 274.01 
112 100 114.00999999999999 
112 237 82.00999999999999 
112 257 71.00999999999999 
112 325 88.00999999999999 
112 441 80.00999999999999 
112 462 88.00999999999999 
112 463 75.00999999999999 
143 159 33.01 
143 290 55.01 
143 333 49.01 
143 374 52.01 
143 386 45.01 
143 473 45.01 
279 82 32.01 
279 160 35.01 
279 411 29.009999999999998 
279 481 25.009999999999998 
279 490 32.01 
279 497 34.01 
100 90 81.00999999999999 
100 174 64.00999999999999 
100 188 62.01 
100 467 68.00999999999999 
100 495 74.00999999999999 
100 498 58.01 
100 499 55.01 
188 59 68.00999999999999 
188 114 71.00999999999999 
188 397 60.01 
188 490 68.00999999999999 
188 493 65.00999999999999 
188 498 57.01 
173 0 158.01 
173 50 136.01 
173 271 128.01 
173 277 129.01 
173 393 158.01 
173 426 154.01 
339 104 47.01 
339 270 56.01 
339 385 49.01 
339 429 55.01 
339 476 49.01 
339 493 39.01 
102 88 48.01 
102 226 42.01 
102 316 33.01 
102 349 55.01 
102 382 58.01 
102 427 47.01 
102 455 53.01 
316 253 40.01 
316 267 29.009999999999998 
316 398 31.009999999999998 
316 467 41.01 
316 474 47.01 
316 477 39.01 
105 34 16.009999999999998 
105 36 25.009999999999998 
105 371 17.009999999999998 
105 415 32.01 
105 437 29.009999999999998 
105 465 21.009999999999998 
105 498 28.009999999999998 
106 355 46.01 
106 449 40.01 
106 466 55.01 
106 470 38.01 
106 492 33.01 
106 496 49.01 
106 499 40.01 
355 128 131.01 
355 147 146.01 
355 297 124.00999999999999 
355 370 116.00999999999999 
355 424 134.01 
355 482 140.01 
201 17 79.00999999999999 
201 84 77.00999999999999 
201 175 63.01 
201 471 49.01 
201 495 68.00999999999999 
201 499 72.00999999999999 
108 31 33.01 
108 87 28.009999999999998 
108 170 36.01 
108 184 47.01 
108 424 46.01 
108 438 45.01 
108 459 30.009999999999998 
170 65 56.01 
170 177 37.01 
170 208 49.01 
170 218 47.01 
170 244 43.01 
170 360 48.01 
184 61 39.01 
184 73 53.01 
184 327 46.01 
184 344 61.01 
184 427 48.01 
184 499 44.01 
424 48 421.01 
424 216 448.01 
424 358 421.01 
424 419 430.01 
424 495 439.01 
424 497 390.01 
438 166 71.00999999999999 
438 262 80.00999999999999 
438 304 84.00999999999999 
438 471 94.00999999999999 
438 489 106.00999999999999 
438 491 89.00999999999999 
109 92 33.01 
109 149 45.01 
109 282 44.01 
109 355 44.01 
109 381 30.009999999999998 
109 393 25.009999999999998 
109 496 36.01 
149 120 42.01 
149 148 25.009999999999998 
149 156 43.01 
149 452 33.01 
149 469 25.009999999999998 
149 477 40.01 
110 396 135.01 
110 451 102.00999999999999 
110 457 129.01 
110 474 128.01 
110 477 121.00999999999999 
110 479 147.01 
110 480 113.00999999999999 
200 153 60.01 
200 163 73.00999999999999 
200 303 60.01 
200 478 52.01 
200 485 81.00999999999999 
200 487 64.00999999999999 
348 70 117.00999999999999 
348 207 97.00999999999999 
348 368 99.00999999999999 
348 419 127.00999999999999 
348 475 90.00999999999999 
348 483 115.00999999999999 
117 150 51.01 
117 205 30.009999999999998 
117 225 50.01 
117 304 56.01 
117 444 61.01 
117 446 68.00999999999999 
117 499 55.01 
205 117 158.01 
205 347 184.01 
205 468 189.01 
205 469 186.01 
205 478 177.01 
205 491 188.01 
225 249 81.00999999999999 
225 252 85.00999999999999 
225 379 70.00999999999999 
225 466 97.00999999999999 
225 468 71.00999999999999 
225 499 87.00999999999999 
256 41 135.01 
256 160 148.01 
256 251 158.01 
256 310 145.01 
256 459 136.01 
256 467 137.01 
361 149 103.00999999999999 
361 337 80.00999999999999 
361 411 90.00999999999999 
361 467 79.00999999999999 
361 479 82.00999999999999 
361 495 82.00999999999999 
120 34 19.009999999999998 
120 72 18.009999999999998 
120 76 21.009999999999998 
120 79 17.009999999999998 
120 250 29.009999999999998 
120 313 10.01 
120 497 22.009999999999998 
250 121 60.01 
250 245 43.01 
250 281 30.009999999999998 
250 358 41.01 
250 363 42.01 
250 478 50.01 
313 55 141.01 
313 132 146.01 
313 269 127.00999999999999 
313 332 133.01 
313 369 122.00999999999999 
313 469 135.01 
206 78 66.00999999999999 
206 204 67.00999999999999 
206 326 71.00999999999999 
206 415 71.00999999999999 
206 445 57.01 
206 474 58.01 
122 316 35.01 
122 387 37.01 
122 411 39.01 
122 459 35.01 
122 475 43.01 
122 486 42.01 
122 499 41.01 
411 64 155.01 
411 346 153.01 
411 356 150.01 
411 404 149.01 
411 469 135.01 
411 489 149.01 
178 376 71.00999999999999 
178 385 90.00999999999999 
178 409 78.00999999999999 
178 466 73.00999999999999 
178 492 80.00999999999999 
178 496 61.01 
230 22 80.00999999999999 
230 220 82.00999999999999 
230 329 79.00999999999999 
230 340 76.00999999999999 
230 399 68.00999999999999 
230 415 109.00999999999999 
419 134 222.01 
419 230 216.01 
419 374 221.01 
419 400 219.01 
419 484 211.01 
419 488 228.01 
409 2 157.01 
409 174 148.01 
409 297 156.01 
409 339 120.00999999999999 
409 363 141.01 
409 413 152.01 
258 253 63.01 
258 346 57.01 
258 440 52.01 
258 473 66.00999999999999 
258 491 64.00999999999999 
258 493 68.00999999999999 
309 59 62.01 
309 151 55.01 
309 348 67.00999999999999 
309 394 75.00999999999999 
309 492 71.00999999999999 
309 493 56.01 
129 163 50.01 
129 302 76.00999999999999 
129 308 69.00999999999999 
129 310 68.00999999999999 
129 397 68.00999999999999 
129 467 75.00999999999999 
129 485 76.00999999999999 
163 49 49.01 
163 293 63.01 
163 383 69.00999999999999 
163 486 63.01 
163 493 72.00999999999999 
163 499 57.01 
204 231 59.01 
204 264 33.01 
204 275 46.01 
204 287 47.01 
204 487 47.01 
204 497 31.009999999999998 
132 35 39.01 
132 36 46.01 
132 157 44.01 
132 460 67.00999999999999 
132 489 51.01 
132 495 57.01 
311 273 71.00999999999999 
311 290 62.01 
311 413 75.00999999999999 
311 420 55.01 
311 471 79.00999999999999 
311 477 75.00999999999999 
137 15 106.00999999999999 
137 106 119.00999999999999 
137 145 114.00999999999999 
137 484 120.00999999999999 
137 487 124.00999999999999 
137 496 151.01 
145 27 79.00999999999999 
145 37 88.00999999999999 
145 235 88.00999999999999 
145 250 79.00999999999999 
145 456 36.01 
145 498 91.00999999999999 
272 253 84.00999999999999 
272 281 72.00999999999999 
272 320 95.00999999999999 
272 389 62.01 
272 434 90.00999999999999 
272 459 67.00999999999999 
141 7 82.00999999999999 
141 63 94.00999999999999 
141 275 115.00999999999999 
141 387 89.00999999999999 
141 441 110.00999999999999 
141 499 87.00999999999999 
275 69 137.01 
275 94 119.00999999999999 
275 288 126.00999999999999 
275 338 138.01 
275 427 123.00999999999999 
275 463 122.00999999999999 
159 203 92.00999999999999 
159 219 82.00999999999999 
159 331 90.00999999999999 
159 433 102.00999999999999 
159 434 88.00999999999999 
159 447 79.00999999999999 
290 44 64.00999999999999 
290 107 53.01 
290 122 65.00999999999999 
290 317 60.01 
290 431 66.00999999999999 
290 496 52.01 
374 60 189.01 
374 91 180.01 
374 246 165.01 
374 362 182.01 
374 409 170.01 
374 480 194.01 
144 5 56.01 
144 293 52.01 
144 341 57.01 
144 359 64.00999999999999 
144 497 40.01 
144 498 59.01 
241 153 82.00999999999999 
241 394 74.00999999999999 
241 416 65.00999999999999 
241 422 77.00999999999999 
241 452 72.00999999999999 
241 496 81.00999999999999 
370 74 93.00999999999999 
370 224 85.00999999999999 
370 368 102.00999999999999 
370 398 89.00999999999999 
370 470 82.00999999999999 
370 498 89.00999999999999 
147 126 50.01 
147 325 58.01 
147 443 56.01 
147 464 54.01 
147 486 52.01 
147 491 58.01 
148 44 48.01 
148 181 48.01 
148 380 56.01 
148 393 44.01 
148 443 44.01 
148 490 40.01 
156 89 47.01 
156 442 47.01 
156 464 40.01 
156 477 43.01 
156 482 48.01 
156 494 44.01 
321 457 76.00999999999999 
321 461 103.00999999999999 
321 487 125.00999999999999 
321 494 132.01 
321 496 109.00999999999999 
321 499 132.01 
151 16 42.01 
151 47 47.01 
151 138 47.01 
151 395 48.01 
151 463 41.01 
151 492 55.01 
153 264 57.01 
153 365 71.00999999999999 
153 419 63.01 
153 484 52.01 
153 498 59.01 
153 499 62.01 
264 44 60.01 
264 130 73.00999999999999 
264 194 74.00999999999999 
264 296 58.01 
264 310 74.00999999999999 
264 420 74.00999999999999 
155 299 43.01 
155 345 28.009999999999998 
155 449 54.01 
155 454 41.01 
155 455 45.01 
155 469 40.01 
254 38 282.01 
254 52 272.01 
254 211 293.01 
254 307 285.01 
254 399 278.01 
254 469 272.01 
255 229 94.00999999999999 
255 301 99.00999999999999 
255 356 97.00999999999999 
255 470 89.00999999999999 
255 489 106.00999999999999 
255 492 113.00999999999999 
270 208 146.01 
270 240 164.01 
270 254 137.01 
270 363 142.01 
270 393 148.01 
270 463 150.01 
312 90 92.00999999999999 
312 426 72.00999999999999 
312 462 95.00999999999999 
312 470 50.01 
312 477 79.00999999999999 
312 488 70.00999999999999 
158 137 33.01 
158 241 25.009999999999998 
158 360 34.01 
158 442 14.01 
158 476 27.009999999999998 
158 497 33.01 
331 109 91.00999999999999 
331 149 60.01 
331 377 79.00999999999999 
331 431 83.00999999999999 
331 435 76.00999999999999 
331 472 73.00999999999999 
236 49 220.01 
236 237 222.01 
236 314 226.01 
236 364 226.01 
236 394 213.01 
236 472 212.01 
179 58 77.00999999999999 
179 199 69.00999999999999 
179 290 78.00999999999999 
179 322 88.00999999999999 
179 329 73.00999999999999 
179 355 92.00999999999999 
242 296 61.01 
242 389 57.01 
242 445 69.00999999999999 
242 448 61.01 
242 457 63.01 
242 496 53.01 
177 330 33.01 
177 352 43.01 
177 437 33.01 
177 438 32.01 
177 468 42.01 
177 492 28.009999999999998 
208 260 113.00999999999999 
208 271 118.00999999999999 
208 313 105.00999999999999 
208 444 101.00999999999999 
208 450 86.00999999999999 
208 456 99.00999999999999 
232 115 63.01 
232 151 54.01 
232 409 32.01 
232 432 51.01 
232 473 62.01 
232 494 68.00999999999999 
271 100 148.01 
271 176 170.01 
271 179 152.01 
271 184 173.01 
271 268 181.01 
271 488 181.01 
277 141 161.01 
277 244 204.01 
277 298 173.01 
277 445 173.01 
277 492 189.01 
277 495 170.01 
175 46 218.01 
175 301 214.01 
175 303 213.01 
175 395 226.01 
175 481 212.01 
175 495 25.009999999999998 
267 272 47.01 
267 395 45.01 
267 425 56.01 
267 442 47.01 
267 476 47.01 
267 486 48.01 
329 102 95.00999999999999 
329 314 90.00999999999999 
329 377 91.00999999999999 
329 474 81.00999999999999 
329 481 79.00999999999999 
329 488 80.00999999999999 
327 1 162.01 
327 14 172.01 
327 86 141.01 
327 183 152.01 
327 484 156.01 
327 493 137.01 
379 57 77.00999999999999 
379 126 74.00999999999999 
379 222 77.00999999999999 
379 263 89.00999999999999 
379 440 76.00999999999999 
379 488 79.00999999999999 
191 235 71.00999999999999 
191 309 79.00999999999999 
191 414 78.00999999999999 
191 476 95.00999999999999 
191 494 97.00999999999999 
191 498 91.00999999999999 
192 158 55.01 
192 206 58.01 
192 315 55.01 
192 480 61.01 
192 481 58.01 
192 495 62.01 
194 80 91.00999999999999 
194 307 84.00999999999999 
194 425 97.00999999999999 
194 472 92.00999999999999 
194 486 93.00999999999999 
194 492 91.00999999999999 
195 42 180.01 
195 61 148.01 
195 255 162.01 
195 334 153.01 
195 390 166.01 
195 417 156.01 
197 221 38.01 
197 312 36.01 
197 318 31.009999999999998 
197 333 28.009999999999998 
197 428 31.009999999999998 
197 446 32.01 
221 148 32.01 
221 214 41.01 
221 404 40.01 
221 433 49.01 
221 467 37.01 
221 485 20.009999999999998 
202 39 118.00999999999999 
202 109 94.00999999999999 
202 392 95.00999999999999 
202 440 103.00999999999999 
202 450 88.00999999999999 
202 472 76.00999999999999 
207 225 112.00999999999999 
207 298 109.00999999999999 
207 365 113.00999999999999 
207 483 117.00999999999999 
207 485 89.00999999999999 
207 496 117.00999999999999 
260 17 78.00999999999999 
260 96 72.00999999999999 
260 463 85.00999999999999 
260 477 85.00999999999999 
260 479 78.00999999999999 
260 482 69.00999999999999 
420 273 139.01 
420 364 132.01 
420 445 136.01 
420 458 112.00999999999999 
420 464 122.00999999999999 
420 493 112.00999999999999 
211 20 184.01 
211 363 195.01 
211 396 179.01 
211 466 194.01 
211 494 183.01 
211 499 179.01 
363 45 117.00999999999999 
363 211 91.00999999999999 
363 409 85.00999999999999 
363 421 121.00999999999999 
363 488 97.00999999999999 
363 494 131.01 
346 272 150.01 
346 380 163.01 
346 387 169.01 
346 397 170.01 
346 406 193.01 
346 497 176.01 
216 65 132.01 
216 306 141.01 
216 319 141.01 
216 426 154.01 
216 455 129.01 
216 463 148.01 
224 91 105.00999999999999 
224 202 101.00999999999999 
224 447 96.00999999999999 
224 490 108.00999999999999 
224 492 120.00999999999999 
224 496 91.00999999999999 
394 131 107.00999999999999 
394 242 106.00999999999999 
394 351 115.00999999999999 
394 427 105.00999999999999 
394 457 128.01 
394 487 137.01 
234 239 68.00999999999999 
234 298 54.01 
234 323 67.00999999999999 
234 355 56.01 
234 371 51.01 
234 470 63.01 
238 460 92.00999999999999 
238 470 69.00999999999999 
238 483 83.00999999999999 
238 487 70.00999999999999 
238 493 69.00999999999999 
238 498 78.00999999999999 
296 200 179.01 
296 309 162.01 
296 319 159.01 
296 455 183.01 
296 481 178.01 
296 496 183.01 
246 30 101.00999999999999 
246 395 108.00999999999999 
246 410 102.00999999999999 
246 447 130.01 
246 463 118.00999999999999 
246 466 103.00999999999999 
253 62 43.01 
253 71 47.01 
253 118 44.01 
253 241 37.01 
253 483 44.01 
253 495 33.01 
268 124 88.00999999999999 
268 329 82.00999999999999 
268 361 82.00999999999999 
268 407 82.00999999999999 
268 474 74.00999999999999 
268 487 84.00999999999999 
283 46 134.01 
283 236 148.01 
283 381 134.01 
283 437 151.01 
283 460 136.01 
283 490 132.01 
291 52 345.01 
291 241 313.01 
291 358 293.01 
291 468 348.01 
291 483 268.01 
291 499 92.00999999999999 
408 255 262.01 
408 283 288.01 
408 352 265.01 
408 357 304.01 
408 422 269.01 
408 495 244.01 
332 21 113.00999999999999 
332 177 88.00999999999999 
332 415 90.00999999999999 
332 458 87.00999999999999 
332 469 106.00999999999999 
332 499 105.00999999999999 
