1 66 6.01 
1 189 9.01 
1 304 10.01 
1 420 11.01 
1 422 7.01 
1 484 4.01 
1 493 8.01 
66 139 4.01 
66 227 9.01 
66 230 3.01 
66 242 5.01 
66 368 3.01 
66 482 7.01 
66 498 5.01 
189 235 1.01 
189 269 3.01 
189 347 6.01 
189 387 0.01 
189 395 6.01 
189 410 2.01 
189 496 5.01 
304 226 21.009999999999998 
304 296 15.01 
304 319 29.009999999999998 
304 377 19.009999999999998 
304 386 5.01 
304 474 18.009999999999998 
420 241 59.01 
420 252 34.01 
420 274 41.01 
420 433 53.01 
420 436 62.01 
420 476 78.00999999999999 
422 64 13.01 
422 190 0.01 
422 367 10.01 
422 395 27.009999999999998 
422 455 18.009999999999998 
422 491 17.009999999999998 
484 391 74.00999999999999 
484 433 46.01 
484 454 67.00999999999999 
484 458 97.00999999999999 
484 466 71.00999999999999 
484 494 41.01 
493 44 121.00999999999999 
493 297 65.00999999999999 
493 379 121.00999999999999 
493 406 143.01 
493 407 109.00999999999999 
493 491 56.01 
2 252 10.01 
2 412 14.01 
2 415 3.01 
2 429 19.009999999999998 
2 490 14.01 
2 498 10.01 
252 90 17.009999999999998 
252 185 15.01 
252 245 12.01 
252 322 9.01 
252 490 15.01 
252 498 16.009999999999998 
412 6 24.009999999999998 
412 227 48.01 
412 448 38.01 
412 478 49.01 
412 488 28.009999999999998 
412 491 52.01 
415 2 40.01 
415 316 24.009999999999998 
415 355 37.01 
415 403 37.01 
415 486 59.01 
415 492 15.01 
429 38 149.01 
429 45 161.01 
429 445 109.00999999999999 
429 478 180.01 
429 486 194.01 
429 491 53.01 
490 17 99.00999999999999 
490 32 286.01 
490 43 309.01 
490 122 279.01 
490 468 0.01 
490 491 271.01 
498 226 191.01 
498 398 306.01 
498 425 128.01 
498 431 357.01 
498 482 244.01 
498 490 284.01 
3 152 247.01 
3 167 228.01 
3 317 262.01 
3 442 230.01 
3 469 263.01 
3 497 225.01 
3 499 228.01 
3 500 14.01 
152 75 31.009999999999998 
152 324 28.009999999999998 
152 345 18.009999999999998 
152 369 37.01 
152 435 23.009999999999998 
152 465 22.009999999999998 
152 479 33.01 
152 499 38.01 
152 500 26.009999999999998 
167 52 37.01 
167 348 55.01 
167 451 47.01 
167 456 47.01 
167 462 45.01 
167 464 37.01 
167 499 43.01 
317 435 55.01 
317 462 59.01 
317 468 53.01 
317 477 48.01 
317 479 53.01 
317 489 56.01 
317 500 59.01 
442 376 315.01 
442 421 306.01 
442 464 178.01 
442 477 313.01 
442 499 356.01 
442 500 298.01 
469 56 215.01 
469 71 194.01 
469 173 202.01 
469 435 192.01 
469 446 230.01 
469 499 193.01 
469 500 210.01 
497 164 1012.01 
497 371 965.01 
497 413 919.01 
497 446 945.01 
497 468 961.01 
497 479 914.01 
497 499 716.01 
497 500 888.01 
499 348 1771.01 
499 361 1635.01 
499 456 1600.01 
499 464 1532.01 
499 497 1396.01 
499 500 1629.01 
500 3 1555.01 
500 119 1606.01 
500 209 1560.01 
500 211 1519.01 
500 456 1525.01 
500 462 1492.01 
500 464 1427.01 
4 161 5.01 
4 175 7.01 
4 203 16.009999999999998 
4 372 15.01 
4 388 10.01 
4 395 12.01 
4 425 1.01 
161 194 25.009999999999998 
161 195 28.009999999999998 
161 426 22.009999999999998 
161 480 38.01 
161 485 24.009999999999998 
161 494 36.01 
175 120 7.01 
175 301 11.01 
175 347 9.01 
175 382 7.01 
175 437 9.01 
175 471 0.01 
175 479 0.01 
203 41 6.01 
203 138 7.01 
203 153 1.01 
203 218 5.01 
203 362 3.01 
203 422 3.01 
203 425 11.01 
372 48 10.01 
372 175 23.009999999999998 
372 193 21.009999999999998 
372 357 16.009999999999998 
372 411 32.01 
372 417 21.009999999999998 
388 146 22.009999999999998 
388 240 20.009999999999998 
388 248 24.009999999999998 
388 387 16.009999999999998 
388 458 9.01 
388 484 26.009999999999998 
395 41 16.009999999999998 
395 178 5.01 
395 201 9.01 
395 353 4.01 
395 425 20.009999999999998 
395 495 9.01 
425 4 50.01 
425 52 0.01 
425 382 26.009999999999998 
425 400 42.01 
425 417 50.01 
425 488 42.01 
5 326 18.009999999999998 
5 360 4.01 
5 366 7.01 
5 428 4.01 
5 455 20.009999999999998 
5 459 9.01 
326 111 13.01 
326 351 15.01 
326 360 2.01 
326 414 17.009999999999998 
326 428 14.01 
326 483 25.009999999999998 
360 140 9.01 
360 205 9.01 
360 374 16.009999999999998 
360 391 18.009999999999998 
360 432 0.01 
360 500 0.01 
366 261 15.01 
366 288 11.01 
366 365 13.01 
366 374 17.009999999999998 
366 451 0.01 
366 483 16.009999999999998 
428 44 15.01 
428 62 34.01 
428 284 0.01 
428 360 15.01 
428 366 25.009999999999998 
428 459 29.009999999999998 
455 169 0.01 
455 286 29.009999999999998 
455 314 68.00999999999999 
455 351 59.01 
455 414 51.01 
455 444 70.00999999999999 
459 118 41.01 
459 199 46.01 
459 225 42.01 
459 346 39.01 
459 356 65.00999999999999 
459 441 69.00999999999999 
6 156 52.01 
6 268 45.01 
6 386 43.01 
6 473 46.01 
6 492 58.01 
6 496 2.01 
156 76 15.01 
156 308 8.01 
156 387 15.01 
156 405 14.01 
156 439 11.01 
156 492 39.01 
268 12 13.01 
268 18 28.009999999999998 
268 117 32.01 
268 176 24.009999999999998 
268 435 0.01 
268 473 28.009999999999998 
386 23 17.009999999999998 
386 80 25.009999999999998 
386 182 9.01 
386 468 0.01 
386 473 26.009999999999998 
386 492 18.009999999999998 
473 217 53.01 
473 358 50.01 
473 359 46.01 
473 467 80.00999999999999 
473 475 61.01 
473 483 35.01 
492 238 104.00999999999999 
492 262 69.00999999999999 
492 308 115.00999999999999 
492 334 57.01 
492 475 138.01 
492 496 112.00999999999999 
496 6 220.01 
496 13 207.01 
496 99 150.01 
496 372 73.00999999999999 
496 475 167.01 
496 491 61.01 
7 75 118.00999999999999 
7 92 104.00999999999999 
7 211 150.01 
7 397 130.01 
7 451 121.00999999999999 
7 461 117.00999999999999 
7 497 137.01 
75 278 63.01 
75 299 61.01 
75 442 55.01 
75 456 65.00999999999999 
75 471 59.01 
75 497 63.01 
75 499 63.01 
75 500 60.01 
92 345 78.00999999999999 
92 469 67.00999999999999 
92 472 73.00999999999999 
92 479 71.00999999999999 
92 489 66.00999999999999 
92 499 65.00999999999999 
92 500 60.01 
211 204 298.01 
211 303 268.01 
211 457 291.01 
211 479 311.01 
211 497 306.01 
211 499 272.01 
211 500 33.01 
397 3 106.00999999999999 
397 451 112.00999999999999 
397 461 106.00999999999999 
397 489 133.01 
397 499 115.00999999999999 
397 500 120.00999999999999 
451 164 214.01 
451 191 207.01 
451 231 190.01 
451 284 195.01 
451 320 176.01 
451 446 192.01 
451 497 189.01 
451 499 180.01 
451 500 195.01 
461 173 235.01 
461 303 248.01 
461 457 281.01 
461 477 236.01 
461 497 263.01 
461 500 251.01 
8 324 100.00999999999999 
8 432 100.00999999999999 
8 471 77.00999999999999 
8 477 100.00999999999999 
8 479 92.00999999999999 
8 489 106.00999999999999 
8 499 84.00999999999999 
8 500 64.00999999999999 
324 380 65.00999999999999 
324 421 68.00999999999999 
324 446 75.00999999999999 
324 464 66.00999999999999 
324 477 59.01 
324 497 50.01 
324 499 84.00999999999999 
324 500 77.00999999999999 
432 337 272.01 
432 442 243.01 
432 468 252.01 
432 469 270.01 
432 472 241.01 
432 497 233.01 
432 500 247.01 
471 7 347.01 
471 369 347.01 
471 380 381.01 
471 465 376.01 
471 499 367.01 
471 500 329.01 
477 380 513.01 
477 421 497.01 
477 456 384.01 
477 471 483.01 
477 479 497.01 
477 489 499.01 
477 499 500.01 
479 7 530.01 
479 22 503.01 
479 169 497.01 
479 266 534.01 
479 462 572.01 
479 472 519.01 
479 497 331.01 
489 338 510.01 
489 369 515.01 
489 380 450.01 
489 413 456.01 
489 465 536.01 
489 499 507.01 
9 168 15.01 
9 233 10.01 
9 279 26.009999999999998 
9 389 24.009999999999998 
9 460 12.01 
9 466 19.009999999999998 
9 489 0.01 
168 157 15.01 
168 271 7.01 
168 276 9.01 
168 313 13.01 
168 370 10.01 
168 406 16.009999999999998 
168 496 9.01 
233 9 7.01 
233 150 8.01 
233 315 8.01 
233 454 12.01 
233 467 7.01 
233 470 11.01 
279 145 13.01 
279 315 21.009999999999998 
279 389 10.01 
279 391 19.009999999999998 
279 487 18.009999999999998 
279 499 0.01 
389 67 15.01 
389 223 22.009999999999998 
389 234 30.009999999999998 
389 423 15.01 
389 458 24.009999999999998 
389 493 14.01 
460 31 47.01 
460 36 71.00999999999999 
460 288 51.01 
460 385 19.009999999999998 
460 424 38.01 
460 444 53.01 
466 135 87.00999999999999 
466 146 65.00999999999999 
466 151 52.01 
466 339 40.01 
466 407 65.00999999999999 
466 493 73.00999999999999 
10 81 9.01 
10 198 11.01 
10 363 18.009999999999998 
10 415 14.01 
10 431 16.009999999999998 
10 486 14.01 
10 491 12.01 
81 84 51.01 
81 159 72.00999999999999 
81 246 69.00999999999999 
81 423 71.00999999999999 
81 466 36.01 
81 467 31.009999999999998 
81 494 22.009999999999998 
198 73 16.009999999999998 
198 197 17.009999999999998 
198 244 9.01 
198 319 21.009999999999998 
198 440 12.01 
198 474 16.009999999999998 
198 500 0.01 
363 312 40.01 
363 322 38.01 
363 431 33.01 
363 482 35.01 
363 486 39.01 
363 498 31.009999999999998 
431 43 136.01 
431 236 118.00999999999999 
431 416 43.01 
431 430 109.00999999999999 
431 437 141.01 
431 486 138.01 
486 102 312.01 
486 151 312.01 
486 282 229.01 
486 312 315.01 
486 445 245.01 
486 491 191.01 
491 398 455.01 
491 429 468.01 
491 437 349.01 
491 461 0.01 
491 482 387.01 
491 486 410.01 
11 68 2.01 
11 156 8.01 
11 462 0.01 
11 473 6.01 
11 476 4.01 
11 492 6.01 
11 496 4.01 
68 132 10.01 
68 215 8.01 
68 231 0.01 
68 389 6.01 
68 439 8.01 
68 447 6.01 
68 496 12.01 
462 376 477.01 
462 404 475.01 
462 421 486.01 
462 451 461.01 
462 465 475.01 
462 477 458.01 
476 198 54.01 
476 258 57.01 
476 341 46.01 
476 414 37.01 
476 436 66.00999999999999 
476 488 96.00999999999999 
12 11 5.01 
12 19 8.01 
12 64 2.01 
12 405 7.01 
12 455 2.01 
12 473 2.01 
12 477 0.01 
19 254 3.01 
19 263 3.01 
19 296 1.01 
19 331 3.01 
19 437 0.01 
19 492 2.01 
19 496 4.01 
64 144 8.01 
64 205 12.01 
64 318 6.01 
64 358 4.01 
64 438 3.01 
64 467 3.01 
64 500 0.01 
405 30 25.009999999999998 
405 274 10.01 
405 331 22.009999999999998 
405 473 22.009999999999998 
405 492 32.01 
405 496 22.009999999999998 
13 140 40.01 
13 213 43.01 
13 409 33.01 
13 418 36.01 
13 467 40.01 
13 475 31.009999999999998 
140 68 23.009999999999998 
140 202 17.009999999999998 
140 377 14.01 
140 439 23.009999999999998 
140 492 30.009999999999998 
140 496 40.01 
140 499 0.01 
213 343 23.009999999999998 
213 358 24.009999999999998 
213 386 15.01 
213 460 10.01 
213 475 33.01 
213 496 31.009999999999998 
409 205 25.009999999999998 
409 273 13.01 
409 300 27.009999999999998 
409 308 20.009999999999998 
409 482 17.009999999999998 
409 496 48.01 
418 23 18.009999999999998 
418 187 33.01 
418 467 30.009999999999998 
418 475 19.009999999999998 
418 484 17.009999999999998 
418 496 29.009999999999998 
467 255 31.009999999999998 
467 332 64.00999999999999 
467 343 70.00999999999999 
467 439 67.00999999999999 
467 492 61.01 
467 496 66.00999999999999 
475 87 0.01 
475 140 98.00999999999999 
475 174 107.00999999999999 
475 318 163.01 
475 344 114.00999999999999 
475 359 137.01 
14 134 3.01 
14 258 14.01 
14 260 7.01 
14 283 6.01 
14 296 9.01 
14 488 7.01 
134 433 8.01 
134 438 6.01 
134 456 0.01 
134 474 8.01 
134 476 5.01 
134 478 5.01 
134 479 0.01 
258 31 9.01 
258 327 22.009999999999998 
258 408 19.009999999999998 
258 436 21.009999999999998 
258 476 14.01 
258 488 25.009999999999998 
260 94 7.01 
260 201 7.01 
260 226 6.01 
260 261 5.01 
260 281 12.01 
260 375 6.01 
283 53 8.01 
283 77 4.01 
283 240 9.01 
283 402 6.01 
283 436 9.01 
283 486 7.01 
296 219 28.009999999999998 
296 298 21.009999999999998 
296 402 21.009999999999998 
296 481 8.01 
296 488 34.01 
296 500 0.01 
488 74 136.01 
488 114 158.01 
488 323 147.01 
488 420 177.01 
488 438 143.01 
488 463 96.00999999999999 
15 112 24.009999999999998 
15 284 16.009999999999998 
15 446 23.009999999999998 
15 464 15.01 
15 471 15.01 
15 499 11.01 
15 500 16.009999999999998 
112 79 5.01 
112 98 8.01 
112 152 9.01 
112 477 7.01 
112 497 15.01 
112 499 6.01 
112 500 7.01 
284 457 56.01 
284 462 55.01 
284 489 39.01 
284 497 42.01 
284 499 40.01 
284 500 28.009999999999998 
446 100 311.01 
446 191 311.01 
446 427 310.01 
446 432 334.01 
446 479 309.01 
446 500 282.01 
464 299 791.01 
464 442 682.01 
464 471 767.01 
464 497 723.01 
464 499 426.01 
464 500 431.01 
16 56 24.009999999999998 
16 204 26.009999999999998 
16 256 22.009999999999998 
16 456 23.009999999999998 
16 465 21.009999999999998 
16 468 27.009999999999998 
16 499 23.009999999999998 
16 500 24.009999999999998 
56 167 43.01 
56 345 36.01 
56 465 31.009999999999998 
56 472 29.009999999999998 
56 489 38.01 
56 499 24.009999999999998 
56 500 38.01 
204 317 77.00999999999999 
204 340 94.00999999999999 
204 376 42.01 
204 472 101.00999999999999 
204 477 96.00999999999999 
204 489 78.00999999999999 
204 499 83.00999999999999 
256 299 11.01 
256 435 20.009999999999998 
256 456 10.01 
256 469 26.009999999999998 
256 497 12.01 
256 499 17.009999999999998 
256 500 19.009999999999998 
456 37 728.01 
456 337 729.01 
456 432 681.01 
456 477 595.01 
456 497 680.01 
456 499 346.01 
465 37 284.01 
465 324 319.01 
465 397 309.01 
465 468 301.01 
465 497 261.01 
465 499 301.01 
465 500 292.01 
468 78 477.01 
468 164 492.01 
468 200 435.01 
468 299 447.01 
468 477 475.01 
468 497 283.01 
468 500 415.01 
17 161 44.01 
17 262 25.009999999999998 
17 330 22.009999999999998 
17 377 30.009999999999998 
17 494 39.01 
17 495 41.01 
17 499 0.01 
262 294 42.01 
262 346 38.01 
262 381 25.009999999999998 
262 444 28.009999999999998 
262 449 31.009999999999998 
262 485 54.01 
330 221 38.01 
330 294 29.009999999999998 
330 303 0.01 
330 318 17.009999999999998 
330 394 28.009999999999998 
330 485 56.01 
377 183 34.01 
377 333 40.01 
377 402 23.009999999999998 
377 433 22.009999999999998 
377 488 41.01 
377 493 22.009999999999998 
494 81 280.01 
494 84 313.01 
494 142 391.01 
494 352 380.01 
494 426 322.01 
494 487 362.01 
495 141 155.01 
495 265 268.01 
495 364 300.01 
495 480 280.01 
495 485 258.01 
495 494 339.01 
18 176 13.01 
18 238 16.009999999999998 
18 331 16.009999999999998 
18 343 14.01 
18 475 15.01 
18 496 11.01 
176 13 9.01 
176 344 3.01 
176 398 6.01 
176 410 9.01 
176 427 0.01 
176 475 8.01 
176 496 7.01 
238 80 48.01 
238 405 38.01 
238 439 39.01 
238 442 0.01 
238 496 35.01 
238 497 0.01 
331 217 19.009999999999998 
331 254 23.009999999999998 
331 410 22.009999999999998 
331 418 34.01 
331 461 0.01 
331 496 33.01 
343 250 21.009999999999998 
343 269 22.009999999999998 
343 392 22.009999999999998 
343 409 29.009999999999998 
343 467 14.01 
343 473 35.01 
254 12 7.01 
254 251 4.01 
254 359 7.01 
254 490 6.01 
254 492 11.01 
254 498 2.01 
263 154 14.01 
263 332 10.01 
263 344 4.01 
263 356 10.01 
263 467 16.009999999999998 
263 492 9.01 
437 151 210.01 
437 282 163.01 
437 288 73.00999999999999 
437 445 149.01 
437 491 103.00999999999999 
437 498 193.01 
20 196 6.01 
20 310 8.01 
20 357 10.01 
20 424 13.01 
20 484 12.01 
20 493 7.01 
196 138 9.01 
196 253 15.01 
196 270 12.01 
196 389 21.009999999999998 
196 466 18.009999999999998 
196 484 29.009999999999998 
196 490 7.01 
310 222 10.01 
310 349 1.01 
310 458 10.01 
310 470 11.01 
310 484 9.01 
310 500 0.01 
357 26 25.009999999999998 
357 82 12.01 
357 290 8.01 
357 407 18.009999999999998 
357 493 37.01 
357 497 0.01 
424 96 35.01 
424 389 20.009999999999998 
424 429 14.01 
424 470 15.01 
424 483 22.009999999999998 
424 484 32.01 
21 247 7.01 
21 293 3.01 
21 328 5.01 
21 339 8.01 
21 409 2.01 
21 413 0.01 
21 443 6.01 
247 220 18.009999999999998 
247 306 28.009999999999998 
247 414 17.009999999999998 
247 447 12.01 
247 480 27.009999999999998 
247 495 20.009999999999998 
293 177 0.01 
293 199 12.01 
293 272 16.009999999999998 
293 416 9.01 
293 459 15.01 
293 483 12.01 
328 62 28.009999999999998 
328 326 30.009999999999998 
328 356 26.009999999999998 
328 358 24.009999999999998 
328 459 21.009999999999998 
328 483 13.01 
339 35 21.009999999999998 
339 261 31.009999999999998 
339 307 17.009999999999998 
339 351 19.009999999999998 
339 374 17.009999999999998 
339 414 16.009999999999998 
413 442 348.01 
413 451 372.01 
413 468 333.01 
413 489 283.01 
413 497 194.01 
413 499 338.01 
413 500 353.01 
443 364 21.009999999999998 
443 366 21.009999999999998 
443 440 13.01 
443 459 37.01 
443 485 17.009999999999998 
443 500 0.01 
22 177 80.00999999999999 
22 435 89.00999999999999 
22 442 76.00999999999999 
22 457 87.00999999999999 
22 471 72.00999999999999 
22 489 98.00999999999999 
22 499 88.00999999999999 
22 500 93.00999999999999 
177 119 34.01 
177 371 32.01 
177 442 31.009999999999998 
177 456 36.01 
177 472 36.01 
177 499 37.01 
177 500 31.009999999999998 
435 337 81.00999999999999 
435 371 62.01 
435 462 74.00999999999999 
435 489 70.00999999999999 
435 497 70.00999999999999 
435 500 69.00999999999999 
457 8 330.01 
457 92 354.01 
457 432 332.01 
457 468 316.01 
457 499 357.01 
457 500 326.01 
23 117 5.01 
23 344 9.01 
23 410 11.01 
23 474 4.01 
23 475 2.01 
23 485 9.01 
23 496 8.01 
117 12 6.01 
117 23 13.01 
117 144 15.01 
117 405 10.01 
117 409 15.01 
117 496 22.009999999999998 
344 215 38.01 
344 300 27.009999999999998 
344 392 31.009999999999998 
344 466 12.01 
344 490 8.01 
344 492 40.01 
410 68 25.009999999999998 
410 76 18.009999999999998 
410 229 14.01 
410 269 23.009999999999998 
410 433 8.01 
410 492 19.009999999999998 
474 9 55.01 
474 274 66.00999999999999 
474 281 66.00999999999999 
474 308 32.01 
474 440 57.01 
474 488 114.00999999999999 
485 34 244.01 
485 58 249.01 
485 195 262.01 
485 297 215.01 
485 463 212.01 
485 495 148.01 
24 124 11.01 
24 192 10.01 
24 319 10.01 
24 408 15.01 
24 474 12.01 
24 476 15.01 
124 24 6.01 
124 106 6.01 
124 207 13.01 
124 208 7.01 
124 257 9.01 
124 341 9.01 
124 500 0.01 
192 54 5.01 
192 179 4.01 
192 223 1.01 
192 232 5.01 
192 258 4.01 
192 481 4.01 
192 488 9.01 
319 206 23.009999999999998 
319 333 19.009999999999998 
319 420 19.009999999999998 
319 459 14.01 
319 481 18.009999999999998 
319 488 24.009999999999998 
408 181 9.01 
408 198 14.01 
408 245 23.009999999999998 
408 383 10.01 
408 385 11.01 
408 492 10.01 
25 116 7.01 
25 121 5.01 
25 310 0.01 
25 408 9.01 
25 448 4.01 
25 454 4.01 
25 472 0.01 
116 334 7.01 
116 350 6.01 
116 424 3.01 
116 454 3.01 
116 484 6.01 
116 493 9.01 
121 67 11.01 
121 93 7.01 
121 125 7.01 
121 370 7.01 
121 464 0.01 
121 480 7.01 
121 493 8.01 
448 48 84.00999999999999 
448 70 107.00999999999999 
448 152 0.01 
448 225 51.01 
448 354 122.00999999999999 
448 482 109.00999999999999 
454 184 54.01 
454 276 48.01 
454 321 27.009999999999998 
454 431 27.009999999999998 
454 458 39.01 
454 484 30.009999999999998 
472 71 269.01 
472 421 286.01 
472 457 282.01 
472 465 241.01 
472 497 263.01 
472 499 237.01 
472 500 237.01 
26 170 7.01 
26 222 4.01 
26 379 8.01 
26 406 7.01 
26 484 3.01 
26 493 11.01 
170 207 5.01 
170 220 1.01 
170 290 1.01 
170 334 2.01 
170 357 10.01 
170 470 2.01 
170 484 5.01 
222 248 8.01 
222 253 10.01 
222 298 3.01 
222 370 6.01 
222 454 4.01 
222 470 6.01 
379 188 29.009999999999998 
379 357 53.01 
379 423 33.01 
379 454 48.01 
379 493 11.01 
379 495 23.009999999999998 
406 234 66.00999999999999 
406 282 20.009999999999998 
406 391 34.01 
406 466 72.00999999999999 
406 491 19.009999999999998 
406 493 4.01 
27 242 6.01 
27 355 8.01 
27 429 10.01 
27 437 10.01 
27 486 11.01 
27 498 7.01 
242 224 7.01 
242 273 12.01 
242 282 5.01 
242 429 3.01 
242 458 8.01 
242 498 7.01 
355 179 39.01 
355 398 31.009999999999998 
355 412 29.009999999999998 
355 431 26.009999999999998 
355 471 0.01 
355 498 30.009999999999998 
28 155 44.01 
28 321 24.009999999999998 
28 384 42.01 
28 480 39.01 
28 494 35.01 
28 495 37.01 
155 148 24.009999999999998 
155 194 25.009999999999998 
155 264 13.01 
155 434 24.009999999999998 
155 487 26.009999999999998 
155 493 14.01 
155 495 21.009999999999998 
321 85 35.01 
321 242 17.009999999999998 
321 325 39.01 
321 394 31.009999999999998 
321 411 29.009999999999998 
321 495 39.01 
384 50 41.01 
384 262 38.01 
384 452 24.009999999999998 
384 463 34.01 
384 486 23.009999999999998 
384 495 43.01 
480 159 204.01 
480 297 154.01 
480 307 157.01 
480 374 77.00999999999999 
480 390 140.01 
480 449 164.01 
29 231 35.01 
29 397 39.01 
29 432 34.01 
29 456 28.009999999999998 
29 464 36.01 
29 499 35.01 
29 500 32.01 
231 3 36.01 
231 100 33.01 
231 167 40.01 
231 451 15.01 
231 456 31.009999999999998 
231 472 37.01 
231 477 50.01 
231 489 42.01 
231 499 44.01 
231 500 30.009999999999998 
30 99 8.01 
30 280 2.01 
30 467 10.01 
30 475 7.01 
30 492 8.01 
30 496 13.01 
99 33 8.01 
99 117 44.01 
99 144 37.01 
99 235 34.01 
99 388 18.009999999999998 
99 494 19.009999999999998 
99 496 3.01 
280 386 14.01 
280 435 0.01 
280 467 13.01 
280 475 11.01 
280 492 13.01 
280 496 10.01 
31 267 13.01 
31 360 10.01 
31 362 9.01 
31 447 11.01 
31 452 7.01 
31 494 9.01 
31 498 4.01 
267 147 10.01 
267 343 10.01 
267 404 0.01 
267 416 14.01 
267 460 8.01 
267 483 15.01 
362 327 10.01 
362 399 29.009999999999998 
362 444 32.01 
362 445 13.01 
362 447 22.009999999999998 
362 483 32.01 
447 21 25.009999999999998 
447 147 44.01 
447 149 23.009999999999998 
447 218 42.01 
447 367 39.01 
447 460 48.01 
452 229 28.009999999999998 
452 272 35.01 
452 312 17.009999999999998 
452 414 22.009999999999998 
452 444 41.01 
452 459 48.01 
32 45 64.00999999999999 
32 224 67.00999999999999 
32 243 60.01 
32 355 50.01 
32 429 67.00999999999999 
32 486 75.00999999999999 
32 490 9.01 
45 273 42.01 
45 363 41.01 
45 373 32.01 
45 445 38.01 
45 482 36.01 
45 498 44.01 
224 102 43.01 
224 182 20.009999999999998 
224 312 26.009999999999998 
224 430 27.009999999999998 
224 445 32.01 
224 482 41.01 
243 60 22.009999999999998 
243 163 57.01 
243 227 55.01 
243 277 50.01 
243 415 50.01 
243 482 52.01 
33 131 4.01 
33 203 2.01 
33 347 4.01 
33 349 3.01 
33 411 5.01 
33 425 2.01 
33 453 4.01 
131 17 16.009999999999998 
131 247 26.009999999999998 
131 265 28.009999999999998 
131 307 23.009999999999998 
131 428 11.01 
131 476 16.009999999999998 
131 485 24.009999999999998 
347 203 4.01 
347 206 6.01 
347 237 10.01 
347 335 2.01 
347 353 3.01 
347 453 8.01 
349 73 46.01 
349 134 28.009999999999998 
349 241 43.01 
349 277 18.009999999999998 
349 436 43.01 
349 478 21.009999999999998 
411 60 12.01 
411 128 26.009999999999998 
411 129 25.009999999999998 
411 422 23.009999999999998 
411 487 19.009999999999998 
411 498 22.009999999999998 
453 383 36.01 
453 396 15.01 
453 425 23.009999999999998 
453 442 0.01 
453 448 21.009999999999998 
453 499 0.01 
34 50 78.00999999999999 
34 364 78.00999999999999 
34 390 66.00999999999999 
34 434 79.00999999999999 
34 463 77.00999999999999 
34 485 24.009999999999998 
50 20 15.01 
50 82 21.009999999999998 
50 336 26.009999999999998 
50 392 9.01 
50 480 17.009999999999998 
50 485 21.009999999999998 
50 495 36.01 
364 28 109.00999999999999 
364 65 94.00999999999999 
364 463 107.00999999999999 
364 487 111.00999999999999 
364 494 102.00999999999999 
364 495 36.01 
390 155 87.00999999999999 
390 217 29.009999999999998 
390 257 52.01 
390 352 63.01 
390 450 51.01 
390 487 61.01 
434 46 77.00999999999999 
434 47 69.00999999999999 
434 55 74.00999999999999 
434 471 0.01 
434 485 83.00999999999999 
434 494 80.00999999999999 
463 325 174.01 
463 331 56.01 
463 336 157.01 
463 342 125.00999999999999 
463 394 158.01 
463 494 193.01 
35 126 2.01 
35 286 7.01 
35 328 10.01 
35 366 5.01 
35 428 11.01 
35 452 9.01 
126 35 10.01 
126 305 8.01 
126 375 4.01 
126 441 11.01 
126 472 0.01 
126 483 11.01 
126 497 0.01 
286 132 14.01 
286 162 23.009999999999998 
286 212 17.009999999999998 
286 278 0.01 
286 351 21.009999999999998 
286 459 33.01 
36 314 24.009999999999998 
36 374 29.009999999999998 
36 378 26.009999999999998 
36 416 18.009999999999998 
36 428 11.01 
36 460 6.01 
314 5 26.009999999999998 
314 101 28.009999999999998 
314 326 21.009999999999998 
314 460 40.01 
314 483 35.01 
314 495 21.009999999999998 
374 126 34.01 
374 287 22.009999999999998 
374 324 0.01 
374 356 37.01 
374 447 42.01 
374 460 42.01 
378 225 16.009999999999998 
378 302 21.009999999999998 
378 360 12.01 
378 443 17.009999999999998 
378 447 31.009999999999998 
378 482 21.009999999999998 
416 88 34.01 
416 288 27.009999999999998 
416 378 30.009999999999998 
416 414 35.01 
416 459 42.01 
416 499 0.01 
37 63 107.00999999999999 
37 324 97.00999999999999 
37 421 105.00999999999999 
37 465 66.00999999999999 
37 471 118.00999999999999 
37 477 126.00999999999999 
37 489 105.00999999999999 
37 497 88.00999999999999 
37 499 125.00999999999999 
37 500 84.00999999999999 
63 317 16.009999999999998 
63 380 20.009999999999998 
63 435 15.01 
63 457 20.009999999999998 
63 471 30.009999999999998 
63 499 15.01 
63 500 26.009999999999998 
421 380 319.01 
421 413 297.01 
421 457 297.01 
421 479 291.01 
421 499 277.01 
421 500 313.01 
38 273 39.01 
38 295 24.009999999999998 
38 363 35.01 
38 478 41.01 
38 491 46.01 
38 498 33.01 
273 105 20.009999999999998 
273 275 10.01 
273 396 12.01 
273 415 15.01 
273 478 27.009999999999998 
273 491 22.009999999999998 
295 38 25.009999999999998 
295 39 15.01 
295 127 31.009999999999998 
295 160 24.009999999999998 
295 368 32.01 
295 437 29.009999999999998 
478 243 146.01 
478 437 153.01 
478 448 138.01 
478 482 142.01 
478 490 153.01 
478 491 203.01 
39 91 5.01 
39 276 7.01 
39 357 7.01 
39 386 4.01 
39 424 11.01 
39 477 0.01 
39 500 0.01 
91 25 4.01 
91 90 1.01 
91 123 0.01 
91 230 5.01 
91 348 0.01 
91 379 5.01 
91 389 7.01 
276 170 8.01 
276 378 13.01 
276 424 19.009999999999998 
276 454 4.01 
276 466 32.01 
276 470 17.009999999999998 
40 285 21.009999999999998 
40 364 25.009999999999998 
40 390 31.009999999999998 
40 426 29.009999999999998 
40 487 32.01 
40 494 33.01 
285 95 22.009999999999998 
285 380 0.01 
285 450 32.01 
285 480 35.01 
285 487 27.009999999999998 
285 494 39.01 
426 131 109.00999999999999 
426 221 151.01 
426 257 131.01 
426 423 98.00999999999999 
426 485 128.01 
426 494 58.01 
487 58 238.01 
487 85 254.01 
487 171 261.01 
487 197 148.01 
487 381 255.01 
487 394 196.01 
41 83 7.01 
41 172 2.01 
41 237 4.01 
41 289 2.01 
41 292 3.01 
41 382 5.01 
83 146 0.01 
83 336 0.01 
83 372 1.01 
83 382 2.01 
83 417 3.01 
83 422 3.01 
83 497 0.01 
172 314 14.01 
172 402 7.01 
172 417 10.01 
172 422 10.01 
172 477 0.01 
172 495 7.01 
172 498 10.01 
237 51 1.01 
237 69 3.01 
237 71 0.01 
237 107 6.01 
237 186 4.01 
237 313 4.01 
289 113 7.01 
289 120 8.01 
289 263 4.01 
289 393 1.01 
289 458 6.01 
289 500 0.01 
292 195 3.01 
292 315 7.01 
292 368 4.01 
292 458 7.01 
292 486 5.01 
292 487 1.01 
382 170 11.01 
382 175 13.01 
382 294 23.009999999999998 
382 422 21.009999999999998 
382 425 13.01 
382 475 12.01 
42 142 2.01 
42 265 5.01 
42 290 3.01 
42 311 8.01 
42 388 6.01 
42 407 8.01 
42 484 9.01 
142 316 57.01 
142 346 78.00999999999999 
142 423 68.00999999999999 
142 449 52.01 
142 463 76.00999999999999 
142 480 51.01 
142 495 60.01 
265 47 63.01 
265 53 28.009999999999998 
265 316 63.01 
265 394 58.01 
265 494 73.00999999999999 
265 498 31.009999999999998 
290 42 9.01 
290 61 8.01 
290 270 6.01 
290 366 8.01 
290 486 9.01 
290 490 5.01 
311 25 13.01 
311 121 11.01 
311 234 18.009999999999998 
311 424 20.009999999999998 
311 493 16.009999999999998 
311 496 8.01 
407 168 60.01 
407 239 69.00999999999999 
407 350 39.01 
407 391 38.01 
407 461 0.01 
407 493 23.009999999999998 
43 127 84.00999999999999 
43 139 73.00999999999999 
43 243 60.01 
43 275 69.00999999999999 
43 295 67.00999999999999 
43 448 47.01 
43 478 67.00999999999999 
127 86 24.009999999999998 
127 110 28.009999999999998 
127 136 30.009999999999998 
127 275 21.009999999999998 
127 398 21.009999999999998 
127 482 18.009999999999998 
139 10 9.01 
139 236 18.009999999999998 
139 478 17.009999999999998 
139 486 16.009999999999998 
139 491 16.009999999999998 
139 498 20.009999999999998 
275 70 21.009999999999998 
275 105 18.009999999999998 
275 394 10.01 
275 448 16.009999999999998 
275 486 9.01 
275 490 31.009999999999998 
44 223 23.009999999999998 
44 239 39.01 
44 450 16.009999999999998 
44 470 29.009999999999998 
44 484 33.01 
44 493 2.01 
44 499 0.01 
223 27 10.01 
223 29 0.01 
223 454 24.009999999999998 
223 458 18.009999999999998 
223 470 14.01 
223 484 25.009999999999998 
239 39 11.01 
239 135 21.009999999999998 
239 157 27.009999999999998 
239 311 16.009999999999998 
239 481 8.01 
239 493 37.01 
450 89 83.00999999999999 
450 257 94.00999999999999 
450 306 98.00999999999999 
450 361 0.01 
450 434 97.00999999999999 
450 494 86.00999999999999 
470 61 46.01 
470 184 36.01 
470 328 33.01 
470 469 0.01 
470 484 37.01 
470 493 42.01 
373 10 25.009999999999998 
373 252 15.01 
373 312 34.01 
373 420 16.009999999999998 
373 490 13.01 
373 498 21.009999999999998 
445 40 73.00999999999999 
445 115 164.01 
445 429 191.01 
445 437 133.01 
445 490 170.01 
445 498 156.01 
482 122 285.01 
482 214 270.01 
482 401 132.01 
482 486 287.01 
482 491 171.01 
482 498 179.01 
46 47 17.009999999999998 
46 58 23.009999999999998 
46 65 10.01 
46 384 12.01 
46 450 26.009999999999998 
46 487 17.009999999999998 
47 294 12.01 
47 306 36.01 
47 384 25.009999999999998 
47 390 22.009999999999998 
47 480 23.009999999999998 
47 487 31.009999999999998 
58 262 86.00999999999999 
58 342 79.00999999999999 
58 485 59.01 
58 487 56.01 
58 494 124.00999999999999 
58 495 106.00999999999999 
65 46 20.009999999999998 
65 330 15.01 
65 352 25.009999999999998 
65 360 9.01 
65 459 13.01 
65 463 22.009999999999998 
65 485 30.009999999999998 
294 5 23.009999999999998 
294 55 31.009999999999998 
294 185 19.009999999999998 
294 449 23.009999999999998 
294 450 38.01 
294 494 58.01 
306 171 29.009999999999998 
306 384 42.01 
306 453 18.009999999999998 
306 485 39.01 
306 487 42.01 
306 495 47.01 
48 2 13.01 
48 130 25.009999999999998 
48 399 7.01 
48 430 24.009999999999998 
48 478 22.009999999999998 
48 491 12.01 
48 499 0.01 
130 38 44.01 
130 110 34.01 
130 478 28.009999999999998 
130 490 25.009999999999998 
130 491 45.01 
130 498 52.01 
399 97 34.01 
399 202 21.009999999999998 
399 293 37.01 
399 393 29.009999999999998 
399 447 31.009999999999998 
399 483 37.01 
430 10 60.01 
430 230 46.01 
430 270 27.009999999999998 
430 437 46.01 
430 478 49.01 
430 490 41.01 
49 50 26.009999999999998 
49 297 23.009999999999998 
49 381 22.009999999999998 
49 487 21.009999999999998 
49 494 34.01 
49 495 33.01 
297 84 105.00999999999999 
297 285 108.00999999999999 
297 371 0.01 
297 449 107.00999999999999 
297 450 97.00999999999999 
297 487 96.00999999999999 
381 34 70.00999999999999 
381 348 0.01 
381 419 47.01 
381 423 90.00999999999999 
381 494 114.00999999999999 
381 495 100.00999999999999 
82 321 15.01 
82 342 24.009999999999998 
82 394 15.01 
82 434 19.009999999999998 
82 463 19.009999999999998 
82 485 16.009999999999998 
82 495 16.009999999999998 
336 171 47.01 
336 316 38.01 
336 321 60.01 
336 376 0.01 
336 480 45.01 
336 495 55.01 
392 205 37.01 
392 238 31.009999999999998 
392 268 32.01 
392 283 16.009999999999998 
392 343 21.009999999999998 
392 359 32.01 
51 134 1.01 
51 228 0.01 
51 281 3.01 
51 353 2.01 
51 432 0.01 
51 453 3.01 
51 492 2.01 
228 191 0.01 
228 311 7.01 
228 475 3.01 
228 479 0.01 
228 496 1.01 
228 499 0.01 
281 199 23.009999999999998 
281 249 28.009999999999998 
281 327 15.01 
281 349 22.009999999999998 
281 474 20.009999999999998 
281 481 32.01 
353 166 5.01 
353 228 2.01 
353 302 5.01 
353 335 10.01 
353 347 3.01 
353 400 2.01 
52 16 10.01 
52 37 9.01 
52 87 10.01 
52 278 8.01 
52 446 12.01 
52 456 10.01 
52 462 10.01 
52 499 9.01 
52 500 9.01 
87 15 19.009999999999998 
87 92 22.009999999999998 
87 348 27.009999999999998 
87 427 25.009999999999998 
87 461 26.009999999999998 
87 472 20.009999999999998 
87 499 30.009999999999998 
87 500 27.009999999999998 
278 63 35.01 
278 291 40.01 
278 320 36.01 
278 435 32.01 
278 479 40.01 
278 499 30.009999999999998 
278 500 25.009999999999998 
53 176 5.01 
53 197 19.009999999999998 
53 209 0.01 
53 359 11.01 
53 420 17.009999999999998 
53 438 17.009999999999998 
53 476 21.009999999999998 
197 1 35.01 
197 114 30.009999999999998 
197 183 35.01 
197 241 37.01 
197 267 27.009999999999998 
197 474 34.01 
197 488 45.01 
209 427 352.01 
209 461 348.01 
209 464 336.01 
209 477 297.01 
209 497 315.01 
209 499 313.01 
209 500 44.01 
359 213 51.01 
359 409 44.01 
359 416 22.009999999999998 
359 473 66.00999999999999 
359 475 22.009999999999998 
359 496 60.01 
438 219 51.01 
438 264 45.01 
438 281 59.01 
438 304 52.01 
438 390 30.009999999999998 
438 454 35.01 
54 180 4.01 
54 408 3.01 
54 474 4.01 
54 475 2.01 
54 476 5.01 
54 481 5.01 
54 485 2.01 
180 95 9.01 
180 106 9.01 
180 239 3.01 
180 438 10.01 
180 462 0.01 
180 476 2.01 
180 481 8.01 
481 109 49.01 
481 259 84.00999999999999 
481 296 67.00999999999999 
481 349 117.00999999999999 
481 480 40.01 
481 488 112.00999999999999 
55 188 13.01 
55 423 30.009999999999998 
55 449 18.009999999999998 
55 450 30.009999999999998 
55 485 29.009999999999998 
55 492 26.009999999999998 
55 495 23.009999999999998 
188 233 7.01 
188 253 7.01 
188 458 10.01 
188 470 11.01 
188 478 5.01 
188 484 9.01 
188 497 0.01 
423 34 88.00999999999999 
423 215 45.01 
423 307 80.00999999999999 
423 325 93.00999999999999 
423 364 111.00999999999999 
423 426 83.00999999999999 
449 161 124.00999999999999 
449 246 113.00999999999999 
449 367 44.01 
449 485 135.01 
449 495 118.00999999999999 
449 500 0.01 
345 369 40.01 
345 371 28.009999999999998 
345 427 31.009999999999998 
345 464 29.009999999999998 
345 471 35.01 
345 497 36.01 
345 499 34.01 
345 500 32.01 
57 237 0.01 
57 289 5.01 
57 383 3.01 
57 390 5.01 
57 407 1.01 
57 410 13.01 
57 495 2.01 
383 33 9.01 
383 172 10.01 
383 251 21.009999999999998 
383 411 16.009999999999998 
383 470 9.01 
383 498 5.01 
342 299 0.01 
342 350 48.01 
342 450 61.01 
342 463 23.009999999999998 
342 480 48.01 
342 494 76.00999999999999 
59 89 9.01 
59 213 7.01 
59 307 10.01 
59 381 9.01 
59 426 18.009999999999998 
59 449 12.01 
59 476 6.01 
89 59 13.01 
89 285 12.01 
89 434 16.009999999999998 
89 480 18.009999999999998 
89 487 23.009999999999998 
89 495 20.009999999999998 
307 352 57.01 
307 381 51.01 
307 450 50.01 
307 463 68.00999999999999 
307 472 0.01 
307 494 61.01 
60 118 3.01 
60 160 6.01 
60 256 0.01 
60 379 8.01 
60 407 8.01 
60 492 8.01 
60 496 4.01 
118 104 3.01 
118 255 19.009999999999998 
118 328 20.009999999999998 
118 404 0.01 
118 441 9.01 
118 457 0.01 
118 460 7.01 
160 27 18.009999999999998 
160 242 14.01 
160 354 18.009999999999998 
160 437 21.009999999999998 
160 438 13.01 
160 478 24.009999999999998 
160 484 11.01 
61 149 18.009999999999998 
61 450 7.01 
61 452 7.01 
61 477 0.01 
61 484 8.01 
61 488 7.01 
61 493 15.01 
149 44 6.01 
149 341 10.01 
149 406 9.01 
149 458 10.01 
149 470 11.01 
149 493 7.01 
149 500 0.01 
62 5 13.01 
62 46 8.01 
62 118 14.01 
62 143 11.01 
62 403 4.01 
62 444 18.009999999999998 
62 452 9.01 
143 255 6.01 
143 286 7.01 
143 393 8.01 
143 443 7.01 
143 480 8.01 
143 483 7.01 
143 489 0.01 
403 27 24.009999999999998 
403 66 16.009999999999998 
403 322 15.01 
403 373 12.01 
403 491 24.009999999999998 
403 498 28.009999999999998 
444 199 64.00999999999999 
444 314 50.01 
444 365 57.01 
444 373 27.009999999999998 
444 399 69.00999999999999 
444 441 63.01 
380 361 185.01 
380 462 193.01 
380 465 183.01 
380 468 192.01 
380 472 198.01 
380 477 138.01 
380 479 182.01 
380 489 128.01 
380 499 174.01 
380 500 175.01 
144 174 8.01 
144 263 11.01 
144 268 11.01 
144 300 12.01 
144 410 7.01 
144 473 11.01 
205 30 15.01 
205 98 0.01 
205 178 16.009999999999998 
205 293 9.01 
205 353 8.01 
205 358 23.009999999999998 
205 492 12.01 
318 268 37.01 
318 331 34.01 
318 387 30.009999999999998 
318 439 30.009999999999998 
318 483 23.009999999999998 
318 492 40.01 
358 64 21.009999999999998 
358 154 25.009999999999998 
358 174 24.009999999999998 
358 248 18.009999999999998 
358 392 43.01 
358 493 22.009999999999998 
352 17 86.00999999999999 
352 49 99.00999999999999 
352 294 86.00999999999999 
352 463 80.00999999999999 
352 487 87.00999999999999 
352 495 108.00999999999999 
227 89 10.01 
227 355 37.01 
227 403 27.009999999999998 
227 412 14.01 
227 486 23.009999999999998 
227 491 26.009999999999998 
230 187 11.01 
230 430 7.01 
230 482 20.009999999999998 
230 490 14.01 
230 491 19.009999999999998 
230 498 20.009999999999998 
368 115 29.009999999999998 
368 127 27.009999999999998 
368 363 28.009999999999998 
368 483 16.009999999999998 
368 486 37.01 
368 498 25.009999999999998 
67 26 5.01 
67 116 10.01 
67 370 7.01 
67 391 10.01 
67 470 7.01 
67 493 10.01 
370 26 10.01 
370 150 13.01 
370 212 11.01 
370 319 13.01 
370 484 10.01 
370 493 19.009999999999998 
391 9 44.01 
391 96 34.01 
391 223 45.01 
391 311 42.01 
391 400 27.009999999999998 
391 491 22.009999999999998 
132 6 2.01 
132 19 4.01 
132 133 8.01 
132 475 10.01 
132 492 5.01 
132 496 9.01 
215 11 22.009999999999998 
215 80 31.009999999999998 
215 202 38.01 
215 418 31.009999999999998 
215 473 18.009999999999998 
215 500 0.01 
439 18 42.01 
439 263 45.01 
439 280 40.01 
439 387 28.009999999999998 
439 440 9.01 
439 496 39.01 
69 4 5.01 
69 51 8.01 
69 361 0.01 
69 383 3.01 
69 396 1.01 
69 400 6.01 
69 451 0.01 
361 209 383.01 
361 457 365.01 
361 461 375.01 
361 489 392.01 
361 499 40.01 
361 500 352.01 
396 54 9.01 
396 91 12.01 
396 107 8.01 
396 275 5.01 
396 325 8.01 
396 446 0.01 
400 72 20.009999999999998 
400 73 16.009999999999998 
400 301 23.009999999999998 
400 384 15.01 
400 426 11.01 
400 463 11.01 
70 72 25.009999999999998 
70 182 13.01 
70 252 25.009999999999998 
70 373 20.009999999999998 
70 415 21.009999999999998 
70 498 27.009999999999998 
72 48 9.01 
72 271 14.01 
72 373 13.01 
72 430 8.01 
72 445 11.01 
72 490 12.01 
182 86 8.01 
182 90 7.01 
182 340 0.01 
182 478 9.01 
182 486 7.01 
182 494 2.01 
182 498 9.01 
71 15 74.00999999999999 
71 209 62.01 
71 256 75.00999999999999 
71 465 52.01 
71 469 32.01 
71 489 59.01 
71 499 58.01 
71 500 51.01 
271 104 4.01 
271 236 18.009999999999998 
271 309 17.009999999999998 
271 430 15.01 
271 478 14.01 
271 498 21.009999999999998 
73 95 13.01 
73 124 11.01 
73 136 4.01 
73 206 15.01 
73 221 6.01 
73 481 16.009999999999998 
73 488 13.01 
95 163 4.01 
95 240 9.01 
95 244 1.01 
95 436 9.01 
95 441 5.01 
95 476 10.01 
95 488 6.01 
136 43 22.009999999999998 
136 66 14.01 
136 120 13.01 
136 139 19.009999999999998 
136 368 18.009999999999998 
136 487 11.01 
136 490 14.01 
206 1 13.01 
206 54 11.01 
206 292 6.01 
206 385 6.01 
206 401 17.009999999999998 
206 445 9.01 
206 481 18.009999999999998 
221 325 36.01 
221 409 16.009999999999998 
221 480 45.01 
221 487 49.01 
221 494 54.01 
221 495 55.01 
74 108 17.009999999999998 
74 216 25.009999999999998 
74 349 45.01 
74 385 30.009999999999998 
74 436 48.01 
74 440 28.009999999999998 
108 158 4.01 
108 266 0.01 
108 298 8.01 
108 341 9.01 
108 401 11.01 
108 433 6.01 
108 489 0.01 
216 94 14.01 
216 327 9.01 
216 385 16.009999999999998 
216 417 9.01 
216 425 11.01 
216 440 18.009999999999998 
385 124 28.009999999999998 
385 203 14.01 
385 440 40.01 
385 481 37.01 
385 497 0.01 
385 499 0.01 
436 158 64.00999999999999 
436 365 45.01 
436 377 71.00999999999999 
436 438 40.01 
436 481 66.00999999999999 
436 499 0.01 
440 74 48.01 
440 219 65.00999999999999 
440 244 42.01 
440 345 0.01 
440 382 23.009999999999998 
440 481 58.01 
299 8 205.01 
299 266 249.01 
299 469 212.01 
299 497 230.01 
299 499 228.01 
299 500 186.01 
76 30 8.01 
76 235 6.01 
76 332 12.01 
76 386 6.01 
76 439 8.01 
76 473 6.01 
235 189 10.01 
235 386 8.01 
235 405 13.01 
235 444 6.01 
235 473 9.01 
235 492 7.01 
332 178 21.009999999999998 
332 344 19.009999999999998 
332 405 20.009999999999998 
332 409 11.01 
332 483 8.01 
332 496 24.009999999999998 
77 19 4.01 
77 21 1.01 
77 60 3.01 
77 70 3.01 
77 301 2.01 
77 417 2.01 
77 422 4.01 
301 228 3.01 
301 335 14.01 
301 338 0.01 
301 370 12.01 
301 382 17.009999999999998 
301 499 0.01 
417 129 26.009999999999998 
417 166 12.01 
417 285 14.01 
417 289 19.009999999999998 
417 411 24.009999999999998 
417 453 16.009999999999998 
78 211 110.00999999999999 
78 371 88.00999999999999 
78 442 101.00999999999999 
78 469 94.00999999999999 
78 497 99.00999999999999 
78 499 112.00999999999999 
78 500 106.00999999999999 
371 100 184.01 
371 278 167.01 
371 338 177.01 
371 348 146.01 
371 471 180.01 
371 499 158.01 
371 500 163.01 
79 15 27.009999999999998 
79 112 33.01 
79 317 28.009999999999998 
79 338 26.009999999999998 
79 469 29.009999999999998 
79 499 25.009999999999998 
79 500 23.009999999999998 
338 404 157.01 
338 446 159.01 
338 477 153.01 
338 497 158.01 
338 499 144.01 
338 500 128.01 
80 133 12.01 
80 300 12.01 
80 410 17.009999999999998 
80 467 22.009999999999998 
80 492 21.009999999999998 
80 496 20.009999999999998 
133 318 2.01 
133 343 5.01 
133 418 7.01 
133 439 6.01 
133 467 6.01 
133 496 3.01 
300 56 0.01 
300 132 14.01 
300 187 19.009999999999998 
300 228 6.01 
300 473 17.009999999999998 
300 496 24.009999999999998 
84 81 63.01 
84 82 91.00999999999999 
84 392 35.01 
84 479 0.01 
84 480 93.00999999999999 
84 485 99.00999999999999 
84 487 88.00999999999999 
159 28 80.00999999999999 
159 221 60.01 
159 346 48.01 
159 480 15.01 
159 487 44.01 
159 495 77.00999999999999 
246 49 51.01 
246 194 52.01 
246 247 44.01 
246 336 38.01 
246 426 54.01 
246 482 23.009999999999998 
394 330 51.01 
394 346 118.00999999999999 
394 363 57.01 
394 426 130.01 
394 449 80.00999999999999 
394 498 60.01 
146 16 0.01 
146 97 16.009999999999998 
146 279 18.009999999999998 
146 334 24.009999999999998 
146 375 10.01 
146 406 17.009999999999998 
146 466 2.01 
85 131 31.009999999999998 
85 195 41.01 
85 423 52.01 
85 450 50.01 
85 487 11.01 
85 494 77.00999999999999 
85 495 53.01 
195 247 45.01 
195 290 29.009999999999998 
195 330 45.01 
195 423 43.01 
195 434 57.01 
195 494 58.01 
195 495 57.01 
86 72 22.009999999999998 
86 277 9.01 
86 431 12.01 
86 490 23.009999999999998 
86 491 16.009999999999998 
86 498 18.009999999999998 
277 269 13.01 
277 309 16.009999999999998 
277 403 17.009999999999998 
277 429 20.009999999999998 
277 448 10.01 
277 490 21.009999999999998 
348 75 340.01 
348 303 320.01 
348 404 318.01 
348 451 321.01 
348 461 343.01 
348 489 329.01 
348 499 28.009999999999998 
427 169 151.01 
427 338 186.01 
427 468 151.01 
427 469 181.01 
427 489 159.01 
427 499 142.01 
427 500 167.01 
88 147 15.01 
88 208 18.009999999999998 
88 355 11.01 
88 365 7.01 
88 426 6.01 
88 447 10.01 
88 455 10.01 
147 125 15.01 
147 141 10.01 
147 210 12.01 
147 378 19.009999999999998 
147 428 7.01 
147 443 6.01 
208 35 13.01 
208 143 9.01 
208 305 11.01 
208 452 10.01 
208 455 16.009999999999998 
208 483 12.01 
208 498 4.01 
365 32 25.009999999999998 
365 210 26.009999999999998 
365 378 19.009999999999998 
365 455 32.01 
365 460 44.01 
365 473 14.01 
90 224 10.01 
90 337 0.01 
90 354 3.01 
90 443 3.01 
90 448 5.01 
90 490 2.01 
90 498 2.01 
337 8 188.01 
337 87 186.01 
337 340 194.01 
337 397 205.01 
337 451 192.01 
337 472 185.01 
354 122 50.01 
354 184 22.009999999999998 
354 363 37.01 
354 430 35.01 
354 478 48.01 
354 486 49.01 
123 256 18.009999999999998 
123 291 6.01 
123 446 19.009999999999998 
123 468 18.009999999999998 
123 497 20.009999999999998 
123 499 13.01 
123 500 15.01 
93 36 18.009999999999998 
93 323 12.01 
93 362 25.009999999999998 
93 367 24.009999999999998 
93 428 13.01 
93 441 17.009999999999998 
93 480 12.01 
323 24 49.01 
323 197 59.01 
323 420 45.01 
323 440 32.01 
323 488 19.009999999999998 
323 495 29.009999999999998 
367 272 54.01 
367 362 62.01 
367 393 37.01 
367 455 53.01 
367 489 0.01 
367 493 34.01 
441 157 31.009999999999998 
441 159 48.01 
441 172 46.01 
441 255 53.01 
441 286 65.00999999999999 
441 455 62.01 
94 272 5.01 
94 287 5.01 
94 323 7.01 
94 419 10.01 
94 465 0.01 
94 474 9.01 
94 488 9.01 
272 88 16.009999999999998 
272 104 22.009999999999998 
272 249 25.009999999999998 
272 393 11.01 
272 399 29.009999999999998 
272 452 7.01 
287 208 11.01 
287 375 7.01 
287 393 13.01 
287 397 0.01 
287 454 8.01 
287 455 7.01 
419 106 63.01 
419 121 31.009999999999998 
419 323 49.01 
419 333 21.009999999999998 
419 401 41.01 
419 476 36.01 
163 243 20.009999999999998 
163 309 24.009999999999998 
163 368 17.009999999999998 
163 398 38.01 
163 482 30.009999999999998 
163 491 28.009999999999998 
163 498 19.009999999999998 
240 192 19.009999999999998 
240 342 6.01 
240 408 10.01 
240 418 11.01 
240 440 12.01 
240 498 10.01 
244 397 0.01 
244 401 14.01 
244 433 14.01 
244 464 0.01 
244 476 16.009999999999998 
244 487 12.01 
96 91 5.01 
96 145 10.01 
96 192 3.01 
96 313 14.01 
96 387 4.01 
96 407 20.009999999999998 
96 492 13.01 
145 196 10.01 
145 253 5.01 
145 311 13.01 
145 313 7.01 
145 357 4.01 
145 458 8.01 
313 116 17.009999999999998 
313 222 10.01 
313 250 8.01 
313 489 0.01 
313 493 16.009999999999998 
313 500 0.01 
387 217 16.009999999999998 
387 358 28.009999999999998 
387 410 26.009999999999998 
387 421 0.01 
387 446 0.01 
387 475 32.01 
97 254 6.01 
97 305 11.01 
97 384 6.01 
97 480 7.01 
97 484 13.01 
97 493 6.01 
97 496 8.01 
305 31 7.01 
305 302 5.01 
305 366 6.01 
305 452 16.009999999999998 
305 473 3.01 
305 483 11.01 
98 340 11.01 
98 397 9.01 
98 432 11.01 
98 451 7.01 
98 461 11.01 
98 479 10.01 
98 499 8.01 
98 500 7.01 
340 361 42.01 
340 421 46.01 
340 464 47.01 
340 469 51.01 
340 497 49.01 
340 499 50.01 
340 500 52.01 
100 98 66.00999999999999 
100 204 55.01 
100 464 61.01 
100 465 64.00999999999999 
100 468 42.01 
100 472 60.01 
100 479 61.01 
100 497 63.01 
100 500 56.01 
101 78 0.01 
101 287 13.01 
101 309 5.01 
101 329 4.01 
101 339 16.009999999999998 
101 447 16.009999999999998 
101 455 23.009999999999998 
309 2 17.009999999999998 
309 45 8.01 
309 355 12.01 
309 403 10.01 
309 491 11.01 
309 498 15.01 
329 39 8.01 
329 79 0.01 
329 350 9.01 
329 418 11.01 
329 449 12.01 
329 454 11.01 
102 32 81.00999999999999 
102 415 81.00999999999999 
102 431 97.00999999999999 
102 486 25.009999999999998 
102 490 66.00999999999999 
102 491 104.00999999999999 
103 189 4.01 
103 232 5.01 
103 310 1.01 
103 387 9.01 
103 392 7.01 
103 492 7.01 
103 496 10.01 
232 158 10.01 
232 226 10.01 
232 332 9.01 
232 408 13.01 
232 433 7.01 
232 465 0.01 
104 21 5.01 
104 267 6.01 
104 293 5.01 
104 399 3.01 
104 436 5.01 
104 483 5.01 
104 497 0.01 
483 55 64.00999999999999 
483 93 83.00999999999999 
483 328 74.00999999999999 
483 367 85.00999999999999 
483 441 76.00999999999999 
483 493 68.00999999999999 
105 322 14.01 
105 354 4.01 
105 412 6.01 
105 490 7.01 
105 491 8.01 
105 498 13.01 
322 126 8.01 
322 185 24.009999999999998 
322 403 9.01 
322 482 14.01 
322 490 17.009999999999998 
322 498 11.01 
106 108 12.01 
106 304 12.01 
106 402 9.01 
106 436 11.01 
106 438 19.009999999999998 
106 474 15.01 
402 111 9.01 
402 264 16.009999999999998 
402 298 21.009999999999998 
402 320 0.01 
402 420 24.009999999999998 
402 492 22.009999999999998 
107 109 1.01 
107 138 4.01 
107 186 9.01 
107 301 2.01 
107 395 5.01 
107 396 2.01 
109 69 9.01 
109 107 9.01 
109 113 7.01 
109 129 11.01 
109 292 12.01 
109 411 12.01 
138 4 11.01 
138 59 3.01 
138 83 0.01 
138 153 3.01 
138 317 0.01 
138 425 1.01 
138 453 2.01 
186 51 2.01 
186 83 2.01 
186 211 0.01 
186 396 5.01 
186 415 1.01 
186 453 4.01 
186 473 0.01 
158 14 16.009999999999998 
158 108 9.01 
158 260 12.01 
158 352 6.01 
158 438 13.01 
158 481 12.01 
158 495 10.01 
266 29 120.00999999999999 
266 231 133.01 
266 291 140.01 
266 413 129.01 
266 472 147.01 
266 500 150.01 
298 232 13.01 
298 245 14.01 
298 476 14.01 
298 488 20.009999999999998 
298 490 3.01 
298 500 0.01 
341 181 24.009999999999998 
341 183 22.009999999999998 
341 240 30.009999999999998 
341 327 19.009999999999998 
341 441 17.009999999999998 
341 488 30.009999999999998 
401 53 54.01 
401 379 40.01 
401 419 40.01 
401 474 55.01 
401 476 48.01 
401 481 65.00999999999999 
433 181 43.01 
433 264 34.01 
433 341 57.01 
433 474 42.01 
433 484 23.009999999999998 
433 499 0.01 
113 128 3.01 
113 289 0.01 
113 369 0.01 
113 395 2.01 
113 417 8.01 
113 453 3.01 
113 496 6.01 
129 77 8.01 
129 353 6.01 
129 372 17.009999999999998 
129 382 13.01 
129 395 4.01 
129 460 11.01 
129 494 3.01 
110 214 18.009999999999998 
110 277 20.009999999999998 
110 430 38.01 
110 482 19.009999999999998 
110 490 22.009999999999998 
110 498 19.009999999999998 
214 271 62.01 
214 448 59.01 
214 486 81.00999999999999 
214 488 35.01 
214 491 67.00999999999999 
214 498 81.00999999999999 
111 11 3.01 
111 173 0.01 
111 344 7.01 
111 427 0.01 
111 476 3.01 
111 484 8.01 
111 488 12.01 
173 123 65.00999999999999 
173 461 22.009999999999998 
173 462 63.01 
173 469 32.01 
173 471 69.00999999999999 
173 479 59.01 
173 497 54.01 
173 500 73.00999999999999 
128 57 9.01 
128 113 8.01 
128 168 4.01 
128 201 8.01 
128 342 3.01 
128 400 1.01 
128 453 5.01 
369 16 180.01 
369 177 157.01 
369 320 167.01 
369 468 158.01 
369 479 135.01 
369 499 157.01 
369 500 113.00999999999999 
114 206 36.01 
114 241 41.01 
114 385 22.009999999999998 
114 419 44.01 
114 474 50.01 
114 488 19.009999999999998 
241 114 24.009999999999998 
241 165 37.01 
241 259 25.009999999999998 
241 419 41.01 
241 434 17.009999999999998 
241 476 36.01 
115 230 37.01 
115 415 27.009999999999998 
115 429 54.01 
115 448 29.009999999999998 
115 490 24.009999999999998 
115 498 30.009999999999998 
334 112 0.01 
334 259 16.009999999999998 
334 388 19.009999999999998 
334 424 18.009999999999998 
334 466 26.009999999999998 
334 485 16.009999999999998 
350 20 27.009999999999998 
350 150 21.009999999999998 
350 233 30.009999999999998 
350 329 20.009999999999998 
350 481 17.009999999999998 
350 488 17.009999999999998 
255 137 24.009999999999998 
255 218 21.009999999999998 
255 356 24.009999999999998 
255 413 0.01 
255 428 23.009999999999998 
255 470 17.009999999999998 
404 79 186.01 
404 200 162.01 
404 303 175.01 
404 413 181.01 
404 469 179.01 
404 499 187.01 
404 500 165.01 
119 78 233.01 
119 376 239.01 
119 427 238.01 
119 462 269.01 
119 468 220.01 
119 477 222.01 
119 499 216.01 
119 500 3.01 
376 200 200.01 
376 204 192.01 
376 404 198.01 
376 446 202.01 
376 479 195.01 
376 500 216.01 
120 166 4.01 
120 251 3.01 
120 292 1.01 
120 347 5.01 
120 395 7.01 
120 411 8.01 
166 57 2.01 
166 63 0.01 
166 193 8.01 
166 292 5.01 
166 383 2.01 
166 439 4.01 
166 500 0.01 
251 300 2.01 
251 335 9.01 
251 356 3.01 
251 372 12.01 
251 396 1.01 
251 453 11.01 
125 287 6.01 
125 302 14.01 
125 326 4.01 
125 444 13.01 
125 460 12.01 
125 486 11.01 
125 499 0.01 
122 224 105.00999999999999 
122 445 115.00999999999999 
122 448 106.00999999999999 
122 478 126.00999999999999 
122 482 42.01 
122 491 120.00999999999999 
291 123 44.01 
291 200 38.01 
291 457 34.01 
291 471 39.01 
291 499 41.01 
291 500 36.01 
207 74 9.01 
207 236 5.01 
207 333 3.01 
207 341 11.01 
207 438 8.01 
207 476 3.01 
207 481 11.01 
257 59 55.01 
257 142 49.01 
257 148 44.01 
257 405 31.009999999999998 
257 485 42.01 
257 495 65.00999999999999 
302 36 25.009999999999998 
302 460 19.009999999999998 
302 472 0.01 
302 483 19.009999999999998 
302 489 0.01 
302 493 13.01 
375 229 14.01 
375 293 10.01 
375 443 11.01 
375 459 15.01 
375 462 0.01 
375 483 23.009999999999998 
398 130 185.01 
398 412 137.01 
398 445 166.01 
398 478 178.01 
398 490 135.01 
398 498 81.00999999999999 
201 33 7.01 
201 153 1.01 
201 251 10.01 
201 353 4.01 
201 383 7.01 
201 393 1.01 
201 400 8.01 
135 250 16.009999999999998 
135 276 29.009999999999998 
135 370 34.01 
135 466 7.01 
135 470 14.01 
135 493 23.009999999999998 
250 97 7.01 
250 279 10.01 
250 304 7.01 
250 329 14.01 
250 431 8.01 
250 454 5.01 
137 141 9.01 
137 225 8.01 
137 305 8.01 
137 346 16.009999999999998 
137 354 5.01 
137 365 7.01 
137 452 10.01 
141 137 24.009999999999998 
141 162 27.009999999999998 
141 193 22.009999999999998 
141 261 27.009999999999998 
141 375 27.009999999999998 
141 416 29.009999999999998 
141 420 18.009999999999998 
225 7 0.01 
225 210 26.009999999999998 
225 428 24.009999999999998 
225 447 21.009999999999998 
225 453 20.009999999999998 
225 483 26.009999999999998 
346 40 60.01 
346 246 56.01 
346 384 61.01 
346 474 34.01 
346 485 59.01 
346 494 67.00999999999999 
153 41 1.01 
153 96 0.01 
153 186 1.01 
153 411 1.01 
153 449 1.01 
153 453 1.01 
153 497 0.01 
236 210 12.01 
236 295 30.009999999999998 
236 398 25.009999999999998 
236 482 27.009999999999998 
236 486 25.009999999999998 
236 498 40.01 
202 18 15.01 
202 49 9.01 
202 308 20.009999999999998 
202 381 7.01 
202 436 12.01 
202 467 15.01 
202 496 21.009999999999998 
162 305 10.01 
162 322 7.01 
162 378 11.01 
162 441 19.009999999999998 
162 443 8.01 
162 465 0.01 
162 483 10.01 
193 77 7.01 
193 109 10.01 
193 201 14.01 
193 219 7.01 
193 372 5.01 
193 417 8.01 
193 500 0.01 
261 351 12.01 
261 362 9.01 
261 447 19.009999999999998 
261 455 16.009999999999998 
261 463 12.01 
261 482 10.01 
316 40 38.01 
316 220 30.009999999999998 
316 295 27.009999999999998 
316 336 24.009999999999998 
316 480 28.009999999999998 
316 495 53.01 
393 101 26.009999999999998 
393 267 11.01 
393 441 19.009999999999998 
393 444 27.009999999999998 
393 459 17.009999999999998 
393 500 0.01 
174 202 23.009999999999998 
174 213 35.01 
174 392 22.009999999999998 
174 402 8.01 
174 475 9.01 
174 478 11.01 
174 496 31.009999999999998 
253 212 6.01 
253 306 4.01 
253 329 6.01 
253 350 13.01 
253 424 8.01 
253 457 0.01 
458 196 83.00999999999999 
458 258 35.01 
458 315 43.01 
458 388 41.01 
458 466 42.01 
458 490 25.009999999999998 
210 103 8.01 
210 162 15.01 
210 414 18.009999999999998 
210 416 13.01 
210 419 13.01 
210 443 9.01 
148 155 16.009999999999998 
148 316 18.009999999999998 
148 352 15.01 
148 434 10.01 
148 485 11.01 
148 487 15.01 
148 495 18.009999999999998 
150 188 7.01 
150 290 4.01 
150 334 5.01 
150 430 6.01 
150 466 7.01 
150 474 4.01 
150 493 9.01 
151 136 77.00999999999999 
151 160 89.00999999999999 
151 163 115.00999999999999 
151 368 88.00999999999999 
151 491 123.00999999999999 
151 498 82.00999999999999 
154 99 5.01 
154 103 11.01 
154 133 9.01 
154 254 5.01 
154 332 8.01 
154 492 10.01 
194 28 32.01 
194 85 26.009999999999998 
194 220 29.009999999999998 
194 265 15.01 
194 364 24.009999999999998 
194 480 20.009999999999998 
194 494 27.009999999999998 
264 24 18.009999999999998 
264 214 22.009999999999998 
264 249 22.009999999999998 
264 468 0.01 
264 474 22.009999999999998 
264 481 24.009999999999998 
308 156 42.01 
308 215 49.01 
308 291 0.01 
308 467 48.01 
308 475 37.01 
308 492 19.009999999999998 
157 149 12.01 
157 222 13.01 
157 379 15.01 
157 388 13.01 
157 406 7.01 
157 484 13.01 
164 190 252.01 
164 413 239.01 
164 432 266.01 
164 457 254.01 
164 479 233.01 
164 499 244.01 
164 500 230.01 
190 52 50.01 
190 266 36.01 
190 320 34.01 
190 340 38.01 
190 457 48.01 
190 472 41.01 
190 489 42.01 
190 499 32.01 
190 500 38.01 
165 274 14.01 
165 283 9.01 
165 396 6.01 
165 440 15.01 
165 443 7.01 
165 481 20.009999999999998 
165 482 7.01 
274 137 15.01 
274 249 31.009999999999998 
274 401 50.01 
274 412 22.009999999999998 
274 474 13.01 
274 499 0.01 
169 29 119.00999999999999 
169 404 87.00999999999999 
169 451 90.00999999999999 
169 461 91.00999999999999 
169 497 95.00999999999999 
169 499 81.00999999999999 
169 500 85.00999999999999 
220 234 8.01 
220 246 24.009999999999998 
220 342 19.009999999999998 
220 469 0.01 
220 487 13.01 
220 495 14.01 
171 297 56.01 
171 306 51.01 
171 321 64.00999999999999 
171 381 52.01 
171 390 49.01 
171 494 65.00999999999999 
178 13 7.01 
178 76 13.01 
178 238 9.01 
178 418 4.01 
178 473 4.01 
178 492 5.01 
179 227 25.009999999999998 
179 373 20.009999999999998 
179 478 14.01 
179 482 23.009999999999998 
179 486 30.009999999999998 
179 498 17.009999999999998 
181 283 12.01 
181 349 11.01 
181 408 8.01 
181 419 13.01 
181 422 5.01 
181 470 13.01 
181 481 14.01 
183 14 12.01 
183 42 8.01 
183 207 19.009999999999998 
183 298 11.01 
183 424 8.01 
183 474 15.01 
183 488 18.009999999999998 
184 235 12.01 
184 310 25.009999999999998 
184 350 17.009999999999998 
184 459 9.01 
184 470 7.01 
184 484 24.009999999999998 
184 493 18.009999999999998 
185 271 6.01 
185 295 8.01 
185 309 11.01 
185 403 15.01 
185 412 4.01 
185 439 7.01 
185 490 7.01 
187 128 9.01 
187 154 9.01 
187 318 6.01 
187 467 9.01 
187 473 12.01 
187 481 6.01 
187 496 12.01 
269 57 18.009999999999998 
269 119 0.01 
269 233 6.01 
269 280 6.01 
269 418 12.01 
269 496 19.009999999999998 
320 284 49.01 
320 291 46.01 
320 361 45.01 
320 427 58.01 
320 464 56.01 
320 497 49.01 
320 499 52.01 
320 500 58.01 
191 22 60.01 
191 337 68.00999999999999 
191 461 75.00999999999999 
191 471 79.00999999999999 
191 497 92.00999999999999 
191 499 77.00999999999999 
191 500 67.00999999999999 
219 130 18.009999999999998 
219 245 19.009999999999998 
219 259 30.009999999999998 
219 377 27.009999999999998 
219 466 13.01 
219 488 44.01 
270 61 8.01 
270 237 4.01 
270 250 6.01 
270 310 7.01 
270 315 16.009999999999998 
270 466 13.01 
199 93 31.009999999999998 
199 216 16.009999999999998 
199 218 28.009999999999998 
199 229 19.009999999999998 
199 301 8.01 
199 339 13.01 
199 362 30.009999999999998 
218 62 15.01 
218 374 21.009999999999998 
218 452 22.009999999999998 
218 455 18.009999999999998 
218 460 20.009999999999998 
218 471 0.01 
229 88 27.009999999999998 
229 314 15.01 
229 399 17.009999999999998 
229 406 16.009999999999998 
229 456 0.01 
229 499 0.01 
200 190 107.00999999999999 
200 345 133.01 
200 369 128.01 
200 471 124.00999999999999 
200 489 124.00999999999999 
200 497 97.00999999999999 
200 499 122.00999999999999 
333 180 23.009999999999998 
333 296 20.009999999999998 
333 402 18.009999999999998 
333 469 0.01 
333 476 24.009999999999998 
333 485 12.01 
414 145 24.009999999999998 
414 302 31.009999999999998 
414 330 35.01 
414 339 44.01 
414 444 42.01 
414 452 37.01 
303 22 120.00999999999999 
303 376 130.01 
303 427 123.00999999999999 
303 472 128.01 
303 489 128.01 
303 497 139.01 
303 499 117.00999999999999 
303 500 126.00999999999999 
212 1 7.01 
212 329 7.01 
212 388 10.01 
212 466 12.01 
212 493 11.01 
212 494 6.01 
327 14 18.009999999999998 
327 196 12.01 
327 198 12.01 
327 323 18.009999999999998 
327 345 0.01 
327 385 15.01 
217 103 24.009999999999998 
217 280 13.01 
217 359 32.01 
217 492 27.009999999999998 
217 496 21.009999999999998 
217 499 0.01 
245 25 12.01 
245 111 11.01 
245 207 13.01 
245 216 9.01 
245 260 13.01 
245 335 10.01 
259 69 11.01 
259 165 23.009999999999998 
259 216 27.009999999999998 
259 232 26.009999999999998 
259 401 37.01 
259 488 31.009999999999998 
234 42 24.009999999999998 
234 67 23.009999999999998 
234 135 15.01 
234 212 19.009999999999998 
234 458 23.009999999999998 
234 494 18.009999999999998 
325 194 71.00999999999999 
325 279 27.009999999999998 
325 434 64.00999999999999 
325 463 26.009999999999998 
325 485 83.00999999999999 
325 487 79.00999999999999 
248 239 9.01 
248 260 11.01 
248 270 9.01 
248 313 13.01 
248 467 15.01 
248 493 6.01 
312 86 68.00999999999999 
312 179 86.00999999999999 
312 214 75.00999999999999 
312 354 89.00999999999999 
312 486 20.009999999999998 
312 491 94.00999999999999 
226 94 24.009999999999998 
226 148 35.01 
226 319 44.01 
226 419 33.01 
226 433 35.01 
226 491 57.01 
315 20 14.01 
315 115 8.01 
315 248 13.01 
315 326 13.01 
315 389 32.01 
315 474 15.01 
282 65 30.009999999999998 
282 102 99.00999999999999 
282 110 74.00999999999999 
282 431 109.00999999999999 
282 449 34.01 
282 490 71.00999999999999 
335 244 4.01 
335 347 6.01 
335 383 9.01 
335 400 10.01 
335 422 9.01 
335 496 7.01 
249 165 18.009999999999998 
249 180 14.01 
249 304 26.009999999999998 
249 351 14.01 
249 377 21.009999999999998 
249 412 13.01 
351 143 23.009999999999998 
351 208 39.01 
351 367 38.01 
351 375 19.009999999999998 
351 391 21.009999999999998 
351 469 0.01 
356 101 23.009999999999998 
356 105 14.01 
356 399 35.01 
356 443 35.01 
356 452 33.01 
356 496 25.009999999999998 
288 125 38.01 
288 333 14.01 
288 365 31.009999999999998 
288 416 20.009999999999998 
288 481 22.009999999999998 
288 483 37.01 
