1 178 48.01 
1 233 59.01 
1 279 54.01 
1 410 38.01 
1 466 53.01 
1 499 61.01 
1 500 44.01 
178 88 38.01 
178 227 28.009999999999998 
178 358 30.009999999999998 
178 371 33.01 
178 420 35.01 
178 486 29.009999999999998 
178 500 30.009999999999998 
233 179 84.00999999999999 
233 232 86.00999999999999 
233 353 38.01 
233 465 97.00999999999999 
233 476 81.00999999999999 
233 493 77.00999999999999 
233 500 86.00999999999999 
279 173 54.01 
279 227 51.01 
279 363 57.01 
279 445 50.01 
279 493 76.00999999999999 
279 499 70.00999999999999 
279 500 57.01 
410 26 89.00999999999999 
410 269 61.01 
410 469 66.00999999999999 
410 476 71.00999999999999 
410 499 66.00999999999999 
410 500 75.00999999999999 
466 22 137.01 
466 402 189.01 
466 445 171.01 
466 492 167.01 
466 499 152.01 
466 500 161.01 
499 13 1579.01 
499 140 1672.01 
499 211 1400.01 
499 371 1546.01 
499 464 1451.01 
499 500 969.01 
500 351 2789.01 
500 469 2783.01 
500 477 2732.01 
500 479 2457.01 
500 485 2309.01 
500 499 2418.01 
2 141 13.01 
2 153 3.01 
2 169 5.01 
2 321 11.01 
2 370 9.01 
2 423 14.01 
2 489 8.01 
141 21 19.009999999999998 
141 267 21.009999999999998 
141 287 11.01 
141 441 10.01 
141 479 16.009999999999998 
141 494 29.009999999999998 
141 500 12.01 
153 14 21.009999999999998 
153 356 18.009999999999998 
153 429 10.01 
153 430 18.009999999999998 
153 455 12.01 
153 496 12.01 
153 497 24.009999999999998 
169 174 4.01 
169 256 9.01 
169 286 9.01 
169 399 9.01 
169 423 5.01 
169 433 6.01 
169 500 10.01 
321 427 159.01 
321 445 137.01 
321 478 41.01 
321 486 131.01 
321 492 166.01 
321 499 136.01 
321 500 144.01 
370 224 14.01 
370 268 14.01 
370 296 20.009999999999998 
370 304 21.009999999999998 
370 418 17.009999999999998 
370 483 22.009999999999998 
423 74 35.01 
423 259 29.009999999999998 
423 344 35.01 
423 370 33.01 
423 451 35.01 
423 499 48.01 
489 146 203.01 
489 155 188.01 
489 215 169.01 
489 313 207.01 
489 457 207.01 
489 462 171.01 
3 73 26.009999999999998 
3 125 39.01 
3 138 39.01 
3 341 32.01 
3 413 25.009999999999998 
3 494 29.009999999999998 
3 499 23.009999999999998 
73 23 34.01 
73 60 36.01 
73 148 47.01 
73 392 54.01 
73 418 44.01 
73 473 44.01 
73 489 45.01 
125 127 18.009999999999998 
125 171 10.01 
125 237 10.01 
125 364 10.01 
125 452 11.01 
125 494 18.009999999999998 
125 500 18.009999999999998 
138 319 20.009999999999998 
138 326 16.009999999999998 
138 401 12.01 
138 479 18.009999999999998 
138 489 19.009999999999998 
138 494 6.01 
138 497 13.01 
341 21 19.009999999999998 
341 113 8.01 
341 265 14.01 
341 380 10.01 
341 418 8.01 
341 435 15.01 
341 491 8.01 
413 160 50.01 
413 224 42.01 
413 268 57.01 
413 428 56.01 
413 471 48.01 
413 498 65.00999999999999 
494 55 248.01 
494 313 270.01 
494 360 260.01 
494 467 212.01 
494 479 266.01 
494 489 263.01 
4 244 17.009999999999998 
4 320 16.009999999999998 
4 374 23.009999999999998 
4 381 19.009999999999998 
4 414 23.009999999999998 
4 489 18.009999999999998 
4 497 21.009999999999998 
244 320 16.009999999999998 
244 357 30.009999999999998 
244 467 20.009999999999998 
244 471 21.009999999999998 
244 474 22.009999999999998 
244 489 16.009999999999998 
244 494 18.009999999999998 
320 356 80.00999999999999 
320 364 98.00999999999999 
320 441 80.00999999999999 
320 474 90.00999999999999 
320 479 90.00999999999999 
320 483 93.00999999999999 
320 500 95.00999999999999 
374 115 57.01 
374 256 64.00999999999999 
374 314 62.01 
374 360 50.01 
374 401 59.01 
374 499 50.01 
381 463 27.009999999999998 
381 471 24.009999999999998 
381 495 26.009999999999998 
381 496 23.009999999999998 
381 497 30.009999999999998 
381 498 28.009999999999998 
414 76 31.009999999999998 
414 94 28.009999999999998 
414 149 44.01 
414 266 28.009999999999998 
414 368 31.009999999999998 
414 393 34.01 
497 310 681.01 
497 442 584.01 
497 468 776.01 
497 473 739.01 
497 491 558.01 
497 498 691.01 
5 67 64.00999999999999 
5 297 61.01 
5 397 56.01 
5 410 66.00999999999999 
5 475 46.01 
5 493 67.00999999999999 
5 500 64.00999999999999 
67 348 126.00999999999999 
67 464 147.01 
67 467 113.00999999999999 
67 487 112.00999999999999 
67 492 165.01 
67 499 134.01 
67 500 141.01 
297 7 57.01 
297 28 55.01 
297 392 59.01 
297 485 32.01 
297 486 49.01 
297 499 55.01 
297 500 71.00999999999999 
397 469 100.00999999999999 
397 476 77.00999999999999 
397 493 77.00999999999999 
397 494 78.00999999999999 
397 499 123.00999999999999 
397 500 106.00999999999999 
475 32 186.01 
475 60 216.01 
475 324 201.01 
475 430 164.01 
475 438 168.01 
475 455 180.01 
493 83 668.01 
493 157 626.01 
493 308 621.01 
493 343 550.01 
493 487 571.01 
493 500 556.01 
6 124 8.01 
6 142 12.01 
6 256 6.01 
6 346 8.01 
6 410 6.01 
6 455 7.01 
6 499 10.01 
124 160 15.01 
124 301 16.009999999999998 
124 336 21.009999999999998 
124 372 17.009999999999998 
124 430 19.009999999999998 
124 451 18.009999999999998 
124 483 22.009999999999998 
142 6 3.01 
142 18 8.01 
142 119 7.01 
142 431 5.01 
142 464 2.01 
142 485 3.01 
142 489 8.01 
256 152 16.009999999999998 
256 206 14.01 
256 263 9.01 
256 327 13.01 
256 336 10.01 
256 362 11.01 
256 492 12.01 
346 119 3.01 
346 330 7.01 
346 417 12.01 
346 481 4.01 
346 489 6.01 
346 496 4.01 
346 500 6.01 
455 9 77.00999999999999 
455 202 63.01 
455 343 66.00999999999999 
455 478 54.01 
455 490 73.00999999999999 
455 495 63.01 
7 16 8.01 
7 398 12.01 
7 456 16.009999999999998 
7 458 6.01 
7 487 7.01 
7 499 12.01 
7 500 11.01 
16 133 10.01 
16 183 15.01 
16 467 10.01 
16 471 5.01 
16 481 16.009999999999998 
16 499 12.01 
16 500 11.01 
398 233 203.01 
398 321 216.01 
398 456 177.01 
398 465 197.01 
398 499 178.01 
398 500 212.01 
456 29 251.01 
456 427 211.01 
456 465 231.01 
456 492 224.01 
456 493 225.01 
456 500 197.01 
458 276 186.01 
458 385 123.00999999999999 
458 422 138.01 
458 481 156.01 
458 492 164.01 
458 500 167.01 
487 291 556.01 
487 316 457.01 
487 467 536.01 
487 473 381.01 
487 478 550.01 
487 500 464.01 
8 108 16.009999999999998 
8 159 10.01 
8 416 16.009999999999998 
8 457 13.01 
8 459 26.009999999999998 
8 463 13.01 
8 500 6.01 
108 60 18.009999999999998 
108 257 21.009999999999998 
108 412 15.01 
108 446 14.01 
108 472 17.009999999999998 
108 488 16.009999999999998 
108 500 10.01 
159 156 45.01 
159 229 53.01 
159 352 60.01 
159 410 62.01 
159 461 49.01 
159 471 40.01 
159 500 59.01 
416 50 139.01 
416 95 155.01 
416 105 126.00999999999999 
416 334 145.01 
416 366 112.00999999999999 
416 488 74.00999999999999 
457 49 105.00999999999999 
457 168 86.00999999999999 
457 267 105.00999999999999 
457 389 100.00999999999999 
457 452 119.00999999999999 
457 485 94.00999999999999 
459 79 82.00999999999999 
459 284 87.00999999999999 
459 438 76.00999999999999 
459 449 68.00999999999999 
459 488 83.00999999999999 
459 499 76.00999999999999 
463 27 163.01 
463 225 148.01 
463 428 133.01 
463 475 131.01 
463 490 149.01 
463 498 161.01 
9 251 20.009999999999998 
9 257 23.009999999999998 
9 315 20.009999999999998 
9 398 20.009999999999998 
9 423 21.009999999999998 
9 451 22.009999999999998 
9 490 24.009999999999998 
251 170 59.01 
251 190 50.01 
251 208 45.01 
251 378 57.01 
251 429 70.00999999999999 
251 481 43.01 
251 490 56.01 
257 12 9.01 
257 44 5.01 
257 75 8.01 
257 139 6.01 
257 344 14.01 
257 433 12.01 
257 500 10.01 
315 216 55.01 
315 306 42.01 
315 356 59.01 
315 365 59.01 
315 446 43.01 
315 482 63.01 
315 483 48.01 
451 202 43.01 
451 239 45.01 
451 360 45.01 
451 429 51.01 
451 483 44.01 
451 496 43.01 
490 176 335.01 
490 312 313.01 
490 345 317.01 
490 411 311.01 
490 497 316.01 
490 498 297.01 
10 134 44.01 
10 169 33.01 
10 312 41.01 
10 318 35.01 
10 353 48.01 
10 433 43.01 
10 455 44.01 
134 242 33.01 
134 263 17.009999999999998 
134 287 38.01 
134 296 27.009999999999998 
134 388 23.009999999999998 
134 402 19.009999999999998 
134 500 20.009999999999998 
312 411 117.00999999999999 
312 440 93.00999999999999 
312 468 77.00999999999999 
312 479 55.01 
312 497 95.00999999999999 
312 498 79.00999999999999 
312 500 58.01 
318 242 37.01 
318 279 20.009999999999998 
318 294 47.01 
318 338 27.009999999999998 
318 342 50.01 
318 367 40.01 
318 444 45.01 
353 175 184.01 
353 233 221.01 
353 480 192.01 
353 487 172.01 
353 493 203.01 
353 500 185.01 
433 38 53.01 
433 173 45.01 
433 363 39.01 
433 441 51.01 
433 469 49.01 
433 494 55.01 
11 263 8.01 
11 300 7.01 
11 323 10.01 
11 346 6.01 
11 377 8.01 
11 411 7.01 
11 483 9.01 
263 142 4.01 
263 303 6.01 
263 399 5.01 
263 423 6.01 
263 457 8.01 
263 470 5.01 
263 483 8.01 
300 99 14.01 
300 280 12.01 
300 356 19.009999999999998 
300 388 22.009999999999998 
300 482 11.01 
300 483 27.009999999999998 
300 484 17.009999999999998 
323 36 17.009999999999998 
323 193 11.01 
323 406 12.01 
323 414 14.01 
323 470 28.009999999999998 
323 484 25.009999999999998 
323 495 28.009999999999998 
377 66 34.01 
377 99 41.01 
377 128 34.01 
377 475 51.01 
377 488 31.009999999999998 
377 491 63.01 
411 19 114.00999999999999 
411 362 116.00999999999999 
411 444 162.01 
411 490 80.00999999999999 
411 496 122.00999999999999 
411 498 139.01 
483 10 230.01 
483 238 184.01 
483 251 225.01 
483 280 243.01 
483 373 223.01 
483 458 224.01 
12 81 4.01 
12 135 5.01 
12 151 4.01 
12 197 5.01 
12 238 5.01 
12 266 2.01 
12 474 3.01 
81 125 21.009999999999998 
81 337 13.01 
81 393 20.009999999999998 
81 414 12.01 
81 494 32.01 
81 495 15.01 
81 498 9.01 
135 232 6.01 
135 273 3.01 
135 345 2.01 
135 390 6.01 
135 449 4.01 
135 466 3.01 
135 497 4.01 
151 130 3.01 
151 263 8.01 
151 369 5.01 
151 423 4.01 
151 437 6.01 
151 484 11.01 
151 485 12.01 
197 33 39.01 
197 326 31.009999999999998 
197 329 20.009999999999998 
197 369 23.009999999999998 
197 376 37.01 
197 425 26.009999999999998 
197 462 45.01 
238 73 126.00999999999999 
238 391 98.00999999999999 
238 418 105.00999999999999 
238 420 92.00999999999999 
238 454 112.00999999999999 
238 499 123.00999999999999 
238 500 138.01 
266 47 16.009999999999998 
266 56 12.01 
266 87 23.009999999999998 
266 234 15.01 
266 409 16.009999999999998 
266 474 15.01 
266 489 13.01 
474 53 126.00999999999999 
474 197 124.00999999999999 
474 261 113.00999999999999 
474 391 118.00999999999999 
474 453 111.00999999999999 
474 485 104.00999999999999 
13 1 300.01 
13 69 236.01 
13 157 274.01 
13 325 266.01 
13 402 246.01 
13 499 3.01 
13 500 274.01 
69 94 49.01 
69 125 35.01 
69 456 56.01 
69 461 53.01 
69 464 37.01 
69 499 66.00999999999999 
69 500 44.01 
157 461 154.01 
157 464 130.01 
157 467 118.00999999999999 
157 478 143.01 
157 487 115.00999999999999 
157 499 141.01 
157 500 106.00999999999999 
325 209 174.01 
325 415 140.01 
325 426 145.01 
325 467 156.01 
325 486 141.01 
325 493 136.01 
325 500 157.01 
402 5 332.01 
402 107 324.01 
402 308 323.01 
402 456 328.01 
402 461 331.01 
402 500 369.01 
14 25 10.01 
14 83 7.01 
14 315 3.01 
14 399 5.01 
14 475 5.01 
14 483 5.01 
14 487 5.01 
25 136 9.01 
25 230 8.01 
25 284 2.01 
25 368 5.01 
25 381 6.01 
25 431 5.01 
25 447 7.01 
83 304 90.00999999999999 
83 420 83.00999999999999 
83 456 108.00999999999999 
83 477 113.00999999999999 
83 481 96.00999999999999 
83 499 103.00999999999999 
83 500 98.00999999999999 
399 252 29.009999999999998 
399 300 37.01 
399 409 29.009999999999998 
399 421 27.009999999999998 
399 480 33.01 
399 482 32.01 
15 170 11.01 
15 283 9.01 
15 303 10.01 
15 385 7.01 
15 473 6.01 
15 480 10.01 
15 498 9.01 
170 32 26.009999999999998 
170 369 26.009999999999998 
170 378 23.009999999999998 
170 386 22.009999999999998 
170 470 13.01 
170 498 24.009999999999998 
170 499 19.009999999999998 
283 55 17.009999999999998 
283 115 39.01 
283 337 25.009999999999998 
283 448 29.009999999999998 
283 470 32.01 
283 484 35.01 
283 491 27.009999999999998 
303 50 10.01 
303 179 6.01 
303 207 7.01 
303 271 8.01 
303 324 10.01 
303 371 8.01 
303 498 12.01 
385 34 56.01 
385 65 42.01 
385 74 58.01 
385 295 50.01 
385 436 44.01 
385 450 57.01 
473 309 344.01 
473 332 434.01 
473 404 418.01 
473 440 428.01 
473 496 387.01 
473 498 408.01 
480 202 258.01 
480 337 275.01 
480 379 296.01 
480 432 260.01 
480 478 227.01 
480 485 298.01 
498 82 855.01 
498 121 866.01 
498 172 963.01 
498 408 943.01 
498 482 851.01 
498 495 810.01 
133 195 66.00999999999999 
133 236 62.01 
133 409 66.00999999999999 
133 427 66.00999999999999 
133 493 66.00999999999999 
133 499 53.01 
133 500 58.01 
183 304 3.01 
183 329 5.01 
183 465 5.01 
183 492 6.01 
183 493 8.01 
183 499 14.01 
183 500 9.01 
467 28 353.01 
467 114 288.01 
467 232 291.01 
467 486 403.01 
467 499 297.01 
467 500 305.01 
471 199 110.00999999999999 
471 270 100.00999999999999 
471 463 95.00999999999999 
471 482 94.00999999999999 
471 490 91.00999999999999 
471 498 108.00999999999999 
481 236 345.01 
481 398 338.01 
481 460 318.01 
481 477 290.01 
481 493 350.01 
481 500 302.01 
17 261 19.009999999999998 
17 292 26.009999999999998 
17 307 26.009999999999998 
17 436 19.009999999999998 
17 450 41.01 
17 484 19.009999999999998 
17 491 28.009999999999998 
261 414 33.01 
261 454 31.009999999999998 
261 462 38.01 
261 479 33.01 
261 485 20.009999999999998 
261 489 33.01 
261 497 31.009999999999998 
292 203 11.01 
292 240 13.01 
292 316 9.01 
292 450 17.009999999999998 
292 457 8.01 
292 498 10.01 
292 500 12.01 
307 162 50.01 
307 349 62.01 
307 450 57.01 
307 480 42.01 
307 482 43.01 
307 485 45.01 
307 498 31.009999999999998 
436 163 196.01 
436 268 217.01 
436 299 206.01 
436 405 191.01 
436 490 196.01 
436 498 227.01 
450 54 208.01 
450 150 235.01 
450 212 206.01 
450 403 222.01 
450 468 154.01 
450 470 207.01 
484 80 141.01 
484 293 161.01 
484 351 147.01 
484 437 166.01 
484 479 151.01 
484 485 152.01 
491 147 273.01 
491 250 283.01 
491 429 258.01 
491 442 274.01 
491 486 214.01 
491 488 278.01 
18 6 11.01 
18 137 5.01 
18 145 6.01 
18 265 7.01 
18 348 3.01 
18 388 8.01 
18 451 4.01 
137 185 7.01 
137 235 4.01 
137 323 1.01 
137 346 6.01 
137 480 5.01 
137 485 4.01 
137 499 6.01 
145 54 28.009999999999998 
145 322 13.01 
145 341 19.009999999999998 
145 378 25.009999999999998 
145 424 28.009999999999998 
145 458 12.01 
145 486 27.009999999999998 
265 148 13.01 
265 272 7.01 
265 295 14.01 
265 299 11.01 
265 462 17.009999999999998 
265 484 15.01 
265 494 14.01 
348 274 45.01 
348 438 55.01 
348 453 63.01 
348 459 80.00999999999999 
348 475 65.00999999999999 
348 488 70.00999999999999 
348 493 45.01 
388 301 15.01 
388 431 22.009999999999998 
388 443 21.009999999999998 
388 451 21.009999999999998 
388 469 30.009999999999998 
388 500 16.009999999999998 
19 352 60.01 
19 400 52.01 
19 458 64.00999999999999 
19 477 75.00999999999999 
19 492 51.01 
19 493 63.01 
19 500 61.01 
352 390 126.00999999999999 
352 420 160.01 
352 427 142.01 
352 464 134.01 
352 477 147.01 
352 486 181.01 
352 500 141.01 
400 392 36.01 
400 480 50.01 
400 486 45.01 
400 489 52.01 
400 490 45.01 
400 494 62.01 
477 67 862.01 
477 366 894.01 
477 402 870.01 
477 464 862.01 
477 478 727.01 
477 500 245.01 
492 331 559.01 
492 352 621.01 
492 461 536.01 
492 478 663.01 
492 493 584.01 
492 500 538.01 
20 75 8.01 
20 277 8.01 
20 285 6.01 
20 385 10.01 
20 404 9.01 
20 416 6.01 
20 450 10.01 
75 164 11.01 
75 175 2.01 
75 399 8.01 
75 437 4.01 
75 448 6.01 
75 464 7.01 
75 480 11.01 
277 137 21.009999999999998 
277 199 24.009999999999998 
277 432 8.01 
277 434 23.009999999999998 
277 448 20.009999999999998 
277 457 20.009999999999998 
277 485 15.01 
285 20 18.009999999999998 
285 49 19.009999999999998 
285 294 20.009999999999998 
285 329 22.009999999999998 
285 420 24.009999999999998 
285 439 26.009999999999998 
285 484 25.009999999999998 
404 47 84.00999999999999 
404 354 103.00999999999999 
404 431 90.00999999999999 
404 444 98.00999999999999 
404 471 70.00999999999999 
404 495 84.00999999999999 
21 12 10.01 
21 102 4.01 
21 180 13.01 
21 319 6.01 
21 390 6.01 
21 487 10.01 
21 489 10.01 
102 254 6.01 
102 309 10.01 
102 320 9.01 
102 325 4.01 
102 349 8.01 
102 435 8.01 
102 479 5.01 
180 172 25.009999999999998 
180 253 20.009999999999998 
180 337 15.01 
180 438 17.009999999999998 
180 455 7.01 
180 463 18.009999999999998 
180 483 11.01 
319 34 14.01 
319 158 6.01 
319 253 12.01 
319 435 20.009999999999998 
319 452 19.009999999999998 
319 456 9.01 
319 474 23.009999999999998 
390 85 124.00999999999999 
390 408 60.01 
390 482 172.01 
390 495 151.01 
390 497 156.01 
390 498 165.01 
22 41 41.01 
22 402 28.009999999999998 
22 407 17.009999999999998 
22 425 26.009999999999998 
22 465 36.01 
22 499 25.009999999999998 
22 500 33.01 
41 26 18.009999999999998 
41 278 28.009999999999998 
41 358 24.009999999999998 
41 466 38.01 
41 478 25.009999999999998 
41 499 30.009999999999998 
41 500 26.009999999999998 
407 88 74.00999999999999 
407 272 74.00999999999999 
407 353 74.00999999999999 
407 477 68.00999999999999 
407 499 96.00999999999999 
407 500 77.00999999999999 
425 129 38.01 
425 154 44.01 
425 234 46.01 
425 395 40.01 
425 453 35.01 
425 459 55.01 
465 350 155.01 
465 353 159.01 
465 358 172.01 
465 487 143.01 
465 492 171.01 
465 500 152.01 
23 70 22.009999999999998 
23 192 10.01 
23 464 12.01 
23 466 20.009999999999998 
23 481 11.01 
23 499 14.01 
23 500 11.01 
70 183 23.009999999999998 
70 229 28.009999999999998 
70 458 29.009999999999998 
70 476 24.009999999999998 
70 486 20.009999999999998 
70 493 16.009999999999998 
70 500 21.009999999999998 
192 291 21.009999999999998 
192 351 25.009999999999998 
192 359 24.009999999999998 
192 384 27.009999999999998 
192 478 28.009999999999998 
192 499 29.009999999999998 
192 500 20.009999999999998 
464 101 614.01 
464 255 537.01 
464 481 579.01 
464 487 538.01 
464 499 310.01 
464 500 630.01 
24 92 9.01 
24 129 16.009999999999998 
24 404 12.01 
24 419 17.009999999999998 
24 448 16.009999999999998 
24 465 7.01 
24 470 9.01 
92 7 8.01 
92 222 8.01 
92 226 8.01 
92 303 7.01 
92 352 12.01 
92 480 7.01 
92 499 7.01 
129 78 17.009999999999998 
129 108 12.01 
129 313 8.01 
129 405 10.01 
129 442 13.01 
129 459 11.01 
129 462 20.009999999999998 
419 224 40.01 
419 359 38.01 
419 449 32.01 
419 474 33.01 
419 496 32.01 
419 497 30.009999999999998 
448 73 152.01 
448 184 173.01 
448 258 180.01 
448 327 154.01 
448 364 151.01 
448 497 145.01 
470 17 132.01 
470 27 114.00999999999999 
470 122 119.00999999999999 
470 225 121.00999999999999 
470 484 128.01 
470 499 122.00999999999999 
136 100 11.01 
136 189 14.01 
136 256 6.01 
136 404 19.009999999999998 
136 411 13.01 
136 495 11.01 
136 497 10.01 
230 136 41.01 
230 138 24.009999999999998 
230 277 23.009999999999998 
230 335 31.009999999999998 
230 342 39.01 
230 411 28.009999999999998 
230 473 32.01 
284 222 23.009999999999998 
284 249 29.009999999999998 
284 264 27.009999999999998 
284 396 19.009999999999998 
284 417 27.009999999999998 
284 434 46.01 
284 476 20.009999999999998 
368 249 16.009999999999998 
368 264 16.009999999999998 
368 374 23.009999999999998 
368 421 15.01 
368 462 15.01 
368 494 17.009999999999998 
431 163 71.00999999999999 
431 191 58.01 
431 298 49.01 
431 447 68.00999999999999 
431 482 61.01 
431 496 69.00999999999999 
447 160 262.01 
447 310 282.01 
447 428 285.01 
447 466 194.01 
447 468 267.01 
447 496 244.01 
26 83 16.009999999999998 
26 272 23.009999999999998 
26 476 21.009999999999998 
26 481 25.009999999999998 
26 486 22.009999999999998 
26 499 32.01 
26 500 18.009999999999998 
272 366 21.009999999999998 
272 385 34.01 
272 407 9.01 
272 477 21.009999999999998 
272 492 29.009999999999998 
272 499 25.009999999999998 
272 500 20.009999999999998 
476 159 186.01 
476 304 191.01 
476 352 184.01 
476 478 199.01 
476 499 210.01 
476 500 186.01 
486 114 359.01 
486 223 351.01 
486 384 419.01 
486 488 321.01 
486 492 398.01 
486 500 383.01 
27 216 45.01 
27 395 57.01 
27 447 41.01 
27 461 29.009999999999998 
27 495 52.01 
27 496 52.01 
27 498 49.01 
216 121 14.01 
216 135 8.01 
216 379 14.01 
216 386 17.009999999999998 
216 473 20.009999999999998 
216 485 14.01 
216 497 23.009999999999998 
395 96 51.01 
395 445 40.01 
395 463 63.01 
395 471 54.01 
395 496 58.01 
395 498 56.01 
461 113 368.01 
461 133 392.01 
461 478 349.01 
461 492 219.01 
461 493 358.01 
461 500 371.01 
495 322 653.01 
495 330 646.01 
495 447 681.01 
495 480 541.01 
495 482 697.01 
495 488 519.01 
496 61 605.01 
496 332 598.01 
496 354 584.01 
496 436 583.01 
496 485 497.01 
496 498 613.01 
28 288 68.00999999999999 
28 311 81.00999999999999 
28 422 60.01 
28 469 83.00999999999999 
28 476 61.01 
28 486 86.00999999999999 
28 500 59.01 
288 16 11.01 
288 343 19.009999999999998 
288 445 25.009999999999998 
288 469 19.009999999999998 
288 487 25.009999999999998 
288 499 13.01 
288 500 20.009999999999998 
311 371 41.01 
311 398 25.009999999999998 
311 415 32.01 
311 439 24.009999999999998 
311 445 29.009999999999998 
311 460 30.009999999999998 
311 500 21.009999999999998 
422 45 100.00999999999999 
422 91 94.00999999999999 
422 107 102.00999999999999 
422 458 69.00999999999999 
422 465 117.00999999999999 
422 500 116.00999999999999 
469 72 580.01 
469 118 565.01 
469 363 571.01 
469 415 566.01 
469 492 562.01 
469 499 555.01 
29 22 58.01 
29 23 54.01 
29 366 45.01 
29 460 54.01 
29 465 42.01 
29 477 60.01 
29 500 48.01 
366 84 183.01 
366 409 200.01 
366 476 174.01 
366 492 171.01 
366 499 193.01 
366 500 196.01 
460 159 172.01 
460 350 219.01 
460 456 218.01 
460 467 223.01 
460 493 204.01 
460 500 186.01 
30 91 13.01 
30 162 13.01 
30 316 17.009999999999998 
30 379 18.009999999999998 
30 393 17.009999999999998 
30 484 17.009999999999998 
30 500 11.01 
91 198 16.009999999999998 
91 231 12.01 
91 285 24.009999999999998 
91 307 18.009999999999998 
91 389 20.009999999999998 
91 496 12.01 
91 500 25.009999999999998 
162 30 10.01 
162 105 11.01 
162 127 15.01 
162 166 5.01 
162 354 9.01 
162 485 14.01 
162 493 7.01 
316 36 81.00999999999999 
316 80 91.00999999999999 
316 378 71.00999999999999 
316 411 82.00999999999999 
316 484 76.00999999999999 
316 496 81.00999999999999 
316 497 61.01 
379 46 77.00999999999999 
379 155 87.00999999999999 
379 291 50.01 
379 323 77.00999999999999 
379 480 14.01 
379 484 67.00999999999999 
393 274 122.00999999999999 
393 285 103.00999999999999 
393 462 81.00999999999999 
393 494 138.01 
393 498 93.00999999999999 
393 499 92.00999999999999 
31 11 11.01 
31 14 11.01 
31 483 9.01 
31 495 11.01 
31 497 9.01 
31 498 18.009999999999998 
31 500 7.01 
32 70 30.009999999999998 
32 148 27.009999999999998 
32 220 31.009999999999998 
32 281 33.01 
32 307 34.01 
32 403 41.01 
32 487 37.01 
148 47 17.009999999999998 
148 234 11.01 
148 357 14.01 
148 371 10.01 
148 479 15.01 
148 490 10.01 
148 494 10.01 
220 305 112.00999999999999 
220 471 115.00999999999999 
220 482 17.009999999999998 
220 495 96.00999999999999 
220 496 92.00999999999999 
220 497 76.00999999999999 
220 498 96.00999999999999 
281 65 26.009999999999998 
281 151 24.009999999999998 
281 180 32.01 
281 428 19.009999999999998 
281 447 22.009999999999998 
281 470 32.01 
281 480 36.01 
403 64 80.00999999999999 
403 385 107.00999999999999 
403 437 82.00999999999999 
403 445 83.00999999999999 
403 457 119.00999999999999 
403 488 93.00999999999999 
33 360 26.009999999999998 
33 400 28.009999999999998 
33 456 23.009999999999998 
33 474 36.01 
33 489 33.01 
33 494 23.009999999999998 
33 500 32.01 
360 53 101.00999999999999 
360 81 113.00999999999999 
360 386 96.00999999999999 
360 449 86.00999999999999 
360 488 88.00999999999999 
360 494 55.01 
34 235 11.01 
34 323 12.01 
34 361 14.01 
34 415 10.01 
34 455 19.009999999999998 
34 480 19.009999999999998 
34 486 14.01 
235 92 16.009999999999998 
235 217 21.009999999999998 
235 292 13.01 
235 379 18.009999999999998 
235 393 19.009999999999998 
235 469 17.009999999999998 
235 490 13.01 
361 43 20.009999999999998 
361 109 31.009999999999998 
361 136 34.01 
361 432 13.01 
361 451 24.009999999999998 
361 495 22.009999999999998 
415 103 157.01 
415 192 159.01 
415 350 154.01 
415 439 148.01 
415 487 164.01 
415 499 143.01 
35 37 7.01 
35 177 9.01 
35 218 7.01 
35 426 16.009999999999998 
35 438 6.01 
35 487 10.01 
35 488 19.009999999999998 
37 144 13.01 
37 262 12.01 
37 394 6.01 
37 460 6.01 
37 472 14.01 
37 488 4.01 
37 495 16.009999999999998 
177 309 19.009999999999998 
177 342 20.009999999999998 
177 359 23.009999999999998 
177 390 15.01 
177 482 23.009999999999998 
177 490 15.01 
177 497 13.01 
218 52 11.01 
218 254 12.01 
218 454 8.01 
218 488 8.01 
218 491 13.01 
218 493 8.01 
218 500 6.01 
426 145 70.00999999999999 
426 339 43.01 
426 347 46.01 
426 348 54.01 
426 454 68.00999999999999 
426 475 76.00999999999999 
438 72 59.01 
438 108 83.00999999999999 
438 262 85.00999999999999 
438 401 80.00999999999999 
438 446 85.00999999999999 
438 477 66.00999999999999 
488 262 425.01 
488 290 432.01 
488 317 399.01 
488 416 362.01 
488 480 371.01 
488 500 327.01 
36 266 32.01 
36 314 32.01 
36 396 29.009999999999998 
36 421 24.009999999999998 
36 457 29.009999999999998 
36 499 18.009999999999998 
36 500 34.01 
314 244 23.009999999999998 
314 368 30.009999999999998 
314 375 13.01 
314 376 19.009999999999998 
314 489 25.009999999999998 
314 494 25.009999999999998 
314 496 23.009999999999998 
396 57 67.00999999999999 
396 236 70.00999999999999 
396 428 59.01 
396 454 62.01 
396 488 60.01 
396 492 54.01 
421 186 81.00999999999999 
421 211 78.00999999999999 
421 244 71.00999999999999 
421 383 62.01 
421 453 73.00999999999999 
421 486 57.01 
144 81 5.01 
144 89 7.01 
144 181 9.01 
144 214 6.01 
144 349 5.01 
144 392 5.01 
144 426 9.01 
262 117 82.00999999999999 
262 126 91.00999999999999 
262 211 74.00999999999999 
262 357 72.00999999999999 
262 412 81.00999999999999 
262 434 82.00999999999999 
262 492 55.01 
394 58 45.01 
394 98 37.01 
394 381 45.01 
394 403 57.01 
394 438 58.01 
394 459 55.01 
472 247 169.01 
472 259 139.01 
472 412 139.01 
472 475 149.01 
472 483 127.00999999999999 
472 500 109.00999999999999 
38 29 7.01 
38 111 12.01 
38 316 15.01 
38 379 11.01 
38 414 9.01 
38 484 11.01 
38 485 13.01 
111 431 20.009999999999998 
111 436 28.009999999999998 
111 440 20.009999999999998 
111 459 21.009999999999998 
111 495 31.009999999999998 
111 496 32.01 
111 497 23.009999999999998 
485 61 611.01 
485 353 733.01 
485 408 613.01 
485 448 633.01 
485 450 652.01 
485 483 657.01 
39 5 5.01 
39 280 5.01 
39 283 4.01 
39 341 5.01 
39 361 8.01 
39 375 1.01 
39 433 2.01 
280 133 35.01 
280 134 49.01 
280 153 42.01 
280 243 36.01 
280 281 44.01 
280 367 35.01 
280 443 40.01 
375 32 21.009999999999998 
375 91 20.009999999999998 
375 294 19.009999999999998 
375 448 24.009999999999998 
375 474 16.009999999999998 
375 476 18.009999999999998 
40 57 12.01 
40 200 15.01 
40 388 17.009999999999998 
40 492 8.01 
40 493 10.01 
40 499 12.01 
40 500 17.009999999999998 
57 45 21.009999999999998 
57 328 24.009999999999998 
57 421 20.009999999999998 
57 424 21.009999999999998 
57 481 11.01 
57 491 34.01 
57 495 23.009999999999998 
200 7 7.01 
200 106 11.01 
200 458 9.01 
200 477 13.01 
200 481 13.01 
200 492 6.01 
200 500 10.01 
278 40 34.01 
278 185 22.009999999999998 
278 206 13.01 
278 311 25.009999999999998 
278 439 31.009999999999998 
278 476 38.01 
278 500 27.009999999999998 
358 195 166.01 
358 298 175.01 
358 398 167.01 
358 486 167.01 
358 493 157.01 
358 500 154.01 
478 320 542.01 
478 321 619.01 
478 358 645.01 
478 420 644.01 
478 477 428.01 
478 500 609.01 
42 13 12.01 
42 84 13.01 
42 329 14.01 
42 461 12.01 
42 466 15.01 
42 481 14.01 
42 500 11.01 
84 276 40.01 
84 397 28.009999999999998 
84 469 33.01 
84 478 38.01 
84 486 28.009999999999998 
84 499 35.01 
84 500 27.009999999999998 
329 190 26.009999999999998 
329 298 24.009999999999998 
329 478 24.009999999999998 
329 482 26.009999999999998 
329 487 30.009999999999998 
329 499 17.009999999999998 
329 500 24.009999999999998 
43 2 13.01 
43 335 9.01 
43 362 13.01 
43 373 14.01 
43 458 16.009999999999998 
43 483 8.01 
43 490 10.01 
335 270 67.00999999999999 
335 382 67.00999999999999 
335 384 40.01 
335 462 53.01 
335 482 57.01 
335 490 68.00999999999999 
335 497 61.01 
362 223 43.01 
362 359 65.00999999999999 
362 419 62.01 
362 494 54.01 
362 497 94.00999999999999 
362 498 68.00999999999999 
373 145 76.00999999999999 
373 251 88.00999999999999 
373 396 74.00999999999999 
373 429 79.00999999999999 
373 430 95.00999999999999 
373 497 67.00999999999999 
44 74 18.009999999999998 
44 387 13.01 
44 439 6.01 
44 451 18.009999999999998 
44 455 8.01 
44 465 3.01 
44 500 11.01 
74 102 14.01 
74 255 23.009999999999998 
74 367 11.01 
74 394 11.01 
74 430 13.01 
74 466 17.009999999999998 
74 481 22.009999999999998 
387 171 23.009999999999998 
387 264 35.01 
387 435 24.009999999999998 
387 467 27.009999999999998 
387 479 27.009999999999998 
387 495 31.009999999999998 
439 29 103.00999999999999 
439 106 85.00999999999999 
439 397 101.00999999999999 
439 409 111.00999999999999 
439 460 90.00999999999999 
439 500 86.00999999999999 
45 126 21.009999999999998 
45 355 30.009999999999998 
45 425 17.009999999999998 
45 433 14.01 
45 446 23.009999999999998 
45 452 21.009999999999998 
45 491 18.009999999999998 
126 254 23.009999999999998 
126 328 18.009999999999998 
126 383 21.009999999999998 
126 445 20.009999999999998 
126 472 25.009999999999998 
126 488 33.01 
126 498 20.009999999999998 
355 8 41.01 
355 203 40.01 
355 421 34.01 
355 426 35.01 
355 484 26.009999999999998 
355 488 55.01 
446 116 117.00999999999999 
446 158 92.00999999999999 
446 302 99.00999999999999 
446 376 79.00999999999999 
446 396 92.00999999999999 
446 442 99.00999999999999 
452 71 59.01 
452 146 55.01 
452 331 71.00999999999999 
452 405 76.00999999999999 
452 485 54.01 
452 499 60.01 
46 177 29.009999999999998 
46 187 38.01 
46 463 39.01 
46 471 32.01 
46 483 29.009999999999998 
46 497 31.009999999999998 
46 498 30.009999999999998 
187 79 19.009999999999998 
187 210 16.009999999999998 
187 299 23.009999999999998 
187 490 19.009999999999998 
187 494 20.009999999999998 
187 497 19.009999999999998 
187 498 15.01 
47 93 19.009999999999998 
47 174 17.009999999999998 
47 238 14.01 
47 391 20.009999999999998 
47 393 19.009999999999998 
47 489 22.009999999999998 
47 499 6.01 
93 34 29.009999999999998 
93 188 28.009999999999998 
93 243 20.009999999999998 
93 449 17.009999999999998 
93 490 33.01 
93 497 15.01 
93 498 29.009999999999998 
174 56 12.01 
174 391 14.01 
174 427 8.01 
174 435 15.01 
174 452 13.01 
174 479 15.01 
174 487 12.01 
391 3 81.00999999999999 
391 4 80.00999999999999 
391 274 87.00999999999999 
391 452 96.00999999999999 
391 470 77.00999999999999 
391 497 79.00999999999999 
48 67 12.01 
48 161 6.01 
48 318 8.01 
48 433 14.01 
48 449 12.01 
48 454 21.009999999999998 
48 491 8.01 
161 92 32.01 
161 255 32.01 
161 388 25.009999999999998 
161 413 32.01 
161 478 23.009999999999998 
161 487 25.009999999999998 
161 500 20.009999999999998 
449 90 106.00999999999999 
449 177 90.00999999999999 
449 333 89.00999999999999 
449 405 93.00999999999999 
449 468 131.01 
449 473 123.00999999999999 
454 88 144.01 
454 181 172.01 
454 315 150.01 
454 407 141.01 
454 475 178.01 
454 500 152.01 
49 119 34.01 
49 222 16.009999999999998 
49 432 27.009999999999998 
49 437 19.009999999999998 
49 453 28.009999999999998 
49 484 47.01 
49 496 24.009999999999998 
119 152 3.01 
119 184 5.01 
119 196 7.01 
119 231 4.01 
119 264 8.01 
119 346 4.01 
119 423 13.01 
222 53 8.01 
222 378 10.01 
222 424 10.01 
222 452 6.01 
222 485 7.01 
222 495 10.01 
222 500 10.01 
432 226 69.00999999999999 
432 246 75.00999999999999 
432 277 67.00999999999999 
432 305 73.00999999999999 
432 412 66.00999999999999 
432 448 79.00999999999999 
437 49 71.00999999999999 
437 235 83.00999999999999 
437 394 81.00999999999999 
437 403 70.00999999999999 
437 461 67.00999999999999 
437 473 84.00999999999999 
453 100 92.00999999999999 
453 116 97.00999999999999 
453 446 106.00999999999999 
453 472 91.00999999999999 
453 493 78.00999999999999 
453 498 77.00999999999999 
50 249 28.009999999999998 
50 287 29.009999999999998 
50 344 30.009999999999998 
50 424 17.009999999999998 
50 472 31.009999999999998 
50 491 20.009999999999998 
50 492 24.009999999999998 
249 242 8.01 
249 275 17.009999999999998 
249 358 17.009999999999998 
249 394 21.009999999999998 
249 417 12.01 
249 447 16.009999999999998 
249 492 20.009999999999998 
287 76 10.01 
287 222 14.01 
287 425 13.01 
287 426 12.01 
287 457 8.01 
287 475 19.009999999999998 
287 500 12.01 
344 39 11.01 
344 165 18.009999999999998 
344 415 10.01 
344 494 20.009999999999998 
344 495 20.009999999999998 
344 496 19.009999999999998 
344 497 13.01 
424 8 47.01 
424 90 44.01 
424 114 37.01 
424 126 48.01 
424 491 44.01 
424 498 39.01 
51 20 20.009999999999998 
51 48 22.009999999999998 
51 338 19.009999999999998 
51 443 26.009999999999998 
51 468 21.009999999999998 
51 483 16.009999999999998 
51 498 16.009999999999998 
338 69 19.009999999999998 
338 260 17.009999999999998 
338 271 17.009999999999998 
338 318 9.01 
338 373 21.009999999999998 
338 443 25.009999999999998 
338 491 13.01 
443 62 55.01 
443 152 48.01 
443 326 56.01 
443 416 64.00999999999999 
443 455 49.01 
443 475 60.01 
468 289 335.01 
468 382 328.01 
468 406 356.01 
468 440 305.01 
468 444 357.01 
468 496 362.01 
52 275 7.01 
52 287 10.01 
52 434 8.01 
52 477 10.01 
52 482 11.01 
52 498 10.01 
52 499 4.01 
275 58 18.009999999999998 
275 227 11.01 
275 302 16.009999999999998 
275 459 12.01 
275 480 12.01 
275 488 13.01 
275 491 12.01 
434 97 57.01 
434 205 69.00999999999999 
434 435 60.01 
434 446 58.01 
434 459 93.00999999999999 
434 475 96.00999999999999 
482 220 493.01 
482 406 465.01 
482 408 455.01 
482 444 457.01 
482 472 337.01 
482 500 247.01 
53 274 37.01 
53 318 34.01 
53 400 39.01 
53 441 39.01 
53 474 23.009999999999998 
53 479 38.01 
53 493 25.009999999999998 
274 182 49.01 
274 295 41.01 
274 320 43.01 
274 414 40.01 
274 474 54.01 
274 480 34.01 
274 484 30.009999999999998 
441 193 69.00999999999999 
441 265 60.01 
441 435 48.01 
441 468 59.01 
441 474 57.01 
441 479 62.01 
479 97 597.01 
479 181 544.01 
479 238 591.01 
479 349 559.01 
479 351 621.01 
479 393 513.01 
54 35 35.01 
54 375 43.01 
54 389 32.01 
54 419 31.009999999999998 
54 452 34.01 
54 485 49.01 
54 498 34.01 
389 180 68.00999999999999 
389 208 58.01 
389 312 51.01 
389 403 74.00999999999999 
389 457 36.01 
389 463 56.01 
55 9 48.01 
55 110 42.01 
55 277 33.01 
55 361 49.01 
55 363 31.009999999999998 
55 437 37.01 
55 499 36.01 
110 68 23.009999999999998 
110 319 40.01 
110 340 26.009999999999998 
110 364 25.009999999999998 
110 485 27.009999999999998 
110 494 22.009999999999998 
110 498 21.009999999999998 
363 351 120.00999999999999 
363 409 152.01 
363 467 123.00999999999999 
363 492 124.00999999999999 
363 493 122.00999999999999 
363 500 140.01 
56 314 18.009999999999998 
56 422 5.01 
56 454 20.009999999999998 
56 474 13.01 
56 479 12.01 
56 492 8.01 
56 494 25.009999999999998 
328 161 31.009999999999998 
328 209 35.01 
328 350 30.009999999999998 
328 382 44.01 
328 422 42.01 
328 426 46.01 
328 488 51.01 
58 183 12.01 
58 214 13.01 
58 241 10.01 
58 355 14.01 
58 444 8.01 
58 491 6.01 
58 500 10.01 
214 165 26.009999999999998 
214 258 12.01 
214 417 7.01 
214 434 10.01 
214 454 6.01 
214 459 10.01 
214 500 7.01 
241 14 8.01 
241 18 12.01 
241 293 13.01 
241 425 10.01 
241 472 7.01 
241 475 18.009999999999998 
241 491 7.01 
444 71 256.01 
444 248 212.01 
444 373 188.01 
444 463 238.01 
444 490 248.01 
444 496 268.01 
59 51 6.01 
59 85 6.01 
59 116 12.01 
59 140 13.01 
59 282 7.01 
59 443 9.01 
59 483 13.01 
85 260 12.01 
85 315 20.009999999999998 
85 344 22.009999999999998 
85 367 28.009999999999998 
85 402 15.01 
85 430 22.009999999999998 
85 432 18.009999999999998 
116 128 33.01 
116 176 38.01 
116 275 31.009999999999998 
116 306 26.009999999999998 
116 394 37.01 
116 472 28.009999999999998 
116 491 33.01 
140 279 314.01 
140 397 296.01 
140 427 317.01 
140 456 260.01 
140 458 276.01 
140 499 19.009999999999998 
140 500 287.01 
282 229 105.00999999999999 
282 297 110.00999999999999 
282 422 96.00999999999999 
282 439 107.00999999999999 
282 487 91.00999999999999 
282 499 92.00999999999999 
282 500 124.00999999999999 
60 302 26.009999999999998 
60 317 42.01 
60 324 38.01 
60 336 29.009999999999998 
60 434 64.00999999999999 
60 470 36.01 
60 488 35.01 
302 17 33.01 
302 78 33.01 
302 377 41.01 
302 403 38.01 
302 454 42.01 
302 463 26.009999999999998 
302 491 45.01 
317 36 100.00999999999999 
317 182 103.00999999999999 
317 281 94.00999999999999 
317 301 91.00999999999999 
317 355 121.00999999999999 
317 475 95.00999999999999 
317 488 44.01 
324 6 43.01 
324 122 59.01 
324 331 55.01 
324 426 47.01 
324 442 44.01 
324 453 48.01 
324 499 35.01 
336 184 19.009999999999998 
336 289 12.01 
336 296 15.01 
336 370 16.009999999999998 
336 483 15.01 
336 488 21.009999999999998 
336 499 9.01 
61 198 187.01 
61 243 202.01 
61 330 165.01 
61 342 172.01 
61 374 185.01 
61 463 173.01 
61 495 171.01 
198 82 51.01 
198 104 48.01 
198 187 50.01 
198 310 50.01 
198 413 51.01 
198 497 47.01 
198 498 44.01 
243 111 81.00999999999999 
243 240 49.01 
243 332 65.00999999999999 
243 401 58.01 
243 463 48.01 
243 475 44.01 
243 497 46.01 
330 131 100.00999999999999 
330 217 121.00999999999999 
330 335 126.00999999999999 
330 386 142.01 
330 436 129.01 
330 490 120.00999999999999 
330 497 125.00999999999999 
342 188 50.01 
342 459 41.01 
342 468 47.01 
342 490 44.01 
342 494 45.01 
342 495 50.01 
342 498 54.01 
62 18 24.009999999999998 
62 82 15.01 
62 99 12.01 
62 142 20.009999999999998 
62 336 29.009999999999998 
62 468 16.009999999999998 
62 495 21.009999999999998 
82 219 120.00999999999999 
82 347 157.01 
82 405 171.01 
82 428 172.01 
82 494 100.00999999999999 
82 497 196.01 
82 498 5.01 
99 4 13.01 
99 31 14.01 
99 85 7.01 
99 194 11.01 
99 373 8.01 
99 422 5.01 
99 500 9.01 
63 96 44.01 
63 104 45.01 
63 221 40.01 
63 290 38.01 
63 332 17.009999999999998 
63 473 46.01 
63 498 43.01 
96 167 21.009999999999998 
96 168 29.009999999999998 
96 431 19.009999999999998 
96 486 33.01 
96 489 24.009999999999998 
96 495 13.01 
96 496 24.009999999999998 
104 25 11.01 
104 306 15.01 
104 395 19.009999999999998 
104 406 18.009999999999998 
104 496 18.009999999999998 
104 497 7.01 
104 498 15.01 
221 42 27.009999999999998 
221 310 32.01 
221 366 23.009999999999998 
221 456 32.01 
221 491 19.009999999999998 
221 492 20.009999999999998 
221 500 30.009999999999998 
290 57 75.00999999999999 
290 124 85.00999999999999 
290 425 72.00999999999999 
290 430 81.00999999999999 
290 434 85.00999999999999 
290 453 68.00999999999999 
290 491 93.00999999999999 
332 63 174.01 
332 143 183.01 
332 176 185.01 
332 470 143.01 
332 496 82.00999999999999 
332 497 188.01 
332 498 172.01 
64 141 29.009999999999998 
64 290 18.009999999999998 
64 387 36.01 
64 492 33.01 
64 495 32.01 
64 497 34.01 
64 499 29.009999999999998 
65 339 20.009999999999998 
65 369 23.009999999999998 
65 452 21.009999999999998 
65 464 12.01 
65 478 18.009999999999998 
65 498 22.009999999999998 
65 500 14.01 
339 128 21.009999999999998 
339 218 17.009999999999998 
339 239 17.009999999999998 
339 247 26.009999999999998 
339 466 23.009999999999998 
339 488 28.009999999999998 
339 492 19.009999999999998 
369 15 31.009999999999998 
369 201 37.01 
369 218 42.01 
369 480 34.01 
369 484 36.01 
369 499 37.01 
66 386 9.01 
66 406 21.009999999999998 
66 419 12.01 
66 471 17.009999999999998 
66 483 21.009999999999998 
66 495 10.01 
66 496 23.009999999999998 
386 156 62.01 
386 286 57.01 
386 354 60.01 
386 449 58.01 
386 495 71.00999999999999 
386 496 56.01 
406 120 159.01 
406 168 152.01 
406 490 158.01 
406 495 184.01 
406 497 152.01 
406 498 143.01 
68 15 14.01 
68 39 13.01 
68 117 10.01 
68 155 15.01 
68 383 18.009999999999998 
68 425 14.01 
68 457 16.009999999999998 
117 68 42.01 
117 316 45.01 
117 394 42.01 
117 416 40.01 
117 461 34.01 
117 487 38.01 
117 491 55.01 
155 24 48.01 
155 77 48.01 
155 195 28.009999999999998 
155 406 41.01 
155 444 35.01 
155 480 49.01 
155 485 41.01 
383 50 30.009999999999998 
383 144 24.009999999999998 
383 250 41.01 
383 252 34.01 
383 417 23.009999999999998 
383 498 36.01 
94 201 13.01 
94 232 13.01 
94 389 14.01 
94 422 28.009999999999998 
94 458 23.009999999999998 
94 486 23.009999999999998 
94 500 15.01 
229 19 36.01 
229 325 27.009999999999998 
229 476 35.01 
229 487 19.009999999999998 
229 492 34.01 
229 493 32.01 
229 500 39.01 
71 220 67.00999999999999 
71 468 50.01 
71 494 36.01 
71 495 46.01 
71 496 55.01 
71 497 46.01 
71 498 45.01 
72 41 104.00999999999999 
72 377 91.00999999999999 
72 464 89.00999999999999 
72 481 92.00999999999999 
72 492 98.00999999999999 
72 499 85.00999999999999 
72 500 104.00999999999999 
392 149 36.01 
392 234 43.01 
392 418 35.01 
392 474 39.01 
392 487 25.009999999999998 
392 495 38.01 
418 153 70.00999999999999 
418 174 68.00999999999999 
418 420 62.01 
418 489 65.00999999999999 
418 494 54.01 
418 497 53.01 
255 273 67.00999999999999 
255 297 113.00999999999999 
255 317 77.00999999999999 
255 400 83.00999999999999 
255 423 105.00999999999999 
255 447 68.00999999999999 
255 460 95.00999999999999 
367 44 32.01 
367 252 24.009999999999998 
367 399 17.009999999999998 
367 429 20.009999999999998 
367 489 22.009999999999998 
367 498 26.009999999999998 
430 51 97.00999999999999 
430 253 69.00999999999999 
430 376 71.00999999999999 
430 448 87.00999999999999 
430 477 66.00999999999999 
430 500 61.01 
164 172 41.01 
164 273 38.01 
164 306 29.009999999999998 
164 310 33.01 
164 436 41.01 
164 495 29.009999999999998 
164 498 27.009999999999998 
175 113 36.01 
175 420 51.01 
175 483 37.01 
175 486 35.01 
175 492 31.009999999999998 
175 499 42.01 
175 500 45.01 
76 396 29.009999999999998 
76 397 36.01 
76 410 39.01 
76 421 42.01 
76 432 37.01 
76 459 38.01 
76 500 46.01 
77 194 14.01 
77 237 6.01 
77 376 18.009999999999998 
77 387 18.009999999999998 
77 400 22.009999999999998 
77 491 21.009999999999998 
77 494 11.01 
194 13 8.01 
194 311 8.01 
194 356 6.01 
194 383 4.01 
194 406 5.01 
194 450 4.01 
194 455 4.01 
237 265 10.01 
237 345 11.01 
237 368 4.01 
237 374 19.009999999999998 
237 376 8.01 
237 484 9.01 
237 490 10.01 
376 127 29.009999999999998 
376 186 40.01 
376 213 52.01 
376 414 30.009999999999998 
376 441 33.01 
376 474 48.01 
78 90 23.009999999999998 
78 317 28.009999999999998 
78 368 16.009999999999998 
78 425 26.009999999999998 
78 488 31.009999999999998 
78 489 26.009999999999998 
78 500 20.009999999999998 
90 123 24.009999999999998 
90 348 22.009999999999998 
90 382 26.009999999999998 
90 383 25.009999999999998 
90 432 22.009999999999998 
90 472 25.009999999999998 
90 491 29.009999999999998 
79 139 19.009999999999998 
79 417 24.009999999999998 
79 471 22.009999999999998 
79 482 20.009999999999998 
79 495 24.009999999999998 
79 496 13.01 
79 498 18.009999999999998 
139 189 27.009999999999998 
139 246 26.009999999999998 
139 447 38.01 
139 449 18.009999999999998 
139 495 26.009999999999998 
139 496 32.01 
139 498 29.009999999999998 
417 293 59.01 
417 339 42.01 
417 377 46.01 
417 396 50.01 
417 443 42.01 
417 451 38.01 
80 87 34.01 
80 213 39.01 
80 245 37.01 
80 359 41.01 
80 427 25.009999999999998 
80 429 34.01 
80 499 29.009999999999998 
87 219 10.01 
87 375 9.01 
87 432 17.009999999999998 
87 442 4.01 
87 450 10.01 
87 463 11.01 
87 480 16.009999999999998 
213 109 20.009999999999998 
213 132 13.01 
213 303 21.009999999999998 
213 361 11.01 
213 370 13.01 
213 457 22.009999999999998 
213 497 21.009999999999998 
245 54 22.009999999999998 
245 132 20.009999999999998 
245 231 21.009999999999998 
245 385 23.009999999999998 
245 476 18.009999999999998 
245 480 26.009999999999998 
245 498 31.009999999999998 
359 132 50.01 
359 143 52.01 
359 163 34.01 
359 386 49.01 
359 419 34.01 
359 498 43.01 
427 196 148.01 
427 410 178.01 
427 466 174.01 
427 481 168.01 
427 499 188.01 
427 500 156.01 
429 161 152.01 
429 315 176.01 
429 325 133.01 
429 333 183.01 
429 433 140.01 
429 488 153.01 
337 109 62.01 
337 158 50.01 
337 229 36.01 
337 251 47.01 
337 403 62.01 
337 437 59.01 
337 450 45.01 
219 20 19.009999999999998 
219 48 19.009999999999998 
219 151 21.009999999999998 
219 246 20.009999999999998 
219 281 20.009999999999998 
219 480 19.009999999999998 
219 500 20.009999999999998 
347 66 54.01 
347 228 53.01 
347 356 36.01 
347 495 43.01 
347 496 46.01 
347 497 43.01 
347 499 33.01 
405 46 113.00999999999999 
405 217 92.00999999999999 
405 233 66.00999999999999 
405 296 110.00999999999999 
405 335 115.00999999999999 
405 497 102.00999999999999 
428 198 138.01 
428 306 125.00999999999999 
428 408 137.01 
428 431 146.01 
428 496 155.01 
428 497 139.01 
304 201 47.01 
304 278 55.01 
304 407 42.01 
304 486 38.01 
304 487 41.01 
304 493 61.01 
304 500 41.01 
420 223 176.01 
420 484 198.01 
420 487 213.01 
420 492 227.01 
420 499 184.01 
420 500 190.01 
276 221 30.009999999999998 
276 311 46.01 
276 350 40.01 
276 363 40.01 
276 415 55.01 
276 499 45.01 
276 500 40.01 
260 11 19.009999999999998 
260 208 17.009999999999998 
260 338 7.01 
260 370 16.009999999999998 
260 409 20.009999999999998 
260 441 9.01 
260 499 16.009999999999998 
86 118 39.01 
86 200 43.01 
86 292 35.01 
86 458 39.01 
86 465 45.01 
86 469 31.009999999999998 
86 500 41.01 
118 28 90.00999999999999 
118 297 94.00999999999999 
118 352 94.00999999999999 
118 458 114.00999999999999 
118 476 98.00999999999999 
118 499 90.00999999999999 
118 500 95.00999999999999 
442 117 204.01 
442 328 162.01 
442 354 236.01 
442 421 194.01 
442 454 171.01 
442 489 185.01 
88 311 42.01 
88 415 32.01 
88 464 24.009999999999998 
88 478 42.01 
88 487 41.01 
88 499 25.009999999999998 
88 500 50.01 
89 326 6.01 
89 341 6.01 
89 344 10.01 
89 393 7.01 
89 435 6.01 
89 462 10.01 
89 500 8.01 
326 89 16.009999999999998 
326 262 15.01 
326 304 20.009999999999998 
326 392 22.009999999999998 
326 400 17.009999999999998 
326 441 17.009999999999998 
326 489 18.009999999999998 
435 77 40.01 
435 230 46.01 
435 237 38.01 
435 314 43.01 
435 374 44.01 
435 387 50.01 
462 3 117.00999999999999 
462 360 122.00999999999999 
462 470 94.00999999999999 
462 474 132.01 
462 481 75.00999999999999 
462 489 79.00999999999999 
123 35 6.01 
123 95 4.01 
123 144 9.01 
123 171 7.01 
123 398 9.01 
123 424 15.01 
123 453 12.01 
382 245 102.00999999999999 
382 269 112.00999999999999 
382 395 111.00999999999999 
382 408 132.01 
382 449 142.01 
382 467 71.00999999999999 
231 80 7.01 
231 188 8.01 
231 193 8.01 
231 452 7.01 
231 480 9.01 
231 494 8.01 
231 496 4.01 
226 130 21.009999999999998 
226 215 10.01 
226 245 18.009999999999998 
226 343 12.01 
226 419 25.009999999999998 
226 460 15.01 
226 461 11.01 
188 58 10.01 
188 112 10.01 
188 143 12.01 
188 156 20.009999999999998 
188 269 7.01 
188 340 13.01 
188 496 14.01 
201 23 12.01 
201 384 18.009999999999998 
201 410 14.01 
201 427 17.009999999999998 
201 481 15.01 
201 499 12.01 
201 500 9.01 
232 65 62.01 
232 173 55.01 
232 272 55.01 
232 445 47.01 
232 497 58.01 
232 499 59.01 
232 500 60.01 
95 122 22.009999999999998 
95 150 31.009999999999998 
95 439 17.009999999999998 
95 446 23.009999999999998 
95 472 17.009999999999998 
95 484 22.009999999999998 
95 488 45.01 
122 35 33.01 
122 45 23.009999999999998 
122 279 27.009999999999998 
122 424 34.01 
122 448 21.009999999999998 
122 474 28.009999999999998 
122 488 34.01 
150 51 37.01 
150 75 33.01 
150 271 39.01 
150 300 40.01 
150 331 37.01 
150 480 41.01 
150 485 59.01 
167 135 15.01 
167 312 10.01 
167 330 28.009999999999998 
167 404 19.009999999999998 
167 419 15.01 
167 490 17.009999999999998 
167 497 13.01 
168 27 48.01 
168 248 47.01 
168 347 37.01 
168 490 40.01 
168 495 30.009999999999998 
168 497 40.01 
168 498 25.009999999999998 
97 96 68.00999999999999 
97 100 103.00999999999999 
97 317 102.00999999999999 
97 396 79.00999999999999 
97 454 106.00999999999999 
97 486 109.00999999999999 
97 491 97.00999999999999 
100 241 27.009999999999998 
100 284 30.009999999999998 
100 365 35.01 
100 416 28.009999999999998 
100 456 22.009999999999998 
100 479 32.01 
100 491 32.01 
98 216 10.01 
98 428 9.01 
98 444 6.01 
98 474 18.009999999999998 
98 482 17.009999999999998 
98 497 9.01 
98 498 8.01 
365 129 37.01 
365 154 40.01 
365 252 34.01 
365 421 38.01 
365 435 45.01 
365 473 40.01 
101 70 109.00999999999999 
101 206 100.00999999999999 
101 282 92.00999999999999 
101 422 112.00999999999999 
101 439 105.00999999999999 
101 461 90.00999999999999 
101 500 98.00999999999999 
206 72 24.009999999999998 
206 101 3.01 
206 343 20.009999999999998 
206 440 18.009999999999998 
206 462 21.009999999999998 
206 481 24.009999999999998 
206 500 17.009999999999998 
254 147 7.01 
254 237 17.009999999999998 
254 438 16.009999999999998 
254 469 10.01 
254 488 16.009999999999998 
254 491 26.009999999999998 
254 494 11.01 
309 228 78.00999999999999 
309 401 59.01 
309 441 78.00999999999999 
309 458 53.01 
309 462 61.01 
309 472 65.00999999999999 
309 494 80.00999999999999 
349 33 104.00999999999999 
349 64 91.00999999999999 
349 215 92.00999999999999 
349 228 98.00999999999999 
349 283 87.00999999999999 
349 494 109.00999999999999 
349 500 100.00999999999999 
103 42 41.01 
103 363 43.01 
103 420 37.01 
103 481 25.009999999999998 
103 486 32.01 
103 499 26.009999999999998 
103 500 40.01 
306 340 37.01 
306 404 41.01 
306 405 27.009999999999998 
306 482 37.01 
306 495 26.009999999999998 
306 498 32.01 
306 500 37.01 
105 30 23.009999999999998 
105 241 17.009999999999998 
105 331 20.009999999999998 
105 361 23.009999999999998 
105 470 21.009999999999998 
105 472 21.009999999999998 
105 496 23.009999999999998 
331 110 114.00999999999999 
331 170 83.00999999999999 
331 283 104.00999999999999 
331 369 107.00999999999999 
331 399 117.00999999999999 
331 457 106.00999999999999 
331 499 111.00999999999999 
106 40 24.009999999999998 
106 321 32.01 
106 355 33.01 
106 462 28.009999999999998 
106 487 36.01 
106 499 28.009999999999998 
106 500 27.009999999999998 
107 86 62.01 
107 236 71.00999999999999 
107 456 71.00999999999999 
107 466 57.01 
107 481 71.00999999999999 
107 499 78.00999999999999 
107 500 57.01 
236 223 80.00999999999999 
236 351 95.00999999999999 
236 476 58.01 
236 486 88.00999999999999 
236 487 69.00999999999999 
236 499 81.00999999999999 
236 500 77.00999999999999 
412 63 78.00999999999999 
412 284 72.00999999999999 
412 394 99.00999999999999 
412 424 69.00999999999999 
412 450 67.00999999999999 
412 491 100.00999999999999 
109 226 8.01 
109 247 19.009999999999998 
109 479 15.01 
109 480 23.009999999999998 
109 485 18.009999999999998 
109 493 13.01 
109 494 17.009999999999998 
247 21 21.009999999999998 
247 130 33.01 
247 131 25.009999999999998 
247 412 43.01 
247 446 32.01 
247 491 46.01 
247 497 34.01 
340 120 20.009999999999998 
340 235 19.009999999999998 
340 334 18.009999999999998 
340 372 18.009999999999998 
340 471 27.009999999999998 
340 475 16.009999999999998 
340 498 22.009999999999998 
364 204 53.01 
364 261 54.01 
364 357 49.01 
364 462 50.01 
364 472 50.01 
364 494 77.00999999999999 
440 164 184.01 
440 318 180.01 
440 436 225.01 
440 468 148.01 
440 495 175.01 
440 497 238.01 
112 17 13.01 
112 24 13.01 
112 246 6.01 
112 388 6.01 
112 432 11.01 
112 449 6.01 
112 492 11.01 
246 38 15.01 
246 150 20.009999999999998 
246 210 19.009999999999998 
246 221 17.009999999999998 
246 448 22.009999999999998 
246 452 12.01 
246 484 22.009999999999998 
113 94 52.01 
113 103 72.00999999999999 
113 270 45.01 
113 466 64.00999999999999 
113 477 58.01 
113 486 65.00999999999999 
113 500 56.01 
270 167 55.01 
270 289 34.01 
270 444 23.009999999999998 
270 463 34.01 
270 482 28.009999999999998 
270 490 32.01 
270 496 29.009999999999998 
114 69 85.00999999999999 
114 140 84.00999999999999 
114 407 119.00999999999999 
114 439 87.00999999999999 
114 465 99.00999999999999 
114 499 111.00999999999999 
114 500 99.00999999999999 
115 3 15.01 
115 327 13.01 
115 341 20.009999999999998 
115 387 29.009999999999998 
115 489 15.01 
115 494 27.009999999999998 
115 500 14.01 
327 43 34.01 
327 52 27.009999999999998 
327 62 42.01 
327 124 35.01 
327 225 26.009999999999998 
327 321 36.01 
327 337 33.01 
128 97 10.01 
128 282 12.01 
128 355 16.009999999999998 
128 365 13.01 
128 377 7.01 
128 383 18.009999999999998 
128 407 12.01 
176 111 82.00999999999999 
176 207 66.00999999999999 
176 333 87.00999999999999 
176 359 71.00999999999999 
176 413 76.00999999999999 
176 495 82.00999999999999 
176 496 94.00999999999999 
152 162 8.01 
152 257 6.01 
152 433 9.01 
152 453 4.01 
152 455 15.01 
152 483 14.01 
152 491 11.01 
184 2 23.009999999999998 
184 43 29.009999999999998 
184 255 16.009999999999998 
184 260 36.01 
184 426 24.009999999999998 
184 443 38.01 
184 446 31.009999999999998 
196 276 36.01 
196 291 41.01 
196 302 18.009999999999998 
196 323 35.01 
196 371 24.009999999999998 
196 487 23.009999999999998 
196 500 31.009999999999998 
264 8 12.01 
264 146 10.01 
264 313 10.01 
264 392 17.009999999999998 
264 401 13.01 
264 481 15.01 
264 489 9.01 
120 24 25.009999999999998 
120 25 21.009999999999998 
120 244 32.01 
120 468 41.01 
120 482 41.01 
120 491 26.009999999999998 
120 498 21.009999999999998 
121 207 132.01 
121 228 150.01 
121 230 146.01 
121 446 104.00999999999999 
121 447 123.00999999999999 
121 468 128.01 
121 495 113.00999999999999 
207 333 27.009999999999998 
207 347 30.009999999999998 
207 405 30.009999999999998 
207 495 17.009999999999998 
207 496 33.01 
207 498 44.01 
207 500 24.009999999999998 
228 41 44.01 
228 61 39.01 
228 267 44.01 
228 473 78.00999999999999 
228 490 53.01 
228 495 52.01 
228 498 69.00999999999999 
171 12 9.01 
171 192 5.01 
171 305 4.01 
171 314 3.01 
171 387 2.01 
171 479 7.01 
171 494 10.01 
160 44 40.01 
160 164 43.01 
160 275 39.01 
160 395 43.01 
160 495 64.00999999999999 
160 496 45.01 
160 498 53.01 
301 9 25.009999999999998 
301 189 21.009999999999998 
301 388 24.009999999999998 
301 399 26.009999999999998 
301 443 28.009999999999998 
301 451 25.009999999999998 
301 500 23.009999999999998 
372 46 38.01 
372 437 25.009999999999998 
372 482 20.009999999999998 
372 487 16.009999999999998 
372 490 25.009999999999998 
372 498 35.01 
127 389 10.01 
127 401 4.01 
127 416 8.01 
127 462 9.01 
127 479 9.01 
127 489 9.01 
127 494 13.01 
445 298 225.01 
445 380 193.01 
445 460 192.01 
445 478 216.01 
445 499 219.01 
445 500 227.01 
401 4 44.01 
401 107 41.01 
401 266 48.01 
401 342 50.01 
401 436 60.01 
401 493 42.01 
313 30 73.00999999999999 
313 56 77.00999999999999 
313 141 76.00999999999999 
313 197 92.00999999999999 
313 309 85.00999999999999 
313 472 61.01 
313 488 69.00999999999999 
130 292 6.01 
130 307 7.01 
130 381 14.01 
130 433 4.01 
130 478 7.01 
130 482 10.01 
130 493 9.01 
131 95 18.009999999999998 
131 339 31.009999999999998 
131 365 28.009999999999998 
131 421 28.009999999999998 
131 438 19.009999999999998 
131 456 19.009999999999998 
131 492 13.01 
132 39 6.01 
132 87 20.009999999999998 
132 149 12.01 
132 219 8.01 
132 332 13.01 
132 379 15.01 
132 498 9.01 
149 103 15.01 
149 182 12.01 
149 326 16.009999999999998 
149 397 12.01 
149 440 9.01 
149 489 14.01 
149 493 14.01 
195 288 32.01 
195 397 32.01 
195 407 32.01 
195 469 43.01 
195 486 42.01 
195 487 40.01 
195 499 39.01 
409 178 87.00999999999999 
409 179 101.00999999999999 
409 221 96.00999999999999 
409 460 116.00999999999999 
409 476 93.00999999999999 
409 477 112.00999999999999 
242 59 12.01 
242 166 11.01 
242 212 8.01 
242 250 7.01 
242 300 16.009999999999998 
242 451 16.009999999999998 
242 483 21.009999999999998 
296 10 34.01 
296 239 20.009999999999998 
296 327 29.009999999999998 
296 373 25.009999999999998 
296 430 23.009999999999998 
296 437 17.009999999999998 
296 489 24.009999999999998 
273 71 30.009999999999998 
273 98 16.009999999999998 
273 381 20.009999999999998 
273 471 24.009999999999998 
273 490 29.009999999999998 
273 496 23.009999999999998 
273 498 21.009999999999998 
345 248 57.01 
345 273 55.01 
345 322 54.01 
345 338 50.01 
345 362 47.01 
345 451 45.01 
345 495 67.00999999999999 
189 93 13.01 
189 225 13.01 
189 299 9.01 
189 367 6.01 
189 372 10.01 
189 381 3.01 
189 455 8.01 
185 157 7.01 
185 191 10.01 
185 389 6.01 
185 451 5.01 
185 484 5.01 
185 485 3.01 
185 498 6.01 
267 89 30.009999999999998 
267 102 32.01 
267 204 39.01 
267 261 33.01 
267 367 21.009999999999998 
267 438 26.009999999999998 
267 441 23.009999999999998 
143 79 39.01 
143 226 27.009999999999998 
143 347 38.01 
143 482 37.01 
143 495 34.01 
143 496 42.01 
143 497 30.009999999999998 
181 165 115.00999999999999 
181 250 107.00999999999999 
181 302 99.00999999999999 
181 365 94.00999999999999 
181 384 102.00999999999999 
181 417 101.00999999999999 
181 486 107.00999999999999 
322 93 139.01 
322 178 88.00999999999999 
322 243 133.01 
322 333 139.01 
322 335 132.01 
322 473 154.01 
322 495 14.01 
378 62 40.01 
378 110 28.009999999999998 
378 203 31.009999999999998 
378 369 33.01 
378 434 34.01 
378 497 29.009999999999998 
146 84 33.01 
146 86 36.01 
146 267 34.01 
146 400 49.01 
146 418 43.01 
146 481 24.009999999999998 
146 494 49.01 
147 37 40.01 
147 254 62.01 
147 434 45.01 
147 446 59.01 
147 477 44.01 
147 491 4.01 
147 498 44.01 
234 11 25.009999999999998 
234 464 17.009999999999998 
234 484 19.009999999999998 
234 489 9.01 
234 490 15.01 
234 494 15.01 
234 496 15.01 
357 115 37.01 
357 295 41.01 
357 364 28.009999999999998 
357 479 53.01 
357 494 48.01 
357 499 32.01 
371 19 276.01 
371 227 305.01 
371 307 245.01 
371 464 284.01 
371 487 257.01 
371 500 295.01 
182 2 27.009999999999998 
182 77 22.009999999999998 
182 288 19.009999999999998 
182 364 21.009999999999998 
182 391 25.009999999999998 
182 438 17.009999999999998 
182 494 33.01 
271 231 14.01 
271 258 12.01 
271 319 12.01 
271 378 9.01 
271 431 9.01 
271 470 12.01 
271 488 13.01 
356 31 29.009999999999998 
356 187 43.01 
356 301 35.01 
356 345 21.009999999999998 
356 434 36.01 
356 450 54.01 
154 131 31.009999999999998 
154 303 17.009999999999998 
154 334 14.01 
154 453 16.009999999999998 
154 475 25.009999999999998 
154 491 23.009999999999998 
154 493 14.01 
334 16 60.01 
334 259 64.00999999999999 
334 328 44.01 
334 417 71.00999999999999 
334 443 64.00999999999999 
334 454 58.01 
334 491 53.01 
156 15 17.009999999999998 
156 66 25.009999999999998 
156 269 23.009999999999998 
156 334 17.009999999999998 
156 449 18.009999999999998 
156 495 18.009999999999998 
156 498 9.01 
269 120 28.009999999999998 
269 372 23.009999999999998 
269 386 29.009999999999998 
269 395 33.01 
269 413 34.01 
269 477 22.009999999999998 
269 495 34.01 
158 166 28.009999999999998 
158 258 18.009999999999998 
158 285 21.009999999999998 
158 294 21.009999999999998 
158 319 25.009999999999998 
158 387 19.009999999999998 
158 495 16.009999999999998 
166 59 6.01 
166 104 10.01 
166 137 7.01 
166 245 4.01 
166 365 5.01 
166 385 3.01 
166 497 9.01 
258 68 35.01 
258 112 40.01 
258 213 30.009999999999998 
258 375 33.01 
258 408 22.009999999999998 
258 484 36.01 
258 496 26.009999999999998 
294 112 16.009999999999998 
294 123 11.01 
294 240 12.01 
294 271 17.009999999999998 
294 300 22.009999999999998 
294 482 16.009999999999998 
294 484 13.01 
354 210 144.01 
354 440 177.01 
354 444 190.01 
354 449 171.01 
354 495 150.01 
354 497 192.01 
163 305 54.01 
163 328 31.009999999999998 
163 413 49.01 
163 460 34.01 
163 468 46.01 
163 476 35.01 
163 498 52.01 
305 362 39.01 
305 431 36.01 
305 440 40.01 
305 471 26.009999999999998 
305 473 42.01 
305 482 46.01 
305 498 35.01 
172 289 174.01 
172 362 160.01 
172 382 148.01 
172 389 161.01 
172 408 181.01 
172 496 193.01 
172 498 12.01 
310 78 120.00999999999999 
310 139 171.01 
310 191 162.01 
310 312 159.01 
310 390 187.01 
310 411 143.01 
310 495 136.01 
165 123 27.009999999999998 
165 247 20.009999999999998 
165 286 33.01 
165 391 14.01 
165 412 27.009999999999998 
165 430 16.009999999999998 
165 496 22.009999999999998 
286 121 16.009999999999998 
286 423 19.009999999999998 
286 442 22.009999999999998 
286 459 18.009999999999998 
286 472 15.01 
286 475 15.01 
286 491 8.01 
248 361 39.01 
248 381 51.01 
248 463 44.01 
248 471 50.01 
248 479 28.009999999999998 
248 496 48.01 
248 497 65.00999999999999 
289 372 76.00999999999999 
289 428 83.00999999999999 
289 436 79.00999999999999 
289 473 86.00999999999999 
289 496 76.00999999999999 
289 497 77.00999999999999 
289 498 78.00999999999999 
408 390 447.01 
408 429 386.01 
408 447 419.01 
408 473 460.01 
408 495 405.01 
408 497 426.01 
173 1 22.009999999999998 
173 366 22.009999999999998 
173 384 28.009999999999998 
173 465 26.009999999999998 
173 469 13.01 
173 499 30.009999999999998 
173 500 13.01 
384 350 103.00999999999999 
384 422 112.00999999999999 
384 467 133.01 
384 492 102.00999999999999 
384 493 101.00999999999999 
384 500 120.00999999999999 
333 26 50.01 
333 214 59.01 
333 322 63.01 
333 468 82.00999999999999 
333 490 104.00999999999999 
333 496 101.00999999999999 
333 497 66.00999999999999 
227 196 53.01 
227 209 64.00999999999999 
227 308 56.01 
227 481 46.01 
227 496 47.01 
227 499 66.00999999999999 
227 500 63.01 
179 409 11.01 
179 439 25.009999999999998 
179 461 32.01 
179 467 28.009999999999998 
179 492 31.009999999999998 
179 499 35.01 
179 500 29.009999999999998 
253 230 18.009999999999998 
253 339 15.01 
253 357 22.009999999999998 
253 413 14.01 
253 432 16.009999999999998 
253 470 11.01 
253 498 18.009999999999998 
250 290 71.00999999999999 
250 324 64.00999999999999 
250 377 61.01 
250 412 77.00999999999999 
250 425 54.01 
250 476 49.01 
250 489 62.01 
191 31 33.01 
191 224 28.009999999999998 
191 313 38.01 
191 354 32.01 
191 382 22.009999999999998 
191 447 51.01 
191 496 26.009999999999998 
186 37 24.009999999999998 
186 52 22.009999999999998 
186 241 21.009999999999998 
186 410 25.009999999999998 
186 424 30.009999999999998 
186 453 23.009999999999998 
186 476 17.009999999999998 
210 42 23.009999999999998 
210 204 23.009999999999998 
210 322 16.009999999999998 
210 340 21.009999999999998 
210 413 37.01 
210 431 24.009999999999998 
210 495 35.01 
299 98 24.009999999999998 
299 382 35.01 
299 406 30.009999999999998 
299 443 39.01 
299 490 39.01 
299 497 39.01 
299 498 43.01 
225 33 58.01 
225 199 44.01 
225 276 34.01 
225 340 43.01 
225 496 40.01 
225 497 46.01 
225 498 43.01 
190 169 14.01 
190 242 13.01 
190 338 18.009999999999998 
190 441 15.01 
190 469 10.01 
190 480 20.009999999999998 
190 488 11.01 
224 63 21.009999999999998 
224 220 13.01 
224 305 21.009999999999998 
224 330 17.009999999999998 
224 419 9.01 
224 428 24.009999999999998 
224 498 19.009999999999998 
291 5 87.00999999999999 
291 329 110.00999999999999 
291 407 91.00999999999999 
291 460 99.00999999999999 
291 461 91.00999999999999 
291 481 90.00999999999999 
291 500 100.00999999999999 
351 282 614.01 
351 325 619.01 
351 398 612.01 
351 402 640.01 
351 445 616.01 
351 461 568.01 
351 500 128.01 
193 38 10.01 
193 253 13.01 
193 278 14.01 
193 301 15.01 
193 452 16.009999999999998 
193 484 9.01 
193 500 11.01 
199 268 24.009999999999998 
199 270 23.009999999999998 
199 423 28.009999999999998 
199 436 25.009999999999998 
199 444 29.009999999999998 
199 482 24.009999999999998 
199 496 25.009999999999998 
268 390 41.01 
268 440 48.01 
268 442 28.009999999999998 
268 473 49.01 
268 490 39.01 
268 496 58.01 
268 498 49.01 
202 59 48.01 
202 154 56.01 
202 205 53.01 
202 239 57.01 
202 433 48.01 
202 477 54.01 
202 500 48.01 
205 147 18.009999999999998 
205 190 25.009999999999998 
205 327 24.009999999999998 
205 395 19.009999999999998 
205 429 29.009999999999998 
205 471 23.009999999999998 
205 483 17.009999999999998 
239 10 24.009999999999998 
239 212 23.009999999999998 
239 288 13.01 
239 336 18.009999999999998 
239 370 21.009999999999998 
239 479 21.009999999999998 
239 500 19.009999999999998 
203 55 11.01 
203 200 11.01 
203 240 16.009999999999998 
203 404 11.01 
203 470 16.009999999999998 
203 492 6.01 
203 495 11.01 
240 22 11.01 
240 105 11.01 
240 185 13.01 
240 257 14.01 
240 440 12.01 
240 457 17.009999999999998 
240 459 12.01 
204 308 15.01 
204 355 17.009999999999998 
204 368 16.009999999999998 
204 375 19.009999999999998 
204 418 19.009999999999998 
204 465 16.009999999999998 
204 489 13.01 
308 86 175.01 
308 466 193.01 
308 467 167.01 
308 476 168.01 
308 481 192.01 
308 493 70.00999999999999 
308 500 167.01 
343 175 91.00999999999999 
343 353 105.00999999999999 
343 418 101.00999999999999 
343 460 97.00999999999999 
343 466 96.00999999999999 
343 478 86.00999999999999 
343 500 91.00999999999999 
208 194 14.01 
208 280 21.009999999999998 
208 346 18.009999999999998 
208 380 17.009999999999998 
208 448 18.009999999999998 
208 455 17.009999999999998 
208 485 15.01 
380 278 93.00999999999999 
380 358 98.00999999999999 
380 427 67.00999999999999 
380 445 54.01 
380 493 96.00999999999999 
380 499 82.00999999999999 
209 374 48.01 
209 384 37.01 
209 437 41.01 
209 466 30.009999999999998 
209 486 45.01 
209 499 32.01 
209 500 40.01 
211 76 226.01 
211 334 220.01 
211 348 218.01 
211 391 211.01 
211 416 227.01 
211 450 218.01 
211 454 232.01 
212 1 35.01 
212 48 40.01 
212 205 33.01 
212 412 37.01 
212 455 26.009999999999998 
212 465 31.009999999999998 
212 483 35.01 
215 64 40.01 
215 138 41.01 
215 260 39.01 
215 349 27.009999999999998 
215 357 52.01 
215 360 36.01 
215 500 36.01 
217 167 41.01 
217 345 24.009999999999998 
217 411 32.01 
217 473 35.01 
217 478 27.009999999999998 
217 490 34.01 
217 498 41.01 
223 101 89.00999999999999 
223 106 112.00999999999999 
223 380 105.00999999999999 
223 477 81.00999999999999 
223 493 93.00999999999999 
223 499 85.00999999999999 
223 500 85.00999999999999 
293 40 33.01 
293 186 41.01 
293 249 38.01 
293 259 38.01 
293 414 35.01 
293 442 42.01 
293 475 26.009999999999998 
252 248 9.01 
252 286 14.01 
252 293 20.009999999999998 
252 372 15.01 
252 453 14.01 
252 472 28.009999999999998 
252 483 21.009999999999998 
259 383 40.01 
259 424 35.01 
259 442 42.01 
259 453 46.01 
259 474 46.01 
259 493 28.009999999999998 
259 496 33.01 
295 309 16.009999999999998 
295 324 18.009999999999998 
295 349 20.009999999999998 
295 392 23.009999999999998 
295 426 23.009999999999998 
295 435 20.009999999999998 
295 494 26.009999999999998 
350 134 84.00999999999999 
350 308 117.00999999999999 
350 380 92.00999999999999 
350 415 80.00999999999999 
350 469 112.00999999999999 
350 481 116.00999999999999 
350 500 100.00999999999999 
298 118 71.00999999999999 
298 380 73.00999999999999 
298 460 76.00999999999999 
298 487 59.01 
298 492 72.00999999999999 
298 493 57.01 
298 500 65.00999999999999 
