0 135 0.01 
0 363 1.01 
0 406 0.01 
0 432 1.01 
0 469 2.01 
0 488 0.01 
0 494 3.01 
0 495 0.01 
0 499 0.01 
135 115 0.01 
135 230 1.01 
135 302 1.01 
135 383 1.01 
135 436 1.01 
135 455 0.01 
135 493 0.01 
135 498 0.01 
135 499 0.01 
363 198 4.01 
363 393 3.01 
363 413 3.01 
363 479 3.01 
363 481 4.01 
363 494 4.01 
363 497 4.01 
363 499 4.01 
406 6 2.01 
406 121 3.01 
406 282 4.01 
406 434 4.01 
406 441 4.01 
406 450 2.01 
406 494 9.01 
406 499 2.01 
432 24 48.01 
432 192 51.01 
432 279 61.01 
432 473 41.01 
432 495 21.009999999999998 
432 497 19.009999999999998 
432 498 55.01 
432 499 67.00999999999999 
469 36 13.01 
469 263 7.01 
469 286 5.01 
469 295 6.01 
469 439 7.01 
469 471 9.01 
469 490 5.01 
469 494 7.01 
488 327 70.00999999999999 
488 403 64.00999999999999 
488 433 74.00999999999999 
488 472 77.00999999999999 
488 484 77.00999999999999 
488 493 91.00999999999999 
488 497 45.01 
488 499 74.00999999999999 
494 257 66.00999999999999 
494 321 78.00999999999999 
494 462 46.01 
494 481 67.00999999999999 
494 482 55.01 
494 487 61.01 
494 496 57.01 
494 498 67.00999999999999 
495 10 157.01 
495 359 165.01 
495 389 148.01 
495 432 167.01 
495 483 147.01 
495 485 170.01 
495 492 129.01 
495 499 159.01 
499 16 298.01 
499 64 276.01 
499 68 269.01 
499 221 276.01 
499 428 273.01 
499 490 282.01 
499 496 284.01 
499 497 296.01 
1 220 1.01 
1 277 3.01 
1 360 4.01 
1 386 1.01 
1 459 2.01 
1 460 0.01 
1 489 1.01 
1 497 3.01 
1 499 2.01 
220 312 3.01 
220 314 0.01 
220 405 1.01 
220 417 4.01 
220 468 2.01 
220 473 2.01 
220 495 4.01 
220 499 2.01 
277 78 4.01 
277 291 0.01 
277 339 4.01 
277 421 1.01 
277 467 3.01 
277 480 2.01 
277 495 3.01 
277 496 2.01 
360 15 6.01 
360 248 2.01 
360 387 7.01 
360 474 3.01 
360 477 3.01 
360 490 1.01 
360 495 6.01 
360 496 2.01 
386 358 4.01 
386 379 8.01 
386 467 5.01 
386 479 4.01 
386 482 3.01 
386 489 5.01 
386 491 3.01 
386 494 1.01 
459 40 9.01 
459 50 7.01 
459 323 12.01 
459 485 12.01 
459 492 5.01 
459 493 8.01 
459 496 9.01 
459 499 10.01 
460 47 6.01 
460 119 4.01 
460 447 9.01 
460 467 7.01 
460 468 4.01 
460 483 7.01 
460 486 9.01 
460 499 4.01 
489 168 48.01 
489 380 42.01 
489 394 31.009999999999998 
489 424 35.01 
489 440 38.01 
489 483 36.01 
489 486 25.009999999999998 
489 499 27.009999999999998 
497 56 180.01 
497 64 173.01 
497 263 166.01 
497 432 157.01 
497 471 171.01 
497 488 147.01 
497 492 132.01 
497 495 169.01 
2 319 0.01 
2 372 1.01 
2 474 0.01 
2 475 0.01 
2 491 0.01 
2 495 1.01 
2 496 0.01 
2 498 1.01 
2 499 0.01 
319 79 1.01 
319 278 1.01 
319 311 2.01 
319 408 1.01 
319 448 0.01 
319 455 1.01 
319 494 0.01 
319 499 4.01 
372 207 3.01 
372 330 1.01 
372 367 1.01 
372 419 4.01 
372 465 1.01 
372 482 3.01 
372 495 4.01 
372 498 2.01 
474 5 9.01 
474 48 13.01 
474 58 15.01 
474 76 13.01 
474 406 13.01 
474 486 10.01 
474 494 22.009999999999998 
474 496 13.01 
475 17 14.01 
475 212 19.009999999999998 
475 262 16.009999999999998 
475 277 11.01 
475 453 15.01 
475 484 15.01 
475 496 18.009999999999998 
475 499 20.009999999999998 
491 53 49.01 
491 412 48.01 
491 419 48.01 
491 449 46.01 
491 487 52.01 
491 488 53.01 
491 496 45.01 
491 499 47.01 
496 28 150.01 
496 72 154.01 
496 365 146.01 
496 412 155.01 
496 477 147.01 
496 488 162.01 
496 495 151.01 
496 498 130.01 
498 375 126.00999999999999 
498 470 166.01 
498 476 136.01 
498 486 150.01 
498 487 165.01 
498 495 142.01 
498 499 152.01 
3 15 1.01 
3 308 1.01 
3 317 2.01 
3 371 1.01 
3 423 2.01 
3 479 1.01 
3 480 0.01 
3 497 3.01 
3 499 1.01 
15 25 1.01 
15 100 1.01 
15 108 0.01 
15 126 1.01 
15 264 0.01 
15 464 1.01 
15 475 0.01 
15 489 2.01 
15 499 1.01 
308 105 1.01 
308 200 2.01 
308 246 1.01 
308 328 1.01 
308 445 0.01 
308 464 0.01 
308 492 1.01 
308 498 1.01 
317 170 8.01 
317 306 4.01 
317 344 2.01 
317 410 6.01 
317 483 3.01 
317 489 6.01 
317 496 5.01 
317 499 4.01 
371 292 9.01 
371 358 6.01 
371 422 1.01 
371 456 11.01 
371 488 3.01 
371 494 9.01 
371 495 4.01 
371 499 8.01 
423 107 6.01 
423 112 6.01 
423 138 5.01 
423 316 5.01 
423 484 6.01 
423 485 4.01 
423 491 3.01 
423 494 8.01 
479 351 19.009999999999998 
479 418 15.01 
479 428 13.01 
479 444 23.009999999999998 
479 447 20.009999999999998 
479 462 21.009999999999998 
479 494 16.009999999999998 
479 495 18.009999999999998 
480 72 18.009999999999998 
480 110 11.01 
480 346 14.01 
480 378 12.01 
480 388 17.009999999999998 
480 464 16.009999999999998 
480 483 16.009999999999998 
480 495 10.01 
4 219 2.01 
4 334 2.01 
4 368 1.01 
4 422 0.01 
4 426 2.01 
4 437 0.01 
4 467 0.01 
4 471 1.01 
4 494 2.01 
219 157 1.01 
219 199 3.01 
219 388 3.01 
219 399 1.01 
219 416 3.01 
219 441 1.01 
219 465 4.01 
219 499 2.01 
334 274 2.01 
334 389 2.01 
334 392 2.01 
334 406 1.01 
334 442 2.01 
334 444 2.01 
334 488 3.01 
334 498 0.01 
368 3 6.01 
368 149 2.01 
368 168 7.01 
368 290 4.01 
368 352 4.01 
368 481 6.01 
368 485 3.01 
368 491 6.01 
422 82 1.01 
422 88 4.01 
422 353 4.01 
422 374 1.01 
422 380 1.01 
422 424 0.01 
422 495 3.01 
422 499 1.01 
426 170 5.01 
426 232 6.01 
426 243 4.01 
426 258 7.01 
426 352 9.01 
426 383 3.01 
426 451 4.01 
426 499 5.01 
437 12 3.01 
437 133 1.01 
437 140 6.01 
437 287 4.01 
437 402 2.01 
437 455 5.01 
437 497 10.01 
437 499 9.01 
467 231 13.01 
467 302 20.009999999999998 
467 306 16.009999999999998 
467 372 12.01 
467 435 11.01 
467 436 19.009999999999998 
467 497 15.01 
467 499 12.01 
471 285 30.009999999999998 
471 289 40.01 
471 323 27.009999999999998 
471 479 35.01 
471 487 33.01 
471 491 34.01 
471 494 31.009999999999998 
471 499 22.009999999999998 
5 13 2.01 
5 137 0.01 
5 250 1.01 
5 296 1.01 
5 422 1.01 
5 439 2.01 
5 484 0.01 
5 494 2.01 
5 499 2.01 
13 70 3.01 
13 101 3.01 
13 220 2.01 
13 410 2.01 
13 440 2.01 
13 488 3.01 
13 495 2.01 
13 496 3.01 
13 499 1.01 
137 126 0.01 
137 148 0.01 
137 324 1.01 
137 437 0.01 
137 474 0.01 
137 481 0.01 
137 483 3.01 
137 495 0.01 
137 499 0.01 
250 38 2.01 
250 69 6.01 
250 376 2.01 
250 485 2.01 
250 490 5.01 
250 491 2.01 
250 495 2.01 
250 498 2.01 
296 160 2.01 
296 212 2.01 
296 284 3.01 
296 435 2.01 
296 486 3.01 
296 490 1.01 
296 494 3.01 
296 495 2.01 
439 128 7.01 
439 157 4.01 
439 385 8.01 
439 431 14.01 
439 469 5.01 
439 474 5.01 
439 477 9.01 
439 498 13.01 
484 16 37.01 
484 299 26.009999999999998 
484 357 33.01 
484 457 34.01 
484 493 30.009999999999998 
484 494 29.009999999999998 
484 498 36.01 
484 499 33.01 
6 91 5.01 
6 202 3.01 
6 418 1.01 
6 442 2.01 
6 455 1.01 
6 475 4.01 
6 492 4.01 
6 496 2.01 
6 499 3.01 
91 113 2.01 
91 318 1.01 
91 399 2.01 
91 426 4.01 
91 446 1.01 
91 459 0.01 
91 465 1.01 
91 480 1.01 
91 499 3.01 
202 29 0.01 
202 345 3.01 
202 354 4.01 
202 357 1.01 
202 481 4.01 
202 491 5.01 
202 498 2.01 
202 499 1.01 
418 328 2.01 
418 385 4.01 
418 411 6.01 
418 463 1.01 
418 479 1.01 
418 481 2.01 
418 486 6.01 
418 499 4.01 
442 39 7.01 
442 133 5.01 
442 233 4.01 
442 354 7.01 
442 421 10.01 
442 486 7.01 
442 490 5.01 
442 497 5.01 
455 7 5.01 
455 259 7.01 
455 326 1.01 
455 437 4.01 
455 490 3.01 
455 497 6.01 
455 498 4.01 
455 499 4.01 
492 171 92.00999999999999 
492 285 115.00999999999999 
492 419 101.00999999999999 
492 482 120.00999999999999 
492 493 102.00999999999999 
492 495 78.00999999999999 
492 496 101.00999999999999 
492 499 76.00999999999999 
7 170 2.01 
7 193 3.01 
7 198 0.01 
7 218 2.01 
7 271 2.01 
7 291 1.01 
7 458 1.01 
7 471 2.01 
7 491 0.01 
170 46 1.01 
170 311 0.01 
170 382 3.01 
170 480 4.01 
170 493 3.01 
170 495 2.01 
170 496 0.01 
170 499 2.01 
193 60 0.01 
193 294 1.01 
193 348 2.01 
193 421 0.01 
193 478 1.01 
193 495 0.01 
193 496 2.01 
193 499 1.01 
198 92 1.01 
198 154 2.01 
198 188 2.01 
198 275 0.01 
198 469 0.01 
198 484 2.01 
198 489 3.01 
198 498 0.01 
218 95 2.01 
218 471 2.01 
218 475 2.01 
218 476 3.01 
218 492 2.01 
218 494 2.01 
218 495 1.01 
218 497 4.01 
271 414 4.01 
271 460 3.01 
271 470 4.01 
271 484 4.01 
271 494 1.01 
271 496 3.01 
271 497 4.01 
271 498 4.01 
291 15 0.01 
291 37 0.01 
291 427 1.01 
291 437 2.01 
291 457 0.01 
291 486 2.01 
291 491 0.01 
291 499 0.01 
458 1 13.01 
458 349 12.01 
458 350 6.01 
458 415 14.01 
458 463 8.01 
458 494 16.009999999999998 
458 498 9.01 
458 499 16.009999999999998 
8 243 1.01 
8 395 3.01 
8 434 2.01 
8 453 0.01 
8 466 1.01 
8 469 2.01 
8 493 4.01 
8 494 1.01 
8 499 5.01 
243 13 1.01 
243 130 0.01 
243 205 3.01 
243 400 0.01 
243 409 0.01 
243 414 1.01 
243 472 1.01 
243 488 0.01 
395 21 4.01 
395 40 4.01 
395 82 6.01 
395 162 1.01 
395 371 1.01 
395 488 1.01 
395 494 0.01 
395 499 5.01 
434 42 7.01 
434 304 4.01 
434 361 4.01 
434 362 6.01 
434 486 5.01 
434 492 4.01 
434 497 2.01 
434 498 3.01 
453 97 7.01 
453 244 7.01 
453 314 4.01 
453 438 3.01 
453 443 9.01 
453 456 5.01 
453 495 2.01 
453 496 2.01 
466 80 24.009999999999998 
466 377 14.01 
466 446 14.01 
466 470 15.01 
466 475 10.01 
466 492 17.009999999999998 
466 494 12.01 
466 499 18.009999999999998 
493 11 66.00999999999999 
493 81 76.00999999999999 
493 145 76.00999999999999 
493 183 84.00999999999999 
493 496 75.00999999999999 
493 497 62.01 
493 498 68.00999999999999 
493 499 63.01 
9 256 1.01 
9 268 3.01 
9 290 1.01 
9 333 0.01 
9 466 2.01 
9 486 2.01 
9 494 2.01 
9 496 1.01 
9 499 2.01 
256 201 0.01 
256 368 0.01 
256 388 0.01 
256 404 1.01 
256 428 0.01 
256 491 3.01 
256 493 1.01 
256 499 0.01 
268 445 2.01 
268 448 3.01 
268 466 4.01 
268 471 3.01 
268 476 2.01 
268 480 1.01 
268 486 1.01 
268 499 0.01 
290 32 4.01 
290 83 1.01 
290 338 4.01 
290 457 3.01 
290 491 3.01 
290 494 2.01 
290 498 3.01 
290 499 1.01 
333 33 5.01 
333 62 1.01 
333 99 3.01 
333 281 2.01 
333 415 2.01 
333 481 5.01 
333 483 4.01 
333 491 4.01 
486 57 38.01 
486 214 41.01 
486 229 51.01 
486 252 53.01 
486 475 44.01 
486 477 42.01 
486 497 48.01 
486 499 40.01 
10 128 15.01 
10 292 17.009999999999998 
10 318 17.009999999999998 
10 337 15.01 
10 436 21.009999999999998 
10 448 27.009999999999998 
10 482 20.009999999999998 
10 496 16.009999999999998 
10 499 15.01 
128 85 1.01 
128 143 3.01 
128 171 3.01 
128 254 2.01 
128 375 0.01 
128 396 1.01 
128 487 6.01 
128 489 5.01 
128 499 2.01 
292 0 3.01 
292 183 8.01 
292 326 8.01 
292 371 2.01 
292 425 8.01 
292 426 3.01 
292 490 7.01 
292 499 8.01 
318 136 11.01 
318 325 2.01 
318 443 9.01 
318 483 8.01 
318 488 5.01 
318 489 6.01 
318 496 5.01 
318 498 8.01 
337 27 4.01 
337 53 2.01 
337 204 6.01 
337 380 5.01 
337 473 4.01 
337 483 3.01 
337 491 2.01 
337 497 1.01 
436 278 16.009999999999998 
436 306 13.01 
436 307 12.01 
436 357 14.01 
436 433 13.01 
436 443 17.009999999999998 
436 478 13.01 
436 498 13.01 
448 199 15.01 
448 371 11.01 
448 413 14.01 
448 465 12.01 
448 474 12.01 
448 476 15.01 
448 491 15.01 
448 499 8.01 
482 347 42.01 
482 371 35.01 
482 377 31.009999999999998 
482 401 30.009999999999998 
482 479 29.009999999999998 
482 495 40.01 
482 496 34.01 
482 497 44.01 
11 9 10.01 
11 49 9.01 
11 450 14.01 
11 481 8.01 
11 483 10.01 
11 485 5.01 
11 487 2.01 
11 495 7.01 
11 499 4.01 
49 245 3.01 
49 293 1.01 
49 387 1.01 
49 416 3.01 
49 472 2.01 
49 487 3.01 
49 491 1.01 
49 498 4.01 
49 499 2.01 
450 377 3.01 
450 443 5.01 
450 461 9.01 
450 471 5.01 
450 481 5.01 
450 485 4.01 
450 493 8.01 
450 498 14.01 
481 24 22.009999999999998 
481 33 33.01 
481 369 19.009999999999998 
481 408 34.01 
481 466 23.009999999999998 
481 474 22.009999999999998 
481 491 27.009999999999998 
481 499 25.009999999999998 
483 54 51.01 
483 245 49.01 
483 376 44.01 
483 491 42.01 
483 495 16.009999999999998 
483 497 48.01 
483 498 53.01 
483 499 31.009999999999998 
485 35 53.01 
485 356 41.01 
485 391 56.01 
485 424 50.01 
485 430 48.01 
485 443 51.01 
485 457 44.01 
485 499 50.01 
487 96 73.00999999999999 
487 298 55.01 
487 324 57.01 
487 407 56.01 
487 447 65.00999999999999 
487 489 71.00999999999999 
487 492 67.00999999999999 
487 499 44.01 
12 23 1.01 
12 429 0.01 
12 431 0.01 
12 447 0.01 
12 476 2.01 
12 479 1.01 
12 481 0.01 
12 493 2.01 
12 494 2.01 
23 62 2.01 
23 255 1.01 
23 356 0.01 
23 452 0.01 
23 471 1.01 
23 475 1.01 
23 494 1.01 
23 496 1.01 
23 499 1.01 
429 181 6.01 
429 227 4.01 
429 358 5.01 
429 480 5.01 
429 482 3.01 
429 492 5.01 
429 495 3.01 
429 497 4.01 
431 244 7.01 
431 448 7.01 
431 455 3.01 
431 479 4.01 
431 484 5.01 
431 489 1.01 
431 490 5.01 
431 499 2.01 
447 249 11.01 
447 296 16.009999999999998 
447 305 19.009999999999998 
447 341 9.01 
447 376 14.01 
447 405 21.009999999999998 
447 493 15.01 
447 499 15.01 
476 139 30.009999999999998 
476 335 31.009999999999998 
476 378 33.01 
476 402 32.01 
476 467 29.009999999999998 
476 471 32.01 
476 497 46.01 
476 499 29.009999999999998 
70 93 2.01 
70 234 1.01 
70 376 0.01 
70 391 0.01 
70 396 1.01 
70 399 0.01 
70 489 1.01 
70 491 1.01 
70 495 1.01 
101 204 1.01 
101 288 2.01 
101 298 0.01 
101 322 2.01 
101 343 1.01 
101 478 0.01 
101 491 0.01 
101 494 0.01 
101 498 0.01 
410 222 3.01 
410 379 5.01 
410 467 1.01 
410 474 8.01 
410 477 4.01 
410 491 2.01 
410 494 4.01 
410 499 4.01 
440 208 13.01 
440 233 10.01 
440 297 10.01 
440 358 10.01 
440 392 13.01 
440 488 15.01 
440 490 8.01 
440 491 13.01 
14 396 5.01 
14 444 4.01 
14 449 1.01 
14 469 2.01 
14 484 4.01 
14 487 4.01 
14 497 6.01 
14 498 4.01 
14 499 3.01 
396 447 2.01 
396 474 3.01 
396 483 2.01 
396 487 4.01 
396 494 3.01 
396 497 1.01 
396 498 2.01 
396 499 1.01 
444 252 6.01 
444 303 5.01 
444 455 6.01 
444 485 7.01 
444 487 3.01 
444 488 11.01 
444 497 10.01 
444 499 7.01 
449 210 13.01 
449 236 12.01 
449 444 6.01 
449 478 8.01 
449 484 8.01 
449 493 12.01 
449 495 14.01 
449 499 13.01 
25 190 1.01 
25 202 2.01 
25 450 0.01 
25 478 2.01 
25 491 0.01 
25 492 2.01 
25 494 0.01 
25 497 0.01 
25 499 0.01 
100 71 7.01 
100 351 9.01 
100 391 6.01 
100 393 4.01 
100 452 2.01 
100 490 7.01 
100 492 7.01 
100 495 8.01 
100 497 7.01 
108 222 0.01 
108 231 0.01 
108 364 0.01 
108 466 0.01 
108 490 2.01 
108 491 0.01 
108 493 0.01 
108 495 1.01 
108 497 1.01 
126 51 0.01 
126 165 0.01 
126 295 0.01 
126 421 0.01 
126 440 0.01 
126 470 0.01 
126 496 0.01 
126 497 0.01 
126 499 1.01 
264 124 0.01 
264 216 0.01 
264 431 0.01 
264 435 2.01 
264 438 0.01 
264 455 0.01 
264 459 0.01 
264 496 0.01 
464 147 10.01 
464 261 5.01 
464 323 9.01 
464 468 8.01 
464 472 14.01 
464 494 15.01 
464 497 12.01 
464 499 14.01 
16 88 38.01 
16 153 37.01 
16 349 39.01 
16 435 43.01 
16 470 34.01 
16 493 44.01 
16 495 37.01 
16 496 35.01 
16 498 37.01 
88 129 7.01 
88 197 6.01 
88 234 7.01 
88 464 5.01 
88 472 1.01 
88 475 5.01 
88 483 4.01 
88 496 2.01 
88 497 5.01 
153 49 6.01 
153 85 3.01 
153 214 6.01 
153 351 7.01 
153 387 3.01 
153 401 3.01 
153 470 9.01 
153 471 6.01 
153 497 4.01 
349 231 6.01 
349 320 13.01 
349 364 9.01 
349 427 4.01 
349 469 8.01 
349 481 13.01 
349 493 3.01 
349 496 1.01 
435 134 13.01 
435 220 12.01 
435 307 14.01 
435 483 7.01 
435 490 6.01 
435 496 5.01 
435 498 8.01 
435 499 21.009999999999998 
470 374 36.01 
470 381 47.01 
470 397 30.009999999999998 
470 400 41.01 
470 489 34.01 
470 497 33.01 
470 498 7.01 
470 499 28.009999999999998 
17 107 3.01 
17 254 3.01 
17 447 2.01 
17 466 4.01 
17 470 1.01 
17 472 2.01 
17 478 2.01 
17 494 2.01 
17 497 2.01 
107 337 1.01 
107 342 0.01 
107 375 1.01 
107 420 0.01 
107 473 0.01 
107 475 5.01 
107 484 3.01 
107 486 1.01 
107 493 2.01 
254 18 4.01 
254 360 3.01 
254 413 3.01 
254 422 2.01 
254 460 1.01 
254 481 3.01 
254 497 3.01 
254 499 2.01 
472 110 18.009999999999998 
472 187 22.009999999999998 
472 317 21.009999999999998 
472 442 20.009999999999998 
472 493 28.009999999999998 
472 497 20.009999999999998 
472 498 24.009999999999998 
472 499 28.009999999999998 
478 136 17.009999999999998 
478 309 12.01 
478 361 13.01 
478 445 23.009999999999998 
478 475 11.01 
478 495 9.01 
478 496 8.01 
478 499 14.01 
18 50 1.01 
18 199 1.01 
18 234 1.01 
18 261 4.01 
18 386 1.01 
18 488 0.01 
18 492 4.01 
18 495 2.01 
18 498 3.01 
50 83 1.01 
50 97 1.01 
50 196 2.01 
50 296 0.01 
50 453 0.01 
50 460 3.01 
50 488 0.01 
50 490 1.01 
50 499 0.01 
199 93 3.01 
199 169 6.01 
199 224 3.01 
199 413 8.01 
199 456 2.01 
199 494 1.01 
199 497 1.01 
199 499 2.01 
234 86 0.01 
234 131 3.01 
234 218 0.01 
234 420 4.01 
234 471 2.01 
234 487 0.01 
234 491 1.01 
234 493 3.01 
261 25 2.01 
261 47 3.01 
261 77 0.01 
261 162 1.01 
261 285 2.01 
261 407 1.01 
261 489 1.01 
261 494 0.01 
19 313 2.01 
19 339 1.01 
19 350 1.01 
19 373 2.01 
19 463 1.01 
19 464 1.01 
19 487 1.01 
19 497 1.01 
19 498 1.01 
313 84 0.01 
313 269 1.01 
313 283 0.01 
313 446 0.01 
313 492 2.01 
313 495 2.01 
313 497 5.01 
313 499 0.01 
339 160 3.01 
339 161 3.01 
339 220 3.01 
339 357 3.01 
339 403 6.01 
339 406 1.01 
339 494 2.01 
339 495 1.01 
350 44 1.01 
350 205 2.01 
350 247 3.01 
350 367 3.01 
350 444 3.01 
350 449 2.01 
350 450 0.01 
350 498 2.01 
373 1 1.01 
373 204 0.01 
373 226 1.01 
373 438 1.01 
373 490 1.01 
373 494 0.01 
373 497 2.01 
373 498 0.01 
463 119 4.01 
463 250 12.01 
463 385 11.01 
463 405 7.01 
463 429 11.01 
463 495 10.01 
463 498 11.01 
463 499 12.01 
20 104 0.01 
20 210 0.01 
20 267 0.01 
20 283 1.01 
20 323 2.01 
20 453 0.01 
20 482 0.01 
20 494 0.01 
20 496 0.01 
104 30 3.01 
104 203 1.01 
104 309 0.01 
104 321 0.01 
104 443 1.01 
104 463 0.01 
104 479 0.01 
104 482 0.01 
104 499 1.01 
210 268 3.01 
210 273 3.01 
210 294 1.01 
210 468 4.01 
210 485 2.01 
210 493 2.01 
210 498 1.01 
210 499 2.01 
267 277 2.01 
267 390 1.01 
267 438 3.01 
267 476 0.01 
267 487 2.01 
267 492 1.01 
267 497 0.01 
267 499 2.01 
283 339 1.01 
283 444 0.01 
283 458 1.01 
283 479 0.01 
283 487 3.01 
283 494 1.01 
283 495 0.01 
283 497 1.01 
323 70 3.01 
323 265 8.01 
323 312 9.01 
323 342 7.01 
323 491 6.01 
323 492 5.01 
323 497 8.01 
323 499 9.01 
21 28 0.01 
21 111 1.01 
21 117 1.01 
21 209 0.01 
21 400 0.01 
21 459 1.01 
21 468 1.01 
21 471 1.01 
21 499 2.01 
28 187 27.009999999999998 
28 379 20.009999999999998 
28 382 17.009999999999998 
28 387 11.01 
28 430 20.009999999999998 
28 432 22.009999999999998 
28 496 0.01 
28 498 11.01 
28 499 23.009999999999998 
111 226 0.01 
111 321 2.01 
111 355 2.01 
111 385 0.01 
111 402 1.01 
111 482 1.01 
111 488 1.01 
111 496 0.01 
111 499 2.01 
117 20 0.01 
117 52 0.01 
117 237 0.01 
117 300 0.01 
117 446 0.01 
117 466 1.01 
117 470 0.01 
117 493 2.01 
117 496 1.01 
209 80 0.01 
209 89 1.01 
209 159 1.01 
209 223 0.01 
209 302 1.01 
209 384 2.01 
209 473 2.01 
209 490 0.01 
400 4 9.01 
400 329 5.01 
400 403 4.01 
400 430 6.01 
400 476 5.01 
400 497 8.01 
400 498 5.01 
400 499 13.01 
468 254 12.01 
468 295 8.01 
468 362 9.01 
468 428 11.01 
468 482 8.01 
468 483 8.01 
468 492 10.01 
468 493 10.01 
22 142 4.01 
22 234 4.01 
22 305 9.01 
22 338 7.01 
22 423 5.01 
22 454 3.01 
22 462 5.01 
22 497 5.01 
22 498 4.01 
142 172 2.01 
142 204 1.01 
142 214 0.01 
142 310 2.01 
142 449 1.01 
142 479 2.01 
142 485 1.01 
142 486 0.01 
142 499 2.01 
305 111 5.01 
305 206 6.01 
305 331 6.01 
305 477 8.01 
305 483 4.01 
305 489 5.01 
305 496 8.01 
305 499 5.01 
338 164 1.01 
338 440 4.01 
338 469 2.01 
338 474 0.01 
338 492 7.01 
338 494 0.01 
338 495 3.01 
338 499 5.01 
454 152 13.01 
454 315 11.01 
454 329 8.01 
454 337 9.01 
454 366 13.01 
454 478 7.01 
454 480 7.01 
454 481 8.01 
462 76 17.009999999999998 
462 115 13.01 
462 141 8.01 
462 318 16.009999999999998 
462 458 7.01 
462 490 12.01 
462 496 13.01 
462 499 13.01 
62 300 0.01 
62 310 0.01 
62 331 1.01 
62 440 2.01 
62 480 0.01 
62 481 0.01 
62 490 0.01 
62 494 0.01 
62 499 0.01 
255 264 0.01 
255 399 0.01 
255 453 0.01 
255 466 2.01 
255 485 1.01 
255 497 3.01 
255 498 2.01 
255 499 3.01 
356 427 8.01 
356 458 13.01 
356 474 4.01 
356 485 1.01 
356 486 6.01 
356 490 5.01 
356 492 8.01 
356 497 7.01 
452 307 6.01 
452 346 7.01 
452 363 3.01 
452 472 9.01 
452 473 5.01 
452 481 4.01 
452 494 3.01 
452 499 6.01 
24 95 8.01 
24 203 8.01 
24 333 9.01 
24 402 7.01 
24 409 9.01 
24 410 7.01 
24 494 6.01 
24 495 7.01 
24 499 9.01 
95 17 0.01 
95 26 2.01 
95 127 2.01 
95 308 3.01 
95 486 2.01 
95 491 0.01 
95 493 1.01 
95 498 1.01 
95 499 0.01 
203 289 1.01 
203 396 2.01 
203 442 3.01 
203 464 1.01 
203 470 1.01 
203 473 1.01 
203 494 1.01 
203 498 3.01 
402 341 5.01 
402 355 4.01 
402 461 5.01 
402 472 13.01 
402 482 3.01 
402 489 11.01 
402 497 3.01 
402 499 6.01 
409 51 5.01 
409 280 4.01 
409 286 3.01 
409 452 8.01 
409 467 1.01 
409 476 5.01 
409 485 4.01 
409 498 4.01 
190 189 2.01 
190 265 0.01 
190 292 1.01 
190 490 2.01 
190 494 1.01 
190 496 1.01 
190 498 1.01 
190 499 0.01 
26 41 1.01 
26 156 2.01 
26 261 1.01 
26 308 2.01 
26 404 1.01 
26 488 2.01 
26 490 2.01 
26 493 2.01 
26 499 2.01 
41 113 1.01 
41 329 0.01 
41 420 0.01 
41 451 0.01 
41 468 0.01 
41 475 1.01 
41 478 0.01 
41 484 0.01 
41 499 2.01 
156 18 1.01 
156 247 2.01 
156 337 2.01 
156 340 1.01 
156 395 0.01 
156 491 0.01 
156 492 3.01 
156 493 2.01 
156 494 1.01 
404 197 2.01 
404 300 3.01 
404 383 4.01 
404 422 4.01 
404 448 2.01 
404 490 2.01 
404 496 1.01 
404 498 1.01 
490 112 73.00999999999999 
490 174 83.00999999999999 
490 428 87.00999999999999 
490 461 80.00999999999999 
490 477 98.00999999999999 
490 495 68.00999999999999 
490 497 73.00999999999999 
490 499 23.009999999999998 
27 35 3.01 
27 57 4.01 
27 117 0.01 
27 322 2.01 
27 476 2.01 
27 490 2.01 
27 492 2.01 
27 494 1.01 
27 498 0.01 
35 91 10.01 
35 317 7.01 
35 429 7.01 
35 433 4.01 
35 488 4.01 
35 494 4.01 
35 495 6.01 
35 497 4.01 
35 499 10.01 
57 12 4.01 
57 149 3.01 
57 167 6.01 
57 217 4.01 
57 282 5.01 
57 424 1.01 
57 493 5.01 
57 496 12.01 
57 497 7.01 
322 378 2.01 
322 411 1.01 
322 422 1.01 
322 438 3.01 
322 440 0.01 
322 459 0.01 
322 493 0.01 
322 497 2.01 
187 242 10.01 
187 274 2.01 
187 323 5.01 
187 423 9.01 
187 484 7.01 
187 494 5.01 
187 496 6.01 
187 499 5.01 
379 226 9.01 
379 417 7.01 
379 440 12.01 
379 463 13.01 
379 478 9.01 
379 496 13.01 
379 497 8.01 
379 499 7.01 
382 370 17.009999999999998 
382 426 12.01 
382 435 14.01 
382 485 12.01 
382 486 10.01 
382 487 17.009999999999998 
382 496 14.01 
382 499 11.01 
387 123 8.01 
387 190 5.01 
387 243 1.01 
387 380 4.01 
387 401 2.01 
387 438 3.01 
387 497 4.01 
387 499 2.01 
430 165 17.009999999999998 
430 241 14.01 
430 301 10.01 
430 408 7.01 
430 417 14.01 
430 450 12.01 
430 454 9.01 
430 498 4.01 
29 54 1.01 
29 176 1.01 
29 198 1.01 
29 237 0.01 
29 372 0.01 
29 430 0.01 
29 459 0.01 
29 490 0.01 
29 498 0.01 
54 7 8.01 
54 285 10.01 
54 303 4.01 
54 376 5.01 
54 383 4.01 
54 430 4.01 
54 458 9.01 
54 484 4.01 
54 498 6.01 
176 55 1.01 
176 174 2.01 
176 375 2.01 
176 421 1.01 
176 470 1.01 
176 495 1.01 
176 498 1.01 
176 499 0.01 
237 134 0.01 
237 273 1.01 
237 449 1.01 
237 454 1.01 
237 487 1.01 
237 492 1.01 
237 494 3.01 
237 497 1.01 
30 349 1.01 
30 354 1.01 
30 356 0.01 
30 374 1.01 
30 463 2.01 
30 493 0.01 
30 495 0.01 
30 498 0.01 
30 499 2.01 
354 119 1.01 
354 175 0.01 
354 195 3.01 
354 217 6.01 
354 380 2.01 
354 481 3.01 
354 486 3.01 
354 499 1.01 
374 287 2.01 
374 416 8.01 
374 424 4.01 
374 450 3.01 
374 476 4.01 
374 480 8.01 
374 483 9.01 
374 498 7.01 
31 3 3.01 
31 397 1.01 
31 417 5.01 
31 454 5.01 
31 477 8.01 
31 485 1.01 
31 494 3.01 
31 495 5.01 
31 499 7.01 
397 120 11.01 
397 184 16.009999999999998 
397 221 9.01 
397 269 6.01 
397 478 12.01 
397 482 12.01 
397 492 17.009999999999998 
397 497 10.01 
417 77 7.01 
417 225 1.01 
417 335 8.01 
417 392 9.01 
417 473 5.01 
417 486 3.01 
417 495 3.01 
417 499 2.01 
477 100 55.01 
477 186 43.01 
477 397 49.01 
477 403 42.01 
477 476 43.01 
477 492 62.01 
477 495 44.01 
477 496 27.009999999999998 
32 60 4.01 
32 181 1.01 
32 330 4.01 
32 361 2.01 
32 408 2.01 
32 452 2.01 
32 453 1.01 
32 478 1.01 
32 497 4.01 
60 92 0.01 
60 106 0.01 
60 367 1.01 
60 376 0.01 
60 381 0.01 
60 427 1.01 
60 442 1.01 
60 474 0.01 
60 499 1.01 
181 260 2.01 
181 298 1.01 
181 313 1.01 
181 456 1.01 
181 485 0.01 
181 493 0.01 
181 497 3.01 
181 499 1.01 
330 187 0.01 
330 260 0.01 
330 273 1.01 
330 407 1.01 
330 474 2.01 
330 480 4.01 
330 486 0.01 
330 499 3.01 
361 63 6.01 
361 65 2.01 
361 111 3.01 
361 332 3.01 
361 427 2.01 
361 464 5.01 
361 475 7.01 
361 487 9.01 
408 16 9.01 
408 456 3.01 
408 464 5.01 
408 474 5.01 
408 489 9.01 
408 491 7.01 
408 492 5.01 
408 497 7.01 
33 213 5.01 
33 279 4.01 
33 379 7.01 
33 389 5.01 
33 452 4.01 
33 488 4.01 
33 494 4.01 
33 495 5.01 
33 497 2.01 
213 154 0.01 
213 222 0.01 
213 274 0.01 
213 409 1.01 
213 479 2.01 
213 493 1.01 
213 497 0.01 
213 499 2.01 
279 49 5.01 
279 161 10.01 
279 214 11.01 
279 236 8.01 
279 332 11.01 
279 338 10.01 
279 403 10.01 
279 464 9.01 
389 36 22.009999999999998 
389 145 25.009999999999998 
389 179 20.009999999999998 
389 368 27.009999999999998 
389 472 26.009999999999998 
389 495 2.01 
389 497 22.009999999999998 
389 498 18.009999999999998 
34 50 0.01 
34 143 1.01 
34 311 0.01 
34 328 2.01 
34 359 1.01 
34 469 0.01 
34 480 2.01 
34 486 2.01 
34 494 3.01 
143 75 1.01 
143 86 0.01 
143 159 1.01 
143 236 2.01 
143 441 0.01 
143 476 1.01 
143 488 0.01 
143 498 1.01 
143 499 1.01 
311 243 0.01 
311 319 0.01 
311 462 2.01 
311 464 1.01 
311 467 2.01 
311 489 3.01 
311 494 1.01 
311 499 1.01 
328 99 3.01 
328 129 1.01 
328 252 7.01 
328 336 5.01 
328 469 2.01 
328 489 1.01 
328 490 1.01 
328 495 1.01 
359 74 20.009999999999998 
359 379 35.01 
359 440 28.009999999999998 
359 457 20.009999999999998 
359 485 18.009999999999998 
359 493 26.009999999999998 
359 496 31.009999999999998 
359 499 26.009999999999998 
433 13 18.009999999999998 
433 327 15.01 
433 405 14.01 
433 489 14.01 
433 490 12.01 
433 491 9.01 
433 493 17.009999999999998 
433 495 19.009999999999998 
36 69 8.01 
36 206 5.01 
36 454 5.01 
36 460 3.01 
36 492 5.01 
36 493 1.01 
36 496 1.01 
36 497 6.01 
36 499 1.01 
69 60 0.01 
69 71 2.01 
69 182 1.01 
69 437 2.01 
69 460 1.01 
69 494 4.01 
69 495 1.01 
69 497 1.01 
69 499 2.01 
206 145 1.01 
206 266 0.01 
206 313 2.01 
206 374 0.01 
206 445 4.01 
206 482 1.01 
206 485 1.01 
206 499 2.01 
37 101 2.01 
37 103 2.01 
37 168 1.01 
37 258 3.01 
37 384 1.01 
37 425 3.01 
37 461 1.01 
37 465 2.01 
37 485 0.01 
103 76 0.01 
103 124 1.01 
103 301 0.01 
103 390 0.01 
103 489 0.01 
103 491 1.01 
103 493 1.01 
103 495 0.01 
103 499 1.01 
168 355 8.01 
168 457 4.01 
168 459 5.01 
168 487 4.01 
168 488 13.01 
168 492 11.01 
168 494 7.01 
168 498 4.01 
258 66 3.01 
258 114 3.01 
258 413 3.01 
258 437 4.01 
258 442 2.01 
258 489 2.01 
258 493 3.01 
258 498 2.01 
384 348 14.01 
384 423 10.01 
384 432 6.01 
384 485 11.01 
384 488 5.01 
384 497 9.01 
384 498 9.01 
384 499 14.01 
425 239 6.01 
425 275 6.01 
425 348 4.01 
425 434 9.01 
425 471 7.01 
425 496 2.01 
425 498 4.01 
425 499 8.01 
461 110 18.009999999999998 
461 155 16.009999999999998 
461 464 21.009999999999998 
461 468 17.009999999999998 
461 490 4.01 
461 494 20.009999999999998 
461 496 22.009999999999998 
461 498 19.009999999999998 
465 14 11.01 
465 44 11.01 
465 345 12.01 
465 380 13.01 
465 398 5.01 
465 439 17.009999999999998 
465 473 10.01 
465 497 12.01 
38 101 1.01 
38 352 2.01 
38 422 0.01 
38 424 0.01 
38 467 0.01 
38 470 1.01 
38 476 1.01 
38 491 1.01 
38 497 1.01 
352 202 7.01 
352 217 1.01 
352 389 2.01 
352 450 1.01 
352 483 3.01 
352 490 2.01 
352 497 1.01 
352 498 0.01 
424 32 11.01 
424 166 11.01 
424 171 21.009999999999998 
424 267 8.01 
424 451 10.01 
424 488 15.01 
424 492 14.01 
424 497 9.01 
39 131 1.01 
39 154 4.01 
39 316 0.01 
39 362 3.01 
39 483 1.01 
39 484 1.01 
39 493 0.01 
39 498 3.01 
39 499 1.01 
131 25 4.01 
131 156 3.01 
131 197 6.01 
131 409 5.01 
131 461 3.01 
131 473 2.01 
131 482 2.01 
131 494 4.01 
131 497 1.01 
154 21 2.01 
154 31 2.01 
154 78 1.01 
154 228 0.01 
154 229 1.01 
154 416 0.01 
154 469 0.01 
154 491 0.01 
154 499 0.01 
316 138 0.01 
316 194 1.01 
316 235 2.01 
316 369 2.01 
316 450 2.01 
316 496 3.01 
316 498 0.01 
316 499 1.01 
362 39 2.01 
362 279 7.01 
362 343 1.01 
362 484 0.01 
362 487 1.01 
362 496 6.01 
362 497 3.01 
362 498 1.01 
40 12 1.01 
40 52 3.01 
40 372 1.01 
40 445 0.01 
40 480 3.01 
40 488 1.01 
40 492 1.01 
40 498 1.01 
40 499 2.01 
52 42 2.01 
52 120 1.01 
52 139 0.01 
52 442 1.01 
52 447 0.01 
52 459 0.01 
52 491 0.01 
52 492 0.01 
52 499 2.01 
445 21 1.01 
445 169 1.01 
445 317 5.01 
445 370 6.01 
445 462 12.01 
445 463 4.01 
445 498 9.01 
445 499 10.01 
113 104 1.01 
113 355 0.01 
113 371 1.01 
113 458 1.01 
113 459 0.01 
113 490 0.01 
113 493 0.01 
113 495 1.01 
113 499 0.01 
329 2 2.01 
329 152 2.01 
329 415 2.01 
329 436 2.01 
329 465 0.01 
329 477 2.01 
329 482 1.01 
329 497 4.01 
420 312 4.01 
420 370 4.01 
420 452 2.01 
420 462 0.01 
420 480 3.01 
420 486 2.01 
420 492 0.01 
420 499 1.01 
451 179 5.01 
451 257 10.01 
451 341 10.01 
451 367 5.01 
451 401 8.01 
451 477 4.01 
451 495 10.01 
451 496 11.01 
42 125 2.01 
42 296 1.01 
42 350 1.01 
42 382 3.01 
42 411 2.01 
42 451 3.01 
42 461 1.01 
42 478 2.01 
42 485 2.01 
125 28 1.01 
125 64 1.01 
125 69 0.01 
125 316 1.01 
125 334 2.01 
125 471 0.01 
125 489 1.01 
125 490 0.01 
125 496 0.01 
411 166 4.01 
411 334 3.01 
411 407 7.01 
411 448 3.01 
411 458 2.01 
411 480 6.01 
411 496 5.01 
411 499 7.01 
43 169 5.01 
43 182 3.01 
43 188 9.01 
43 328 12.01 
43 345 10.01 
43 487 3.01 
43 496 10.01 
43 498 7.01 
43 499 2.01 
169 98 0.01 
169 135 2.01 
169 219 4.01 
169 388 0.01 
169 486 2.01 
169 493 1.01 
169 497 3.01 
169 499 0.01 
182 48 0.01 
182 82 1.01 
182 256 2.01 
182 490 0.01 
182 493 1.01 
182 494 0.01 
182 496 1.01 
182 498 0.01 
188 350 2.01 
188 416 2.01 
188 483 0.01 
188 489 0.01 
188 491 2.01 
188 492 2.01 
188 498 1.01 
188 499 3.01 
345 150 3.01 
345 232 5.01 
345 280 2.01 
345 487 3.01 
345 495 6.01 
345 497 4.01 
345 498 8.01 
345 499 2.01 
44 77 1.01 
44 225 1.01 
44 304 3.01 
44 407 3.01 
44 418 1.01 
44 439 2.01 
44 478 1.01 
44 495 0.01 
44 498 2.01 
77 20 3.01 
77 386 0.01 
77 389 1.01 
77 413 0.01 
77 439 1.01 
77 468 1.01 
77 491 0.01 
77 495 0.01 
77 499 2.01 
225 189 1.01 
225 246 2.01 
225 344 4.01 
225 392 3.01 
225 480 0.01 
225 483 2.01 
225 498 1.01 
225 499 2.01 
304 2 1.01 
304 128 1.01 
304 312 3.01 
304 313 5.01 
304 395 3.01 
304 488 1.01 
304 495 3.01 
304 499 2.01 
407 309 9.01 
407 415 6.01 
407 433 9.01 
407 476 13.01 
407 493 4.01 
407 496 8.01 
407 498 10.01 
407 499 11.01 
45 213 1.01 
45 245 1.01 
45 338 1.01 
45 390 1.01 
45 392 3.01 
45 475 1.01 
45 484 1.01 
45 490 3.01 
45 498 1.01 
245 14 10.01 
245 324 14.01 
245 456 11.01 
245 457 6.01 
245 466 5.01 
245 489 10.01 
245 495 5.01 
245 499 7.01 
390 116 1.01 
390 475 3.01 
390 478 4.01 
390 485 2.01 
390 487 1.01 
390 494 2.01 
390 497 2.01 
390 499 1.01 
392 207 0.01 
392 346 6.01 
392 436 4.01 
392 446 4.01 
392 469 5.01 
392 485 2.01 
392 495 4.01 
392 499 6.01 
46 19 2.01 
46 249 1.01 
46 366 1.01 
46 372 0.01 
46 390 3.01 
46 452 1.01 
46 457 1.01 
46 496 2.01 
46 499 1.01 
249 384 3.01 
249 400 2.01 
249 414 1.01 
249 485 2.01 
249 487 2.01 
249 491 1.01 
249 495 3.01 
249 499 5.01 
366 226 8.01 
366 374 3.01 
366 420 6.01 
366 429 3.01 
366 466 4.01 
366 469 7.01 
366 496 4.01 
366 499 6.01 
457 367 12.01 
457 386 14.01 
457 414 20.009999999999998 
457 425 11.01 
457 491 22.009999999999998 
457 492 21.009999999999998 
457 494 9.01 
457 499 14.01 
47 332 2.01 
47 418 1.01 
47 432 0.01 
47 453 1.01 
47 476 1.01 
47 485 2.01 
47 491 1.01 
47 497 1.01 
47 499 1.01 
332 210 4.01 
332 331 4.01 
332 434 4.01 
332 456 4.01 
332 489 5.01 
332 491 0.01 
332 498 1.01 
332 499 1.01 
48 210 1.01 
48 293 1.01 
48 327 1.01 
48 450 2.01 
48 455 3.01 
48 457 1.01 
48 490 1.01 
48 496 1.01 
48 497 2.01 
293 34 3.01 
293 83 2.01 
293 190 2.01 
293 304 1.01 
293 392 0.01 
293 473 0.01 
293 474 3.01 
293 484 3.01 
327 286 20.009999999999998 
327 299 11.01 
327 360 9.01 
327 416 16.009999999999998 
327 435 4.01 
327 486 7.01 
327 497 14.01 
327 498 11.01 
416 228 4.01 
416 326 7.01 
416 459 4.01 
416 473 7.01 
416 477 6.01 
416 494 3.01 
416 496 5.01 
416 499 0.01 
83 302 1.01 
83 373 0.01 
83 393 0.01 
83 478 1.01 
83 482 0.01 
83 490 0.01 
83 491 0.01 
83 494 0.01 
83 499 2.01 
97 23 3.01 
97 102 0.01 
97 203 1.01 
97 276 3.01 
97 446 3.01 
97 462 3.01 
97 493 1.01 
97 494 2.01 
97 497 3.01 
196 193 2.01 
196 297 3.01 
196 362 0.01 
196 475 2.01 
196 490 1.01 
196 492 0.01 
196 498 0.01 
196 499 2.01 
51 3 3.01 
51 59 2.01 
51 70 1.01 
51 352 0.01 
51 445 0.01 
51 491 2.01 
51 492 0.01 
51 495 1.01 
51 496 1.01 
59 40 0.01 
59 250 0.01 
59 412 0.01 
59 479 1.01 
59 486 1.01 
59 489 0.01 
59 490 1.01 
59 496 1.01 
59 499 1.01 
120 144 2.01 
120 230 0.01 
120 281 3.01 
120 419 0.01 
120 440 2.01 
120 484 3.01 
120 494 1.01 
120 497 1.01 
120 498 3.01 
139 116 15.01 
139 223 8.01 
139 363 9.01 
139 395 11.01 
139 434 7.01 
139 450 11.01 
139 479 9.01 
139 481 10.01 
139 499 6.01 
53 275 6.01 
53 281 7.01 
53 318 9.01 
53 444 3.01 
53 465 3.01 
53 482 3.01 
53 484 9.01 
53 498 7.01 
53 499 6.01 
275 5 1.01 
275 130 3.01 
275 176 4.01 
275 239 3.01 
275 348 2.01 
275 373 0.01 
275 405 0.01 
275 429 0.01 
281 59 1.01 
281 114 1.01 
281 238 2.01 
281 461 1.01 
281 490 1.01 
281 491 1.01 
281 495 3.01 
281 499 3.01 
285 106 19.009999999999998 
285 122 20.009999999999998 
285 131 26.009999999999998 
285 262 19.009999999999998 
285 284 17.009999999999998 
285 343 13.01 
285 472 22.009999999999998 
285 497 21.009999999999998 
303 93 1.01 
303 164 1.01 
303 179 2.01 
303 228 0.01 
303 409 3.01 
303 427 2.01 
303 495 4.01 
303 496 2.01 
376 61 8.01 
376 293 9.01 
376 305 9.01 
376 401 12.01 
376 467 5.01 
376 480 10.01 
376 481 6.01 
376 496 6.01 
383 10 3.01 
383 140 3.01 
383 163 2.01 
383 213 0.01 
383 445 4.01 
383 478 1.01 
383 485 2.01 
383 494 1.01 
55 54 2.01 
55 126 0.01 
55 412 1.01 
55 425 2.01 
55 429 0.01 
55 481 3.01 
55 490 3.01 
55 498 1.01 
55 499 3.01 
412 31 33.01 
412 43 34.01 
412 246 29.009999999999998 
412 299 34.01 
412 364 28.009999999999998 
412 485 22.009999999999998 
412 496 8.01 
412 499 35.01 
56 212 16.009999999999998 
56 473 24.009999999999998 
56 479 15.01 
56 485 20.009999999999998 
56 486 29.009999999999998 
56 490 17.009999999999998 
56 492 18.009999999999998 
56 498 24.009999999999998 
56 499 22.009999999999998 
212 369 7.01 
212 379 3.01 
212 474 6.01 
212 476 5.01 
212 489 5.01 
212 490 4.01 
212 495 4.01 
212 499 5.01 
473 43 24.009999999999998 
473 241 15.01 
473 278 11.01 
473 295 12.01 
473 454 18.009999999999998 
473 490 20.009999999999998 
473 492 17.009999999999998 
473 497 20.009999999999998 
149 122 1.01 
149 142 0.01 
149 212 2.01 
149 301 1.01 
149 432 1.01 
149 477 0.01 
149 483 3.01 
149 494 0.01 
149 497 0.01 
167 205 1.01 
167 358 1.01 
167 440 1.01 
167 460 2.01 
167 496 1.01 
167 497 0.01 
167 498 1.01 
167 499 1.01 
217 44 2.01 
217 279 2.01 
217 322 1.01 
217 340 2.01 
217 362 1.01 
217 486 2.01 
217 495 0.01 
217 497 1.01 
282 63 2.01 
282 256 1.01 
282 332 3.01 
282 438 6.01 
282 494 3.01 
282 496 2.01 
282 497 3.01 
282 499 5.01 
58 8 0.01 
58 144 2.01 
58 316 3.01 
58 373 1.01 
58 404 6.01 
58 473 1.01 
58 477 0.01 
58 483 2.01 
58 499 4.01 
144 99 1.01 
144 109 1.01 
144 388 1.01 
144 408 3.01 
144 464 1.01 
144 478 0.01 
144 488 1.01 
144 493 1.01 
144 496 0.01 
92 308 0.01 
92 437 0.01 
92 465 0.01 
92 487 1.01 
92 488 0.01 
92 492 0.01 
92 495 2.01 
92 497 0.01 
92 499 0.01 
106 38 2.01 
106 209 1.01 
106 240 2.01 
106 414 3.01 
106 446 3.01 
106 485 3.01 
106 494 2.01 
106 496 2.01 
106 499 2.01 
367 309 3.01 
367 369 1.01 
367 481 5.01 
367 484 2.01 
367 486 5.01 
367 487 4.01 
367 491 2.01 
367 492 2.01 
381 205 10.01 
381 246 8.01 
381 266 7.01 
381 336 13.01 
381 454 6.01 
381 467 7.01 
381 495 4.01 
381 499 8.01 
427 314 11.01 
427 318 11.01 
427 342 21.009999999999998 
427 370 9.01 
427 414 10.01 
427 443 6.01 
427 456 12.01 
427 492 11.01 
61 65 4.01 
61 281 1.01 
61 411 4.01 
61 483 4.01 
61 489 3.01 
61 492 3.01 
61 493 3.01 
61 494 4.01 
61 499 4.01 
65 20 0.01 
65 132 1.01 
65 215 0.01 
65 277 3.01 
65 424 0.01 
65 473 0.01 
65 477 1.01 
65 497 1.01 
65 498 0.01 
300 132 2.01 
300 322 3.01 
300 438 2.01 
300 439 0.01 
300 492 0.01 
300 495 1.01 
300 496 3.01 
300 498 2.01 
310 45 3.01 
310 53 2.01 
310 191 2.01 
310 410 1.01 
310 463 1.01 
310 472 2.01 
310 479 1.01 
310 488 1.01 
331 58 2.01 
331 326 1.01 
331 431 0.01 
331 435 5.01 
331 447 3.01 
331 480 3.01 
331 492 0.01 
331 499 2.01 
63 388 1.01 
63 415 4.01 
63 434 0.01 
63 462 0.01 
63 474 0.01 
63 494 0.01 
63 496 2.01 
63 497 1.01 
63 498 0.01 
388 104 5.01 
388 274 4.01 
388 395 4.01 
388 464 3.01 
388 479 6.01 
388 483 5.01 
388 485 3.01 
388 499 4.01 
415 127 6.01 
415 325 6.01 
415 384 4.01 
415 391 3.01 
415 409 8.01 
415 454 5.01 
415 484 7.01 
415 499 2.01 
64 139 56.01 
64 155 56.01 
64 233 50.01 
64 239 54.01 
64 341 60.01 
64 427 71.00999999999999 
64 436 60.01 
64 497 25.009999999999998 
64 499 18.009999999999998 
155 202 8.01 
155 366 8.01 
155 412 5.01 
155 425 13.01 
155 426 10.01 
155 474 11.01 
155 492 4.01 
155 496 8.01 
155 499 9.01 
233 102 8.01 
233 199 7.01 
233 200 5.01 
233 286 9.01 
233 466 10.01 
233 488 8.01 
233 489 10.01 
233 499 12.01 
239 27 8.01 
239 45 8.01 
239 67 6.01 
239 78 12.01 
239 419 4.01 
239 473 6.01 
239 497 10.01 
239 499 12.01 
341 122 12.01 
341 178 12.01 
341 258 10.01 
341 431 10.01 
341 463 8.01 
341 473 13.01 
341 479 8.01 
341 499 11.01 
132 47 1.01 
132 186 0.01 
132 253 0.01 
132 462 0.01 
132 489 0.01 
132 491 0.01 
132 492 2.01 
132 493 0.01 
132 499 0.01 
215 159 2.01 
215 178 0.01 
215 280 3.01 
215 287 1.01 
215 457 3.01 
215 476 1.01 
215 497 0.01 
215 498 0.01 
66 422 6.01 
66 423 3.01 
66 462 5.01 
66 493 4.01 
66 494 7.01 
66 495 10.01 
66 496 2.01 
66 498 3.01 
66 499 0.01 
67 0 2.01 
67 294 4.01 
67 327 5.01 
67 444 3.01 
67 492 2.01 
67 494 3.01 
67 495 0.01 
67 498 1.01 
67 499 1.01 
294 231 1.01 
294 327 1.01 
294 394 1.01 
294 423 0.01 
294 483 3.01 
294 484 1.01 
294 488 4.01 
294 498 3.01 
68 87 40.01 
68 251 33.01 
68 448 38.01 
68 484 33.01 
68 490 28.009999999999998 
68 495 39.01 
68 497 30.009999999999998 
68 498 32.01 
68 499 0.01 
87 55 6.01 
87 216 6.01 
87 334 4.01 
87 465 8.01 
87 489 5.01 
87 494 7.01 
87 496 7.01 
87 498 6.01 
87 499 4.01 
251 421 8.01 
251 435 5.01 
251 461 6.01 
251 464 8.01 
251 487 8.01 
251 492 3.01 
251 498 6.01 
251 499 4.01 
71 27 4.01 
71 33 2.01 
71 133 1.01 
71 164 1.01 
71 196 2.01 
71 343 1.01 
71 407 0.01 
71 493 2.01 
71 499 2.01 
93 88 0.01 
93 196 1.01 
93 215 1.01 
93 265 0.01 
93 320 2.01 
93 406 1.01 
93 417 0.01 
93 436 0.01 
93 472 1.01 
391 118 9.01 
391 463 13.01 
391 467 14.01 
391 487 8.01 
391 488 12.01 
391 489 8.01 
391 494 7.01 
391 499 3.01 
399 269 5.01 
399 301 2.01 
399 418 2.01 
399 468 3.01 
399 487 3.01 
399 494 2.01 
399 496 1.01 
399 497 1.01 
133 200 1.01 
133 257 1.01 
133 310 3.01 
133 420 0.01 
133 453 0.01 
133 479 1.01 
133 483 0.01 
133 493 1.01 
133 499 0.01 
164 74 0.01 
164 158 1.01 
164 398 0.01 
164 404 0.01 
164 427 0.01 
164 446 0.01 
164 472 1.01 
164 494 0.01 
164 498 1.01 
343 180 3.01 
343 256 1.01 
343 394 1.01 
343 414 2.01 
343 434 5.01 
343 479 0.01 
343 490 1.01 
343 498 5.01 
72 242 26.009999999999998 
72 437 17.009999999999998 
72 465 15.01 
72 481 26.009999999999998 
72 486 14.01 
72 490 22.009999999999998 
72 491 15.01 
72 494 18.009999999999998 
72 499 20.009999999999998 
242 208 9.01 
242 230 6.01 
242 333 11.01 
242 388 12.01 
242 390 7.01 
242 451 8.01 
242 498 4.01 
242 499 5.01 
73 63 0.01 
73 191 1.01 
73 209 1.01 
73 370 1.01 
73 424 0.01 
73 493 0.01 
73 496 0.01 
73 498 0.01 
73 499 2.01 
191 24 0.01 
191 67 0.01 
191 98 0.01 
191 141 2.01 
191 378 1.01 
191 486 1.01 
191 490 0.01 
191 495 1.01 
370 244 5.01 
370 247 6.01 
370 311 3.01 
370 399 7.01 
370 493 1.01 
370 495 6.01 
370 496 6.01 
370 497 3.01 
74 68 2.01 
74 107 4.01 
74 302 3.01 
74 326 3.01 
74 351 1.01 
74 462 2.01 
74 493 2.01 
74 498 1.01 
74 499 2.01 
302 191 2.01 
302 224 2.01 
302 305 5.01 
302 387 4.01 
302 389 3.01 
302 407 2.01 
302 444 3.01 
302 499 5.01 
326 249 2.01 
326 283 4.01 
326 297 5.01 
326 425 1.01 
326 471 0.01 
326 485 6.01 
326 498 0.01 
326 499 2.01 
351 57 5.01 
351 353 2.01 
351 404 4.01 
351 432 6.01 
351 466 7.01 
351 468 4.01 
351 484 5.01 
351 496 5.01 
75 19 4.01 
75 349 2.01 
75 396 4.01 
75 410 6.01 
75 413 3.01 
75 488 3.01 
75 491 1.01 
75 496 2.01 
75 499 0.01 
413 361 5.01 
413 373 1.01 
413 447 7.01 
413 466 5.01 
413 473 4.01 
413 491 0.01 
413 495 6.01 
413 497 6.01 
76 253 6.01 
76 390 2.01 
76 410 4.01 
76 461 3.01 
76 462 2.01 
76 493 2.01 
76 495 3.01 
76 496 1.01 
76 499 7.01 
253 123 2.01 
253 130 3.01 
253 158 2.01 
253 192 3.01 
253 472 4.01 
253 486 0.01 
253 488 2.01 
253 499 3.01 
78 58 2.01 
78 65 0.01 
78 253 2.01 
78 335 0.01 
78 425 2.01 
78 440 3.01 
78 493 2.01 
78 494 3.01 
78 495 3.01 
335 211 6.01 
335 359 2.01 
335 428 6.01 
335 477 8.01 
335 492 7.01 
335 493 6.01 
335 496 5.01 
335 499 2.01 
79 73 0.01 
79 74 0.01 
79 480 1.01 
79 488 0.01 
79 492 0.01 
79 493 2.01 
79 495 0.01 
79 497 1.01 
79 499 1.01 
80 147 5.01 
80 331 4.01 
80 420 4.01 
80 438 4.01 
80 475 3.01 
80 477 6.01 
80 482 0.01 
80 498 5.01 
80 499 2.01 
147 135 2.01 
147 255 4.01 
147 481 3.01 
147 492 0.01 
147 493 5.01 
147 494 2.01 
147 497 0.01 
147 498 0.01 
147 499 4.01 
438 4 1.01 
438 22 3.01 
438 102 9.01 
438 151 1.01 
438 471 1.01 
438 475 4.01 
438 496 2.01 
438 499 6.01 
81 245 15.01 
81 359 14.01 
81 428 13.01 
81 467 12.01 
81 480 22.009999999999998 
81 490 15.01 
81 496 11.01 
81 498 8.01 
81 499 9.01 
428 66 36.01 
428 382 55.01 
428 384 55.01 
428 458 47.01 
428 459 58.01 
428 466 46.01 
428 485 55.01 
428 491 62.01 
82 194 1.01 
82 213 0.01 
82 268 3.01 
82 378 0.01 
82 466 1.01 
82 468 1.01 
82 484 1.01 
82 496 0.01 
82 499 1.01 
194 349 1.01 
194 352 1.01 
194 477 2.01 
194 479 4.01 
194 492 2.01 
194 493 1.01 
194 495 3.01 
194 499 2.01 
378 156 7.01 
378 366 7.01 
378 469 8.01 
378 473 7.01 
378 475 4.01 
378 488 7.01 
378 497 5.01 
378 499 7.01 
393 94 1.01 
393 155 4.01 
393 295 1.01 
393 420 1.01 
393 421 1.01 
393 471 2.01 
393 484 2.01 
393 496 1.01 
84 146 1.01 
84 217 0.01 
84 375 0.01 
84 396 1.01 
84 445 1.01 
84 472 0.01 
84 479 0.01 
84 491 0.01 
84 498 0.01 
146 167 2.01 
146 181 2.01 
146 211 2.01 
146 242 4.01 
146 255 1.01 
146 466 5.01 
146 477 1.01 
146 478 3.01 
146 498 0.01 
375 96 24.009999999999998 
375 116 16.009999999999998 
375 173 19.009999999999998 
375 241 17.009999999999998 
375 490 19.009999999999998 
375 495 20.009999999999998 
375 497 15.01 
375 498 2.01 
85 48 0.01 
85 120 3.01 
85 266 3.01 
85 304 4.01 
85 374 4.01 
85 391 1.01 
85 485 1.01 
85 491 4.01 
85 494 3.01 
266 263 1.01 
266 287 1.01 
266 394 1.01 
266 411 4.01 
266 434 2.01 
266 473 0.01 
266 482 3.01 
266 499 2.01 
86 175 2.01 
86 315 1.01 
86 329 1.01 
86 360 1.01 
86 419 0.01 
86 460 1.01 
86 494 0.01 
86 495 0.01 
86 499 1.01 
175 72 1.01 
175 157 0.01 
175 377 0.01 
175 415 0.01 
175 467 0.01 
175 482 0.01 
175 489 1.01 
175 499 0.01 
315 34 7.01 
315 304 7.01 
315 429 6.01 
315 477 6.01 
315 478 5.01 
315 490 8.01 
315 493 11.01 
315 499 3.01 
419 160 31.009999999999998 
419 271 21.009999999999998 
419 280 24.009999999999998 
419 465 25.009999999999998 
419 486 22.009999999999998 
419 488 12.01 
419 490 19.009999999999998 
419 492 7.01 
216 96 2.01 
216 244 4.01 
216 258 2.01 
216 320 1.01 
216 357 1.01 
216 367 2.01 
216 489 1.01 
216 492 3.01 
129 11 0.01 
129 29 3.01 
129 36 0.01 
129 41 1.01 
129 174 1.01 
129 186 1.01 
129 313 0.01 
129 463 1.01 
129 496 2.01 
197 306 0.01 
197 352 1.01 
197 355 3.01 
197 441 2.01 
197 478 2.01 
197 496 2.01 
197 497 2.01 
197 499 2.01 
89 9 4.01 
89 385 1.01 
89 389 1.01 
89 430 2.01 
89 433 3.01 
89 452 1.01 
89 480 2.01 
89 484 2.01 
89 498 4.01 
385 1 3.01 
385 325 2.01 
385 448 7.01 
385 484 5.01 
385 493 5.01 
385 495 2.01 
385 496 0.01 
385 499 3.01 
90 201 2.01 
90 289 4.01 
90 303 1.01 
90 390 2.01 
90 446 1.01 
90 479 2.01 
90 488 1.01 
90 493 4.01 
90 499 1.01 
201 56 1.01 
201 91 0.01 
201 251 1.01 
201 259 2.01 
201 265 2.01 
201 441 0.01 
201 495 0.01 
201 499 0.01 
289 268 7.01 
289 419 1.01 
289 429 6.01 
289 487 6.01 
289 492 3.01 
289 494 10.01 
289 496 2.01 
289 497 11.01 
446 46 3.01 
446 146 9.01 
446 215 2.01 
446 223 4.01 
446 363 5.01 
446 482 4.01 
446 495 1.01 
446 499 4.01 
265 2 0.01 
265 283 2.01 
265 401 0.01 
265 443 1.01 
265 453 1.01 
265 465 1.01 
265 481 2.01 
265 496 3.01 
320 361 6.01 
320 382 3.01 
320 398 4.01 
320 468 4.01 
320 478 1.01 
320 484 3.01 
320 488 1.01 
320 499 6.01 
94 86 7.01 
94 366 5.01 
94 384 7.01 
94 425 6.01 
94 447 2.01 
94 476 6.01 
94 491 7.01 
94 493 6.01 
94 494 1.01 
127 7 0.01 
127 112 1.01 
127 117 3.01 
127 138 0.01 
127 362 2.01 
127 395 1.01 
127 448 0.01 
127 486 1.01 
127 498 1.01 
96 32 6.01 
96 339 16.009999999999998 
96 353 11.01 
96 386 9.01 
96 461 8.01 
96 483 12.01 
96 495 14.01 
96 498 11.01 
96 499 12.01 
353 19 5.01 
353 137 4.01 
353 465 4.01 
353 478 3.01 
353 482 1.01 
353 488 5.01 
353 494 2.01 
353 499 1.01 
102 162 2.01 
102 402 2.01 
102 403 0.01 
102 457 3.01 
102 461 2.01 
102 492 2.01 
102 493 4.01 
102 497 1.01 
102 499 1.01 
276 185 4.01 
276 249 5.01 
276 316 2.01 
276 391 7.01 
276 397 4.01 
276 454 0.01 
276 497 2.01 
276 499 4.01 
98 272 0.01 
98 479 1.01 
98 485 1.01 
98 488 0.01 
98 492 0.01 
98 493 0.01 
98 495 0.01 
98 498 2.01 
98 499 3.01 
272 200 4.01 
272 309 3.01 
272 336 0.01 
272 469 1.01 
272 489 4.01 
272 495 0.01 
272 498 2.01 
272 499 2.01 
99 263 1.01 
99 368 1.01 
99 394 0.01 
99 433 0.01 
99 461 0.01 
99 489 0.01 
99 490 1.01 
99 491 4.01 
99 495 0.01 
263 158 25.009999999999998 
263 238 23.009999999999998 
263 297 24.009999999999998 
263 359 22.009999999999998 
263 439 20.009999999999998 
263 441 18.009999999999998 
263 487 22.009999999999998 
263 498 21.009999999999998 
394 347 4.01 
394 365 4.01 
394 460 5.01 
394 482 2.01 
394 483 5.01 
394 491 6.01 
394 492 12.01 
394 496 2.01 
204 81 1.01 
204 330 1.01 
204 331 1.01 
204 351 0.01 
204 391 1.01 
204 462 1.01 
204 470 1.01 
204 498 2.01 
288 11 3.01 
288 195 2.01 
288 201 0.01 
288 471 0.01 
288 477 3.01 
288 487 0.01 
288 497 0.01 
288 498 0.01 
298 229 10.01 
298 321 10.01 
298 361 7.01 
298 461 8.01 
298 475 12.01 
298 487 2.01 
298 497 7.01 
298 499 6.01 
162 108 1.01 
162 163 0.01 
162 236 0.01 
162 289 1.01 
162 405 0.01 
162 484 0.01 
162 491 1.01 
162 495 0.01 
162 499 1.01 
403 8 18.009999999999998 
403 67 15.01 
403 75 23.009999999999998 
403 90 13.01 
403 355 19.009999999999998 
403 495 15.01 
403 496 9.01 
403 498 20.009999999999998 
124 312 4.01 
124 322 1.01 
124 453 1.01 
124 458 0.01 
124 475 0.01 
124 493 1.01 
124 496 1.01 
124 497 1.01 
124 499 0.01 
301 208 0.01 
301 227 4.01 
301 404 2.01 
301 469 4.01 
301 475 1.01 
301 494 2.01 
301 496 1.01 
301 499 0.01 
309 95 1.01 
309 324 4.01 
309 332 4.01 
309 347 2.01 
309 365 2.01 
309 469 2.01 
309 494 8.01 
309 499 4.01 
321 14 12.01 
321 89 7.01 
321 238 12.01 
321 340 13.01 
321 467 19.009999999999998 
321 468 10.01 
321 492 20.009999999999998 
321 494 3.01 
443 150 11.01 
443 294 8.01 
443 315 18.009999999999998 
443 406 14.01 
443 478 18.009999999999998 
443 495 15.01 
443 498 12.01 
443 499 12.01 
105 8 1.01 
105 264 0.01 
105 337 0.01 
105 420 1.01 
105 438 2.01 
105 471 1.01 
105 474 0.01 
105 496 0.01 
105 499 0.01 
240 113 1.01 
240 298 3.01 
240 366 7.01 
240 435 0.01 
240 483 1.01 
240 495 1.01 
240 497 2.01 
240 499 1.01 
414 37 10.01 
414 143 3.01 
414 426 4.01 
414 453 5.01 
414 457 2.01 
414 465 8.01 
414 480 4.01 
414 497 7.01 
342 428 3.01 
342 470 4.01 
342 478 6.01 
342 482 4.01 
342 495 5.01 
342 497 0.01 
342 498 0.01 
342 499 8.01 
222 370 0.01 
222 427 2.01 
222 436 0.01 
222 462 0.01 
222 485 1.01 
222 491 0.01 
222 494 0.01 
222 498 1.01 
231 221 3.01 
231 393 3.01 
231 470 2.01 
231 492 3.01 
231 494 2.01 
231 495 2.01 
231 496 2.01 
231 498 3.01 
364 166 8.01 
364 369 6.01 
364 424 9.01 
364 447 4.01 
364 490 7.01 
364 492 6.01 
364 495 6.01 
364 499 6.01 
109 152 0.01 
109 248 3.01 
109 288 2.01 
109 342 0.01 
109 365 0.01 
109 452 2.01 
109 495 0.01 
109 497 1.01 
109 499 0.01 
152 31 3.01 
152 129 1.01 
152 335 2.01 
152 469 3.01 
152 472 0.01 
152 490 2.01 
152 495 2.01 
152 497 1.01 
152 499 1.01 
248 29 0.01 
248 38 3.01 
248 489 4.01 
248 490 0.01 
248 491 0.01 
248 492 1.01 
248 496 2.01 
248 499 1.01 
365 242 22.009999999999998 
365 276 20.009999999999998 
365 292 20.009999999999998 
365 315 19.009999999999998 
365 401 18.009999999999998 
365 449 16.009999999999998 
365 487 24.009999999999998 
365 499 23.009999999999998 
110 73 5.01 
110 345 4.01 
110 472 4.01 
110 474 5.01 
110 492 11.01 
110 494 4.01 
110 496 5.01 
110 497 4.01 
110 499 5.01 
226 387 3.01 
226 431 0.01 
226 466 2.01 
226 476 1.01 
226 477 3.01 
226 484 6.01 
226 498 1.01 
226 499 2.01 
355 151 2.01 
355 235 4.01 
355 305 5.01 
355 343 2.01 
355 415 7.01 
355 475 4.01 
355 482 6.01 
355 495 6.01 
112 146 10.01 
112 223 11.01 
112 282 13.01 
112 320 8.01 
112 423 7.01 
112 451 9.01 
112 458 9.01 
112 486 5.01 
112 499 8.01 
223 30 3.01 
223 224 2.01 
223 417 3.01 
223 426 2.01 
223 463 2.01 
223 465 3.01 
223 480 4.01 
223 492 4.01 
114 22 0.01 
114 211 1.01 
114 228 1.01 
114 364 1.01 
114 395 0.01 
114 458 0.01 
114 486 0.01 
114 498 0.01 
114 499 3.01 
211 10 3.01 
211 123 0.01 
211 333 1.01 
211 340 3.01 
211 456 2.01 
211 476 1.01 
211 495 0.01 
211 499 2.01 
228 30 1.01 
228 34 1.01 
228 136 1.01 
228 284 1.01 
228 297 0.01 
228 338 0.01 
228 456 0.01 
228 477 1.01 
115 118 1.01 
115 153 1.01 
115 319 3.01 
115 394 1.01 
115 435 0.01 
115 446 1.01 
115 489 2.01 
115 494 2.01 
115 499 4.01 
118 140 2.01 
118 237 0.01 
118 240 0.01 
118 456 2.01 
118 487 0.01 
118 495 3.01 
118 496 5.01 
118 498 2.01 
118 499 5.01 
116 52 3.01 
116 92 2.01 
116 432 3.01 
116 476 3.01 
116 481 4.01 
116 487 6.01 
116 493 3.01 
116 496 7.01 
116 499 1.01 
140 84 0.01 
140 182 1.01 
140 357 3.01 
140 400 1.01 
140 408 3.01 
140 470 0.01 
140 485 1.01 
140 494 1.01 
140 499 1.01 
456 6 10.01 
456 43 3.01 
456 51 5.01 
456 219 10.01 
456 225 6.01 
456 255 5.01 
456 284 9.01 
456 499 7.01 
119 23 4.01 
119 167 0.01 
119 173 2.01 
119 177 0.01 
119 307 2.01 
119 485 1.01 
119 495 0.01 
119 497 0.01 
119 499 0.01 
173 195 1.01 
173 300 8.01 
173 380 1.01 
173 418 2.01 
173 433 2.01 
173 489 1.01 
173 495 3.01 
173 496 7.01 
177 125 0.01 
177 259 0.01 
177 336 0.01 
177 363 1.01 
177 385 1.01 
177 425 0.01 
177 460 1.01 
177 498 0.01 
307 290 5.01 
307 405 4.01 
307 476 5.01 
307 489 1.01 
307 490 4.01 
307 494 4.01 
307 498 5.01 
307 499 7.01 
230 172 1.01 
230 185 3.01 
230 229 2.01 
230 364 1.01 
230 455 2.01 
230 459 2.01 
230 498 1.01 
230 499 1.01 
121 177 1.01 
121 221 2.01 
121 350 2.01 
121 441 0.01 
121 463 3.01 
121 467 0.01 
121 472 1.01 
121 497 2.01 
121 499 0.01 
221 22 43.01 
221 81 42.01 
221 94 35.01 
221 259 54.01 
221 488 46.01 
221 492 37.01 
221 496 32.01 
221 499 1.01 
441 144 5.01 
441 196 5.01 
441 232 6.01 
441 460 6.01 
441 485 2.01 
441 489 6.01 
441 493 3.01 
441 499 6.01 
122 150 4.01 
122 360 2.01 
122 396 4.01 
122 416 3.01 
122 470 6.01 
122 473 3.01 
122 483 4.01 
122 491 4.01 
122 496 3.01 
150 109 4.01 
150 177 2.01 
150 219 2.01 
150 262 2.01 
150 276 2.01 
150 482 3.01 
150 484 1.01 
150 494 1.01 
150 499 1.01 
123 35 0.01 
123 189 0.01 
123 248 2.01 
123 468 0.01 
123 476 1.01 
123 478 2.01 
123 485 2.01 
123 496 1.01 
123 499 2.01 
189 73 0.01 
189 206 0.01 
189 418 1.01 
189 454 2.01 
189 484 0.01 
189 487 0.01 
189 491 0.01 
189 496 0.01 
312 381 1.01 
312 385 2.01 
312 430 5.01 
312 486 1.01 
312 489 5.01 
312 490 2.01 
312 496 5.01 
312 497 2.01 
165 232 4.01 
165 262 3.01 
165 310 3.01 
165 347 3.01 
165 411 3.01 
165 470 2.01 
165 495 3.01 
165 496 2.01 
295 151 4.01 
295 180 0.01 
295 291 3.01 
295 446 2.01 
295 463 2.01 
295 476 3.01 
295 486 5.01 
295 499 8.01 
421 207 2.01 
421 238 3.01 
421 306 2.01 
421 402 4.01 
421 480 4.01 
421 488 4.01 
421 494 4.01 
421 495 2.01 
138 26 0.01 
138 180 0.01 
138 216 0.01 
138 270 1.01 
138 381 1.01 
138 397 0.01 
138 441 2.01 
138 497 1.01 
138 499 0.01 
171 61 18.009999999999998 
171 85 19.009999999999998 
171 273 8.01 
171 382 18.009999999999998 
171 452 14.01 
171 481 8.01 
171 498 18.009999999999998 
171 499 13.01 
174 94 11.01 
174 240 13.01 
174 375 3.01 
174 400 10.01 
174 411 17.009999999999998 
174 467 9.01 
174 482 14.01 
174 499 9.01 
186 288 4.01 
186 303 5.01 
186 354 5.01 
186 409 7.01 
186 430 1.01 
186 442 10.01 
186 493 6.01 
186 499 6.01 
130 227 0.01 
130 329 1.01 
130 413 0.01 
130 486 0.01 
130 487 0.01 
130 492 2.01 
130 496 0.01 
130 498 3.01 
130 499 0.01 
227 434 1.01 
227 468 1.01 
227 486 4.01 
227 487 4.01 
227 490 0.01 
227 497 2.01 
227 498 1.01 
227 499 3.01 
200 188 1.01 
200 457 2.01 
200 483 2.01 
200 492 1.01 
200 494 2.01 
200 495 2.01 
200 497 1.01 
200 499 1.01 
257 6 13.01 
257 18 12.01 
257 253 11.01 
257 358 4.01 
257 453 15.01 
257 460 10.01 
257 492 6.01 
257 497 7.01 
134 330 3.01 
134 369 2.01 
134 433 1.01 
134 486 2.01 
134 492 0.01 
134 494 0.01 
134 495 3.01 
134 497 0.01 
134 498 2.01 
369 98 7.01 
369 254 4.01 
369 356 4.01 
369 443 5.01 
369 483 4.01 
369 496 6.01 
369 498 3.01 
369 499 4.01 
136 314 5.01 
136 399 8.01 
136 430 1.01 
136 464 2.01 
136 469 1.01 
136 477 2.01 
136 489 4.01 
136 495 5.01 
136 499 1.01 
314 183 2.01 
314 201 4.01 
314 224 2.01 
314 482 4.01 
314 484 4.01 
314 485 2.01 
314 487 2.01 
314 499 4.01 
148 103 2.01 
148 106 1.01 
148 291 1.01 
148 325 4.01 
148 349 2.01 
148 449 2.01 
148 487 1.01 
148 496 0.01 
148 499 1.01 
324 46 8.01 
324 153 9.01 
324 237 9.01 
324 460 9.01 
324 491 10.01 
324 492 12.01 
324 494 12.01 
324 499 9.01 
180 172 2.01 
180 383 0.01 
180 452 0.01 
180 472 0.01 
180 491 0.01 
180 493 1.01 
180 497 0.01 
180 498 0.01 
270 9 0.01 
270 68 2.01 
270 100 1.01 
270 354 0.01 
270 439 1.01 
270 442 1.01 
270 491 0.01 
270 496 1.01 
357 80 9.01 
357 161 8.01 
357 350 4.01 
357 437 4.01 
357 441 10.01 
357 491 9.01 
357 494 5.01 
357 496 6.01 
141 310 5.01 
141 344 1.01 
141 368 4.01 
141 436 4.01 
141 478 3.01 
141 486 3.01 
141 491 2.01 
141 492 1.01 
141 497 2.01 
344 66 1.01 
344 176 4.01 
344 353 0.01 
344 417 1.01 
344 455 2.01 
344 458 0.01 
344 494 0.01 
344 496 2.01 
172 184 1.01 
172 339 0.01 
172 410 0.01 
172 448 0.01 
172 488 1.01 
172 493 2.01 
172 497 0.01 
172 499 1.01 
214 37 5.01 
214 97 11.01 
214 118 9.01 
214 209 5.01 
214 480 7.01 
214 487 8.01 
214 489 5.01 
214 496 8.01 
159 275 1.01 
159 307 1.01 
159 341 0.01 
159 344 1.01 
159 459 0.01 
159 462 0.01 
159 472 1.01 
159 477 0.01 
159 482 0.01 
236 317 3.01 
236 408 0.01 
236 410 5.01 
236 447 6.01 
236 472 0.01 
236 484 3.01 
236 496 3.01 
236 499 2.01 
145 148 12.01 
145 163 14.01 
145 235 17.009999999999998 
145 251 4.01 
145 278 14.01 
145 360 11.01 
145 490 12.01 
145 493 4.01 
145 499 14.01 
163 4 0.01 
163 90 2.01 
163 115 2.01 
163 148 2.01 
163 354 2.01 
163 481 2.01 
163 484 3.01 
163 492 2.01 
163 496 1.01 
235 346 4.01 
235 356 2.01 
235 386 2.01 
235 485 2.01 
235 493 2.01 
235 494 3.01 
235 497 4.01 
235 499 4.01 
278 90 3.01 
278 269 5.01 
278 272 7.01 
278 386 6.01 
278 474 7.01 
278 491 3.01 
278 493 5.01 
278 498 6.01 
325 412 3.01 
325 444 1.01 
325 445 7.01 
325 451 1.01 
325 463 1.01 
325 484 1.01 
325 494 5.01 
325 496 3.01 
262 185 7.01 
262 218 8.01 
262 419 3.01 
262 484 6.01 
262 494 2.01 
262 495 3.01 
262 496 6.01 
262 499 5.01 
151 62 0.01 
151 267 1.01 
151 270 1.01 
151 431 1.01 
151 441 0.01 
151 449 3.01 
151 492 1.01 
151 493 0.01 
151 499 0.01 
401 17 7.01 
401 87 9.01 
401 124 8.01 
401 455 9.01 
401 495 13.01 
401 496 10.01 
401 498 10.01 
401 499 7.01 
229 241 6.01 
229 346 10.01 
229 428 8.01 
229 433 7.01 
229 468 5.01 
229 493 11.01 
229 495 10.01 
229 496 7.01 
247 134 0.01 
247 206 0.01 
247 239 3.01 
247 429 2.01 
247 456 2.01 
247 496 2.01 
247 497 2.01 
247 499 2.01 
340 320 4.01 
340 398 6.01 
340 445 1.01 
340 477 1.01 
340 489 4.01 
340 495 3.01 
340 496 1.01 
340 497 1.01 
157 288 0.01 
157 303 0.01 
157 335 1.01 
157 399 1.01 
157 400 1.01 
157 449 0.01 
157 495 2.01 
157 498 0.01 
157 499 0.01 
158 334 3.01 
158 344 2.01 
158 365 2.01 
158 423 5.01 
158 483 6.01 
158 492 1.01 
158 494 2.01 
158 495 4.01 
158 499 3.01 
160 173 4.01 
160 208 5.01 
160 233 5.01 
160 293 3.01 
160 414 2.01 
160 469 5.01 
160 491 4.01 
160 494 4.01 
160 499 4.01 
208 266 4.01 
208 298 3.01 
208 423 2.01 
208 431 5.01 
208 486 3.01 
208 491 2.01 
208 492 3.01 
208 498 5.01 
161 59 2.01 
161 240 1.01 
161 398 1.01 
161 442 2.01 
161 448 5.01 
161 488 4.01 
161 493 4.01 
161 496 2.01 
161 499 0.01 
398 41 2.01 
398 61 4.01 
398 125 4.01 
398 192 2.01 
398 433 5.01 
398 443 3.01 
398 496 1.01 
398 499 1.01 
405 225 7.01 
405 311 5.01 
405 325 8.01 
405 412 6.01 
405 437 7.01 
405 492 4.01 
405 493 5.01 
405 499 5.01 
232 5 1.01 
232 84 3.01 
232 301 1.01 
232 314 4.01 
232 393 1.01 
232 403 6.01 
232 495 3.01 
232 499 2.01 
347 193 2.01 
347 218 8.01 
347 319 4.01 
347 348 6.01 
347 451 8.01 
347 479 7.01 
347 488 6.01 
347 497 11.01 
166 252 2.01 
166 351 2.01 
166 460 5.01 
166 480 1.01 
166 487 2.01 
166 491 3.01 
166 496 6.01 
166 498 2.01 
252 227 8.01 
252 299 12.01 
252 365 8.01 
252 454 16.009999999999998 
252 468 6.01 
252 479 4.01 
252 493 9.01 
252 497 5.01 
205 261 0.01 
205 264 2.01 
205 377 3.01 
205 387 0.01 
205 441 2.01 
205 495 1.01 
205 498 5.01 
205 499 3.01 
358 308 1.01 
358 378 4.01 
358 404 5.01 
358 426 4.01 
358 467 4.01 
358 480 2.01 
358 492 4.01 
358 499 6.01 
273 114 2.01 
273 270 2.01 
273 324 2.01 
273 443 1.01 
273 449 2.01 
273 470 1.01 
273 492 1.01 
273 499 2.01 
184 211 3.01 
184 235 0.01 
184 267 2.01 
184 381 2.01 
184 466 2.01 
184 487 3.01 
184 498 2.01 
184 499 4.01 
195 222 1.01 
195 276 3.01 
195 359 0.01 
195 392 1.01 
195 411 0.01 
195 490 1.01 
195 493 0.01 
195 499 0.01 
380 147 5.01 
380 260 11.01 
380 439 5.01 
380 452 7.01 
380 491 8.01 
380 494 12.01 
380 497 11.01 
380 499 9.01 
377 372 5.01 
377 450 6.01 
377 451 5.01 
377 470 8.01 
377 491 6.01 
377 496 8.01 
377 497 7.01 
377 499 10.01 
259 39 5.01 
259 42 8.01 
259 121 7.01 
259 363 10.01 
259 445 6.01 
259 451 10.01 
259 474 12.01 
259 499 5.01 
336 109 3.01 
336 127 1.01 
336 149 3.01 
336 383 2.01 
336 446 3.01 
336 493 3.01 
336 494 6.01 
336 496 2.01 
178 203 3.01 
178 270 2.01 
178 340 2.01 
178 393 1.01 
178 416 1.01 
178 491 2.01 
178 493 2.01 
178 496 1.01 
179 319 3.01 
179 373 2.01 
179 398 5.01 
179 436 0.01 
179 461 6.01 
179 481 3.01 
179 482 4.01 
179 487 4.01 
260 300 2.01 
260 342 2.01 
260 383 2.01 
260 402 2.01 
260 418 3.01 
260 426 2.01 
260 484 3.01 
260 496 2.01 
183 26 13.01 
183 89 12.01 
183 364 13.01 
183 463 18.009999999999998 
183 464 8.01 
183 484 12.01 
183 489 16.009999999999998 
183 493 2.01 
185 75 1.01 
185 175 0.01 
185 282 3.01 
185 397 3.01 
185 398 1.01 
185 431 4.01 
185 495 0.01 
185 497 2.01 
274 121 1.01 
274 184 1.01 
274 393 1.01 
274 434 1.01 
274 476 3.01 
274 481 1.01 
274 490 0.01 
274 499 0.01 
192 55 8.01 
192 290 11.01 
192 397 6.01 
192 442 6.01 
192 449 9.01 
192 491 6.01 
192 494 6.01 
192 499 4.01 
348 215 7.01 
348 272 7.01 
348 330 2.01 
348 409 1.01 
348 491 4.01 
348 493 3.01 
348 498 2.01 
348 499 2.01 
297 105 3.01 
297 108 3.01 
297 299 6.01 
297 336 5.01 
297 448 10.01 
297 482 3.01 
297 497 6.01 
297 499 6.01 
306 230 6.01 
306 328 4.01 
306 377 4.01 
306 454 6.01 
306 475 4.01 
306 480 3.01 
306 496 4.01 
306 497 4.01 
224 79 0.01 
224 271 2.01 
224 406 0.01 
224 445 0.01 
224 482 2.01 
224 486 1.01 
224 490 3.01 
224 491 1.01 
207 45 2.01 
207 137 0.01 
207 296 0.01 
207 356 5.01 
207 450 0.01 
207 495 2.01 
207 498 2.01 
207 499 1.01 
280 71 6.01 
280 178 2.01 
280 260 5.01 
280 444 3.01 
280 458 4.01 
280 465 3.01 
280 495 7.01 
280 499 3.01 
287 0 2.01 
287 257 1.01 
287 347 1.01 
287 451 0.01 
287 455 2.01 
287 491 1.01 
287 496 0.01 
287 497 1.01 
244 79 4.01 
244 103 0.01 
244 417 4.01 
244 451 5.01 
244 488 5.01 
244 491 1.01 
244 497 1.01 
244 499 3.01 
246 142 7.01 
246 353 3.01 
246 368 5.01 
246 381 5.01 
246 384 6.01 
246 480 5.01 
246 484 6.01 
246 498 3.01 
284 87 4.01 
284 412 5.01 
284 444 4.01 
284 471 6.01 
284 493 4.01 
284 495 5.01 
284 496 2.01 
284 497 0.01 
241 216 10.01 
241 333 5.01 
241 381 7.01 
241 461 4.01 
241 479 4.01 
241 490 7.01 
241 494 8.01 
241 499 7.01 
346 56 4.01 
346 198 5.01 
346 345 4.01 
346 439 10.01 
346 468 5.01 
346 493 2.01 
346 494 6.01 
346 495 5.01 
286 165 6.01 
286 272 2.01 
286 353 5.01 
286 415 6.01 
286 421 4.01 
286 483 6.01 
286 498 6.01 
286 499 2.01 
238 105 1.01 
238 207 7.01 
238 247 2.01 
238 248 4.01 
238 315 4.01 
238 321 6.01 
238 495 11.01 
238 499 5.01 
299 141 15.01 
299 194 14.01 
299 250 10.01 
299 251 10.01 
299 382 8.01 
299 492 11.01 
299 494 12.01 
299 498 9.01 
269 132 0.01 
269 197 0.01 
269 271 2.01 
269 394 5.01 
269 449 3.01 
269 465 1.01 
269 494 5.01 
269 499 1.01 
