0 135 7.01 
0 363 10.01 
0 406 13.01 
0 432 10.01 
0 469 10.01 
0 488 14.01 
0 494 19.009999999999998 
0 495 13.01 
0 499 15.01 
135 115 4.01 
135 230 7.01 
135 302 4.01 
135 383 5.01 
135 436 6.01 
135 455 6.01 
135 493 2.01 
135 498 4.01 
135 499 4.01 
363 198 35.01 
363 393 53.01 
363 413 26.009999999999998 
363 479 31.009999999999998 
363 481 38.01 
363 494 45.01 
363 497 40.01 
363 499 42.01 
406 6 42.01 
406 121 43.01 
406 282 34.01 
406 434 32.01 
406 441 44.01 
406 450 55.01 
406 494 54.01 
406 499 46.01 
432 24 534.01 
432 192 520.01 
432 279 568.01 
432 473 505.01 
432 495 280.01 
432 497 237.01 
432 498 520.01 
432 499 477.01 
469 36 76.00999999999999 
469 263 59.01 
469 286 69.00999999999999 
469 295 81.00999999999999 
469 439 51.01 
469 471 81.00999999999999 
469 490 69.00999999999999 
469 494 71.00999999999999 
488 327 774.01 
488 403 761.01 
488 433 777.01 
488 472 754.01 
488 484 715.01 
488 493 736.01 
488 497 465.01 
488 499 742.01 
494 257 674.01 
494 321 642.01 
494 462 605.01 
494 481 635.01 
494 482 616.01 
494 487 611.01 
494 496 614.01 
494 498 562.01 
495 10 1639.01 
495 359 1613.01 
495 389 1564.01 
495 432 1621.01 
495 483 1606.01 
495 485 1569.01 
495 492 1394.01 
495 499 1502.01 
499 16 2839.01 
499 64 2897.01 
499 68 2914.01 
499 221 2891.01 
499 428 2932.01 
499 490 2839.01 
499 496 2798.01 
499 497 2748.01 
1 220 28.009999999999998 
1 277 21.009999999999998 
1 360 20.009999999999998 
1 386 26.009999999999998 
1 459 20.009999999999998 
1 460 25.009999999999998 
1 489 26.009999999999998 
1 497 22.009999999999998 
1 499 22.009999999999998 
220 312 19.009999999999998 
220 314 21.009999999999998 
220 405 17.009999999999998 
220 417 30.009999999999998 
220 468 19.009999999999998 
220 473 24.009999999999998 
220 495 19.009999999999998 
220 499 24.009999999999998 
277 78 27.009999999999998 
277 291 40.01 
277 339 28.009999999999998 
277 421 30.009999999999998 
277 467 28.009999999999998 
277 480 22.009999999999998 
277 495 26.009999999999998 
277 496 31.009999999999998 
360 15 48.01 
360 248 42.01 
360 387 37.01 
360 474 57.01 
360 477 46.01 
360 490 54.01 
360 495 42.01 
360 496 56.01 
386 358 43.01 
386 379 38.01 
386 467 40.01 
386 479 45.01 
386 482 66.00999999999999 
386 489 57.01 
386 491 50.01 
386 494 56.01 
459 40 105.00999999999999 
459 50 86.00999999999999 
459 323 82.00999999999999 
459 485 82.00999999999999 
459 492 87.00999999999999 
459 493 81.00999999999999 
459 496 107.00999999999999 
459 499 99.00999999999999 
460 47 57.01 
460 119 87.00999999999999 
460 447 67.00999999999999 
460 467 69.00999999999999 
460 468 69.00999999999999 
460 483 67.00999999999999 
460 486 68.00999999999999 
460 499 59.01 
489 168 317.01 
489 380 312.01 
489 394 330.01 
489 424 355.01 
489 440 316.01 
489 483 358.01 
489 486 332.01 
489 499 309.01 
497 56 1658.01 
497 64 1547.01 
497 263 1742.01 
497 432 1604.01 
497 471 1574.01 
497 488 1488.01 
497 492 1605.01 
497 495 1650.01 
2 319 10.01 
2 372 9.01 
2 474 4.01 
2 475 5.01 
2 491 5.01 
2 495 4.01 
2 496 4.01 
2 498 6.01 
2 499 5.01 
319 79 25.009999999999998 
319 278 15.01 
319 311 23.009999999999998 
319 408 19.009999999999998 
319 448 16.009999999999998 
319 455 21.009999999999998 
319 494 19.009999999999998 
319 499 17.009999999999998 
372 207 37.01 
372 330 34.01 
372 367 38.01 
372 419 26.009999999999998 
372 465 39.01 
372 482 29.009999999999998 
372 495 35.01 
372 498 51.01 
474 5 112.00999999999999 
474 48 122.00999999999999 
474 58 108.00999999999999 
474 76 138.01 
474 406 140.01 
474 486 129.01 
474 494 155.01 
474 496 129.01 
475 17 180.01 
475 212 169.01 
475 262 148.01 
475 277 178.01 
475 453 182.01 
475 484 161.01 
475 496 138.01 
475 499 163.01 
491 53 502.01 
491 412 514.01 
491 419 527.01 
491 449 525.01 
491 487 515.01 
491 488 506.01 
491 496 484.01 
491 499 507.01 
496 28 1498.01 
496 72 1560.01 
496 365 1592.01 
496 412 1547.01 
496 477 1526.01 
496 488 1575.01 
496 495 1482.01 
496 498 1433.01 
498 375 1458.01 
498 470 1589.01 
498 476 1489.01 
498 486 1555.01 
498 487 1496.01 
498 495 1556.01 
498 499 1490.01 
3 15 8.01 
3 308 12.01 
3 317 10.01 
3 371 10.01 
3 423 10.01 
3 479 10.01 
3 480 11.01 
3 497 9.01 
3 499 6.01 
15 25 5.01 
15 100 8.01 
15 108 6.01 
15 126 12.01 
15 264 10.01 
15 464 10.01 
15 475 9.01 
15 489 6.01 
15 499 12.01 
308 105 7.01 
308 200 8.01 
308 246 11.01 
308 328 6.01 
308 445 11.01 
308 464 13.01 
308 492 8.01 
308 498 13.01 
317 170 44.01 
317 306 37.01 
317 344 48.01 
317 410 51.01 
317 483 46.01 
317 489 35.01 
317 496 42.01 
317 499 29.009999999999998 
371 292 57.01 
371 358 75.00999999999999 
371 422 77.00999999999999 
371 456 81.00999999999999 
371 488 74.00999999999999 
371 494 73.00999999999999 
371 495 74.00999999999999 
371 499 74.00999999999999 
423 107 63.01 
423 112 41.01 
423 138 63.01 
423 316 60.01 
423 484 62.01 
423 485 55.01 
423 491 61.01 
423 494 48.01 
479 351 199.01 
479 418 202.01 
479 428 213.01 
479 444 220.01 
479 447 209.01 
479 462 234.01 
479 494 181.01 
479 495 211.01 
480 72 124.00999999999999 
480 110 138.01 
480 346 122.00999999999999 
480 378 135.01 
480 388 113.00999999999999 
480 464 119.00999999999999 
480 483 124.00999999999999 
480 495 120.00999999999999 
4 219 12.01 
4 334 10.01 
4 368 10.01 
4 422 20.009999999999998 
4 426 13.01 
4 437 14.01 
4 467 10.01 
4 471 10.01 
4 494 15.01 
219 157 13.01 
219 199 16.009999999999998 
219 388 15.01 
219 399 16.009999999999998 
219 416 21.009999999999998 
219 441 15.01 
219 465 20.009999999999998 
219 499 11.01 
334 274 16.009999999999998 
334 389 19.009999999999998 
334 392 17.009999999999998 
334 406 13.01 
334 442 19.009999999999998 
334 444 15.01 
334 488 14.01 
334 498 16.009999999999998 
368 3 32.01 
368 149 41.01 
368 168 36.01 
368 290 37.01 
368 352 48.01 
368 481 56.01 
368 485 42.01 
368 491 44.01 
422 82 35.01 
422 88 35.01 
422 353 31.009999999999998 
422 374 35.01 
422 380 29.009999999999998 
422 424 36.01 
422 495 26.009999999999998 
422 499 28.009999999999998 
426 170 54.01 
426 232 45.01 
426 243 55.01 
426 258 44.01 
426 352 54.01 
426 383 74.00999999999999 
426 451 59.01 
426 499 62.01 
437 12 38.01 
437 133 60.01 
437 140 57.01 
437 287 59.01 
437 402 55.01 
437 455 59.01 
437 497 46.01 
437 499 64.00999999999999 
467 231 153.01 
467 302 163.01 
467 306 149.01 
467 372 148.01 
467 435 172.01 
467 436 142.01 
467 497 137.01 
467 499 152.01 
471 285 331.01 
471 289 278.01 
471 323 327.01 
471 479 310.01 
471 487 283.01 
471 491 315.01 
471 494 277.01 
471 499 328.01 
5 13 11.01 
5 137 13.01 
5 250 20.009999999999998 
5 296 10.01 
5 422 21.009999999999998 
5 439 20.009999999999998 
5 484 20.009999999999998 
5 494 15.01 
5 499 14.01 
13 70 21.009999999999998 
13 101 18.009999999999998 
13 220 19.009999999999998 
13 410 17.009999999999998 
13 440 24.009999999999998 
13 488 29.009999999999998 
13 495 19.009999999999998 
13 496 28.009999999999998 
13 499 18.009999999999998 
137 126 5.01 
137 148 9.01 
137 324 9.01 
137 437 8.01 
137 474 10.01 
137 481 5.01 
137 483 9.01 
137 495 4.01 
137 499 6.01 
250 38 38.01 
250 69 28.009999999999998 
250 376 27.009999999999998 
250 485 34.01 
250 490 21.009999999999998 
250 491 28.009999999999998 
250 495 43.01 
250 498 35.01 
296 160 21.009999999999998 
296 212 26.009999999999998 
296 284 24.009999999999998 
296 435 30.009999999999998 
296 486 21.009999999999998 
296 490 17.009999999999998 
296 494 25.009999999999998 
296 495 19.009999999999998 
439 128 72.00999999999999 
439 157 64.00999999999999 
439 385 76.00999999999999 
439 431 73.00999999999999 
439 469 55.01 
439 474 74.00999999999999 
439 477 79.00999999999999 
439 498 56.01 
484 16 316.01 
484 299 287.01 
484 357 308.01 
484 457 335.01 
484 493 334.01 
484 494 280.01 
484 498 329.01 
484 499 335.01 
6 91 19.009999999999998 
6 202 25.009999999999998 
6 418 17.009999999999998 
6 442 20.009999999999998 
6 455 13.01 
6 475 26.009999999999998 
6 492 21.009999999999998 
6 496 20.009999999999998 
6 499 22.009999999999998 
91 113 12.01 
91 318 5.01 
91 399 18.009999999999998 
91 426 11.01 
91 446 10.01 
91 459 11.01 
91 465 10.01 
91 480 9.01 
91 499 8.01 
202 29 19.009999999999998 
202 345 17.009999999999998 
202 354 16.009999999999998 
202 357 20.009999999999998 
202 481 17.009999999999998 
202 491 11.01 
202 498 11.01 
202 499 18.009999999999998 
418 328 37.01 
418 385 41.01 
418 411 45.01 
418 463 51.01 
418 479 9.01 
418 481 40.01 
418 486 41.01 
418 499 37.01 
442 39 60.01 
442 133 51.01 
442 233 56.01 
442 354 51.01 
442 421 61.01 
442 486 52.01 
442 490 52.01 
442 497 64.00999999999999 
455 7 61.01 
455 259 61.01 
455 326 52.01 
455 437 54.01 
455 490 56.01 
455 497 60.01 
455 498 51.01 
455 499 53.01 
492 171 1043.01 
492 285 1082.01 
492 419 1002.01 
492 482 1119.01 
492 493 1006.01 
492 495 752.01 
492 496 1041.01 
492 499 934.01 
7 170 9.01 
7 193 18.009999999999998 
7 198 10.01 
7 218 22.009999999999998 
7 271 18.009999999999998 
7 291 13.01 
7 458 15.01 
7 471 11.01 
7 491 9.01 
170 46 15.01 
170 311 17.009999999999998 
170 382 19.009999999999998 
170 480 12.01 
170 493 15.01 
170 495 12.01 
170 496 8.01 
170 499 9.01 
193 60 16.009999999999998 
193 294 8.01 
193 348 7.01 
193 421 19.009999999999998 
193 478 9.01 
193 495 9.01 
193 496 19.009999999999998 
193 499 13.01 
198 92 12.01 
198 154 6.01 
198 188 5.01 
198 275 9.01 
198 469 8.01 
198 484 13.01 
198 489 21.009999999999998 
198 498 12.01 
218 95 22.009999999999998 
218 471 17.009999999999998 
218 475 22.009999999999998 
218 476 26.009999999999998 
218 492 14.01 
218 494 14.01 
218 495 16.009999999999998 
218 497 15.01 
271 414 39.01 
271 460 42.01 
271 470 34.01 
271 484 38.01 
271 494 42.01 
271 496 32.01 
271 497 45.01 
271 498 36.01 
291 15 22.009999999999998 
291 37 20.009999999999998 
291 427 16.009999999999998 
291 437 15.01 
291 457 13.01 
291 486 14.01 
291 491 13.01 
291 499 9.01 
458 1 150.01 
458 349 122.00999999999999 
458 350 112.00999999999999 
458 415 141.01 
458 463 134.01 
458 494 152.01 
458 498 116.00999999999999 
458 499 124.00999999999999 
8 243 23.009999999999998 
8 395 24.009999999999998 
8 434 22.009999999999998 
8 453 25.009999999999998 
8 466 28.009999999999998 
8 469 27.009999999999998 
8 493 20.009999999999998 
8 494 19.009999999999998 
8 499 25.009999999999998 
243 13 19.009999999999998 
243 130 23.009999999999998 
243 205 19.009999999999998 
243 400 29.009999999999998 
243 409 17.009999999999998 
243 414 19.009999999999998 
243 472 14.01 
243 488 18.009999999999998 
395 21 28.009999999999998 
395 40 15.01 
395 82 30.009999999999998 
395 162 33.01 
395 371 22.009999999999998 
395 488 25.009999999999998 
395 494 27.009999999999998 
395 499 24.009999999999998 
434 42 33.01 
434 304 37.01 
434 361 50.01 
434 362 39.01 
434 486 36.01 
434 492 46.01 
434 497 52.01 
434 498 42.01 
453 97 68.00999999999999 
453 244 57.01 
453 314 64.00999999999999 
453 438 73.00999999999999 
453 443 65.00999999999999 
453 456 48.01 
453 495 48.01 
453 496 52.01 
466 80 167.01 
466 377 150.01 
466 446 167.01 
466 470 151.01 
466 475 142.01 
466 492 130.01 
466 494 195.01 
466 499 156.01 
493 11 698.01 
493 81 661.01 
493 145 666.01 
493 183 707.01 
493 496 662.01 
493 497 689.01 
493 498 671.01 
493 499 668.01 
9 256 18.009999999999998 
9 268 17.009999999999998 
9 290 14.01 
9 333 10.01 
9 466 18.009999999999998 
9 486 12.01 
9 494 19.009999999999998 
9 496 16.009999999999998 
9 499 10.01 
256 201 7.01 
256 368 14.01 
256 388 15.01 
256 404 9.01 
256 428 10.01 
256 491 10.01 
256 493 12.01 
256 499 12.01 
268 445 14.01 
268 448 11.01 
268 466 7.01 
268 471 12.01 
268 476 15.01 
268 480 8.01 
268 486 11.01 
268 499 16.009999999999998 
290 32 19.009999999999998 
290 83 16.009999999999998 
290 338 20.009999999999998 
290 457 27.009999999999998 
290 491 16.009999999999998 
290 494 20.009999999999998 
290 498 14.01 
290 499 21.009999999999998 
333 33 36.01 
333 62 31.009999999999998 
333 99 31.009999999999998 
333 281 38.01 
333 415 31.009999999999998 
333 481 30.009999999999998 
333 483 32.01 
333 491 32.01 
486 57 509.01 
486 214 499.01 
486 229 497.01 
486 252 499.01 
486 475 443.01 
486 477 464.01 
486 497 464.01 
486 499 451.01 
10 128 164.01 
10 292 182.01 
10 318 183.01 
10 337 169.01 
10 436 193.01 
10 448 195.01 
10 482 211.01 
10 496 202.01 
10 499 177.01 
128 85 41.01 
128 143 24.009999999999998 
128 171 33.01 
128 254 30.009999999999998 
128 375 26.009999999999998 
128 396 24.009999999999998 
128 487 23.009999999999998 
128 489 35.01 
128 499 22.009999999999998 
292 0 62.01 
292 183 60.01 
292 326 62.01 
292 371 46.01 
292 425 56.01 
292 426 61.01 
292 490 51.01 
292 499 60.01 
318 136 53.01 
318 325 56.01 
318 443 73.00999999999999 
318 483 66.00999999999999 
318 488 70.00999999999999 
318 489 57.01 
318 496 57.01 
318 498 58.01 
337 27 45.01 
337 53 34.01 
337 204 38.01 
337 380 37.01 
337 473 46.01 
337 483 37.01 
337 491 42.01 
337 497 37.01 
436 278 137.01 
436 306 119.00999999999999 
436 307 121.00999999999999 
436 357 133.01 
436 433 128.01 
436 443 134.01 
436 478 129.01 
436 498 133.01 
448 199 86.00999999999999 
448 371 111.00999999999999 
448 413 113.00999999999999 
448 465 93.00999999999999 
448 474 86.00999999999999 
448 476 110.00999999999999 
448 491 101.00999999999999 
448 499 106.00999999999999 
482 347 394.01 
482 371 389.01 
482 377 370.01 
482 401 364.01 
482 479 385.01 
482 495 380.01 
482 496 351.01 
482 497 372.01 
11 9 90.00999999999999 
11 49 79.00999999999999 
11 450 84.00999999999999 
11 481 84.00999999999999 
11 483 73.00999999999999 
11 485 85.00999999999999 
11 487 71.00999999999999 
11 495 73.00999999999999 
11 499 73.00999999999999 
49 245 21.009999999999998 
49 293 19.009999999999998 
49 387 24.009999999999998 
49 416 25.009999999999998 
49 472 26.009999999999998 
49 487 24.009999999999998 
49 491 25.009999999999998 
49 498 22.009999999999998 
49 499 26.009999999999998 
450 377 61.01 
450 443 98.00999999999999 
450 461 83.00999999999999 
450 471 76.00999999999999 
450 481 80.00999999999999 
450 485 71.00999999999999 
450 493 71.00999999999999 
450 498 81.00999999999999 
481 24 240.01 
481 33 267.01 
481 369 253.01 
481 408 271.01 
481 466 240.01 
481 474 232.01 
481 491 234.01 
481 499 207.01 
483 54 423.01 
483 245 489.01 
483 376 471.01 
483 491 450.01 
483 495 201.01 
483 497 426.01 
483 498 469.01 
483 499 431.01 
485 35 562.01 
485 356 468.01 
485 391 536.01 
485 424 487.01 
485 430 558.01 
485 443 510.01 
485 457 518.01 
485 499 496.01 
487 96 581.01 
487 298 604.01 
487 324 594.01 
487 407 631.01 
487 447 569.01 
487 489 603.01 
487 492 611.01 
487 499 559.01 
12 23 16.009999999999998 
12 429 9.01 
12 431 10.01 
12 447 14.01 
12 476 9.01 
12 479 19.009999999999998 
12 481 11.01 
12 493 13.01 
12 494 12.01 
23 62 4.01 
23 255 10.01 
23 356 8.01 
23 452 8.01 
23 471 5.01 
23 475 3.01 
23 494 10.01 
23 496 4.01 
23 499 7.01 
429 181 54.01 
429 227 43.01 
429 358 55.01 
429 480 44.01 
429 482 37.01 
429 492 51.01 
429 495 47.01 
429 497 53.01 
431 244 25.009999999999998 
431 448 33.01 
431 455 46.01 
431 479 40.01 
431 484 39.01 
431 489 34.01 
431 490 39.01 
431 499 29.009999999999998 
447 249 157.01 
447 296 141.01 
447 305 147.01 
447 341 150.01 
447 376 117.00999999999999 
447 405 130.01 
447 493 147.01 
447 499 138.01 
476 139 346.01 
476 335 352.01 
476 378 324.01 
476 402 333.01 
476 467 344.01 
476 471 365.01 
476 497 293.01 
476 499 345.01 
70 93 10.01 
70 234 12.01 
70 376 16.009999999999998 
70 391 13.01 
70 396 17.009999999999998 
70 399 8.01 
70 489 11.01 
70 491 11.01 
70 495 10.01 
101 204 6.01 
101 288 5.01 
101 298 4.01 
101 322 6.01 
101 343 3.01 
101 478 3.01 
101 491 8.01 
101 494 7.01 
101 498 3.01 
410 222 37.01 
410 379 36.01 
410 467 31.009999999999998 
410 474 37.01 
410 477 36.01 
410 491 38.01 
410 494 29.009999999999998 
410 499 33.01 
440 208 81.00999999999999 
440 233 102.00999999999999 
440 297 106.00999999999999 
440 358 77.00999999999999 
440 392 99.00999999999999 
440 488 85.00999999999999 
440 490 95.00999999999999 
440 491 100.00999999999999 
14 396 34.01 
14 444 30.009999999999998 
14 449 50.01 
14 469 46.01 
14 484 32.01 
14 487 32.01 
14 497 29.009999999999998 
14 498 37.01 
14 499 30.009999999999998 
396 447 12.01 
396 474 18.009999999999998 
396 483 12.01 
396 487 19.009999999999998 
396 494 18.009999999999998 
396 497 24.009999999999998 
396 498 13.01 
396 499 25.009999999999998 
444 252 73.00999999999999 
444 303 87.00999999999999 
444 455 91.00999999999999 
444 485 77.00999999999999 
444 487 93.00999999999999 
444 488 93.00999999999999 
444 497 86.00999999999999 
444 499 70.00999999999999 
449 210 129.01 
449 236 142.01 
449 444 130.01 
449 478 136.01 
449 484 101.00999999999999 
449 493 131.01 
449 495 134.01 
449 499 131.01 
25 190 8.01 
25 202 5.01 
25 450 6.01 
25 478 6.01 
25 491 8.01 
25 492 8.01 
25 494 3.01 
25 497 5.01 
25 499 4.01 
100 71 56.01 
100 351 64.00999999999999 
100 391 57.01 
100 393 51.01 
100 452 53.01 
100 490 57.01 
100 492 57.01 
100 495 55.01 
100 497 49.01 
108 222 9.01 
108 231 3.01 
108 364 7.01 
108 466 7.01 
108 490 7.01 
108 491 9.01 
108 493 5.01 
108 495 4.01 
108 497 8.01 
126 51 2.01 
126 165 2.01 
126 295 3.01 
126 421 4.01 
126 440 6.01 
126 470 4.01 
126 496 4.01 
126 497 5.01 
126 499 6.01 
264 124 6.01 
264 216 5.01 
264 431 3.01 
264 435 7.01 
264 438 9.01 
264 455 8.01 
264 459 5.01 
264 496 7.01 
464 147 106.00999999999999 
464 261 111.00999999999999 
464 323 109.00999999999999 
464 468 113.00999999999999 
464 472 117.00999999999999 
464 494 111.00999999999999 
464 497 101.00999999999999 
464 499 106.00999999999999 
16 88 359.01 
16 153 342.01 
16 349 392.01 
16 435 357.01 
16 470 362.01 
16 493 362.01 
16 495 345.01 
16 496 347.01 
16 498 348.01 
88 129 39.01 
88 197 46.01 
88 234 49.01 
88 464 52.01 
88 472 47.01 
88 475 50.01 
88 483 52.01 
88 496 32.01 
88 497 33.01 
153 49 59.01 
153 85 53.01 
153 214 63.01 
153 351 48.01 
153 387 45.01 
153 401 49.01 
153 470 59.01 
153 471 56.01 
153 497 44.01 
349 231 86.00999999999999 
349 320 78.00999999999999 
349 364 77.00999999999999 
349 427 84.00999999999999 
349 469 65.00999999999999 
349 481 59.01 
349 493 69.00999999999999 
349 496 61.01 
435 134 109.00999999999999 
435 220 109.00999999999999 
435 307 110.00999999999999 
435 483 112.00999999999999 
435 490 122.00999999999999 
435 496 108.00999999999999 
435 498 125.00999999999999 
435 499 114.00999999999999 
470 374 339.01 
470 381 350.01 
470 397 328.01 
470 400 372.01 
470 489 334.01 
470 497 319.01 
470 498 96.00999999999999 
470 499 348.01 
17 107 36.01 
17 254 34.01 
17 447 34.01 
17 466 31.009999999999998 
17 470 45.01 
17 472 41.01 
17 478 41.01 
17 494 28.009999999999998 
17 497 31.009999999999998 
107 337 7.01 
107 342 16.009999999999998 
107 375 10.01 
107 420 18.009999999999998 
107 473 18.009999999999998 
107 475 16.009999999999998 
107 484 15.01 
107 486 16.009999999999998 
107 493 23.009999999999998 
254 18 35.01 
254 360 46.01 
254 413 31.009999999999998 
254 422 29.009999999999998 
254 460 39.01 
254 481 48.01 
254 497 32.01 
254 499 21.009999999999998 
472 110 227.01 
472 187 201.01 
472 317 193.01 
472 442 196.01 
472 493 220.01 
472 497 233.01 
472 498 176.01 
472 499 220.01 
478 136 143.01 
478 309 135.01 
478 361 153.01 
478 445 124.00999999999999 
478 475 136.01 
478 495 150.01 
478 496 131.01 
478 499 124.00999999999999 
18 50 19.009999999999998 
18 199 15.01 
18 234 17.009999999999998 
18 261 13.01 
18 386 16.009999999999998 
18 488 13.01 
18 492 21.009999999999998 
18 495 13.01 
18 498 19.009999999999998 
50 83 13.01 
50 97 9.01 
50 196 11.01 
50 296 11.01 
50 453 12.01 
50 460 13.01 
50 488 15.01 
50 490 12.01 
50 499 18.009999999999998 
199 93 27.009999999999998 
199 169 18.009999999999998 
199 224 28.009999999999998 
199 413 28.009999999999998 
199 456 22.009999999999998 
199 494 36.01 
199 497 32.01 
199 499 27.009999999999998 
234 86 17.009999999999998 
234 131 26.009999999999998 
234 218 15.01 
234 420 19.009999999999998 
234 471 23.009999999999998 
234 487 19.009999999999998 
234 491 15.01 
234 493 12.01 
261 25 20.009999999999998 
261 47 22.009999999999998 
261 77 17.009999999999998 
261 162 28.009999999999998 
261 285 20.009999999999998 
261 407 27.009999999999998 
261 489 18.009999999999998 
261 494 13.01 
19 313 11.01 
19 339 8.01 
19 350 15.01 
19 373 13.01 
19 463 7.01 
19 464 9.01 
19 487 9.01 
19 497 8.01 
19 498 7.01 
313 84 6.01 
313 269 7.01 
313 283 12.01 
313 446 4.01 
313 492 5.01 
313 495 9.01 
313 497 7.01 
313 499 13.01 
339 160 15.01 
339 161 15.01 
339 220 17.009999999999998 
339 357 14.01 
339 403 15.01 
339 406 22.009999999999998 
339 494 17.009999999999998 
339 495 21.009999999999998 
350 44 26.009999999999998 
350 205 28.009999999999998 
350 247 21.009999999999998 
350 367 32.01 
350 444 39.01 
350 449 23.009999999999998 
350 450 32.01 
350 498 20.009999999999998 
373 1 24.009999999999998 
373 204 23.009999999999998 
373 226 10.01 
373 438 24.009999999999998 
373 490 15.01 
373 494 16.009999999999998 
373 497 21.009999999999998 
373 498 24.009999999999998 
463 119 91.00999999999999 
463 250 112.00999999999999 
463 385 113.00999999999999 
463 405 101.00999999999999 
463 429 84.00999999999999 
463 495 102.00999999999999 
463 498 79.00999999999999 
463 499 78.00999999999999 
20 104 2.01 
20 210 2.01 
20 267 0.01 
20 283 4.01 
20 323 3.01 
20 453 4.01 
20 482 2.01 
20 494 3.01 
20 496 2.01 
104 30 3.01 
104 203 3.01 
104 309 8.01 
104 321 4.01 
104 443 1.01 
104 463 2.01 
104 479 2.01 
104 482 6.01 
104 499 2.01 
210 268 19.009999999999998 
210 273 21.009999999999998 
210 294 18.009999999999998 
210 468 31.009999999999998 
210 485 25.009999999999998 
210 493 29.009999999999998 
210 498 19.009999999999998 
210 499 26.009999999999998 
267 277 15.01 
267 390 19.009999999999998 
267 438 22.009999999999998 
267 476 21.009999999999998 
267 487 21.009999999999998 
267 492 15.01 
267 497 25.009999999999998 
267 499 16.009999999999998 
283 339 9.01 
283 444 5.01 
283 458 9.01 
283 479 6.01 
283 487 7.01 
283 494 5.01 
283 495 9.01 
283 497 9.01 
323 70 77.00999999999999 
323 265 67.00999999999999 
323 312 75.00999999999999 
323 342 80.00999999999999 
323 491 65.00999999999999 
323 492 70.00999999999999 
323 497 68.00999999999999 
323 499 59.01 
21 28 7.01 
21 111 11.01 
21 117 5.01 
21 209 5.01 
21 400 10.01 
21 459 9.01 
21 468 12.01 
21 471 8.01 
21 499 9.01 
28 187 199.01 
28 379 161.01 
28 382 197.01 
28 387 227.01 
28 430 165.01 
28 432 200.01 
28 496 2.01 
28 498 184.01 
28 499 179.01 
111 226 12.01 
111 321 8.01 
111 355 8.01 
111 385 11.01 
111 402 12.01 
111 482 13.01 
111 488 10.01 
111 496 12.01 
111 499 14.01 
117 20 4.01 
117 52 6.01 
117 237 4.01 
117 300 1.01 
117 446 4.01 
117 466 5.01 
117 470 3.01 
117 493 1.01 
117 496 6.01 
209 80 14.01 
209 89 11.01 
209 159 8.01 
209 223 20.009999999999998 
209 302 17.009999999999998 
209 384 13.01 
209 473 15.01 
209 490 11.01 
400 4 75.00999999999999 
400 329 78.00999999999999 
400 403 62.01 
400 430 79.00999999999999 
400 476 71.00999999999999 
400 497 74.00999999999999 
400 498 83.00999999999999 
400 499 60.01 
468 254 149.01 
468 295 110.00999999999999 
468 362 121.00999999999999 
468 428 110.00999999999999 
468 482 109.00999999999999 
468 483 104.00999999999999 
468 492 99.00999999999999 
468 493 106.00999999999999 
22 142 56.01 
22 234 68.00999999999999 
22 305 62.01 
22 338 39.01 
22 423 44.01 
22 454 61.01 
22 462 64.00999999999999 
22 497 49.01 
22 498 55.01 
142 172 12.01 
142 204 9.01 
142 214 14.01 
142 310 16.009999999999998 
142 449 9.01 
142 479 25.009999999999998 
142 485 16.009999999999998 
142 486 12.01 
142 499 12.01 
305 111 45.01 
305 206 47.01 
305 331 43.01 
305 477 35.01 
305 483 53.01 
305 489 61.01 
305 496 44.01 
305 499 45.01 
338 164 18.009999999999998 
338 440 22.009999999999998 
338 469 21.009999999999998 
338 474 25.009999999999998 
338 492 22.009999999999998 
338 494 17.009999999999998 
338 495 17.009999999999998 
338 499 21.009999999999998 
454 152 112.00999999999999 
454 315 111.00999999999999 
454 329 90.00999999999999 
454 337 103.00999999999999 
454 366 102.00999999999999 
454 478 91.00999999999999 
454 480 96.00999999999999 
454 481 75.00999999999999 
462 76 148.01 
462 115 147.01 
462 141 145.01 
462 318 144.01 
462 458 132.01 
462 490 162.01 
462 496 145.01 
462 499 116.00999999999999 
62 300 5.01 
62 310 7.01 
62 331 7.01 
62 440 5.01 
62 480 4.01 
62 481 4.01 
62 490 8.01 
62 494 5.01 
62 499 9.01 
255 264 18.009999999999998 
255 399 11.01 
255 453 19.009999999999998 
255 466 16.009999999999998 
255 485 16.009999999999998 
255 497 13.01 
255 498 13.01 
255 499 19.009999999999998 
356 427 84.00999999999999 
356 458 79.00999999999999 
356 474 68.00999999999999 
356 485 5.01 
356 486 99.00999999999999 
356 490 89.00999999999999 
356 492 79.00999999999999 
356 497 64.00999999999999 
452 307 48.01 
452 346 58.01 
452 363 71.00999999999999 
452 472 52.01 
452 473 61.01 
452 481 58.01 
452 494 64.00999999999999 
452 499 52.01 
24 95 81.00999999999999 
24 203 91.00999999999999 
24 333 94.00999999999999 
24 402 86.00999999999999 
24 409 75.00999999999999 
24 410 100.00999999999999 
24 494 85.00999999999999 
24 495 81.00999999999999 
24 499 87.00999999999999 
95 17 23.009999999999998 
95 26 18.009999999999998 
95 127 17.009999999999998 
95 308 16.009999999999998 
95 486 16.009999999999998 
95 491 13.01 
95 493 12.01 
95 498 13.01 
95 499 13.01 
203 289 15.01 
203 396 11.01 
203 442 18.009999999999998 
203 464 20.009999999999998 
203 470 19.009999999999998 
203 473 13.01 
203 494 26.009999999999998 
203 498 26.009999999999998 
402 341 85.00999999999999 
402 355 76.00999999999999 
402 461 61.01 
402 472 68.00999999999999 
402 482 64.00999999999999 
402 489 65.00999999999999 
402 497 76.00999999999999 
402 499 60.01 
409 51 40.01 
409 280 41.01 
409 286 34.01 
409 452 31.009999999999998 
409 467 33.01 
409 476 29.009999999999998 
409 485 37.01 
409 498 35.01 
190 189 16.009999999999998 
190 265 11.01 
190 292 16.009999999999998 
190 490 10.01 
190 494 10.01 
190 496 15.01 
190 498 8.01 
190 499 14.01 
26 41 19.009999999999998 
26 156 18.009999999999998 
26 261 16.009999999999998 
26 308 13.01 
26 404 13.01 
26 488 13.01 
26 490 9.01 
26 493 24.009999999999998 
26 499 19.009999999999998 
41 113 9.01 
41 329 7.01 
41 420 8.01 
41 451 7.01 
41 468 5.01 
41 475 5.01 
41 478 5.01 
41 484 3.01 
41 499 7.01 
156 18 16.009999999999998 
156 247 11.01 
156 337 22.009999999999998 
156 340 9.01 
156 395 12.01 
156 491 12.01 
156 492 9.01 
156 493 15.01 
156 494 12.01 
404 197 25.009999999999998 
404 300 25.009999999999998 
404 383 24.009999999999998 
404 422 19.009999999999998 
404 448 27.009999999999998 
404 490 19.009999999999998 
404 496 24.009999999999998 
404 498 11.01 
490 112 909.01 
490 174 845.01 
490 428 855.01 
490 461 846.01 
490 477 832.01 
490 495 786.01 
490 497 825.01 
490 499 408.01 
27 35 14.01 
27 57 18.009999999999998 
27 117 19.009999999999998 
27 322 25.009999999999998 
27 476 12.01 
27 490 12.01 
27 492 19.009999999999998 
27 494 10.01 
27 498 22.009999999999998 
35 91 70.00999999999999 
35 317 55.01 
35 429 67.00999999999999 
35 433 80.00999999999999 
35 488 69.00999999999999 
35 494 54.01 
35 495 71.00999999999999 
35 497 54.01 
35 499 64.00999999999999 
57 12 65.00999999999999 
57 149 74.00999999999999 
57 167 79.00999999999999 
57 217 64.00999999999999 
57 282 43.01 
57 424 65.00999999999999 
57 493 68.00999999999999 
57 496 61.01 
57 497 57.01 
322 378 10.01 
322 411 9.01 
322 422 9.01 
322 438 7.01 
322 440 9.01 
322 459 10.01 
322 493 10.01 
322 497 7.01 
187 242 42.01 
187 274 47.01 
187 323 40.01 
187 423 65.00999999999999 
187 484 59.01 
187 494 51.01 
187 496 65.00999999999999 
187 499 53.01 
379 226 66.00999999999999 
379 417 68.00999999999999 
379 440 70.00999999999999 
379 463 58.01 
379 478 85.00999999999999 
379 496 86.00999999999999 
379 497 69.00999999999999 
379 499 62.01 
382 370 131.01 
382 426 117.00999999999999 
382 435 119.00999999999999 
382 485 137.01 
382 486 110.00999999999999 
382 487 140.01 
382 496 127.00999999999999 
382 499 142.01 
387 123 38.01 
387 190 68.00999999999999 
387 243 53.01 
387 380 44.01 
387 401 50.01 
387 438 37.01 
387 497 51.01 
387 499 53.01 
430 165 126.00999999999999 
430 241 128.01 
430 301 145.01 
430 408 113.00999999999999 
430 417 131.01 
430 450 122.00999999999999 
430 454 132.01 
430 498 116.00999999999999 
29 54 6.01 
29 176 6.01 
29 198 4.01 
29 237 8.01 
29 372 4.01 
29 430 5.01 
29 459 4.01 
29 490 4.01 
29 498 5.01 
54 7 50.01 
54 285 52.01 
54 303 40.01 
54 376 45.01 
54 383 55.01 
54 430 51.01 
54 458 52.01 
54 484 47.01 
54 498 54.01 
176 55 4.01 
176 174 7.01 
176 375 4.01 
176 421 8.01 
176 470 3.01 
176 495 7.01 
176 498 6.01 
176 499 6.01 
237 134 10.01 
237 273 17.009999999999998 
237 449 19.009999999999998 
237 454 11.01 
237 487 21.009999999999998 
237 492 13.01 
237 494 15.01 
237 497 13.01 
30 349 9.01 
30 354 3.01 
30 356 2.01 
30 374 3.01 
30 463 4.01 
30 493 2.01 
30 495 2.01 
30 498 6.01 
30 499 5.01 
354 119 20.009999999999998 
354 175 19.009999999999998 
354 195 20.009999999999998 
354 217 19.009999999999998 
354 380 15.01 
354 481 17.009999999999998 
354 486 15.01 
354 499 33.01 
374 287 54.01 
374 416 56.01 
374 424 49.01 
374 450 57.01 
374 476 78.00999999999999 
374 480 50.01 
374 483 56.01 
374 498 69.00999999999999 
31 3 47.01 
31 397 40.01 
31 417 27.009999999999998 
31 454 39.01 
31 477 28.009999999999998 
31 485 42.01 
31 494 37.01 
31 495 30.009999999999998 
31 499 33.01 
397 120 123.00999999999999 
397 184 128.01 
397 221 111.00999999999999 
397 269 124.00999999999999 
397 478 130.01 
397 482 115.00999999999999 
397 492 115.00999999999999 
397 497 123.00999999999999 
417 77 46.01 
417 225 36.01 
417 335 47.01 
417 392 32.01 
417 473 36.01 
417 486 44.01 
417 495 44.01 
417 499 48.01 
477 100 485.01 
477 186 484.01 
477 397 472.01 
477 403 474.01 
477 476 428.01 
477 492 468.01 
477 495 436.01 
477 496 225.01 
32 60 31.009999999999998 
32 181 22.009999999999998 
32 330 32.01 
32 361 24.009999999999998 
32 408 23.009999999999998 
32 452 26.009999999999998 
32 453 24.009999999999998 
32 478 18.009999999999998 
32 497 24.009999999999998 
60 92 4.01 
60 106 8.01 
60 367 6.01 
60 376 7.01 
60 381 3.01 
60 427 9.01 
60 442 2.01 
60 474 8.01 
60 499 6.01 
181 260 15.01 
181 298 10.01 
181 313 9.01 
181 456 9.01 
181 485 11.01 
181 493 12.01 
181 497 20.009999999999998 
181 499 12.01 
330 187 22.009999999999998 
330 260 13.01 
330 273 9.01 
330 407 11.01 
330 474 17.009999999999998 
330 480 13.01 
330 486 19.009999999999998 
330 499 22.009999999999998 
361 63 54.01 
361 65 54.01 
361 111 44.01 
361 332 55.01 
361 427 53.01 
361 464 56.01 
361 475 48.01 
361 487 49.01 
408 16 59.01 
408 456 56.01 
408 464 63.01 
408 474 60.01 
408 489 60.01 
408 491 50.01 
408 492 68.00999999999999 
408 497 58.01 
33 213 29.009999999999998 
33 279 37.01 
33 379 34.01 
33 389 41.01 
33 452 39.01 
33 488 34.01 
33 494 39.01 
33 495 28.009999999999998 
33 497 32.01 
213 154 7.01 
213 222 4.01 
213 274 7.01 
213 409 10.01 
213 479 10.01 
213 493 8.01 
213 497 11.01 
213 499 16.009999999999998 
279 49 74.00999999999999 
279 161 96.00999999999999 
279 214 81.00999999999999 
279 236 67.00999999999999 
279 332 85.00999999999999 
279 338 83.00999999999999 
279 403 79.00999999999999 
279 464 71.00999999999999 
389 36 234.01 
389 145 240.01 
389 179 263.01 
389 368 228.01 
389 472 198.01 
389 495 11.01 
389 497 249.01 
389 498 286.01 
34 50 9.01 
34 143 9.01 
34 311 19.009999999999998 
34 328 4.01 
34 359 9.01 
34 469 12.01 
34 480 10.01 
34 486 8.01 
34 494 12.01 
143 75 13.01 
143 86 8.01 
143 159 12.01 
143 236 10.01 
143 441 4.01 
143 476 6.01 
143 488 12.01 
143 498 16.009999999999998 
143 499 15.01 
311 243 27.009999999999998 
311 319 11.01 
311 462 20.009999999999998 
311 464 25.009999999999998 
311 467 18.009999999999998 
311 489 21.009999999999998 
311 494 14.01 
311 499 17.009999999999998 
328 99 18.009999999999998 
328 129 22.009999999999998 
328 252 23.009999999999998 
328 336 21.009999999999998 
328 469 17.009999999999998 
328 489 14.01 
328 490 15.01 
328 495 19.009999999999998 
359 74 257.01 
359 379 257.01 
359 440 244.01 
359 457 282.01 
359 485 261.01 
359 493 224.01 
359 496 243.01 
359 499 263.01 
433 13 163.01 
433 327 157.01 
433 405 141.01 
433 489 175.01 
433 490 146.01 
433 491 179.01 
433 493 153.01 
433 495 154.01 
36 69 35.01 
36 206 36.01 
36 454 44.01 
36 460 49.01 
36 492 33.01 
36 493 21.009999999999998 
36 496 43.01 
36 497 27.009999999999998 
36 499 31.009999999999998 
69 60 6.01 
69 71 13.01 
69 182 4.01 
69 437 6.01 
69 460 4.01 
69 494 9.01 
69 495 11.01 
69 497 9.01 
69 499 5.01 
206 145 13.01 
206 266 17.009999999999998 
206 313 13.01 
206 374 12.01 
206 445 16.009999999999998 
206 482 13.01 
206 485 14.01 
206 499 12.01 
37 101 16.009999999999998 
37 103 17.009999999999998 
37 168 22.009999999999998 
37 258 23.009999999999998 
37 384 19.009999999999998 
37 425 20.009999999999998 
37 461 18.009999999999998 
37 465 24.009999999999998 
37 485 21.009999999999998 
103 76 8.01 
103 124 2.01 
103 301 4.01 
103 390 6.01 
103 489 4.01 
103 491 7.01 
103 493 8.01 
103 495 8.01 
103 499 8.01 
168 355 42.01 
168 457 45.01 
168 459 41.01 
168 487 57.01 
168 488 52.01 
168 492 46.01 
168 494 53.01 
168 498 39.01 
258 66 24.009999999999998 
258 114 22.009999999999998 
258 413 33.01 
258 437 29.009999999999998 
258 442 27.009999999999998 
258 489 32.01 
258 493 20.009999999999998 
258 498 20.009999999999998 
384 348 100.00999999999999 
384 423 93.00999999999999 
384 432 92.00999999999999 
384 485 90.00999999999999 
384 488 83.00999999999999 
384 497 88.00999999999999 
384 498 104.00999999999999 
384 499 111.00999999999999 
425 239 54.01 
425 275 70.00999999999999 
425 348 61.01 
425 434 54.01 
425 471 51.01 
425 496 49.01 
425 498 48.01 
425 499 55.01 
461 110 219.01 
461 155 181.01 
461 464 195.01 
461 468 211.01 
461 490 95.00999999999999 
461 494 217.01 
461 496 190.01 
461 498 196.01 
465 14 115.00999999999999 
465 44 116.00999999999999 
465 345 97.00999999999999 
465 380 143.01 
465 398 116.00999999999999 
465 439 128.01 
465 473 129.01 
465 497 109.00999999999999 
38 101 11.01 
38 352 10.01 
38 422 8.01 
38 424 9.01 
38 467 11.01 
38 470 4.01 
38 476 3.01 
38 491 8.01 
38 497 11.01 
352 202 16.009999999999998 
352 217 19.009999999999998 
352 389 22.009999999999998 
352 450 19.009999999999998 
352 483 20.009999999999998 
352 490 25.009999999999998 
352 497 13.01 
352 498 17.009999999999998 
424 32 110.00999999999999 
424 166 130.01 
424 171 156.01 
424 267 120.00999999999999 
424 451 136.01 
424 488 150.01 
424 492 141.01 
424 497 127.00999999999999 
39 131 16.009999999999998 
39 154 20.009999999999998 
39 316 14.01 
39 362 19.009999999999998 
39 483 18.009999999999998 
39 484 15.01 
39 493 16.009999999999998 
39 498 9.01 
39 499 25.009999999999998 
131 25 28.009999999999998 
131 156 31.009999999999998 
131 197 16.009999999999998 
131 409 25.009999999999998 
131 461 23.009999999999998 
131 473 29.009999999999998 
131 482 31.009999999999998 
131 494 24.009999999999998 
131 497 26.009999999999998 
154 21 7.01 
154 31 4.01 
154 78 3.01 
154 228 3.01 
154 229 4.01 
154 416 1.01 
154 469 7.01 
154 491 4.01 
154 499 0.01 
316 138 18.009999999999998 
316 194 21.009999999999998 
316 235 5.01 
316 369 15.01 
316 450 22.009999999999998 
316 496 13.01 
316 498 22.009999999999998 
316 499 12.01 
362 39 26.009999999999998 
362 279 22.009999999999998 
362 343 33.01 
362 484 29.009999999999998 
362 487 16.009999999999998 
362 496 23.009999999999998 
362 497 28.009999999999998 
362 498 36.01 
40 12 10.01 
40 52 17.009999999999998 
40 372 11.01 
40 445 16.009999999999998 
40 480 17.009999999999998 
40 488 16.009999999999998 
40 492 18.009999999999998 
40 498 8.01 
40 499 13.01 
52 42 5.01 
52 120 12.01 
52 139 13.01 
52 442 5.01 
52 447 6.01 
52 459 9.01 
52 491 5.01 
52 492 11.01 
52 499 6.01 
445 21 41.01 
445 169 46.01 
445 317 47.01 
445 370 48.01 
445 462 38.01 
445 463 44.01 
445 498 36.01 
445 499 40.01 
113 104 3.01 
113 355 3.01 
113 371 7.01 
113 458 9.01 
113 459 3.01 
113 490 4.01 
113 493 3.01 
113 495 1.01 
113 499 3.01 
329 2 17.009999999999998 
329 152 19.009999999999998 
329 415 29.009999999999998 
329 436 31.009999999999998 
329 465 25.009999999999998 
329 477 19.009999999999998 
329 482 24.009999999999998 
329 497 24.009999999999998 
420 312 22.009999999999998 
420 370 25.009999999999998 
420 452 18.009999999999998 
420 462 19.009999999999998 
420 480 23.009999999999998 
420 486 22.009999999999998 
420 492 25.009999999999998 
420 499 23.009999999999998 
451 179 68.00999999999999 
451 257 101.00999999999999 
451 341 85.00999999999999 
451 367 79.00999999999999 
451 401 83.00999999999999 
451 477 77.00999999999999 
451 495 76.00999999999999 
451 496 80.00999999999999 
42 125 21.009999999999998 
42 296 10.01 
42 350 13.01 
42 382 15.01 
42 411 3.01 
42 451 16.009999999999998 
42 461 10.01 
42 478 12.01 
42 485 6.01 
125 28 9.01 
125 64 5.01 
125 69 4.01 
125 316 7.01 
125 334 4.01 
125 471 7.01 
125 489 1.01 
125 490 12.01 
125 496 9.01 
411 166 26.009999999999998 
411 334 20.009999999999998 
411 407 31.009999999999998 
411 448 35.01 
411 458 23.009999999999998 
411 480 33.01 
411 496 22.009999999999998 
411 499 34.01 
43 169 71.00999999999999 
43 182 58.01 
43 188 68.00999999999999 
43 328 70.00999999999999 
43 345 60.01 
43 487 69.00999999999999 
43 496 76.00999999999999 
43 498 57.01 
43 499 62.01 
169 98 18.009999999999998 
169 135 18.009999999999998 
169 219 19.009999999999998 
169 388 13.01 
169 486 16.009999999999998 
169 493 16.009999999999998 
169 497 18.009999999999998 
169 499 17.009999999999998 
182 48 10.01 
182 82 9.01 
182 256 11.01 
182 490 9.01 
182 493 8.01 
182 494 9.01 
182 496 8.01 
182 498 8.01 
188 350 6.01 
188 416 14.01 
188 483 13.01 
188 489 10.01 
188 491 11.01 
188 492 11.01 
188 498 17.009999999999998 
188 499 9.01 
345 150 33.01 
345 232 48.01 
345 280 38.01 
345 487 40.01 
345 495 38.01 
345 497 25.009999999999998 
345 498 38.01 
345 499 33.01 
44 77 13.01 
44 225 20.009999999999998 
44 304 24.009999999999998 
44 407 20.009999999999998 
44 418 15.01 
44 439 14.01 
44 478 16.009999999999998 
44 495 18.009999999999998 
44 498 19.009999999999998 
77 20 11.01 
77 386 8.01 
77 389 5.01 
77 413 9.01 
77 439 6.01 
77 468 13.01 
77 491 7.01 
77 495 6.01 
77 499 11.01 
225 189 25.009999999999998 
225 246 29.009999999999998 
225 344 26.009999999999998 
225 392 22.009999999999998 
225 480 14.01 
225 483 19.009999999999998 
225 498 28.009999999999998 
225 499 16.009999999999998 
304 2 23.009999999999998 
304 128 22.009999999999998 
304 312 35.01 
304 313 24.009999999999998 
304 395 21.009999999999998 
304 488 17.009999999999998 
304 495 28.009999999999998 
304 499 24.009999999999998 
407 309 110.00999999999999 
407 415 99.00999999999999 
407 433 97.00999999999999 
407 476 91.00999999999999 
407 493 93.00999999999999 
407 496 88.00999999999999 
407 498 112.00999999999999 
407 499 69.00999999999999 
45 213 13.01 
45 245 8.01 
45 338 13.01 
45 390 8.01 
45 392 10.01 
45 475 12.01 
45 484 14.01 
45 490 15.01 
45 498 17.009999999999998 
245 14 93.00999999999999 
245 324 63.01 
245 456 84.00999999999999 
245 457 63.01 
245 466 77.00999999999999 
245 489 102.00999999999999 
245 495 100.00999999999999 
245 499 74.00999999999999 
390 116 21.009999999999998 
390 475 25.009999999999998 
390 478 21.009999999999998 
390 485 19.009999999999998 
390 487 31.009999999999998 
390 494 22.009999999999998 
390 497 19.009999999999998 
390 499 19.009999999999998 
392 207 32.01 
392 346 26.009999999999998 
392 436 21.009999999999998 
392 446 32.01 
392 469 27.009999999999998 
392 485 28.009999999999998 
392 495 31.009999999999998 
392 499 18.009999999999998 
46 19 17.009999999999998 
46 249 15.01 
46 366 21.009999999999998 
46 372 26.009999999999998 
46 390 19.009999999999998 
46 452 20.009999999999998 
46 457 10.01 
46 496 19.009999999999998 
46 499 10.01 
249 384 17.009999999999998 
249 400 38.01 
249 414 33.01 
249 485 31.009999999999998 
249 487 26.009999999999998 
249 491 38.01 
249 495 20.009999999999998 
249 499 29.009999999999998 
366 226 56.01 
366 374 48.01 
366 420 45.01 
366 429 58.01 
366 466 45.01 
366 469 45.01 
366 496 43.01 
366 499 41.01 
457 367 180.01 
457 386 183.01 
457 414 199.01 
457 425 170.01 
457 491 161.01 
457 492 184.01 
457 494 157.01 
457 499 155.01 
47 332 11.01 
47 418 11.01 
47 432 7.01 
47 453 8.01 
47 476 10.01 
47 485 7.01 
47 491 7.01 
47 497 11.01 
47 499 12.01 
332 210 36.01 
332 331 28.009999999999998 
332 434 27.009999999999998 
332 456 26.009999999999998 
332 489 31.009999999999998 
332 491 18.009999999999998 
332 498 35.01 
332 499 26.009999999999998 
48 210 21.009999999999998 
48 293 29.009999999999998 
48 327 19.009999999999998 
48 450 13.01 
48 455 17.009999999999998 
48 457 13.01 
48 490 22.009999999999998 
48 496 14.01 
48 497 19.009999999999998 
293 34 19.009999999999998 
293 83 15.01 
293 190 24.009999999999998 
293 304 28.009999999999998 
293 392 20.009999999999998 
293 473 16.009999999999998 
293 474 21.009999999999998 
293 484 21.009999999999998 
327 286 126.00999999999999 
327 299 132.01 
327 360 137.01 
327 416 109.00999999999999 
327 435 101.00999999999999 
327 486 128.01 
327 497 155.01 
327 498 119.00999999999999 
416 228 39.01 
416 326 30.009999999999998 
416 459 26.009999999999998 
416 473 37.01 
416 477 41.01 
416 494 37.01 
416 496 37.01 
416 499 34.01 
83 302 4.01 
83 373 11.01 
83 393 3.01 
83 478 4.01 
83 482 2.01 
83 490 5.01 
83 491 3.01 
83 494 9.01 
83 499 3.01 
97 23 25.009999999999998 
97 102 18.009999999999998 
97 203 26.009999999999998 
97 276 19.009999999999998 
97 446 16.009999999999998 
97 462 11.01 
97 493 11.01 
97 494 22.009999999999998 
97 497 15.01 
196 193 16.009999999999998 
196 297 8.01 
196 362 16.009999999999998 
196 475 12.01 
196 490 14.01 
196 492 7.01 
196 498 7.01 
196 499 10.01 
51 3 7.01 
51 59 20.009999999999998 
51 70 10.01 
51 352 10.01 
51 445 11.01 
51 491 9.01 
51 492 11.01 
51 495 13.01 
51 496 12.01 
59 40 6.01 
59 250 4.01 
59 412 4.01 
59 479 10.01 
59 486 7.01 
59 489 7.01 
59 490 6.01 
59 496 6.01 
59 499 3.01 
120 144 11.01 
120 230 16.009999999999998 
120 281 22.009999999999998 
120 419 14.01 
120 440 21.009999999999998 
120 484 17.009999999999998 
120 494 22.009999999999998 
120 497 13.01 
120 498 32.01 
139 116 124.00999999999999 
139 223 97.00999999999999 
139 363 98.00999999999999 
139 395 95.00999999999999 
139 434 93.00999999999999 
139 450 107.00999999999999 
139 479 126.00999999999999 
139 481 106.00999999999999 
139 499 92.00999999999999 
53 275 63.01 
53 281 67.00999999999999 
53 318 62.01 
53 444 62.01 
53 465 54.01 
53 482 66.00999999999999 
53 484 58.01 
53 498 53.01 
53 499 58.01 
275 5 18.009999999999998 
275 130 13.01 
275 176 22.009999999999998 
275 239 24.009999999999998 
275 348 19.009999999999998 
275 373 21.009999999999998 
275 405 14.01 
275 429 15.01 
281 59 14.01 
281 114 27.009999999999998 
281 238 18.009999999999998 
281 461 22.009999999999998 
281 490 23.009999999999998 
281 491 23.009999999999998 
281 495 22.009999999999998 
281 499 11.01 
285 106 180.01 
285 122 184.01 
285 131 191.01 
285 262 179.01 
285 284 186.01 
285 343 195.01 
285 472 181.01 
285 497 189.01 
303 93 28.009999999999998 
303 164 31.009999999999998 
303 179 28.009999999999998 
303 228 25.009999999999998 
303 409 25.009999999999998 
303 427 21.009999999999998 
303 495 33.01 
303 496 28.009999999999998 
376 61 101.00999999999999 
376 293 79.00999999999999 
376 305 98.00999999999999 
376 401 84.00999999999999 
376 467 83.00999999999999 
376 480 86.00999999999999 
376 481 70.00999999999999 
376 496 82.00999999999999 
383 10 29.009999999999998 
383 140 29.009999999999998 
383 163 30.009999999999998 
383 213 21.009999999999998 
383 445 21.009999999999998 
383 478 29.009999999999998 
383 485 30.009999999999998 
383 494 39.01 
55 54 17.009999999999998 
55 126 19.009999999999998 
55 412 12.01 
55 425 16.009999999999998 
55 429 21.009999999999998 
55 481 9.01 
55 490 20.009999999999998 
55 498 15.01 
55 499 14.01 
412 31 301.01 
412 43 356.01 
412 246 297.01 
412 299 296.01 
412 364 314.01 
412 485 286.01 
412 496 78.00999999999999 
412 499 339.01 
56 212 172.01 
56 473 206.01 
56 479 165.01 
56 485 195.01 
56 486 204.01 
56 490 209.01 
56 492 191.01 
56 498 167.01 
56 499 194.01 
212 369 57.01 
212 379 38.01 
212 474 39.01 
212 476 45.01 
212 489 51.01 
212 490 44.01 
212 495 51.01 
212 499 57.01 
473 43 186.01 
473 241 178.01 
473 278 188.01 
473 295 175.01 
473 454 208.01 
473 490 202.01 
473 492 181.01 
473 497 187.01 
149 122 8.01 
149 142 17.009999999999998 
149 212 15.01 
149 301 18.009999999999998 
149 432 13.01 
149 477 11.01 
149 483 20.009999999999998 
149 494 16.009999999999998 
149 497 15.01 
167 205 20.009999999999998 
167 358 16.009999999999998 
167 440 16.009999999999998 
167 460 17.009999999999998 
167 496 11.01 
167 497 12.01 
167 498 14.01 
167 499 13.01 
217 44 17.009999999999998 
217 279 9.01 
217 322 16.009999999999998 
217 340 7.01 
217 362 10.01 
217 486 16.009999999999998 
217 495 22.009999999999998 
217 497 13.01 
282 63 26.009999999999998 
282 256 23.009999999999998 
282 332 30.009999999999998 
282 438 28.009999999999998 
282 494 25.009999999999998 
282 496 20.009999999999998 
282 497 22.009999999999998 
282 499 25.009999999999998 
58 8 14.01 
58 144 14.01 
58 316 10.01 
58 373 14.01 
58 404 16.009999999999998 
58 473 13.01 
58 477 11.01 
58 483 19.009999999999998 
58 499 21.009999999999998 
144 99 12.01 
144 109 8.01 
144 388 7.01 
144 408 6.01 
144 464 7.01 
144 478 10.01 
144 488 10.01 
144 493 6.01 
144 496 7.01 
92 308 8.01 
92 437 7.01 
92 465 6.01 
92 487 8.01 
92 488 5.01 
92 492 5.01 
92 495 8.01 
92 497 3.01 
92 499 9.01 
106 38 24.009999999999998 
106 209 28.009999999999998 
106 240 24.009999999999998 
106 414 23.009999999999998 
106 446 19.009999999999998 
106 485 21.009999999999998 
106 494 22.009999999999998 
106 496 16.009999999999998 
106 499 24.009999999999998 
367 309 44.01 
367 369 35.01 
367 481 41.01 
367 484 42.01 
367 486 49.01 
367 487 41.01 
367 491 63.01 
367 492 38.01 
381 205 52.01 
381 246 59.01 
381 266 76.00999999999999 
381 336 70.00999999999999 
381 454 67.00999999999999 
381 467 65.00999999999999 
381 495 66.00999999999999 
381 499 69.00999999999999 
427 314 105.00999999999999 
427 318 96.00999999999999 
427 342 103.00999999999999 
427 370 99.00999999999999 
427 414 99.00999999999999 
427 443 94.00999999999999 
427 456 109.00999999999999 
427 492 90.00999999999999 
61 65 22.009999999999998 
61 281 33.01 
61 411 26.009999999999998 
61 483 32.01 
61 489 51.01 
61 492 35.01 
61 493 36.01 
61 494 30.009999999999998 
61 499 33.01 
65 20 7.01 
65 132 12.01 
65 215 5.01 
65 277 18.009999999999998 
65 424 10.01 
65 473 8.01 
65 477 5.01 
65 497 12.01 
65 498 11.01 
300 132 10.01 
300 322 11.01 
300 438 12.01 
300 439 11.01 
300 492 11.01 
300 495 12.01 
300 496 18.009999999999998 
300 498 12.01 
310 45 14.01 
310 53 7.01 
310 191 11.01 
310 410 14.01 
310 463 11.01 
310 472 15.01 
310 479 11.01 
310 488 10.01 
331 58 11.01 
331 326 9.01 
331 431 17.009999999999998 
331 435 13.01 
331 447 20.009999999999998 
331 480 12.01 
331 492 14.01 
331 499 11.01 
63 388 9.01 
63 415 8.01 
63 434 15.01 
63 462 9.01 
63 474 5.01 
63 494 13.01 
63 496 11.01 
63 497 9.01 
63 498 9.01 
388 104 26.009999999999998 
388 274 34.01 
388 395 30.009999999999998 
388 464 32.01 
388 479 27.009999999999998 
388 483 39.01 
388 485 33.01 
388 499 22.009999999999998 
415 127 51.01 
415 325 59.01 
415 384 47.01 
415 391 46.01 
415 409 46.01 
415 454 45.01 
415 484 54.01 
415 499 48.01 
64 139 579.01 
64 155 549.01 
64 233 559.01 
64 239 583.01 
64 341 578.01 
64 427 507.01 
64 436 553.01 
64 497 346.01 
64 499 195.01 
155 202 83.00999999999999 
155 366 92.00999999999999 
155 412 82.00999999999999 
155 425 67.00999999999999 
155 426 89.00999999999999 
155 474 71.00999999999999 
155 492 77.00999999999999 
155 496 75.00999999999999 
155 499 115.00999999999999 
233 102 92.00999999999999 
233 199 101.00999999999999 
233 200 103.00999999999999 
233 286 86.00999999999999 
233 466 89.00999999999999 
233 488 87.00999999999999 
233 489 98.00999999999999 
233 499 90.00999999999999 
239 27 93.00999999999999 
239 45 79.00999999999999 
239 67 82.00999999999999 
239 78 75.00999999999999 
239 419 68.00999999999999 
239 473 77.00999999999999 
239 497 100.00999999999999 
239 499 103.00999999999999 
341 122 97.00999999999999 
341 178 108.00999999999999 
341 258 116.00999999999999 
341 431 113.00999999999999 
341 463 119.00999999999999 
341 473 115.00999999999999 
341 479 108.00999999999999 
341 499 123.00999999999999 
132 47 5.01 
132 186 3.01 
132 253 7.01 
132 462 3.01 
132 489 8.01 
132 491 7.01 
132 492 4.01 
132 493 3.01 
132 499 2.01 
215 159 13.01 
215 178 13.01 
215 280 20.009999999999998 
215 287 9.01 
215 457 18.009999999999998 
215 476 15.01 
215 497 11.01 
215 498 13.01 
66 422 72.00999999999999 
66 423 67.00999999999999 
66 462 72.00999999999999 
66 493 54.01 
66 494 54.01 
66 495 76.00999999999999 
66 496 52.01 
66 498 73.00999999999999 
66 499 65.00999999999999 
67 0 36.01 
67 294 29.009999999999998 
67 327 29.009999999999998 
67 444 35.01 
67 492 33.01 
67 494 25.009999999999998 
67 495 16.009999999999998 
67 498 30.009999999999998 
67 499 27.009999999999998 
294 231 18.009999999999998 
294 327 28.009999999999998 
294 394 32.01 
294 423 33.01 
294 483 12.01 
294 484 23.009999999999998 
294 488 20.009999999999998 
294 498 26.009999999999998 
68 87 367.01 
68 251 408.01 
68 448 373.01 
68 484 350.01 
68 490 373.01 
68 495 367.01 
68 497 347.01 
68 498 369.01 
68 499 0.01 
87 55 59.01 
87 216 55.01 
87 334 61.01 
87 465 50.01 
87 489 52.01 
87 494 56.01 
87 496 59.01 
87 498 47.01 
87 499 62.01 
251 421 70.00999999999999 
251 435 72.00999999999999 
251 461 69.00999999999999 
251 464 77.00999999999999 
251 487 73.00999999999999 
251 492 95.00999999999999 
251 498 82.00999999999999 
251 499 98.00999999999999 
71 27 13.01 
71 33 10.01 
71 133 17.009999999999998 
71 164 15.01 
71 196 10.01 
71 343 11.01 
71 407 11.01 
71 493 15.01 
71 499 12.01 
93 88 6.01 
93 196 3.01 
93 215 16.009999999999998 
93 265 8.01 
93 320 5.01 
93 406 6.01 
93 417 7.01 
93 436 7.01 
93 472 7.01 
391 118 87.00999999999999 
391 463 91.00999999999999 
391 467 101.00999999999999 
391 487 81.00999999999999 
391 488 96.00999999999999 
391 489 95.00999999999999 
391 494 83.00999999999999 
391 499 97.00999999999999 
399 269 15.01 
399 301 13.01 
399 418 7.01 
399 468 18.009999999999998 
399 487 19.009999999999998 
399 494 23.009999999999998 
399 496 14.01 
399 497 13.01 
133 200 10.01 
133 257 14.01 
133 310 13.01 
133 420 19.009999999999998 
133 453 10.01 
133 479 15.01 
133 483 13.01 
133 493 16.009999999999998 
133 499 18.009999999999998 
164 74 10.01 
164 158 6.01 
164 398 7.01 
164 404 8.01 
164 427 11.01 
164 446 6.01 
164 472 3.01 
164 494 7.01 
164 498 6.01 
343 180 37.01 
343 256 37.01 
343 394 31.009999999999998 
343 414 38.01 
343 434 31.009999999999998 
343 479 36.01 
343 490 33.01 
343 498 34.01 
72 242 187.01 
72 437 181.01 
72 465 186.01 
72 481 168.01 
72 486 208.01 
72 490 185.01 
72 491 204.01 
72 494 170.01 
72 499 200.01 
242 208 51.01 
242 230 49.01 
242 333 63.01 
242 388 71.00999999999999 
242 390 66.00999999999999 
242 451 67.00999999999999 
242 498 50.01 
242 499 51.01 
73 63 8.01 
73 191 7.01 
73 209 9.01 
73 370 10.01 
73 424 9.01 
73 493 6.01 
73 496 7.01 
73 498 6.01 
73 499 3.01 
191 24 6.01 
191 67 8.01 
191 98 6.01 
191 141 8.01 
191 378 4.01 
191 486 4.01 
191 490 2.01 
191 495 2.01 
370 244 52.01 
370 247 49.01 
370 311 34.01 
370 399 34.01 
370 493 31.009999999999998 
370 495 41.01 
370 496 39.01 
370 497 40.01 
74 68 32.01 
74 107 40.01 
74 302 25.009999999999998 
74 326 33.01 
74 351 30.009999999999998 
74 462 29.009999999999998 
74 493 31.009999999999998 
74 498 29.009999999999998 
74 499 29.009999999999998 
302 191 22.009999999999998 
302 224 28.009999999999998 
302 305 22.009999999999998 
302 387 32.01 
302 389 26.009999999999998 
302 407 28.009999999999998 
302 444 26.009999999999998 
302 499 29.009999999999998 
326 249 22.009999999999998 
326 283 33.01 
326 297 15.01 
326 425 25.009999999999998 
326 471 22.009999999999998 
326 485 18.009999999999998 
326 498 33.01 
326 499 18.009999999999998 
351 57 49.01 
351 353 52.01 
351 404 56.01 
351 432 60.01 
351 466 38.01 
351 468 37.01 
351 484 47.01 
351 496 37.01 
75 19 29.009999999999998 
75 349 25.009999999999998 
75 396 22.009999999999998 
75 410 21.009999999999998 
75 413 23.009999999999998 
75 488 23.009999999999998 
75 491 24.009999999999998 
75 496 26.009999999999998 
75 499 22.009999999999998 
413 361 48.01 
413 373 39.01 
413 447 28.009999999999998 
413 466 30.009999999999998 
413 473 37.01 
413 491 33.01 
413 495 30.009999999999998 
413 497 24.009999999999998 
76 253 38.01 
76 390 25.009999999999998 
76 410 37.01 
76 461 46.01 
76 462 9.01 
76 493 37.01 
76 495 32.01 
76 496 32.01 
76 499 38.01 
253 123 21.009999999999998 
253 130 13.01 
253 158 17.009999999999998 
253 192 30.009999999999998 
253 472 18.009999999999998 
253 486 19.009999999999998 
253 488 14.01 
253 499 13.01 
78 58 13.01 
78 65 12.01 
78 253 19.009999999999998 
78 335 10.01 
78 425 9.01 
78 440 12.01 
78 493 5.01 
78 494 12.01 
78 495 13.01 
335 211 51.01 
335 359 49.01 
335 428 53.01 
335 477 64.00999999999999 
335 492 42.01 
335 493 65.00999999999999 
335 496 62.01 
335 499 45.01 
79 73 6.01 
79 74 11.01 
79 480 8.01 
79 488 4.01 
79 492 3.01 
79 493 7.01 
79 495 8.01 
79 497 6.01 
79 499 4.01 
80 147 23.009999999999998 
80 331 21.009999999999998 
80 420 32.01 
80 438 34.01 
80 475 23.009999999999998 
80 477 23.009999999999998 
80 482 26.009999999999998 
80 498 22.009999999999998 
80 499 29.009999999999998 
147 135 17.009999999999998 
147 255 26.009999999999998 
147 481 28.009999999999998 
147 492 21.009999999999998 
147 493 24.009999999999998 
147 494 22.009999999999998 
147 497 18.009999999999998 
147 498 25.009999999999998 
147 499 25.009999999999998 
438 4 25.009999999999998 
438 22 35.01 
438 102 25.009999999999998 
438 151 27.009999999999998 
438 471 42.01 
438 475 35.01 
438 496 32.01 
438 499 31.009999999999998 
81 245 138.01 
81 359 111.00999999999999 
81 428 139.01 
81 467 126.00999999999999 
81 480 110.00999999999999 
81 490 112.00999999999999 
81 496 116.00999999999999 
81 498 131.01 
81 499 127.00999999999999 
428 66 545.01 
428 382 527.01 
428 384 566.01 
428 458 523.01 
428 459 573.01 
428 466 561.01 
428 485 581.01 
428 491 540.01 
82 194 8.01 
82 213 10.01 
82 268 9.01 
82 378 11.01 
82 466 11.01 
82 468 8.01 
82 484 5.01 
82 496 7.01 
82 499 5.01 
194 349 13.01 
194 352 15.01 
194 477 12.01 
194 479 15.01 
194 492 16.009999999999998 
194 493 19.009999999999998 
194 495 30.009999999999998 
194 499 11.01 
378 156 69.00999999999999 
378 366 72.00999999999999 
378 469 65.00999999999999 
378 473 75.00999999999999 
378 475 68.00999999999999 
378 488 64.00999999999999 
378 497 59.01 
378 499 63.01 
393 94 30.009999999999998 
393 155 21.009999999999998 
393 295 16.009999999999998 
393 420 25.009999999999998 
393 421 26.009999999999998 
393 471 26.009999999999998 
393 484 25.009999999999998 
393 496 19.009999999999998 
84 146 2.01 
84 217 8.01 
84 375 1.01 
84 396 5.01 
84 445 4.01 
84 472 10.01 
84 479 6.01 
84 491 10.01 
84 498 6.01 
146 167 21.009999999999998 
146 181 22.009999999999998 
146 211 17.009999999999998 
146 242 18.009999999999998 
146 255 19.009999999999998 
146 466 15.01 
146 477 12.01 
146 478 12.01 
146 498 17.009999999999998 
375 96 242.01 
375 116 242.01 
375 173 232.01 
375 241 228.01 
375 490 236.01 
375 495 214.01 
375 497 218.01 
375 498 16.009999999999998 
85 48 35.01 
85 120 33.01 
85 266 18.009999999999998 
85 304 34.01 
85 374 32.01 
85 391 29.009999999999998 
85 485 24.009999999999998 
85 491 25.009999999999998 
85 494 23.009999999999998 
266 263 17.009999999999998 
266 287 17.009999999999998 
266 394 21.009999999999998 
266 411 13.01 
266 434 23.009999999999998 
266 473 14.01 
266 482 15.01 
266 499 16.009999999999998 
86 175 13.01 
86 315 7.01 
86 329 8.01 
86 360 8.01 
86 419 8.01 
86 460 14.01 
86 494 12.01 
86 495 10.01 
86 499 8.01 
175 72 5.01 
175 157 6.01 
175 377 7.01 
175 415 4.01 
175 467 4.01 
175 482 7.01 
175 489 6.01 
175 499 9.01 
315 34 62.01 
315 304 71.00999999999999 
315 429 76.00999999999999 
315 477 63.01 
315 478 75.00999999999999 
315 490 72.00999999999999 
315 493 68.00999999999999 
315 499 72.00999999999999 
419 160 242.01 
419 271 239.01 
419 280 221.01 
419 465 232.01 
419 486 238.01 
419 488 240.01 
419 490 225.01 
419 492 88.00999999999999 
216 96 21.009999999999998 
216 244 24.009999999999998 
216 258 24.009999999999998 
216 320 15.01 
216 357 21.009999999999998 
216 367 18.009999999999998 
216 489 23.009999999999998 
216 492 19.009999999999998 
129 11 5.01 
129 29 11.01 
129 36 9.01 
129 41 9.01 
129 174 4.01 
129 186 9.01 
129 313 6.01 
129 463 10.01 
129 496 11.01 
197 306 18.009999999999998 
197 352 14.01 
197 355 21.009999999999998 
197 441 14.01 
197 478 13.01 
197 496 9.01 
197 497 11.01 
197 499 16.009999999999998 
89 9 36.01 
89 385 24.009999999999998 
89 389 32.01 
89 430 32.01 
89 433 28.009999999999998 
89 452 18.009999999999998 
89 480 16.009999999999998 
89 484 24.009999999999998 
89 498 21.009999999999998 
385 1 36.01 
385 325 38.01 
385 448 38.01 
385 484 36.01 
385 493 41.01 
385 495 36.01 
385 496 36.01 
385 499 34.01 
90 201 26.009999999999998 
90 289 17.009999999999998 
90 303 16.009999999999998 
90 390 34.01 
90 446 30.009999999999998 
90 479 28.009999999999998 
90 488 27.009999999999998 
90 493 34.01 
90 499 31.009999999999998 
201 56 11.01 
201 91 5.01 
201 251 9.01 
201 259 6.01 
201 265 7.01 
201 441 6.01 
201 495 12.01 
201 499 13.01 
289 268 49.01 
289 419 42.01 
289 429 39.01 
289 487 51.01 
289 492 34.01 
289 494 36.01 
289 496 32.01 
289 497 39.01 
446 46 44.01 
446 146 44.01 
446 215 51.01 
446 223 39.01 
446 363 47.01 
446 482 46.01 
446 495 46.01 
446 499 47.01 
265 2 12.01 
265 283 10.01 
265 401 15.01 
265 443 10.01 
265 453 11.01 
265 465 14.01 
265 481 9.01 
265 496 12.01 
320 361 31.009999999999998 
320 382 24.009999999999998 
320 398 29.009999999999998 
320 468 27.009999999999998 
320 478 31.009999999999998 
320 484 44.01 
320 488 31.009999999999998 
320 499 36.01 
94 86 63.01 
94 366 68.00999999999999 
94 384 48.01 
94 425 66.00999999999999 
94 447 67.00999999999999 
94 476 65.00999999999999 
94 491 69.00999999999999 
94 493 61.01 
94 494 59.01 
127 7 14.01 
127 112 15.01 
127 117 10.01 
127 138 12.01 
127 362 8.01 
127 395 9.01 
127 448 4.01 
127 486 8.01 
127 498 9.01 
96 32 95.00999999999999 
96 339 87.00999999999999 
96 353 98.00999999999999 
96 386 91.00999999999999 
96 461 100.00999999999999 
96 483 103.00999999999999 
96 495 88.00999999999999 
96 498 104.00999999999999 
96 499 78.00999999999999 
353 19 41.01 
353 137 38.01 
353 465 34.01 
353 478 29.009999999999998 
353 482 34.01 
353 488 47.01 
353 494 26.009999999999998 
353 499 33.01 
102 162 10.01 
102 402 13.01 
102 403 14.01 
102 457 16.009999999999998 
102 461 13.01 
102 492 18.009999999999998 
102 493 15.01 
102 497 15.01 
102 499 21.009999999999998 
276 185 37.01 
276 249 38.01 
276 316 37.01 
276 391 38.01 
276 397 27.009999999999998 
276 454 38.01 
276 497 24.009999999999998 
276 499 38.01 
98 272 9.01 
98 479 12.01 
98 485 6.01 
98 488 9.01 
98 492 8.01 
98 493 11.01 
98 495 3.01 
98 498 7.01 
98 499 7.01 
272 200 15.01 
272 309 19.009999999999998 
272 336 21.009999999999998 
272 469 20.009999999999998 
272 489 14.01 
272 495 22.009999999999998 
272 498 11.01 
272 499 15.01 
99 263 10.01 
99 368 8.01 
99 394 4.01 
99 433 8.01 
99 461 6.01 
99 489 8.01 
99 490 3.01 
99 491 7.01 
99 495 7.01 
263 158 242.01 
263 238 203.01 
263 297 224.01 
263 359 247.01 
263 439 213.01 
263 441 231.01 
263 487 232.01 
263 498 236.01 
394 347 50.01 
394 365 65.00999999999999 
394 460 59.01 
394 482 58.01 
394 483 60.01 
394 491 52.01 
394 492 53.01 
394 496 64.00999999999999 
204 81 10.01 
204 330 10.01 
204 331 8.01 
204 351 11.01 
204 391 12.01 
204 462 12.01 
204 470 9.01 
204 498 4.01 
288 11 9.01 
288 195 9.01 
288 201 5.01 
288 471 15.01 
288 477 15.01 
288 487 9.01 
288 497 10.01 
288 498 13.01 
298 229 106.00999999999999 
298 321 93.00999999999999 
298 361 107.00999999999999 
298 461 84.00999999999999 
298 475 103.00999999999999 
298 487 9.01 
298 497 72.00999999999999 
298 499 89.00999999999999 
162 108 12.01 
162 163 4.01 
162 236 5.01 
162 289 12.01 
162 405 3.01 
162 484 10.01 
162 491 11.01 
162 495 5.01 
162 499 9.01 
403 8 192.01 
403 67 170.01 
403 75 189.01 
403 90 168.01 
403 355 182.01 
403 495 172.01 
403 496 193.01 
403 498 158.01 
124 312 11.01 
124 322 13.01 
124 453 12.01 
124 458 14.01 
124 475 20.009999999999998 
124 493 16.009999999999998 
124 496 10.01 
124 497 8.01 
124 499 17.009999999999998 
301 208 14.01 
301 227 26.009999999999998 
301 404 29.009999999999998 
301 469 25.009999999999998 
301 475 24.009999999999998 
301 494 30.009999999999998 
301 496 23.009999999999998 
301 499 22.009999999999998 
309 95 38.01 
309 324 40.01 
309 332 46.01 
309 347 28.009999999999998 
309 365 46.01 
309 469 49.01 
309 494 36.01 
309 499 33.01 
321 14 112.00999999999999 
321 89 105.00999999999999 
321 238 95.00999999999999 
321 340 98.00999999999999 
321 467 115.00999999999999 
321 468 108.00999999999999 
321 492 120.00999999999999 
321 494 21.009999999999998 
443 150 148.01 
443 294 137.01 
443 315 136.01 
443 406 143.01 
443 478 131.01 
443 495 153.01 
443 498 127.00999999999999 
443 499 128.01 
105 8 7.01 
105 264 10.01 
105 337 15.01 
105 420 11.01 
105 438 6.01 
105 471 9.01 
105 474 14.01 
105 496 8.01 
105 499 10.01 
240 113 15.01 
240 298 27.009999999999998 
240 366 26.009999999999998 
240 435 21.009999999999998 
240 483 21.009999999999998 
240 495 29.009999999999998 
240 497 20.009999999999998 
240 499 27.009999999999998 
414 37 72.00999999999999 
414 143 63.01 
414 426 69.00999999999999 
414 453 67.00999999999999 
414 457 30.009999999999998 
414 465 66.00999999999999 
414 480 62.01 
414 497 55.01 
342 428 33.01 
342 470 24.009999999999998 
342 478 27.009999999999998 
342 482 21.009999999999998 
342 495 26.009999999999998 
342 497 25.009999999999998 
342 498 31.009999999999998 
342 499 36.01 
222 370 7.01 
222 427 10.01 
222 436 6.01 
222 462 8.01 
222 485 7.01 
222 491 9.01 
222 494 4.01 
222 498 6.01 
231 221 38.01 
231 393 25.009999999999998 
231 470 26.009999999999998 
231 492 49.01 
231 494 25.009999999999998 
231 495 30.009999999999998 
231 496 29.009999999999998 
231 498 38.01 
364 166 72.00999999999999 
364 369 66.00999999999999 
364 424 50.01 
364 447 72.00999999999999 
364 490 63.01 
364 492 78.00999999999999 
364 495 58.01 
364 499 62.01 
109 152 9.01 
109 248 2.01 
109 288 6.01 
109 342 6.01 
109 365 1.01 
109 452 6.01 
109 495 5.01 
109 497 6.01 
109 499 5.01 
152 31 18.009999999999998 
152 129 13.01 
152 335 15.01 
152 469 15.01 
152 472 17.009999999999998 
152 490 15.01 
152 495 15.01 
152 497 15.01 
152 499 17.009999999999998 
248 29 16.009999999999998 
248 38 13.01 
248 489 14.01 
248 490 9.01 
248 491 18.009999999999998 
248 492 14.01 
248 496 15.01 
248 499 17.009999999999998 
365 242 221.01 
365 276 232.01 
365 292 203.01 
365 315 254.01 
365 401 245.01 
365 449 223.01 
365 487 215.01 
365 499 207.01 
110 73 53.01 
110 345 73.00999999999999 
110 472 42.01 
110 474 68.00999999999999 
110 492 70.00999999999999 
110 494 51.01 
110 496 77.00999999999999 
110 497 79.00999999999999 
110 499 71.00999999999999 
226 387 19.009999999999998 
226 431 18.009999999999998 
226 466 17.009999999999998 
226 476 18.009999999999998 
226 477 17.009999999999998 
226 484 18.009999999999998 
226 498 21.009999999999998 
226 499 16.009999999999998 
355 151 45.01 
355 235 42.01 
355 305 44.01 
355 343 35.01 
355 415 38.01 
355 475 41.01 
355 482 45.01 
355 495 42.01 
112 146 107.00999999999999 
112 223 112.00999999999999 
112 282 108.00999999999999 
112 320 130.01 
112 423 88.00999999999999 
112 451 94.00999999999999 
112 458 123.00999999999999 
112 486 102.00999999999999 
112 499 101.00999999999999 
223 30 28.009999999999998 
223 224 42.01 
223 417 36.01 
223 426 26.009999999999998 
223 463 30.009999999999998 
223 465 41.01 
223 480 35.01 
223 492 30.009999999999998 
114 22 15.01 
114 211 9.01 
114 228 5.01 
114 364 8.01 
114 395 13.01 
114 458 9.01 
114 486 7.01 
114 498 2.01 
114 499 9.01 
211 10 8.01 
211 123 11.01 
211 333 11.01 
211 340 13.01 
211 456 14.01 
211 476 16.009999999999998 
211 495 13.01 
211 499 9.01 
228 30 5.01 
228 34 11.01 
228 136 10.01 
228 284 8.01 
228 297 11.01 
228 338 8.01 
228 456 9.01 
228 477 10.01 
115 118 14.01 
115 153 21.009999999999998 
115 319 20.009999999999998 
115 394 18.009999999999998 
115 435 17.009999999999998 
115 446 22.009999999999998 
115 489 17.009999999999998 
115 494 22.009999999999998 
115 499 14.01 
118 140 16.009999999999998 
118 237 14.01 
118 240 29.009999999999998 
118 456 22.009999999999998 
118 487 19.009999999999998 
118 495 18.009999999999998 
118 496 33.01 
118 498 14.01 
118 499 22.009999999999998 
116 52 49.01 
116 92 43.01 
116 432 34.01 
116 476 50.01 
116 481 35.01 
116 487 50.01 
116 493 41.01 
116 496 43.01 
116 499 42.01 
140 84 15.01 
140 182 10.01 
140 357 10.01 
140 400 11.01 
140 408 16.009999999999998 
140 470 5.01 
140 485 10.01 
140 494 17.009999999999998 
140 499 8.01 
456 6 48.01 
456 43 49.01 
456 51 61.01 
456 219 65.00999999999999 
456 225 65.00999999999999 
456 255 70.00999999999999 
456 284 62.01 
456 499 71.00999999999999 
119 23 18.009999999999998 
119 167 19.009999999999998 
119 173 19.009999999999998 
119 177 28.009999999999998 
119 307 21.009999999999998 
119 485 18.009999999999998 
119 495 19.009999999999998 
119 497 25.009999999999998 
119 499 31.009999999999998 
173 195 38.01 
173 300 46.01 
173 380 36.01 
173 418 24.009999999999998 
173 433 34.01 
173 489 32.01 
173 495 36.01 
173 496 37.01 
177 125 7.01 
177 259 8.01 
177 336 8.01 
177 363 7.01 
177 385 9.01 
177 425 13.01 
177 460 7.01 
177 498 5.01 
307 290 34.01 
307 405 34.01 
307 476 37.01 
307 489 33.01 
307 490 44.01 
307 494 49.01 
307 498 35.01 
307 499 36.01 
230 172 8.01 
230 185 20.009999999999998 
230 229 14.01 
230 364 12.01 
230 455 14.01 
230 459 15.01 
230 498 13.01 
230 499 10.01 
121 177 13.01 
121 221 16.009999999999998 
121 350 16.009999999999998 
121 441 25.009999999999998 
121 463 9.01 
121 467 15.01 
121 472 7.01 
121 497 10.01 
121 499 14.01 
221 22 448.01 
221 81 439.01 
221 94 423.01 
221 259 482.01 
221 488 409.01 
221 492 432.01 
221 496 407.01 
221 499 16.009999999999998 
441 144 48.01 
441 196 66.00999999999999 
441 232 47.01 
441 460 59.01 
441 485 54.01 
441 489 67.00999999999999 
441 493 57.01 
441 499 60.01 
122 150 24.009999999999998 
122 360 40.01 
122 396 28.009999999999998 
122 416 39.01 
122 470 24.009999999999998 
122 473 31.009999999999998 
122 483 36.01 
122 491 37.01 
122 496 30.009999999999998 
150 109 20.009999999999998 
150 177 23.009999999999998 
150 219 31.009999999999998 
150 262 29.009999999999998 
150 276 22.009999999999998 
150 482 9.01 
150 484 22.009999999999998 
150 494 21.009999999999998 
150 499 28.009999999999998 
123 35 8.01 
123 189 8.01 
123 248 10.01 
123 468 9.01 
123 476 7.01 
123 478 6.01 
123 485 9.01 
123 496 7.01 
123 499 6.01 
189 73 6.01 
189 206 4.01 
189 418 5.01 
189 454 8.01 
189 484 6.01 
189 487 6.01 
189 491 6.01 
189 496 8.01 
312 381 25.009999999999998 
312 385 21.009999999999998 
312 430 27.009999999999998 
312 486 16.009999999999998 
312 489 16.009999999999998 
312 490 11.01 
312 496 22.009999999999998 
312 497 24.009999999999998 
165 232 23.009999999999998 
165 262 24.009999999999998 
165 310 24.009999999999998 
165 347 18.009999999999998 
165 411 22.009999999999998 
165 470 21.009999999999998 
165 495 21.009999999999998 
165 496 24.009999999999998 
295 151 54.01 
295 180 45.01 
295 291 54.01 
295 446 36.01 
295 463 54.01 
295 476 39.01 
295 486 49.01 
295 499 54.01 
421 207 24.009999999999998 
421 238 32.01 
421 306 31.009999999999998 
421 402 43.01 
421 480 33.01 
421 488 27.009999999999998 
421 494 24.009999999999998 
421 495 36.01 
138 26 12.01 
138 180 8.01 
138 216 15.01 
138 270 3.01 
138 381 15.01 
138 397 9.01 
138 441 14.01 
138 497 8.01 
138 499 9.01 
171 61 158.01 
171 85 159.01 
171 273 155.01 
171 382 141.01 
171 452 155.01 
171 481 151.01 
171 498 162.01 
171 499 151.01 
174 94 113.00999999999999 
174 240 119.00999999999999 
174 375 129.01 
174 400 111.00999999999999 
174 411 99.00999999999999 
174 467 75.00999999999999 
174 482 88.00999999999999 
174 499 122.00999999999999 
186 288 65.00999999999999 
186 303 65.00999999999999 
186 354 70.00999999999999 
186 409 46.01 
186 430 69.00999999999999 
186 442 60.01 
186 493 63.01 
186 499 58.01 
130 227 2.01 
130 329 5.01 
130 413 6.01 
130 486 5.01 
130 487 4.01 
130 492 7.01 
130 496 6.01 
130 498 7.01 
130 499 7.01 
227 434 25.009999999999998 
227 468 18.009999999999998 
227 486 30.009999999999998 
227 487 22.009999999999998 
227 490 13.01 
227 497 15.01 
227 498 19.009999999999998 
227 499 20.009999999999998 
200 188 18.009999999999998 
200 457 19.009999999999998 
200 483 16.009999999999998 
200 492 22.009999999999998 
200 494 20.009999999999998 
200 495 15.01 
200 497 13.01 
200 499 13.01 
257 6 93.00999999999999 
257 18 95.00999999999999 
257 253 81.00999999999999 
257 358 97.00999999999999 
257 453 101.00999999999999 
257 460 104.00999999999999 
257 492 123.00999999999999 
257 497 110.00999999999999 
134 330 12.01 
134 369 21.009999999999998 
134 433 11.01 
134 486 13.01 
134 492 17.009999999999998 
134 494 12.01 
134 495 12.01 
134 497 16.009999999999998 
134 498 19.009999999999998 
369 98 48.01 
369 254 68.00999999999999 
369 356 52.01 
369 443 65.00999999999999 
369 483 52.01 
369 496 58.01 
369 498 53.01 
369 499 51.01 
136 314 30.009999999999998 
136 399 23.009999999999998 
136 430 27.009999999999998 
136 464 21.009999999999998 
136 469 17.009999999999998 
136 477 19.009999999999998 
136 489 27.009999999999998 
136 495 22.009999999999998 
136 499 20.009999999999998 
314 183 18.009999999999998 
314 201 31.009999999999998 
314 224 34.01 
314 482 23.009999999999998 
314 484 25.009999999999998 
314 485 36.01 
314 487 42.01 
314 499 30.009999999999998 
148 103 18.009999999999998 
148 106 13.01 
148 291 15.01 
148 325 12.01 
148 349 18.009999999999998 
148 449 22.009999999999998 
148 487 12.01 
148 496 16.009999999999998 
148 499 16.009999999999998 
324 46 98.00999999999999 
324 153 113.00999999999999 
324 237 93.00999999999999 
324 460 81.00999999999999 
324 491 105.00999999999999 
324 492 76.00999999999999 
324 494 101.00999999999999 
324 499 64.00999999999999 
180 172 15.01 
180 383 12.01 
180 452 7.01 
180 472 13.01 
180 491 12.01 
180 493 11.01 
180 497 9.01 
180 498 11.01 
270 9 8.01 
270 68 8.01 
270 100 6.01 
270 354 6.01 
270 439 5.01 
270 442 11.01 
270 491 9.01 
270 496 9.01 
357 80 52.01 
357 161 68.00999999999999 
357 350 59.01 
357 437 77.00999999999999 
357 441 78.00999999999999 
357 491 62.01 
357 494 51.01 
357 496 59.01 
141 310 33.01 
141 344 27.009999999999998 
141 368 23.009999999999998 
141 436 31.009999999999998 
141 478 27.009999999999998 
141 486 30.009999999999998 
141 491 26.009999999999998 
141 492 30.009999999999998 
141 497 34.01 
344 66 16.009999999999998 
344 176 17.009999999999998 
344 353 16.009999999999998 
344 417 19.009999999999998 
344 455 16.009999999999998 
344 458 22.009999999999998 
344 494 14.01 
344 496 11.01 
172 184 8.01 
172 339 4.01 
172 410 5.01 
172 448 5.01 
172 488 3.01 
172 493 3.01 
172 497 3.01 
172 499 4.01 
214 37 88.00999999999999 
214 97 86.00999999999999 
214 118 86.00999999999999 
214 209 67.00999999999999 
214 480 82.00999999999999 
214 487 94.00999999999999 
214 489 78.00999999999999 
214 496 76.00999999999999 
159 275 4.01 
159 307 2.01 
159 341 1.01 
159 344 2.01 
159 459 3.01 
159 462 6.01 
159 472 9.01 
159 477 2.01 
159 482 4.01 
236 317 27.009999999999998 
236 408 26.009999999999998 
236 410 32.01 
236 447 29.009999999999998 
236 472 27.009999999999998 
236 484 29.009999999999998 
236 496 24.009999999999998 
236 499 30.009999999999998 
145 148 114.00999999999999 
145 163 106.00999999999999 
145 235 99.00999999999999 
145 251 122.00999999999999 
145 278 115.00999999999999 
145 360 131.01 
145 490 110.00999999999999 
145 493 26.009999999999998 
145 499 96.00999999999999 
163 4 14.01 
163 90 17.009999999999998 
163 115 14.01 
163 148 19.009999999999998 
163 354 12.01 
163 481 13.01 
163 484 21.009999999999998 
163 492 15.01 
163 496 15.01 
235 346 18.009999999999998 
235 356 13.01 
235 386 22.009999999999998 
235 485 26.009999999999998 
235 493 26.009999999999998 
235 494 16.009999999999998 
235 497 17.009999999999998 
235 499 23.009999999999998 
278 90 58.01 
278 269 59.01 
278 272 51.01 
278 386 49.01 
278 474 51.01 
278 491 55.01 
278 493 58.01 
278 498 74.00999999999999 
325 412 25.009999999999998 
325 444 32.01 
325 445 23.009999999999998 
325 451 31.009999999999998 
325 463 27.009999999999998 
325 484 41.01 
325 494 27.009999999999998 
325 496 28.009999999999998 
262 185 52.01 
262 218 51.01 
262 419 38.01 
262 484 56.01 
262 494 45.01 
262 495 51.01 
262 496 38.01 
262 499 49.01 
151 62 19.009999999999998 
151 267 17.009999999999998 
151 270 18.009999999999998 
151 431 12.01 
151 441 11.01 
151 449 15.01 
151 492 10.01 
151 493 12.01 
151 499 12.01 
401 17 118.00999999999999 
401 87 97.00999999999999 
401 124 113.00999999999999 
401 455 131.01 
401 495 98.00999999999999 
401 496 114.00999999999999 
401 498 100.00999999999999 
401 499 119.00999999999999 
229 241 75.00999999999999 
229 346 79.00999999999999 
229 428 71.00999999999999 
229 433 85.00999999999999 
229 468 91.00999999999999 
229 493 81.00999999999999 
229 495 80.00999999999999 
229 496 59.01 
247 134 14.01 
247 206 23.009999999999998 
247 239 16.009999999999998 
247 429 15.01 
247 456 11.01 
247 496 12.01 
247 497 25.009999999999998 
247 499 16.009999999999998 
340 320 25.009999999999998 
340 398 19.009999999999998 
340 445 15.01 
340 477 25.009999999999998 
340 489 13.01 
340 495 18.009999999999998 
340 496 13.01 
340 497 20.009999999999998 
157 288 9.01 
157 303 11.01 
157 335 7.01 
157 399 12.01 
157 400 11.01 
157 449 12.01 
157 495 3.01 
157 498 8.01 
157 499 10.01 
158 334 34.01 
158 344 28.009999999999998 
158 365 32.01 
158 423 34.01 
158 483 28.009999999999998 
158 492 31.009999999999998 
158 494 33.01 
158 495 22.009999999999998 
158 499 23.009999999999998 
160 173 32.01 
160 208 26.009999999999998 
160 233 29.009999999999998 
160 293 37.01 
160 414 34.01 
160 469 26.009999999999998 
160 491 29.009999999999998 
160 494 36.01 
160 499 29.009999999999998 
208 266 25.009999999999998 
208 298 18.009999999999998 
208 423 19.009999999999998 
208 431 28.009999999999998 
208 486 23.009999999999998 
208 491 20.009999999999998 
208 492 16.009999999999998 
208 498 23.009999999999998 
161 59 19.009999999999998 
161 240 14.01 
161 398 25.009999999999998 
161 442 22.009999999999998 
161 448 18.009999999999998 
161 488 32.01 
161 493 13.01 
161 496 18.009999999999998 
161 499 18.009999999999998 
398 41 28.009999999999998 
398 61 39.01 
398 125 30.009999999999998 
398 192 40.01 
398 433 20.009999999999998 
398 443 21.009999999999998 
398 496 30.009999999999998 
398 499 38.01 
405 225 58.01 
405 311 60.01 
405 325 69.00999999999999 
405 412 50.01 
405 437 47.01 
405 492 41.01 
405 493 64.00999999999999 
405 499 51.01 
232 5 14.01 
232 84 31.009999999999998 
232 301 13.01 
232 314 19.009999999999998 
232 393 30.009999999999998 
232 403 19.009999999999998 
232 495 19.009999999999998 
232 499 18.009999999999998 
347 193 66.00999999999999 
347 218 58.01 
347 319 63.01 
347 348 79.00999999999999 
347 451 61.01 
347 479 54.01 
347 488 66.00999999999999 
347 497 58.01 
166 252 33.01 
166 351 24.009999999999998 
166 460 30.009999999999998 
166 480 22.009999999999998 
166 487 28.009999999999998 
166 491 33.01 
166 496 26.009999999999998 
166 498 32.01 
252 227 91.00999999999999 
252 299 74.00999999999999 
252 365 64.00999999999999 
252 454 84.00999999999999 
252 468 75.00999999999999 
252 479 81.00999999999999 
252 493 78.00999999999999 
252 497 81.00999999999999 
205 261 25.009999999999998 
205 264 12.01 
205 377 16.009999999999998 
205 387 10.01 
205 441 16.009999999999998 
205 495 12.01 
205 498 13.01 
205 499 15.01 
358 308 28.009999999999998 
358 378 51.01 
358 404 43.01 
358 426 45.01 
358 467 48.01 
358 480 53.01 
358 492 58.01 
358 499 37.01 
273 114 28.009999999999998 
273 270 21.009999999999998 
273 324 25.009999999999998 
273 443 32.01 
273 449 25.009999999999998 
273 470 19.009999999999998 
273 492 28.009999999999998 
273 499 24.009999999999998 
184 211 18.009999999999998 
184 235 15.01 
184 267 17.009999999999998 
184 381 22.009999999999998 
184 466 23.009999999999998 
184 487 30.009999999999998 
184 498 12.01 
184 499 16.009999999999998 
195 222 7.01 
195 276 4.01 
195 359 2.01 
195 392 15.01 
195 411 7.01 
195 490 12.01 
195 493 14.01 
195 499 6.01 
380 147 77.00999999999999 
380 260 80.00999999999999 
380 439 68.00999999999999 
380 452 83.00999999999999 
380 491 82.00999999999999 
380 494 72.00999999999999 
380 497 74.00999999999999 
380 499 80.00999999999999 
377 372 91.00999999999999 
377 450 77.00999999999999 
377 451 75.00999999999999 
377 470 85.00999999999999 
377 491 85.00999999999999 
377 496 83.00999999999999 
377 497 68.00999999999999 
377 499 87.00999999999999 
259 39 66.00999999999999 
259 42 68.00999999999999 
259 121 67.00999999999999 
259 363 77.00999999999999 
259 445 71.00999999999999 
259 451 64.00999999999999 
259 474 68.00999999999999 
259 499 76.00999999999999 
336 109 18.009999999999998 
336 127 21.009999999999998 
336 149 18.009999999999998 
336 383 28.009999999999998 
336 446 18.009999999999998 
336 493 24.009999999999998 
336 494 19.009999999999998 
336 496 26.009999999999998 
178 203 28.009999999999998 
178 270 20.009999999999998 
178 340 21.009999999999998 
178 393 20.009999999999998 
178 416 16.009999999999998 
178 491 18.009999999999998 
178 493 14.01 
178 496 31.009999999999998 
179 319 51.01 
179 373 59.01 
179 398 34.01 
179 436 44.01 
179 461 46.01 
179 481 44.01 
179 482 46.01 
179 487 35.01 
260 300 20.009999999999998 
260 342 18.009999999999998 
260 383 30.009999999999998 
260 402 13.01 
260 418 20.009999999999998 
260 426 16.009999999999998 
260 484 19.009999999999998 
260 496 15.01 
183 26 114.00999999999999 
183 89 115.00999999999999 
183 364 103.00999999999999 
183 463 109.00999999999999 
183 464 104.00999999999999 
183 484 121.00999999999999 
183 489 106.00999999999999 
183 493 13.01 
185 75 13.01 
185 175 16.009999999999998 
185 282 14.01 
185 397 8.01 
185 398 16.009999999999998 
185 431 11.01 
185 495 19.009999999999998 
185 497 12.01 
274 121 15.01 
274 184 17.009999999999998 
274 393 6.01 
274 434 13.01 
274 476 12.01 
274 481 13.01 
274 490 12.01 
274 499 16.009999999999998 
192 55 80.00999999999999 
192 290 68.00999999999999 
192 397 85.00999999999999 
192 442 67.00999999999999 
192 449 83.00999999999999 
192 491 74.00999999999999 
192 494 69.00999999999999 
192 499 64.00999999999999 
348 215 40.01 
348 272 30.009999999999998 
348 330 38.01 
348 409 36.01 
348 491 34.01 
348 493 24.009999999999998 
348 498 25.009999999999998 
348 499 39.01 
297 105 42.01 
297 108 41.01 
297 299 39.01 
297 336 52.01 
297 448 51.01 
297 482 48.01 
297 497 52.01 
297 499 39.01 
306 230 34.01 
306 328 32.01 
306 377 47.01 
306 454 43.01 
306 475 51.01 
306 480 54.01 
306 496 52.01 
306 497 41.01 
224 79 17.009999999999998 
224 271 18.009999999999998 
224 406 13.01 
224 445 14.01 
224 482 12.01 
224 486 22.009999999999998 
224 490 10.01 
224 491 26.009999999999998 
207 45 17.009999999999998 
207 137 14.01 
207 296 11.01 
207 356 24.009999999999998 
207 450 27.009999999999998 
207 495 15.01 
207 498 14.01 
207 499 16.009999999999998 
280 71 45.01 
280 178 47.01 
280 260 43.01 
280 444 44.01 
280 458 41.01 
280 465 39.01 
280 495 35.01 
280 499 26.009999999999998 
287 0 13.01 
287 257 15.01 
287 347 15.01 
287 451 16.009999999999998 
287 455 26.009999999999998 
287 491 21.009999999999998 
287 496 11.01 
287 497 22.009999999999998 
244 79 15.01 
244 103 20.009999999999998 
244 417 15.01 
244 451 23.009999999999998 
244 488 25.009999999999998 
244 491 19.009999999999998 
244 497 24.009999999999998 
244 499 17.009999999999998 
246 142 52.01 
246 353 40.01 
246 368 53.01 
246 381 47.01 
246 384 51.01 
246 480 56.01 
246 484 47.01 
246 498 50.01 
284 87 37.01 
284 412 33.01 
284 444 32.01 
284 471 39.01 
284 493 36.01 
284 495 37.01 
284 496 31.009999999999998 
284 497 35.01 
241 216 90.00999999999999 
241 333 83.00999999999999 
241 381 62.01 
241 461 77.00999999999999 
241 479 83.00999999999999 
241 490 70.00999999999999 
241 494 75.00999999999999 
241 499 69.00999999999999 
346 56 34.01 
346 198 37.01 
346 345 46.01 
346 439 33.01 
346 468 44.01 
346 493 44.01 
346 494 38.01 
346 495 27.009999999999998 
286 165 49.01 
286 272 47.01 
286 353 45.01 
286 415 46.01 
286 421 32.01 
286 483 32.01 
286 498 26.009999999999998 
286 499 38.01 
238 105 41.01 
238 207 45.01 
238 247 51.01 
238 248 62.01 
238 315 51.01 
238 321 27.009999999999998 
238 495 29.009999999999998 
238 499 42.01 
299 141 108.00999999999999 
299 194 102.00999999999999 
299 250 118.00999999999999 
299 251 97.00999999999999 
299 382 100.00999999999999 
299 492 114.00999999999999 
299 494 94.00999999999999 
299 498 95.00999999999999 
269 132 20.009999999999998 
269 197 29.009999999999998 
269 271 33.01 
269 394 25.009999999999998 
269 449 28.009999999999998 
269 465 20.009999999999998 
269 494 23.009999999999998 
269 499 27.009999999999998 
