0 16
1 14
2 17
3 14
4 13
5 21
6 21
7 12
8 12
9 20
10 10
11 8
12 18
13 20
14 24
15 10
16 5
17 2
18 13
19 13
20 23
21 17
22 21
23 12
24 22
25 15
26 21
27 1
28 2
29 16
30 21
31 22
32 18
33 17
34 7
35 1
36 17
37 5
38 20
39 9
40 9
41 11
42 13
43 17
44 15
45 3
46 17
47 12
48 2
49 9
50 17
51 2
52 23
53 1
54 10
55 9
56 2
57 9
58 20
59 21
60 21
61 17
62 12
63 22
64 20
65 12
66 18
67 3
68 9
69 21
70 22
71 12
72 2
73 21
74 17
75 11
76 24
77 8
78 15
79 6
80 23
81 9
82 9
83 21
84 23
85 12
86 9
87 20
88 8
89 20
90 9
91 23
92 22
93 1
94 8
95 17
96 13
97 18
98 5
99 8
100 2
101 5
102 19
103 23
104 20
105 24
106 9
107 20
108 11
109 18
110 5
111 21
112 9
113 5
114 19
115 22
116 11
117 12
118 2
119 13
120 14
121 8
122 13
123 21
124 7
125 2
126 10
127 9
128 8
129 5
130 21
131 8
132 22
133 5
134 23
135 1
136 23
137 8
138 18
139 7
140 4
141 23
142 16
143 12
144 7
145 20
146 23
147 16
148 1
149 24
150 19
151 17
152 7
153 9
154 7
155 5
156 14
157 1
158 21
159 8
160 15
161 17
162 17
163 8
164 18
165 22
166 9
167 9
168 18
169 12
170 6
171 9
172 17
173 12
174 6
175 23
176 20
177 13
178 5
179 14
180 4
181 12
182 17
183 21
184 17
185 9
186 11
187 3
188 11
189 8
190 22
191 8
192 5
193 4
194 24
195 4
196 7
197 18
198 2
199 13
200 7
201 7
202 8
203 23
204 5
205 17
206 20
207 18
208 12
209 20
210 9
211 21
212 23
213 12
214 9
215 9
216 7
217 17
218 5
219 20
220 21
221 12
222 21
223 8
224 16
225 1
226 17
227 7
228 11
229 24
230 19
231 19
232 21
233 5
234 16
235 16
236 10
237 24
238 7
239 22
240 22
241 20
242 14
243 12
244 11
245 14
246 17
247 12
248 20
249 12
250 23
251 14
252 12
253 9
254 8
255 8
256 8
257 21
258 15
259 20
260 2
261 21
262 8
263 2
264 9
265 14
266 21
267 2
268 6
269 8
270 1
271 14
272 23
273 23
274 12
275 17
276 20
277 18
278 12
279 13
280 12
281 11
282 13
283 2
284 20
285 3
286 9
287 24
288 23
289 16
290 4
291 5
292 12
293 7
294 3
295 5
296 7
297 12
298 12
299 23
300 22
301 8
302 12
303 21
304 19
305 4
306 9
307 12
308 16
309 14
310 11
311 15
312 1
313 6
314 3
315 21
316 9
317 17
318 17
319 8
320 13
321 17
322 7
323 16
324 14
325 21
326 23
327 5
328 19
329 14
330 7
331 5
332 7
333 17
334 2
335 16
336 9
337 16
338 9
339 23
340 2
341 12
342 7
343 10
344 13
345 21
346 7
347 9
348 17
349 6
350 13
351 13
352 20
353 9
354 12
355 16
356 21
357 12
358 15
359 6
360 17
361 17
362 18
363 12
364 2
365 19
366 21
367 17
368 17
369 9
370 7
371 21
372 20
373 16
374 9
375 9
376 4
377 17
378 12
379 21
380 20
381 6
382 4
383 13
384 3
385 22
386 12
387 20
388 20
389 17
390 2
391 6
392 23
393 17
394 9
395 5
396 9
397 2
398 12
399 21
400 21
401 13
402 13
403 21
404 16
405 1
406 23
407 21
408 9
409 24
410 14
411 15
412 13
413 21
414 16
415 21
416 14
417 5
418 20
419 23
420 13
421 11
422 13
423 23
424 22
425 20
426 16
427 23
428 23
429 8
430 5
431 10
432 15
433 16
434 11
435 11
436 15
437 7
438 2
439 8
440 9
441 6
442 5
443 20
444 16
445 17
446 9
447 17
448 20
449 3
450 2
451 7
452 21
453 20
454 23
455 4
456 9
457 15
458 2
459 20
460 14
461 24
462 19
463 7
464 20
465 12
466 10
467 10
468 12
469 12
470 20
471 16
472 5
473 16
474 20
475 13
476 20
477 16
478 17
479 16
480 2
481 15
482 17
483 15
484 9
485 17
486 15
487 2
488 2
489 23
490 2
491 23
492 13
493 5
494 23
495 22
496 8
497 7
498 21
499 9
500 20
501 8
502 14
503 10
504 10
505 7
506 1
507 7
508 7
509 23
510 21
511 6
512 22
513 19
514 21
515 15
516 12
517 9
518 3
519 17
520 21
521 17
522 5
523 21
524 16
525 17
526 21
527 21
528 8
529 17
530 20
531 9
532 12
533 23
534 23
535 11
536 11
537 17
538 17
539 14
540 12
541 14
542 15
543 21
544 18
545 2
546 13
547 12
548 3
549 5
550 16
551 2
552 6
553 22
554 5
555 6
556 21
557 2
558 15
559 14
560 21
561 14
562 11
563 8
564 12
565 19
566 21
567 9
568 7
569 17
570 13
571 17
572 20
573 19
574 11
575 11
576 9
577 5
578 21
579 20
580 9
581 14
582 3
583 20
584 17
585 8
586 9
587 13
588 17
589 20
590 13
591 12
592 13
593 4
594 20
595 17
596 12
597 4
598 20
599 15
600 11
601 17
602 24
603 13
604 1
605 21
606 17
607 11
608 7
609 21
610 5
611 7
612 8
613 21
614 16
615 21
616 6
617 20
618 6
619 1
620 20
621 14
622 14
623 7
624 9
625 11
626 18
627 16
628 11
629 11
630 23
631 21
632 9
633 21
634 7
635 7
636 9
637 12
638 4
639 22
640 17
641 9
642 20
643 2
644 22
645 21
646 12
647 21
648 7
649 22
650 10
651 21
652 2
653 11
654 21
655 15
656 5
657 7
658 11
659 22
660 1
661 17
662 9
663 12
664 13
665 9
666 5
667 20
668 12
669 20
670 11
671 17
672 5
673 10
674 17
675 14
676 15
677 12
678 13
679 7
680 7
681 12
682 21
683 9
684 2
685 1
686 16
687 17
688 17
689 6
690 20
691 23
692 7
693 9
694 21
695 21
696 12
697 2
698 12
699 21
700 9
701 17
702 8
703 7
704 20
705 17
706 16
707 11
708 9
709 6
710 20
711 15
712 2
713 20
714 2
715 10
716 16
717 7
718 20
719 21
720 21
721 2
722 21
723 22
724 20
725 12
726 11
727 21
728 20
729 20
730 16
731 23
732 21
733 17
734 23
735 12
736 20
737 21
738 7
739 23
740 13
741 17
742 22
743 8
744 17
745 23
746 14
747 8
748 9
749 21
750 5
751 7
752 12
753 2
754 11
755 9
756 9
757 16
758 17
759 6
760 16
761 21
762 12
763 9
764 12
765 21
766 6
767 16
768 20
769 17
770 16
771 22
772 5
773 6
774 12
775 23
776 8
777 23
778 11
779 21
780 8
781 20
782 9
783 13
784 21
785 17
786 7
787 2
788 20
789 21
790 21
791 7
792 6
793 23
794 2
795 21
796 8
797 23
798 23
799 12
800 5
801 16
802 9
803 12
804 7
805 20
806 21
807 2
808 13
809 21
810 7
811 17
812 2
813 22
814 5
815 11
816 12
817 20
818 5
819 17
820 11
821 17
822 9
823 13
824 8
825 5
826 21
827 16
828 2
829 23
830 23
831 21
832 8
833 9
834 13
835 6
836 22
837 15
838 9
839 9
840 5
841 23
842 5
843 20
844 21
845 9
846 17
847 12
848 21
849 17
850 9
851 16
852 16
853 17
854 15
855 16
856 11
857 12
858 15
859 14
860 5
861 16
862 21
863 11
864 21
865 9
866 22
867 12
868 23
869 17
870 13
871 20
872 2
873 5
874 9
875 21
876 21
877 9
878 17
879 5
880 5
881 16
882 8
883 9
884 12
885 13
886 13
887 11
888 2
889 12
890 12
891 12
892 22
893 16
894 17
895 21
896 21
897 9
898 11
899 21
900 22
901 5
902 20
903 7
904 13
905 17
906 13
907 9
908 7
909 22
910 9
911 9
912 13
913 2
914 2
915 16
916 11
917 9
918 9
919 12
920 2
921 12
922 5
923 17
924 17
925 2
926 17
927 7
928 2
929 21
930 5
931 23
932 17
933 11
934 21
935 9
936 2
937 16
938 7
939 2
940 23
941 5
942 9
943 17
944 20
945 21
946 13
947 12
948 12
949 2
950 21
951 20
952 21
953 5
954 2
955 16
956 11
957 21
958 17
959 16
960 2
961 23
962 12
963 16
964 16
965 2
966 16
967 21
968 16
969 20
970 21
971 16
972 23
973 7
974 2
975 20
976 9
977 20
978 20
979 21
980 12
981 2
982 17
983 12
984 20
985 12
986 17
987 21
988 12
989 21
990 9
991 20
992 17
993 9
994 21
995 21
996 21
997 21
998 21
999 21
