0 4
1 6
2 35
3 34
4 36
5 11
6 33
7 15
8 4
9 4
10 30
11 14
12 22
13 17
14 1
15 29
16 35
17 34
18 1
19 20
20 1
21 15
22 31
23 17
24 1
25 33
26 29
27 21
28 13
29 17
30 12
31 31
32 34
33 31
34 21
35 23
36 14
37 3
38 33
39 2
40 1
41 3
42 1
43 6
44 20
45 10
46 1
47 33
48 35
49 17
50 28
51 31
52 12
53 23
54 16
55 9
56 33
57 6
58 19
59 2
60 21
61 12
62 8
63 1
64 11
65 5
66 10
67 33
68 10
69 3
70 30
71 6
72 24
73 9
74 35
75 26
76 34
77 34
78 4
79 12
80 30
81 1
82 1
83 36
84 8
85 27
86 34
87 35
88 17
89 12
90 35
91 28
92 20
93 35
94 19
95 25
96 8
97 24
98 14
99 18
100 11
101 1
102 35
103 26
104 33
105 9
106 35
107 31
108 9
109 2
110 35
111 2
112 5
113 36
114 6
115 30
116 1
117 1
118 20
119 34
120 1
121 27
122 33
123 5
124 14
125 33
126 8
127 14
128 36
129 14
130 33
131 12
132 22
133 16
134 25
135 2
136 14
137 31
138 35
139 17
140 33
141 1
142 19
143 6
144 34
145 22
146 4
147 12
148 5
149 23
150 33
151 19
152 2
153 24
154 1
155 1
156 33
157 33
158 28
159 6
160 28
161 23
162 35
163 14
164 20
165 4
166 15
167 23
168 19
169 9
170 34
171 34
172 34
173 12
174 26
175 4
176 4
177 1
178 1
179 1
180 4
181 23
182 11
183 19
184 1
185 4
186 1
187 11
188 34
189 22
190 1
191 4
192 28
193 31
194 17
195 7
196 19
197 9
198 34
199 17
200 8
201 27
202 35
203 1
204 12
205 12
206 3
207 31
208 6
209 26
210 35
211 35
212 31
213 12
214 34
215 3
216 7
217 28
218 31
219 18
220 1
221 35
222 33
223 5
224 25
225 16
226 17
227 17
228 28
229 8
230 31
231 8
232 11
233 1
234 31
235 29
236 34
237 11
238 33
239 11
240 31
241 19
242 14
243 1
244 32
245 10
246 1
247 33
248 14
249 8
250 12
251 11
252 34
253 9
254 32
255 17
256 5
257 4
258 7
259 14
260 27
261 4
262 33
263 1
264 2
265 7
266 33
267 3
268 3
269 4
270 1
271 31
272 21
273 36
274 31
275 27
276 30
277 34
278 16
279 35
280 9
281 17
282 14
283 30
284 2
285 35
286 14
287 11
288 33
289 9
290 27
291 31
292 7
293 18
294 34
295 22
296 7
297 9
298 11
299 17
300 24
301 11
302 22
303 34
304 5
305 1
306 25
307 34
308 4
309 30
310 14
311 1
312 12
313 27
314 3
315 31
316 6
317 5
318 4
319 13
320 30
321 34
322 17
323 35
324 31
325 1
326 33
327 30
328 34
329 9
330 11
331 9
332 16
333 19
334 1
335 15
336 8
337 4
338 17
339 22
340 8
341 8
342 4
343 7
344 11
345 1
346 1
347 14
348 5
349 31
350 34
351 12
352 35
353 10
354 20
355 29
356 1
357 1
358 9
359 35
360 6
361 9
362 8
363 4
364 35
365 21
366 1
367 10
368 8
369 24
370 25
371 34
372 1
373 11
374 6
375 17
376 13
377 26
378 8
379 1
380 8
381 18
382 6
383 35
384 4
385 6
386 25
387 23
388 33
389 33
390 12
391 4
392 34
393 6
394 5
395 7
396 34
397 33
398 20
399 1
400 36
401 1
402 33
403 5
404 12
405 12
406 4
407 17
408 12
409 11
410 13
411 6
412 9
413 23
414 32
415 9
416 17
417 5
418 27
419 11
420 33
421 12
422 9
423 19
424 17
425 35
426 34
427 1
428 31
429 17
430 26
431 4
432 35
433 33
434 6
435 26
436 4
437 22
438 4
439 35
440 32
441 11
442 8
443 35
444 34
445 3
446 14
447 33
448 14
449 14
450 5
451 36
452 31
453 19
454 33
455 34
456 12
457 12
458 22
459 32
460 1
461 16
462 33
463 13
464 33
465 7
466 31
467 1
468 16
469 33
470 2
471 12
472 35
473 12
474 36
475 34
476 17
477 14
478 22
479 1
480 31
481 32
482 34
483 18
484 34
485 34
486 2
487 16
488 17
489 34
490 33
491 35
492 4
493 34
494 8
495 22
496 33
497 5
498 11
499 35
500 11
501 31
502 29
503 9
504 14
505 7
506 36
507 6
508 17
509 1
510 28
511 31
512 20
513 36
514 33
515 6
516 1
517 18
518 35
519 3
520 3
521 6
522 27
523 11
524 23
525 21
526 34
527 16
528 33
529 12
530 9
531 31
532 17
533 34
534 9
535 7
536 35
537 34
538 4
539 32
540 35
541 14
542 13
543 35
544 12
545 31
546 5
547 3
548 12
549 31
550 26
551 35
552 23
553 34
554 12
555 1
556 2
557 33
558 19
559 21
560 11
561 23
562 9
563 34
564 28
565 9
566 25
567 34
568 34
569 17
570 16
571 29
572 5
573 35
574 6
575 6
576 4
577 32
578 20
579 1
580 23
581 14
582 35
583 20
584 33
585 4
586 5
587 6
588 17
589 8
590 33
591 12
592 1
593 14
594 31
595 8
596 1
597 29
598 31
599 4
600 5
601 12
602 4
603 10
604 7
605 3
606 33
607 33
608 20
609 23
610 7
611 1
612 9
613 9
614 20
615 3
616 21
617 27
618 8
619 6
620 14
621 16
622 31
623 25
624 2
625 35
626 5
627 35
628 34
629 17
630 17
631 31
632 21
633 16
634 1
635 35
636 16
637 25
638 32
639 12
640 6
641 7
642 5
643 30
644 6
645 1
646 33
647 13
648 14
649 1
650 3
651 18
652 1
653 18
654 33
655 5
656 34
657 1
658 4
659 8
660 34
661 6
662 34
663 4
664 35
665 1
666 16
667 4
668 9
669 33
670 4
671 21
672 4
673 4
674 3
675 29
676 35
677 34
678 33
679 35
680 2
681 11
682 4
683 4
684 26
685 6
686 24
687 1
688 4
689 34
690 16
691 35
692 14
693 17
694 1
695 1
696 23
697 1
698 6
699 5
700 24
701 17
702 24
703 14
704 20
705 9
706 33
707 14
708 32
709 11
710 1
711 6
712 33
713 33
714 6
715 34
716 28
717 8
718 33
719 10
720 17
721 33
722 16
723 24
724 11
725 28
726 31
727 4
728 1
729 1
730 32
731 1
732 33
733 4
734 15
735 34
736 11
737 1
738 12
739 7
740 15
741 12
742 33
743 5
744 17
745 21
746 26
747 1
748 31
749 17
750 14
751 24
752 29
753 1
754 17
755 20
756 6
757 10
758 31
759 6
760 33
761 34
762 34
763 1
764 34
765 25
766 9
767 31
768 33
769 35
770 13
771 9
772 21
773 6
774 12
775 9
776 4
777 12
778 10
779 4
780 9
781 12
782 1
783 3
784 31
785 33
786 22
787 19
788 34
789 33
790 4
791 12
792 17
793 17
794 12
795 1
796 33
797 12
798 9
799 21
800 9
801 34
802 9
803 4
804 24
805 1
806 32
807 15
808 14
809 36
810 11
811 13
812 9
813 4
814 9
815 1
816 12
817 5
818 17
819 17
820 24
821 4
822 21
823 31
824 8
825 31
826 11
827 4
828 4
829 7
830 17
831 36
832 16
833 33
834 14
835 4
836 7
837 7
838 35
839 21
840 4
841 29
842 35
843 15
844 4
845 18
846 24
847 12
848 9
849 7
850 8
851 33
852 22
853 8
854 33
855 13
856 6
857 35
858 33
859 21
860 32
861 35
862 4
863 6
864 33
865 13
866 31
867 31
868 8
869 10
870 7
871 36
872 33
873 15
874 14
875 33
876 1
877 12
878 8
879 24
880 4
881 12
882 21
883 21
884 33
885 17
886 1
887 31
888 5
889 9
890 11
891 1
892 9
893 6
894 1
895 15
896 35
897 33
898 7
899 4
900 7
901 33
902 36
903 21
904 5
905 33
906 9
907 9
908 17
909 18
910 29
911 36
912 33
913 5
914 2
915 14
916 9
917 23
918 1
919 12
920 28
921 34
922 36
923 23
924 17
925 17
926 1
927 20
928 5
929 4
930 33
931 16
932 1
933 12
934 11
935 31
936 27
937 21
938 31
939 33
940 14
941 12
942 33
943 34
944 14
945 4
946 34
947 4
948 4
949 3
950 14
951 1
952 33
953 12
954 34
955 28
956 4
957 34
958 8
959 35
960 1
961 21
962 12
963 34
964 5
965 5
966 3
967 1
968 23
969 23
970 25
971 2
972 3
973 29
974 1
975 17
976 4
977 29
978 33
979 11
980 8
981 17
982 34
983 25
984 7
985 34
986 14
987 25
988 14
989 4
990 17
991 1
992 7
993 33
994 1
995 4
996 1
997 4
998 34
999 1
