0 12
1 7
2 36
3 7
4 24
5 31
6 17
7 12
8 35
9 31
10 8
11 4
12 12
13 31
14 3
15 12
16 18
17 27
18 22
19 2
20 28
21 35
22 35
23 1
24 31
25 2
26 19
27 3
28 6
29 14
30 14
31 29
32 12
33 27
34 12
35 20
36 36
37 32
38 22
39 31
40 10
41 31
42 20
43 11
44 14
45 18
46 22
47 11
48 20
49 20
50 18
51 12
52 12
53 20
54 20
55 31
56 12
57 26
58 10
59 2
60 2
61 20
62 1
63 6
64 16
65 20
66 30
67 11
68 10
69 9
70 20
71 22
72 31
73 26
74 2
75 10
76 20
77 22
78 17
79 11
80 25
81 4
82 35
83 23
84 10
85 29
86 24
87 31
88 17
89 30
90 5
91 35
92 22
93 31
94 20
95 19
96 29
97 10
98 20
99 20
100 11
101 20
102 9
103 24
104 33
105 34
106 2
107 15
108 14
109 10
110 19
111 8
112 23
113 8
114 12
115 31
116 11
117 20
118 24
119 24
120 9
121 3
122 28
123 11
124 21
125 34
126 9
127 13
128 9
129 20
130 10
131 25
132 21
133 25
134 32
135 16
136 7
137 12
138 22
139 31
140 10
141 9
142 7
143 35
144 27
145 11
146 32
147 33
148 15
149 13
150 12
151 5
152 32
153 33
154 20
155 25
156 24
157 12
158 20
159 32
160 2
161 20
162 29
163 29
164 11
165 25
166 31
167 5
168 17
169 20
170 20
171 10
172 10
173 2
174 9
175 18
176 29
177 25
178 31
179 12
180 17
181 2
182 31
183 24
184 6
185 9
186 9
187 14
188 2
189 1
190 10
191 29
192 20
193 3
194 31
195 28
196 17
197 31
198 20
199 2
200 24
201 14
202 19
203 12
204 10
205 24
206 2
207 11
208 1
209 32
210 2
211 10
212 23
213 33
214 23
215 5
216 1
217 6
218 24
219 14
220 20
221 2
222 35
223 35
224 18
225 30
226 24
227 29
228 31
229 35
230 29
231 3
232 10
233 27
234 9
235 33
236 31
237 13
238 36
239 29
240 33
241 14
242 25
243 3
244 19
245 8
246 31
247 35
248 20
249 29
250 12
251 5
252 1
253 2
254 11
255 11
256 14
257 31
258 6
259 34
260 9
261 35
262 7
263 14
264 25
265 2
266 9
267 20
268 31
269 24
270 24
271 34
272 14
273 16
274 28
275 35
276 12
277 35
278 21
279 4
280 30
281 10
282 31
283 11
284 29
285 9
286 24
287 35
288 20
289 20
290 10
291 22
292 17
293 20
294 2
295 31
296 10
297 36
298 13
299 12
300 28
301 10
302 15
303 21
304 31
305 20
306 10
307 8
308 7
309 12
310 11
311 24
312 12
313 7
314 2
315 20
316 2
317 31
318 19
319 14
320 8
321 19
322 20
323 5
324 27
325 25
326 10
327 10
328 11
329 29
330 31
331 20
332 22
333 9
334 27
335 10
336 17
337 9
338 28
339 2
340 12
341 11
342 36
343 22
344 12
345 31
346 22
347 20
348 10
349 29
350 5
351 35
352 14
353 11
354 35
355 22
356 36
357 27
358 30
359 31
360 10
361 35
362 20
363 4
364 11
365 35
366 34
367 20
368 35
369 5
370 21
371 31
372 14
373 22
374 22
375 16
376 20
377 1
378 34
379 7
380 2
381 2
382 2
383 16
384 33
385 20
386 34
387 10
388 11
389 5
390 14
391 19
392 20
393 16
394 24
395 30
396 24
397 31
398 20
399 20
400 28
401 26
402 31
403 17
404 2
405 22
406 10
407 14
408 20
409 35
410 20
411 22
412 22
413 11
414 8
415 24
416 10
417 29
418 18
419 11
420 23
421 36
422 14
423 36
424 36
425 31
426 20
427 17
428 2
429 7
430 34
431 4
432 31
433 10
434 7
435 10
436 24
437 19
438 34
439 34
440 33
441 10
442 2
443 9
444 12
445 35
446 4
447 11
448 35
449 20
450 29
451 11
452 20
453 4
454 10
455 10
456 6
457 30
458 10
459 10
460 15
461 11
462 25
463 31
464 33
465 35
466 23
467 2
468 12
469 28
470 22
471 5
472 10
473 35
474 2
475 2
476 25
477 35
478 9
479 31
480 11
481 18
482 34
483 11
484 26
485 17
486 8
487 10
488 18
489 20
490 10
491 2
492 25
493 10
494 10
495 20
496 12
497 19
498 33
499 4
500 10
501 14
502 36
503 24
504 12
505 13
506 6
507 31
508 22
509 29
510 31
511 31
512 11
513 8
514 10
515 33
516 5
517 17
518 22
519 2
520 12
521 2
522 19
523 8
524 10
525 12
526 20
527 23
528 31
529 31
530 20
531 20
532 16
533 12
534 11
535 29
536 10
537 1
538 20
539 20
540 19
541 31
542 36
543 10
544 25
545 2
546 23
547 20
548 26
549 25
550 9
551 31
552 2
553 8
554 17
555 9
556 27
557 7
558 35
559 10
560 15
561 27
562 14
563 31
564 8
565 15
566 22
567 2
568 20
569 24
570 12
571 7
572 31
573 10
574 2
575 3
576 26
577 11
578 28
579 29
580 31
581 31
582 14
583 7
584 11
585 28
586 31
587 31
588 9
589 30
590 10
591 33
592 20
593 10
594 12
595 7
596 31
597 7
598 9
599 7
600 16
601 20
602 10
603 2
604 25
605 24
606 2
607 15
608 24
609 2
610 21
611 10
612 25
613 10
614 18
615 17
616 26
617 12
618 25
619 14
620 2
621 11
622 30
623 31
624 35
625 19
626 31
627 28
628 18
629 31
630 27
631 20
632 17
633 8
634 9
635 14
636 10
637 31
638 10
639 2
640 20
641 11
642 3
643 11
644 12
645 7
646 4
647 17
648 10
649 9
650 33
651 12
652 3
653 10
654 20
655 21
656 13
657 7
658 8
659 32
660 14
661 10
662 10
663 14
664 30
665 36
666 2
667 3
668 19
669 35
670 29
671 22
672 10
673 10
674 2
675 8
676 35
677 31
678 31
679 8
680 22
681 7
682 6
683 20
684 31
685 2
686 28
687 4
688 1
689 19
690 12
691 24
692 10
693 1
694 9
695 31
696 26
697 11
698 31
699 31
700 31
701 28
702 20
703 25
704 31
705 10
706 35
707 10
708 21
709 27
710 26
711 25
712 31
713 2
714 20
715 11
716 14
717 30
718 12
719 13
720 12
721 36
722 31
723 12
724 2
725 15
726 25
727 12
728 8
729 35
730 26
731 8
732 11
733 15
734 20
735 13
736 11
737 2
738 10
739 24
740 25
741 20
742 17
743 10
744 20
745 14
746 20
747 23
748 20
749 14
750 29
751 2
752 10
753 12
754 1
755 2
756 2
757 10
758 25
759 9
760 35
761 27
762 2
763 36
764 31
765 18
766 21
767 35
768 10
769 11
770 30
771 31
772 10
773 13
774 14
775 20
776 20
777 11
778 5
779 11
780 20
781 12
782 6
783 2
784 18
785 15
786 11
787 11
788 16
789 1
790 27
791 10
792 19
793 29
794 20
795 2
796 8
797 10
798 29
799 19
800 10
801 23
802 8
803 10
804 14
805 30
806 23
807 32
808 2
809 14
810 3
811 12
812 9
813 20
814 12
815 20
816 16
817 2
818 24
819 4
820 17
821 21
822 8
823 20
824 1
825 14
826 10
827 10
828 2
829 33
830 7
831 5
832 31
833 9
834 23
835 4
836 20
837 12
838 17
839 25
840 7
841 17
842 31
843 20
844 29
845 1
846 35
847 10
848 31
849 17
850 35
851 11
852 25
853 4
854 12
855 12
856 34
857 2
858 33
859 31
860 12
861 30
862 10
863 9
864 31
865 20
866 11
867 17
868 32
869 23
870 20
871 17
872 20
873 22
874 29
875 10
876 10
877 12
878 13
879 1
880 20
881 1
882 14
883 10
884 10
885 6
886 20
887 16
888 10
889 29
890 31
891 2
892 17
893 19
894 11
895 12
896 36
897 1
898 16
899 2
900 7
901 29
902 4
903 28
904 1
905 33
906 2
907 29
908 31
909 2
910 10
911 2
912 20
913 3
914 19
915 25
916 22
917 29
918 20
919 20
920 9
921 30
922 2
923 20
924 20
925 4
926 9
927 6
928 17
929 2
930 31
931 35
932 16
933 5
934 28
935 3
936 14
937 7
938 10
939 20
940 11
941 10
942 17
943 10
944 12
945 31
946 12
947 20
948 4
949 20
950 30
951 19
952 32
953 22
954 14
955 28
956 33
957 22
958 7
959 2
960 2
961 18
962 7
963 23
964 10
965 19
966 29
967 8
968 20
969 31
970 18
971 20
972 9
973 23
974 31
975 31
976 27
977 8
978 35
979 12
980 27
981 4
982 4
983 17
984 9
985 10
986 35
987 20
988 11
989 8
990 20
991 2
992 20
993 12
994 35
995 20
996 31
997 2
998 10
999 2
