0 4
1 7
2 3
3 1
4 6
5 6
6 4
7 5
8 1
9 5
10 6
11 8
12 9
13 5
14 8
15 4
16 4
17 6
18 3
19 7
20 4
21 4
22 1
23 2
24 7
25 2
26 4
27 9
28 2
29 4
30 3
31 3
32 4
33 3
34 7
35 3
36 7
37 3
38 6
39 6
40 4
41 6
42 1
43 3
44 4
45 6
46 9
47 3
48 6
49 6
50 9
51 1
52 9
53 4
54 4
55 1
56 3
57 5
58 9
59 6
60 7
61 4
62 4
63 9
64 2
65 3
66 5
67 4
68 5
69 5
70 9
71 4
72 9
73 4
74 6
75 7
76 4
77 6
78 8
79 1
80 4
81 5
82 4
83 3
84 6
85 6
86 5
87 2
88 7
89 3
90 6
91 7
92 2
93 5
94 2
95 5
96 8
97 7
98 2
99 8
100 6
101 6
102 3
103 7
104 7
105 6
106 6
107 6
108 7
109 4
110 6
111 2
112 1
113 1
114 8
115 5
116 4
117 5
118 2
119 6
120 7
121 4
122 6
123 1
124 5
125 4
126 8
127 3
128 2
129 4
130 2
131 4
132 6
133 1
134 8
135 6
136 2
137 9
138 2
139 3
140 1
141 3
142 8
143 2
144 7
145 8
146 3
147 9
148 7
149 3
150 9
151 3
152 1
153 2
154 6
155 8
156 5
157 2
158 1
159 2
160 9
161 3
162 4
163 7
164 9
165 2
166 6
167 8
168 2
169 9
170 7
171 6
172 8
173 4
174 2
175 2
176 7
177 5
178 3
179 9
180 8
181 4
182 2
183 5
184 6
185 3
186 6
187 7
188 1
189 9
190 4
191 4
192 6
193 6
194 4
195 1
196 5
197 4
198 6
199 5
200 5
201 6
202 5
203 3
204 5
205 8
206 6
207 5
208 7
209 8
210 3
211 6
212 7
213 4
214 1
215 6
216 5
217 9
218 5
219 2
220 2
221 4
222 7
223 6
224 8
225 7
226 9
227 6
228 9
229 6
230 2
231 7
232 5
233 7
234 9
235 1
236 6
237 1
238 9
239 2
240 9
241 9
242 8
243 3
244 6
245 4
246 2
247 3
248 4
249 3
250 6
251 7
252 9
253 3
254 9
255 3
256 7
257 2
258 5
259 9
260 6
261 9
262 9
263 3
264 8
265 3
266 9
267 9
268 7
269 1
270 6
271 8
272 5
273 8
274 4
275 3
276 2
277 9
278 7
279 6
280 4
281 3
282 5
283 6
284 3
285 6
286 8
287 3
288 4
289 9
290 8
291 8
292 2
293 6
294 5
295 5
296 8
297 2
298 3
299 4
300 4
301 4
302 9
303 8
304 3
305 8
306 6
307 6
308 3
309 9
310 5
311 3
312 5
313 3
314 4
315 2
316 4
317 5
318 3
319 1
320 9
321 3
322 9
323 5
324 8
325 5
326 9
327 9
328 1
329 6
330 8
331 6
332 5
333 1
334 8
335 6
336 2
337 9
338 8
339 7
340 9
341 4
342 2
343 5
344 7
345 3
346 1
347 4
348 9
349 3
350 8
351 3
352 7
353 7
354 9
355 4
356 8
357 4
358 9
359 4
360 7
361 3
362 8
363 3
364 7
365 5
366 4
367 3
368 4
369 1
370 4
371 9
372 3
373 1
374 5
375 8
376 6
377 3
378 3
379 6
380 7
381 4
382 2
383 1
384 8
385 6
386 8
387 1
388 5
389 6
390 8
391 6
392 1
393 4
394 3
395 6
396 9
397 5
398 5
399 9
400 2
401 4
402 4
403 6
404 9
405 4
406 1
407 3
408 7
409 8
410 1
411 3
412 2
413 6
414 5
415 3
416 7
417 6
418 8
419 6
420 3
421 3
422 3
423 9
424 1
425 1
426 3
427 7
428 1
429 4
430 2
431 1
432 5
433 2
434 6
435 6
436 8
437 4
438 5
439 9
440 2
441 8
442 4
443 3
444 7
445 1
446 3
447 8
448 2
449 1
450 3
451 9
452 9
453 4
454 5
455 6
456 9
457 4
458 9
459 7
460 8
461 7
462 6
463 3
464 8
465 4
466 7
467 7
468 4
469 3
470 3
471 5
472 6
473 7
474 4
475 4
476 6
477 7
478 9
479 4
480 6
481 4
482 2
483 5
484 3
485 6
486 8
487 9
488 5
489 1
490 8
491 6
492 5
493 3
494 8
495 9
496 5
497 3
498 1
499 1
500 3
501 4
502 8
503 6
504 2
505 6
506 5
507 8
508 6
509 4
510 2
511 6
512 6
513 4
514 7
515 4
516 6
517 6
518 1
519 9
520 1
521 6
522 5
523 9
524 5
525 7
526 6
527 7
528 5
529 6
530 9
531 2
532 9
533 6
534 5
535 9
536 3
537 5
538 4
539 8
540 9
541 6
542 1
543 7
544 6
545 2
546 7
547 6
548 5
549 6
550 2
551 1
552 1
553 8
554 7
555 6
556 3
557 3
558 2
559 6
560 1
561 4
562 2
563 5
564 2
565 9
566 4
567 4
568 7
569 7
570 5
571 3
572 3
573 4
574 3
575 3
576 1
577 4
578 5
579 4
580 3
581 3
582 2
583 3
584 3
585 6
586 7
587 9
588 5
589 3
590 5
591 2
592 9
593 3
594 4
595 5
596 8
597 2
598 4
599 3
600 9
601 9
602 3
603 4
604 1
605 7
606 1
607 3
608 8
609 3
610 4
611 1
612 2
613 4
614 5
615 2
616 4
617 6
618 4
619 9
620 3
621 8
622 3
623 4
624 7
625 3
626 1
627 3
628 2
629 2
630 8
631 3
632 2
633 4
634 1
635 3
636 3
637 4
638 1
639 3
640 6
641 7
642 3
643 6
644 4
645 1
646 5
647 4
648 5
649 2
650 3
651 7
652 7
653 6
654 9
655 1
656 1
657 2
658 1
659 7
660 4
661 7
662 2
663 5
664 9
665 6
666 1
667 2
668 1
669 6
670 8
671 9
672 8
673 8
674 2
675 6
676 4
677 8
678 8
679 2
680 2
681 9
682 5
683 6
684 6
685 4
686 2
687 4
688 9
689 2
690 3
691 5
692 6
693 6
694 4
695 3
696 9
697 7
698 5
699 6
700 7
701 8
702 8
703 4
704 3
705 3
706 4
707 4
708 3
709 5
710 8
711 3
712 3
713 9
714 9
715 3
716 5
717 5
718 6
719 3
720 9
721 7
722 2
723 6
724 5
725 2
726 6
727 7
728 1
729 4
730 2
731 7
732 7
733 9
734 6
735 4
736 1
737 3
738 5
739 7
740 8
741 4
742 5
743 2
744 9
745 7
746 3
747 7
748 2
749 6
750 9
751 6
752 6
753 7
754 3
755 9
756 6
757 2
758 5
759 5
760 4
761 2
762 8
763 3
764 6
765 4
766 9
767 3
768 2
769 2
770 8
771 3
772 8
773 2
774 3
775 5
776 6
777 1
778 2
779 1
780 1
781 3
782 1
783 6
784 3
785 2
786 4
787 5
788 7
789 8
790 4
791 5
792 8
793 2
794 3
795 1
796 2
797 4
798 6
799 7
800 8
801 7
802 2
803 6
804 4
805 3
806 5
807 3
808 6
809 2
810 2
811 4
812 7
813 4
814 9
815 5
816 8
817 8
818 6
819 8
820 6
821 5
822 2
823 6
824 6
825 6
826 9
827 1
828 6
829 4
830 6
831 4
832 6
833 1
834 9
835 4
836 9
837 2
838 1
839 4
840 8
841 2
842 6
843 9
844 2
845 6
846 6
847 2
848 3
849 3
850 4
851 2
852 4
853 3
854 9
855 7
856 2
857 8
858 1
859 4
860 5
861 5
862 4
863 9
864 5
865 5
866 1
867 6
868 6
869 4
870 2
871 2
872 7
873 1
874 4
875 6
876 2
877 8
878 5
879 7
880 3
881 9
882 3
883 1
884 4
885 6
886 1
887 6
888 6
889 9
890 3
891 7
892 5
893 3
894 1
895 4
896 6
897 5
898 6
899 4
900 2
901 3
902 4
903 3
904 2
905 5
906 6
907 2
908 7
909 5
910 6
911 3
912 9
913 7
914 6
915 7
916 9
917 3
918 4
919 5
920 1
921 5
922 6
923 6
924 4
925 9
926 7
927 7
928 6
929 4
930 4
931 6
932 6
933 6
934 1
935 6
936 2
937 6
938 2
939 3
940 8
941 9
942 5
943 5
944 6
945 3
946 6
947 9
948 4
949 6
950 4
951 6
952 1
953 2
954 9
955 3
956 8
957 6
958 3
959 2
960 5
961 8
962 7
963 2
964 1
965 3
966 8
967 4
968 7
969 5
970 4
971 4
972 8
973 6
974 5
975 4
976 7
977 6
978 5
979 2
980 2
981 3
982 6
983 3
984 7
985 4
986 2
987 6
988 2
989 9
990 6
991 2
992 4
993 3
994 4
995 8
996 7
997 3
998 3
999 6
