0 154 0.01 
0 274 1.01 
0 334 2.01 
0 436 4.01 
0 464 5.01 
0 482 4.01 
0 499 5.01 
154 37 0.01 
154 237 0.01 
154 417 1.01 
154 434 2.01 
154 441 2.01 
154 449 1.01 
274 226 2.01 
274 437 4.01 
274 447 3.01 
274 450 6.01 
274 461 4.01 
274 471 3.01 
334 25 1.01 
334 202 5.01 
334 243 0.01 
334 349 4.01 
334 426 6.01 
334 482 23.009999999999998 
436 233 4.01 
436 258 0.01 
436 264 2.01 
436 407 7.01 
436 475 14.01 
436 484 20.009999999999998 
464 214 11.01 
464 280 9.01 
464 291 10.01 
464 446 30.009999999999998 
464 454 9.01 
464 478 33.01 
482 30 3.01 
482 400 10.01 
482 464 27.009999999999998 
482 473 13.01 
482 476 66.00999999999999 
482 486 140.01 
499 286 32.01 
499 291 90.00999999999999 
499 401 89.00999999999999 
499 487 126.00999999999999 
499 489 106.00999999999999 
499 498 212.01 
1 168 0.01 
1 294 2.01 
1 304 2.01 
1 403 2.01 
1 413 4.01 
1 494 14.01 
1 498 15.01 
168 13 0.01 
168 242 1.01 
168 361 0.01 
168 392 1.01 
168 411 0.01 
168 492 3.01 
294 97 11.01 
294 186 1.01 
294 260 2.01 
294 354 2.01 
294 374 7.01 
294 479 41.01 
304 234 0.01 
304 408 6.01 
304 412 4.01 
304 494 13.01 
304 497 27.009999999999998 
304 498 31.009999999999998 
403 129 5.01 
403 148 0.01 
403 238 6.01 
403 335 5.01 
403 408 10.01 
403 427 7.01 
413 143 0.01 
413 146 4.01 
413 191 2.01 
413 217 0.01 
413 439 8.01 
413 485 31.009999999999998 
494 214 15.01 
494 320 60.01 
494 335 60.01 
494 406 57.01 
494 408 30.009999999999998 
494 491 153.01 
498 414 29.009999999999998 
498 424 72.00999999999999 
498 430 91.00999999999999 
498 479 86.00999999999999 
498 485 133.01 
498 495 349.01 
2 26 0.01 
2 220 0.01 
2 273 0.01 
2 276 0.01 
2 354 0.01 
2 375 2.01 
2 432 0.01 
26 36 0.01 
26 182 1.01 
26 288 0.01 
26 387 2.01 
26 393 0.01 
26 397 0.01 
26 479 6.01 
220 112 4.01 
220 451 0.01 
220 465 3.01 
220 468 8.01 
220 477 8.01 
220 497 13.01 
273 326 3.01 
273 368 1.01 
273 411 3.01 
273 451 3.01 
273 469 6.01 
273 494 8.01 
276 33 0.01 
276 135 0.01 
276 296 3.01 
276 379 0.01 
276 484 7.01 
276 487 5.01 
354 209 3.01 
354 238 1.01 
354 416 3.01 
354 438 4.01 
354 459 2.01 
354 495 25.009999999999998 
375 161 1.01 
375 206 2.01 
375 346 8.01 
375 421 10.01 
375 474 22.009999999999998 
375 495 71.00999999999999 
432 188 3.01 
432 321 4.01 
432 459 8.01 
432 468 24.009999999999998 
432 472 99.00999999999999 
432 497 51.01 
3 88 0.01 
3 353 1.01 
3 380 1.01 
3 391 1.01 
3 461 2.01 
3 473 0.01 
3 478 1.01 
88 28 0.01 
88 71 0.01 
88 373 0.01 
88 450 1.01 
88 475 0.01 
88 484 1.01 
88 498 5.01 
353 55 2.01 
353 133 0.01 
353 199 2.01 
353 346 7.01 
353 467 13.01 
353 485 30.009999999999998 
380 200 0.01 
380 410 6.01 
380 413 10.01 
380 430 21.009999999999998 
380 485 46.01 
380 498 43.01 
391 7 0.01 
391 78 1.01 
391 342 3.01 
391 414 8.01 
391 430 2.01 
391 498 29.009999999999998 
461 72 21.009999999999998 
461 163 4.01 
461 191 3.01 
461 358 16.009999999999998 
461 482 28.009999999999998 
461 490 35.01 
473 56 0.01 
473 190 14.01 
473 212 2.01 
473 446 25.009999999999998 
473 478 32.01 
473 494 40.01 
478 9 30.009999999999998 
478 97 5.01 
478 334 9.01 
478 346 16.009999999999998 
478 358 22.009999999999998 
478 475 36.01 
4 127 1.01 
4 245 0.01 
4 259 4.01 
4 360 3.01 
4 445 3.01 
4 465 10.01 
4 481 9.01 
127 48 1.01 
127 109 0.01 
127 110 3.01 
127 412 1.01 
127 436 3.01 
127 490 8.01 
127 495 58.01 
245 94 2.01 
245 394 1.01 
245 436 5.01 
245 446 8.01 
245 485 6.01 
245 493 8.01 
259 106 0.01 
259 250 0.01 
259 342 5.01 
259 475 1.01 
259 480 9.01 
259 498 25.009999999999998 
360 155 2.01 
360 276 0.01 
360 379 0.01 
360 479 7.01 
360 493 13.01 
360 497 14.01 
445 298 3.01 
445 416 3.01 
445 439 6.01 
445 448 5.01 
445 459 11.01 
445 499 64.00999999999999 
465 19 6.01 
465 47 19.009999999999998 
465 67 7.01 
465 361 3.01 
465 426 14.01 
465 432 10.01 
481 185 1.01 
481 239 9.01 
481 482 37.01 
481 483 30.009999999999998 
481 486 14.01 
481 490 55.01 
5 295 3.01 
5 372 4.01 
5 429 6.01 
5 471 2.01 
5 490 34.01 
5 493 8.01 
5 498 29.009999999999998 
295 122 1.01 
295 360 1.01 
295 397 3.01 
295 460 19.009999999999998 
295 464 10.01 
295 488 16.009999999999998 
372 127 4.01 
372 192 5.01 
372 322 2.01 
372 405 8.01 
372 425 13.01 
372 453 9.01 
429 296 2.01 
429 433 3.01 
429 489 26.009999999999998 
429 492 22.009999999999998 
429 493 32.01 
429 499 42.01 
471 16 1.01 
471 85 6.01 
471 195 10.01 
471 201 20.009999999999998 
471 332 10.01 
471 351 6.01 
490 180 8.01 
490 205 16.009999999999998 
490 314 20.009999999999998 
490 380 14.01 
490 454 24.009999999999998 
490 480 91.00999999999999 
493 103 8.01 
493 236 19.009999999999998 
493 280 10.01 
493 284 15.01 
493 342 18.009999999999998 
493 485 147.01 
6 29 0.01 
6 128 0.01 
6 257 0.01 
6 269 1.01 
6 281 0.01 
6 403 2.01 
6 497 5.01 
29 113 0.01 
29 209 1.01 
29 364 1.01 
29 447 2.01 
29 464 0.01 
29 498 6.01 
29 499 11.01 
128 3 0.01 
128 213 0.01 
128 395 1.01 
128 402 0.01 
128 481 3.01 
128 487 5.01 
128 497 9.01 
257 119 1.01 
257 317 1.01 
257 344 5.01 
257 390 1.01 
257 456 5.01 
257 494 18.009999999999998 
269 70 0.01 
269 132 1.01 
269 323 0.01 
269 362 2.01 
269 494 13.01 
269 499 12.01 
281 139 1.01 
281 335 2.01 
281 377 0.01 
281 444 2.01 
281 473 6.01 
281 496 8.01 
497 8 31.009999999999998 
497 254 29.009999999999998 
497 296 9.01 
497 406 78.00999999999999 
497 474 58.01 
497 478 67.00999999999999 
7 8 3.01 
7 171 0.01 
7 298 1.01 
7 449 3.01 
7 480 6.01 
7 485 6.01 
7 492 4.01 
8 99 1.01 
8 181 3.01 
8 302 1.01 
8 382 1.01 
8 385 3.01 
8 456 3.01 
8 497 159.01 
171 75 0.01 
171 81 4.01 
171 203 0.01 
171 389 1.01 
171 416 2.01 
171 498 22.009999999999998 
298 230 1.01 
298 312 2.01 
298 336 4.01 
298 447 4.01 
298 461 6.01 
298 483 14.01 
449 12 0.01 
449 195 5.01 
449 371 14.01 
449 440 15.01 
449 487 19.009999999999998 
449 495 26.009999999999998 
480 5 4.01 
480 85 6.01 
480 256 5.01 
480 353 8.01 
480 493 100.00999999999999 
480 498 179.01 
485 308 32.01 
485 403 19.009999999999998 
485 406 64.00999999999999 
485 430 75.00999999999999 
485 461 26.009999999999998 
485 467 22.009999999999998 
492 41 4.01 
492 162 2.01 
492 270 12.01 
492 457 35.01 
492 490 67.00999999999999 
492 499 117.00999999999999 
99 5 0.01 
99 143 1.01 
99 189 1.01 
99 279 1.01 
99 344 1.01 
99 473 1.01 
99 498 11.01 
181 110 2.01 
181 391 1.01 
181 460 1.01 
181 464 5.01 
181 480 3.01 
181 498 14.01 
302 108 0.01 
302 156 0.01 
302 268 0.01 
302 350 0.01 
302 477 6.01 
302 493 16.009999999999998 
382 54 3.01 
382 184 2.01 
382 210 7.01 
382 258 0.01 
382 468 8.01 
382 479 8.01 
385 260 3.01 
385 320 4.01 
385 326 2.01 
385 332 3.01 
385 378 3.01 
385 390 10.01 
456 97 16.009999999999998 
456 137 4.01 
456 145 16.009999999999998 
456 374 8.01 
456 446 21.009999999999998 
456 483 40.01 
9 121 2.01 
9 442 6.01 
9 459 4.01 
9 460 7.01 
9 466 9.01 
9 475 8.01 
9 478 109.00999999999999 
121 15 0.01 
121 51 1.01 
121 206 0.01 
121 259 2.01 
121 471 2.01 
121 484 2.01 
121 488 6.01 
442 39 2.01 
442 271 6.01 
442 386 3.01 
442 431 6.01 
442 486 24.009999999999998 
442 496 32.01 
459 49 7.01 
459 178 3.01 
459 320 6.01 
459 413 6.01 
459 426 7.01 
459 431 2.01 
460 272 4.01 
460 412 5.01 
460 476 48.01 
460 488 18.009999999999998 
460 490 45.01 
460 498 112.00999999999999 
466 51 22.009999999999998 
466 137 12.01 
466 207 7.01 
466 401 36.01 
466 468 45.01 
466 496 251.01 
475 231 1.01 
475 327 16.009999999999998 
475 419 14.01 
475 439 18.009999999999998 
475 463 18.009999999999998 
475 473 22.009999999999998 
10 217 1.01 
10 248 0.01 
10 344 0.01 
10 404 3.01 
10 416 0.01 
10 481 4.01 
10 497 6.01 
217 248 0.01 
217 348 2.01 
217 460 7.01 
217 474 7.01 
217 495 22.009999999999998 
217 498 28.009999999999998 
248 17 0.01 
248 105 0.01 
248 225 3.01 
248 360 0.01 
248 411 2.01 
248 450 5.01 
344 332 3.01 
344 361 2.01 
344 449 1.01 
344 486 23.009999999999998 
344 489 12.01 
344 496 18.009999999999998 
404 83 0.01 
404 152 0.01 
404 191 1.01 
404 329 1.01 
404 362 1.01 
404 448 8.01 
416 1 0.01 
416 38 2.01 
416 54 0.01 
416 60 0.01 
416 443 2.01 
416 476 9.01 
11 43 3.01 
11 107 0.01 
11 119 2.01 
11 166 0.01 
11 247 0.01 
11 343 0.01 
11 487 6.01 
43 28 0.01 
43 63 1.01 
43 164 1.01 
43 244 2.01 
43 266 1.01 
43 289 0.01 
43 494 9.01 
107 101 0.01 
107 201 0.01 
107 323 0.01 
107 354 2.01 
107 443 1.01 
107 467 1.01 
107 474 2.01 
119 10 0.01 
119 198 0.01 
119 256 3.01 
119 361 0.01 
119 412 1.01 
119 437 1.01 
119 447 0.01 
166 428 1.01 
166 438 20.009999999999998 
166 461 0.01 
166 471 0.01 
166 479 3.01 
166 485 2.01 
247 104 0.01 
247 105 1.01 
247 449 1.01 
247 452 7.01 
247 456 1.01 
247 497 9.01 
343 13 0.01 
343 228 0.01 
343 344 3.01 
343 439 0.01 
343 472 9.01 
343 489 10.01 
487 81 6.01 
487 195 9.01 
487 254 21.009999999999998 
487 425 26.009999999999998 
487 485 100.00999999999999 
487 496 254.01 
12 186 0.01 
12 293 0.01 
12 373 0.01 
12 415 3.01 
12 418 2.01 
12 488 5.01 
12 499 12.01 
186 96 1.01 
186 297 0.01 
186 306 1.01 
186 379 1.01 
186 391 0.01 
186 456 3.01 
293 207 5.01 
293 221 0.01 
293 228 1.01 
293 264 0.01 
293 331 1.01 
293 478 13.01 
373 83 0.01 
373 125 1.01 
373 147 1.01 
373 408 3.01 
373 418 1.01 
373 467 4.01 
415 123 6.01 
415 175 7.01 
415 265 1.01 
415 452 7.01 
415 477 10.01 
415 498 26.009999999999998 
418 178 2.01 
418 216 5.01 
418 343 4.01 
418 345 4.01 
418 366 4.01 
418 410 8.01 
488 275 5.01 
488 328 6.01 
488 424 56.01 
488 465 22.009999999999998 
488 469 45.01 
488 495 93.00999999999999 
13 2 0.01 
13 174 1.01 
13 215 0.01 
13 384 2.01 
13 422 3.01 
13 473 1.01 
13 477 4.01 
174 2 2.01 
174 108 0.01 
174 145 2.01 
174 338 1.01 
174 495 4.01 
174 499 6.01 
215 136 2.01 
215 438 1.01 
215 452 3.01 
215 472 3.01 
215 485 5.01 
215 491 8.01 
384 238 4.01 
384 308 1.01 
384 357 0.01 
384 394 2.01 
384 402 2.01 
384 497 7.01 
422 24 4.01 
422 65 2.01 
422 209 2.01 
422 369 6.01 
422 465 14.01 
422 499 57.01 
477 159 3.01 
477 236 16.009999999999998 
477 277 12.01 
477 436 13.01 
477 455 22.009999999999998 
477 494 41.01 
14 131 1.01 
14 209 1.01 
14 301 4.01 
14 330 3.01 
14 406 12.01 
14 479 17.009999999999998 
14 480 13.01 
131 80 1.01 
131 204 0.01 
131 418 5.01 
131 428 6.01 
131 487 10.01 
131 496 41.01 
209 68 0.01 
209 331 0.01 
209 379 2.01 
209 393 1.01 
209 399 1.01 
209 475 5.01 
301 12 2.01 
301 106 0.01 
301 230 1.01 
301 294 7.01 
301 476 13.01 
301 489 12.01 
330 227 0.01 
330 317 1.01 
330 373 0.01 
330 418 1.01 
330 496 10.01 
330 498 18.009999999999998 
406 383 17.009999999999998 
406 411 16.009999999999998 
406 418 7.01 
406 428 13.01 
406 453 24.009999999999998 
406 492 42.01 
479 93 2.01 
479 282 1.01 
479 352 15.01 
479 477 26.009999999999998 
479 487 72.00999999999999 
479 489 97.00999999999999 
15 124 0.01 
15 142 0.01 
15 189 0.01 
15 210 1.01 
15 366 0.01 
15 465 2.01 
15 499 11.01 
124 285 0.01 
124 371 0.01 
124 409 2.01 
124 439 0.01 
124 487 8.01 
124 496 8.01 
124 499 7.01 
142 64 0.01 
142 113 0.01 
142 412 0.01 
142 425 3.01 
142 451 5.01 
142 498 8.01 
189 63 0.01 
189 185 0.01 
189 429 0.01 
189 462 4.01 
189 478 5.01 
189 481 8.01 
210 356 0.01 
210 382 19.009999999999998 
210 420 1.01 
210 435 2.01 
210 452 2.01 
210 497 11.01 
366 177 3.01 
366 207 3.01 
366 370 2.01 
366 482 7.01 
366 487 15.01 
366 498 31.009999999999998 
16 72 1.01 
16 407 0.01 
16 410 4.01 
16 442 3.01 
16 455 3.01 
16 491 9.01 
16 495 8.01 
72 164 3.01 
72 400 3.01 
72 421 0.01 
72 439 5.01 
72 461 59.01 
72 477 6.01 
72 489 7.01 
407 22 0.01 
407 294 9.01 
407 303 2.01 
407 444 4.01 
407 472 13.01 
407 494 52.01 
410 313 6.01 
410 390 8.01 
410 405 10.01 
410 435 4.01 
410 450 14.01 
410 479 25.009999999999998 
455 23 1.01 
455 53 3.01 
455 121 1.01 
455 407 5.01 
455 488 27.009999999999998 
455 491 66.00999999999999 
491 367 22.009999999999998 
491 375 16.009999999999998 
491 423 13.01 
491 468 156.01 
491 469 155.01 
491 476 88.00999999999999 
495 4 1.01 
495 175 45.01 
495 387 15.01 
495 452 33.01 
495 491 214.01 
495 498 454.01 
17 42 0.01 
17 165 0.01 
17 239 1.01 
17 357 1.01 
17 407 2.01 
17 439 3.01 
17 462 1.01 
42 101 1.01 
42 152 0.01 
42 373 0.01 
42 414 9.01 
42 465 1.01 
42 473 5.01 
42 486 4.01 
165 3 2.01 
165 23 0.01 
165 73 0.01 
165 378 2.01 
165 421 5.01 
165 438 1.01 
239 159 2.01 
239 398 2.01 
239 450 8.01 
239 451 5.01 
239 491 20.009999999999998 
239 496 25.009999999999998 
357 311 0.01 
357 400 5.01 
357 483 5.01 
357 487 11.01 
357 494 47.01 
357 497 18.009999999999998 
439 61 0.01 
439 289 3.01 
439 391 2.01 
439 464 7.01 
439 490 39.01 
439 493 39.01 
462 77 3.01 
462 102 2.01 
462 343 3.01 
462 410 15.01 
462 454 71.00999999999999 
462 486 28.009999999999998 
18 53 3.01 
18 183 1.01 
18 257 0.01 
18 285 0.01 
18 453 10.01 
18 473 4.01 
18 499 15.01 
53 247 0.01 
53 261 1.01 
53 392 4.01 
53 451 1.01 
53 473 4.01 
53 485 17.009999999999998 
53 496 12.01 
183 22 0.01 
183 117 0.01 
183 328 1.01 
183 407 2.01 
183 468 6.01 
183 497 6.01 
285 62 1.01 
285 420 1.01 
285 423 1.01 
285 471 2.01 
285 492 19.009999999999998 
285 497 12.01 
453 29 2.01 
453 40 1.01 
453 396 17.009999999999998 
453 431 6.01 
453 493 50.01 
453 494 56.01 
19 315 0.01 
19 388 1.01 
19 401 3.01 
19 448 3.01 
19 449 0.01 
19 488 21.009999999999998 
19 492 7.01 
315 381 1.01 
315 392 2.01 
315 398 2.01 
315 445 2.01 
315 484 4.01 
315 497 15.01 
388 77 3.01 
388 82 1.01 
388 294 3.01 
388 305 1.01 
388 446 5.01 
388 494 20.009999999999998 
401 239 6.01 
401 340 3.01 
401 381 8.01 
401 455 7.01 
401 496 63.01 
401 499 265.01 
448 21 2.01 
448 57 0.01 
448 129 4.01 
448 289 6.01 
448 319 4.01 
448 405 14.01 
20 160 0.01 
20 276 0.01 
20 295 2.01 
20 342 1.01 
20 369 0.01 
20 471 1.01 
20 496 14.01 
160 64 1.01 
160 89 2.01 
160 220 0.01 
160 284 1.01 
160 494 8.01 
160 499 9.01 
342 275 2.01 
342 430 39.01 
342 432 8.01 
342 461 16.009999999999998 
342 463 9.01 
342 484 9.01 
369 101 0.01 
369 171 0.01 
369 345 1.01 
369 401 6.01 
369 484 7.01 
369 495 26.009999999999998 
496 223 7.01 
496 286 33.01 
496 450 42.01 
496 466 148.01 
496 487 233.01 
496 491 131.01 
21 0 2.01 
21 287 1.01 
21 484 1.01 
21 490 3.01 
21 495 9.01 
21 496 8.01 
21 498 11.01 
287 9 0.01 
287 35 1.01 
287 158 0.01 
287 206 3.01 
287 381 0.01 
287 496 5.01 
484 270 19.009999999999998 
484 292 9.01 
484 304 2.01 
484 403 9.01 
484 425 20.009999999999998 
484 490 29.009999999999998 
22 282 4.01 
22 359 0.01 
22 377 1.01 
22 390 0.01 
22 478 3.01 
22 494 4.01 
22 496 7.01 
282 43 3.01 
282 223 3.01 
282 396 5.01 
282 420 4.01 
282 440 4.01 
282 496 13.01 
359 199 4.01 
359 224 8.01 
359 389 6.01 
359 439 8.01 
359 489 26.009999999999998 
359 499 43.01 
377 122 3.01 
377 197 0.01 
377 204 0.01 
377 384 1.01 
377 435 1.01 
377 451 2.01 
390 266 1.01 
390 311 2.01 
390 414 15.01 
390 444 11.01 
390 453 8.01 
390 482 24.009999999999998 
23 85 2.01 
23 128 0.01 
23 365 3.01 
23 434 0.01 
23 475 5.01 
23 495 10.01 
23 499 19.009999999999998 
85 8 1.01 
85 57 2.01 
85 157 1.01 
85 349 6.01 
85 465 4.01 
85 478 13.01 
85 490 26.009999999999998 
365 20 3.01 
365 81 7.01 
365 165 3.01 
365 399 44.01 
365 414 7.01 
365 496 22.009999999999998 
434 259 3.01 
434 332 6.01 
434 347 4.01 
434 388 2.01 
434 391 4.01 
434 498 35.01 
24 133 0.01 
24 233 0.01 
24 320 6.01 
24 342 6.01 
24 359 3.01 
24 362 0.01 
24 465 8.01 
133 222 1.01 
133 244 1.01 
133 280 1.01 
133 289 0.01 
133 378 2.01 
133 470 3.01 
233 196 1.01 
233 327 4.01 
233 330 1.01 
233 354 2.01 
233 414 3.01 
233 475 8.01 
320 86 1.01 
320 124 0.01 
320 293 3.01 
320 372 3.01 
320 462 8.01 
320 494 161.01 
362 56 2.01 
362 150 0.01 
362 234 1.01 
362 339 2.01 
362 448 2.01 
362 498 18.009999999999998 
25 59 0.01 
25 186 0.01 
25 273 0.01 
25 403 2.01 
25 452 2.01 
25 483 9.01 
25 486 5.01 
59 266 1.01 
59 300 0.01 
59 323 0.01 
59 367 0.01 
59 455 2.01 
59 472 5.01 
59 495 8.01 
452 123 3.01 
452 389 15.01 
452 399 9.01 
452 429 5.01 
452 446 20.009999999999998 
452 493 45.01 
483 112 2.01 
483 261 14.01 
483 455 25.009999999999998 
483 474 46.01 
483 480 43.01 
483 485 82.00999999999999 
486 257 9.01 
486 277 15.01 
486 283 6.01 
486 422 19.009999999999998 
486 482 145.01 
486 491 116.00999999999999 
36 154 0.01 
36 398 1.01 
36 427 0.01 
36 445 0.01 
36 458 1.01 
36 475 0.01 
36 483 2.01 
182 40 2.01 
182 242 4.01 
182 269 0.01 
182 386 0.01 
182 453 2.01 
182 473 1.01 
288 218 0.01 
288 339 1.01 
288 384 1.01 
288 454 2.01 
288 495 9.01 
288 497 13.01 
387 76 1.01 
387 127 5.01 
387 324 2.01 
387 430 27.009999999999998 
387 458 9.01 
387 476 19.009999999999998 
393 116 1.01 
393 252 3.01 
393 415 1.01 
393 430 13.01 
393 474 28.009999999999998 
393 498 23.009999999999998 
397 132 2.01 
397 297 2.01 
397 448 10.01 
397 467 6.01 
397 479 15.01 
397 495 15.01 
27 19 1.01 
27 299 2.01 
27 326 3.01 
27 352 3.01 
27 381 1.01 
27 458 1.01 
27 462 4.01 
299 129 1.01 
299 234 3.01 
299 253 0.01 
299 438 1.01 
299 483 6.01 
299 495 12.01 
326 161 0.01 
326 210 2.01 
326 256 8.01 
326 467 56.01 
326 481 5.01 
326 497 17.009999999999998 
352 300 1.01 
352 325 6.01 
352 374 7.01 
352 405 7.01 
352 445 8.01 
352 489 32.01 
381 277 7.01 
381 302 1.01 
381 383 8.01 
381 408 14.01 
381 478 20.009999999999998 
381 491 38.01 
458 84 1.01 
458 211 6.01 
458 337 7.01 
458 479 46.01 
458 482 31.009999999999998 
458 486 26.009999999999998 
28 212 1.01 
28 231 3.01 
28 318 0.01 
28 369 1.01 
28 415 3.01 
28 471 2.01 
28 497 6.01 
212 201 1.01 
212 205 6.01 
212 248 0.01 
212 323 2.01 
212 417 4.01 
212 444 3.01 
231 87 2.01 
231 247 3.01 
231 318 2.01 
231 429 1.01 
231 466 6.01 
231 497 21.009999999999998 
318 7 1.01 
318 192 2.01 
318 411 2.01 
318 444 0.01 
318 457 5.01 
318 496 8.01 
113 187 0.01 
113 200 1.01 
113 446 2.01 
113 461 0.01 
113 462 3.01 
113 470 3.01 
113 497 0.01 
364 201 0.01 
364 312 1.01 
364 408 9.01 
364 444 15.01 
364 497 22.009999999999998 
364 499 28.009999999999998 
447 164 1.01 
447 365 0.01 
447 435 4.01 
447 462 11.01 
447 474 23.009999999999998 
447 486 20.009999999999998 
30 14 0.01 
30 333 2.01 
30 335 6.01 
30 351 2.01 
30 431 2.01 
30 460 5.01 
30 464 8.01 
333 283 0.01 
333 367 7.01 
333 376 1.01 
333 387 2.01 
333 447 2.01 
333 448 6.01 
335 95 2.01 
335 319 8.01 
335 407 11.01 
335 449 3.01 
335 488 19.009999999999998 
335 494 170.01 
351 13 2.01 
351 157 0.01 
351 267 1.01 
351 299 1.01 
351 341 2.01 
351 385 0.01 
431 140 1.01 
431 268 0.01 
431 303 4.01 
431 394 3.01 
431 456 7.01 
431 498 39.01 
31 130 1.01 
31 168 0.01 
31 180 0.01 
31 251 1.01 
31 402 8.01 
31 461 1.01 
31 494 4.01 
130 288 0.01 
130 404 1.01 
130 431 3.01 
130 461 1.01 
130 481 3.01 
130 497 10.01 
180 428 12.01 
180 434 3.01 
180 481 12.01 
180 483 18.009999999999998 
180 485 32.01 
180 493 25.009999999999998 
251 279 1.01 
251 300 1.01 
251 316 0.01 
251 460 2.01 
251 464 4.01 
251 480 22.009999999999998 
402 31 8.01 
402 119 0.01 
402 445 3.01 
402 448 4.01 
402 488 13.01 
402 498 20.009999999999998 
32 215 1.01 
32 228 1.01 
32 240 0.01 
32 319 1.01 
32 463 2.01 
32 464 3.01 
32 495 5.01 
228 79 6.01 
228 339 0.01 
228 401 5.01 
228 447 5.01 
228 457 1.01 
228 494 7.01 
240 260 2.01 
240 287 1.01 
240 348 4.01 
240 403 4.01 
240 434 0.01 
240 495 14.01 
319 52 4.01 
319 408 8.01 
319 440 7.01 
319 441 1.01 
319 474 19.009999999999998 
319 488 17.009999999999998 
463 80 2.01 
463 134 5.01 
463 141 8.01 
463 208 10.01 
463 424 39.01 
463 494 49.01 
33 196 0.01 
33 345 0.01 
33 391 1.01 
33 476 6.01 
33 484 0.01 
33 491 2.01 
33 495 4.01 
196 15 0.01 
196 324 0.01 
196 356 2.01 
196 424 3.01 
196 486 4.01 
196 492 4.01 
345 68 2.01 
345 309 3.01 
345 318 0.01 
345 457 8.01 
345 461 4.01 
345 499 21.009999999999998 
476 271 6.01 
476 295 7.01 
476 378 16.009999999999998 
476 392 9.01 
476 396 24.009999999999998 
476 483 51.01 
34 66 0.01 
34 114 0.01 
34 300 2.01 
34 396 5.01 
34 439 0.01 
34 443 2.01 
34 490 9.01 
66 187 0.01 
66 368 1.01 
66 443 0.01 
66 471 0.01 
66 483 4.01 
66 486 5.01 
66 498 12.01 
114 416 0.01 
114 428 1.01 
114 460 0.01 
114 473 1.01 
114 492 4.01 
114 495 5.01 
114 498 9.01 
300 33 0.01 
300 41 1.01 
300 375 2.01 
300 402 1.01 
300 482 13.01 
300 493 8.01 
396 18 1.01 
396 43 0.01 
396 407 8.01 
396 482 36.01 
396 483 24.009999999999998 
396 498 75.00999999999999 
443 108 1.01 
443 455 12.01 
443 456 12.01 
443 459 4.01 
443 471 8.01 
443 494 22.009999999999998 
35 21 1.01 
35 237 1.01 
35 278 0.01 
35 338 0.01 
35 351 0.01 
35 362 1.01 
35 364 1.01 
237 166 2.01 
237 240 1.01 
237 436 6.01 
237 496 7.01 
237 497 16.009999999999998 
237 498 15.01 
278 98 1.01 
278 162 1.01 
278 336 1.01 
278 369 0.01 
278 425 63.01 
278 498 18.009999999999998 
338 310 3.01 
338 380 3.01 
338 392 3.01 
338 424 3.01 
338 458 1.01 
338 485 8.01 
398 118 0.01 
398 379 2.01 
398 402 2.01 
398 469 11.01 
398 483 13.01 
398 499 28.009999999999998 
427 82 1.01 
427 144 1.01 
427 216 1.01 
427 256 2.01 
427 481 11.01 
427 497 24.009999999999998 
37 88 0.01 
37 118 0.01 
37 302 0.01 
37 397 1.01 
37 441 1.01 
37 482 5.01 
37 484 2.01 
118 32 0.01 
118 90 0.01 
118 190 1.01 
118 300 1.01 
118 306 0.01 
118 360 2.01 
118 454 10.01 
441 67 1.01 
441 246 3.01 
441 348 3.01 
441 425 12.01 
441 446 22.009999999999998 
441 482 22.009999999999998 
38 214 1.01 
38 304 0.01 
38 347 1.01 
38 412 3.01 
38 467 3.01 
38 493 13.01 
38 498 24.009999999999998 
214 10 0.01 
214 232 2.01 
214 263 3.01 
214 409 8.01 
214 456 8.01 
214 489 31.009999999999998 
347 93 4.01 
347 136 2.01 
347 292 5.01 
347 397 5.01 
347 476 15.01 
347 498 40.01 
412 37 1.01 
412 350 7.01 
412 441 3.01 
412 442 4.01 
412 480 21.009999999999998 
412 490 13.01 
467 78 2.01 
467 326 26.009999999999998 
467 436 12.01 
467 442 5.01 
467 490 58.01 
467 491 57.01 
39 29 1.01 
39 83 0.01 
39 125 0.01 
39 384 0.01 
39 398 2.01 
39 400 3.01 
39 464 1.01 
83 75 1.01 
83 169 0.01 
83 243 3.01 
83 380 1.01 
83 423 0.01 
83 475 5.01 
83 497 5.01 
125 35 0.01 
125 258 0.01 
125 309 1.01 
125 392 0.01 
125 405 2.01 
125 478 5.01 
125 496 3.01 
400 217 3.01 
400 327 7.01 
400 409 3.01 
400 444 10.01 
400 452 14.01 
400 491 50.01 
40 86 3.01 
40 103 0.01 
40 226 1.01 
40 349 2.01 
40 386 1.01 
40 440 2.01 
40 471 3.01 
86 11 1.01 
86 430 8.01 
86 453 12.01 
86 470 1.01 
86 478 10.01 
86 494 28.009999999999998 
86 497 11.01 
103 217 3.01 
103 383 4.01 
103 389 4.01 
103 485 34.01 
103 490 18.009999999999998 
103 497 17.009999999999998 
103 498 45.01 
226 98 1.01 
226 333 0.01 
226 340 16.009999999999998 
226 370 1.01 
226 420 2.01 
226 476 4.01 
349 53 1.01 
349 176 2.01 
349 288 0.01 
349 465 6.01 
349 466 4.01 
349 496 21.009999999999998 
386 274 1.01 
386 406 15.01 
386 426 4.01 
386 473 4.01 
386 477 7.01 
386 484 6.01 
440 54 0.01 
440 73 1.01 
440 305 1.01 
440 375 9.01 
440 465 16.009999999999998 
440 486 15.01 
41 190 1.01 
41 285 3.01 
41 334 3.01 
41 376 1.01 
41 456 8.01 
41 487 21.009999999999998 
41 497 32.01 
190 28 1.01 
190 58 0.01 
190 266 0.01 
190 301 0.01 
190 415 1.01 
190 473 69.00999999999999 
376 229 4.01 
376 246 8.01 
376 291 6.01 
376 350 2.01 
376 395 27.009999999999998 
376 444 5.01 
101 173 2.01 
101 227 1.01 
101 339 0.01 
101 426 0.01 
101 458 1.01 
101 466 4.01 
101 482 4.01 
152 333 0.01 
152 429 2.01 
152 438 1.01 
152 468 5.01 
152 498 6.01 
152 499 15.01 
414 179 4.01 
414 212 5.01 
414 428 11.01 
414 487 54.01 
414 490 41.01 
414 493 44.01 
63 68 1.01 
63 212 0.01 
63 274 1.01 
63 376 2.01 
63 423 1.01 
63 480 5.01 
63 494 6.01 
164 179 1.01 
164 259 2.01 
164 351 0.01 
164 472 4.01 
164 479 6.01 
164 499 7.01 
244 11 0.01 
244 111 1.01 
244 307 3.01 
244 363 2.01 
244 379 0.01 
244 497 11.01 
266 32 0.01 
266 50 0.01 
266 232 1.01 
266 388 0.01 
266 472 2.01 
266 492 6.01 
289 221 2.01 
289 238 0.01 
289 404 1.01 
289 438 3.01 
289 466 5.01 
289 475 18.009999999999998 
44 3 0.01 
44 421 1.01 
44 450 1.01 
44 462 1.01 
44 467 5.01 
44 485 10.01 
44 498 10.01 
421 208 2.01 
421 372 6.01 
421 406 14.01 
421 408 8.01 
421 495 35.01 
421 498 40.01 
450 131 2.01 
450 182 1.01 
450 359 11.01 
450 364 2.01 
450 458 22.009999999999998 
450 466 43.01 
45 25 0.01 
45 181 0.01 
45 222 0.01 
45 372 0.01 
45 463 7.01 
45 475 6.01 
45 496 20.009999999999998 
222 138 0.01 
222 213 2.01 
222 216 2.01 
222 311 1.01 
222 485 10.01 
222 491 13.01 
46 354 0.01 
46 377 0.01 
46 383 4.01 
46 453 1.01 
46 456 4.01 
46 491 11.01 
46 496 7.01 
383 9 4.01 
383 301 6.01 
383 350 4.01 
383 440 10.01 
383 456 11.01 
383 478 19.009999999999998 
47 417 2.01 
47 418 3.01 
47 453 5.01 
47 458 5.01 
47 465 54.01 
47 470 0.01 
47 491 22.009999999999998 
417 95 2.01 
417 202 3.01 
417 291 1.01 
417 450 9.01 
417 489 19.009999999999998 
417 499 37.01 
470 117 5.01 
470 189 1.01 
470 312 9.01 
470 457 8.01 
470 468 25.009999999999998 
470 479 42.01 
48 26 0.01 
48 265 0.01 
48 303 0.01 
48 305 0.01 
48 308 4.01 
48 344 2.01 
48 433 6.01 
265 269 0.01 
265 295 0.01 
265 429 1.01 
265 431 2.01 
265 472 5.01 
265 496 5.01 
303 359 0.01 
303 390 4.01 
303 416 0.01 
303 432 6.01 
303 483 17.009999999999998 
303 491 33.01 
305 144 0.01 
305 155 0.01 
305 335 8.01 
305 413 3.01 
305 478 20.009999999999998 
305 497 23.009999999999998 
308 100 4.01 
308 368 4.01 
308 480 22.009999999999998 
308 489 20.009999999999998 
308 493 64.00999999999999 
308 494 31.009999999999998 
433 27 0.01 
433 219 5.01 
433 234 0.01 
433 388 0.01 
433 423 8.01 
433 462 10.01 
49 139 0.01 
49 280 2.01 
49 325 2.01 
49 353 3.01 
49 385 1.01 
49 451 5.01 
49 464 3.01 
139 4 0.01 
139 32 0.01 
139 272 3.01 
139 349 0.01 
139 393 0.01 
139 490 2.01 
280 94 0.01 
280 262 1.01 
280 412 1.01 
280 447 5.01 
280 470 5.01 
280 472 10.01 
325 26 0.01 
325 187 0.01 
325 461 4.01 
325 472 8.01 
325 479 29.009999999999998 
325 495 28.009999999999998 
451 219 4.01 
451 290 2.01 
451 368 3.01 
451 441 15.01 
451 490 29.009999999999998 
451 494 27.009999999999998 
50 71 0.01 
50 278 1.01 
50 306 0.01 
50 391 0.01 
50 482 4.01 
50 486 2.01 
50 499 11.01 
71 93 0.01 
71 115 0.01 
71 116 1.01 
71 243 0.01 
71 317 0.01 
71 338 0.01 
71 497 1.01 
306 249 1.01 
306 251 0.01 
306 283 1.01 
306 284 4.01 
306 435 2.01 
306 494 7.01 
51 162 3.01 
51 366 1.01 
51 466 65.00999999999999 
51 484 9.01 
51 488 21.009999999999998 
51 492 5.01 
51 499 20.009999999999998 
162 144 0.01 
162 193 1.01 
162 431 7.01 
162 493 9.01 
162 498 27.009999999999998 
162 499 24.009999999999998 
52 152 0.01 
52 193 1.01 
52 249 4.01 
52 413 3.01 
52 425 9.01 
52 488 15.01 
52 499 53.01 
193 170 1.01 
193 262 0.01 
193 366 2.01 
193 424 5.01 
193 459 5.01 
193 497 17.009999999999998 
249 76 2.01 
249 376 1.01 
249 429 2.01 
249 483 12.01 
249 492 10.01 
249 497 12.01 
425 75 3.01 
425 278 14.01 
425 359 9.01 
425 405 10.01 
425 443 5.01 
425 445 12.01 
261 334 9.01 
261 436 9.01 
261 450 11.01 
261 482 29.009999999999998 
261 494 26.009999999999998 
261 497 67.00999999999999 
392 299 3.01 
392 306 5.01 
392 400 6.01 
392 481 9.01 
392 487 19.009999999999998 
392 498 35.01 
54 56 4.01 
54 167 0.01 
54 328 1.01 
54 343 1.01 
54 364 1.01 
54 430 4.01 
54 455 7.01 
56 6 0.01 
56 31 0.01 
56 265 2.01 
56 341 4.01 
56 389 0.01 
56 456 6.01 
56 486 5.01 
167 12 0.01 
167 311 1.01 
167 377 0.01 
167 437 0.01 
167 492 2.01 
167 499 10.01 
328 51 3.01 
328 62 3.01 
328 354 2.01 
328 427 3.01 
328 476 24.009999999999998 
328 497 23.009999999999998 
430 14 4.01 
430 227 5.01 
430 460 23.009999999999998 
430 480 64.00999999999999 
430 493 100.00999999999999 
430 495 140.01 
55 138 0.01 
55 245 0.01 
55 369 0.01 
55 433 3.01 
55 434 3.01 
55 482 11.01 
55 499 14.01 
138 315 1.01 
138 322 0.01 
138 367 5.01 
138 402 1.01 
138 492 5.01 
138 499 8.01 
341 147 2.01 
341 374 3.01 
341 382 1.01 
341 433 3.01 
341 465 5.01 
341 472 106.00999999999999 
389 372 11.01 
389 469 14.01 
389 479 20.009999999999998 
389 490 17.009999999999998 
389 497 25.009999999999998 
389 498 46.01 
57 30 0.01 
57 140 1.01 
57 198 0.01 
57 286 1.01 
57 350 4.01 
57 375 1.01 
57 476 7.01 
140 115 0.01 
140 120 0.01 
140 386 1.01 
140 419 3.01 
140 433 1.01 
140 499 5.01 
198 299 0.01 
198 321 0.01 
198 361 1.01 
198 375 3.01 
198 454 2.01 
198 488 6.01 
286 89 1.01 
286 205 15.01 
286 381 3.01 
286 446 9.01 
286 489 24.009999999999998 
286 495 67.00999999999999 
350 116 1.01 
350 141 2.01 
350 337 1.01 
350 493 28.009999999999998 
350 495 29.009999999999998 
350 498 35.01 
58 146 1.01 
58 245 0.01 
58 404 0.01 
58 426 0.01 
58 435 1.01 
58 463 2.01 
58 499 8.01 
146 23 0.01 
146 241 1.01 
146 347 0.01 
146 370 0.01 
146 442 2.01 
146 482 13.01 
426 248 3.01 
426 331 6.01 
426 437 13.01 
426 452 10.01 
426 457 14.01 
426 479 24.009999999999998 
435 27 1.01 
435 255 3.01 
435 291 3.01 
435 378 7.01 
435 458 10.01 
435 477 19.009999999999998 
323 58 0.01 
323 198 0.01 
323 200 4.01 
323 331 1.01 
323 396 9.01 
323 457 1.01 
367 18 0.01 
367 274 1.01 
367 355 9.01 
367 440 13.01 
367 472 98.00999999999999 
367 475 12.01 
472 146 0.01 
472 327 9.01 
472 341 34.01 
472 367 74.00999999999999 
472 432 68.00999999999999 
472 480 40.01 
60 123 0.01 
60 292 5.01 
60 402 2.01 
60 435 2.01 
60 457 1.01 
60 470 2.01 
60 489 9.01 
123 19 1.01 
123 178 2.01 
123 230 2.01 
123 286 6.01 
123 419 6.01 
123 484 6.01 
123 493 13.01 
292 224 1.01 
292 341 4.01 
292 420 4.01 
292 463 14.01 
292 483 19.009999999999998 
292 491 36.01 
457 194 10.01 
457 321 41.01 
457 378 15.01 
457 418 16.009999999999998 
457 466 24.009999999999998 
457 499 52.01 
489 110 7.01 
489 292 8.01 
489 294 14.01 
489 476 54.01 
489 477 35.01 
489 497 95.00999999999999 
61 140 1.01 
61 167 0.01 
61 340 0.01 
61 342 2.01 
61 443 4.01 
61 482 5.01 
61 495 14.01 
340 24 1.01 
340 197 0.01 
340 226 11.01 
340 338 1.01 
340 487 19.009999999999998 
340 497 17.009999999999998 
62 10 1.01 
62 33 0.01 
62 305 1.01 
62 328 20.009999999999998 
62 384 0.01 
62 444 2.01 
62 481 1.01 
444 192 2.01 
444 352 11.01 
444 385 8.01 
444 453 8.01 
444 466 10.01 
444 484 16.009999999999998 
68 6 0.01 
68 235 2.01 
68 324 0.01 
68 337 1.01 
68 405 1.01 
68 452 1.01 
68 490 3.01 
423 69 2.01 
423 153 3.01 
423 348 4.01 
423 432 11.01 
423 454 18.009999999999998 
423 458 15.01 
64 182 0.01 
64 219 0.01 
64 315 1.01 
64 324 2.01 
64 357 0.01 
64 497 10.01 
64 498 7.01 
219 47 1.01 
219 350 1.01 
219 352 2.01 
219 448 2.01 
219 463 4.01 
219 489 25.009999999999998 
324 449 2.01 
324 462 5.01 
324 483 11.01 
324 488 12.01 
324 496 13.01 
324 499 24.009999999999998 
65 20 1.01 
65 168 0.01 
65 263 1.01 
65 442 3.01 
65 443 5.01 
65 492 6.01 
65 497 15.01 
263 50 0.01 
263 267 1.01 
263 448 3.01 
263 451 4.01 
263 460 5.01 
263 497 7.01 
187 92 0.01 
187 390 0.01 
187 417 0.01 
187 435 1.01 
187 450 0.01 
187 459 3.01 
368 24 4.01 
368 142 3.01 
368 386 0.01 
368 439 3.01 
368 471 4.01 
368 498 30.009999999999998 
67 55 1.01 
67 104 1.01 
67 185 3.01 
67 262 2.01 
67 400 0.01 
67 437 6.01 
67 499 19.009999999999998 
104 6 0.01 
104 180 0.01 
104 388 0.01 
104 476 3.01 
104 477 1.01 
104 486 1.01 
104 494 5.01 
185 314 4.01 
185 347 5.01 
185 419 2.01 
185 436 5.01 
185 474 3.01 
185 495 27.009999999999998 
262 45 1.01 
262 96 0.01 
262 142 0.01 
262 279 1.01 
262 399 2.01 
262 459 3.01 
437 203 2.01 
437 247 0.01 
437 423 6.01 
437 488 12.01 
437 493 24.009999999999998 
437 496 59.01 
235 39 0.01 
235 233 3.01 
235 250 1.01 
235 442 8.01 
235 454 7.01 
235 491 44.01 
337 79 1.01 
337 111 0.01 
337 188 0.01 
337 243 0.01 
337 433 4.01 
337 437 6.01 
405 103 6.01 
405 172 1.01 
405 242 2.01 
405 313 8.01 
405 486 22.009999999999998 
405 499 41.01 
69 18 0.01 
69 310 0.01 
69 356 1.01 
69 417 2.01 
69 465 6.01 
69 486 4.01 
69 492 12.01 
310 4 4.01 
310 60 2.01 
310 143 1.01 
310 232 2.01 
310 442 2.01 
310 496 14.01 
356 48 1.01 
356 155 2.01 
356 165 0.01 
356 268 1.01 
356 481 5.01 
356 483 5.01 
70 345 0.01 
70 401 0.01 
70 428 2.01 
70 432 1.01 
70 474 3.01 
70 488 4.01 
70 498 16.009999999999998 
428 170 1.01 
428 171 0.01 
428 336 3.01 
428 372 7.01 
428 434 3.01 
428 495 37.01 
474 34 4.01 
474 45 5.01 
474 173 5.01 
474 211 14.01 
474 261 24.009999999999998 
474 499 129.01 
93 130 0.01 
93 284 4.01 
93 336 2.01 
93 417 3.01 
93 470 14.01 
93 488 10.01 
93 497 16.009999999999998 
115 102 0.01 
115 213 1.01 
115 252 2.01 
115 427 1.01 
115 492 0.01 
115 493 3.01 
115 497 4.01 
116 348 0.01 
116 362 2.01 
116 412 7.01 
116 416 0.01 
116 489 5.01 
116 492 9.01 
116 498 5.01 
243 221 1.01 
243 285 0.01 
243 365 2.01 
243 366 0.01 
243 471 3.01 
243 497 13.01 
317 113 0.01 
317 154 1.01 
317 307 2.01 
317 388 4.01 
317 409 9.01 
317 459 3.01 
73 107 0.01 
73 135 0.01 
73 196 0.01 
73 223 0.01 
73 404 1.01 
73 434 3.01 
73 449 6.01 
135 198 0.01 
135 337 1.01 
135 402 0.01 
135 423 0.01 
135 453 1.01 
135 470 1.01 
223 151 1.01 
223 315 1.01 
223 420 5.01 
223 437 10.01 
223 492 16.009999999999998 
223 499 49.01 
74 172 0.01 
74 252 0.01 
74 307 0.01 
74 343 0.01 
74 386 0.01 
74 484 1.01 
74 489 4.01 
172 232 0.01 
172 279 1.01 
172 421 1.01 
172 441 2.01 
172 451 1.01 
172 471 1.01 
252 258 1.01 
252 382 3.01 
252 423 4.01 
252 441 3.01 
252 478 3.01 
252 484 7.01 
307 67 1.01 
307 158 0.01 
307 353 6.01 
307 462 1.01 
307 470 3.01 
307 479 19.009999999999998 
75 203 0.01 
75 218 0.01 
75 227 1.01 
75 302 1.01 
75 371 1.01 
75 468 7.01 
75 493 14.01 
203 38 1.01 
203 265 1.01 
203 413 1.01 
203 434 1.01 
203 465 7.01 
203 469 9.01 
218 11 1.01 
218 276 0.01 
218 292 1.01 
218 316 1.01 
218 357 0.01 
218 476 7.01 
227 70 2.01 
227 345 2.01 
227 460 4.01 
227 492 7.01 
227 493 25.009999999999998 
227 498 71.00999999999999 
371 447 1.01 
371 449 33.01 
371 454 4.01 
371 486 6.01 
371 494 28.009999999999998 
371 499 14.01 
468 410 15.01 
468 429 16.009999999999998 
468 474 37.01 
468 491 297.01 
468 492 49.01 
468 498 124.00999999999999 
76 126 1.01 
76 468 6.01 
76 469 3.01 
76 487 6.01 
76 489 11.01 
76 492 2.01 
76 499 9.01 
126 77 0.01 
126 384 0.01 
126 457 0.01 
126 479 6.01 
126 485 9.01 
126 487 2.01 
126 499 1.01 
469 87 4.01 
469 235 5.01 
469 383 9.01 
469 417 7.01 
469 422 18.009999999999998 
469 491 272.01 
77 229 0.01 
77 340 0.01 
77 380 1.01 
77 382 1.01 
77 395 1.01 
77 492 7.01 
77 499 10.01 
229 120 0.01 
229 197 0.01 
229 309 2.01 
229 394 2.01 
229 418 2.01 
229 499 21.009999999999998 
395 376 22.009999999999998 
395 493 16.009999999999998 
395 494 13.01 
395 496 15.01 
395 498 44.01 
395 499 20.009999999999998 
78 134 2.01 
78 176 2.01 
78 322 1.01 
78 349 3.01 
78 353 6.01 
78 480 6.01 
78 490 5.01 
134 66 0.01 
134 172 1.01 
134 249 0.01 
134 311 1.01 
134 432 3.01 
134 457 4.01 
176 193 2.01 
176 267 4.01 
176 403 2.01 
176 414 2.01 
176 422 3.01 
176 480 5.01 
322 105 0.01 
322 263 0.01 
322 278 1.01 
322 481 0.01 
322 484 4.01 
322 491 17.009999999999998 
79 228 5.01 
79 297 0.01 
79 322 1.01 
79 385 0.01 
79 483 4.01 
79 493 4.01 
79 496 4.01 
297 91 1.01 
297 210 0.01 
297 317 3.01 
297 485 9.01 
297 494 17.009999999999998 
297 497 13.01 
80 136 0.01 
80 281 0.01 
80 378 1.01 
80 383 5.01 
80 433 1.01 
80 462 6.01 
80 484 10.01 
136 40 3.01 
136 95 2.01 
136 448 1.01 
136 453 1.01 
136 470 4.01 
136 486 4.01 
378 1 2.01 
378 92 5.01 
378 220 1.01 
378 329 5.01 
378 443 8.01 
378 468 26.009999999999998 
81 215 0.01 
81 240 5.01 
81 328 4.01 
81 399 9.01 
81 454 7.01 
81 495 24.009999999999998 
81 499 56.01 
399 202 3.01 
399 321 6.01 
399 330 2.01 
399 365 23.009999999999998 
399 496 39.01 
399 499 56.01 
454 246 9.01 
454 308 7.01 
454 398 7.01 
454 421 11.01 
454 462 58.01 
454 496 55.01 
82 213 1.01 
82 222 0.01 
82 295 1.01 
82 330 3.01 
82 436 2.01 
82 451 0.01 
82 481 2.01 
213 25 1.01 
213 183 0.01 
213 293 1.01 
213 346 1.01 
213 367 2.01 
213 428 0.01 
169 125 0.01 
169 343 1.01 
169 401 1.01 
169 473 5.01 
169 477 4.01 
169 481 4.01 
84 46 1.01 
84 371 1.01 
84 440 2.01 
84 449 2.01 
84 474 8.01 
84 484 9.01 
84 495 13.01 
157 204 1.01 
157 254 4.01 
157 255 0.01 
157 270 1.01 
157 312 1.01 
157 370 1.01 
87 16 1.01 
87 99 0.01 
87 169 0.01 
87 223 1.01 
87 261 2.01 
87 441 0.01 
87 481 6.01 
89 84 0.01 
89 98 0.01 
89 199 1.01 
89 229 0.01 
89 469 8.01 
89 475 4.01 
89 494 6.01 
98 112 1.01 
98 139 0.01 
98 231 0.01 
98 233 0.01 
98 282 0.01 
98 356 3.01 
98 488 3.01 
199 0 2.01 
199 66 1.01 
199 373 0.01 
199 463 6.01 
199 488 6.01 
199 495 15.01 
90 443 3.01 
90 452 1.01 
90 454 1.01 
90 455 2.01 
90 481 3.01 
90 489 4.01 
90 496 5.01 
91 169 1.01 
91 357 2.01 
91 403 2.01 
91 435 0.01 
91 445 4.01 
91 447 0.01 
91 491 11.01 
92 111 0.01 
92 133 2.01 
92 218 0.01 
92 314 3.01 
92 387 5.01 
92 410 0.01 
92 464 4.01 
111 69 0.01 
111 99 0.01 
111 325 2.01 
111 453 5.01 
111 455 1.01 
111 458 11.01 
111 459 1.01 
314 194 1.01 
314 224 5.01 
314 370 2.01 
314 384 2.01 
314 436 4.01 
314 475 16.009999999999998 
284 156 0.01 
284 373 4.01 
284 448 6.01 
284 472 17.009999999999998 
284 490 29.009999999999998 
284 497 36.01 
336 316 0.01 
336 318 1.01 
336 347 4.01 
336 363 3.01 
336 410 5.01 
336 421 5.01 
94 114 1.01 
94 336 0.01 
94 353 1.01 
94 422 2.01 
94 441 0.01 
94 446 3.01 
94 458 5.01 
446 173 10.01 
446 313 9.01 
446 355 14.01 
446 424 27.009999999999998 
446 451 10.01 
446 482 72.00999999999999 
95 42 0.01 
95 167 0.01 
95 215 0.01 
95 251 1.01 
95 388 2.01 
95 467 2.01 
95 493 7.01 
96 74 1.01 
96 135 0.01 
96 150 0.01 
96 161 0.01 
96 287 0.01 
96 480 3.01 
96 489 7.01 
150 74 0.01 
150 321 0.01 
150 405 1.01 
150 422 2.01 
150 460 2.01 
150 461 1.01 
161 236 3.01 
161 382 2.01 
161 438 2.01 
161 480 11.01 
161 489 13.01 
161 496 10.01 
97 305 6.01 
97 358 7.01 
97 366 4.01 
97 404 0.01 
97 406 17.009999999999998 
97 458 8.01 
97 480 22.009999999999998 
358 225 6.01 
358 324 1.01 
358 351 3.01 
358 419 15.01 
358 427 7.01 
358 456 26.009999999999998 
112 100 2.01 
112 237 0.01 
112 257 2.01 
112 325 0.01 
112 441 2.01 
112 462 10.01 
112 463 4.01 
143 159 4.01 
143 290 0.01 
143 333 0.01 
143 374 3.01 
143 386 1.01 
143 473 7.01 
279 82 0.01 
279 160 1.01 
279 411 0.01 
279 481 3.01 
279 490 8.01 
279 497 5.01 
100 90 1.01 
100 174 2.01 
100 188 4.01 
100 467 7.01 
100 495 17.009999999999998 
100 498 19.009999999999998 
100 499 17.009999999999998 
188 59 1.01 
188 114 0.01 
188 397 0.01 
188 490 8.01 
188 493 24.009999999999998 
188 498 17.009999999999998 
173 0 1.01 
173 50 1.01 
173 271 6.01 
173 277 5.01 
173 393 3.01 
173 426 7.01 
339 104 0.01 
339 270 9.01 
339 385 0.01 
339 429 3.01 
339 476 6.01 
339 493 9.01 
102 88 0.01 
102 226 0.01 
102 316 1.01 
102 349 0.01 
102 382 2.01 
102 427 2.01 
102 455 5.01 
316 253 0.01 
316 267 1.01 
316 398 2.01 
316 467 7.01 
316 474 5.01 
316 477 5.01 
105 34 0.01 
105 36 0.01 
105 371 1.01 
105 415 1.01 
105 437 5.01 
105 465 8.01 
105 498 10.01 
106 355 3.01 
106 449 0.01 
106 466 20.009999999999998 
106 470 1.01 
106 492 4.01 
106 496 12.01 
106 499 10.01 
355 128 2.01 
355 147 2.01 
355 297 1.01 
355 370 2.01 
355 424 20.009999999999998 
355 482 17.009999999999998 
201 17 0.01 
201 84 0.01 
201 175 3.01 
201 471 46.01 
201 495 13.01 
201 499 14.01 
108 31 2.01 
108 87 0.01 
108 170 1.01 
108 184 0.01 
108 424 4.01 
108 438 1.01 
108 459 0.01 
170 65 3.01 
170 177 0.01 
170 208 0.01 
170 218 0.01 
170 244 1.01 
170 360 1.01 
184 61 0.01 
184 73 2.01 
184 327 3.01 
184 344 0.01 
184 427 2.01 
184 499 10.01 
424 48 4.01 
424 216 3.01 
424 358 25.009999999999998 
424 419 18.009999999999998 
424 495 94.00999999999999 
424 497 83.00999999999999 
438 166 5.01 
438 262 3.01 
438 304 0.01 
438 471 4.01 
438 489 15.01 
438 491 29.009999999999998 
109 92 0.01 
109 149 1.01 
109 282 0.01 
109 355 0.01 
109 381 2.01 
109 393 0.01 
109 496 8.01 
149 120 0.01 
149 148 1.01 
149 156 0.01 
149 452 2.01 
149 469 6.01 
149 477 8.01 
110 396 4.01 
110 451 2.01 
110 457 8.01 
110 474 13.01 
110 477 5.01 
110 479 37.01 
110 480 8.01 
200 153 0.01 
200 163 1.01 
200 303 1.01 
200 478 10.01 
200 485 20.009999999999998 
200 487 8.01 
348 70 2.01 
348 207 1.01 
348 368 5.01 
348 419 6.01 
348 475 10.01 
348 483 16.009999999999998 
117 150 0.01 
117 205 31.009999999999998 
117 225 1.01 
117 304 0.01 
117 444 3.01 
117 446 1.01 
117 499 20.009999999999998 
205 117 11.01 
205 347 5.01 
205 468 26.009999999999998 
205 469 14.01 
205 478 12.01 
205 491 46.01 
225 249 0.01 
225 252 1.01 
225 379 1.01 
225 466 22.009999999999998 
225 468 10.01 
225 499 20.009999999999998 
256 41 7.01 
256 160 1.01 
256 251 4.01 
256 310 3.01 
256 459 4.01 
256 467 21.009999999999998 
361 149 1.01 
361 337 4.01 
361 411 3.01 
361 467 7.01 
361 479 14.01 
361 495 20.009999999999998 
120 34 0.01 
120 72 2.01 
120 76 0.01 
120 79 0.01 
120 250 0.01 
120 313 1.01 
120 497 9.01 
250 121 5.01 
250 245 0.01 
250 281 0.01 
250 358 2.01 
250 363 2.01 
250 478 5.01 
313 55 1.01 
313 132 1.01 
313 269 2.01 
313 332 5.01 
313 369 6.01 
313 469 10.01 
206 78 1.01 
206 204 4.01 
206 326 2.01 
206 415 0.01 
206 445 4.01 
206 474 2.01 
122 316 0.01 
122 387 3.01 
122 411 1.01 
122 459 0.01 
122 475 7.01 
122 486 5.01 
122 499 8.01 
411 64 1.01 
411 346 6.01 
411 356 3.01 
411 404 4.01 
411 469 18.009999999999998 
411 489 27.009999999999998 
178 376 0.01 
178 385 4.01 
178 409 2.01 
178 466 14.01 
178 492 9.01 
178 496 17.009999999999998 
230 22 0.01 
230 220 1.01 
230 329 2.01 
230 340 0.01 
230 399 1.01 
230 415 4.01 
419 134 1.01 
419 230 4.01 
419 374 14.01 
419 400 10.01 
419 484 19.009999999999998 
419 488 47.01 
409 2 1.01 
409 174 0.01 
409 297 5.01 
409 339 1.01 
409 363 29.009999999999998 
409 413 2.01 
258 253 1.01 
258 346 0.01 
258 440 2.01 
258 473 3.01 
258 491 13.01 
258 493 11.01 
309 59 0.01 
309 151 4.01 
309 348 0.01 
309 394 1.01 
309 492 9.01 
309 493 10.01 
129 163 0.01 
129 302 0.01 
129 308 4.01 
129 310 3.01 
129 397 6.01 
129 467 1.01 
129 485 28.009999999999998 
163 49 1.01 
163 293 0.01 
163 383 4.01 
163 486 9.01 
163 493 12.01 
163 499 16.009999999999998 
204 231 1.01 
204 264 0.01 
204 275 4.01 
204 287 1.01 
204 487 8.01 
204 497 10.01 
132 35 0.01 
132 36 0.01 
132 157 0.01 
132 460 4.01 
132 489 6.01 
132 495 7.01 
311 273 1.01 
311 290 1.01 
311 413 1.01 
311 420 1.01 
311 471 4.01 
311 477 12.01 
137 15 0.01 
137 106 2.01 
137 145 5.01 
137 484 11.01 
137 487 31.009999999999998 
137 496 47.01 
145 27 0.01 
145 37 0.01 
145 235 2.01 
145 250 1.01 
145 456 79.00999999999999 
145 498 22.009999999999998 
272 253 1.01 
272 281 3.01 
272 320 1.01 
272 389 4.01 
272 434 3.01 
272 459 4.01 
141 7 0.01 
141 63 0.01 
141 275 8.01 
141 387 7.01 
141 441 4.01 
141 499 22.009999999999998 
275 69 1.01 
275 94 1.01 
275 288 1.01 
275 338 0.01 
275 427 4.01 
275 463 22.009999999999998 
159 203 3.01 
159 219 2.01 
159 331 0.01 
159 433 6.01 
159 434 2.01 
159 447 2.01 
290 44 1.01 
290 107 1.01 
290 122 2.01 
290 317 0.01 
290 431 3.01 
290 496 16.009999999999998 
374 60 2.01 
374 91 1.01 
374 246 8.01 
374 362 3.01 
374 409 3.01 
374 480 23.009999999999998 
144 5 2.01 
144 293 2.01 
144 341 1.01 
144 359 3.01 
144 497 12.01 
144 498 24.009999999999998 
241 153 0.01 
241 394 4.01 
241 416 2.01 
241 422 4.01 
241 452 7.01 
241 496 16.009999999999998 
370 74 2.01 
370 224 1.01 
370 368 4.01 
370 398 0.01 
370 470 6.01 
370 498 29.009999999999998 
147 126 0.01 
147 325 2.01 
147 443 1.01 
147 464 5.01 
147 486 7.01 
147 491 16.009999999999998 
148 44 0.01 
148 181 1.01 
148 380 2.01 
148 393 1.01 
148 443 1.01 
148 490 10.01 
156 89 1.01 
156 442 5.01 
156 464 0.01 
156 477 7.01 
156 482 6.01 
156 494 11.01 
321 457 70.00999999999999 
321 461 6.01 
321 487 20.009999999999998 
321 494 21.009999999999998 
321 496 21.009999999999998 
321 499 38.01 
151 16 1.01 
151 47 2.01 
151 138 0.01 
151 395 0.01 
151 463 1.01 
151 492 6.01 
153 264 1.01 
153 365 2.01 
153 419 3.01 
153 484 4.01 
153 498 17.009999999999998 
153 499 14.01 
264 44 1.01 
264 130 0.01 
264 194 1.01 
264 296 2.01 
264 310 0.01 
264 420 3.01 
155 299 1.01 
155 345 2.01 
155 449 4.01 
155 454 2.01 
155 455 0.01 
155 469 6.01 
254 38 0.01 
254 52 11.01 
254 211 5.01 
254 307 0.01 
254 399 9.01 
254 469 37.01 
255 229 1.01 
255 301 2.01 
255 356 2.01 
255 470 5.01 
255 489 15.01 
255 492 14.01 
270 208 5.01 
270 240 1.01 
270 254 11.01 
270 363 4.01 
270 393 4.01 
270 463 11.01 
312 90 0.01 
312 426 8.01 
312 462 5.01 
312 470 41.01 
312 477 14.01 
312 488 5.01 
158 137 2.01 
158 241 1.01 
158 360 0.01 
158 442 5.01 
158 476 4.01 
158 497 11.01 
331 109 1.01 
331 149 3.01 
331 377 2.01 
331 431 5.01 
331 435 4.01 
331 472 9.01 
236 49 2.01 
236 237 3.01 
236 314 5.01 
236 364 6.01 
236 394 2.01 
236 472 24.009999999999998 
179 58 0.01 
179 199 2.01 
179 290 2.01 
179 322 1.01 
179 329 0.01 
179 355 2.01 
242 296 3.01 
242 389 1.01 
242 445 0.01 
242 448 10.01 
242 457 6.01 
242 496 21.009999999999998 
177 330 1.01 
177 352 4.01 
177 437 5.01 
177 438 0.01 
177 468 2.01 
177 492 4.01 
208 260 7.01 
208 271 3.01 
208 313 2.01 
208 444 5.01 
208 450 11.01 
208 456 8.01 
232 115 0.01 
232 151 0.01 
232 409 3.01 
232 432 2.01 
232 473 11.01 
232 494 26.009999999999998 
271 100 6.01 
271 176 2.01 
271 179 3.01 
271 184 0.01 
271 268 3.01 
271 488 21.009999999999998 
277 141 3.01 
277 244 0.01 
277 298 2.01 
277 445 9.01 
277 492 20.009999999999998 
277 495 41.01 
175 46 1.01 
175 301 2.01 
175 303 4.01 
175 395 4.01 
175 481 1.01 
175 495 225.01 
267 272 1.01 
267 395 3.01 
267 425 8.01 
267 442 8.01 
267 476 12.01 
267 486 9.01 
329 102 1.01 
329 314 6.01 
329 377 2.01 
329 474 10.01 
329 481 8.01 
329 488 4.01 
327 1 3.01 
327 14 3.01 
327 86 0.01 
327 183 1.01 
327 484 9.01 
327 493 38.01 
379 57 1.01 
379 126 0.01 
379 222 2.01 
379 263 2.01 
379 440 7.01 
379 488 11.01 
191 235 0.01 
191 309 1.01 
191 414 7.01 
191 476 12.01 
191 494 13.01 
191 498 26.009999999999998 
192 158 0.01 
192 206 1.01 
192 315 0.01 
192 480 6.01 
192 481 8.01 
192 495 10.01 
194 80 2.01 
194 307 3.01 
194 425 0.01 
194 472 6.01 
194 486 12.01 
194 492 30.009999999999998 
195 42 0.01 
195 61 4.01 
195 255 4.01 
195 334 7.01 
195 390 10.01 
195 417 6.01 
197 221 1.01 
197 312 1.01 
197 318 0.01 
197 333 0.01 
197 428 1.01 
197 446 2.01 
221 148 0.01 
221 214 3.01 
221 404 4.01 
221 433 0.01 
221 467 4.01 
221 485 8.01 
202 39 1.01 
202 109 1.01 
202 392 5.01 
202 440 2.01 
202 450 6.01 
202 472 16.009999999999998 
207 225 4.01 
207 298 1.01 
207 365 0.01 
207 483 12.01 
207 485 21.009999999999998 
207 496 38.01 
260 17 0.01 
260 96 2.01 
260 463 20.009999999999998 
260 477 7.01 
260 479 16.009999999999998 
260 482 13.01 
420 273 0.01 
420 364 7.01 
420 445 3.01 
420 458 7.01 
420 464 4.01 
420 493 12.01 
211 20 0.01 
211 363 30.009999999999998 
211 396 9.01 
211 466 11.01 
211 494 32.01 
211 499 37.01 
363 45 1.01 
363 211 58.01 
363 409 31.009999999999998 
363 421 7.01 
363 488 13.01 
363 494 24.009999999999998 
346 272 4.01 
346 380 6.01 
346 387 12.01 
346 397 1.01 
346 406 35.01 
346 497 59.01 
216 65 2.01 
216 306 0.01 
216 319 5.01 
216 426 6.01 
216 455 12.01 
216 463 15.01 
224 91 1.01 
224 202 3.01 
224 447 2.01 
224 490 43.01 
224 492 10.01 
224 496 22.009999999999998 
394 131 3.01 
394 242 2.01 
394 351 0.01 
394 427 4.01 
394 457 10.01 
394 487 18.009999999999998 
234 239 3.01 
234 298 1.01 
234 323 3.01 
234 355 2.01 
234 371 0.01 
234 470 7.01 
238 460 7.01 
238 470 3.01 
238 483 13.01 
238 487 18.009999999999998 
238 493 25.009999999999998 
238 498 25.009999999999998 
296 200 3.01 
296 309 4.01 
296 319 1.01 
296 455 6.01 
296 481 15.01 
296 496 30.009999999999998 
246 30 4.01 
246 395 6.01 
246 410 9.01 
246 447 3.01 
246 463 19.009999999999998 
246 466 11.01 
253 62 1.01 
253 71 2.01 
253 118 1.01 
253 241 0.01 
253 483 11.01 
253 495 14.01 
268 124 2.01 
268 329 2.01 
268 361 2.01 
268 407 1.01 
268 474 8.01 
268 487 13.01 
283 46 2.01 
283 236 6.01 
283 381 5.01 
283 437 3.01 
283 460 6.01 
283 490 16.009999999999998 
291 52 9.01 
291 241 1.01 
291 358 15.01 
291 468 39.01 
291 483 30.009999999999998 
291 499 284.01 
408 255 6.01 
408 283 9.01 
408 352 15.01 
408 357 6.01 
408 422 18.009999999999998 
408 495 64.00999999999999 
332 21 0.01 
332 177 0.01 
332 415 3.01 
332 458 7.01 
332 469 11.01 
332 499 36.01 
