0 558 1.01 
0 562 1.01 
0 617 0.01 
0 709 0.01 
0 845 0.01 
0 922 0.01 
0 977 0.01 
558 57 0.01 
558 74 0.01 
558 803 0.01 
558 822 0.01 
558 835 1.01 
558 950 1.01 
558 988 1.01 
562 9 0.01 
562 99 0.01 
562 202 0.01 
562 388 0.01 
562 595 0.01 
562 938 0.01 
562 998 0.01 
617 417 1.01 
617 496 0.01 
617 736 0.01 
617 887 1.01 
617 910 2.01 
617 983 0.01 
617 988 0.01 
709 448 1.01 
709 626 0.01 
709 686 0.01 
709 778 1.01 
709 835 0.01 
709 845 1.01 
709 983 0.01 
845 276 0.01 
845 550 0.01 
845 553 1.01 
845 768 0.01 
845 948 1.01 
845 963 0.01 
922 52 0.01 
922 185 1.01 
922 872 0.01 
922 944 0.01 
922 997 1.01 
922 998 1.01 
977 194 0.01 
977 271 1.01 
977 601 0.01 
977 806 3.01 
977 892 6.01 
977 968 4.01 
1 41 0.01 
1 436 0.01 
1 821 0.01 
1 825 0.01 
1 826 0.01 
1 908 1.01 
1 971 0.01 
41 157 0.01 
41 486 0.01 
41 668 0.01 
41 785 0.01 
41 838 0.01 
41 851 0.01 
41 998 1.01 
436 127 0.01 
436 130 0.01 
436 853 0.01 
436 910 0.01 
436 924 0.01 
436 954 1.01 
436 998 2.01 
821 551 0.01 
821 567 0.01 
821 703 1.01 
821 717 0.01 
821 879 1.01 
821 957 0.01 
825 286 0.01 
825 870 0.01 
825 917 0.01 
825 959 0.01 
825 976 1.01 
825 998 3.01 
826 118 2.01 
826 481 0.01 
826 539 0.01 
826 671 0.01 
826 891 1.01 
826 998 5.01 
908 16 0.01 
908 444 1.01 
908 831 7.01 
908 937 2.01 
908 971 1.01 
908 991 5.01 
971 199 1.01 
971 393 0.01 
971 824 1.01 
971 852 0.01 
971 870 4.01 
971 960 6.01 
2 203 0.01 
2 343 0.01 
2 520 0.01 
2 548 0.01 
2 775 1.01 
2 846 0.01 
2 995 1.01 
203 26 1.01 
203 170 0.01 
203 288 0.01 
203 367 0.01 
203 821 0.01 
203 967 0.01 
203 987 1.01 
343 73 0.01 
343 210 0.01 
343 685 0.01 
343 704 0.01 
343 711 0.01 
343 765 0.01 
343 897 0.01 
520 50 1.01 
520 410 0.01 
520 577 0.01 
520 621 0.01 
520 755 0.01 
520 883 0.01 
520 912 0.01 
548 133 0.01 
548 632 1.01 
548 711 3.01 
548 760 0.01 
548 765 0.01 
548 856 1.01 
548 989 1.01 
775 338 0.01 
775 433 0.01 
775 789 0.01 
775 837 0.01 
775 895 0.01 
775 961 1.01 
775 996 6.01 
846 646 0.01 
846 953 2.01 
846 961 2.01 
846 986 2.01 
846 996 6.01 
846 999 6.01 
995 763 4.01 
995 856 2.01 
995 882 0.01 
995 889 3.01 
995 949 3.01 
995 965 6.01 
3 192 0.01 
3 193 0.01 
3 622 0.01 
3 627 1.01 
3 750 0.01 
3 923 1.01 
3 966 0.01 
192 439 0.01 
192 510 0.01 
192 727 1.01 
192 758 1.01 
192 854 0.01 
192 856 0.01 
192 988 1.01 
193 22 0.01 
193 111 0.01 
193 879 0.01 
193 923 2.01 
193 959 0.01 
193 978 0.01 
193 989 0.01 
622 328 0.01 
622 472 0.01 
622 808 0.01 
622 906 0.01 
622 934 2.01 
622 966 9.01 
622 997 3.01 
627 81 0.01 
627 541 0.01 
627 583 0.01 
627 772 0.01 
627 798 0.01 
627 847 1.01 
627 965 0.01 
750 328 0.01 
750 337 2.01 
750 495 0.01 
750 576 0.01 
750 880 3.01 
750 925 2.01 
750 970 0.01 
923 49 0.01 
923 574 1.01 
923 948 5.01 
923 966 2.01 
923 990 0.01 
923 992 0.01 
966 36 1.01 
966 472 2.01 
966 622 1.01 
966 905 2.01 
966 959 2.01 
966 994 4.01 
4 421 1.01 
4 841 0.01 
4 874 0.01 
4 955 0.01 
4 985 0.01 
4 996 3.01 
4 999 5.01 
421 54 0.01 
421 161 0.01 
421 640 2.01 
421 775 2.01 
421 962 2.01 
421 996 20.009999999999998 
421 999 8.01 
841 255 0.01 
841 467 0.01 
841 648 0.01 
841 796 1.01 
841 971 0.01 
841 999 2.01 
874 751 0.01 
874 772 0.01 
874 841 0.01 
874 862 0.01 
874 904 0.01 
874 999 1.01 
955 132 0.01 
955 418 0.01 
955 772 1.01 
955 926 0.01 
955 986 3.01 
955 999 6.01 
985 411 1.01 
985 431 4.01 
985 659 0.01 
985 829 7.01 
985 939 16.009999999999998 
985 997 34.01 
996 260 2.01 
996 398 2.01 
996 421 0.01 
996 584 0.01 
996 884 2.01 
996 999 45.01 
999 58 2.01 
999 788 5.01 
999 796 6.01 
999 986 27.009999999999998 
999 996 44.01 
999 998 25.009999999999998 
5 154 0.01 
5 858 0.01 
5 881 0.01 
5 933 0.01 
5 970 0.01 
5 975 1.01 
5 994 4.01 
154 296 0.01 
154 525 0.01 
154 782 0.01 
154 871 1.01 
154 941 0.01 
154 970 8.01 
154 994 3.01 
858 551 0.01 
858 828 0.01 
858 942 3.01 
858 975 2.01 
858 988 1.01 
858 994 8.01 
881 715 0.01 
881 807 1.01 
881 865 0.01 
881 907 0.01 
881 970 1.01 
881 994 6.01 
933 189 0.01 
933 347 0.01 
933 380 0.01 
933 886 1.01 
933 902 0.01 
933 991 3.01 
970 154 0.01 
970 653 3.01 
970 927 3.01 
970 941 8.01 
970 968 3.01 
970 994 18.009999999999998 
975 25 1.01 
975 517 1.01 
975 857 5.01 
975 927 5.01 
975 936 5.01 
975 979 5.01 
994 366 5.01 
994 502 1.01 
994 530 2.01 
994 809 5.01 
994 873 6.01 
994 979 5.01 
6 497 0.01 
6 836 0.01 
6 860 1.01 
6 937 1.01 
6 962 1.01 
6 979 0.01 
6 991 0.01 
497 574 1.01 
497 708 0.01 
497 719 0.01 
497 838 0.01 
497 905 5.01 
497 959 5.01 
497 989 4.01 
836 197 0.01 
836 459 0.01 
836 854 0.01 
836 900 0.01 
836 963 0.01 
836 988 0.01 
860 443 0.01 
860 600 0.01 
860 816 0.01 
860 850 1.01 
860 875 2.01 
860 979 5.01 
937 39 0.01 
937 399 1.01 
937 477 0.01 
937 521 2.01 
937 921 0.01 
937 962 8.01 
962 114 0.01 
962 733 1.01 
962 739 1.01 
962 908 3.01 
962 937 6.01 
962 979 3.01 
979 177 1.01 
979 406 2.01 
979 676 5.01 
979 938 4.01 
979 968 10.01 
979 991 6.01 
991 94 0.01 
991 253 1.01 
991 296 0.01 
991 611 2.01 
991 635 0.01 
991 928 4.01 
7 262 0.01 
7 499 0.01 
7 718 0.01 
7 777 0.01 
7 964 0.01 
7 967 1.01 
7 984 2.01 
262 106 0.01 
262 131 0.01 
262 582 0.01 
262 699 0.01 
262 717 0.01 
262 840 0.01 
262 944 1.01 
499 314 0.01 
499 351 0.01 
499 624 1.01 
499 802 0.01 
499 915 0.01 
499 929 1.01 
499 981 0.01 
718 115 0.01 
718 410 0.01 
718 649 0.01 
718 741 0.01 
718 986 1.01 
718 996 1.01 
718 999 0.01 
777 19 0.01 
777 277 0.01 
777 314 0.01 
777 504 0.01 
777 716 0.01 
777 964 0.01 
777 984 0.01 
964 217 0.01 
964 798 0.01 
964 816 3.01 
964 864 0.01 
964 902 1.01 
964 994 4.01 
967 280 2.01 
967 746 2.01 
967 891 1.01 
967 952 4.01 
967 984 4.01 
967 993 5.01 
984 486 0.01 
984 644 3.01 
984 852 6.01 
984 896 4.01 
984 913 8.01 
984 993 38.01 
8 263 0.01 
8 544 0.01 
8 780 0.01 
8 972 2.01 
8 974 0.01 
8 990 4.01 
8 992 0.01 
263 762 0.01 
263 834 0.01 
263 940 0.01 
263 945 0.01 
263 972 0.01 
263 990 2.01 
263 992 0.01 
544 769 0.01 
544 786 0.01 
544 859 0.01 
544 909 0.01 
544 956 0.01 
544 972 1.01 
544 990 3.01 
780 12 0.01 
780 301 0.01 
780 723 2.01 
780 958 3.01 
780 972 4.01 
780 978 4.01 
780 990 28.009999999999998 
972 422 0.01 
972 662 3.01 
972 909 3.01 
972 953 14.01 
972 958 8.01 
972 992 14.01 
974 10 2.01 
974 14 1.01 
974 805 6.01 
974 940 9.01 
974 972 13.01 
974 980 3.01 
990 298 1.01 
990 724 12.01 
990 780 4.01 
990 834 3.01 
990 877 5.01 
990 992 18.009999999999998 
992 677 2.01 
992 882 10.01 
992 914 9.01 
992 920 8.01 
992 953 23.009999999999998 
992 958 11.01 
9 558 0.01 
9 808 0.01 
9 821 1.01 
9 841 0.01 
9 845 0.01 
9 950 0.01 
9 988 0.01 
808 249 1.01 
808 725 2.01 
808 759 2.01 
808 883 1.01 
808 985 2.01 
808 997 2.01 
950 0 1.01 
950 237 0.01 
950 373 2.01 
950 553 2.01 
950 701 1.01 
950 734 5.01 
988 156 0.01 
988 518 2.01 
988 598 1.01 
988 734 0.01 
988 948 1.01 
988 950 1.01 
10 501 0.01 
10 762 0.01 
10 857 0.01 
10 876 0.01 
10 974 5.01 
10 983 1.01 
10 992 2.01 
501 422 0.01 
501 723 0.01 
501 909 0.01 
501 917 0.01 
501 954 1.01 
501 978 1.01 
501 992 1.01 
762 8 2.01 
762 894 1.01 
762 908 0.01 
762 939 1.01 
762 958 0.01 
762 974 1.01 
762 978 2.01 
857 67 0.01 
857 514 1.01 
857 865 2.01 
857 886 0.01 
857 947 6.01 
857 987 1.01 
876 351 0.01 
876 771 1.01 
876 818 0.01 
876 877 0.01 
876 958 21.009999999999998 
876 990 10.01 
983 675 5.01 
983 701 2.01 
983 720 5.01 
983 791 1.01 
983 845 2.01 
983 884 11.01 
11 593 0.01 
11 729 0.01 
11 806 0.01 
11 899 0.01 
11 927 1.01 
11 940 0.01 
11 977 1.01 
593 441 0.01 
593 550 2.01 
593 781 0.01 
593 804 0.01 
593 869 1.01 
593 899 1.01 
593 987 5.01 
729 376 0.01 
729 390 0.01 
729 581 0.01 
729 734 0.01 
729 888 0.01 
729 922 0.01 
729 982 2.01 
806 429 0.01 
806 543 0.01 
806 790 3.01 
806 858 1.01 
806 982 0.01 
806 987 2.01 
899 606 2.01 
899 892 2.01 
899 918 1.01 
899 977 3.01 
899 982 2.01 
899 987 3.01 
927 181 1.01 
927 206 0.01 
927 857 1.01 
927 858 1.01 
927 941 3.01 
927 994 9.01 
940 168 0.01 
940 634 1.01 
940 724 3.01 
940 770 3.01 
940 780 3.01 
940 920 14.01 
12 219 0.01 
12 684 0.01 
12 920 0.01 
12 958 1.01 
12 972 1.01 
12 990 5.01 
12 992 1.01 
219 126 0.01 
219 322 0.01 
219 344 0.01 
219 585 0.01 
219 630 0.01 
219 979 0.01 
219 991 4.01 
684 40 0.01 
684 74 1.01 
684 573 0.01 
684 657 0.01 
684 662 0.01 
684 919 0.01 
684 974 1.01 
920 40 0.01 
920 894 3.01 
920 914 7.01 
920 940 10.01 
920 962 0.01 
920 974 11.01 
958 770 10.01 
958 805 2.01 
958 829 1.01 
958 876 6.01 
958 959 2.01 
958 990 27.009999999999998 
13 909 0.01 
13 915 0.01 
13 945 1.01 
13 962 0.01 
13 974 1.01 
13 990 0.01 
13 992 0.01 
909 534 4.01 
909 786 1.01 
909 818 0.01 
909 872 0.01 
909 974 6.01 
909 978 2.01 
915 307 0.01 
915 809 1.01 
915 901 0.01 
915 930 0.01 
915 946 1.01 
915 952 3.01 
945 455 2.01 
945 468 0.01 
945 622 0.01 
945 628 6.01 
945 818 7.01 
945 990 7.01 
14 769 0.01 
14 909 1.01 
14 914 6.01 
14 972 5.01 
14 974 18.009999999999998 
14 978 3.01 
14 990 4.01 
769 256 0.01 
769 591 0.01 
769 805 5.01 
769 859 0.01 
769 894 2.01 
769 978 1.01 
769 990 1.01 
914 299 2.01 
914 770 10.01 
914 805 8.01 
914 940 9.01 
914 978 22.009999999999998 
914 990 11.01 
978 628 3.01 
978 753 2.01 
978 848 9.01 
978 914 13.01 
978 953 5.01 
978 974 10.01 
15 23 0.01 
15 404 1.01 
15 666 0.01 
15 683 0.01 
15 821 0.01 
15 987 0.01 
15 998 1.01 
23 107 0.01 
23 439 0.01 
23 563 0.01 
23 625 1.01 
23 829 0.01 
23 942 0.01 
23 955 0.01 
404 402 0.01 
404 648 0.01 
404 735 0.01 
404 933 0.01 
404 980 1.01 
404 988 0.01 
404 995 0.01 
666 278 0.01 
666 726 1.01 
666 738 1.01 
666 829 0.01 
666 883 1.01 
666 925 1.01 
666 997 4.01 
683 339 1.01 
683 402 1.01 
683 487 0.01 
683 617 0.01 
683 634 0.01 
683 740 0.01 
683 793 1.01 
987 577 3.01 
987 675 1.01 
987 687 7.01 
987 722 1.01 
987 966 1.01 
987 981 14.01 
998 99 1.01 
998 540 5.01 
998 896 7.01 
998 939 4.01 
998 959 9.01 
998 973 12.01 
16 38 0.01 
16 679 0.01 
16 776 0.01 
16 819 1.01 
16 843 0.01 
16 996 1.01 
16 999 2.01 
38 66 0.01 
38 583 1.01 
38 730 1.01 
38 843 0.01 
38 955 1.01 
38 996 0.01 
38 999 0.01 
679 412 0.01 
679 416 0.01 
679 631 0.01 
679 696 0.01 
679 789 0.01 
679 895 0.01 
679 999 2.01 
776 385 0.01 
776 895 1.01 
776 931 0.01 
776 932 0.01 
776 986 1.01 
776 996 2.01 
776 999 5.01 
819 642 0.01 
819 663 0.01 
819 852 0.01 
819 855 0.01 
819 923 1.01 
819 967 0.01 
843 408 1.01 
843 412 1.01 
843 445 1.01 
843 887 1.01 
843 898 0.01 
843 999 4.01 
17 240 0.01 
17 536 0.01 
17 561 0.01 
17 642 0.01 
17 876 0.01 
17 985 3.01 
17 997 3.01 
240 521 0.01 
240 654 0.01 
240 743 0.01 
240 866 0.01 
240 960 0.01 
240 983 0.01 
240 998 1.01 
536 44 0.01 
536 153 0.01 
536 342 0.01 
536 925 0.01 
536 973 0.01 
536 985 1.01 
536 997 1.01 
561 96 0.01 
561 311 0.01 
561 713 0.01 
561 725 0.01 
561 798 1.01 
561 930 1.01 
561 993 18.009999999999998 
642 292 0.01 
642 325 0.01 
642 498 0.01 
642 925 0.01 
642 939 1.01 
642 985 0.01 
642 997 2.01 
997 191 1.01 
997 223 1.01 
997 738 4.01 
997 939 23.009999999999998 
997 985 19.009999999999998 
997 991 4.01 
18 7 0.01 
18 102 0.01 
18 150 0.01 
18 782 0.01 
18 891 1.01 
18 933 0.01 
18 993 2.01 
102 84 0.01 
102 131 0.01 
102 383 0.01 
102 791 0.01 
102 907 2.01 
102 952 1.01 
102 998 4.01 
150 257 0.01 
150 261 0.01 
150 284 0.01 
150 321 0.01 
150 546 0.01 
150 885 1.01 
150 891 0.01 
782 271 0.01 
782 771 1.01 
782 855 0.01 
782 919 1.01 
782 946 0.01 
782 964 0.01 
782 993 0.01 
891 96 2.01 
891 102 1.01 
891 867 1.01 
891 916 2.01 
891 961 2.01 
891 993 4.01 
993 561 2.01 
993 639 0.01 
993 747 1.01 
993 842 4.01 
993 979 5.01 
993 984 20.009999999999998 
19 292 1.01 
19 440 0.01 
19 528 0.01 
19 728 0.01 
19 732 2.01 
19 863 0.01 
19 982 0.01 
292 132 0.01 
292 135 0.01 
292 148 0.01 
292 761 0.01 
292 828 1.01 
292 925 0.01 
292 997 0.01 
440 28 0.01 
440 111 0.01 
440 160 0.01 
440 170 0.01 
440 325 0.01 
440 861 1.01 
440 987 1.01 
528 387 1.01 
528 503 0.01 
528 550 2.01 
528 621 0.01 
528 729 0.01 
528 877 0.01 
528 936 0.01 
728 291 0.01 
728 581 0.01 
728 772 0.01 
728 902 0.01 
728 986 2.01 
728 996 1.01 
728 999 8.01 
732 383 1.01 
732 663 0.01 
732 721 0.01 
732 842 2.01 
732 901 0.01 
732 919 0.01 
732 988 1.01 
863 201 0.01 
863 701 0.01 
863 898 0.01 
863 903 0.01 
863 981 1.01 
863 987 1.01 
982 251 0.01 
982 387 1.01 
982 550 3.01 
982 593 1.01 
982 788 2.01 
982 997 2.01 
20 35 0.01 
20 471 0.01 
20 762 1.01 
20 923 0.01 
20 949 2.01 
20 958 0.01 
20 989 0.01 
35 110 0.01 
35 137 0.01 
35 405 0.01 
35 742 0.01 
35 745 0.01 
35 813 1.01 
35 989 2.01 
471 75 0.01 
471 95 0.01 
471 231 0.01 
471 847 0.01 
471 923 0.01 
471 934 0.01 
471 948 0.01 
949 35 0.01 
949 49 0.01 
949 80 1.01 
949 82 1.01 
949 750 1.01 
949 968 2.01 
989 82 1.01 
989 123 2.01 
989 215 0.01 
989 447 1.01 
989 903 2.01 
989 999 13.01 
21 330 0.01 
21 370 0.01 
21 566 1.01 
21 580 0.01 
21 587 0.01 
21 691 0.01 
21 977 0.01 
330 423 0.01 
330 463 0.01 
330 625 1.01 
330 717 0.01 
330 821 0.01 
330 958 1.01 
330 983 0.01 
370 136 0.01 
370 825 0.01 
370 948 1.01 
370 949 1.01 
370 966 0.01 
370 973 0.01 
370 989 0.01 
566 629 0.01 
566 677 0.01 
566 718 0.01 
566 961 0.01 
566 986 0.01 
566 990 0.01 
566 999 1.01 
580 47 0.01 
580 164 0.01 
580 587 0.01 
580 717 1.01 
580 759 0.01 
580 978 0.01 
580 994 1.01 
587 423 0.01 
587 703 0.01 
587 756 0.01 
587 803 0.01 
587 988 1.01 
587 991 0.01 
587 993 0.01 
691 814 0.01 
691 893 0.01 
691 938 0.01 
691 967 0.01 
691 974 1.01 
691 979 0.01 
691 991 3.01 
22 252 0.01 
22 414 0.01 
22 433 0.01 
22 879 1.01 
22 880 0.01 
22 966 0.01 
22 998 0.01 
252 802 0.01 
252 844 0.01 
252 891 0.01 
252 952 1.01 
252 964 1.01 
252 984 0.01 
252 986 1.01 
414 54 0.01 
414 323 0.01 
414 370 0.01 
414 405 0.01 
414 913 1.01 
414 959 2.01 
414 989 2.01 
433 326 1.01 
433 401 0.01 
433 531 0.01 
433 787 0.01 
433 905 2.01 
433 911 2.01 
433 989 0.01 
879 96 0.01 
879 225 0.01 
879 471 1.01 
879 742 3.01 
879 906 2.01 
879 959 0.01 
880 337 0.01 
880 574 0.01 
880 948 6.01 
880 949 1.01 
880 997 2.01 
880 998 7.01 
107 155 0.01 
107 216 0.01 
107 361 0.01 
107 703 0.01 
107 706 0.01 
107 747 0.01 
107 993 0.01 
439 1 0.01 
439 338 0.01 
439 458 0.01 
439 700 1.01 
439 836 0.01 
439 944 0.01 
439 983 3.01 
563 393 0.01 
563 537 0.01 
563 594 0.01 
563 864 0.01 
563 935 0.01 
563 957 0.01 
563 994 0.01 
625 488 0.01 
625 578 0.01 
625 735 1.01 
625 896 0.01 
625 933 0.01 
625 957 0.01 
625 996 1.01 
829 17 1.01 
829 147 2.01 
829 345 0.01 
829 406 1.01 
829 943 2.01 
829 997 7.01 
942 569 0.01 
942 609 1.01 
942 752 0.01 
942 837 1.01 
942 970 2.01 
942 994 7.01 
24 188 0.01 
24 449 1.01 
24 693 0.01 
24 826 0.01 
24 889 1.01 
24 965 6.01 
24 998 0.01 
188 116 0.01 
188 693 0.01 
188 711 0.01 
188 921 1.01 
188 965 0.01 
188 987 0.01 
188 995 0.01 
449 293 0.01 
449 332 0.01 
449 346 0.01 
449 482 1.01 
449 823 0.01 
449 921 1.01 
449 995 0.01 
693 577 0.01 
693 921 0.01 
693 931 0.01 
693 969 1.01 
693 971 0.01 
693 981 1.01 
693 995 0.01 
889 397 1.01 
889 442 0.01 
889 783 2.01 
889 937 0.01 
889 965 2.01 
889 995 13.01 
965 763 3.01 
965 765 1.01 
965 832 3.01 
965 969 3.01 
965 991 2.01 
965 999 12.01 
25 605 0.01 
25 614 0.01 
25 618 0.01 
25 885 1.01 
25 890 0.01 
25 927 1.01 
25 975 19.009999999999998 
605 809 1.01 
605 881 1.01 
605 912 1.01 
605 914 1.01 
605 927 1.01 
605 970 1.01 
605 994 1.01 
614 181 1.01 
614 605 0.01 
614 779 0.01 
614 936 1.01 
614 941 1.01 
614 966 1.01 
614 994 1.01 
618 23 1.01 
618 72 0.01 
618 633 1.01 
618 886 0.01 
618 899 0.01 
618 981 3.01 
618 987 0.01 
885 404 0.01 
885 605 0.01 
885 907 0.01 
885 947 0.01 
885 975 3.01 
885 994 5.01 
890 2 1.01 
890 24 0.01 
890 196 0.01 
890 498 0.01 
890 900 1.01 
890 995 4.01 
26 135 0.01 
26 300 1.01 
26 453 0.01 
26 855 0.01 
26 890 1.01 
26 965 0.01 
26 995 0.01 
135 203 0.01 
135 291 1.01 
135 681 1.01 
135 856 0.01 
135 894 1.01 
135 977 1.01 
135 995 0.01 
300 696 0.01 
300 846 1.01 
300 889 0.01 
300 900 0.01 
300 969 0.01 
300 974 0.01 
300 995 0.01 
453 60 0.01 
453 128 0.01 
453 801 0.01 
453 810 0.01 
453 886 0.01 
453 899 1.01 
453 977 0.01 
855 176 1.01 
855 365 0.01 
855 486 0.01 
855 746 1.01 
855 793 0.01 
855 983 1.01 
27 78 0.01 
27 501 0.01 
27 877 0.01 
27 917 2.01 
27 920 0.01 
27 958 1.01 
27 992 0.01 
78 13 1.01 
78 44 0.01 
78 597 0.01 
78 677 1.01 
78 859 1.01 
78 945 0.01 
78 992 2.01 
877 218 1.01 
877 591 2.01 
877 657 2.01 
877 859 3.01 
877 972 3.01 
877 992 11.01 
917 573 1.01 
917 769 1.01 
917 920 3.01 
917 940 2.01 
917 990 7.01 
917 992 3.01 
28 85 0.01 
28 207 0.01 
28 729 0.01 
28 977 0.01 
28 982 0.01 
28 986 0.01 
28 999 1.01 
85 45 0.01 
85 145 0.01 
85 608 1.01 
85 729 0.01 
85 899 0.01 
85 912 0.01 
85 981 0.01 
207 2 0.01 
207 14 0.01 
207 175 0.01 
207 493 1.01 
207 505 1.01 
207 886 0.01 
207 981 0.01 
986 269 1.01 
986 341 0.01 
986 367 0.01 
986 623 0.01 
986 792 3.01 
986 999 57.01 
29 30 0.01 
29 596 0.01 
29 598 0.01 
29 759 1.01 
29 771 0.01 
29 961 0.01 
29 987 0.01 
30 43 0.01 
30 227 0.01 
30 443 0.01 
30 518 0.01 
30 734 1.01 
30 909 0.01 
30 951 0.01 
596 362 0.01 
596 556 0.01 
596 685 0.01 
596 709 1.01 
596 910 1.01 
596 922 0.01 
596 993 0.01 
598 192 0.01 
598 197 0.01 
598 430 0.01 
598 729 0.01 
598 884 1.01 
598 976 1.01 
598 988 13.01 
759 280 0.01 
759 347 0.01 
759 725 0.01 
759 799 0.01 
759 808 1.01 
759 985 3.01 
759 997 4.01 
771 468 1.01 
771 512 4.01 
771 834 0.01 
771 945 2.01 
771 978 1.01 
771 990 4.01 
771 992 4.01 
961 234 0.01 
961 451 0.01 
961 456 1.01 
961 847 1.01 
961 853 0.01 
961 931 6.01 
43 48 0.01 
43 333 0.01 
43 583 1.01 
43 685 0.01 
43 704 0.01 
43 731 0.01 
43 884 1.01 
227 245 0.01 
227 524 0.01 
227 532 1.01 
227 777 0.01 
227 887 1.01 
227 966 0.01 
227 988 4.01 
443 328 1.01 
443 470 0.01 
443 535 0.01 
443 542 0.01 
443 874 0.01 
443 922 0.01 
443 985 0.01 
518 9 0.01 
518 227 0.01 
518 471 0.01 
518 737 0.01 
518 776 0.01 
518 778 0.01 
518 852 0.01 
734 508 0.01 
734 720 0.01 
734 841 0.01 
734 895 1.01 
734 950 3.01 
734 958 2.01 
734 988 11.01 
951 356 1.01 
951 773 4.01 
951 873 0.01 
951 883 0.01 
951 930 0.01 
951 997 10.01 
31 113 0.01 
31 482 1.01 
31 620 0.01 
31 684 0.01 
31 690 0.01 
31 784 0.01 
31 976 0.01 
113 362 0.01 
113 757 0.01 
113 795 1.01 
113 844 0.01 
113 930 0.01 
113 974 0.01 
113 976 0.01 
482 660 0.01 
482 822 0.01 
482 833 0.01 
482 932 0.01 
482 944 0.01 
482 950 1.01 
482 968 0.01 
620 277 1.01 
620 384 0.01 
620 428 0.01 
620 531 0.01 
620 855 0.01 
620 944 1.01 
620 976 0.01 
690 64 0.01 
690 358 0.01 
690 604 0.01 
690 921 1.01 
690 968 1.01 
690 976 0.01 
690 996 2.01 
784 620 0.01 
784 700 1.01 
784 765 0.01 
784 780 0.01 
784 921 0.01 
784 965 1.01 
784 969 0.01 
976 208 0.01 
976 712 2.01 
976 866 1.01 
976 918 1.01 
976 956 2.01 
976 963 7.01 
32 273 0.01 
32 309 1.01 
32 318 0.01 
32 349 0.01 
32 563 0.01 
32 600 1.01 
32 957 0.01 
273 369 1.01 
273 480 1.01 
273 661 0.01 
273 703 1.01 
273 833 0.01 
273 955 0.01 
273 957 1.01 
309 185 1.01 
309 404 0.01 
309 587 0.01 
309 706 0.01 
309 768 0.01 
309 957 0.01 
309 999 0.01 
318 523 0.01 
318 533 0.01 
318 662 0.01 
318 668 0.01 
318 941 1.01 
318 960 0.01 
318 998 0.01 
349 24 0.01 
349 365 0.01 
349 667 0.01 
349 864 1.01 
349 916 0.01 
349 964 0.01 
349 984 1.01 
600 32 1.01 
600 330 1.01 
600 347 0.01 
600 713 1.01 
600 827 0.01 
600 925 0.01 
600 933 0.01 
957 245 1.01 
957 429 2.01 
957 493 0.01 
957 785 0.01 
957 929 1.01 
957 953 0.01 
33 64 0.01 
33 479 0.01 
33 627 1.01 
33 705 0.01 
33 849 0.01 
33 996 1.01 
33 999 0.01 
64 100 0.01 
64 154 0.01 
64 357 0.01 
64 432 0.01 
64 954 0.01 
64 968 0.01 
64 976 0.01 
479 21 0.01 
479 539 0.01 
479 792 1.01 
479 898 1.01 
479 955 0.01 
479 961 1.01 
479 983 1.01 
705 792 1.01 
705 887 0.01 
705 898 0.01 
705 928 0.01 
705 955 0.01 
705 986 2.01 
705 999 6.01 
849 1 0.01 
849 406 7.01 
849 420 0.01 
849 590 0.01 
849 826 0.01 
849 997 0.01 
34 438 0.01 
34 649 0.01 
34 694 0.01 
34 781 0.01 
34 914 1.01 
34 923 0.01 
34 989 0.01 
438 65 0.01 
438 442 0.01 
438 742 1.01 
438 750 0.01 
438 754 2.01 
438 916 0.01 
438 949 0.01 
649 326 0.01 
649 867 0.01 
649 903 0.01 
649 906 0.01 
649 974 0.01 
649 979 0.01 
649 989 1.01 
694 246 0.01 
694 591 0.01 
694 650 0.01 
694 710 0.01 
694 911 0.01 
694 926 0.01 
694 998 1.01 
781 413 0.01 
781 508 0.01 
781 742 0.01 
781 867 0.01 
781 966 1.01 
781 972 1.01 
781 989 1.01 
110 463 0.01 
110 705 0.01 
110 812 0.01 
110 896 2.01 
110 973 7.01 
110 976 4.01 
110 998 12.01 
137 20 0.01 
137 49 0.01 
137 656 0.01 
137 665 2.01 
137 800 0.01 
137 934 0.01 
137 989 1.01 
405 34 0.01 
405 279 1.01 
405 322 0.01 
405 323 1.01 
405 787 0.01 
405 867 2.01 
405 950 0.01 
742 368 1.01 
742 649 0.01 
742 722 0.01 
742 781 0.01 
742 879 1.01 
742 948 1.01 
742 966 0.01 
745 697 1.01 
745 712 0.01 
745 735 0.01 
745 875 1.01 
745 938 0.01 
745 979 2.01 
745 991 1.01 
813 564 1.01 
813 622 2.01 
813 754 0.01 
813 894 0.01 
813 930 0.01 
813 966 2.01 
36 63 0.01 
36 417 0.01 
36 894 1.01 
36 963 0.01 
36 964 0.01 
36 980 1.01 
36 997 1.01 
63 102 0.01 
63 106 0.01 
63 739 0.01 
63 787 0.01 
63 844 0.01 
63 966 3.01 
63 980 6.01 
417 354 1.01 
417 638 0.01 
417 690 0.01 
417 715 0.01 
417 795 0.01 
417 908 0.01 
417 968 1.01 
894 363 1.01 
894 876 2.01 
894 953 4.01 
894 974 4.01 
894 978 3.01 
894 992 11.01 
963 526 3.01 
963 739 4.01 
963 748 0.01 
963 872 0.01 
963 956 3.01 
963 980 11.01 
980 744 0.01 
980 797 1.01 
980 913 3.01 
980 963 11.01 
980 976 8.01 
980 999 13.01 
37 18 0.01 
37 297 0.01 
37 426 0.01 
37 782 0.01 
37 962 1.01 
37 967 0.01 
37 993 0.01 
297 275 0.01 
297 688 0.01 
297 785 0.01 
297 806 0.01 
297 899 2.01 
297 977 0.01 
297 989 1.01 
426 476 0.01 
426 481 0.01 
426 595 0.01 
426 853 0.01 
426 880 1.01 
426 924 0.01 
426 978 0.01 
66 47 0.01 
66 304 0.01 
66 815 0.01 
66 893 0.01 
66 904 0.01 
66 989 0.01 
66 991 2.01 
583 268 0.01 
583 629 1.01 
583 718 0.01 
583 775 0.01 
583 985 1.01 
583 996 0.01 
583 999 0.01 
730 61 0.01 
730 353 0.01 
730 629 0.01 
730 847 0.01 
730 955 1.01 
730 996 0.01 
730 999 1.01 
39 125 0.01 
39 144 0.01 
39 200 0.01 
39 611 0.01 
39 812 1.01 
39 909 0.01 
39 979 0.01 
125 144 0.01 
125 436 0.01 
125 660 1.01 
125 678 1.01 
125 712 1.01 
125 943 0.01 
125 968 1.01 
144 220 0.01 
144 352 0.01 
144 474 0.01 
144 516 0.01 
144 714 0.01 
144 721 0.01 
144 976 1.01 
200 532 0.01 
200 883 0.01 
200 929 1.01 
200 938 0.01 
200 979 0.01 
200 982 0.01 
200 992 0.01 
611 66 0.01 
611 177 0.01 
611 213 0.01 
611 452 1.01 
611 602 0.01 
611 815 1.01 
611 984 1.01 
812 215 0.01 
812 385 0.01 
812 937 1.01 
812 946 1.01 
812 981 1.01 
812 995 0.01 
40 760 0.01 
40 848 0.01 
40 909 0.01 
40 954 0.01 
40 972 0.01 
40 990 1.01 
40 992 4.01 
760 316 0.01 
760 597 1.01 
760 628 0.01 
760 634 1.01 
760 909 0.01 
760 958 1.01 
760 992 5.01 
848 368 0.01 
848 753 6.01 
848 818 1.01 
848 914 5.01 
848 945 1.01 
848 974 2.01 
954 184 1.01 
954 545 1.01 
954 559 0.01 
954 582 0.01 
954 980 6.01 
954 999 3.01 
157 178 0.01 
157 313 0.01 
157 562 0.01 
157 650 0.01 
157 694 0.01 
157 802 1.01 
157 998 4.01 
486 319 0.01 
486 358 0.01 
486 732 1.01 
486 852 3.01 
486 904 2.01 
486 938 1.01 
486 967 9.01 
668 95 1.01 
668 240 0.01 
668 460 0.01 
668 597 0.01 
668 651 1.01 
668 820 0.01 
668 998 1.01 
785 578 0.01 
785 644 0.01 
785 735 0.01 
785 870 0.01 
785 960 0.01 
785 973 1.01 
785 998 1.01 
838 590 0.01 
838 614 0.01 
838 710 0.01 
838 936 0.01 
838 973 1.01 
838 998 6.01 
851 695 0.01 
851 891 1.01 
851 930 0.01 
851 967 5.01 
851 983 2.01 
851 993 1.01 
42 91 1.01 
42 382 0.01 
42 681 0.01 
42 809 0.01 
42 845 0.01 
42 942 0.01 
42 979 0.01 
91 21 0.01 
91 251 0.01 
91 455 0.01 
91 537 0.01 
91 724 0.01 
91 974 0.01 
91 995 0.01 
382 25 0.01 
382 681 0.01 
382 719 0.01 
382 736 0.01 
382 807 1.01 
382 944 0.01 
382 994 1.01 
681 180 0.01 
681 514 0.01 
681 807 0.01 
681 809 0.01 
681 857 0.01 
681 885 0.01 
681 994 1.01 
809 5 0.01 
809 312 0.01 
809 715 1.01 
809 973 0.01 
809 975 2.01 
809 994 13.01 
48 29 1.01 
48 169 1.01 
48 274 0.01 
48 768 1.01 
48 836 1.01 
48 988 0.01 
48 999 0.01 
333 87 0.01 
333 594 1.01 
333 730 0.01 
333 758 1.01 
333 778 0.01 
333 950 1.01 
333 972 1.01 
685 50 0.01 
685 619 0.01 
685 881 1.01 
685 922 0.01 
685 947 0.01 
685 983 0.01 
685 988 0.01 
704 133 0.01 
704 309 0.01 
704 800 1.01 
704 900 0.01 
704 960 0.01 
704 965 0.01 
704 995 1.01 
731 84 0.01 
731 140 0.01 
731 491 0.01 
731 645 0.01 
731 709 1.01 
731 983 1.01 
731 999 1.01 
884 389 0.01 
884 491 0.01 
884 790 0.01 
884 851 3.01 
884 922 0.01 
884 983 5.01 
44 229 0.01 
44 374 0.01 
44 760 0.01 
44 974 0.01 
44 978 0.01 
44 983 0.01 
44 992 1.01 
229 10 0.01 
229 381 0.01 
229 876 2.01 
229 972 1.01 
229 978 1.01 
229 990 1.01 
229 992 1.01 
374 63 0.01 
374 424 0.01 
374 532 0.01 
374 575 0.01 
374 887 0.01 
374 967 0.01 
374 979 0.01 
45 205 0.01 
45 228 1.01 
45 754 0.01 
45 900 0.01 
45 921 0.01 
45 982 1.01 
45 995 0.01 
205 407 1.01 
205 597 0.01 
205 642 1.01 
205 759 1.01 
205 925 1.01 
205 951 0.01 
205 997 5.01 
228 609 0.01 
228 666 0.01 
228 943 0.01 
228 976 0.01 
228 985 0.01 
228 987 1.01 
228 997 3.01 
754 414 0.01 
754 630 0.01 
754 906 0.01 
754 922 1.01 
754 923 0.01 
754 966 2.01 
754 988 2.01 
900 308 1.01 
900 569 0.01 
900 711 1.01 
900 721 0.01 
900 832 1.01 
900 965 0.01 
921 288 0.01 
921 312 0.01 
921 696 1.01 
921 823 1.01 
921 874 0.01 
921 995 0.01 
46 122 0.01 
46 395 0.01 
46 547 0.01 
46 619 0.01 
46 895 0.01 
46 931 0.01 
46 999 1.01 
122 278 0.01 
122 430 0.01 
122 642 0.01 
122 845 0.01 
122 868 0.01 
122 934 0.01 
122 988 1.01 
395 407 0.01 
395 764 1.01 
395 774 0.01 
395 851 1.01 
395 946 0.01 
395 964 1.01 
395 984 0.01 
547 479 0.01 
547 588 0.01 
547 622 0.01 
547 627 0.01 
547 796 0.01 
547 986 0.01 
547 999 1.01 
619 16 0.01 
619 846 0.01 
619 931 0.01 
619 986 2.01 
619 987 2.01 
619 992 0.01 
619 999 2.01 
895 874 0.01 
895 931 2.01 
895 947 0.01 
895 955 0.01 
895 991 1.01 
895 999 3.01 
931 248 0.01 
931 445 2.01 
931 607 0.01 
931 650 1.01 
931 862 2.01 
931 999 3.01 
47 552 0.01 
47 564 0.01 
47 612 1.01 
47 745 0.01 
47 893 0.01 
47 956 0.01 
47 991 0.01 
552 343 0.01 
552 360 0.01 
552 435 0.01 
552 524 0.01 
552 849 0.01 
552 910 0.01 
552 983 1.01 
564 62 0.01 
564 139 1.01 
564 371 3.01 
564 442 0.01 
564 750 2.01 
564 923 1.01 
564 984 1.01 
612 396 1.01 
612 710 0.01 
612 815 1.01 
612 875 0.01 
612 937 0.01 
612 962 1.01 
612 990 2.01 
893 160 0.01 
893 420 1.01 
893 593 0.01 
893 664 0.01 
893 812 1.01 
893 975 0.01 
956 317 0.01 
956 432 0.01 
956 502 0.01 
956 932 4.01 
956 954 3.01 
956 958 6.01 
169 26 1.01 
169 78 1.01 
169 768 0.01 
169 897 1.01 
169 950 0.01 
169 973 0.01 
169 974 0.01 
274 124 0.01 
274 388 0.01 
274 767 0.01 
274 838 0.01 
274 905 0.01 
274 989 0.01 
274 998 0.01 
768 13 1.01 
768 509 0.01 
768 535 1.01 
768 549 0.01 
768 748 0.01 
768 868 0.01 
768 957 0.01 
49 279 1.01 
49 371 0.01 
49 564 2.01 
49 595 1.01 
49 665 0.01 
49 952 1.01 
49 989 0.01 
279 20 0.01 
279 699 0.01 
279 903 0.01 
279 923 2.01 
279 931 1.01 
279 934 0.01 
279 966 0.01 
371 576 0.01 
371 604 0.01 
371 813 1.01 
371 906 10.01 
371 949 1.01 
371 966 1.01 
371 989 1.01 
595 157 1.01 
595 206 0.01 
595 237 0.01 
595 668 1.01 
595 924 1.01 
595 991 1.01 
595 998 0.01 
665 133 0.01 
665 649 0.01 
665 880 0.01 
665 888 0.01 
665 934 0.01 
665 959 0.01 
665 989 1.01 
952 277 0.01 
952 395 0.01 
952 716 1.01 
952 891 1.01 
952 967 12.01 
952 987 0.01 
50 112 0.01 
50 700 0.01 
50 701 0.01 
50 932 0.01 
50 983 0.01 
50 984 0.01 
50 988 0.01 
112 672 0.01 
112 720 0.01 
112 811 0.01 
112 836 0.01 
112 922 0.01 
112 960 0.01 
112 980 0.01 
700 223 0.01 
700 403 0.01 
700 737 0.01 
700 916 1.01 
700 925 0.01 
700 983 0.01 
700 988 1.01 
701 174 1.01 
701 287 0.01 
701 554 0.01 
701 873 0.01 
701 892 1.01 
701 970 0.01 
701 983 8.01 
932 334 1.01 
932 452 0.01 
932 472 0.01 
932 714 1.01 
932 837 0.01 
932 868 0.01 
51 320 0.01 
51 888 0.01 
51 892 1.01 
51 912 5.01 
51 961 0.01 
51 977 0.01 
51 992 0.01 
320 386 0.01 
320 640 0.01 
320 647 0.01 
320 928 1.01 
320 995 0.01 
320 996 0.01 
320 999 0.01 
888 222 1.01 
888 493 0.01 
888 520 1.01 
888 932 0.01 
888 935 1.01 
888 981 2.01 
892 152 0.01 
892 435 3.01 
892 726 1.01 
892 810 0.01 
892 931 0.01 
892 977 8.01 
912 51 1.01 
912 275 0.01 
912 536 0.01 
912 714 0.01 
912 926 2.01 
912 987 3.01 
52 192 0.01 
52 408 0.01 
52 458 0.01 
52 854 1.01 
52 945 0.01 
52 977 0.01 
52 988 0.01 
408 119 0.01 
408 156 1.01 
408 775 0.01 
408 830 0.01 
408 969 0.01 
408 985 0.01 
408 996 1.01 
458 48 0.01 
458 50 0.01 
458 524 1.01 
458 868 1.01 
458 890 0.01 
458 972 0.01 
458 983 1.01 
854 71 0.01 
854 778 0.01 
854 884 0.01 
854 937 0.01 
854 952 1.01 
854 983 0.01 
53 214 0.01 
53 241 1.01 
53 507 0.01 
53 655 3.01 
53 900 1.01 
53 969 8.01 
53 995 0.01 
214 258 0.01 
214 346 0.01 
214 449 0.01 
214 783 0.01 
214 963 0.01 
214 965 1.01 
214 998 0.01 
241 198 0.01 
241 349 0.01 
241 708 0.01 
241 763 2.01 
241 915 1.01 
241 946 2.01 
241 997 2.01 
507 524 0.01 
507 638 1.01 
507 698 2.01 
507 945 0.01 
507 967 0.01 
507 977 0.01 
507 981 0.01 
655 214 0.01 
655 295 0.01 
655 409 0.01 
655 533 0.01 
655 693 0.01 
655 992 0.01 
655 995 2.01 
969 53 1.01 
969 448 1.01 
969 450 2.01 
969 607 0.01 
969 822 1.01 
969 994 1.01 
54 313 0.01 
54 341 0.01 
54 547 0.01 
54 636 0.01 
54 711 0.01 
54 841 0.01 
54 898 0.01 
313 391 1.01 
313 636 0.01 
313 654 1.01 
313 764 0.01 
313 960 2.01 
313 971 1.01 
313 992 0.01 
341 58 1.01 
341 557 0.01 
341 607 1.01 
341 751 0.01 
341 964 0.01 
341 996 4.01 
341 999 9.01 
636 46 0.01 
636 473 0.01 
636 566 1.01 
636 690 0.01 
636 741 0.01 
636 776 0.01 
636 843 1.01 
711 163 0.01 
711 450 0.01 
711 548 2.01 
711 890 1.01 
711 928 0.01 
711 994 0.01 
711 995 4.01 
898 173 0.01 
898 675 1.01 
898 862 1.01 
898 961 1.01 
898 996 6.01 
898 999 5.01 
55 82 0.01 
55 506 0.01 
55 560 0.01 
55 631 0.01 
55 926 0.01 
55 977 0.01 
55 998 1.01 
82 123 2.01 
82 174 0.01 
82 555 0.01 
82 610 2.01 
82 707 1.01 
82 948 1.01 
82 966 3.01 
506 332 0.01 
506 567 0.01 
506 954 0.01 
506 977 0.01 
506 981 0.01 
506 985 1.01 
506 987 0.01 
560 272 0.01 
560 441 0.01 
560 611 1.01 
560 756 0.01 
560 827 0.01 
560 863 0.01 
560 987 0.01 
631 158 0.01 
631 618 0.01 
631 688 0.01 
631 749 0.01 
631 877 0.01 
631 987 0.01 
631 994 0.01 
926 28 0.01 
926 35 0.01 
926 415 1.01 
926 492 0.01 
926 586 0.01 
926 912 3.01 
56 408 0.01 
56 705 0.01 
56 730 0.01 
56 931 1.01 
56 943 0.01 
56 997 0.01 
56 999 0.01 
943 557 1.01 
943 667 1.01 
943 861 4.01 
943 951 2.01 
943 985 11.01 
943 997 9.01 
57 299 0.01 
57 752 0.01 
57 807 0.01 
57 885 0.01 
57 927 0.01 
57 942 1.01 
57 970 1.01 
299 677 2.01 
299 848 0.01 
299 877 1.01 
299 909 0.01 
299 974 6.01 
299 990 3.01 
299 992 3.01 
752 180 0.01 
752 359 1.01 
752 681 0.01 
752 858 0.01 
752 896 0.01 
752 935 1.01 
752 975 1.01 
807 5 0.01 
807 150 0.01 
807 284 1.01 
807 970 3.01 
807 973 0.01 
807 975 1.01 
58 202 0.01 
58 379 0.01 
58 539 0.01 
58 571 1.01 
58 705 0.01 
58 830 1.01 
58 999 38.01 
202 400 0.01 
202 533 0.01 
202 743 0.01 
202 780 1.01 
202 824 0.01 
202 932 0.01 
202 998 1.01 
379 219 0.01 
379 691 0.01 
379 908 0.01 
379 928 0.01 
379 975 2.01 
379 979 4.01 
379 991 0.01 
539 473 0.01 
539 575 0.01 
539 775 0.01 
539 961 0.01 
539 986 0.01 
539 996 1.01 
539 999 6.01 
571 421 0.01 
571 558 1.01 
571 789 0.01 
571 846 0.01 
571 862 1.01 
571 960 0.01 
571 999 6.01 
830 345 0.01 
830 728 0.01 
830 741 0.01 
830 919 1.01 
830 996 2.01 
830 999 7.01 
59 190 0.01 
59 799 2.01 
59 883 0.01 
59 951 1.01 
59 985 2.01 
59 997 6.01 
59 999 4.01 
190 457 0.01 
190 631 0.01 
190 640 0.01 
190 943 0.01 
190 949 0.01 
190 961 0.01 
190 999 1.01 
799 249 0.01 
799 400 0.01 
799 939 8.01 
799 940 0.01 
799 985 4.01 
799 997 3.01 
883 440 0.01 
883 817 1.01 
883 943 3.01 
883 968 2.01 
883 985 2.01 
883 997 2.01 
60 300 0.01 
60 451 0.01 
60 582 0.01 
60 632 0.01 
60 784 2.01 
60 969 2.01 
60 995 1.01 
451 115 0.01 
451 181 0.01 
451 608 0.01 
451 830 1.01 
451 895 0.01 
451 986 0.01 
451 999 1.01 
582 264 0.01 
582 334 0.01 
582 417 1.01 
582 427 0.01 
582 615 1.01 
582 744 1.01 
582 918 1.01 
632 193 0.01 
632 397 0.01 
632 448 1.01 
632 655 0.01 
632 921 0.01 
632 969 2.01 
632 999 0.01 
61 631 0.01 
61 632 0.01 
61 740 3.01 
61 863 0.01 
61 889 0.01 
61 977 1.01 
61 987 1.01 
740 61 2.01 
740 593 0.01 
740 631 0.01 
740 722 1.01 
740 765 0.01 
740 886 1.01 
740 989 0.01 
62 751 0.01 
62 801 0.01 
62 846 0.01 
62 931 0.01 
62 955 1.01 
62 973 0.01 
62 999 1.01 
751 161 0.01 
751 209 0.01 
751 570 0.01 
751 961 2.01 
751 969 0.01 
751 996 0.01 
751 999 2.01 
801 8 0.01 
801 55 1.01 
801 658 0.01 
801 923 0.01 
801 926 1.01 
801 977 0.01 
973 110 2.01 
973 268 0.01 
973 272 0.01 
973 637 1.01 
973 794 1.01 
973 862 3.01 
106 355 0.01 
106 462 0.01 
106 844 0.01 
106 897 0.01 
106 944 0.01 
106 968 1.01 
106 995 1.01 
739 195 0.01 
739 339 0.01 
739 432 1.01 
739 582 0.01 
739 837 0.01 
739 932 0.01 
739 976 0.01 
787 208 0.01 
787 903 0.01 
787 948 3.01 
787 949 1.01 
787 959 5.01 
787 968 0.01 
787 972 1.01 
844 125 0.01 
844 141 0.01 
844 695 0.01 
844 976 0.01 
844 980 1.01 
844 994 0.01 
100 744 0.01 
100 755 0.01 
100 872 0.01 
100 954 0.01 
100 963 0.01 
100 975 0.01 
100 980 0.01 
357 17 0.01 
357 615 1.01 
357 925 3.01 
357 943 0.01 
357 975 0.01 
357 994 0.01 
357 997 1.01 
432 652 0.01 
432 703 0.01 
432 712 0.01 
432 963 0.01 
432 976 2.01 
432 986 0.01 
432 994 2.01 
968 262 0.01 
968 540 2.01 
968 799 0.01 
968 804 0.01 
968 906 1.01 
968 954 2.01 
65 89 0.01 
65 331 0.01 
65 494 1.01 
65 633 0.01 
65 955 0.01 
65 982 1.01 
65 987 1.01 
89 658 0.01 
89 726 0.01 
89 753 0.01 
89 790 0.01 
89 888 1.01 
89 973 1.01 
89 977 1.01 
331 261 0.01 
331 528 0.01 
331 827 0.01 
331 863 0.01 
331 912 0.01 
331 987 0.01 
331 992 0.01 
494 485 0.01 
494 791 2.01 
494 842 0.01 
494 860 1.01 
494 901 0.01 
494 952 1.01 
494 997 0.01 
633 506 0.01 
633 567 0.01 
633 863 0.01 
633 869 0.01 
633 953 0.01 
633 982 0.01 
633 985 0.01 
304 159 0.01 
304 238 0.01 
304 745 0.01 
304 893 0.01 
304 937 1.01 
304 957 0.01 
304 979 1.01 
815 94 0.01 
815 116 1.01 
815 374 1.01 
815 794 1.01 
815 901 0.01 
815 991 3.01 
904 316 0.01 
904 494 0.01 
904 702 0.01 
904 798 1.01 
904 824 3.01 
904 930 4.01 
67 629 0.01 
67 673 0.01 
67 748 0.01 
67 807 0.01 
67 871 3.01 
67 942 1.01 
67 994 8.01 
629 320 0.01 
629 895 1.01 
629 928 0.01 
629 931 0.01 
629 955 0.01 
629 965 1.01 
629 999 0.01 
673 431 0.01 
673 489 0.01 
673 587 0.01 
673 761 0.01 
673 933 0.01 
673 977 0.01 
673 991 2.01 
748 324 0.01 
748 366 3.01 
748 936 1.01 
748 947 4.01 
748 951 1.01 
748 970 2.01 
748 994 10.01 
871 813 1.01 
871 873 17.009999999999998 
871 927 2.01 
871 970 7.01 
871 990 2.01 
871 994 11.01 
68 310 0.01 
68 461 1.01 
68 626 1.01 
68 746 0.01 
68 791 0.01 
68 811 1.01 
68 989 0.01 
310 252 0.01 
310 777 0.01 
310 791 1.01 
310 852 0.01 
310 902 0.01 
310 967 1.01 
310 993 0.01 
461 702 0.01 
461 783 0.01 
461 819 1.01 
461 851 1.01 
461 927 0.01 
461 952 0.01 
461 993 0.01 
626 333 0.01 
626 551 0.01 
626 672 0.01 
626 865 0.01 
626 887 0.01 
626 983 0.01 
626 988 1.01 
746 494 0.01 
746 864 1.01 
746 916 0.01 
746 946 2.01 
746 960 0.01 
746 984 2.01 
746 993 1.01 
791 18 0.01 
791 670 0.01 
791 732 0.01 
791 929 0.01 
791 930 10.01 
791 949 1.01 
811 774 1.01 
811 816 0.01 
811 824 1.01 
811 899 1.01 
811 914 1.01 
811 984 2.01 
69 98 0.01 
69 121 0.01 
69 648 1.01 
69 679 0.01 
69 862 0.01 
69 874 0.01 
69 999 0.01 
98 108 0.01 
98 340 0.01 
98 583 0.01 
98 760 0.01 
98 775 0.01 
98 996 0.01 
98 999 0.01 
121 33 0.01 
121 81 0.01 
121 129 0.01 
121 189 0.01 
121 269 0.01 
121 980 1.01 
121 999 1.01 
648 81 0.01 
648 210 0.01 
648 364 0.01 
648 772 1.01 
648 961 0.01 
648 986 1.01 
648 999 1.01 
862 157 0.01 
862 456 0.01 
862 843 2.01 
862 893 0.01 
862 996 1.01 
862 999 5.01 
70 303 1.01 
70 344 0.01 
70 517 0.01 
70 856 0.01 
70 877 0.01 
70 889 0.01 
70 995 0.01 
303 90 0.01 
303 715 0.01 
303 796 0.01 
303 800 1.01 
303 822 0.01 
303 832 0.01 
303 995 0.01 
344 60 0.01 
344 548 0.01 
344 709 0.01 
344 800 0.01 
344 965 0.01 
344 969 0.01 
344 999 0.01 
517 551 0.01 
517 568 0.01 
517 614 0.01 
517 885 2.01 
517 915 0.01 
517 965 2.01 
517 975 10.01 
856 2 0.01 
856 783 1.01 
856 832 2.01 
856 888 0.01 
856 890 1.01 
856 969 1.01 
71 105 0.01 
71 645 1.01 
71 738 1.01 
71 887 0.01 
71 934 0.01 
71 967 0.01 
71 988 0.01 
105 92 1.01 
105 227 0.01 
105 263 0.01 
105 317 0.01 
105 547 0.01 
105 664 0.01 
105 919 0.01 
645 87 0.01 
645 245 0.01 
645 389 1.01 
645 975 0.01 
645 980 0.01 
645 983 0.01 
645 996 0.01 
738 378 0.01 
738 612 0.01 
738 659 0.01 
738 725 1.01 
738 939 4.01 
738 997 24.009999999999998 
738 998 3.01 
887 162 1.01 
887 282 1.01 
887 446 0.01 
887 700 1.01 
887 957 0.01 
887 988 3.01 
934 495 0.01 
934 594 1.01 
934 707 0.01 
934 813 1.01 
934 906 2.01 
934 995 9.01 
72 342 0.01 
72 345 0.01 
72 402 0.01 
72 761 0.01 
72 857 0.01 
72 985 0.01 
72 997 2.01 
342 203 0.01 
342 357 1.01 
342 762 0.01 
342 773 0.01 
342 816 0.01 
342 943 0.01 
342 997 0.01 
345 498 1.01 
345 799 0.01 
345 808 0.01 
345 861 1.01 
345 912 1.01 
345 985 3.01 
345 997 2.01 
402 149 0.01 
402 171 1.01 
402 361 0.01 
402 676 0.01 
402 797 0.01 
402 933 0.01 
402 935 0.01 
761 79 0.01 
761 147 0.01 
761 799 1.01 
761 817 0.01 
761 829 1.01 
761 969 0.01 
761 997 0.01 
73 186 0.01 
73 264 1.01 
73 696 0.01 
73 783 0.01 
73 890 0.01 
73 959 0.01 
73 979 2.01 
186 293 0.01 
186 295 0.01 
186 515 0.01 
186 814 1.01 
186 822 1.01 
186 890 0.01 
186 995 0.01 
264 186 0.01 
264 308 0.01 
264 441 0.01 
264 693 0.01 
264 784 0.01 
264 904 1.01 
264 995 0.01 
696 73 0.01 
696 661 0.01 
696 779 0.01 
696 794 0.01 
696 822 1.01 
696 823 0.01 
696 889 0.01 
783 26 0.01 
783 737 0.01 
783 751 0.01 
783 784 0.01 
783 921 0.01 
783 965 3.01 
783 995 2.01 
959 266 1.01 
959 433 0.01 
959 830 0.01 
959 880 2.01 
959 934 2.01 
959 948 5.01 
74 293 0.01 
74 778 1.01 
74 854 1.01 
74 875 0.01 
74 922 0.01 
74 968 0.01 
74 983 1.01 
293 186 0.01 
293 480 0.01 
293 661 0.01 
293 890 1.01 
293 989 0.01 
293 990 0.01 
293 995 0.01 
778 508 1.01 
778 545 0.01 
778 707 0.01 
778 910 0.01 
778 946 0.01 
778 950 0.01 
778 988 4.01 
875 487 0.01 
875 613 1.01 
875 664 0.01 
875 850 0.01 
875 938 0.01 
875 952 1.01 
75 372 0.01 
75 433 0.01 
75 708 1.01 
75 787 0.01 
75 906 1.01 
75 948 1.01 
75 977 0.01 
372 393 0.01 
372 538 0.01 
372 671 0.01 
372 849 0.01 
372 973 0.01 
372 993 0.01 
372 998 1.01 
708 12 0.01 
708 469 1.01 
708 471 0.01 
708 923 0.01 
708 934 1.01 
708 943 0.01 
708 966 3.01 
906 11 0.01 
906 208 0.01 
906 371 0.01 
906 905 5.01 
906 924 1.01 
906 949 1.01 
948 497 1.01 
948 564 0.01 
948 903 1.01 
948 905 5.01 
948 906 3.01 
948 999 7.01 
76 252 0.01 
76 273 0.01 
76 310 0.01 
76 581 0.01 
76 864 0.01 
76 913 0.01 
76 919 1.01 
581 121 0.01 
581 151 1.01 
581 187 0.01 
581 269 0.01 
581 988 2.01 
581 996 2.01 
581 999 0.01 
864 83 0.01 
864 418 0.01 
864 836 0.01 
864 929 0.01 
864 967 3.01 
864 993 2.01 
913 285 0.01 
913 390 1.01 
913 446 3.01 
913 766 1.01 
913 979 3.01 
913 984 15.01 
919 624 1.01 
919 888 1.01 
919 952 4.01 
919 964 0.01 
919 984 1.01 
919 995 0.01 
77 350 0.01 
77 628 1.01 
77 751 1.01 
77 955 0.01 
77 961 0.01 
77 996 2.01 
77 999 0.01 
350 93 0.01 
350 445 1.01 
350 680 1.01 
350 902 0.01 
350 915 0.01 
350 946 0.01 
350 952 0.01 
628 544 0.01 
628 591 0.01 
628 919 1.01 
628 945 10.01 
628 972 0.01 
628 978 13.01 
628 990 5.01 
597 256 1.01 
597 263 0.01 
597 512 1.01 
597 882 1.01 
597 914 0.01 
597 917 2.01 
597 992 2.01 
677 501 0.01 
677 573 1.01 
677 882 6.01 
677 920 1.01 
677 953 1.01 
677 990 7.01 
677 995 1.01 
859 401 0.01 
859 762 2.01 
859 876 1.01 
859 940 5.01 
859 945 1.01 
859 958 4.01 
79 10 0.01 
79 228 0.01 
79 278 0.01 
79 425 0.01 
79 908 0.01 
79 979 1.01 
79 997 1.01 
278 51 0.01 
278 191 1.01 
278 425 0.01 
278 707 0.01 
278 943 0.01 
278 985 1.01 
278 997 1.01 
425 143 0.01 
425 173 0.01 
425 394 0.01 
425 615 1.01 
425 773 0.01 
425 897 1.01 
425 997 0.01 
80 137 0.01 
80 781 0.01 
80 867 1.01 
80 934 0.01 
80 966 0.01 
80 989 2.01 
80 999 1.01 
867 75 1.01 
867 200 0.01 
867 414 0.01 
867 903 7.01 
867 933 1.01 
867 959 4.01 
81 6 1.01 
81 69 0.01 
81 396 0.01 
81 718 0.01 
81 847 2.01 
81 996 0.01 
81 999 1.01 
396 322 0.01 
396 483 0.01 
396 831 0.01 
396 911 0.01 
396 962 0.01 
396 991 0.01 
396 999 0.01 
847 226 0.01 
847 398 1.01 
847 627 2.01 
847 669 0.01 
847 689 0.01 
847 999 4.01 
123 193 0.01 
123 552 0.01 
123 613 1.01 
123 649 0.01 
123 781 1.01 
123 905 1.01 
123 989 12.01 
174 122 0.01 
174 731 0.01 
174 737 0.01 
174 875 0.01 
174 900 0.01 
174 970 2.01 
174 983 1.01 
555 796 5.01 
555 843 1.01 
555 868 0.01 
555 961 0.01 
555 984 0.01 
555 996 2.01 
555 999 4.01 
610 279 0.01 
610 419 0.01 
610 934 0.01 
610 949 2.01 
610 964 0.01 
610 968 2.01 
610 989 3.01 
707 438 1.01 
707 807 0.01 
707 813 0.01 
707 948 2.01 
707 959 5.01 
707 969 1.01 
707 989 3.01 
83 287 0.01 
83 459 0.01 
83 795 0.01 
83 915 0.01 
83 916 1.01 
83 929 0.01 
83 993 1.01 
287 106 0.01 
287 483 0.01 
287 851 0.01 
287 899 0.01 
287 904 1.01 
287 913 0.01 
287 967 1.01 
459 350 0.01 
459 407 0.01 
459 639 0.01 
459 904 1.01 
459 916 0.01 
459 970 0.01 
459 997 0.01 
795 0 0.01 
795 46 0.01 
795 244 1.01 
795 918 1.01 
795 944 1.01 
795 963 0.01 
916 475 1.01 
916 484 0.01 
916 519 1.01 
916 919 2.01 
916 929 4.01 
916 984 3.01 
929 604 0.01 
929 811 0.01 
929 827 1.01 
929 851 2.01 
929 891 4.01 
929 984 7.01 
84 140 0.01 
84 254 0.01 
84 461 0.01 
84 702 0.01 
84 816 0.01 
84 907 0.01 
84 967 0.01 
140 589 1.01 
140 685 0.01 
140 787 1.01 
140 873 0.01 
140 922 0.01 
140 988 0.01 
140 997 1.01 
254 443 0.01 
254 534 0.01 
254 807 0.01 
254 854 0.01 
254 884 0.01 
254 952 2.01 
254 989 0.01 
702 307 0.01 
702 349 0.01 
702 811 1.01 
702 824 2.01 
702 942 0.01 
702 967 2.01 
702 976 1.01 
816 527 0.01 
816 618 0.01 
816 824 2.01 
816 863 0.01 
816 964 3.01 
816 967 2.01 
907 18 1.01 
907 864 0.01 
907 929 1.01 
907 967 4.01 
907 993 2.01 
907 999 3.01 
145 428 0.01 
145 466 0.01 
145 725 0.01 
145 886 0.01 
145 982 1.01 
145 987 0.01 
145 997 1.01 
608 222 1.01 
608 489 0.01 
608 578 0.01 
608 793 0.01 
608 797 1.01 
608 997 0.01 
608 998 0.01 
981 667 1.01 
981 687 3.01 
981 878 5.01 
981 892 1.01 
981 957 2.01 
981 987 33.01 
86 588 0.01 
86 670 0.01 
86 962 0.01 
86 970 3.01 
86 972 1.01 
86 975 1.01 
86 994 2.01 
588 449 0.01 
588 530 1.01 
588 670 0.01 
588 931 0.01 
588 941 0.01 
588 947 1.01 
588 994 1.01 
670 57 0.01 
670 180 0.01 
670 257 0.01 
670 858 0.01 
670 881 1.01 
670 936 0.01 
670 941 0.01 
87 71 0.01 
87 282 1.01 
87 329 0.01 
87 373 0.01 
87 469 0.01 
87 734 1.01 
87 941 0.01 
282 52 0.01 
282 439 0.01 
282 496 1.01 
282 526 0.01 
282 885 0.01 
282 910 1.01 
282 950 0.01 
329 589 0.01 
329 768 0.01 
329 836 0.01 
329 973 1.01 
329 983 0.01 
329 988 0.01 
329 998 1.01 
373 198 0.01 
373 671 0.01 
373 672 0.01 
373 935 0.01 
373 950 5.01 
373 982 0.01 
373 988 1.01 
469 419 0.01 
469 787 0.01 
469 823 1.01 
469 870 0.01 
469 879 0.01 
469 966 1.01 
469 984 0.01 
941 42 0.01 
941 281 1.01 
941 885 2.01 
941 975 7.01 
941 988 2.01 
941 994 8.01 
88 422 0.01 
88 818 1.01 
88 940 0.01 
88 958 1.01 
88 974 0.01 
88 990 2.01 
88 992 3.01 
422 115 0.01 
422 565 1.01 
422 917 2.01 
422 978 1.01 
422 982 2.01 
422 990 2.01 
422 992 2.01 
818 628 1.01 
818 771 0.01 
818 920 2.01 
818 945 8.01 
818 958 5.01 
818 974 3.01 
658 331 1.01 
658 453 0.01 
658 478 0.01 
658 788 1.01 
658 904 1.01 
658 982 0.01 
658 998 5.01 
726 65 0.01 
726 112 0.01 
726 520 0.01 
726 688 1.01 
726 801 0.01 
726 926 0.01 
726 990 1.01 
753 597 0.01 
753 848 4.01 
753 877 2.01 
753 940 6.01 
753 972 2.01 
753 974 1.01 
753 990 6.01 
790 165 0.01 
790 806 2.01 
790 899 1.01 
790 907 0.01 
790 977 2.01 
790 982 2.01 
790 995 3.01 
90 131 1.01 
90 319 0.01 
90 819 0.01 
90 904 0.01 
90 906 0.01 
90 907 0.01 
90 919 0.01 
131 142 1.01 
131 285 0.01 
131 310 0.01 
131 410 0.01 
131 721 0.01 
131 913 0.01 
131 967 0.01 
319 37 0.01 
319 76 0.01 
319 716 0.01 
319 732 0.01 
319 818 0.01 
319 905 0.01 
319 967 1.01 
251 211 0.01 
251 465 0.01 
251 478 1.01 
251 749 0.01 
251 783 0.01 
251 924 0.01 
251 987 2.01 
455 204 0.01 
455 363 0.01 
455 778 0.01 
455 834 1.01 
455 945 6.01 
455 958 6.01 
455 978 1.01 
537 15 0.01 
537 487 0.01 
537 594 0.01 
537 702 0.01 
537 774 0.01 
537 935 0.01 
537 947 0.01 
724 235 0.01 
724 753 0.01 
724 760 2.01 
724 771 1.01 
724 958 5.01 
724 972 10.01 
724 992 17.009999999999998 
92 33 0.01 
92 706 0.01 
92 854 1.01 
92 874 0.01 
92 961 0.01 
92 996 1.01 
92 999 0.01 
706 142 0.01 
706 232 0.01 
706 427 0.01 
706 596 0.01 
706 689 0.01 
706 957 1.01 
706 997 0.01 
93 76 0.01 
93 244 1.01 
93 777 0.01 
93 845 0.01 
93 946 0.01 
93 964 0.01 
93 993 2.01 
244 692 0.01 
244 749 1.01 
244 833 0.01 
244 912 0.01 
244 954 1.01 
244 959 0.01 
244 963 1.01 
946 109 1.01 
946 241 1.01 
946 311 0.01 
946 561 0.01 
946 864 0.01 
946 929 1.01 
94 336 1.01 
94 521 1.01 
94 542 0.01 
94 691 0.01 
94 875 0.01 
94 962 1.01 
94 995 1.01 
336 239 0.01 
336 585 0.01 
336 815 1.01 
336 831 1.01 
336 843 0.01 
336 962 2.01 
336 999 0.01 
521 160 1.01 
521 195 0.01 
521 812 0.01 
521 850 0.01 
521 920 1.01 
521 979 2.01 
521 999 2.01 
542 140 0.01 
542 388 0.01 
542 468 0.01 
542 518 0.01 
542 617 0.01 
542 745 0.01 
542 927 1.01 
95 146 0.01 
95 665 0.01 
95 754 0.01 
95 880 1.01 
95 903 1.01 
95 949 1.01 
95 992 0.01 
146 65 0.01 
146 297 0.01 
146 466 0.01 
146 555 0.01 
146 726 0.01 
146 924 0.01 
146 981 1.01 
903 119 0.01 
903 250 0.01 
903 438 0.01 
903 630 0.01 
903 867 3.01 
903 934 3.01 
96 130 0.01 
96 485 0.01 
96 518 0.01 
96 811 2.01 
96 819 1.01 
96 902 1.01 
96 993 5.01 
130 645 0.01 
130 713 0.01 
130 785 1.01 
130 794 0.01 
130 820 0.01 
130 911 0.01 
130 998 3.01 
485 90 0.01 
485 459 0.01 
485 519 0.01 
485 639 0.01 
485 802 0.01 
485 901 0.01 
485 984 1.01 
902 84 0.01 
902 167 0.01 
902 253 0.01 
902 802 0.01 
902 848 0.01 
902 901 0.01 
97 477 0.01 
97 485 0.01 
97 523 1.01 
97 589 0.01 
97 876 1.01 
97 973 2.01 
97 998 0.01 
477 41 0.01 
477 98 0.01 
477 286 0.01 
477 590 1.01 
477 840 0.01 
477 971 1.01 
477 973 0.01 
523 120 0.01 
523 163 1.01 
523 426 0.01 
523 559 0.01 
523 854 0.01 
523 924 1.01 
523 998 1.01 
589 415 0.01 
589 428 0.01 
589 596 0.01 
589 836 0.01 
589 845 0.01 
589 988 0.01 
589 990 0.01 
108 380 0.01 
108 795 0.01 
108 954 0.01 
108 968 0.01 
108 980 0.01 
108 981 0.01 
108 993 0.01 
340 190 0.01 
340 233 0.01 
340 616 0.01 
340 776 0.01 
340 846 0.01 
340 913 0.01 
340 965 0.01 
99 124 0.01 
99 460 1.01 
99 794 0.01 
99 891 1.01 
99 940 0.01 
99 973 2.01 
99 998 24.009999999999998 
124 463 0.01 
124 481 0.01 
124 648 1.01 
124 838 1.01 
124 973 1.01 
124 978 2.01 
124 998 4.01 
460 272 1.01 
460 820 0.01 
460 896 0.01 
460 899 0.01 
460 911 0.01 
460 989 2.01 
460 998 5.01 
794 202 0.01 
794 274 0.01 
794 680 0.01 
794 727 1.01 
794 741 1.01 
794 971 3.01 
744 63 1.01 
744 727 0.01 
744 757 0.01 
744 840 0.01 
744 944 1.01 
744 970 1.01 
744 978 0.01 
755 19 0.01 
755 376 0.01 
755 408 0.01 
755 700 1.01 
755 726 1.01 
755 863 0.01 
755 896 0.01 
872 244 1.01 
872 897 0.01 
872 944 1.01 
872 971 1.01 
872 980 5.01 
872 990 0.01 
101 124 0.01 
101 204 1.01 
101 894 0.01 
101 953 0.01 
101 974 1.01 
101 978 0.01 
101 990 0.01 
204 12 0.01 
204 882 1.01 
204 894 1.01 
204 953 3.01 
204 974 0.01 
204 990 0.01 
204 992 2.01 
953 652 1.01 
953 724 5.01 
953 920 4.01 
953 958 10.01 
953 967 3.01 
953 992 24.009999999999998 
383 494 0.01 
383 855 0.01 
383 913 1.01 
383 946 0.01 
383 984 1.01 
383 985 0.01 
383 993 0.01 
103 466 0.01 
103 653 1.01 
103 766 0.01 
103 858 0.01 
103 975 5.01 
103 986 1.01 
103 994 2.01 
466 620 0.01 
466 749 0.01 
466 888 0.01 
466 941 0.01 
466 981 1.01 
466 982 1.01 
466 987 0.01 
653 86 2.01 
653 719 0.01 
653 871 2.01 
653 890 0.01 
653 937 3.01 
653 947 1.01 
653 994 3.01 
766 258 0.01 
766 623 2.01 
766 752 1.01 
766 809 0.01 
766 819 0.01 
766 975 6.01 
766 994 1.01 
104 36 0.01 
104 434 0.01 
104 588 0.01 
104 744 1.01 
104 872 0.01 
104 975 1.01 
104 987 0.01 
434 162 0.01 
434 243 0.01 
434 482 1.01 
434 690 0.01 
434 963 1.01 
434 980 1.01 
434 985 1.01 
317 284 0.01 
317 392 0.01 
317 695 0.01 
317 797 1.01 
317 872 0.01 
317 954 0.01 
317 980 2.01 
664 6 0.01 
664 152 0.01 
664 289 0.01 
664 743 0.01 
664 814 0.01 
664 969 0.01 
664 996 0.01 
355 112 0.01 
355 478 0.01 
355 552 1.01 
355 719 0.01 
355 775 0.01 
355 922 0.01 
355 951 0.01 
462 64 0.01 
462 68 0.01 
462 141 3.01 
462 262 1.01 
462 678 2.01 
462 954 1.01 
462 971 0.01 
897 108 0.01 
897 125 0.01 
897 526 1.01 
897 954 1.01 
897 980 0.01 
897 982 0.01 
944 606 0.01 
944 779 0.01 
944 837 4.01 
944 886 0.01 
944 917 1.01 
944 996 0.01 
155 320 0.01 
155 457 0.01 
155 640 0.01 
155 718 0.01 
155 911 0.01 
155 942 0.01 
155 996 0.01 
216 148 0.01 
216 419 0.01 
216 437 0.01 
216 642 0.01 
216 667 0.01 
216 951 1.01 
216 997 1.01 
361 91 0.01 
361 392 0.01 
361 528 1.01 
361 955 0.01 
361 957 0.01 
361 962 0.01 
361 963 0.01 
703 79 0.01 
703 283 1.01 
703 339 0.01 
703 353 0.01 
703 488 1.01 
703 580 0.01 
703 717 0.01 
747 117 0.01 
747 198 1.01 
747 305 0.01 
747 674 1.01 
747 919 1.01 
747 929 2.01 
747 984 3.01 
380 714 0.01 
380 795 1.01 
380 839 0.01 
380 930 0.01 
380 956 0.01 
380 980 0.01 
380 994 1.01 
109 256 0.01 
109 560 0.01 
109 902 0.01 
109 929 0.01 
109 972 1.01 
109 984 2.01 
109 993 1.01 
256 13 0.01 
256 335 1.01 
256 401 0.01 
256 684 0.01 
256 953 1.01 
256 972 1.01 
256 974 0.01 
463 110 5.01 
463 127 0.01 
463 592 0.01 
463 712 0.01 
463 785 0.01 
463 987 0.01 
463 998 0.01 
896 658 0.01 
896 820 1.01 
896 826 3.01 
896 911 2.01 
896 973 8.01 
896 998 23.009999999999998 
111 207 0.01 
111 271 0.01 
111 810 0.01 
111 859 0.01 
111 892 0.01 
111 915 1.01 
111 963 1.01 
271 490 0.01 
271 810 0.01 
271 859 0.01 
271 977 4.01 
271 981 3.01 
271 982 0.01 
271 992 0.01 
810 687 0.01 
810 755 0.01 
810 878 0.01 
810 886 0.01 
810 910 0.01 
810 977 6.01 
672 454 0.01 
672 519 0.01 
672 554 1.01 
672 596 1.01 
672 686 0.01 
672 732 0.01 
672 970 0.01 
720 20 0.01 
720 74 0.01 
720 439 0.01 
720 542 0.01 
720 680 0.01 
720 868 0.01 
720 983 7.01 
960 274 0.01 
960 460 1.01 
960 644 0.01 
960 788 1.01 
960 971 12.01 
960 998 11.01 
362 604 0.01 
362 757 0.01 
362 840 0.01 
362 938 0.01 
362 954 0.01 
362 976 1.01 
362 989 0.01 
757 362 0.01 
757 467 0.01 
757 504 0.01 
757 810 0.01 
757 950 0.01 
757 968 0.01 
757 976 0.01 
930 248 1.01 
930 435 2.01 
930 791 3.01 
930 802 0.01 
930 964 1.01 
930 993 7.01 
114 92 0.01 
114 629 0.01 
114 675 0.01 
114 689 0.01 
114 848 0.01 
114 928 0.01 
114 999 0.01 
675 172 1.01 
675 260 2.01 
675 581 1.01 
675 895 0.01 
675 966 1.01 
675 983 8.01 
675 999 2.01 
689 62 0.01 
689 571 0.01 
689 955 0.01 
689 969 1.01 
689 971 0.01 
689 996 0.01 
689 999 2.01 
928 416 2.01 
928 555 0.01 
928 556 0.01 
928 898 0.01 
928 975 3.01 
928 999 10.01 
115 138 0.01 
115 451 3.01 
115 495 0.01 
115 633 0.01 
115 955 2.01 
115 996 1.01 
115 999 0.01 
138 615 0.01 
138 691 1.01 
138 733 0.01 
138 745 0.01 
138 814 1.01 
138 956 0.01 
138 962 0.01 
495 27 0.01 
495 289 0.01 
495 370 0.01 
495 610 0.01 
495 787 0.01 
495 879 1.01 
495 989 0.01 
116 29 0.01 
116 474 0.01 
116 562 1.01 
116 745 0.01 
116 963 0.01 
116 979 1.01 
116 999 1.01 
474 31 1.01 
474 354 1.01 
474 918 0.01 
474 943 0.01 
474 963 1.01 
474 980 0.01 
474 988 0.01 
117 454 1.01 
117 644 0.01 
117 647 0.01 
117 692 0.01 
117 803 0.01 
117 988 0.01 
117 998 1.01 
454 398 1.01 
454 415 0.01 
454 654 1.01 
454 820 0.01 
454 866 0.01 
454 981 1.01 
454 998 2.01 
644 126 1.01 
644 130 1.01 
644 275 0.01 
644 454 0.01 
644 641 0.01 
644 979 3.01 
644 998 4.01 
647 415 0.01 
647 430 0.01 
647 540 7.01 
647 794 0.01 
647 842 0.01 
647 973 2.01 
647 998 3.01 
692 104 0.01 
692 121 1.01 
692 294 1.01 
692 606 0.01 
692 770 0.01 
692 932 0.01 
692 976 2.01 
803 177 0.01 
803 406 0.01 
803 476 1.01 
803 971 2.01 
803 998 2.01 
803 999 0.01 
118 590 0.01 
118 860 0.01 
118 870 0.01 
118 960 0.01 
118 971 1.01 
118 973 0.01 
118 993 0.01 
590 282 0.01 
590 644 1.01 
590 668 0.01 
590 853 1.01 
590 924 0.01 
590 937 1.01 
590 998 1.01 
870 476 1.01 
870 743 1.01 
870 755 1.01 
870 971 8.01 
870 981 2.01 
870 998 5.01 
119 114 1.01 
119 571 1.01 
119 599 1.01 
119 830 0.01 
119 953 0.01 
119 994 2.01 
119 999 1.01 
599 88 0.01 
599 359 2.01 
599 741 0.01 
599 830 0.01 
599 986 5.01 
599 996 0.01 
599 999 1.01 
120 372 1.01 
120 500 0.01 
120 716 0.01 
120 794 0.01 
120 849 0.01 
120 997 0.01 
120 998 0.01 
500 477 0.01 
500 816 0.01 
500 826 0.01 
500 849 0.01 
500 971 0.01 
500 985 0.01 
500 998 2.01 
716 416 1.01 
716 639 0.01 
716 774 1.01 
716 851 0.01 
716 904 1.01 
716 916 1.01 
716 979 2.01 
129 636 0.01 
129 679 0.01 
129 870 1.01 
129 871 0.01 
129 895 0.01 
129 928 0.01 
129 986 0.01 
189 105 0.01 
189 543 0.01 
189 544 1.01 
189 637 0.01 
189 957 0.01 
189 976 0.01 
189 985 0.01 
269 226 0.01 
269 500 0.01 
269 515 0.01 
269 599 0.01 
269 826 0.01 
269 846 1.01 
269 999 7.01 
430 276 0.01 
430 443 0.01 
430 496 0.01 
430 505 0.01 
430 514 0.01 
430 589 0.01 
430 983 0.01 
868 53 0.01 
868 137 0.01 
868 470 0.01 
868 683 0.01 
868 766 1.01 
868 998 0.01 
613 5 0.01 
613 220 0.01 
613 424 1.01 
613 577 0.01 
613 815 0.01 
613 991 2.01 
613 999 1.01 
905 266 0.01 
905 497 0.01 
905 871 1.01 
905 903 2.01 
905 948 12.01 
905 989 6.01 
481 308 0.01 
481 641 0.01 
481 710 0.01 
481 911 0.01 
481 971 0.01 
481 981 0.01 
481 998 2.01 
660 134 0.01 
660 592 0.01 
660 737 0.01 
660 833 3.01 
660 878 0.01 
660 968 0.01 
660 984 0.01 
678 166 1.01 
678 504 0.01 
678 580 0.01 
678 669 0.01 
678 699 0.01 
678 956 0.01 
678 986 0.01 
712 427 0.01 
712 434 0.01 
712 872 1.01 
712 947 2.01 
712 955 1.01 
712 956 2.01 
712 963 1.01 
126 94 0.01 
126 420 0.01 
126 611 0.01 
126 952 1.01 
126 960 2.01 
126 991 0.01 
126 999 1.01 
420 138 1.01 
420 483 0.01 
420 538 0.01 
420 847 0.01 
420 908 0.01 
420 924 1.01 
420 948 0.01 
127 364 1.01 
127 680 0.01 
127 815 0.01 
127 838 0.01 
127 973 1.01 
127 989 0.01 
127 998 0.01 
364 246 0.01 
364 694 0.01 
364 803 0.01 
364 805 0.01 
364 838 1.01 
364 960 0.01 
364 975 0.01 
680 233 0.01 
680 579 0.01 
680 853 0.01 
680 896 1.01 
680 971 0.01 
680 996 0.01 
680 998 1.01 
128 265 1.01 
128 426 0.01 
128 454 1.01 
128 825 0.01 
128 882 0.01 
128 946 1.01 
128 960 0.01 
265 424 0.01 
265 477 0.01 
265 641 0.01 
265 909 0.01 
265 924 0.01 
265 973 1.01 
265 998 1.01 
882 470 1.01 
882 724 4.01 
882 760 1.01 
882 805 1.01 
882 894 2.01 
882 990 14.01 
713 142 0.01 
713 600 0.01 
713 854 0.01 
713 858 1.01 
713 882 0.01 
713 935 1.01 
713 947 0.01 
820 128 0.01 
820 199 0.01 
820 540 1.01 
820 694 0.01 
820 733 1.01 
820 975 3.01 
911 117 0.01 
911 533 0.01 
911 937 2.01 
911 973 1.01 
911 993 4.01 
911 998 11.01 
142 15 0.01 
142 107 0.01 
142 305 1.01 
142 706 2.01 
142 907 1.01 
142 987 1.01 
142 999 0.01 
285 280 0.01 
285 486 0.01 
285 721 0.01 
285 734 0.01 
285 842 2.01 
285 901 0.01 
285 952 0.01 
410 490 1.01 
410 810 1.01 
410 888 0.01 
410 926 0.01 
410 936 0.01 
410 976 1.01 
410 982 0.01 
721 744 0.01 
721 819 0.01 
721 852 0.01 
721 902 0.01 
721 915 0.01 
721 993 0.01 
721 999 1.01 
132 37 1.01 
132 619 1.01 
132 852 0.01 
132 862 0.01 
132 931 0.01 
132 996 1.01 
132 999 1.01 
852 286 0.01 
852 316 1.01 
852 711 1.01 
852 716 1.01 
852 946 4.01 
852 984 19.009999999999998 
133 856 0.01 
133 880 0.01 
133 890 0.01 
133 934 1.01 
133 965 0.01 
133 969 0.01 
133 995 0.01 
134 674 0.01 
134 692 0.01 
134 797 0.01 
134 884 1.01 
134 918 0.01 
134 932 1.01 
134 968 3.01 
674 129 0.01 
674 132 0.01 
674 728 1.01 
674 789 0.01 
674 928 3.01 
674 986 0.01 
674 999 10.01 
797 656 0.01 
797 669 1.01 
797 696 1.01 
797 833 0.01 
797 976 1.01 
797 999 6.01 
918 511 0.01 
918 531 1.01 
918 559 0.01 
918 939 1.01 
918 980 4.01 
918 983 2.01 
291 170 0.01 
291 448 0.01 
291 573 0.01 
291 655 1.01 
291 833 0.01 
291 965 0.01 
291 995 5.01 
136 129 0.01 
136 270 1.01 
136 306 0.01 
136 630 1.01 
136 959 1.01 
136 976 0.01 
136 989 0.01 
270 34 0.01 
270 139 0.01 
270 447 3.01 
270 746 0.01 
270 830 0.01 
270 959 0.01 
270 989 1.01 
306 419 0.01 
306 447 0.01 
306 469 0.01 
306 789 0.01 
306 835 1.01 
306 948 0.01 
306 989 0.01 
630 440 0.01 
630 497 1.01 
630 869 0.01 
630 879 0.01 
630 949 1.01 
630 959 2.01 
630 966 0.01 
656 720 0.01 
656 751 0.01 
656 918 0.01 
656 954 0.01 
656 956 1.01 
656 976 3.01 
656 982 0.01 
800 522 0.01 
800 704 3.01 
800 868 0.01 
800 969 0.01 
800 995 0.01 
800 996 0.01 
615 242 0.01 
615 243 0.01 
615 327 0.01 
615 536 1.01 
615 723 0.01 
615 985 0.01 
615 997 1.01 
733 565 4.01 
733 613 0.01 
733 878 0.01 
733 889 0.01 
733 979 0.01 
733 991 3.01 
733 997 3.01 
814 47 0.01 
814 138 1.01 
814 238 0.01 
814 851 1.01 
814 917 0.01 
814 991 3.01 
139 3 0.01 
139 136 0.01 
139 457 0.01 
139 860 1.01 
139 867 1.01 
139 966 0.01 
139 989 1.01 
457 69 0.01 
457 155 2.01 
457 499 0.01 
457 837 0.01 
457 986 0.01 
457 998 0.01 
457 999 0.01 
873 324 1.01 
873 719 1.01 
873 871 8.01 
873 970 8.01 
873 975 6.01 
873 986 6.01 
141 43 0.01 
141 294 0.01 
141 462 1.01 
141 844 5.01 
141 846 0.01 
141 956 0.01 
141 980 0.01 
294 113 1.01 
294 467 0.01 
294 853 0.01 
294 923 0.01 
294 932 2.01 
294 975 1.01 
294 980 0.01 
305 176 0.01 
305 743 0.01 
305 913 1.01 
305 946 0.01 
305 952 1.01 
305 964 1.01 
305 967 0.01 
143 205 0.01 
143 356 0.01 
143 605 0.01 
143 738 0.01 
143 985 1.01 
143 989 0.01 
143 997 0.01 
356 306 1.01 
356 431 0.01 
356 925 0.01 
356 939 0.01 
356 970 0.01 
356 985 3.01 
356 997 5.01 
220 547 0.01 
220 665 0.01 
220 728 0.01 
220 850 0.01 
220 908 1.01 
220 938 1.01 
220 991 2.01 
352 165 0.01 
352 474 1.01 
352 750 1.01 
352 844 0.01 
352 932 0.01 
352 968 0.01 
352 991 0.01 
516 221 0.01 
516 342 0.01 
516 727 0.01 
516 944 2.01 
516 954 1.01 
516 956 0.01 
516 963 0.01 
714 392 0.01 
714 452 0.01 
714 537 1.01 
714 656 0.01 
714 669 1.01 
714 727 0.01 
714 992 0.01 
428 104 0.01 
428 546 0.01 
428 572 0.01 
428 804 0.01 
428 814 0.01 
428 966 0.01 
428 976 2.01 
725 143 2.01 
725 425 2.01 
725 666 0.01 
725 817 1.01 
725 843 0.01 
725 958 1.01 
725 997 5.01 
886 171 0.01 
886 191 0.01 
886 806 1.01 
886 878 0.01 
886 981 0.01 
886 993 2.01 
924 204 0.01 
924 803 2.01 
924 825 0.01 
924 866 2.01 
924 870 1.01 
924 997 5.01 
147 221 1.01 
147 738 0.01 
147 756 0.01 
147 939 1.01 
147 943 0.01 
147 957 0.01 
147 997 1.01 
221 153 0.01 
221 292 0.01 
221 667 1.01 
221 759 1.01 
221 939 3.01 
221 951 1.01 
221 997 0.01 
756 56 0.01 
756 211 0.01 
756 218 0.01 
756 453 0.01 
756 658 0.01 
756 947 0.01 
756 981 0.01 
939 59 1.01 
939 205 2.01 
939 243 1.01 
939 828 3.01 
939 861 6.01 
939 997 25.009999999999998 
148 143 0.01 
148 290 0.01 
148 776 0.01 
148 823 0.01 
148 861 0.01 
148 925 0.01 
148 997 0.01 
290 609 0.01 
290 829 1.01 
290 883 1.01 
290 943 1.01 
290 944 0.01 
290 984 1.01 
290 997 0.01 
823 343 0.01 
823 661 0.01 
823 800 0.01 
823 920 0.01 
823 969 5.01 
823 995 0.01 
861 72 0.01 
861 221 0.01 
861 666 0.01 
861 799 1.01 
861 808 0.01 
861 997 5.01 
925 290 1.01 
925 464 0.01 
925 744 0.01 
925 939 1.01 
925 985 3.01 
925 997 3.01 
149 422 0.01 
149 801 0.01 
149 926 0.01 
149 950 0.01 
149 977 0.01 
149 981 0.01 
149 982 0.01 
257 653 0.01 
257 736 1.01 
257 865 1.01 
257 970 2.01 
257 972 0.01 
257 982 1.01 
257 994 3.01 
261 235 0.01 
261 281 0.01 
261 502 1.01 
261 936 1.01 
261 941 0.01 
261 947 2.01 
261 994 2.01 
284 288 0.01 
284 586 0.01 
284 881 0.01 
284 936 0.01 
284 975 0.01 
284 976 1.01 
284 994 1.01 
321 57 0.01 
321 752 0.01 
321 796 0.01 
321 883 0.01 
321 936 0.01 
321 970 0.01 
321 994 0.01 
546 183 0.01 
546 489 0.01 
546 582 0.01 
546 692 0.01 
546 840 3.01 
546 918 1.01 
546 945 1.01 
151 253 0.01 
151 374 0.01 
151 438 1.01 
151 444 0.01 
151 682 0.01 
151 991 2.01 
151 994 0.01 
253 304 0.01 
253 572 0.01 
253 611 1.01 
253 891 0.01 
253 908 2.01 
253 962 1.01 
253 991 18.009999999999998 
444 602 0.01 
444 643 1.01 
444 878 0.01 
444 962 2.01 
444 979 0.01 
444 991 0.01 
444 999 1.01 
682 643 0.01 
682 733 0.01 
682 839 2.01 
682 918 0.01 
682 937 0.01 
682 938 0.01 
682 978 1.01 
152 635 0.01 
152 729 0.01 
152 801 0.01 
152 831 0.01 
152 908 0.01 
152 938 0.01 
152 991 0.01 
635 215 0.01 
635 614 0.01 
635 812 1.01 
635 839 0.01 
635 844 0.01 
635 875 0.01 
635 996 0.01 
831 40 0.01 
831 634 0.01 
831 676 0.01 
831 908 4.01 
831 962 3.01 
831 979 0.01 
938 182 1.01 
938 565 0.01 
938 850 0.01 
938 934 0.01 
938 979 17.009999999999998 
938 991 3.01 
153 148 1.01 
153 761 0.01 
153 790 0.01 
153 804 0.01 
153 828 0.01 
153 943 0.01 
153 997 0.01 
804 100 0.01 
804 134 2.01 
804 944 0.01 
804 974 1.01 
804 976 0.01 
804 986 1.01 
828 808 3.01 
828 831 0.01 
828 861 2.01 
828 943 0.01 
828 985 6.01 
828 997 7.01 
296 670 0.01 
296 773 0.01 
296 842 0.01 
296 865 0.01 
296 871 1.01 
296 975 0.01 
296 994 2.01 
525 42 0.01 
525 312 0.01 
525 736 0.01 
525 941 2.01 
525 947 1.01 
525 970 2.01 
525 975 2.01 
640 558 0.01 
640 705 0.01 
640 841 0.01 
640 898 0.01 
640 931 0.01 
640 983 0.01 
640 999 2.01 
156 16 1.01 
156 119 1.01 
156 515 0.01 
156 709 0.01 
156 963 0.01 
156 996 1.01 
156 999 1.01 
515 62 0.01 
515 307 0.01 
515 405 0.01 
515 541 0.01 
515 841 0.01 
515 874 0.01 
515 999 2.01 
178 209 0.01 
178 411 0.01 
178 575 1.01 
178 627 0.01 
178 789 0.01 
178 987 0.01 
178 999 2.01 
650 97 1.01 
650 403 0.01 
650 758 0.01 
650 803 0.01 
650 896 1.01 
650 971 0.01 
650 973 2.01 
802 37 0.01 
802 782 1.01 
802 786 0.01 
802 850 0.01 
802 901 1.01 
802 993 4.01 
158 11 0.01 
158 410 0.01 
158 742 0.01 
158 749 0.01 
158 942 0.01 
158 977 1.01 
158 982 2.01 
749 107 0.01 
749 311 0.01 
749 465 0.01 
749 503 1.01 
749 506 1.01 
749 633 0.01 
749 722 0.01 
159 92 0.01 
159 226 0.01 
159 413 0.01 
159 584 0.01 
159 977 0.01 
159 996 2.01 
159 999 1.01 
226 541 0.01 
226 583 0.01 
226 599 0.01 
226 646 0.01 
226 672 0.01 
226 996 0.01 
226 999 0.01 
413 109 0.01 
413 404 0.01 
413 821 0.01 
413 835 0.01 
413 935 0.01 
413 938 0.01 
413 977 1.01 
584 4 0.01 
584 568 0.01 
584 776 0.01 
584 831 1.01 
584 955 0.01 
584 986 4.01 
584 999 10.01 
160 126 1.01 
160 200 0.01 
160 385 1.01 
160 425 1.01 
160 893 3.01 
160 902 0.01 
160 962 1.01 
385 399 0.01 
385 538 0.01 
385 635 2.01 
385 643 0.01 
385 839 0.01 
385 948 1.01 
385 986 0.01 
161 77 1.01 
161 187 2.01 
161 636 1.01 
161 898 1.01 
161 966 2.01 
161 988 0.01 
161 996 7.01 
187 114 0.01 
187 255 0.01 
187 616 0.01 
187 689 0.01 
187 964 0.01 
187 991 1.01 
187 999 1.01 
162 295 0.01 
162 303 1.01 
162 378 0.01 
162 887 2.01 
162 910 0.01 
162 922 0.01 
162 983 0.01 
295 381 1.01 
295 784 0.01 
295 900 1.01 
295 921 0.01 
295 969 0.01 
295 978 0.01 
295 995 0.01 
378 609 0.01 
378 883 0.01 
378 943 0.01 
378 969 0.01 
378 985 1.01 
378 986 2.01 
378 997 1.01 
910 617 1.01 
910 702 0.01 
910 915 0.01 
910 950 0.01 
910 956 2.01 
910 977 1.01 
163 83 0.01 
163 135 0.01 
163 616 0.01 
163 822 0.01 
163 900 1.01 
163 965 1.01 
163 995 1.01 
616 276 0.01 
616 796 0.01 
616 806 1.01 
616 895 0.01 
616 931 0.01 
616 986 1.01 
616 999 3.01 
822 58 0.01 
822 214 1.01 
822 602 1.01 
822 921 0.01 
822 969 11.01 
822 995 5.01 
164 231 0.01 
164 461 0.01 
164 672 0.01 
164 902 0.01 
164 964 1.01 
164 993 1.01 
164 995 0.01 
231 394 0.01 
231 485 0.01 
231 519 1.01 
231 695 2.01 
231 869 0.01 
231 993 1.01 
231 999 0.01 
165 183 1.01 
165 922 1.01 
165 932 1.01 
165 954 1.01 
165 968 0.01 
165 980 0.01 
165 991 0.01 
183 452 0.01 
183 516 0.01 
183 652 0.01 
183 678 0.01 
183 798 0.01 
183 892 0.01 
183 968 0.01 
166 380 0.01 
166 474 1.01 
166 772 0.01 
166 833 1.01 
166 930 0.01 
166 956 1.01 
166 963 0.01 
772 38 0.01 
772 386 0.01 
772 451 0.01 
772 992 0.01 
772 996 2.01 
772 997 2.01 
772 999 2.01 
833 144 0.01 
833 331 0.01 
833 428 0.01 
833 660 1.01 
833 712 1.01 
833 990 2.01 
167 169 0.01 
167 695 0.01 
167 798 0.01 
167 902 2.01 
167 971 0.01 
167 984 1.01 
167 993 0.01 
695 231 0.01 
695 241 0.01 
695 383 1.01 
695 397 0.01 
695 855 0.01 
695 913 1.01 
695 946 1.01 
798 336 0.01 
798 851 2.01 
798 904 2.01 
798 915 0.01 
798 993 1.01 
798 998 2.01 
168 101 0.01 
168 218 0.01 
168 481 0.01 
168 780 0.01 
168 914 0.01 
168 939 1.01 
168 978 3.01 
218 27 0.01 
218 612 1.01 
218 786 1.01 
218 894 0.01 
218 974 3.01 
218 978 2.01 
218 990 1.01 
170 31 0.01 
170 45 0.01 
170 53 0.01 
170 898 1.01 
170 969 1.01 
170 995 0.01 
170 999 0.01 
171 437 0.01 
171 503 0.01 
171 560 0.01 
171 897 0.01 
171 981 0.01 
171 985 0.01 
171 992 0.01 
437 136 0.01 
437 149 0.01 
437 577 0.01 
437 605 0.01 
437 878 1.01 
437 926 1.01 
437 997 1.01 
503 197 0.01 
503 377 0.01 
503 722 0.01 
503 827 0.01 
503 982 0.01 
503 987 0.01 
503 996 0.01 
172 127 0.01 
172 445 0.01 
172 728 0.01 
172 928 1.01 
172 984 0.01 
172 986 0.01 
172 999 1.01 
445 210 0.01 
445 233 0.01 
445 646 0.01 
445 678 0.01 
445 977 0.01 
445 986 0.01 
445 999 1.01 
173 79 1.01 
173 698 1.01 
173 725 0.01 
173 883 0.01 
173 943 1.01 
173 995 0.01 
173 997 1.01 
698 507 0.01 
698 603 2.01 
698 792 0.01 
698 888 0.01 
698 892 0.01 
698 909 1.01 
698 981 4.01 
737 509 1.01 
737 585 0.01 
737 738 1.01 
737 864 0.01 
737 887 1.01 
737 910 1.01 
737 995 2.01 
175 239 0.01 
175 440 0.01 
175 493 1.01 
175 606 0.01 
175 638 0.01 
175 658 0.01 
175 981 1.01 
239 538 0.01 
239 575 1.01 
239 651 1.01 
239 733 1.01 
239 814 0.01 
239 860 0.01 
239 984 0.01 
493 298 1.01 
493 375 0.01 
493 618 0.01 
493 688 0.01 
493 740 0.01 
493 813 1.01 
493 982 1.01 
606 36 0.01 
606 620 0.01 
606 893 0.01 
606 918 0.01 
606 932 0.01 
606 968 1.01 
606 969 1.01 
638 325 0.01 
638 462 0.01 
638 505 0.01 
638 530 1.01 
638 557 1.01 
638 863 0.01 
638 899 0.01 
176 912 0.01 
176 915 0.01 
176 916 0.01 
176 930 0.01 
176 952 0.01 
176 984 0.01 
176 999 0.01 
177 548 0.01 
177 565 1.01 
177 697 1.01 
177 812 1.01 
177 880 0.01 
177 991 5.01 
177 999 0.01 
565 151 0.01 
565 270 0.01 
565 733 1.01 
565 839 1.01 
565 860 0.01 
565 957 0.01 
565 991 3.01 
697 116 0.01 
697 585 1.01 
697 893 1.01 
697 905 0.01 
697 937 0.01 
697 988 1.01 
697 991 2.01 
209 566 0.01 
209 843 0.01 
209 847 1.01 
209 874 0.01 
209 923 0.01 
209 926 0.01 
209 999 1.01 
411 360 0.01 
411 728 1.01 
411 898 0.01 
411 961 1.01 
411 965 1.01 
411 996 1.01 
411 999 2.01 
575 178 0.01 
575 234 1.01 
575 566 0.01 
575 792 0.01 
575 867 0.01 
575 876 0.01 
575 999 2.01 
789 159 0.01 
789 401 0.01 
789 874 0.01 
789 942 0.01 
789 961 0.01 
789 986 2.01 
789 999 5.01 
179 86 0.01 
179 150 0.01 
179 588 1.01 
179 857 0.01 
179 885 0.01 
179 975 3.01 
179 994 4.01 
180 614 0.01 
180 807 0.01 
180 809 0.01 
180 941 0.01 
180 975 0.01 
180 990 0.01 
180 994 0.01 
181 525 0.01 
181 802 0.01 
181 927 7.01 
181 942 0.01 
181 947 0.01 
181 970 3.01 
181 994 1.01 
947 261 0.01 
947 586 0.01 
947 623 4.01 
947 715 2.01 
947 766 0.01 
947 871 2.01 
182 17 0.01 
182 101 1.01 
182 575 0.01 
182 674 1.01 
182 986 1.01 
182 996 1.01 
182 999 1.01 
452 166 0.01 
452 699 0.01 
452 897 1.01 
452 959 0.01 
452 974 0.01 
452 976 1.01 
452 980 1.01 
652 104 0.01 
652 421 1.01 
652 587 0.01 
652 727 1.01 
652 779 0.01 
652 968 0.01 
652 976 1.01 
184 167 2.01 
184 529 0.01 
184 592 0.01 
184 604 0.01 
184 837 2.01 
184 944 3.01 
184 976 1.01 
529 172 0.01 
529 364 0.01 
529 680 0.01 
529 962 0.01 
529 971 2.01 
529 973 3.01 
529 998 1.01 
592 194 0.01 
592 511 0.01 
592 545 0.01 
592 818 0.01 
592 944 1.01 
592 976 0.01 
592 998 1.01 
604 492 0.01 
604 804 0.01 
604 871 1.01 
604 968 1.01 
604 976 0.01 
604 980 0.01 
604 993 1.01 
837 492 0.01 
837 516 0.01 
837 897 0.01 
837 963 5.01 
837 970 2.01 
837 991 3.01 
185 43 0.01 
185 254 0.01 
185 523 0.01 
185 553 0.01 
185 625 0.01 
185 950 0.01 
185 988 0.01 
553 69 0.01 
553 162 0.01 
553 432 0.01 
553 720 3.01 
553 884 1.01 
553 983 2.01 
553 988 0.01 
255 77 0.01 
255 646 0.01 
255 674 1.01 
255 815 0.01 
255 996 2.01 
255 998 0.01 
255 999 2.01 
543 222 0.01 
543 302 0.01 
543 337 0.01 
543 703 0.01 
543 933 3.01 
543 935 3.01 
543 992 0.01 
637 647 0.01 
637 743 0.01 
637 773 0.01 
637 825 1.01 
637 941 0.01 
637 971 1.01 
637 998 5.01 
191 173 0.01 
191 223 0.01 
191 412 2.01 
191 697 1.01 
191 951 2.01 
191 985 1.01 
191 997 22.009999999999998 
223 228 0.01 
223 242 0.01 
223 335 1.01 
223 666 0.01 
223 928 3.01 
223 951 1.01 
223 997 19.009999999999998 
412 46 0.01 
412 675 2.01 
412 928 1.01 
412 940 1.01 
412 987 0.01 
412 996 8.01 
412 999 1.01 
510 237 0.01 
510 333 0.01 
510 529 0.01 
510 626 0.01 
510 849 0.01 
510 870 0.01 
510 998 0.01 
727 236 0.01 
727 576 0.01 
727 656 0.01 
727 779 1.01 
727 837 0.01 
727 944 1.01 
727 980 2.01 
758 512 0.01 
758 598 0.01 
758 820 0.01 
758 825 1.01 
758 939 1.01 
758 974 0.01 
758 983 0.01 
194 384 0.01 
194 417 0.01 
194 535 0.01 
194 619 1.01 
194 844 0.01 
194 897 0.01 
194 980 3.01 
384 546 0.01 
384 699 0.01 
384 769 0.01 
384 972 0.01 
384 976 0.01 
384 980 0.01 
384 998 0.01 
535 549 0.01 
535 596 0.01 
535 626 0.01 
535 720 0.01 
535 868 0.01 
535 991 1.01 
535 998 1.01 
195 239 1.01 
195 424 0.01 
195 676 1.01 
195 786 0.01 
195 937 0.01 
195 979 3.01 
195 981 0.01 
424 300 0.01 
424 574 0.01 
424 612 0.01 
424 664 0.01 
424 937 2.01 
424 979 0.01 
424 991 1.01 
676 289 0.01 
676 379 0.01 
676 653 0.01 
676 860 0.01 
676 938 0.01 
676 970 0.01 
676 979 20.009999999999998 
786 101 0.01 
786 753 0.01 
786 877 0.01 
786 953 1.01 
786 972 2.01 
786 990 0.01 
786 992 3.01 
196 235 0.01 
196 940 4.01 
196 945 0.01 
196 970 1.01 
196 990 2.01 
196 992 2.01 
196 995 0.01 
235 381 0.01 
235 475 0.01 
235 818 0.01 
235 848 0.01 
235 917 0.01 
235 958 1.01 
235 992 2.01 
197 139 1.01 
197 321 1.01 
197 430 0.01 
197 682 0.01 
197 688 0.01 
197 772 0.01 
197 983 1.01 
688 509 0.01 
688 653 0.01 
688 878 1.01 
688 948 0.01 
688 972 0.01 
688 981 1.01 
688 982 3.01 
198 32 0.01 
198 395 0.01 
198 437 0.01 
198 798 0.01 
198 811 1.01 
198 907 1.01 
198 993 0.01 
199 265 0.01 
199 579 0.01 
199 657 0.01 
199 825 0.01 
199 911 0.01 
199 989 1.01 
199 998 6.01 
579 4 0.01 
579 318 0.01 
579 500 1.01 
579 671 0.01 
579 924 2.01 
579 996 0.01 
579 998 1.01 
657 229 0.01 
657 299 0.01 
657 386 0.01 
657 740 0.01 
657 972 3.01 
657 990 6.01 
657 992 1.01 
532 213 0.01 
532 396 0.01 
532 399 0.01 
532 483 0.01 
532 579 0.01 
532 962 0.01 
532 986 1.01 
201 340 0.01 
201 756 0.01 
201 790 0.01 
201 869 1.01 
201 926 1.01 
201 981 0.01 
201 986 1.01 
869 601 0.01 
869 790 1.01 
869 925 0.01 
869 950 0.01 
869 977 0.01 
869 982 1.01 
400 510 0.01 
400 595 0.01 
400 693 1.01 
400 764 0.01 
400 973 1.01 
400 985 1.01 
400 998 1.01 
533 400 0.01 
533 647 0.01 
533 911 5.01 
533 971 1.01 
533 991 0.01 
533 997 0.01 
533 998 1.01 
743 391 1.01 
743 739 1.01 
743 859 1.01 
743 911 0.01 
743 960 0.01 
743 973 2.01 
743 998 2.01 
824 663 3.01 
824 852 2.01 
824 901 2.01 
824 964 3.01 
824 965 0.01 
824 988 0.01 
288 258 0.01 
288 450 0.01 
288 832 0.01 
288 901 1.01 
288 965 1.01 
288 973 2.01 
288 995 1.01 
367 45 0.01 
367 60 1.01 
367 70 0.01 
367 900 2.01 
367 936 1.01 
367 983 0.01 
367 995 0.01 
407 164 0.01 
407 777 0.01 
407 861 1.01 
407 864 0.01 
407 964 0.01 
407 981 0.01 
407 993 0.01 
206 281 0.01 
206 490 0.01 
206 568 0.01 
206 881 1.01 
206 936 4.01 
206 975 1.01 
206 995 1.01 
281 857 0.01 
281 881 0.01 
281 885 0.01 
281 936 3.01 
281 956 0.01 
281 975 3.01 
281 993 2.01 
490 319 0.01 
490 441 1.01 
490 478 0.01 
490 687 0.01 
490 878 1.01 
490 912 0.01 
490 994 2.01 
568 67 1.01 
568 525 0.01 
568 714 0.01 
568 942 0.01 
568 975 1.01 
568 980 0.01 
568 994 3.01 
936 103 1.01 
936 359 0.01 
936 514 1.01 
936 686 0.01 
936 715 0.01 
936 927 6.01 
505 755 0.01 
505 756 0.01 
505 910 0.01 
505 914 1.01 
505 926 0.01 
505 982 0.01 
505 996 1.01 
208 570 0.01 
208 880 1.01 
208 949 2.01 
208 959 2.01 
208 966 0.01 
208 981 2.01 
208 989 0.01 
570 413 2.01 
570 487 0.01 
570 599 0.01 
570 885 0.01 
570 935 3.01 
570 987 0.01 
570 995 1.01 
210 555 0.01 
210 730 0.01 
210 750 1.01 
210 955 0.01 
210 977 0.01 
210 986 0.01 
210 999 0.01 
211 332 0.01 
211 557 0.01 
211 806 0.01 
211 834 0.01 
211 869 0.01 
211 881 1.01 
211 886 1.01 
332 598 0.01 
332 603 0.01 
332 888 1.01 
332 892 0.01 
332 981 0.01 
332 987 0.01 
332 999 0.01 
557 55 0.01 
557 584 0.01 
557 621 0.01 
557 740 0.01 
557 827 0.01 
557 844 0.01 
557 982 1.01 
834 368 0.01 
834 657 0.01 
834 770 1.01 
834 940 2.01 
834 978 5.01 
834 992 7.01 
212 442 1.01 
212 722 0.01 
212 949 1.01 
212 959 0.01 
212 966 0.01 
212 989 1.01 
212 999 0.01 
442 73 0.01 
442 80 0.01 
442 665 0.01 
442 820 1.01 
442 880 0.01 
442 948 1.01 
442 989 0.01 
722 593 1.01 
722 788 2.01 
722 892 1.01 
722 942 1.01 
722 961 2.01 
722 977 1.01 
722 987 9.01 
213 220 1.01 
213 242 1.01 
213 676 1.01 
213 811 0.01 
213 893 1.01 
213 979 0.01 
213 991 2.01 
242 216 1.01 
242 553 0.01 
242 808 1.01 
242 828 1.01 
242 982 1.01 
242 985 1.01 
242 997 3.01 
258 696 1.01 
258 800 1.01 
258 880 0.01 
258 889 1.01 
258 965 1.01 
258 969 1.01 
258 982 0.01 
346 344 1.01 
346 382 0.01 
346 781 0.01 
346 783 0.01 
346 823 0.01 
346 890 0.01 
346 995 0.01 
215 70 0.01 
215 323 1.01 
215 651 0.01 
215 697 1.01 
215 908 2.01 
215 991 4.01 
215 994 1.01 
323 469 1.01 
323 473 0.01 
323 526 0.01 
323 635 0.01 
323 754 0.01 
323 966 0.01 
323 989 1.01 
651 195 0.01 
651 414 0.01 
651 521 0.01 
651 697 0.01 
651 937 0.01 
651 978 0.01 
651 991 0.01 
419 34 0.01 
419 184 0.01 
419 610 3.01 
419 932 0.01 
419 949 0.01 
419 989 0.01 
419 996 0.01 
667 72 0.01 
667 817 0.01 
667 900 1.01 
667 939 1.01 
667 951 0.01 
667 997 6.01 
667 999 3.01 
217 188 0.01 
217 600 0.01 
217 757 0.01 
217 835 0.01 
217 849 0.01 
217 935 2.01 
217 992 0.01 
835 85 0.01 
835 236 0.01 
835 580 0.01 
835 716 0.01 
835 933 1.01 
835 981 0.01 
935 161 0.01 
935 476 0.01 
935 543 0.01 
935 570 1.01 
935 594 2.01 
935 999 1.01 
322 602 0.01 
322 664 0.01 
322 938 0.01 
322 971 0.01 
322 974 0.01 
322 979 0.01 
322 991 0.01 
585 379 0.01 
585 563 1.01 
585 800 0.01 
585 814 1.01 
585 839 0.01 
585 962 0.01 
585 994 0.01 
850 22 1.01 
850 860 3.01 
850 937 1.01 
850 962 0.01 
850 979 10.01 
850 996 3.01 
222 153 0.01 
222 236 0.01 
222 363 0.01 
222 409 0.01 
222 413 1.01 
222 933 1.01 
222 957 0.01 
236 315 0.01 
236 329 1.01 
236 600 0.01 
236 673 0.01 
236 793 0.01 
236 901 0.01 
236 998 0.01 
363 27 0.01 
363 351 0.01 
363 771 1.01 
363 786 0.01 
363 893 0.01 
363 945 1.01 
363 974 1.01 
409 302 0.01 
409 828 0.01 
409 835 0.01 
409 946 1.01 
409 950 0.01 
409 954 0.01 
409 957 0.01 
335 196 0.01 
335 668 0.01 
335 882 0.01 
335 917 0.01 
335 953 0.01 
335 955 0.01 
335 990 0.01 
224 465 0.01 
224 685 0.01 
224 784 0.01 
224 822 0.01 
224 840 1.01 
224 889 1.01 
224 995 4.01 
465 209 0.01 
465 444 1.01 
465 520 0.01 
465 801 0.01 
465 878 0.01 
465 912 0.01 
465 987 0.01 
840 546 0.01 
840 603 1.01 
840 793 0.01 
840 795 1.01 
840 804 1.01 
840 956 0.01 
225 59 1.01 
225 464 0.01 
225 560 0.01 
225 920 0.01 
225 951 2.01 
225 985 2.01 
225 997 4.01 
464 357 1.01 
464 761 1.01 
464 828 0.01 
464 845 0.01 
464 951 0.01 
464 985 1.01 
464 997 0.01 
541 56 0.01 
541 178 0.01 
541 730 0.01 
541 986 0.01 
541 988 0.01 
541 996 1.01 
541 999 1.01 
646 456 0.01 
646 619 0.01 
646 718 0.01 
646 964 0.01 
646 994 0.01 
646 996 3.01 
646 999 5.01 
245 552 0.01 
245 590 0.01 
245 626 0.01 
245 770 1.01 
245 836 0.01 
245 983 0.01 
245 988 2.01 
524 0 1.01 
524 71 0.01 
524 341 1.01 
524 556 0.01 
524 679 0.01 
524 758 0.01 
524 983 0.01 
609 249 0.01 
609 431 1.01 
609 536 0.01 
609 829 0.01 
609 883 1.01 
609 953 1.01 
609 997 2.01 
381 723 0.01 
381 834 1.01 
381 859 0.01 
381 940 1.01 
381 974 0.01 
381 978 0.01 
381 992 1.01 
230 182 0.01 
230 475 4.01 
230 515 0.01 
230 679 0.01 
230 704 0.01 
230 928 2.01 
230 999 2.01 
475 230 3.01 
475 267 1.01 
475 499 0.01 
475 842 0.01 
475 930 0.01 
475 946 1.01 
475 993 0.01 
394 83 0.01 
394 655 0.01 
394 915 0.01 
394 919 1.01 
394 962 0.01 
394 964 0.01 
394 984 1.01 
519 97 0.01 
519 513 0.01 
519 624 0.01 
519 842 1.01 
519 929 0.01 
519 990 0.01 
519 993 0.01 
232 77 0.01 
232 543 0.01 
232 692 1.01 
232 793 0.01 
232 810 1.01 
232 881 0.01 
232 997 0.01 
793 651 0.01 
793 835 0.01 
793 933 0.01 
793 957 0.01 
793 979 0.01 
793 998 1.01 
233 159 0.01 
233 607 0.01 
233 804 0.01 
233 832 0.01 
233 986 0.01 
233 996 0.01 
233 999 1.01 
607 156 1.01 
607 340 1.01 
607 581 1.01 
607 746 1.01 
607 961 0.01 
607 996 3.01 
607 999 6.01 
832 315 0.01 
832 367 1.01 
832 823 1.01 
832 834 2.01 
832 965 11.01 
832 995 8.01 
234 416 0.01 
234 496 0.01 
234 511 1.01 
234 847 0.01 
234 986 0.01 
234 996 2.01 
234 999 3.01 
416 230 0.01 
416 599 0.01 
416 648 1.01 
416 767 0.01 
416 931 1.01 
416 982 1.01 
416 999 4.01 
496 464 0.01 
496 549 0.01 
496 554 0.01 
496 752 0.01 
496 882 0.01 
496 951 0.01 
496 988 1.01 
511 108 0.01 
511 492 1.01 
511 817 1.01 
511 932 0.01 
511 954 2.01 
511 968 1.01 
511 984 1.01 
315 23 0.01 
315 369 0.01 
315 570 0.01 
315 713 0.01 
315 857 0.01 
315 874 0.01 
315 957 1.01 
901 446 1.01 
901 907 0.01 
901 935 2.01 
901 967 0.01 
901 984 3.01 
901 998 0.01 
237 97 0.01 
237 803 0.01 
237 853 0.01 
237 856 0.01 
237 971 0.01 
237 998 1.01 
237 999 0.01 
853 93 1.01 
853 763 0.01 
853 803 0.01 
853 896 0.01 
853 911 0.01 
853 998 0.01 
238 15 1.01 
238 152 0.01 
238 265 0.01 
238 336 1.01 
238 602 0.01 
238 875 2.01 
238 908 0.01 
602 6 0.01 
602 166 0.01 
602 444 2.01 
602 892 1.01 
602 962 0.01 
602 979 1.01 
602 991 1.01 
538 145 0.01 
538 532 0.01 
538 651 1.01 
538 815 0.01 
538 920 0.01 
538 979 0.01 
538 991 0.01 
654 240 1.01 
654 372 0.01 
654 694 0.01 
654 767 1.01 
654 805 0.01 
654 862 0.01 
654 973 1.01 
866 3 0.01 
866 529 0.01 
866 650 1.01 
866 697 1.01 
866 870 0.01 
866 973 3.01 
763 24 0.01 
763 224 0.01 
763 291 0.01 
763 511 0.01 
763 933 0.01 
763 969 3.01 
763 995 12.01 
243 225 1.01 
243 455 0.01 
243 879 1.01 
243 943 0.01 
243 951 0.01 
243 985 4.01 
243 997 2.01 
770 78 1.01 
770 455 2.01 
770 684 1.01 
770 848 3.01 
770 914 10.01 
770 972 2.01 
770 978 9.01 
246 76 0.01 
246 641 1.01 
246 683 0.01 
246 764 1.01 
246 971 0.01 
246 973 1.01 
246 998 0.01 
641 1 0.01 
641 562 0.01 
641 639 0.01 
641 785 1.01 
641 866 1.01 
641 949 0.01 
641 960 1.01 
764 259 0.01 
764 268 0.01 
764 463 0.01 
764 637 0.01 
764 638 0.01 
764 853 0.01 
764 924 0.01 
247 100 0.01 
247 232 0.01 
247 423 0.01 
247 793 1.01 
247 929 0.01 
247 944 0.01 
247 965 0.01 
423 105 0.01 
423 189 1.01 
423 450 0.01 
423 480 1.01 
423 661 1.01 
423 935 0.01 
423 966 0.01 
248 224 0.01 
248 411 0.01 
248 671 0.01 
248 830 0.01 
248 841 1.01 
248 986 0.01 
248 999 0.01 
671 866 0.01 
671 924 0.01 
671 971 1.01 
671 973 0.01 
671 983 0.01 
671 989 1.01 
671 998 1.01 
249 216 0.01 
249 498 0.01 
249 576 1.01 
249 633 1.01 
249 640 1.01 
249 773 0.01 
249 997 2.01 
498 378 0.01 
498 503 0.01 
498 615 0.01 
498 922 0.01 
498 939 2.01 
498 985 2.01 
498 997 1.01 
576 211 0.01 
576 707 0.01 
576 708 0.01 
576 754 1.01 
576 781 0.01 
576 905 1.01 
576 961 1.01 
773 25 0.01 
773 659 0.01 
773 817 1.01 
773 861 0.01 
773 925 1.01 
773 951 5.01 
773 985 1.01 
250 103 0.01 
250 238 0.01 
250 559 2.01 
250 753 0.01 
250 761 0.01 
250 779 0.01 
250 848 1.01 
559 187 0.01 
559 365 0.01 
559 606 0.01 
559 903 1.01 
559 932 1.01 
559 963 0.01 
559 980 1.01 
779 184 0.01 
779 482 1.01 
779 572 0.01 
779 731 0.01 
779 861 1.01 
779 897 0.01 
779 956 1.01 
478 437 0.01 
478 517 0.01 
478 601 0.01 
478 756 0.01 
478 823 0.01 
478 888 0.01 
478 981 0.01 
572 652 1.01 
572 739 0.01 
572 804 1.01 
572 956 0.01 
572 967 0.01 
572 976 2.01 
572 998 0.01 
534 684 0.01 
534 909 1.01 
534 917 0.01 
534 958 0.01 
534 972 2.01 
534 978 1.01 
534 992 1.01 
401 301 0.01 
401 335 0.01 
401 805 1.01 
401 917 0.01 
401 972 1.01 
401 990 1.01 
401 992 1.01 
736 375 0.01 
736 865 3.01 
736 942 0.01 
736 947 1.01 
736 970 0.01 
736 975 2.01 
736 994 1.01 
865 257 0.01 
865 569 1.01 
865 681 0.01 
865 873 1.01 
865 947 0.01 
865 970 1.01 
259 66 0.01 
259 147 0.01 
259 267 1.01 
259 585 0.01 
259 948 0.01 
259 979 0.01 
259 991 1.01 
267 39 0.01 
267 151 1.01 
267 418 0.01 
267 447 0.01 
267 814 0.01 
267 831 0.01 
267 991 1.01 
260 230 0.01 
260 473 0.01 
260 479 0.01 
260 846 2.01 
260 949 0.01 
260 996 13.01 
260 999 7.01 
473 98 1.01 
473 248 1.01 
473 584 2.01 
473 677 0.01 
473 946 0.01 
473 988 0.01 
473 999 2.01 
502 67 0.01 
502 260 1.01 
502 314 0.01 
502 569 0.01 
502 941 1.01 
502 970 2.01 
502 994 24.009999999999998 
699 213 0.01 
699 462 0.01 
699 690 0.01 
699 692 0.01 
699 897 0.01 
699 980 2.01 
699 993 0.01 
717 91 0.01 
717 304 0.01 
717 554 0.01 
717 645 0.01 
717 826 2.01 
717 885 0.01 
717 906 0.01 
308 522 1.01 
308 542 0.01 
308 911 0.01 
308 921 1.01 
308 969 0.01 
308 986 0.01 
308 995 0.01 
441 28 1.01 
441 99 0.01 
441 158 0.01 
441 465 0.01 
441 621 0.01 
441 982 0.01 
441 993 2.01 
266 623 1.01 
266 708 0.01 
266 831 0.01 
266 923 0.01 
266 934 2.01 
266 959 17.009999999999998 
266 989 1.01 
623 530 0.01 
623 766 2.01 
623 865 2.01 
623 947 10.01 
623 970 1.01 
623 994 6.01 
623 999 1.01 
418 475 0.01 
418 592 0.01 
418 777 0.01 
418 811 0.01 
418 816 0.01 
418 824 0.01 
418 907 1.01 
447 270 0.01 
447 472 0.01 
447 578 0.01 
447 906 2.01 
447 967 1.01 
447 989 9.01 
447 993 0.01 
268 128 0.01 
268 650 0.01 
268 849 0.01 
268 921 1.01 
268 971 1.01 
268 998 5.01 
268 999 2.01 
272 523 0.01 
272 673 0.01 
272 710 1.01 
272 866 0.01 
272 973 10.01 
272 982 1.01 
272 998 9.01 
710 118 0.01 
710 500 0.01 
710 637 0.01 
710 841 0.01 
710 952 0.01 
710 971 2.01 
710 998 4.01 
369 217 0.01 
369 839 0.01 
369 863 0.01 
369 933 1.01 
369 935 0.01 
369 978 0.01 
369 979 2.01 
480 39 0.01 
480 369 0.01 
480 402 0.01 
480 683 0.01 
480 735 0.01 
480 935 0.01 
480 999 0.01 
661 188 0.01 
661 384 0.01 
661 763 0.01 
661 889 0.01 
661 969 1.01 
661 995 1.01 
661 996 1.01 
388 234 1.01 
388 330 0.01 
388 510 0.01 
388 571 0.01 
388 710 0.01 
388 971 0.01 
388 998 0.01 
767 246 0.01 
767 510 0.01 
767 789 0.01 
767 896 1.01 
767 960 1.01 
767 971 1.01 
767 991 0.01 
275 207 0.01 
275 377 0.01 
275 788 1.01 
275 980 0.01 
275 981 1.01 
275 987 1.01 
275 996 1.01 
377 149 0.01 
377 171 1.01 
377 466 0.01 
377 926 0.01 
377 945 1.01 
377 959 1.01 
377 981 1.01 
788 111 0.01 
788 134 1.01 
788 175 0.01 
788 429 1.01 
788 484 0.01 
788 965 1.01 
788 987 7.01 
276 29 0.01 
276 48 0.01 
276 506 0.01 
276 709 0.01 
276 983 3.01 
276 988 0.01 
276 993 1.01 
277 624 1.01 
277 774 1.01 
277 824 0.01 
277 855 0.01 
277 919 0.01 
277 930 0.01 
277 993 0.01 
624 164 0.01 
624 201 0.01 
624 699 0.01 
624 904 1.01 
624 907 0.01 
624 952 2.01 
624 984 0.01 
774 390 0.01 
774 561 1.01 
774 625 0.01 
774 746 0.01 
774 952 7.01 
774 964 2.01 
774 993 3.01 
280 68 0.01 
280 774 0.01 
280 795 0.01 
280 817 0.01 
280 916 1.01 
280 967 2.01 
280 993 1.01 
817 691 0.01 
817 808 3.01 
817 829 2.01 
817 925 0.01 
817 985 6.01 
817 997 7.01 
526 317 0.01 
526 460 0.01 
526 504 1.01 
526 531 0.01 
526 895 0.01 
526 918 0.01 
526 980 2.01 
283 225 0.01 
283 464 1.01 
283 659 2.01 
283 812 1.01 
283 828 0.01 
283 980 0.01 
283 985 7.01 
659 179 0.01 
659 283 0.01 
659 609 1.01 
659 817 1.01 
659 951 1.01 
659 985 21.009999999999998 
659 997 7.01 
586 296 0.01 
586 321 1.01 
586 488 0.01 
586 517 0.01 
586 857 0.01 
586 975 2.01 
586 994 3.01 
842 93 1.01 
842 916 1.01 
842 919 2.01 
842 929 1.01 
842 984 3.01 
842 993 16.009999999999998 
286 41 0.01 
286 318 0.01 
286 352 0.01 
286 436 0.01 
286 541 0.01 
286 960 0.01 
286 998 4.01 
483 420 1.01 
483 682 0.01 
483 758 0.01 
483 839 0.01 
483 840 0.01 
483 938 0.01 
483 991 0.01 
450 224 0.01 
450 832 0.01 
450 879 1.01 
450 965 4.01 
450 969 10.01 
450 972 0.01 
450 995 5.01 
289 87 0.01 
289 389 0.01 
289 612 0.01 
289 812 0.01 
289 850 0.01 
289 962 1.01 
289 991 1.01 
389 169 0.01 
389 355 0.01 
389 403 0.01 
389 686 0.01 
389 856 0.01 
389 983 3.01 
389 990 0.01 
448 264 0.01 
448 632 0.01 
448 662 0.01 
448 769 0.01 
448 856 2.01 
448 995 1.01 
448 998 0.01 
573 44 0.01 
573 468 0.01 
573 834 1.01 
573 917 5.01 
573 953 0.01 
573 978 4.01 
573 992 3.01 
467 739 0.01 
467 757 1.01 
467 833 0.01 
467 956 0.01 
467 980 0.01 
467 982 0.01 
467 999 1.01 
298 502 0.01 
298 790 0.01 
298 843 0.01 
298 847 1.01 
298 869 0.01 
298 960 0.01 
298 977 1.01 
301 534 0.01 
301 724 0.01 
301 859 0.01 
301 876 0.01 
301 914 0.01 
301 953 0.01 
301 990 5.01 
302 409 0.01 
302 537 0.01 
302 625 1.01 
302 678 1.01 
302 774 0.01 
302 957 0.01 
302 992 0.01 
715 103 0.01 
715 183 0.01 
715 736 0.01 
715 748 2.01 
715 942 0.01 
715 994 7.01 
715 999 3.01 
796 4 2.01 
796 434 0.01 
796 674 1.01 
796 928 1.01 
796 977 1.01 
796 999 48.01 
307 90 0.01 
307 287 0.01 
307 656 0.01 
307 702 1.01 
307 867 0.01 
307 984 0.01 
307 993 1.01 
522 70 0.01 
522 232 0.01 
522 655 1.01 
522 704 1.01 
522 827 0.01 
522 900 2.01 
522 995 1.01 
311 695 1.01 
311 806 0.01 
311 901 0.01 
311 907 1.01 
311 930 0.01 
311 988 0.01 
311 993 3.01 
312 586 0.01 
312 623 0.01 
312 624 0.01 
312 637 0.01 
312 936 0.01 
312 942 0.01 
312 975 0.01 
391 117 0.01 
391 118 1.01 
391 516 1.01 
391 579 0.01 
391 960 0.01 
391 994 1.01 
391 998 1.01 
314 446 1.01 
314 479 0.01 
314 732 0.01 
314 785 0.01 
314 816 0.01 
314 984 0.01 
314 993 2.01 
446 109 0.01 
446 459 0.01 
446 747 0.01 
446 902 0.01 
446 913 5.01 
446 980 2.01 
446 984 2.01 
316 7 0.01 
316 167 0.01 
316 513 0.01 
316 747 1.01 
316 891 1.01 
316 964 0.01 
316 971 6.01 
513 507 0.01 
513 721 0.01 
513 819 0.01 
513 961 0.01 
513 973 0.01 
513 984 0.01 
513 993 1.01 
392 352 1.01 
392 427 1.01 
392 525 0.01 
392 669 0.01 
392 921 0.01 
392 963 0.01 
392 968 0.01 
662 123 0.01 
662 780 6.01 
662 945 0.01 
662 972 11.01 
662 974 1.01 
662 978 4.01 
662 992 2.01 
386 155 0.01 
386 172 0.01 
386 182 0.01 
386 527 1.01 
386 928 0.01 
386 993 0.01 
386 999 2.01 
324 168 0.01 
324 179 1.01 
324 568 0.01 
324 873 8.01 
324 970 1.01 
324 994 9.01 
324 999 1.01 
325 457 0.01 
325 484 0.01 
325 618 1.01 
325 701 0.01 
325 886 1.01 
325 977 0.01 
325 982 0.01 
484 158 0.01 
484 285 0.01 
484 586 0.01 
484 595 0.01 
484 977 2.01 
484 984 1.01 
484 987 0.01 
326 405 0.01 
326 576 1.01 
326 813 0.01 
326 898 0.01 
326 934 0.01 
326 989 0.01 
326 995 1.01 
327 461 0.01 
327 603 0.01 
327 636 0.01 
327 698 0.01 
327 810 0.01 
327 982 2.01 
327 987 1.01 
603 85 2.01 
603 827 0.01 
603 977 0.01 
603 981 0.01 
603 987 0.01 
603 996 1.01 
603 997 0.01 
328 22 0.01 
328 212 0.01 
328 458 1.01 
328 495 0.01 
328 682 0.01 
328 813 0.01 
328 989 1.01 
827 11 1.01 
827 505 1.01 
827 689 0.01 
827 865 0.01 
827 869 0.01 
827 987 0.01 
594 247 0.01 
594 348 0.01 
594 488 0.01 
594 608 0.01 
594 935 1.01 
594 973 0.01 
594 978 0.01 
334 294 1.01 
334 358 0.01 
334 620 0.01 
334 717 0.01 
334 782 0.01 
334 897 0.01 
334 976 0.01 
358 434 0.01 
358 592 0.01 
358 714 0.01 
358 898 0.01 
358 929 0.01 
358 956 1.01 
358 980 0.01 
337 306 0.01 
337 687 0.01 
337 765 1.01 
337 879 0.01 
337 903 0.01 
337 905 0.01 
337 998 4.01 
687 89 1.01 
687 601 1.01 
687 784 0.01 
687 889 0.01 
687 981 7.01 
687 982 0.01 
687 987 11.01 
765 163 0.01 
765 522 0.01 
765 693 0.01 
765 763 0.01 
765 842 0.01 
765 945 1.01 
765 969 1.01 
338 190 0.01 
338 773 0.01 
338 792 9.01 
338 862 2.01 
338 978 1.01 
338 986 3.01 
338 999 4.01 
792 56 0.01 
792 338 1.01 
792 730 0.01 
792 791 0.01 
792 884 1.01 
792 986 17.009999999999998 
339 217 0.01 
339 353 0.01 
339 578 0.01 
339 660 0.01 
339 705 0.01 
339 957 0.01 
339 976 0.01 
353 361 0.01 
353 480 0.01 
353 621 1.01 
353 659 0.01 
353 926 0.01 
353 940 0.01 
353 982 0.01 
578 32 0.01 
578 113 1.01 
578 346 0.01 
578 673 0.01 
578 821 0.01 
578 939 0.01 
578 975 0.01 
347 273 0.01 
347 309 0.01 
347 315 2.01 
347 608 0.01 
347 741 0.01 
347 967 0.01 
347 980 1.01 
741 30 0.01 
741 411 1.01 
741 616 1.01 
741 698 0.01 
741 776 0.01 
741 961 1.01 
741 996 1.01 
348 174 0.01 
348 535 0.01 
348 589 0.01 
348 731 0.01 
348 929 0.01 
348 983 0.01 
348 997 0.01 
365 68 0.01 
365 305 0.01 
365 334 1.01 
365 418 0.01 
365 916 0.01 
365 960 0.01 
365 993 0.01 
351 723 0.01 
351 877 0.01 
351 882 0.01 
351 972 0.01 
351 974 2.01 
351 978 1.01 
351 990 1.01 
723 512 0.01 
723 634 0.01 
723 769 0.01 
723 882 0.01 
723 918 0.01 
723 920 1.01 
723 972 0.01 
621 51 0.01 
621 201 0.01 
621 354 0.01 
621 453 1.01 
621 603 0.01 
621 853 0.01 
621 912 0.01 
354 141 0.01 
354 194 0.01 
354 663 0.01 
354 694 0.01 
354 954 0.01 
354 956 0.01 
354 976 0.01 
663 394 0.01 
663 527 0.01 
663 747 1.01 
663 782 2.01 
663 866 0.01 
663 903 1.01 
663 904 1.01 
719 588 0.01 
719 936 2.01 
719 942 0.01 
719 970 2.01 
719 975 1.01 
719 994 4.01 
719 996 0.01 
431 199 0.01 
431 283 0.01 
431 290 0.01 
431 654 1.01 
431 759 0.01 
431 985 10.01 
431 997 5.01 
359 426 1.01 
359 766 1.01 
359 866 2.01 
359 881 0.01 
359 941 0.01 
359 970 0.01 
359 994 3.01 
360 229 0.01 
360 348 1.01 
360 598 0.01 
360 868 1.01 
360 916 1.01 
360 950 0.01 
360 988 0.01 
805 14 3.01 
805 196 0.01 
805 657 3.01 
805 917 1.01 
805 978 9.01 
805 992 19.009999999999998 
366 179 0.01 
366 206 1.01 
366 748 0.01 
366 873 2.01 
366 927 3.01 
366 964 0.01 
366 970 5.01 
368 88 0.01 
368 770 1.01 
368 913 1.01 
368 920 1.01 
368 945 1.01 
368 953 2.01 
368 974 0.01 
839 484 0.01 
839 527 0.01 
839 643 1.01 
839 682 0.01 
839 979 2.01 
839 991 6.01 
393 120 2.01 
393 176 0.01 
393 313 0.01 
393 467 0.01 
393 529 0.01 
393 960 0.01 
393 998 6.01 
375 382 0.01 
375 850 1.01 
375 873 1.01 
375 927 0.01 
375 941 2.01 
375 975 0.01 
375 990 1.01 
376 80 0.01 
376 377 1.01 
376 899 0.01 
376 977 0.01 
376 982 1.01 
376 987 0.01 
376 993 0.01 
399 89 0.01 
399 259 0.01 
399 267 0.01 
399 613 0.01 
399 860 0.01 
399 875 0.01 
399 972 0.01 
643 219 0.01 
643 259 0.01 
643 613 0.01 
643 887 1.01 
643 938 0.01 
643 980 0.01 
643 991 0.01 
527 407 0.01 
527 855 0.01 
527 875 0.01 
527 915 1.01 
527 930 1.01 
527 967 0.01 
527 993 0.01 
387 33 0.01 
387 698 0.01 
387 708 0.01 
387 755 0.01 
387 884 2.01 
387 982 8.01 
387 987 2.01 
403 522 0.01 
403 556 0.01 
403 701 0.01 
403 758 1.01 
403 984 2.01 
403 988 2.01 
403 990 0.01 
686 52 0.01 
686 409 0.01 
686 607 1.01 
686 731 0.01 
686 768 1.01 
686 777 0.01 
686 884 0.01 
390 7 0.01 
390 350 0.01 
390 513 0.01 
390 934 1.01 
390 946 0.01 
390 971 1.01 
390 984 3.01 
427 706 3.01 
427 797 0.01 
427 872 1.01 
427 895 0.01 
427 941 0.01 
427 963 0.01 
427 976 0.01 
669 31 0.01 
669 632 0.01 
669 646 1.01 
669 792 0.01 
669 797 2.01 
669 944 0.01 
669 968 1.01 
397 303 0.01 
397 449 0.01 
397 704 0.01 
397 742 0.01 
397 764 0.01 
397 767 0.01 
397 995 6.01 
398 54 0.01 
398 255 1.01 
398 412 0.01 
398 654 0.01 
398 869 0.01 
398 986 3.01 
398 999 8.01 
556 329 0.01 
556 355 0.01 
556 360 0.01 
556 509 0.01 
556 545 1.01 
556 641 0.01 
556 747 0.01 
735 266 1.01 
735 302 0.01 
735 489 0.01 
735 683 0.01 
735 713 1.01 
735 819 0.01 
735 936 0.01 
406 436 0.01 
406 579 0.01 
406 660 0.01 
406 767 1.01 
406 849 1.01 
406 924 0.01 
406 999 4.01 
415 501 0.01 
415 567 0.01 
415 663 1.01 
415 764 0.01 
415 767 0.01 
415 826 0.01 
415 998 2.01 
567 19 0.01 
567 356 1.01 
567 490 0.01 
567 638 1.01 
567 740 0.01 
567 872 1.01 
567 982 2.01 
574 3 1.01 
574 42 0.01 
574 95 0.01 
574 212 0.01 
574 820 1.01 
574 905 2.01 
574 989 3.01 
476 601 2.01 
476 799 0.01 
476 825 0.01 
476 896 1.01 
476 960 0.01 
476 971 1.01 
476 973 0.01 
429 145 0.01 
429 507 0.01 
429 912 1.01 
429 951 2.01 
429 982 0.01 
429 987 1.01 
429 991 0.01 
514 584 0.01 
514 871 0.01 
514 873 1.01 
514 942 1.01 
514 969 0.01 
514 970 3.01 
514 975 5.01 
531 165 0.01 
531 250 1.01 
531 376 0.01 
531 572 0.01 
531 855 0.01 
531 893 0.01 
531 968 1.01 
435 55 0.01 
435 61 0.01 
435 251 2.01 
435 778 0.01 
435 977 2.01 
435 985 0.01 
435 987 4.01 
577 175 0.01 
577 297 0.01 
577 549 0.01 
577 977 2.01 
577 981 4.01 
577 987 6.01 
577 993 1.01 
878 146 1.01 
878 298 0.01 
878 429 0.01 
878 698 1.01 
878 933 0.01 
878 996 0.01 
470 30 1.01 
470 122 1.01 
470 458 0.01 
470 513 0.01 
470 752 0.01 
470 927 1.01 
470 988 3.01 
472 610 1.01 
472 652 0.01 
472 707 1.01 
472 879 0.01 
472 949 3.01 
472 989 1.01 
472 995 1.01 
456 212 0.01 
456 391 0.01 
456 539 0.01 
456 955 1.01 
456 986 3.01 
456 996 2.01 
456 999 4.01 
639 499 1.01 
639 782 2.01 
639 913 0.01 
639 930 3.01 
639 935 1.01 
639 981 2.01 
639 984 1.01 
468 88 1.01 
468 168 0.01 
468 591 0.01 
468 723 1.01 
468 938 1.01 
468 954 0.01 
468 978 0.01 
591 8 0.01 
591 534 1.01 
591 762 0.01 
591 972 2.01 
591 978 4.01 
591 990 4.01 
591 992 2.01 
601 146 0.01 
601 327 0.01 
601 423 0.01 
601 528 0.01 
601 788 0.01 
601 956 2.01 
601 981 4.01 
487 21 0.01 
487 563 0.01 
487 673 0.01 
487 835 0.01 
487 984 0.01 
487 989 0.01 
487 996 0.01 
488 247 0.01 
488 324 0.01 
488 580 0.01 
488 608 0.01 
488 713 0.01 
488 933 0.01 
488 991 0.01 
489 326 0.01 
489 616 0.01 
489 706 0.01 
489 735 1.01 
489 821 0.01 
489 918 0.01 
489 957 1.01 
491 470 1.01 
491 887 0.01 
491 910 0.01 
491 950 1.01 
491 953 1.01 
491 988 2.01 
491 992 0.01 
492 250 0.01 
492 491 0.01 
492 757 0.01 
492 840 0.01 
492 958 0.01 
492 964 0.01 
492 968 1.01 
549 120 0.01 
549 630 0.01 
549 645 0.01 
549 731 0.01 
549 736 0.01 
549 976 0.01 
549 988 0.01 
554 348 0.01 
554 373 0.01 
554 403 0.01 
554 508 0.01 
554 809 0.01 
554 961 0.01 
554 988 0.01 
569 670 0.01 
569 832 1.01 
569 858 0.01 
569 865 2.01 
569 941 1.01 
569 947 2.01 
569 994 3.01 
504 749 0.01 
504 779 1.01 
504 838 0.01 
504 870 0.01 
504 872 1.01 
504 963 0.01 
504 980 0.01 
508 247 0.01 
508 491 0.01 
508 617 0.01 
508 635 0.01 
508 854 0.01 
508 951 0.01 
508 983 2.01 
509 75 0.01 
509 185 0.01 
509 254 0.01 
509 387 0.01 
509 737 0.01 
509 910 0.01 
509 988 0.01 
512 662 0.01 
512 771 3.01 
512 894 1.01 
512 940 1.01 
512 974 1.01 
512 983 1.01 
512 986 2.01 
551 375 0.01 
551 456 0.01 
551 643 0.01 
551 719 0.01 
551 858 9.01 
551 942 2.01 
551 994 3.01 
550 59 0.01 
550 327 0.01 
550 435 1.01 
550 801 2.01 
550 850 0.01 
550 981 2.01 
550 982 14.01 
530 86 1.01 
530 366 0.01 
530 610 0.01 
530 726 0.01 
530 748 1.01 
530 881 0.01 
530 936 1.01 
540 647 1.01 
540 838 0.01 
540 955 2.01 
540 960 1.01 
540 971 1.01 
540 986 1.01 
540 990 1.01 
545 9 0.01 
545 38 0.01 
545 686 0.01 
545 700 0.01 
545 910 0.01 
545 983 0.01 
545 996 2.01 
634 301 0.01 
634 544 0.01 
634 786 1.01 
634 876 0.01 
634 978 2.01 
634 990 2.01 
634 992 0.01 
