0 131 0.01 
0 775 0.01 
0 922 0.01 
0 952 1.01 
0 962 0.01 
0 983 1.01 
131 81 1.01 
131 686 0.01 
131 866 0.01 
131 952 0.01 
131 976 0.01 
131 980 0.01 
131 988 0.01 
775 319 1.01 
775 361 0.01 
775 462 0.01 
775 463 1.01 
775 881 1.01 
775 930 0.01 
775 984 1.01 
922 16 0.01 
922 517 2.01 
922 637 0.01 
922 798 0.01 
922 912 1.01 
922 983 8.01 
952 606 0.01 
952 725 1.01 
952 881 4.01 
952 968 2.01 
952 970 4.01 
952 979 10.01 
962 174 0.01 
962 598 0.01 
962 675 1.01 
962 845 2.01 
962 976 5.01 
962 979 7.01 
983 153 1.01 
983 608 2.01 
983 717 0.01 
983 880 4.01 
983 952 4.01 
983 984 6.01 
1 188 0.01 
1 221 0.01 
1 358 1.01 
1 757 0.01 
1 850 0.01 
1 869 0.01 
1 871 0.01 
188 442 0.01 
188 692 0.01 
188 772 0.01 
188 931 0.01 
188 958 0.01 
188 975 1.01 
221 171 0.01 
221 422 0.01 
221 639 1.01 
221 747 0.01 
221 766 0.01 
221 927 0.01 
221 994 1.01 
358 350 0.01 
358 353 0.01 
358 369 0.01 
358 756 1.01 
358 797 0.01 
358 932 0.01 
757 58 1.01 
757 599 0.01 
757 852 0.01 
757 882 1.01 
757 989 1.01 
757 993 2.01 
850 206 0.01 
850 815 0.01 
850 925 1.01 
850 934 2.01 
850 978 2.01 
850 999 0.01 
869 404 0.01 
869 490 0.01 
869 573 0.01 
869 687 2.01 
869 741 2.01 
869 948 0.01 
871 422 0.01 
871 619 1.01 
871 687 0.01 
871 844 0.01 
871 889 0.01 
871 923 2.01 
2 819 0.01 
2 893 0.01 
2 948 0.01 
2 960 0.01 
2 961 0.01 
2 980 1.01 
2 993 1.01 
819 345 0.01 
819 729 1.01 
819 760 2.01 
819 923 1.01 
819 932 0.01 
819 948 1.01 
893 873 0.01 
893 945 1.01 
893 946 0.01 
893 966 1.01 
893 989 4.01 
893 993 4.01 
948 128 0.01 
948 675 0.01 
948 893 0.01 
948 910 1.01 
948 975 5.01 
948 981 1.01 
960 133 1.01 
960 524 2.01 
960 613 0.01 
960 642 0.01 
960 931 0.01 
960 980 6.01 
961 323 0.01 
961 485 1.01 
961 826 0.01 
961 868 1.01 
961 902 0.01 
961 980 3.01 
980 397 1.01 
980 849 2.01 
980 913 8.01 
980 973 10.01 
980 988 3.01 
980 993 17.009999999999998 
993 191 0.01 
993 593 1.01 
993 730 1.01 
993 913 7.01 
993 925 6.01 
993 989 12.01 
3 648 0.01 
3 788 0.01 
3 834 1.01 
3 887 0.01 
3 943 1.01 
3 977 0.01 
3 997 3.01 
3 999 1.01 
648 616 0.01 
648 823 0.01 
648 833 1.01 
648 942 0.01 
648 943 0.01 
648 990 4.01 
648 994 2.01 
648 998 1.01 
648 999 4.01 
788 208 0.01 
788 516 1.01 
788 551 0.01 
788 697 0.01 
788 762 0.01 
788 994 2.01 
788 997 0.01 
788 998 1.01 
788 999 0.01 
834 19 0.01 
834 368 0.01 
834 519 0.01 
834 933 0.01 
834 981 0.01 
834 987 0.01 
834 997 2.01 
834 998 1.01 
834 999 2.01 
887 391 0.01 
887 671 0.01 
887 967 0.01 
887 990 1.01 
887 997 1.01 
887 999 2.01 
943 176 0.01 
943 551 0.01 
943 919 1.01 
943 981 3.01 
943 987 7.01 
943 990 6.01 
943 994 6.01 
943 998 26.009999999999998 
943 999 11.01 
977 534 0.01 
977 654 2.01 
977 854 2.01 
977 974 2.01 
977 981 9.01 
977 998 14.01 
977 999 17.009999999999998 
997 748 1.01 
997 974 13.01 
997 990 12.01 
997 994 44.01 
997 998 55.01 
997 999 53.01 
999 119 3.01 
999 204 0.01 
999 803 4.01 
999 838 8.01 
999 879 10.01 
999 915 13.01 
999 981 33.01 
999 998 65.00999999999999 
4 566 0.01 
4 590 1.01 
4 862 1.01 
4 865 0.01 
4 963 0.01 
4 991 0.01 
566 876 0.01 
566 896 1.01 
566 899 1.01 
566 929 0.01 
566 951 0.01 
566 991 1.01 
590 281 0.01 
590 620 0.01 
590 714 0.01 
590 792 0.01 
590 817 0.01 
590 969 0.01 
590 991 1.01 
862 718 0.01 
862 723 0.01 
862 755 0.01 
862 963 2.01 
862 983 0.01 
862 991 3.01 
865 71 0.01 
865 402 0.01 
865 658 0.01 
865 751 0.01 
865 970 2.01 
865 991 2.01 
963 320 0.01 
963 750 0.01 
963 779 0.01 
963 929 1.01 
963 986 1.01 
963 991 0.01 
991 139 0.01 
991 317 0.01 
991 420 0.01 
991 741 1.01 
991 900 2.01 
991 978 3.01 
5 361 0.01 
5 508 0.01 
5 653 0.01 
5 922 2.01 
5 984 2.01 
5 988 0.01 
361 13 0.01 
361 51 0.01 
361 222 0.01 
361 637 3.01 
361 983 0.01 
361 984 1.01 
508 146 1.01 
508 268 1.01 
508 313 0.01 
508 625 0.01 
508 845 1.01 
508 922 1.01 
653 130 0.01 
653 563 0.01 
653 688 0.01 
653 968 0.01 
653 984 1.01 
653 988 0.01 
984 614 1.01 
984 713 1.01 
984 777 1.01 
984 952 7.01 
984 970 11.01 
984 988 25.009999999999998 
988 57 2.01 
988 94 0.01 
988 143 1.01 
988 429 1.01 
988 659 3.01 
988 984 10.01 
6 61 0.01 
6 485 0.01 
6 554 0.01 
6 888 2.01 
6 978 0.01 
6 980 2.01 
61 7 1.01 
61 186 0.01 
61 795 0.01 
61 868 2.01 
61 902 0.01 
61 978 1.01 
61 993 0.01 
485 524 0.01 
485 758 0.01 
485 849 0.01 
485 893 0.01 
485 912 0.01 
485 973 1.01 
554 7 0.01 
554 42 0.01 
554 553 0.01 
554 622 0.01 
554 744 0.01 
554 877 0.01 
888 912 0.01 
888 913 1.01 
888 921 0.01 
888 960 0.01 
888 978 4.01 
888 980 3.01 
978 120 0.01 
978 498 0.01 
978 873 6.01 
978 966 9.01 
978 973 12.01 
978 993 19.009999999999998 
7 78 1.01 
7 120 0.01 
7 577 1.01 
7 925 3.01 
7 980 0.01 
7 989 2.01 
78 323 0.01 
78 763 0.01 
78 789 0.01 
78 877 0.01 
78 918 1.01 
78 938 0.01 
120 56 0.01 
120 184 0.01 
120 331 1.01 
120 980 2.01 
120 989 4.01 
120 993 0.01 
577 43 0.01 
577 228 0.01 
577 397 0.01 
577 405 1.01 
577 665 0.01 
577 961 0.01 
577 980 2.01 
925 562 1.01 
925 758 0.01 
925 916 2.01 
925 938 0.01 
925 980 5.01 
925 986 3.01 
989 363 1.01 
989 744 3.01 
989 891 10.01 
989 898 5.01 
989 902 6.01 
989 973 14.01 
8 71 0.01 
8 80 0.01 
8 445 0.01 
8 967 0.01 
8 985 0.01 
8 987 2.01 
8 994 0.01 
8 998 2.01 
8 999 0.01 
71 161 0.01 
71 225 0.01 
71 762 0.01 
71 811 0.01 
71 987 0.01 
71 994 0.01 
71 997 0.01 
71 998 0.01 
71 999 0.01 
80 446 0.01 
80 527 0.01 
80 644 0.01 
80 875 0.01 
80 987 3.01 
80 997 0.01 
80 998 1.01 
80 999 0.01 
445 368 0.01 
445 375 0.01 
445 811 0.01 
445 911 2.01 
445 977 0.01 
445 985 1.01 
445 997 1.01 
445 998 1.01 
445 999 0.01 
967 685 1.01 
967 890 3.01 
967 947 2.01 
967 981 24.009999999999998 
967 994 10.01 
967 997 5.01 
967 999 18.009999999999998 
985 199 3.01 
985 854 3.01 
985 915 4.01 
985 974 14.01 
985 990 4.01 
985 997 9.01 
985 998 20.009999999999998 
985 999 21.009999999999998 
987 393 2.01 
987 513 3.01 
987 551 1.01 
987 616 1.01 
987 985 7.01 
987 998 48.01 
994 394 2.01 
994 523 0.01 
994 698 1.01 
994 811 4.01 
994 838 13.01 
994 997 31.009999999999998 
998 112 0.01 
998 229 0.01 
998 501 3.01 
998 911 7.01 
998 943 5.01 
998 981 18.009999999999998 
998 987 22.009999999999998 
998 999 77.00999999999999 
9 714 0.01 
9 912 0.01 
9 945 1.01 
9 960 2.01 
9 989 1.01 
9 993 1.01 
714 491 1.01 
714 586 0.01 
714 849 0.01 
714 852 1.01 
714 945 1.01 
714 989 1.01 
912 148 0.01 
912 424 0.01 
912 633 1.01 
912 893 1.01 
912 973 0.01 
912 989 2.01 
945 505 0.01 
945 554 0.01 
945 735 0.01 
945 873 5.01 
945 925 2.01 
945 966 4.01 
10 69 1.01 
10 197 0.01 
10 502 0.01 
10 611 0.01 
10 877 0.01 
10 961 0.01 
10 993 2.01 
69 263 0.01 
69 301 0.01 
69 553 0.01 
69 622 1.01 
69 702 0.01 
69 960 2.01 
197 106 0.01 
197 632 0.01 
197 757 1.01 
197 763 0.01 
197 866 0.01 
197 916 1.01 
197 945 0.01 
502 160 1.01 
502 470 0.01 
502 647 0.01 
502 916 0.01 
502 978 1.01 
502 980 0.01 
502 993 0.01 
611 115 1.01 
611 219 0.01 
611 554 0.01 
611 757 0.01 
611 912 0.01 
611 973 0.01 
877 61 0.01 
877 216 0.01 
877 470 0.01 
877 717 1.01 
877 861 0.01 
877 980 3.01 
11 112 0.01 
11 293 0.01 
11 576 0.01 
11 645 1.01 
11 748 0.01 
11 859 0.01 
11 943 0.01 
11 967 0.01 
11 987 1.01 
11 997 0.01 
11 998 0.01 
11 999 0.01 
112 823 1.01 
112 905 1.01 
112 926 0.01 
112 947 0.01 
112 981 2.01 
112 985 3.01 
112 987 1.01 
112 994 8.01 
112 998 18.009999999999998 
112 999 5.01 
293 394 0.01 
293 399 0.01 
293 863 0.01 
293 919 0.01 
293 977 0.01 
293 990 0.01 
293 997 2.01 
293 998 0.01 
293 999 1.01 
576 484 0.01 
576 833 0.01 
576 981 1.01 
576 990 0.01 
576 994 2.01 
576 997 0.01 
576 999 8.01 
645 555 1.01 
645 604 0.01 
645 911 0.01 
645 942 0.01 
645 977 0.01 
645 997 0.01 
645 998 1.01 
645 999 3.01 
748 362 0.01 
748 415 0.01 
748 518 1.01 
748 805 0.01 
748 863 1.01 
748 997 30.009999999999998 
748 998 6.01 
748 999 9.01 
859 125 0.01 
859 171 0.01 
859 527 0.01 
859 592 1.01 
859 977 0.01 
859 990 1.01 
859 997 2.01 
12 95 1.01 
12 336 0.01 
12 561 0.01 
12 965 0.01 
12 992 2.01 
12 995 0.01 
12 996 0.01 
95 595 0.01 
95 634 0.01 
95 860 1.01 
95 939 1.01 
95 992 1.01 
95 995 1.01 
336 288 0.01 
336 403 0.01 
336 806 0.01 
336 855 1.01 
336 992 2.01 
336 995 2.01 
336 996 0.01 
561 168 0.01 
561 712 0.01 
561 778 0.01 
561 889 2.01 
561 992 1.01 
561 995 5.01 
561 996 4.01 
965 595 0.01 
965 694 0.01 
965 710 0.01 
965 856 0.01 
965 886 1.01 
965 995 9.01 
992 298 1.01 
992 364 1.01 
992 683 0.01 
992 710 2.01 
992 860 1.01 
992 864 5.01 
995 141 1.01 
995 200 3.01 
995 889 7.01 
995 953 7.01 
995 956 13.01 
995 996 32.01 
996 33 2.01 
996 93 0.01 
996 522 2.01 
996 582 2.01 
996 992 27.009999999999998 
996 995 30.009999999999998 
13 285 0.01 
13 348 0.01 
13 454 0.01 
13 798 1.01 
13 976 0.01 
13 988 0.01 
285 608 0.01 
285 641 0.01 
285 725 1.01 
285 955 0.01 
285 979 0.01 
285 983 0.01 
348 5 0.01 
348 332 0.01 
348 641 0.01 
348 790 0.01 
348 906 0.01 
348 976 0.01 
454 13 0.01 
454 34 0.01 
454 493 0.01 
454 881 0.01 
454 968 0.01 
454 976 0.01 
454 983 2.01 
798 57 0.01 
798 348 0.01 
798 462 0.01 
798 880 1.01 
798 885 1.01 
798 970 2.01 
798 984 0.01 
976 36 0.01 
976 59 0.01 
976 515 1.01 
976 671 0.01 
976 801 1.01 
976 979 12.01 
14 8 0.01 
14 316 0.01 
14 875 0.01 
14 933 0.01 
14 990 0.01 
14 994 0.01 
14 999 1.01 
316 338 0.01 
316 472 0.01 
316 486 0.01 
316 501 1.01 
316 685 0.01 
316 977 0.01 
316 994 0.01 
316 997 0.01 
316 998 3.01 
316 999 0.01 
875 77 1.01 
875 276 0.01 
875 355 0.01 
875 437 0.01 
875 737 0.01 
875 924 0.01 
875 981 0.01 
875 998 3.01 
875 999 10.01 
933 409 0.01 
933 484 0.01 
933 534 2.01 
933 803 5.01 
933 924 1.01 
933 997 7.01 
933 999 4.01 
990 119 9.01 
990 527 1.01 
990 878 1.01 
990 890 4.01 
990 981 9.01 
990 998 23.009999999999998 
990 999 38.01 
15 37 1.01 
15 126 0.01 
15 521 0.01 
15 747 0.01 
15 841 0.01 
15 975 1.01 
37 131 0.01 
37 147 0.01 
37 150 0.01 
37 829 0.01 
37 971 1.01 
37 975 0.01 
37 998 0.01 
126 703 0.01 
126 707 0.01 
126 726 0.01 
126 759 0.01 
126 856 0.01 
126 869 0.01 
126 975 1.01 
521 749 0.01 
521 871 1.01 
521 904 0.01 
521 932 1.01 
521 958 1.01 
521 971 1.01 
747 128 0.01 
747 278 0.01 
747 284 0.01 
747 828 0.01 
747 904 0.01 
747 975 1.01 
841 89 0.01 
841 404 0.01 
841 580 0.01 
841 823 0.01 
841 869 0.01 
841 975 1.01 
975 623 1.01 
975 661 1.01 
975 839 0.01 
975 869 1.01 
975 948 2.01 
975 959 2.01 
16 74 1.01 
16 434 0.01 
16 514 0.01 
16 933 2.01 
16 981 0.01 
16 990 0.01 
16 994 2.01 
16 997 0.01 
16 998 1.01 
16 999 0.01 
74 171 0.01 
74 391 0.01 
74 878 1.01 
74 924 0.01 
74 977 0.01 
74 985 0.01 
74 998 0.01 
74 999 2.01 
434 84 1.01 
434 341 0.01 
434 878 1.01 
434 977 0.01 
434 994 1.01 
434 997 0.01 
434 998 2.01 
434 999 1.01 
514 3 0.01 
514 63 0.01 
514 235 1.01 
514 242 0.01 
514 985 0.01 
514 987 0.01 
514 999 0.01 
981 486 2.01 
981 513 5.01 
981 630 3.01 
981 842 0.01 
981 967 3.01 
981 997 30.009999999999998 
981 999 43.01 
17 737 0.01 
17 985 3.01 
17 987 1.01 
17 990 2.01 
17 997 0.01 
17 998 0.01 
17 999 1.01 
737 218 0.01 
737 253 0.01 
737 458 0.01 
737 872 1.01 
737 987 1.01 
737 997 0.01 
737 998 2.01 
737 999 3.01 
18 177 0.01 
18 427 1.01 
18 726 0.01 
18 802 0.01 
18 971 3.01 
18 975 0.01 
177 158 2.01 
177 492 0.01 
177 662 1.01 
177 699 0.01 
177 812 0.01 
177 904 0.01 
427 565 0.01 
427 753 0.01 
427 802 0.01 
427 828 0.01 
427 853 0.01 
427 888 0.01 
427 937 0.01 
726 188 0.01 
726 433 0.01 
726 580 0.01 
726 812 1.01 
726 844 0.01 
726 971 0.01 
802 180 0.01 
802 188 0.01 
802 308 0.01 
802 639 0.01 
802 726 0.01 
802 856 0.01 
802 988 0.01 
971 23 1.01 
971 163 0.01 
971 724 0.01 
971 729 2.01 
971 784 0.01 
971 910 0.01 
19 195 0.01 
19 232 0.01 
19 588 0.01 
19 915 1.01 
19 974 0.01 
19 990 1.01 
19 998 1.01 
19 999 1.01 
195 359 0.01 
195 538 0.01 
195 539 0.01 
195 842 0.01 
195 985 0.01 
195 990 0.01 
195 997 0.01 
195 999 0.01 
232 129 1.01 
232 159 0.01 
232 324 1.01 
232 484 0.01 
232 657 0.01 
232 981 2.01 
232 997 5.01 
232 998 0.01 
232 999 0.01 
588 473 0.01 
588 516 0.01 
588 531 0.01 
588 538 0.01 
588 604 0.01 
588 879 0.01 
588 990 0.01 
588 997 0.01 
588 998 0.01 
588 999 0.01 
915 27 0.01 
915 125 1.01 
915 338 0.01 
915 440 0.01 
915 446 0.01 
915 576 0.01 
915 791 1.01 
915 942 0.01 
915 997 5.01 
974 198 1.01 
974 794 0.01 
974 933 1.01 
974 985 11.01 
974 987 8.01 
974 994 16.009999999999998 
974 997 27.009999999999998 
974 999 17.009999999999998 
20 55 0.01 
20 378 0.01 
20 624 1.01 
20 831 0.01 
20 946 0.01 
20 992 2.01 
20 996 1.01 
55 90 0.01 
55 550 0.01 
55 597 1.01 
55 831 0.01 
55 992 1.01 
55 995 0.01 
55 996 2.01 
378 105 0.01 
378 396 1.01 
378 928 0.01 
378 965 0.01 
378 992 1.01 
378 995 4.01 
378 996 0.01 
624 182 0.01 
624 921 0.01 
624 928 1.01 
624 965 1.01 
624 992 1.01 
624 995 2.01 
624 996 2.01 
831 234 0.01 
831 768 3.01 
831 946 1.01 
831 979 2.01 
831 995 5.01 
831 996 5.01 
946 624 0.01 
946 799 1.01 
946 920 1.01 
946 944 1.01 
946 990 0.01 
946 992 9.01 
21 263 0.01 
21 759 0.01 
21 807 0.01 
21 873 1.01 
21 888 2.01 
21 980 1.01 
21 993 4.01 
263 680 0.01 
263 757 1.01 
263 815 0.01 
263 916 2.01 
263 961 0.01 
263 980 0.01 
759 367 0.01 
759 421 0.01 
759 442 0.01 
759 802 0.01 
759 856 0.01 
759 904 0.01 
759 959 1.01 
807 302 0.01 
807 548 1.01 
807 583 0.01 
807 922 0.01 
807 930 2.01 
807 962 0.01 
807 983 1.01 
873 744 1.01 
873 751 1.01 
873 913 4.01 
873 945 4.01 
873 966 2.01 
873 978 18.009999999999998 
22 284 0.01 
22 297 0.01 
22 460 0.01 
22 830 0.01 
22 836 0.01 
22 971 0.01 
22 973 0.01 
284 23 0.01 
284 272 0.01 
284 440 1.01 
284 927 0.01 
284 931 0.01 
284 965 1.01 
284 997 0.01 
297 480 0.01 
297 498 0.01 
297 796 0.01 
297 892 0.01 
297 979 0.01 
297 991 1.01 
297 998 0.01 
460 67 0.01 
460 124 0.01 
460 173 0.01 
460 585 1.01 
460 935 0.01 
460 969 0.01 
830 189 0.01 
830 699 0.01 
830 783 0.01 
830 786 1.01 
830 876 0.01 
830 991 1.01 
836 76 0.01 
836 306 1.01 
836 532 0.01 
836 663 0.01 
836 835 0.01 
836 847 0.01 
973 21 0.01 
973 219 1.01 
973 400 1.01 
973 457 0.01 
973 708 0.01 
973 891 3.01 
23 221 0.01 
23 682 0.01 
23 729 0.01 
23 822 0.01 
23 871 0.01 
23 975 3.01 
23 994 0.01 
682 138 0.01 
682 558 0.01 
682 686 0.01 
682 752 0.01 
682 917 0.01 
682 949 2.01 
729 322 0.01 
729 366 0.01 
729 421 0.01 
729 543 1.01 
729 756 0.01 
729 931 1.01 
729 971 2.01 
822 122 1.01 
822 546 0.01 
822 587 0.01 
822 742 1.01 
822 914 0.01 
822 991 2.01 
24 360 0.01 
24 579 1.01 
24 850 0.01 
24 960 1.01 
24 973 0.01 
24 980 1.01 
360 133 0.01 
360 183 1.01 
360 784 0.01 
360 850 0.01 
360 980 0.01 
360 985 0.01 
360 991 0.01 
579 31 0.01 
579 136 0.01 
579 205 0.01 
579 841 0.01 
579 867 0.01 
579 888 0.01 
579 960 0.01 
25 399 0.01 
25 892 0.01 
25 941 0.01 
25 954 1.01 
25 955 0.01 
25 964 0.01 
25 986 0.01 
399 208 0.01 
399 539 0.01 
399 863 0.01 
399 926 0.01 
399 987 1.01 
399 990 0.01 
399 994 1.01 
399 997 0.01 
399 998 1.01 
399 999 1.01 
892 413 0.01 
892 844 0.01 
892 847 0.01 
892 935 3.01 
892 988 0.01 
892 999 0.01 
941 255 1.01 
941 514 0.01 
941 574 1.01 
941 740 1.01 
941 903 1.01 
941 986 8.01 
954 115 1.01 
954 431 0.01 
954 482 0.01 
954 556 2.01 
954 874 0.01 
954 895 1.01 
955 508 0.01 
955 552 0.01 
955 951 0.01 
955 968 3.01 
955 970 5.01 
955 988 2.01 
964 299 0.01 
964 713 1.01 
964 901 3.01 
964 903 9.01 
964 940 0.01 
964 949 1.01 
986 520 0.01 
986 626 0.01 
986 761 3.01 
986 828 1.01 
986 936 0.01 
986 978 0.01 
26 46 0.01 
26 274 1.01 
26 451 0.01 
26 763 0.01 
26 918 1.01 
26 993 1.01 
46 24 1.01 
46 610 0.01 
46 709 0.01 
46 877 0.01 
46 882 1.01 
46 993 1.01 
274 491 0.01 
274 891 0.01 
274 960 0.01 
274 966 0.01 
274 973 1.01 
274 989 1.01 
451 61 1.01 
451 78 1.01 
451 602 0.01 
451 852 1.01 
451 989 1.01 
451 993 1.01 
763 397 1.01 
763 611 0.01 
763 662 0.01 
763 922 0.01 
763 966 0.01 
763 971 1.01 
763 989 0.01 
918 191 0.01 
918 386 1.01 
918 622 0.01 
918 702 0.01 
918 749 0.01 
918 980 1.01 
27 8 0.01 
27 391 0.01 
27 652 0.01 
27 671 0.01 
27 834 1.01 
27 879 0.01 
27 998 0.01 
27 999 3.01 
391 393 0.01 
391 748 0.01 
391 838 0.01 
391 919 1.01 
391 924 0.01 
391 987 0.01 
391 994 0.01 
391 998 1.01 
391 999 0.01 
652 352 0.01 
652 355 0.01 
652 592 1.01 
652 668 2.01 
652 985 2.01 
652 987 0.01 
652 998 1.01 
652 999 2.01 
671 63 0.01 
671 518 0.01 
671 887 1.01 
671 985 0.01 
671 994 0.01 
671 997 1.01 
671 998 0.01 
671 999 0.01 
879 630 1.01 
879 924 1.01 
879 947 0.01 
879 977 4.01 
879 994 3.01 
879 997 12.01 
879 999 27.009999999999998 
28 768 0.01 
28 894 0.01 
28 920 0.01 
28 992 0.01 
28 995 0.01 
28 996 0.01 
768 589 0.01 
768 831 4.01 
768 840 0.01 
768 921 0.01 
768 992 3.01 
768 995 2.01 
768 996 5.01 
894 408 1.01 
894 419 0.01 
894 497 1.01 
894 507 0.01 
894 864 2.01 
894 992 10.01 
920 349 0.01 
920 596 0.01 
920 831 0.01 
920 992 5.01 
920 995 5.01 
920 996 5.01 
29 73 0.01 
29 97 0.01 
29 320 0.01 
29 701 0.01 
29 796 0.01 
29 822 1.01 
29 847 0.01 
73 402 0.01 
73 500 0.01 
73 566 0.01 
73 594 0.01 
73 658 0.01 
73 991 0.01 
97 302 0.01 
97 311 0.01 
97 498 0.01 
97 705 0.01 
97 810 0.01 
97 816 0.01 
97 991 1.01 
320 48 0.01 
320 148 0.01 
320 306 1.01 
320 660 1.01 
320 786 1.01 
320 969 0.01 
320 991 2.01 
701 110 0.01 
701 328 0.01 
701 460 1.01 
701 531 0.01 
701 582 1.01 
701 932 0.01 
701 969 1.01 
796 250 0.01 
796 376 0.01 
796 379 0.01 
796 447 1.01 
796 532 1.01 
796 900 0.01 
796 992 0.01 
847 4 1.01 
847 567 0.01 
847 617 1.01 
847 779 0.01 
847 935 0.01 
847 963 0.01 
30 96 1.01 
30 406 0.01 
30 461 1.01 
30 945 0.01 
30 966 1.01 
30 980 0.01 
30 989 2.01 
96 502 0.01 
96 610 1.01 
96 642 0.01 
96 804 0.01 
96 882 1.01 
96 961 1.01 
96 973 0.01 
406 169 1.01 
406 485 1.01 
406 888 0.01 
406 893 0.01 
406 989 3.01 
406 993 1.01 
461 30 0.01 
461 113 0.01 
461 184 1.01 
461 570 0.01 
461 980 0.01 
461 990 0.01 
461 998 0.01 
966 157 1.01 
966 418 0.01 
966 784 1.01 
966 891 3.01 
966 978 15.01 
966 993 13.01 
31 2 0.01 
31 117 0.01 
31 586 1.01 
31 681 0.01 
31 898 0.01 
31 960 1.01 
117 52 1.01 
117 708 0.01 
117 764 0.01 
117 852 0.01 
117 964 1.01 
117 974 0.01 
117 978 4.01 
586 647 0.01 
586 766 0.01 
586 849 0.01 
586 916 1.01 
586 960 1.01 
586 993 1.01 
681 427 0.01 
681 815 0.01 
681 893 0.01 
681 898 0.01 
681 902 1.01 
681 918 0.01 
681 999 0.01 
898 169 0.01 
898 717 0.01 
898 848 0.01 
898 918 0.01 
898 960 2.01 
898 994 0.01 
32 159 0.01 
32 730 1.01 
32 822 1.01 
32 832 0.01 
32 951 0.01 
32 957 0.01 
32 991 0.01 
159 341 0.01 
159 861 0.01 
159 926 0.01 
159 985 0.01 
159 987 0.01 
159 994 0.01 
159 998 1.01 
159 999 0.01 
730 374 0.01 
730 728 0.01 
730 746 0.01 
730 882 1.01 
730 935 0.01 
730 969 1.01 
730 991 3.01 
832 90 0.01 
832 670 0.01 
832 767 0.01 
832 793 0.01 
832 808 0.01 
832 996 5.01 
951 8 0.01 
951 67 1.01 
951 718 0.01 
951 826 0.01 
951 963 4.01 
951 991 3.01 
957 144 1.01 
957 301 0.01 
957 935 1.01 
957 952 0.01 
957 991 5.01 
957 993 0.01 
33 403 0.01 
33 582 1.01 
33 754 0.01 
33 768 1.01 
33 992 7.01 
33 995 7.01 
403 522 0.01 
403 694 1.01 
403 894 1.01 
403 956 1.01 
403 992 3.01 
403 995 2.01 
403 996 3.01 
582 70 1.01 
582 716 1.01 
582 946 0.01 
582 965 3.01 
582 992 6.01 
582 995 8.01 
582 996 13.01 
754 47 1.01 
754 165 1.01 
754 373 2.01 
754 667 1.01 
754 886 1.01 
754 894 0.01 
754 996 6.01 
34 247 0.01 
34 277 0.01 
34 376 0.01 
34 581 0.01 
34 653 0.01 
34 952 0.01 
34 988 0.01 
247 75 0.01 
247 634 0.01 
247 767 2.01 
247 831 0.01 
247 860 1.01 
247 992 1.01 
247 995 1.01 
277 174 1.01 
277 209 0.01 
277 897 0.01 
277 930 1.01 
277 968 2.01 
277 984 2.01 
376 75 0.01 
376 607 0.01 
376 659 0.01 
376 679 1.01 
376 827 0.01 
376 871 0.01 
376 989 0.01 
581 454 0.01 
581 866 0.01 
581 906 0.01 
581 970 1.01 
581 979 1.01 
581 983 0.01 
35 135 0.01 
35 313 1.01 
35 395 0.01 
35 751 0.01 
35 951 0.01 
35 991 1.01 
35 994 1.01 
135 35 1.01 
135 39 0.01 
135 584 0.01 
135 800 1.01 
135 830 0.01 
135 991 1.01 
313 430 0.01 
313 544 0.01 
313 885 2.01 
313 979 1.01 
313 983 0.01 
313 988 0.01 
395 226 0.01 
395 525 1.01 
395 763 0.01 
395 766 0.01 
395 852 0.01 
395 870 0.01 
395 898 0.01 
751 224 1.01 
751 387 0.01 
751 474 0.01 
751 658 0.01 
751 764 1.01 
751 810 0.01 
751 891 0.01 
36 359 0.01 
36 619 0.01 
36 872 0.01 
36 884 1.01 
36 974 0.01 
36 987 1.01 
36 998 2.01 
36 999 2.01 
359 327 0.01 
359 648 1.01 
359 887 0.01 
359 919 0.01 
359 985 0.01 
359 990 1.01 
359 999 2.01 
619 249 0.01 
619 389 0.01 
619 519 0.01 
619 705 1.01 
619 809 0.01 
619 977 1.01 
619 994 1.01 
619 997 1.01 
619 998 0.01 
619 999 1.01 
872 259 0.01 
872 774 0.01 
872 967 0.01 
872 987 0.01 
872 990 1.01 
872 998 3.01 
872 999 2.01 
884 84 0.01 
884 242 0.01 
884 619 0.01 
884 905 0.01 
884 974 1.01 
884 987 3.01 
884 998 4.01 
884 999 1.01 
147 453 0.01 
147 573 1.01 
147 662 0.01 
147 741 0.01 
147 931 0.01 
147 959 0.01 
147 975 0.01 
150 147 0.01 
150 177 0.01 
150 496 0.01 
150 687 0.01 
150 782 1.01 
150 948 0.01 
829 307 0.01 
829 773 0.01 
829 841 0.01 
829 844 1.01 
829 931 1.01 
829 946 0.01 
38 6 0.01 
38 26 0.01 
38 400 0.01 
38 491 0.01 
38 960 0.01 
38 989 0.01 
38 993 3.01 
400 438 0.01 
400 678 0.01 
400 893 0.01 
400 925 0.01 
400 978 1.01 
400 998 0.01 
400 999 1.01 
491 495 1.01 
491 681 1.01 
491 769 0.01 
491 804 1.01 
491 973 0.01 
491 989 0.01 
39 53 0.01 
39 63 0.01 
39 636 0.01 
39 687 0.01 
39 892 1.01 
39 935 0.01 
39 991 1.01 
53 269 0.01 
53 539 0.01 
53 746 0.01 
53 929 0.01 
53 962 1.01 
53 973 0.01 
53 996 0.01 
63 154 0.01 
63 842 0.01 
63 977 0.01 
63 985 0.01 
63 987 0.01 
63 997 0.01 
63 998 0.01 
63 999 0.01 
636 214 0.01 
636 512 0.01 
636 631 0.01 
636 744 0.01 
636 862 1.01 
636 935 1.01 
636 991 0.01 
687 44 0.01 
687 743 0.01 
687 753 1.01 
687 931 0.01 
687 944 0.01 
687 969 1.01 
687 971 2.01 
935 79 0.01 
935 82 1.01 
935 620 1.01 
935 824 0.01 
935 989 1.01 
935 991 3.01 
40 568 0.01 
40 597 1.01 
40 855 0.01 
40 953 0.01 
40 992 2.01 
40 995 1.01 
40 996 1.01 
568 591 0.01 
568 840 1.01 
568 944 0.01 
568 956 0.01 
568 992 0.01 
568 995 0.01 
568 996 3.01 
597 111 0.01 
597 196 1.01 
597 965 1.01 
597 992 4.01 
597 995 3.01 
597 996 1.01 
855 670 2.01 
855 806 0.01 
855 939 1.01 
855 944 2.01 
855 953 2.01 
855 992 4.01 
953 108 0.01 
953 483 2.01 
953 597 1.01 
953 889 1.01 
953 939 4.01 
953 956 1.01 
41 107 0.01 
41 495 0.01 
41 804 0.01 
41 867 0.01 
41 989 1.01 
41 993 3.01 
107 289 0.01 
107 457 0.01 
107 469 0.01 
107 605 1.01 
107 972 0.01 
107 984 0.01 
107 993 1.01 
495 524 0.01 
495 528 0.01 
495 635 0.01 
495 877 1.01 
495 938 1.01 
495 961 0.01 
495 973 1.01 
804 120 1.01 
804 873 2.01 
804 934 3.01 
804 961 0.01 
804 989 1.01 
804 993 1.01 
804 997 0.01 
867 347 0.01 
867 400 0.01 
867 606 0.01 
867 891 2.01 
867 966 1.01 
867 989 1.01 
42 254 1.01 
42 283 0.01 
42 850 1.01 
42 912 0.01 
42 973 1.01 
42 993 2.01 
254 274 0.01 
254 385 0.01 
254 502 0.01 
254 867 0.01 
254 973 3.01 
254 993 0.01 
283 219 0.01 
283 635 0.01 
283 848 1.01 
283 934 1.01 
283 978 1.01 
283 993 0.01 
43 289 0.01 
43 709 0.01 
43 913 4.01 
43 918 1.01 
43 978 1.01 
43 993 7.01 
289 68 0.01 
289 89 0.01 
289 327 0.01 
289 898 0.01 
289 938 0.01 
289 957 0.01 
289 998 0.01 
709 593 0.01 
709 605 0.01 
709 714 0.01 
709 973 1.01 
709 978 0.01 
709 993 3.01 
913 43 1.01 
913 103 1.01 
913 156 0.01 
913 436 0.01 
913 868 1.01 
913 934 5.01 
44 99 0.01 
44 677 0.01 
44 696 0.01 
44 904 0.01 
44 959 0.01 
44 975 0.01 
44 984 0.01 
99 322 0.01 
99 412 0.01 
99 427 1.01 
99 492 1.01 
99 535 0.01 
99 687 0.01 
99 959 0.01 
677 35 0.01 
677 236 0.01 
677 262 0.01 
677 546 1.01 
677 723 0.01 
677 786 1.01 
696 296 0.01 
696 466 0.01 
696 639 0.01 
696 727 0.01 
696 812 0.01 
696 844 0.01 
696 948 0.01 
904 255 0.01 
904 533 0.01 
904 769 0.01 
904 819 2.01 
904 844 3.01 
904 849 0.01 
959 7 0.01 
959 346 0.01 
959 564 0.01 
959 813 1.01 
959 835 0.01 
959 975 8.01 
45 20 0.01 
45 187 1.01 
45 211 0.01 
45 939 2.01 
45 992 3.01 
45 996 5.01 
187 568 1.01 
187 667 0.01 
187 710 1.01 
187 771 0.01 
187 840 0.01 
187 992 3.01 
187 996 1.01 
211 55 0.01 
211 62 0.01 
211 596 0.01 
211 939 0.01 
211 965 0.01 
211 992 2.01 
211 996 2.01 
939 141 0.01 
939 425 1.01 
939 683 2.01 
939 946 2.01 
939 992 6.01 
939 995 5.01 
610 441 0.01 
610 603 0.01 
610 665 0.01 
610 848 4.01 
610 902 0.01 
610 989 1.01 
882 337 0.01 
882 714 1.01 
882 735 0.01 
882 938 1.01 
882 985 0.01 
882 989 1.01 
47 28 0.01 
47 378 1.01 
47 425 2.01 
47 767 0.01 
47 860 0.01 
47 992 0.01 
47 996 0.01 
425 47 1.01 
425 621 0.01 
425 855 1.01 
425 956 0.01 
425 965 0.01 
425 995 1.01 
425 996 1.01 
767 182 0.01 
767 817 0.01 
767 855 1.01 
767 864 0.01 
767 944 0.01 
767 992 6.01 
767 996 3.01 
860 855 0.01 
860 894 3.01 
860 953 1.01 
860 992 21.009999999999998 
860 995 10.01 
860 996 9.01 
48 100 0.01 
48 793 0.01 
48 939 0.01 
48 946 1.01 
48 992 1.01 
48 995 1.01 
48 996 0.01 
100 98 0.01 
100 105 1.01 
100 118 0.01 
100 808 0.01 
100 992 1.01 
100 995 1.01 
100 996 0.01 
793 75 0.01 
793 864 0.01 
793 928 0.01 
793 946 2.01 
793 953 1.01 
793 965 0.01 
793 995 0.01 
49 520 0.01 
49 732 0.01 
49 843 1.01 
49 908 1.01 
49 949 0.01 
49 982 0.01 
49 986 0.01 
520 672 1.01 
520 695 0.01 
520 713 3.01 
520 941 0.01 
520 950 1.01 
520 982 7.01 
732 489 0.01 
732 570 1.01 
732 572 0.01 
732 669 0.01 
732 940 0.01 
732 954 1.01 
732 998 0.01 
843 65 2.01 
843 721 1.01 
843 723 0.01 
843 909 0.01 
843 917 0.01 
843 941 1.01 
908 192 3.01 
908 425 0.01 
908 707 1.01 
908 787 1.01 
908 901 1.01 
908 903 3.01 
949 185 0.01 
949 494 0.01 
949 724 2.01 
949 821 1.01 
949 883 1.01 
949 986 3.01 
982 789 0.01 
982 908 2.01 
982 940 7.01 
982 964 8.01 
982 972 5.01 
982 986 8.01 
50 540 0.01 
50 631 1.01 
50 663 1.01 
50 700 0.01 
50 829 0.01 
50 958 0.01 
50 995 0.01 
540 108 0.01 
540 429 0.01 
540 479 0.01 
540 643 0.01 
540 742 0.01 
540 743 0.01 
540 914 0.01 
631 50 0.01 
631 516 0.01 
631 656 0.01 
631 847 0.01 
631 896 0.01 
631 903 0.01 
631 929 2.01 
663 53 0.01 
663 318 0.01 
663 480 1.01 
663 584 0.01 
663 800 1.01 
663 951 1.01 
700 124 0.01 
700 500 0.01 
700 660 0.01 
700 723 0.01 
700 851 0.01 
700 963 0.01 
958 350 0.01 
958 830 0.01 
958 846 0.01 
958 910 0.01 
958 948 1.01 
958 959 0.01 
51 443 0.01 
51 559 1.01 
51 588 1.01 
51 621 0.01 
51 637 0.01 
51 906 1.01 
51 979 2.01 
443 607 0.01 
443 909 0.01 
443 963 3.01 
443 968 0.01 
443 977 0.01 
443 991 0.01 
443 999 0.01 
559 720 1.01 
559 907 0.01 
559 968 1.01 
559 979 0.01 
559 984 3.01 
559 988 5.01 
621 507 0.01 
621 711 0.01 
621 808 0.01 
621 886 0.01 
621 953 1.01 
621 992 1.01 
621 995 1.01 
637 145 0.01 
637 319 0.01 
637 332 0.01 
637 361 0.01 
637 866 0.01 
637 955 0.01 
637 979 0.01 
906 265 0.01 
906 294 0.01 
906 563 1.01 
906 880 1.01 
906 983 2.01 
906 988 2.01 
979 145 1.01 
979 837 4.01 
979 866 1.01 
979 952 6.01 
979 968 11.01 
979 993 3.01 
52 24 1.01 
52 40 0.01 
52 56 0.01 
52 912 1.01 
52 954 0.01 
52 961 0.01 
52 993 1.01 
56 622 0.01 
56 647 0.01 
56 757 1.01 
56 891 0.01 
56 980 0.01 
56 993 0.01 
269 262 0.01 
269 429 0.01 
269 587 0.01 
269 617 0.01 
269 847 0.01 
269 991 1.01 
539 181 0.01 
539 388 0.01 
539 872 0.01 
539 985 0.01 
539 994 0.01 
539 997 1.01 
539 998 0.01 
539 999 0.01 
746 401 0.01 
746 857 1.01 
746 862 0.01 
746 892 0.01 
746 957 0.01 
746 991 0.01 
929 387 0.01 
929 546 0.01 
929 854 0.01 
929 900 1.01 
929 969 1.01 
929 991 3.01 
54 214 0.01 
54 515 2.01 
54 955 0.01 
54 968 0.01 
54 983 1.01 
54 988 0.01 
214 303 0.01 
214 552 0.01 
214 612 0.01 
214 704 0.01 
214 952 2.01 
214 962 1.01 
214 983 0.01 
515 499 0.01 
515 517 0.01 
515 688 1.01 
515 885 0.01 
515 955 0.01 
515 988 2.01 
968 51 0.01 
968 321 0.01 
968 837 0.01 
968 962 2.01 
968 976 1.01 
968 988 9.01 
90 589 1.01 
90 799 0.01 
90 817 0.01 
90 946 0.01 
90 992 0.01 
90 995 3.01 
550 793 0.01 
550 831 0.01 
550 920 0.01 
550 921 1.01 
550 965 0.01 
550 992 2.01 
550 996 0.01 
622 769 0.01 
622 877 0.01 
622 912 1.01 
622 913 2.01 
622 989 1.01 
622 993 0.01 
647 12 0.01 
647 88 0.01 
647 579 0.01 
647 747 0.01 
647 961 0.01 
647 978 1.01 
647 993 1.01 
891 632 0.01 
891 795 0.01 
891 945 3.01 
891 989 23.009999999999998 
891 991 5.01 
891 993 6.01 
57 174 1.01 
57 548 0.01 
57 845 2.01 
57 930 0.01 
57 979 1.01 
57 983 2.01 
57 984 4.01 
174 130 1.01 
174 545 0.01 
174 790 0.01 
174 880 1.01 
174 962 5.01 
174 979 1.01 
548 287 1.01 
548 382 0.01 
548 612 0.01 
548 765 0.01 
548 922 0.01 
548 979 1.01 
548 983 2.01 
845 137 0.01 
845 691 0.01 
845 962 9.01 
845 970 3.01 
845 983 1.01 
845 988 1.01 
930 146 1.01 
930 430 0.01 
930 454 0.01 
930 625 0.01 
930 952 1.01 
930 979 4.01 
58 242 0.01 
58 451 0.01 
58 562 1.01 
58 610 1.01 
58 978 1.01 
58 980 1.01 
58 998 0.01 
242 654 0.01 
242 697 0.01 
242 788 0.01 
242 947 1.01 
242 987 0.01 
242 998 1.01 
242 999 0.01 
562 58 0.01 
562 708 2.01 
562 758 0.01 
562 960 0.01 
562 966 0.01 
562 978 0.01 
59 34 0.01 
59 881 1.01 
59 885 1.01 
59 930 0.01 
59 955 0.01 
59 983 0.01 
59 984 0.01 
881 152 0.01 
881 209 1.01 
881 222 0.01 
881 526 0.01 
881 968 0.01 
881 983 3.01 
885 102 2.01 
885 508 0.01 
885 537 4.01 
885 801 0.01 
885 970 0.01 
885 979 3.01 
60 721 0.01 
60 895 1.01 
60 949 0.01 
60 964 0.01 
60 972 0.01 
60 982 1.01 
60 986 0.01 
721 309 0.01 
721 337 0.01 
721 494 1.01 
721 640 0.01 
721 787 0.01 
721 982 1.01 
895 49 0.01 
895 193 0.01 
895 275 0.01 
895 530 1.01 
895 972 3.01 
895 982 6.01 
972 572 0.01 
972 643 2.01 
972 812 0.01 
972 903 2.01 
972 941 3.01 
972 954 1.01 
186 226 1.01 
186 451 0.01 
186 529 0.01 
186 877 0.01 
186 980 0.01 
186 989 0.01 
186 995 0.01 
795 358 0.01 
795 470 0.01 
795 850 0.01 
795 938 1.01 
795 972 0.01 
795 980 1.01 
795 999 0.01 
868 6 0.01 
868 164 0.01 
868 602 0.01 
868 603 1.01 
868 650 0.01 
868 993 3.01 
902 127 1.01 
902 206 0.01 
902 438 0.01 
902 680 0.01 
902 775 0.01 
902 779 0.01 
62 478 0.01 
62 621 0.01 
62 806 0.01 
62 860 0.01 
62 992 1.01 
62 995 0.01 
478 62 1.01 
478 364 0.01 
478 670 0.01 
478 939 0.01 
478 965 0.01 
478 995 0.01 
478 996 0.01 
806 12 2.01 
806 172 0.01 
806 712 1.01 
806 944 1.01 
806 953 1.01 
806 995 4.01 
806 996 3.01 
154 523 0.01 
154 592 0.01 
154 685 0.01 
154 924 0.01 
154 987 0.01 
154 994 2.01 
154 999 0.01 
842 161 0.01 
842 523 0.01 
842 650 0.01 
842 664 1.01 
842 748 0.01 
842 974 0.01 
842 985 2.01 
842 990 4.01 
842 994 5.01 
842 998 3.01 
842 999 8.01 
64 476 0.01 
64 581 0.01 
64 790 0.01 
64 845 1.01 
64 983 0.01 
64 988 0.01 
476 618 0.01 
476 798 0.01 
476 922 0.01 
476 930 0.01 
476 976 0.01 
476 988 1.01 
790 719 0.01 
790 775 1.01 
790 837 0.01 
790 976 0.01 
790 979 1.01 
790 983 1.01 
790 988 2.01 
65 215 0.01 
65 246 1.01 
65 411 1.01 
65 940 0.01 
65 949 0.01 
65 982 0.01 
65 997 0.01 
215 419 0.01 
215 425 1.01 
215 483 0.01 
215 694 0.01 
215 814 0.01 
215 946 1.01 
215 965 0.01 
246 172 0.01 
246 464 0.01 
246 787 0.01 
246 808 0.01 
246 899 1.01 
246 950 0.01 
246 999 0.01 
411 240 1.01 
411 724 0.01 
411 734 0.01 
411 917 0.01 
411 940 0.01 
411 986 3.01 
940 431 0.01 
940 689 2.01 
940 755 0.01 
940 949 3.01 
940 982 14.01 
940 986 2.01 
66 72 1.01 
66 128 0.01 
66 280 1.01 
66 346 0.01 
66 706 0.01 
66 727 0.01 
66 869 0.01 
72 241 0.01 
72 573 1.01 
72 656 0.01 
72 756 0.01 
72 772 0.01 
72 948 0.01 
72 958 0.01 
128 147 1.01 
128 706 1.01 
128 727 1.01 
128 733 0.01 
128 782 0.01 
128 960 1.01 
128 990 1.01 
280 87 0.01 
280 227 1.01 
280 639 1.01 
280 667 0.01 
280 816 0.01 
280 985 0.01 
280 993 0.01 
346 15 0.01 
346 453 0.01 
346 601 0.01 
346 684 0.01 
346 869 1.01 
346 932 0.01 
706 286 0.01 
706 732 1.01 
706 773 0.01 
706 809 0.01 
706 856 1.01 
706 932 0.01 
706 976 0.01 
727 59 0.01 
727 369 0.01 
727 533 0.01 
727 666 1.01 
727 904 0.01 
727 958 0.01 
727 959 0.01 
67 28 0.01 
67 493 0.01 
67 746 0.01 
67 851 0.01 
67 957 0.01 
67 980 0.01 
67 991 0.01 
493 659 0.01 
493 798 1.01 
493 821 0.01 
493 906 0.01 
493 952 0.01 
493 976 0.01 
493 988 1.01 
851 679 0.01 
851 730 1.01 
851 786 0.01 
851 835 0.01 
851 852 1.01 
851 999 0.01 
68 292 0.01 
68 418 0.01 
68 477 0.01 
68 925 0.01 
68 980 1.01 
68 993 0.01 
292 632 0.01 
292 717 0.01 
292 882 0.01 
292 898 0.01 
292 902 0.01 
292 993 0.01 
418 31 0.01 
418 461 0.01 
418 665 1.01 
418 780 2.01 
418 868 1.01 
418 980 2.01 
477 370 0.01 
477 577 1.01 
477 665 0.01 
477 764 0.01 
477 938 0.01 
477 973 0.01 
477 993 1.01 
301 46 1.01 
301 386 0.01 
301 528 1.01 
301 934 0.01 
301 973 0.01 
301 989 0.01 
301 993 1.01 
553 351 0.01 
553 395 0.01 
553 436 0.01 
553 481 0.01 
553 495 0.01 
553 882 0.01 
553 978 3.01 
702 6 0.01 
702 78 0.01 
702 189 0.01 
702 289 0.01 
702 292 1.01 
702 983 1.01 
702 989 0.01 
70 118 1.01 
70 165 0.01 
70 832 0.01 
70 965 0.01 
70 992 3.01 
70 995 2.01 
70 996 2.01 
118 196 0.01 
118 414 0.01 
118 522 0.01 
118 921 0.01 
118 992 1.01 
118 995 0.01 
118 996 3.01 
165 12 0.01 
165 167 0.01 
165 200 0.01 
165 624 0.01 
165 793 0.01 
165 860 0.01 
165 996 2.01 
161 261 0.01 
161 628 0.01 
161 825 0.01 
161 890 7.01 
161 997 1.01 
161 998 1.01 
161 999 1.01 
225 486 1.01 
225 630 0.01 
225 676 0.01 
225 977 0.01 
225 990 0.01 
225 994 0.01 
225 998 0.01 
225 999 1.01 
762 19 1.01 
762 279 0.01 
762 519 0.01 
762 576 0.01 
762 731 0.01 
762 825 0.01 
762 999 2.01 
811 74 0.01 
811 410 0.01 
811 803 2.01 
811 818 1.01 
811 924 1.01 
811 981 2.01 
811 997 5.01 
811 998 6.01 
811 999 4.01 
241 448 0.01 
241 961 0.01 
241 973 0.01 
241 980 0.01 
241 989 3.01 
241 993 1.01 
573 221 0.01 
573 366 0.01 
573 449 1.01 
573 487 0.01 
573 802 1.01 
573 812 1.01 
573 996 0.01 
656 374 0.01 
656 405 0.01 
656 459 0.01 
656 487 0.01 
656 565 0.01 
656 899 0.01 
656 991 1.01 
756 180 0.01 
756 264 0.01 
756 372 0.01 
756 690 1.01 
756 871 0.01 
756 975 1.01 
772 367 1.01 
772 421 0.01 
772 614 0.01 
772 692 0.01 
772 816 1.01 
772 948 0.01 
772 975 0.01 
402 22 0.01 
402 178 0.01 
402 262 0.01 
402 585 0.01 
402 587 0.01 
402 656 0.01 
402 851 1.01 
500 456 0.01 
500 620 0.01 
500 718 0.01 
500 746 0.01 
500 826 0.01 
500 936 0.01 
500 974 0.01 
594 114 0.01 
594 231 1.01 
594 746 0.01 
594 758 1.01 
594 786 0.01 
594 885 0.01 
594 991 0.01 
658 88 0.01 
658 266 0.01 
658 578 0.01 
658 656 0.01 
658 914 0.01 
658 991 0.01 
658 995 1.01 
171 204 0.01 
171 854 0.01 
171 974 0.01 
171 977 0.01 
171 990 0.01 
171 997 2.01 
171 998 1.01 
171 999 1.01 
878 534 0.01 
878 731 0.01 
878 974 5.01 
878 990 17.009999999999998 
878 997 1.01 
878 998 5.01 
878 999 8.01 
924 134 0.01 
924 198 0.01 
924 644 0.01 
924 861 0.01 
924 994 6.01 
924 998 3.01 
924 999 7.01 
75 20 0.01 
75 478 0.01 
75 634 0.01 
75 944 1.01 
75 992 0.01 
75 995 0.01 
75 996 0.01 
634 168 0.01 
634 711 1.01 
634 814 0.01 
634 889 0.01 
634 939 1.01 
634 995 2.01 
634 996 1.01 
944 488 0.01 
944 596 1.01 
944 694 2.01 
944 889 6.01 
944 956 4.01 
944 997 1.01 
76 44 0.01 
76 342 0.01 
76 475 0.01 
76 840 1.01 
76 936 3.01 
76 941 0.01 
76 999 0.01 
342 4 1.01 
342 121 0.01 
342 504 0.01 
342 752 0.01 
342 920 0.01 
342 941 0.01 
342 986 0.01 
475 240 0.01 
475 246 1.01 
475 435 0.01 
475 732 0.01 
475 950 1.01 
475 982 0.01 
840 93 1.01 
840 172 1.01 
840 989 0.01 
840 992 2.01 
840 995 1.01 
840 996 3.01 
936 273 0.01 
936 380 1.01 
936 428 2.01 
936 881 1.01 
936 903 3.01 
936 982 3.01 
77 253 0.01 
77 312 1.01 
77 481 0.01 
77 803 0.01 
77 911 1.01 
77 997 1.01 
77 998 2.01 
253 293 0.01 
253 630 0.01 
253 648 1.01 
253 671 0.01 
253 698 1.01 
253 985 0.01 
253 997 1.01 
253 999 0.01 
312 203 0.01 
312 316 0.01 
312 555 0.01 
312 788 0.01 
312 974 1.01 
312 990 0.01 
312 998 0.01 
312 999 1.01 
481 16 0.01 
481 195 0.01 
481 355 0.01 
481 794 0.01 
481 985 1.01 
481 998 1.01 
481 999 0.01 
803 362 3.01 
803 809 1.01 
803 875 1.01 
803 911 4.01 
803 990 5.01 
803 994 8.01 
803 998 11.01 
803 999 27.009999999999998 
911 154 1.01 
911 334 0.01 
911 472 0.01 
911 803 4.01 
911 875 0.01 
911 994 3.01 
911 997 7.01 
911 998 26.009999999999998 
911 999 12.01 
323 10 0.01 
323 183 0.01 
323 396 0.01 
323 754 1.01 
323 901 1.01 
323 978 1.01 
323 989 0.01 
789 38 0.01 
789 43 0.01 
789 678 0.01 
789 736 1.01 
789 783 0.01 
789 896 0.01 
789 989 2.01 
938 10 0.01 
938 217 0.01 
938 406 1.01 
938 789 1.01 
938 795 4.01 
938 989 4.01 
79 50 0.01 
79 67 1.01 
79 718 0.01 
79 731 0.01 
79 742 0.01 
79 755 4.01 
79 976 3.01 
718 149 0.01 
718 594 0.01 
718 600 1.01 
718 655 0.01 
718 701 0.01 
718 991 2.01 
731 17 0.01 
731 259 0.01 
731 388 1.01 
731 514 0.01 
731 534 0.01 
731 737 0.01 
731 942 0.01 
731 947 0.01 
731 998 2.01 
731 999 4.01 
742 297 0.01 
742 679 0.01 
742 826 0.01 
742 827 1.01 
742 847 2.01 
742 969 1.01 
742 991 1.01 
755 79 1.01 
755 447 0.01 
755 660 0.01 
755 851 2.01 
755 899 0.01 
755 991 3.01 
446 74 0.01 
446 136 0.01 
446 181 0.01 
446 440 0.01 
446 645 1.01 
446 838 1.01 
446 990 0.01 
446 999 3.01 
527 705 0.01 
527 926 3.01 
527 987 2.01 
527 994 2.01 
527 997 7.01 
527 998 5.01 
527 999 6.01 
644 154 1.01 
644 176 0.01 
644 207 0.01 
644 310 1.01 
644 926 0.01 
644 967 0.01 
644 974 0.01 
644 998 0.01 
644 999 2.01 
81 390 0.01 
81 659 0.01 
81 801 5.01 
81 955 0.01 
81 970 0.01 
81 983 0.01 
390 493 0.01 
390 517 0.01 
390 720 0.01 
390 962 0.01 
390 968 0.01 
390 970 0.01 
659 86 0.01 
659 287 1.01 
659 537 0.01 
659 545 0.01 
659 837 0.01 
659 984 2.01 
801 81 3.01 
801 268 1.01 
801 720 0.01 
801 821 1.01 
801 881 1.01 
801 922 0.01 
801 991 3.01 
970 102 2.01 
970 559 1.01 
970 824 4.01 
970 968 6.01 
970 984 19.009999999999998 
970 988 13.01 
82 578 0.01 
82 620 0.01 
82 638 0.01 
82 822 0.01 
82 896 0.01 
82 969 1.01 
578 456 0.01 
578 474 0.01 
578 480 0.01 
578 792 1.01 
578 827 1.01 
578 836 0.01 
620 69 0.01 
620 379 0.01 
620 398 0.01 
620 738 0.01 
620 830 0.01 
620 904 1.01 
620 999 0.01 
638 339 0.01 
638 401 0.01 
638 402 0.01 
638 546 1.01 
638 751 0.01 
638 935 0.01 
896 291 1.01 
896 294 0.01 
896 799 0.01 
896 851 0.01 
896 862 1.01 
896 948 1.01 
969 32 0.01 
969 246 0.01 
969 677 1.01 
969 835 0.01 
969 862 0.01 
969 873 0.01 
83 166 0.01 
83 469 0.01 
83 629 0.01 
83 640 0.01 
83 787 0.01 
83 902 1.01 
83 955 0.01 
166 354 0.01 
166 373 1.01 
166 462 0.01 
166 504 0.01 
166 781 2.01 
166 982 0.01 
166 986 1.01 
469 185 0.01 
469 193 1.01 
469 672 1.01 
469 949 0.01 
469 972 2.01 
469 982 2.01 
469 986 2.01 
629 123 0.01 
629 230 0.01 
629 908 0.01 
629 909 0.01 
629 964 0.01 
629 986 2.01 
640 273 0.01 
640 344 0.01 
640 435 0.01 
640 450 0.01 
640 909 1.01 
640 986 7.01 
787 224 1.01 
787 233 0.01 
787 411 0.01 
787 682 1.01 
787 918 1.01 
787 949 0.01 
787 950 1.01 
84 202 0.01 
84 523 0.01 
84 788 0.01 
84 890 0.01 
84 994 0.01 
84 997 1.01 
84 998 1.01 
84 999 1.01 
202 225 0.01 
202 352 0.01 
202 646 0.01 
202 858 0.01 
202 990 1.01 
202 998 5.01 
202 999 1.01 
523 199 0.01 
523 628 0.01 
523 809 0.01 
523 887 0.01 
523 974 1.01 
523 985 1.01 
523 990 3.01 
523 994 11.01 
523 998 6.01 
523 999 5.01 
890 161 0.01 
890 648 1.01 
890 811 2.01 
890 818 0.01 
890 924 1.01 
890 990 18.009999999999998 
890 997 8.01 
85 668 0.01 
85 701 1.01 
85 715 0.01 
85 848 0.01 
85 896 1.01 
85 957 1.01 
85 976 0.01 
668 652 1.01 
668 664 0.01 
668 863 1.01 
668 872 0.01 
668 887 1.01 
668 943 3.01 
668 998 1.01 
668 999 1.01 
715 600 3.01 
715 862 1.01 
715 865 0.01 
715 914 0.01 
715 929 0.01 
715 963 1.01 
848 610 1.01 
848 702 0.01 
848 787 1.01 
848 891 1.01 
848 925 0.01 
848 993 1.01 
86 493 0.01 
86 777 0.01 
86 976 0.01 
86 979 0.01 
86 983 1.01 
86 984 2.01 
777 256 0.01 
777 351 0.01 
777 583 1.01 
777 627 0.01 
777 979 2.01 
777 984 12.01 
777 988 7.01 
87 726 1.01 
87 743 0.01 
87 776 0.01 
87 813 0.01 
87 829 1.01 
87 910 0.01 
743 18 0.01 
743 345 0.01 
743 733 1.01 
743 839 0.01 
743 853 0.01 
743 939 0.01 
743 998 1.01 
776 244 0.01 
776 795 0.01 
776 813 1.01 
776 839 0.01 
776 841 2.01 
776 931 0.01 
776 932 1.01 
813 180 0.01 
813 545 0.01 
813 642 0.01 
813 699 0.01 
813 814 0.01 
813 923 0.01 
813 975 2.01 
910 573 0.01 
910 623 0.01 
910 690 1.01 
910 931 0.01 
910 959 0.01 
910 996 1.01 
88 68 0.01 
88 96 0.01 
88 385 1.01 
88 934 0.01 
88 938 0.01 
88 989 1.01 
385 635 0.01 
385 766 1.01 
385 815 0.01 
385 868 0.01 
385 978 0.01 
385 989 0.01 
385 993 1.01 
934 31 0.01 
934 363 0.01 
934 483 0.01 
934 804 2.01 
934 973 1.01 
934 978 3.01 
89 424 0.01 
89 691 0.01 
89 795 0.01 
89 916 0.01 
89 966 0.01 
89 993 1.01 
424 160 0.01 
424 528 0.01 
424 560 0.01 
424 784 1.01 
424 973 2.01 
424 993 3.01 
691 502 0.01 
691 524 0.01 
691 642 1.01 
691 893 0.01 
691 913 3.01 
691 980 1.01 
916 678 2.01 
916 888 0.01 
916 925 6.01 
916 934 0.01 
916 960 0.01 
916 982 1.01 
589 106 1.01 
589 141 1.01 
589 215 1.01 
589 419 0.01 
589 921 0.01 
589 939 1.01 
589 995 2.01 
799 48 0.01 
799 167 1.01 
799 336 0.01 
799 711 1.01 
799 840 1.01 
799 992 1.01 
799 996 2.01 
817 582 0.01 
817 667 0.01 
817 920 0.01 
817 939 2.01 
817 995 1.01 
817 996 3.01 
91 600 0.01 
91 810 0.01 
91 868 0.01 
91 900 0.01 
91 913 1.01 
91 943 0.01 
91 991 0.01 
600 443 0.01 
600 567 0.01 
600 715 1.01 
600 857 0.01 
600 876 0.01 
600 957 1.01 
810 266 0.01 
810 320 0.01 
810 548 0.01 
810 617 0.01 
810 914 1.01 
810 957 0.01 
810 969 1.01 
900 269 0.01 
900 631 1.01 
900 720 1.01 
900 742 1.01 
900 783 1.01 
900 991 11.01 
92 107 0.01 
92 283 0.01 
92 815 0.01 
92 848 1.01 
92 882 0.01 
92 989 2.01 
815 42 0.01 
815 542 0.01 
815 873 1.01 
815 961 0.01 
815 989 3.01 
815 993 7.01 
93 45 0.01 
93 414 1.01 
93 568 1.01 
93 946 2.01 
93 992 3.01 
93 995 5.01 
93 996 14.01 
414 111 0.01 
414 799 0.01 
414 832 0.01 
414 840 1.01 
414 920 1.01 
414 995 1.01 
414 996 1.01 
94 563 0.01 
94 608 0.01 
94 821 0.01 
94 897 0.01 
94 979 0.01 
94 988 12.01 
563 94 3.01 
563 285 1.01 
563 463 0.01 
563 465 1.01 
563 770 1.01 
563 988 1.01 
608 109 0.01 
608 462 2.01 
608 598 2.01 
608 955 2.01 
608 979 1.01 
608 983 9.01 
821 630 1.01 
821 976 3.01 
821 979 1.01 
821 983 0.01 
821 984 0.01 
821 988 2.01 
897 81 0.01 
897 270 1.01 
897 497 1.01 
897 739 1.01 
897 935 0.01 
897 984 3.01 
595 509 0.01 
595 550 0.01 
595 894 0.01 
595 944 1.01 
595 992 1.01 
595 995 3.01 
595 996 0.01 
642 553 0.01 
642 577 0.01 
642 613 0.01 
642 622 0.01 
642 888 3.01 
642 918 1.01 
642 945 0.01 
302 482 0.01 
302 585 0.01 
302 765 0.01 
302 779 0.01 
302 830 0.01 
302 845 0.01 
302 894 0.01 
311 91 0.01 
311 447 2.01 
311 498 1.01 
311 617 1.01 
311 876 0.01 
311 991 0.01 
498 110 0.01 
498 178 0.01 
498 468 0.01 
498 532 0.01 
498 587 0.01 
498 892 1.01 
705 71 0.01 
705 472 0.01 
705 820 0.01 
705 977 0.01 
705 985 0.01 
705 994 2.01 
705 997 0.01 
705 999 2.01 
816 1 1.01 
816 227 0.01 
816 634 0.01 
816 753 1.01 
816 927 0.01 
816 971 0.01 
98 349 0.01 
98 589 0.01 
98 928 0.01 
98 953 2.01 
98 992 2.01 
98 995 0.01 
98 996 1.01 
349 550 0.01 
349 814 0.01 
349 946 2.01 
349 965 0.01 
349 992 4.01 
349 995 2.01 
349 996 0.01 
928 808 2.01 
928 864 0.01 
928 886 4.01 
928 921 2.01 
928 992 5.01 
928 995 5.01 
322 280 0.01 
322 455 0.01 
322 535 0.01 
322 871 0.01 
322 959 0.01 
322 971 0.01 
322 999 0.01 
412 212 0.01 
412 421 0.01 
412 487 0.01 
412 696 0.01 
412 759 0.01 
412 979 0.01 
412 998 1.01 
492 66 0.01 
492 243 0.01 
492 466 0.01 
492 706 0.01 
492 776 1.01 
492 828 0.01 
492 937 0.01 
535 286 0.01 
535 433 0.01 
535 492 0.01 
535 662 0.01 
535 802 0.01 
535 959 1.01 
535 975 1.01 
105 768 0.01 
105 855 0.01 
105 920 1.01 
105 992 1.01 
105 995 0.01 
105 996 0.01 
808 182 0.01 
808 234 0.01 
808 488 1.01 
808 886 1.01 
808 894 1.01 
808 946 2.01 
808 996 6.01 
101 223 0.01 
101 377 0.01 
101 734 2.01 
101 739 1.01 
101 917 0.01 
101 954 1.01 
101 986 0.01 
223 49 0.01 
223 309 0.01 
223 377 1.01 
223 420 1.01 
223 924 0.01 
223 972 2.01 
223 982 2.01 
377 121 0.01 
377 556 0.01 
377 669 0.01 
377 954 0.01 
377 972 0.01 
377 986 0.01 
734 49 0.01 
734 101 1.01 
734 467 0.01 
734 686 0.01 
734 695 0.01 
734 936 1.01 
734 968 0.01 
739 530 0.01 
739 707 4.01 
739 874 0.01 
739 895 0.01 
739 982 1.01 
739 986 0.01 
917 175 1.01 
917 255 0.01 
917 256 1.01 
917 669 1.01 
917 972 1.01 
917 986 1.01 
102 155 0.01 
102 277 0.01 
102 704 0.01 
102 845 0.01 
102 955 1.01 
102 984 3.01 
102 988 4.01 
155 86 0.01 
155 382 0.01 
155 928 1.01 
155 968 0.01 
155 983 1.01 
155 984 2.01 
155 997 0.01 
704 153 1.01 
704 295 0.01 
704 426 0.01 
704 499 0.01 
704 641 1.01 
704 880 0.01 
103 152 0.01 
103 553 0.01 
103 945 0.01 
103 961 1.01 
103 978 4.01 
103 980 1.01 
103 993 3.01 
152 26 0.01 
152 38 1.01 
152 292 1.01 
152 541 0.01 
152 642 0.01 
152 815 0.01 
152 898 0.01 
104 729 0.01 
104 797 0.01 
104 802 2.01 
104 923 0.01 
104 971 0.01 
104 975 0.01 
797 245 0.01 
797 745 0.01 
797 782 0.01 
797 932 1.01 
797 948 1.01 
797 958 0.01 
797 992 0.01 
923 18 1.01 
923 126 0.01 
923 521 0.01 
923 785 0.01 
923 966 1.01 
923 984 0.01 
106 419 1.01 
106 670 1.01 
106 799 0.01 
106 928 0.01 
106 939 1.01 
106 992 1.01 
106 995 0.01 
419 55 0.01 
419 187 0.01 
419 211 0.01 
419 806 0.01 
419 920 1.01 
419 928 0.01 
419 995 2.01 
670 70 0.01 
670 100 0.01 
670 105 0.01 
670 165 0.01 
670 396 0.01 
670 817 0.01 
670 992 1.01 
457 113 0.01 
457 254 0.01 
457 593 1.01 
457 913 1.01 
457 934 2.01 
457 989 2.01 
605 41 1.01 
605 780 1.01 
605 961 2.01 
605 980 1.01 
605 989 2.01 
605 993 2.01 
108 98 0.01 
108 754 0.01 
108 946 1.01 
108 953 4.01 
108 992 3.01 
108 995 2.01 
108 996 5.01 
109 308 1.01 
109 777 1.01 
109 962 0.01 
109 976 1.01 
109 979 1.01 
109 983 3.01 
308 268 0.01 
308 824 1.01 
308 952 0.01 
308 955 1.01 
308 976 1.01 
308 984 1.01 
308 988 1.01 
110 114 0.01 
110 290 0.01 
110 321 0.01 
110 482 1.01 
110 616 0.01 
110 969 0.01 
110 981 0.01 
114 260 0.01 
114 409 0.01 
114 679 0.01 
114 722 0.01 
114 779 0.01 
114 876 0.01 
114 957 0.01 
290 287 1.01 
290 736 0.01 
290 770 0.01 
290 807 0.01 
290 930 0.01 
290 979 0.01 
290 984 1.01 
321 173 0.01 
321 565 0.01 
321 679 0.01 
321 785 0.01 
321 938 0.01 
321 967 0.01 
321 991 2.01 
482 467 1.01 
482 693 0.01 
482 700 0.01 
482 742 1.01 
482 892 0.01 
482 935 0.01 
616 140 0.01 
616 258 1.01 
616 458 0.01 
616 685 0.01 
616 823 0.01 
616 905 0.01 
616 911 1.01 
616 926 1.01 
616 985 0.01 
616 998 6.01 
616 999 1.01 
111 529 0.01 
111 624 0.01 
111 886 1.01 
111 889 0.01 
111 953 0.01 
111 956 0.01 
111 996 1.01 
529 111 0.01 
529 408 1.01 
529 595 0.01 
529 864 0.01 
529 928 0.01 
529 995 0.01 
529 996 4.01 
886 95 0.01 
886 179 0.01 
886 817 1.01 
886 921 2.01 
886 928 1.01 
886 996 3.01 
889 778 0.01 
889 920 3.01 
889 944 3.01 
889 956 8.01 
889 992 7.01 
889 996 12.01 
956 45 2.01 
956 509 1.01 
956 561 1.01 
956 591 0.01 
956 768 0.01 
956 808 3.01 
823 11 0.01 
823 432 0.01 
823 434 0.01 
823 705 0.01 
823 859 0.01 
823 994 0.01 
823 997 1.01 
823 998 3.01 
823 999 2.01 
905 257 0.01 
905 259 0.01 
905 551 0.01 
905 859 0.01 
905 967 0.01 
905 990 1.01 
905 998 7.01 
905 999 3.01 
926 119 1.01 
926 646 1.01 
926 805 1.01 
926 833 0.01 
926 990 1.01 
926 994 4.01 
926 998 9.01 
947 863 1.01 
947 884 4.01 
947 981 6.01 
947 990 5.01 
947 998 11.01 
947 999 18.009999999999998 
113 347 0.01 
113 728 0.01 
113 766 0.01 
113 838 1.01 
113 965 0.01 
113 973 0.01 
113 993 2.01 
347 133 0.01 
347 681 0.01 
347 728 0.01 
347 849 0.01 
347 868 0.01 
347 989 2.01 
347 993 0.01 
728 30 0.01 
728 164 0.01 
728 206 0.01 
728 424 0.01 
728 633 1.01 
728 993 8.01 
766 9 0.01 
766 191 0.01 
766 428 1.01 
766 441 0.01 
766 978 0.01 
766 989 2.01 
766 993 3.01 
838 352 0.01 
838 486 0.01 
838 875 0.01 
838 977 1.01 
838 994 24.009999999999998 
838 997 6.01 
838 999 28.009999999999998 
260 53 0.01 
260 269 1.01 
260 452 0.01 
260 590 0.01 
260 796 0.01 
260 900 0.01 
260 991 1.01 
409 774 0.01 
409 805 0.01 
409 863 1.01 
409 943 0.01 
409 981 1.01 
409 997 2.01 
409 998 1.01 
409 999 2.01 
679 85 0.01 
679 525 0.01 
679 857 2.01 
679 865 0.01 
679 899 0.01 
679 969 0.01 
722 432 0.01 
722 445 0.01 
722 645 1.01 
722 905 0.01 
722 974 0.01 
722 977 0.01 
722 990 1.01 
722 997 1.01 
722 998 2.01 
722 999 1.01 
779 725 0.01 
779 738 0.01 
779 796 0.01 
779 897 0.01 
779 899 0.01 
779 980 1.01 
779 982 0.01 
876 29 0.01 
876 572 0.01 
876 627 0.01 
876 663 1.01 
876 923 1.01 
876 951 0.01 
115 505 0.01 
115 611 1.01 
115 868 0.01 
115 912 0.01 
115 934 0.01 
115 989 0.01 
115 993 0.01 
505 82 0.01 
505 169 0.01 
505 441 0.01 
505 780 0.01 
505 961 1.01 
505 974 0.01 
505 989 2.01 
116 142 0.01 
116 285 0.01 
116 738 0.01 
116 834 0.01 
116 865 0.01 
116 900 0.01 
116 935 0.01 
142 683 0.01 
142 699 0.01 
142 753 0.01 
142 818 0.01 
142 853 0.01 
142 923 0.01 
142 988 0.01 
738 468 0.01 
738 541 0.01 
738 700 0.01 
738 796 0.01 
738 867 0.01 
738 899 0.01 
738 929 0.01 
708 554 1.01 
708 599 0.01 
708 960 0.01 
708 973 15.01 
708 980 5.01 
708 989 2.01 
764 107 1.01 
764 438 0.01 
764 477 1.01 
764 579 0.01 
764 594 0.01 
764 657 0.01 
764 978 1.01 
852 491 0.01 
852 825 0.01 
852 945 1.01 
852 980 3.01 
852 993 0.01 
852 994 1.01 
196 529 0.01 
196 716 0.01 
196 921 0.01 
196 928 0.01 
196 956 2.01 
196 995 3.01 
196 996 1.01 
522 213 3.01 
522 767 1.01 
522 832 2.01 
522 956 2.01 
522 992 3.01 
522 995 6.01 
522 996 15.01 
921 683 2.01 
921 767 0.01 
921 920 1.01 
921 992 4.01 
921 995 7.01 
921 996 7.01 
119 181 0.01 
119 237 0.01 
119 697 2.01 
119 919 1.01 
119 985 6.01 
119 990 21.009999999999998 
119 999 34.01 
181 134 0.01 
181 455 0.01 
181 834 0.01 
181 974 1.01 
181 977 0.01 
181 985 1.01 
181 994 2.01 
181 998 1.01 
181 999 4.01 
237 455 0.01 
237 858 0.01 
237 947 0.01 
237 987 1.01 
237 994 1.01 
237 997 1.01 
237 998 1.01 
237 999 6.01 
697 446 0.01 
697 666 0.01 
697 668 0.01 
697 905 1.01 
697 981 4.01 
697 998 0.01 
697 999 10.01 
919 415 0.01 
919 557 0.01 
919 652 0.01 
919 977 2.01 
919 981 4.01 
919 985 1.01 
919 997 3.01 
919 998 6.01 
919 999 9.01 
184 38 1.01 
184 113 0.01 
184 764 0.01 
184 961 0.01 
184 989 0.01 
184 993 4.01 
331 448 0.01 
331 873 1.01 
331 883 0.01 
331 893 0.01 
331 977 0.01 
331 989 1.01 
331 998 0.01 
121 398 0.01 
121 602 0.01 
121 689 0.01 
121 917 0.01 
121 964 0.01 
121 986 0.01 
121 993 0.01 
398 138 1.01 
398 695 0.01 
398 739 1.01 
398 909 0.01 
398 950 1.01 
398 982 1.01 
602 331 0.01 
602 632 1.01 
602 848 0.01 
602 852 0.01 
602 966 1.01 
602 993 2.01 
689 192 0.01 
689 572 0.01 
689 575 0.01 
689 917 0.01 
689 936 0.01 
689 982 3.01 
689 986 2.01 
122 260 0.01 
122 693 0.01 
122 730 1.01 
122 929 2.01 
122 957 0.01 
122 969 0.01 
693 560 1.01 
693 651 0.01 
693 678 0.01 
693 751 0.01 
693 781 0.01 
693 954 1.01 
693 997 1.01 
123 330 0.01 
123 806 0.01 
123 870 0.01 
123 941 0.01 
123 964 1.01 
123 982 3.01 
123 995 0.01 
330 853 0.01 
330 874 0.01 
330 950 0.01 
330 954 0.01 
330 972 1.01 
330 982 1.01 
330 996 0.01 
870 60 0.01 
870 354 0.01 
870 392 1.01 
870 549 1.01 
870 833 0.01 
870 975 1.01 
124 638 2.01 
124 786 0.01 
124 792 0.01 
124 876 1.01 
124 963 2.01 
124 991 0.01 
786 135 0.01 
786 479 0.01 
786 723 0.01 
786 738 0.01 
786 892 0.01 
786 963 0.01 
786 993 0.01 
792 116 0.01 
792 598 0.01 
792 677 0.01 
792 827 0.01 
792 907 0.01 
792 937 0.01 
792 989 0.01 
125 371 0.01 
125 654 0.01 
125 943 0.01 
125 981 1.01 
125 990 0.01 
125 994 3.01 
125 998 2.01 
125 999 8.01 
371 232 0.01 
371 861 0.01 
371 943 0.01 
371 985 2.01 
371 987 2.01 
371 997 1.01 
371 999 0.01 
654 432 0.01 
654 557 1.01 
654 748 1.01 
654 872 0.01 
654 911 0.01 
654 977 3.01 
654 990 0.01 
654 998 3.01 
654 999 2.01 
703 237 0.01 
703 258 0.01 
703 942 0.01 
703 974 0.01 
703 981 2.01 
703 998 3.01 
703 999 11.01 
707 192 1.01 
707 431 0.01 
707 689 0.01 
707 739 0.01 
707 964 1.01 
707 972 1.01 
856 271 0.01 
856 306 0.01 
856 543 1.01 
856 816 0.01 
856 871 0.01 
856 992 1.01 
127 217 0.01 
127 228 0.01 
127 898 0.01 
127 902 2.01 
127 916 1.01 
127 934 1.01 
127 961 2.01 
217 115 0.01 
217 691 1.01 
217 757 0.01 
217 766 0.01 
217 934 1.01 
217 993 2.01 
228 170 0.01 
228 602 0.01 
228 882 0.01 
228 913 2.01 
228 978 1.01 
228 980 1.01 
228 989 0.01 
733 307 0.01 
733 684 0.01 
733 743 0.01 
733 846 1.01 
733 971 1.01 
733 975 1.01 
782 1 1.01 
782 453 0.01 
782 521 0.01 
782 733 0.01 
782 900 0.01 
782 959 1.01 
782 975 2.01 
129 17 0.01 
129 393 0.01 
129 762 0.01 
129 878 0.01 
129 905 1.01 
129 942 0.01 
129 985 1.01 
129 998 0.01 
129 999 1.01 
393 80 0.01 
393 967 1.01 
393 981 0.01 
393 987 6.01 
393 990 0.01 
393 998 4.01 
393 999 2.01 
942 305 0.01 
942 334 0.01 
942 657 1.01 
942 861 0.01 
942 981 2.01 
942 987 0.01 
942 998 7.01 
130 449 0.01 
130 454 0.01 
130 968 0.01 
130 979 1.01 
130 984 0.01 
130 988 1.01 
449 303 0.01 
449 922 0.01 
449 962 1.01 
449 968 0.01 
449 976 0.01 
449 984 1.01 
686 574 4.01 
686 615 0.01 
686 936 1.01 
686 940 0.01 
686 964 2.01 
686 972 1.01 
866 351 0.01 
866 798 0.01 
866 955 1.01 
866 976 3.01 
866 979 8.01 
866 988 3.01 
132 210 0.01 
132 296 0.01 
132 561 0.01 
132 706 0.01 
132 839 0.01 
132 910 0.01 
132 927 2.01 
210 618 0.01 
210 704 0.01 
210 897 0.01 
210 929 0.01 
210 958 0.01 
210 984 0.01 
210 988 0.01 
296 661 1.01 
296 696 1.01 
296 785 0.01 
296 858 1.01 
296 879 1.01 
296 927 0.01 
296 960 0.01 
839 272 0.01 
839 447 0.01 
839 472 1.01 
839 694 1.01 
839 956 1.01 
839 958 0.01 
927 132 1.01 
927 271 0.01 
927 286 0.01 
927 466 1.01 
927 496 1.01 
927 971 1.01 
133 385 0.01 
133 603 1.01 
133 769 0.01 
133 891 0.01 
133 945 0.01 
133 966 1.01 
603 10 0.01 
603 457 1.01 
603 680 0.01 
603 744 0.01 
603 849 0.01 
603 980 0.01 
769 681 0.01 
769 867 1.01 
769 873 1.01 
769 918 0.01 
769 930 0.01 
769 973 0.01 
769 993 4.01 
134 576 0.01 
134 803 1.01 
134 943 0.01 
134 977 0.01 
134 990 3.01 
134 998 0.01 
134 999 3.01 
584 340 0.01 
584 459 1.01 
584 511 0.01 
584 636 0.01 
584 715 0.01 
584 899 1.01 
584 967 0.01 
800 467 0.01 
800 660 0.01 
800 835 1.01 
800 865 0.01 
800 957 0.01 
800 991 1.01 
800 998 0.01 
136 650 0.01 
136 809 1.01 
136 838 0.01 
136 915 0.01 
136 967 0.01 
136 987 2.01 
136 998 0.01 
136 999 0.01 
650 645 0.01 
650 825 0.01 
650 884 0.01 
650 985 1.01 
650 994 1.01 
650 998 3.01 
650 999 1.01 
809 129 0.01 
809 547 1.01 
809 890 0.01 
809 905 0.01 
809 915 0.01 
809 933 0.01 
809 985 0.01 
809 999 6.01 
137 430 0.01 
137 609 1.01 
137 688 0.01 
137 763 0.01 
137 842 0.01 
137 897 0.01 
137 988 3.01 
430 333 0.01 
430 390 0.01 
430 439 0.01 
430 653 1.01 
430 979 1.01 
430 984 0.01 
609 325 1.01 
609 736 1.01 
609 765 0.01 
609 866 0.01 
609 907 0.01 
609 983 1.01 
688 13 2.01 
688 326 0.01 
688 765 1.01 
688 897 0.01 
688 968 0.01 
688 976 1.01 
138 300 0.01 
138 490 1.01 
138 740 0.01 
138 917 0.01 
138 949 0.01 
138 964 0.01 
300 435 0.01 
300 511 0.01 
300 721 0.01 
300 739 0.01 
300 781 0.01 
300 940 0.01 
300 964 0.01 
490 549 0.01 
490 672 0.01 
490 874 1.01 
490 895 0.01 
490 964 3.01 
490 982 0.01 
740 549 2.01 
740 643 1.01 
740 843 0.01 
740 908 1.01 
740 941 3.01 
740 972 0.01 
740 986 3.01 
139 510 0.01 
139 629 0.01 
139 781 0.01 
139 903 0.01 
139 940 2.01 
139 986 3.01 
510 411 0.01 
510 489 0.01 
510 674 1.01 
510 901 3.01 
510 964 0.01 
510 972 1.01 
510 986 0.01 
781 0 0.01 
781 377 0.01 
781 626 0.01 
781 870 0.01 
781 883 0.01 
781 901 0.01 
781 917 1.01 
903 190 0.01 
903 558 0.01 
903 790 1.01 
903 895 0.01 
903 936 4.01 
903 964 2.01 
140 446 0.01 
140 650 0.01 
140 809 0.01 
140 985 1.01 
140 987 0.01 
140 997 1.01 
140 998 0.01 
140 999 1.01 
141 90 0.01 
141 93 3.01 
141 247 1.01 
141 793 2.01 
141 889 0.01 
141 995 15.01 
141 996 5.01 
683 213 1.01 
683 298 0.01 
683 589 0.01 
683 855 0.01 
683 894 0.01 
683 921 4.01 
683 996 4.01 
699 272 0.01 
699 515 0.01 
699 661 0.01 
699 719 1.01 
699 958 0.01 
699 975 0.01 
699 992 0.01 
753 37 0.01 
753 44 0.01 
753 379 0.01 
753 404 1.01 
753 747 0.01 
753 856 0.01 
753 995 0.01 
818 207 0.01 
818 519 0.01 
818 654 0.01 
818 698 0.01 
818 805 1.01 
818 942 1.01 
818 943 0.01 
818 997 2.01 
818 998 3.01 
818 999 3.01 
853 3 0.01 
853 66 1.01 
853 745 0.01 
853 749 0.01 
853 904 0.01 
853 980 1.01 
143 248 1.01 
143 329 0.01 
143 885 2.01 
143 906 0.01 
143 983 3.01 
143 988 14.01 
143 995 0.01 
248 220 0.01 
248 821 0.01 
248 824 1.01 
248 907 0.01 
248 968 0.01 
248 988 0.01 
329 231 2.01 
329 651 1.01 
329 663 1.01 
329 677 0.01 
329 701 0.01 
329 836 1.01 
144 32 1.01 
144 273 0.01 
144 443 1.01 
144 457 0.01 
144 826 0.01 
144 919 1.01 
144 991 1.01 
273 223 1.01 
273 490 0.01 
273 707 0.01 
273 901 1.01 
273 950 1.01 
273 964 0.01 
273 982 0.01 
826 655 0.01 
826 755 1.01 
826 830 0.01 
826 899 0.01 
826 991 0.01 
826 994 0.01 
145 137 0.01 
145 308 0.01 
145 449 0.01 
145 609 0.01 
145 866 0.01 
145 984 5.01 
146 251 0.01 
146 439 0.01 
146 499 0.01 
146 720 0.01 
146 807 0.01 
146 906 0.01 
146 962 0.01 
251 194 0.01 
251 265 1.01 
251 609 1.01 
251 807 0.01 
251 970 2.01 
251 979 1.01 
439 313 0.01 
439 348 0.01 
439 449 0.01 
439 837 1.01 
439 930 0.01 
439 952 1.01 
439 988 0.01 
499 201 0.01 
499 290 0.01 
499 770 0.01 
499 897 1.01 
499 922 0.01 
499 984 1.01 
720 34 0.01 
720 194 0.01 
720 265 1.01 
720 907 0.01 
720 962 1.01 
720 970 2.01 
453 132 0.01 
453 271 0.01 
453 394 0.01 
453 510 0.01 
453 756 0.01 
453 937 0.01 
453 971 0.01 
662 126 0.01 
662 590 0.01 
662 776 0.01 
662 846 0.01 
662 927 0.01 
662 961 0.01 
662 971 0.01 
741 322 0.01 
741 782 0.01 
741 948 0.01 
741 958 1.01 
741 971 0.01 
741 988 1.01 
741 999 0.01 
931 104 0.01 
931 567 0.01 
931 611 0.01 
931 923 0.01 
931 958 1.01 
931 971 2.01 
148 2 0.01 
148 633 0.01 
148 862 1.01 
148 898 0.01 
148 973 0.01 
148 993 1.01 
148 998 0.01 
633 570 0.01 
633 850 0.01 
633 966 1.01 
633 973 4.01 
633 978 1.01 
633 980 2.01 
149 116 0.01 
149 356 1.01 
149 591 0.01 
149 693 0.01 
149 746 0.01 
149 826 0.01 
149 999 0.01 
356 193 1.01 
356 321 0.01 
356 339 1.01 
356 374 0.01 
356 443 0.01 
356 810 1.01 
356 872 0.01 
591 48 0.01 
591 378 1.01 
591 483 0.01 
591 944 5.01 
591 953 2.01 
591 995 4.01 
496 56 1.01 
496 100 0.01 
496 690 0.01 
496 735 1.01 
496 776 0.01 
496 802 0.01 
496 839 0.01 
151 123 0.01 
151 629 0.01 
151 752 0.01 
151 901 0.01 
151 903 1.01 
151 982 0.01 
151 986 0.01 
752 166 0.01 
752 300 0.01 
752 344 0.01 
752 380 0.01 
752 384 0.01 
752 982 0.01 
901 299 1.01 
901 450 0.01 
901 490 2.01 
901 510 1.01 
901 954 2.01 
901 982 6.01 
541 599 1.01 
541 784 0.01 
541 848 1.01 
541 867 0.01 
541 925 1.01 
541 970 0.01 
541 975 0.01 
153 270 0.01 
153 463 0.01 
153 497 0.01 
153 725 1.01 
153 922 0.01 
153 988 4.01 
270 704 0.01 
270 725 1.01 
270 897 2.01 
270 906 0.01 
270 976 1.01 
270 983 1.01 
270 984 1.01 
463 270 0.01 
463 736 0.01 
463 897 0.01 
463 906 0.01 
463 976 0.01 
463 983 5.01 
497 57 0.01 
497 155 1.01 
497 907 0.01 
497 922 0.01 
497 970 1.01 
497 983 2.01 
725 0 0.01 
725 109 0.01 
725 194 0.01 
725 641 1.01 
725 970 1.01 
725 976 1.01 
725 988 2.01 
592 437 0.01 
592 820 0.01 
592 884 1.01 
592 985 0.01 
592 987 0.01 
592 997 0.01 
592 998 1.01 
592 999 1.01 
685 365 0.01 
685 538 0.01 
685 703 1.01 
685 705 1.01 
685 791 0.01 
685 859 1.01 
685 926 0.01 
685 998 3.01 
685 999 4.01 
382 333 0.01 
382 637 0.01 
382 952 1.01 
382 970 0.01 
382 984 0.01 
382 992 0.01 
382 999 0.01 
156 2 0.01 
156 26 0.01 
156 41 0.01 
156 58 0.01 
156 226 0.01 
156 735 1.01 
226 274 0.01 
226 891 1.01 
226 893 0.01 
226 925 0.01 
226 978 1.01 
226 993 0.01 
735 127 1.01 
735 186 1.01 
735 340 0.01 
735 579 1.01 
735 857 0.01 
735 978 3.01 
735 980 1.01 
157 160 0.01 
157 390 0.01 
157 691 1.01 
157 938 0.01 
157 960 0.01 
157 978 0.01 
157 994 0.01 
160 30 0.01 
160 216 0.01 
160 477 0.01 
160 505 0.01 
160 758 1.01 
160 945 0.01 
160 993 0.01 
158 366 0.01 
158 433 1.01 
158 829 0.01 
158 923 2.01 
158 931 0.01 
158 958 0.01 
158 959 0.01 
366 23 0.01 
366 72 1.01 
366 423 0.01 
366 496 0.01 
366 910 0.01 
366 931 1.01 
433 244 0.01 
433 317 1.01 
433 466 0.01 
433 749 0.01 
433 839 0.01 
433 937 0.01 
341 473 0.01 
341 861 1.01 
341 887 0.01 
341 985 0.01 
341 997 0.01 
341 998 1.01 
341 999 0.01 
861 249 1.01 
861 506 0.01 
861 985 2.01 
861 994 2.01 
861 997 1.01 
861 999 5.01 
216 186 0.01 
216 436 0.01 
216 495 0.01 
216 647 0.01 
216 989 2.01 
216 993 0.01 
758 477 0.01 
758 528 0.01 
758 577 0.01 
758 867 0.01 
758 913 1.01 
758 980 2.01 
261 444 0.01 
261 875 0.01 
261 967 0.01 
261 985 0.01 
261 990 0.01 
261 994 0.01 
261 998 0.01 
261 999 1.01 
628 36 0.01 
628 646 0.01 
628 668 0.01 
628 985 3.01 
628 990 2.01 
628 998 1.01 
628 999 5.01 
825 417 0.01 
825 859 0.01 
825 933 0.01 
825 947 0.01 
825 987 0.01 
825 998 2.01 
825 999 2.01 
162 437 0.01 
162 473 0.01 
162 547 0.01 
162 872 0.01 
162 981 0.01 
162 987 0.01 
162 990 3.01 
162 999 0.01 
437 383 0.01 
437 854 2.01 
437 943 1.01 
437 994 2.01 
437 997 2.01 
437 998 1.01 
437 999 2.01 
473 666 0.01 
473 676 0.01 
473 974 0.01 
473 987 0.01 
473 994 0.01 
473 997 0.01 
473 998 0.01 
473 999 0.01 
547 159 0.01 
547 501 0.01 
547 569 0.01 
547 977 1.01 
547 985 0.01 
547 998 1.01 
547 999 3.01 
163 278 0.01 
163 505 1.01 
163 509 0.01 
163 690 0.01 
163 841 0.01 
163 853 1.01 
163 906 0.01 
278 212 0.01 
278 315 0.01 
278 756 1.01 
278 797 0.01 
278 836 0.01 
278 932 0.01 
278 991 0.01 
509 215 0.01 
509 771 0.01 
509 840 0.01 
509 886 1.01 
509 992 5.01 
509 995 4.01 
690 15 0.01 
690 543 0.01 
690 759 0.01 
690 773 1.01 
690 937 1.01 
690 959 1.01 
164 140 0.01 
164 653 0.01 
164 795 0.01 
164 902 0.01 
164 916 0.01 
164 960 1.01 
164 989 1.01 
167 98 0.01 
167 561 0.01 
167 568 0.01 
167 965 0.01 
167 992 0.01 
167 995 0.01 
167 996 0.01 
200 20 1.01 
200 213 1.01 
200 920 0.01 
200 944 0.01 
200 965 0.01 
200 995 21.009999999999998 
200 996 7.01 
354 282 0.01 
354 469 0.01 
354 883 0.01 
354 940 0.01 
354 950 1.01 
354 986 1.01 
354 997 0.01 
373 70 1.01 
373 754 2.01 
373 814 2.01 
373 928 0.01 
373 992 1.01 
373 995 1.01 
373 996 2.01 
462 51 0.01 
462 102 0.01 
462 146 0.01 
462 325 0.01 
462 970 0.01 
462 976 1.01 
504 450 1.01 
504 575 1.01 
504 672 0.01 
504 874 0.01 
504 883 0.01 
504 908 0.01 
168 478 0.01 
168 712 0.01 
168 939 0.01 
168 953 1.01 
168 965 0.01 
168 992 1.01 
168 995 0.01 
712 234 0.01 
712 529 0.01 
712 768 1.01 
712 771 1.01 
712 860 0.01 
712 992 5.01 
712 996 4.01 
169 217 0.01 
169 283 1.01 
169 395 0.01 
169 586 0.01 
169 606 1.01 
169 978 0.01 
606 633 1.01 
606 709 1.01 
606 868 0.01 
606 888 1.01 
606 973 1.01 
606 978 1.01 
606 980 1.01 
170 347 1.01 
170 451 1.01 
170 769 0.01 
170 925 0.01 
170 964 1.01 
170 978 0.01 
170 999 1.01 
204 125 0.01 
204 310 0.01 
204 389 0.01 
204 471 0.01 
204 646 1.01 
204 703 0.01 
204 774 0.01 
204 919 0.01 
204 998 5.01 
204 999 25.009999999999998 
854 162 0.01 
854 569 0.01 
854 628 0.01 
854 834 0.01 
854 981 2.01 
854 985 11.01 
854 990 1.01 
854 998 1.01 
854 999 5.01 
172 179 0.01 
172 288 0.01 
172 817 1.01 
172 920 0.01 
172 944 1.01 
172 953 2.01 
172 996 0.01 
179 591 0.01 
179 673 0.01 
179 886 1.01 
179 944 0.01 
179 992 0.01 
179 995 3.01 
179 996 3.01 
288 28 0.01 
288 799 1.01 
288 832 0.01 
288 928 1.01 
288 953 0.01 
288 995 0.01 
288 996 1.01 
173 39 0.01 
173 328 0.01 
173 655 0.01 
173 658 0.01 
173 963 1.01 
173 991 0.01 
328 236 0.01 
328 314 0.01 
328 613 0.01 
328 783 1.01 
328 905 0.01 
328 929 1.01 
328 963 0.01 
655 116 0.01 
655 314 1.01 
655 500 0.01 
655 700 0.01 
655 857 1.01 
655 991 4.01 
545 770 0.01 
545 807 0.01 
545 955 0.01 
545 968 1.01 
545 970 0.01 
545 983 1.01 
880 552 0.01 
880 775 0.01 
880 897 1.01 
880 955 0.01 
880 962 1.01 
880 983 8.01 
175 416 0.01 
175 492 0.01 
175 601 0.01 
175 629 0.01 
175 853 0.01 
175 927 0.01 
175 971 0.01 
416 275 0.01 
416 342 0.01 
416 752 0.01 
416 954 0.01 
416 972 0.01 
416 986 5.01 
601 245 0.01 
601 346 2.01 
601 442 1.01 
601 813 0.01 
601 948 0.01 
601 975 1.01 
176 357 0.01 
176 774 0.01 
176 809 0.01 
176 933 1.01 
176 981 1.01 
176 994 2.01 
176 998 7.01 
176 999 2.01 
357 136 0.01 
357 506 0.01 
357 791 1.01 
357 967 2.01 
357 974 0.01 
357 994 1.01 
357 998 2.01 
357 999 0.01 
774 506 1.01 
774 820 0.01 
774 834 0.01 
774 884 0.01 
774 911 0.01 
774 977 0.01 
774 998 1.01 
774 999 6.01 
812 442 0.01 
812 535 1.01 
812 623 1.01 
812 948 0.01 
812 963 0.01 
812 971 0.01 
812 975 0.01 
178 29 1.01 
178 467 0.01 
178 479 0.01 
178 480 1.01 
178 738 0.01 
178 951 0.01 
467 318 0.01 
467 420 0.01 
467 750 0.01 
467 792 0.01 
467 836 1.01 
467 951 0.01 
467 991 1.01 
479 50 1.01 
479 407 0.01 
479 779 0.01 
479 783 0.01 
479 869 0.01 
479 991 1.01 
479 998 0.01 
480 122 0.01 
480 800 0.01 
480 810 1.01 
480 857 1.01 
480 892 1.01 
480 951 0.01 
673 95 0.01 
673 509 0.01 
673 771 0.01 
673 864 0.01 
673 921 1.01 
673 992 1.01 
673 995 2.01 
180 360 0.01 
180 384 0.01 
180 649 0.01 
180 684 0.01 
180 910 0.01 
180 927 0.01 
180 975 0.01 
384 416 0.01 
384 511 0.01 
384 564 0.01 
384 870 0.01 
384 883 2.01 
384 950 0.01 
384 986 1.01 
649 142 0.01 
649 521 1.01 
649 753 0.01 
649 932 3.01 
649 959 0.01 
649 971 0.01 
684 649 0.01 
684 661 0.01 
684 759 2.01 
684 853 0.01 
684 931 0.01 
684 937 0.01 
455 229 0.01 
455 252 0.01 
455 933 0.01 
455 977 1.01 
455 981 0.01 
455 998 2.01 
455 999 1.01 
182 364 1.01 
182 597 0.01 
182 771 1.01 
182 886 0.01 
182 992 4.01 
182 995 2.01 
182 996 1.01 
364 47 0.01 
364 507 0.01 
364 716 0.01 
364 806 0.01 
364 894 0.01 
364 965 2.01 
771 298 1.01 
771 408 0.01 
771 798 1.01 
771 944 0.01 
771 956 1.01 
771 992 3.01 
771 995 1.01 
183 220 0.01 
183 254 0.01 
183 605 0.01 
183 702 0.01 
183 882 0.01 
183 945 1.01 
183 992 0.01 
220 143 0.01 
220 608 0.01 
220 659 0.01 
220 790 0.01 
220 962 0.01 
220 976 2.01 
220 979 1.01 
185 511 0.01 
185 536 0.01 
185 936 1.01 
185 941 0.01 
185 982 0.01 
185 986 1.01 
511 83 0.01 
511 315 0.01 
511 564 0.01 
511 636 0.01 
511 908 1.01 
511 950 0.01 
511 957 0.01 
536 392 0.01 
536 418 0.01 
536 673 1.01 
536 674 0.01 
536 740 1.01 
536 972 1.01 
536 986 1.01 
667 167 0.01 
667 247 0.01 
667 414 0.01 
667 864 0.01 
667 992 2.01 
667 995 0.01 
667 996 1.01 
710 250 0.01 
710 336 2.01 
710 488 1.01 
710 806 0.01 
710 814 0.01 
710 832 2.01 
710 944 1.01 
442 158 0.01 
442 353 1.01 
442 706 0.01 
442 828 1.01 
442 910 1.01 
442 937 1.01 
692 86 0.01 
692 264 0.01 
692 715 0.01 
692 869 0.01 
692 874 0.01 
692 898 0.01 
692 977 0.01 
189 35 1.01 
189 73 0.01 
189 135 0.01 
189 314 0.01 
189 459 0.01 
189 991 0.01 
314 631 0.01 
314 651 0.01 
314 851 0.01 
314 908 0.01 
314 945 0.01 
314 991 0.01 
314 995 0.01 
459 479 0.01 
459 540 0.01 
459 584 1.01 
459 723 1.01 
459 742 0.01 
459 857 0.01 
190 76 0.01 
190 740 0.01 
190 901 0.01 
190 941 1.01 
190 954 2.01 
190 982 0.01 
190 986 3.01 
191 21 0.01 
191 117 0.01 
191 728 0.01 
191 780 2.01 
191 789 0.01 
191 849 1.01 
191 978 5.01 
780 735 0.01 
780 784 0.01 
780 867 0.01 
780 916 0.01 
780 980 1.01 
780 991 1.01 
780 993 3.01 
849 41 0.01 
849 69 1.01 
849 92 0.01 
849 805 0.01 
849 888 1.01 
849 989 4.01 
192 233 0.01 
192 304 0.01 
192 344 0.01 
192 689 2.01 
192 941 0.01 
192 964 1.01 
233 73 0.01 
233 300 0.01 
233 392 0.01 
233 464 0.01 
233 536 0.01 
233 855 0.01 
233 940 0.01 
304 25 0.01 
304 83 0.01 
304 233 0.01 
304 381 0.01 
304 982 0.01 
304 986 1.01 
344 275 0.01 
344 643 0.01 
344 696 0.01 
344 732 0.01 
344 936 0.01 
344 972 1.01 
344 991 0.01 
193 65 0.01 
193 380 0.01 
193 504 0.01 
193 672 0.01 
193 770 0.01 
193 870 0.01 
193 990 0.01 
380 299 0.01 
380 354 0.01 
380 761 0.01 
380 947 0.01 
380 949 1.01 
380 969 0.01 
380 986 2.01 
672 936 1.01 
672 941 1.01 
672 950 0.01 
672 954 0.01 
672 964 0.01 
672 986 3.01 
770 94 2.01 
770 267 0.01 
770 559 0.01 
770 612 0.01 
770 776 0.01 
770 790 1.01 
770 984 0.01 
194 382 0.01 
194 581 1.01 
194 618 1.01 
194 962 2.01 
194 979 0.01 
194 988 0.01 
618 465 0.01 
618 583 0.01 
618 688 0.01 
618 807 0.01 
618 922 0.01 
618 988 1.01 
538 129 0.01 
538 588 0.01 
538 666 0.01 
538 985 0.01 
538 994 0.01 
538 997 1.01 
538 998 0.01 
538 999 0.01 
716 45 0.01 
716 108 0.01 
716 250 0.01 
716 992 10.01 
716 995 3.01 
716 996 7.01 
632 65 0.01 
632 92 0.01 
632 238 0.01 
632 448 0.01 
632 541 0.01 
632 728 0.01 
632 882 0.01 
198 417 0.01 
198 676 1.01 
198 818 0.01 
198 854 1.01 
198 947 0.01 
198 997 3.01 
198 998 3.01 
198 999 5.01 
417 668 0.01 
417 803 2.01 
417 858 0.01 
417 878 1.01 
417 933 0.01 
417 947 0.01 
417 987 0.01 
417 998 2.01 
417 999 5.01 
676 19 0.01 
676 512 0.01 
676 571 0.01 
676 791 0.01 
676 919 1.01 
676 990 0.01 
676 994 3.01 
676 998 5.01 
676 999 1.01 
199 417 2.01 
199 434 0.01 
199 722 0.01 
199 915 1.01 
199 974 1.01 
199 990 1.01 
199 994 3.01 
199 997 1.01 
199 998 3.01 
199 999 0.01 
213 33 0.01 
213 179 1.01 
213 712 1.01 
213 754 1.01 
213 771 1.01 
213 995 1.01 
213 996 4.01 
201 563 0.01 
201 801 0.01 
201 885 0.01 
201 976 0.01 
201 984 0.01 
201 988 1.01 
352 14 0.01 
352 371 0.01 
352 444 0.01 
352 481 0.01 
352 518 1.01 
352 547 0.01 
352 974 0.01 
352 994 1.01 
352 998 2.01 
352 999 5.01 
646 17 0.01 
646 569 0.01 
646 703 0.01 
646 890 1.01 
646 942 0.01 
646 987 0.01 
646 990 2.01 
646 997 0.01 
646 998 2.01 
646 999 2.01 
858 731 0.01 
858 854 1.01 
858 905 0.01 
858 967 0.01 
858 998 3.01 
858 999 4.01 
203 112 0.01 
203 276 0.01 
203 359 1.01 
203 383 0.01 
203 838 1.01 
203 859 0.01 
203 974 0.01 
203 997 0.01 
203 998 0.01 
203 999 1.01 
276 362 0.01 
276 644 0.01 
276 650 1.01 
276 834 0.01 
276 967 0.01 
276 974 0.01 
276 994 3.01 
276 998 0.01 
276 999 0.01 
383 80 0.01 
383 915 0.01 
383 987 0.01 
383 990 0.01 
383 997 1.01 
383 998 1.01 
383 999 0.01 
310 238 0.01 
310 261 0.01 
310 592 0.01 
310 644 1.01 
310 646 0.01 
310 942 0.01 
310 998 1.01 
310 999 1.01 
389 811 0.01 
389 823 0.01 
389 825 1.01 
389 884 2.01 
389 994 0.01 
389 998 2.01 
389 999 4.01 
471 409 0.01 
471 527 0.01 
471 648 0.01 
471 977 0.01 
471 987 1.01 
471 997 0.01 
471 998 2.01 
471 999 4.01 
205 27 1.01 
205 134 0.01 
205 458 0.01 
205 484 0.01 
205 985 1.01 
205 987 0.01 
205 990 1.01 
205 998 0.01 
205 999 0.01 
458 657 0.01 
458 942 0.01 
458 967 1.01 
458 974 1.01 
458 981 0.01 
458 998 3.01 
458 999 0.01 
484 77 0.01 
484 312 1.01 
484 884 1.01 
484 924 2.01 
484 974 2.01 
484 990 0.01 
484 994 0.01 
484 997 0.01 
484 999 4.01 
206 415 0.01 
206 606 1.01 
206 635 0.01 
206 709 1.01 
206 735 0.01 
206 971 0.01 
206 993 2.01 
415 11 0.01 
415 748 3.01 
415 943 0.01 
415 974 1.01 
415 987 0.01 
415 997 1.01 
415 998 0.01 
415 999 1.01 
635 127 0.01 
635 263 0.01 
635 485 0.01 
635 758 0.01 
635 973 1.01 
635 993 0.01 
207 84 0.01 
207 399 0.01 
207 619 0.01 
207 671 0.01 
207 811 0.01 
207 997 0.01 
207 998 1.01 
207 999 1.01 
208 249 0.01 
208 657 0.01 
208 859 1.01 
208 942 0.01 
208 967 0.01 
208 985 0.01 
208 987 0.01 
208 997 0.01 
208 998 0.01 
208 999 0.01 
249 513 0.01 
249 722 0.01 
249 905 0.01 
249 947 0.01 
249 985 0.01 
249 994 1.01 
249 998 0.01 
249 999 1.01 
657 455 0.01 
657 722 1.01 
657 791 0.01 
657 818 0.01 
657 890 1.01 
657 990 1.01 
657 998 3.01 
209 64 0.01 
209 807 0.01 
209 845 0.01 
209 881 4.01 
209 955 0.01 
209 984 2.01 
596 187 0.01 
596 403 0.01 
596 778 0.01 
596 956 3.01 
596 965 2.01 
596 992 2.01 
596 996 2.01 
212 118 0.01 
212 307 0.01 
212 422 0.01 
212 478 0.01 
212 684 0.01 
212 719 1.01 
212 911 0.01 
307 54 0.01 
307 99 0.01 
307 245 0.01 
307 853 0.01 
307 927 0.01 
307 932 0.01 
307 999 0.01 
422 535 0.01 
422 749 0.01 
422 760 0.01 
422 841 0.01 
422 904 1.01 
422 910 1.01 
719 212 0.01 
719 699 2.01 
719 819 1.01 
719 871 0.01 
719 971 0.01 
719 975 0.01 
303 143 1.01 
303 497 0.01 
303 526 0.01 
303 880 0.01 
303 979 0.01 
303 983 0.01 
552 137 1.01 
552 614 1.01 
552 798 0.01 
552 824 0.01 
552 970 1.01 
552 988 0.01 
612 248 0.01 
612 537 0.01 
612 952 1.01 
612 962 0.01 
612 983 0.01 
612 984 1.01 
483 624 0.01 
483 670 0.01 
483 939 1.01 
483 946 0.01 
483 992 3.01 
483 995 1.01 
483 996 1.01 
694 62 1.01 
694 211 0.01 
694 710 2.01 
694 778 1.01 
694 992 1.01 
694 995 3.01 
694 996 4.01 
814 673 1.01 
814 831 0.01 
814 832 0.01 
814 889 2.01 
814 995 6.01 
814 996 3.01 
436 441 1.01 
436 542 1.01 
436 744 1.01 
436 978 4.01 
436 989 0.01 
436 993 3.01 
218 195 0.01 
218 198 0.01 
218 204 0.01 
218 858 0.01 
218 987 0.01 
218 994 0.01 
218 998 0.01 
218 999 1.01 
219 228 0.01 
219 913 0.01 
219 938 1.01 
219 966 1.01 
219 989 4.01 
219 993 5.01 
639 142 0.01 
639 372 0.01 
639 782 1.01 
639 841 0.01 
639 932 0.01 
639 958 0.01 
222 267 0.01 
222 460 1.01 
222 801 0.01 
222 880 1.01 
222 970 1.01 
222 984 0.01 
222 997 0.01 
267 145 0.01 
267 465 0.01 
267 614 1.01 
267 976 0.01 
267 984 0.01 
267 988 1.01 
309 190 0.01 
309 475 0.01 
309 674 0.01 
309 761 0.01 
309 778 1.01 
309 874 0.01 
309 990 0.01 
420 109 0.01 
420 257 0.01 
420 281 0.01 
420 780 2.01 
420 800 0.01 
420 862 0.01 
420 916 0.01 
224 453 0.01 
224 530 0.01 
224 732 0.01 
224 843 0.01 
224 936 0.01 
224 982 0.01 
224 987 1.01 
530 25 0.01 
530 695 0.01 
530 901 1.01 
530 908 3.01 
530 982 0.01 
530 986 3.01 
486 36 3.01 
486 232 0.01 
486 628 0.01 
486 994 6.01 
486 997 5.01 
486 998 10.01 
486 999 7.01 
630 324 1.01 
630 628 0.01 
630 823 1.01 
630 933 0.01 
630 942 0.01 
630 998 10.01 
630 999 16.009999999999998 
227 163 0.01 
227 550 0.01 
227 931 0.01 
227 937 0.01 
227 942 1.01 
227 958 0.01 
227 989 1.01 
937 104 0.01 
937 177 1.01 
937 282 0.01 
937 448 0.01 
937 700 0.01 
937 747 1.01 
229 279 0.01 
229 503 1.01 
229 698 0.01 
229 884 0.01 
229 915 0.01 
229 987 2.01 
229 994 1.01 
229 998 23.009999999999998 
229 999 5.01 
279 375 1.01 
279 794 0.01 
279 805 0.01 
279 820 0.01 
279 924 1.01 
279 981 0.01 
279 997 0.01 
279 998 2.01 
279 999 1.01 
503 305 0.01 
503 666 0.01 
503 872 1.01 
503 879 1.01 
503 911 1.01 
503 919 0.01 
503 999 0.01 
698 375 0.01 
698 501 0.01 
698 664 2.01 
698 676 0.01 
698 985 3.01 
698 990 3.01 
698 997 4.01 
698 998 2.01 
698 999 5.01 
230 337 0.01 
230 416 0.01 
230 695 0.01 
230 949 0.01 
230 982 0.01 
230 986 0.01 
337 339 0.01 
337 558 0.01 
337 721 1.01 
337 972 0.01 
337 982 0.01 
337 986 1.01 
337 995 0.01 
695 556 0.01 
695 615 0.01 
695 726 0.01 
695 761 0.01 
695 972 0.01 
695 992 0.01 
695 998 1.01 
231 22 0.01 
231 329 1.01 
231 517 0.01 
231 810 0.01 
231 962 0.01 
231 991 0.01 
231 996 1.01 
517 201 0.01 
517 332 0.01 
517 581 0.01 
517 618 1.01 
517 637 1.01 
517 770 0.01 
517 824 0.01 
324 238 0.01 
324 731 1.01 
324 872 1.01 
324 879 0.01 
324 974 2.01 
324 994 1.01 
324 998 2.01 
324 999 1.01 
392 504 0.01 
392 640 0.01 
392 883 0.01 
392 895 0.01 
392 982 0.01 
392 986 0.01 
464 185 0.01 
464 909 0.01 
464 917 0.01 
464 941 0.01 
464 972 0.01 
464 982 1.01 
234 168 0.01 
234 522 0.01 
234 673 1.01 
234 778 0.01 
234 799 1.01 
234 840 0.01 
234 995 2.01 
778 33 0.01 
778 860 1.01 
778 956 2.01 
778 965 2.01 
778 992 1.01 
778 995 5.01 
778 996 1.01 
235 506 0.01 
235 588 0.01 
235 652 0.01 
235 926 0.01 
235 994 0.01 
235 997 0.01 
235 999 0.01 
506 140 0.01 
506 261 0.01 
506 410 0.01 
506 481 0.01 
506 861 2.01 
506 977 0.01 
506 987 0.01 
506 998 1.01 
506 999 1.01 
236 4 0.01 
236 149 0.01 
236 750 0.01 
236 835 0.01 
236 953 0.01 
236 968 0.01 
236 969 2.01 
750 356 0.01 
750 413 1.01 
750 607 0.01 
750 914 0.01 
750 941 0.01 
750 984 0.01 
750 994 0.01 
835 91 1.01 
835 532 0.01 
835 540 1.01 
835 718 0.01 
835 880 0.01 
835 914 0.01 
238 310 0.01 
238 616 0.01 
238 794 1.01 
238 834 1.01 
238 919 0.01 
238 985 0.01 
238 990 1.01 
238 997 0.01 
238 998 0.01 
238 999 0.01 
794 14 0.01 
794 371 0.01 
794 737 0.01 
794 915 0.01 
794 977 3.01 
794 990 1.01 
794 994 3.01 
794 999 3.01 
239 721 0.01 
239 732 0.01 
239 734 0.01 
239 936 1.01 
239 954 1.01 
239 972 0.01 
239 986 2.01 
240 615 0.01 
240 774 0.01 
240 870 0.01 
240 954 0.01 
240 964 1.01 
240 982 1.01 
240 985 0.01 
615 151 0.01 
615 435 0.01 
615 643 0.01 
615 843 0.01 
615 909 0.01 
615 949 1.01 
615 986 2.01 
448 152 0.01 
448 560 1.01 
448 702 0.01 
448 938 0.01 
448 978 1.01 
448 989 1.01 
243 280 0.01 
243 474 0.01 
243 856 0.01 
243 949 0.01 
243 971 0.01 
243 979 0.01 
243 996 0.01 
474 79 1.01 
474 302 0.01 
474 407 1.01 
474 755 1.01 
474 792 0.01 
474 969 2.01 
244 284 0.01 
244 315 0.01 
244 499 0.01 
244 601 0.01 
244 651 0.01 
244 828 0.01 
244 959 0.01 
315 342 0.01 
315 426 0.01 
315 692 0.01 
315 745 0.01 
315 772 0.01 
315 797 0.01 
315 996 1.01 
651 312 1.01 
651 370 0.01 
651 827 0.01 
651 896 1.01 
651 899 0.01 
651 957 0.01 
651 969 1.01 
828 85 0.01 
828 580 0.01 
828 760 0.01 
828 914 0.01 
828 923 1.01 
828 986 14.01 
245 727 0.01 
245 785 0.01 
245 869 0.01 
245 927 0.01 
245 940 0.01 
245 958 0.01 
245 981 0.01 
785 737 0.01 
785 829 0.01 
785 923 2.01 
785 927 0.01 
785 937 0.01 
785 958 0.01 
785 997 0.01 
899 91 0.01 
899 329 0.01 
899 876 0.01 
899 951 1.01 
899 991 1.01 
899 999 0.01 
950 574 0.01 
950 761 1.01 
950 781 0.01 
950 915 0.01 
950 917 1.01 
950 986 5.01 
824 326 0.01 
824 559 0.01 
824 910 1.01 
824 976 0.01 
824 979 1.01 
824 983 1.01 
907 526 0.01 
907 675 1.01 
907 736 0.01 
907 765 0.01 
907 927 1.01 
907 976 0.01 
513 14 0.01 
513 207 0.01 
513 967 3.01 
513 981 14.01 
513 994 7.01 
513 997 4.01 
513 998 10.01 
513 999 14.01 
250 621 0.01 
250 673 0.01 
250 710 3.01 
250 712 0.01 
250 754 1.01 
250 817 0.01 
250 995 3.01 
265 303 1.01 
265 775 3.01 
265 821 0.01 
265 866 0.01 
265 881 0.01 
265 984 3.01 
252 27 0.01 
252 225 0.01 
252 235 0.01 
252 825 0.01 
252 842 0.01 
252 933 1.01 
252 998 1.01 
252 999 2.01 
255 60 1.01 
255 239 0.01 
255 428 0.01 
255 536 1.01 
255 682 1.01 
255 982 1.01 
255 986 0.01 
428 101 0.01 
428 549 1.01 
428 575 0.01 
428 724 0.01 
428 843 1.01 
428 940 0.01 
256 230 1.01 
256 410 1.01 
256 475 0.01 
256 682 0.01 
256 734 0.01 
256 839 1.01 
256 982 0.01 
410 697 0.01 
410 731 0.01 
410 947 0.01 
410 977 1.01 
410 981 1.01 
410 990 1.01 
410 994 2.01 
410 997 1.01 
410 998 3.01 
410 999 2.01 
257 458 0.01 
257 571 0.01 
257 859 1.01 
257 879 0.01 
257 947 0.01 
257 997 0.01 
257 998 1.01 
257 999 1.01 
571 257 0.01 
571 471 0.01 
571 825 0.01 
571 967 0.01 
571 987 1.01 
571 990 0.01 
571 998 2.01 
571 999 1.01 
258 218 0.01 
258 357 0.01 
258 654 0.01 
258 664 0.01 
258 820 0.01 
258 977 0.01 
258 981 1.01 
258 994 0.01 
258 998 1.01 
258 999 0.01 
664 218 0.01 
664 722 0.01 
664 990 2.01 
664 994 2.01 
664 997 0.01 
664 998 4.01 
664 999 3.01 
820 833 0.01 
820 861 0.01 
820 926 1.01 
820 985 1.01 
820 998 1.01 
820 999 1.01 
259 531 1.01 
259 557 0.01 
259 854 0.01 
259 887 0.01 
259 981 1.01 
259 985 1.01 
259 987 0.01 
259 990 1.01 
259 998 0.01 
259 999 1.01 
531 445 0.01 
531 538 0.01 
531 875 0.01 
531 926 1.01 
531 981 0.01 
531 994 0.01 
531 997 0.01 
531 998 2.01 
531 999 1.01 
557 11 0.01 
557 365 0.01 
557 697 0.01 
557 987 0.01 
557 994 1.01 
557 997 0.01 
557 998 2.01 
557 999 2.01 
452 456 0.01 
452 459 1.01 
452 658 0.01 
452 951 0.01 
452 963 0.01 
452 991 1.01 
444 863 1.01 
444 878 1.01 
444 890 0.01 
444 926 0.01 
444 943 0.01 
444 974 0.01 
444 998 0.01 
444 999 3.01 
262 655 0.01 
262 701 1.01 
262 892 1.01 
262 896 1.01 
262 929 0.01 
262 957 0.01 
680 164 1.01 
680 197 0.01 
680 370 0.01 
680 418 1.01 
680 918 0.01 
680 993 3.01 
264 243 0.01 
264 696 0.01 
264 741 0.01 
264 816 0.01 
264 841 0.01 
264 846 1.01 
264 959 0.01 
846 601 0.01 
846 741 0.01 
846 772 0.01 
846 856 1.01 
846 937 0.01 
846 971 0.01 
266 39 0.01 
266 525 0.01 
266 711 0.01 
266 859 0.01 
266 865 0.01 
266 930 0.01 
266 991 1.01 
525 294 0.01 
525 594 0.01 
525 649 1.01 
525 730 1.01 
525 733 1.01 
525 800 0.01 
525 914 1.01 
711 596 0.01 
711 667 0.01 
711 683 1.01 
711 894 0.01 
711 921 1.01 
711 946 1.01 
711 996 0.01 
465 426 0.01 
465 508 0.01 
465 625 1.01 
465 688 0.01 
465 777 0.01 
465 983 1.01 
614 267 2.01 
614 426 0.01 
614 885 1.01 
614 962 3.01 
614 976 1.01 
614 984 14.01 
268 54 0.01 
268 214 0.01 
268 476 0.01 
268 866 1.01 
268 962 0.01 
268 968 1.01 
268 988 1.01 
429 297 0.01 
429 525 1.01 
429 631 0.01 
429 750 0.01 
429 751 0.01 
429 836 1.01 
429 991 1.01 
587 32 1.01 
587 335 0.01 
587 489 0.01 
587 877 0.01 
587 929 0.01 
587 969 0.01 
587 987 0.01 
617 565 0.01 
617 738 0.01 
617 892 1.01 
617 957 1.01 
617 963 0.01 
617 991 0.01 
271 175 1.01 
271 244 0.01 
271 317 1.01 
271 343 0.01 
271 745 0.01 
271 846 0.01 
271 931 0.01 
317 153 0.01 
317 386 0.01 
317 500 1.01 
317 759 0.01 
317 813 0.01 
317 819 0.01 
317 933 1.01 
343 87 0.01 
343 132 1.01 
343 282 0.01 
343 487 0.01 
343 533 0.01 
343 747 0.01 
343 927 1.01 
745 555 0.01 
745 719 0.01 
745 726 1.01 
745 871 0.01 
745 975 2.01 
745 981 0.01 
745 988 0.01 
272 278 0.01 
272 644 0.01 
272 692 0.01 
272 785 0.01 
272 846 0.01 
272 932 0.01 
272 982 1.01 
932 18 1.01 
932 163 0.01 
932 649 1.01 
932 662 0.01 
932 776 0.01 
932 895 0.01 
275 304 0.01 
275 520 1.01 
275 761 1.01 
275 909 0.01 
275 917 0.01 
275 954 0.01 
761 42 0.01 
761 239 0.01 
761 416 0.01 
761 629 1.01 
761 740 1.01 
761 903 0.01 
761 936 0.01 
909 25 0.01 
909 139 1.01 
909 256 0.01 
909 333 0.01 
909 887 0.01 
909 982 1.01 
362 820 0.01 
362 858 0.01 
362 990 2.01 
362 994 4.01 
362 997 8.01 
362 998 4.01 
362 999 9.01 
375 208 0.01 
375 258 1.01 
375 432 0.01 
375 437 0.01 
375 471 0.01 
375 512 0.01 
375 604 0.01 
375 685 0.01 
375 919 0.01 
375 997 0.01 
805 162 0.01 
805 557 0.01 
805 703 1.01 
805 858 0.01 
805 977 1.01 
805 987 2.01 
805 997 3.01 
805 998 0.01 
805 999 1.01 
281 114 0.01 
281 452 0.01 
281 843 0.01 
281 851 0.01 
281 929 0.01 
281 991 3.01 
281 998 0.01 
282 423 0.01 
282 741 0.01 
282 827 0.01 
282 828 1.01 
282 844 0.01 
282 948 1.01 
282 953 0.01 
423 162 0.01 
423 639 0.01 
423 760 0.01 
423 819 0.01 
423 958 1.01 
423 989 0.01 
423 996 1.01 
827 1 0.01 
827 235 1.01 
827 660 0.01 
827 865 0.01 
827 929 0.01 
827 963 1.01 
844 422 1.01 
844 547 0.01 
844 819 0.01 
844 829 1.01 
844 846 2.01 
844 904 0.01 
440 202 0.01 
440 503 0.01 
440 664 1.01 
440 981 0.01 
440 997 2.01 
440 998 2.01 
440 999 4.01 
641 476 0.01 
641 653 0.01 
641 824 1.01 
641 880 0.01 
641 930 0.01 
641 984 1.01 
641 988 1.01 
286 626 0.01 
286 727 0.01 
286 749 0.01 
286 923 0.01 
286 937 0.01 
286 970 0.01 
286 975 0.01 
626 417 1.01 
626 640 1.01 
626 686 0.01 
626 707 1.01 
626 874 1.01 
626 890 0.01 
626 908 1.01 
749 318 0.01 
749 335 0.01 
749 343 0.01 
749 719 0.01 
749 816 0.01 
749 839 0.01 
749 948 0.01 
287 222 1.01 
287 290 0.01 
287 476 0.01 
287 526 0.01 
287 720 1.01 
287 952 0.01 
526 210 0.01 
526 725 0.01 
526 845 0.01 
526 968 1.01 
526 984 2.01 
526 988 0.01 
327 368 0.01 
327 879 0.01 
327 942 0.01 
327 987 0.01 
327 994 0.01 
327 997 0.01 
327 999 0.01 
736 515 0.01 
736 545 0.01 
736 625 0.01 
736 627 2.01 
736 968 0.01 
736 979 1.01 
291 460 0.01 
291 464 0.01 
291 651 1.01 
291 783 0.01 
291 791 0.01 
291 835 0.01 
291 900 0.01 
783 260 0.01 
783 800 0.01 
783 804 0.01 
783 827 1.01 
783 837 1.01 
783 969 1.01 
783 998 0.01 
791 555 0.01 
791 823 0.01 
791 887 1.01 
791 911 0.01 
791 967 0.01 
791 994 1.01 
791 997 2.01 
791 998 4.01 
791 999 5.01 
717 52 0.01 
717 88 0.01 
717 542 1.01 
717 916 1.01 
717 918 0.01 
717 989 5.01 
394 252 0.01 
394 324 0.01 
394 471 0.01 
394 926 0.01 
394 981 2.01 
394 997 8.01 
394 998 8.01 
394 999 5.01 
863 199 2.01 
863 604 0.01 
863 722 0.01 
863 842 0.01 
863 878 0.01 
863 919 1.01 
863 987 1.01 
294 85 0.01 
294 429 0.01 
294 730 0.01 
294 963 0.01 
294 969 0.01 
294 991 0.01 
295 319 0.01 
295 641 1.01 
295 955 1.01 
295 962 1.01 
295 970 2.01 
295 976 0.01 
319 64 0.01 
319 439 0.01 
319 544 1.01 
319 675 0.01 
319 907 0.01 
319 976 0.01 
319 988 1.01 
661 231 0.01 
661 412 0.01 
661 503 0.01 
661 743 0.01 
661 792 0.01 
661 819 0.01 
661 983 1.01 
298 711 0.01 
298 808 2.01 
298 814 1.01 
298 855 1.01 
298 992 12.01 
298 995 6.01 
298 996 5.01 
299 99 0.01 
299 323 0.01 
299 328 0.01 
299 752 1.01 
299 787 0.01 
299 940 0.01 
299 986 0.01 
435 305 0.01 
435 381 0.01 
435 518 0.01 
435 665 0.01 
435 870 1.01 
435 903 1.01 
435 972 0.01 
386 21 0.01 
386 156 1.01 
386 647 0.01 
386 804 1.01 
386 961 0.01 
386 989 2.01 
528 103 0.01 
528 599 0.01 
528 613 1.01 
528 632 0.01 
528 961 0.01 
528 973 2.01 
585 189 0.01 
585 291 1.01 
585 340 0.01 
585 407 0.01 
585 474 1.01 
585 693 0.01 
585 914 0.01 
765 220 0.01 
765 325 0.01 
765 618 0.01 
765 881 0.01 
765 952 0.01 
765 988 3.01 
765 996 0.01 
381 734 0.01 
381 781 0.01 
381 909 0.01 
381 949 1.01 
381 964 0.01 
381 986 0.01 
305 203 0.01 
305 737 0.01 
305 838 0.01 
305 915 1.01 
305 981 1.01 
305 985 0.01 
305 987 0.01 
305 990 0.01 
305 998 1.01 
305 999 1.01 
306 356 0.01 
306 420 0.01 
306 482 0.01 
306 584 0.01 
306 655 0.01 
306 957 0.01 
306 963 1.01 
674 489 0.01 
674 626 0.01 
674 669 0.01 
674 941 0.01 
674 950 2.01 
674 986 0.01 
874 121 0.01 
874 575 0.01 
874 724 0.01 
874 865 0.01 
874 908 1.01 
874 964 2.01 
447 376 1.01 
447 413 0.01 
447 693 0.01 
447 865 1.01 
447 935 0.01 
447 969 0.01 
555 176 0.01 
555 569 0.01 
555 788 0.01 
555 879 0.01 
555 994 0.01 
555 998 2.01 
555 999 1.01 
544 5 0.01 
544 277 0.01 
544 463 0.01 
544 790 1.01 
544 821 0.01 
544 837 0.01 
544 906 1.01 
426 209 0.01 
426 548 0.01 
426 609 1.01 
426 612 0.01 
426 979 0.01 
426 983 1.01 
426 988 1.01 
338 202 0.01 
338 205 0.01 
338 388 0.01 
338 811 0.01 
338 863 1.01 
338 974 1.01 
338 997 1.01 
338 999 1.01 
472 77 0.01 
472 531 1.01 
472 884 0.01 
472 985 1.01 
472 990 1.01 
472 997 1.01 
472 999 3.01 
501 3 0.01 
501 444 0.01 
501 571 0.01 
501 967 1.01 
501 977 2.01 
501 997 13.01 
501 998 23.009999999999998 
501 999 7.01 
318 97 0.01 
318 750 0.01 
318 822 0.01 
318 876 1.01 
318 900 1.01 
318 991 0.01 
675 155 1.01 
675 251 0.01 
675 583 0.01 
675 885 0.01 
675 955 3.01 
675 988 2.01 
660 350 0.01 
660 456 0.01 
660 836 0.01 
660 899 1.01 
660 900 1.01 
660 978 0.01 
660 987 0.01 
565 144 0.01 
565 578 0.01 
565 951 0.01 
565 969 0.01 
565 989 0.01 
565 991 0.01 
565 997 0.01 
396 488 0.01 
396 793 0.01 
396 956 1.01 
396 992 3.01 
396 995 0.01 
396 996 0.01 
325 210 1.01 
325 465 0.01 
325 598 0.01 
325 983 1.01 
325 984 0.01 
325 988 0.01 
598 537 0.01 
598 544 0.01 
598 765 0.01 
598 897 0.01 
598 907 0.01 
598 983 3.01 
598 988 0.01 
326 248 0.01 
326 251 0.01 
326 295 0.01 
326 704 1.01 
326 775 0.01 
326 907 0.01 
326 979 1.01 
368 229 0.01 
368 389 0.01 
368 503 0.01 
368 833 0.01 
368 942 0.01 
368 994 0.01 
368 997 1.01 
368 999 0.01 
613 301 0.01 
613 461 0.01 
613 562 0.01 
613 603 0.01 
613 852 1.01 
613 989 1.01 
883 76 0.01 
883 431 0.01 
883 713 0.01 
883 734 0.01 
883 909 0.01 
883 986 3.01 
332 54 0.01 
332 326 0.01 
332 552 0.01 
332 801 1.01 
332 930 0.01 
332 988 0.01 
333 430 0.01 
333 777 0.01 
333 970 2.01 
333 979 1.01 
333 983 1.01 
333 988 0.01 
334 652 0.01 
334 805 2.01 
334 858 0.01 
334 947 1.01 
334 967 0.01 
334 990 3.01 
334 994 1.01 
334 998 4.01 
334 999 6.01 
335 571 0.01 
335 638 1.01 
335 810 0.01 
335 847 0.01 
335 991 0.01 
335 994 1.01 
335 999 0.01 
339 82 0.01 
339 144 0.01 
339 620 0.01 
339 773 0.01 
339 847 0.01 
339 886 0.01 
339 991 0.01 
558 138 0.01 
558 520 0.01 
558 564 2.01 
558 626 0.01 
558 674 0.01 
558 713 0.01 
558 986 3.01 
388 516 0.01 
388 616 0.01 
388 619 1.01 
388 915 0.01 
388 994 0.01 
388 998 1.01 
388 999 0.01 
773 150 0.01 
773 156 0.01 
773 281 0.01 
773 345 0.01 
773 369 0.01 
773 800 0.01 
773 990 0.01 
340 64 0.01 
340 595 0.01 
340 822 1.01 
340 896 0.01 
340 924 0.01 
340 991 0.01 
340 993 0.01 
487 358 1.01 
487 412 0.01 
487 719 0.01 
487 923 0.01 
487 951 0.01 
487 975 2.01 
487 987 0.01 
533 692 0.01 
533 729 1.01 
533 762 0.01 
533 797 0.01 
533 860 0.01 
533 917 0.01 
533 985 1.01 
643 475 0.01 
643 874 1.01 
643 883 1.01 
643 954 0.01 
643 964 1.01 
643 972 8.01 
643 986 1.01 
345 175 0.01 
345 252 0.01 
345 372 0.01 
345 578 0.01 
345 753 0.01 
345 938 1.01 
345 986 0.01 
372 200 0.01 
372 264 1.01 
372 530 0.01 
372 684 1.01 
372 797 0.01 
372 816 0.01 
372 999 0.01 
350 72 1.01 
350 427 1.01 
350 543 0.01 
350 773 0.01 
350 829 1.01 
350 987 0.01 
350 991 1.01 
543 367 0.01 
543 716 0.01 
543 727 0.01 
543 745 1.01 
543 797 0.01 
543 911 0.01 
543 998 0.01 
351 295 0.01 
351 627 1.01 
351 907 1.01 
351 976 1.01 
351 979 4.01 
351 983 0.01 
627 439 0.01 
627 736 2.01 
627 907 0.01 
627 979 1.01 
627 984 4.01 
627 988 2.01 
518 440 0.01 
518 473 0.01 
518 513 1.01 
518 905 0.01 
518 947 0.01 
518 990 1.01 
518 997 1.01 
518 998 0.01 
518 999 1.01 
353 37 0.01 
353 580 0.01 
353 649 0.01 
353 812 0.01 
353 813 0.01 
353 975 1.01 
580 158 1.01 
580 296 0.01 
580 423 2.01 
580 772 0.01 
580 937 0.01 
580 963 0.01 
580 993 0.01 
355 334 0.01 
355 445 0.01 
355 788 0.01 
355 833 1.01 
355 981 0.01 
355 997 0.01 
355 998 0.01 
833 676 0.01 
833 791 0.01 
833 794 0.01 
833 878 0.01 
833 997 1.01 
833 998 1.01 
833 999 2.01 
374 401 0.01 
374 566 0.01 
374 623 1.01 
374 914 1.01 
374 963 0.01 
374 985 1.01 
374 991 1.01 
369 243 0.01 
369 733 0.01 
369 750 0.01 
369 752 0.01 
369 767 0.01 
369 785 0.01 
369 812 0.01 
784 201 1.01 
784 560 0.01 
784 570 1.01 
784 717 0.01 
784 789 0.01 
784 888 1.01 
784 989 2.01 
363 170 1.01 
363 586 1.01 
363 728 0.01 
363 898 0.01 
363 918 1.01 
363 993 11.01 
507 40 0.01 
507 106 0.01 
507 349 0.01 
507 889 2.01 
507 992 1.01 
507 995 2.01 
507 996 1.01 
365 253 0.01 
365 383 1.01 
365 444 0.01 
365 842 0.01 
365 854 0.01 
365 858 1.01 
365 999 0.01 
367 87 0.01 
367 227 0.01 
367 343 0.01 
367 533 0.01 
367 773 0.01 
367 844 1.01 
370 9 0.01 
370 148 0.01 
370 363 0.01 
370 708 0.01 
370 877 0.01 
370 993 1.01 
401 796 0.01 
401 822 1.01 
401 836 0.01 
401 862 2.01 
401 896 0.01 
401 951 0.01 
401 969 1.01 
623 423 0.01 
623 661 0.01 
623 760 2.01 
623 782 2.01 
623 910 5.01 
623 959 1.01 
914 266 0.01 
914 311 0.01 
914 468 1.01 
914 567 0.01 
914 951 0.01 
914 984 1.01 
432 875 0.01 
432 974 1.01 
432 981 0.01 
432 994 0.01 
432 997 1.01 
432 998 1.01 
432 999 0.01 
512 237 0.01 
512 279 0.01 
512 514 0.01 
512 762 0.01 
512 818 0.01 
512 861 0.01 
512 994 0.01 
512 998 0.01 
512 999 0.01 
604 365 0.01 
604 539 0.01 
604 794 1.01 
604 818 0.01 
604 842 1.01 
604 994 0.01 
604 999 2.01 
607 46 0.01 
607 353 0.01 
607 433 0.01 
607 755 0.01 
607 756 1.01 
607 826 0.01 
607 925 0.01 
556 381 0.01 
556 494 0.01 
556 674 0.01 
556 739 2.01 
556 949 2.01 
556 986 2.01 
669 166 0.01 
669 724 1.01 
669 883 0.01 
669 895 1.01 
669 903 1.01 
669 940 0.01 
669 954 1.01 
379 22 0.01 
379 173 1.01 
379 452 0.01 
379 656 1.01 
379 663 0.01 
379 900 0.01 
379 991 1.01 
564 151 0.01 
564 223 0.01 
564 239 0.01 
564 870 0.01 
564 901 1.01 
564 982 1.01 
387 66 1.01 
387 276 0.01 
387 540 0.01 
387 600 1.01 
387 607 0.01 
387 991 0.01 
387 992 0.01 
516 863 0.01 
516 875 0.01 
516 887 0.01 
516 967 0.01 
516 990 0.01 
516 997 0.01 
516 998 0.01 
516 999 0.01 
488 288 0.01 
488 716 0.01 
488 921 2.01 
488 953 0.01 
488 992 3.01 
488 995 3.01 
488 996 4.01 
397 197 0.01 
397 848 0.01 
397 912 0.01 
397 980 12.01 
397 989 3.01 
397 993 2.01 
438 103 0.01 
438 424 0.01 
438 541 1.01 
438 789 0.01 
438 804 1.01 
438 850 0.01 
438 966 1.01 
678 638 0.01 
678 769 1.01 
678 850 0.01 
678 876 0.01 
678 934 1.01 
678 945 0.01 
678 989 3.01 
404 623 1.01 
404 743 0.01 
404 923 0.01 
404 932 1.01 
404 937 0.01 
404 982 0.01 
404 997 0.01 
405 117 1.01 
405 184 0.01 
405 438 0.01 
405 562 0.01 
405 989 0.01 
405 993 1.01 
407 236 0.01 
407 745 0.01 
407 835 1.01 
407 846 0.01 
407 914 0.01 
407 956 0.01 
407 959 0.01 
408 507 0.01 
408 621 1.01 
408 928 2.01 
408 965 0.01 
408 995 2.01 
408 996 2.01 
724 330 0.01 
724 682 0.01 
724 690 1.01 
724 721 0.01 
724 934 0.01 
724 972 2.01 
724 986 3.01 
421 760 0.01 
421 772 2.01 
421 801 0.01 
421 813 0.01 
421 878 0.01 
421 904 0.01 
421 971 1.01 
413 97 0.01 
413 130 0.01 
413 311 0.01 
413 468 0.01 
413 857 0.01 
413 973 0.01 
413 991 2.01 
468 335 1.01 
468 677 0.01 
468 715 1.01 
468 851 0.01 
468 957 1.01 
468 963 2.01 
857 122 1.01 
857 574 0.01 
857 636 1.01 
857 638 0.01 
857 680 0.01 
857 896 0.01 
665 96 0.01 
665 157 1.01 
665 678 0.01 
665 709 0.01 
665 902 0.01 
665 918 1.01 
760 733 0.01 
760 947 0.01 
760 950 0.01 
760 975 2.01 
760 978 1.01 
760 995 0.01 
760 999 0.01 
560 183 0.01 
560 633 0.01 
560 795 1.01 
560 938 0.01 
560 978 1.01 
560 980 0.01 
560 989 1.01 
549 230 1.01 
549 434 0.01 
549 496 1.01 
549 740 1.01 
549 843 1.01 
549 949 0.01 
549 972 1.01 
575 101 1.01 
575 151 0.01 
575 224 0.01 
575 450 0.01 
575 870 0.01 
575 950 0.01 
431 83 1.01 
431 190 1.01 
431 556 1.01 
431 940 11.01 
431 972 0.01 
431 982 2.01 
466 104 0.01 
466 150 0.01 
466 729 0.01 
466 856 1.01 
466 966 0.01 
466 983 0.01 
466 986 1.01 
441 68 0.01 
441 780 0.01 
441 867 0.01 
441 902 1.01 
441 966 0.01 
441 993 1.01 
542 436 1.01 
542 461 1.01 
542 912 0.01 
542 966 2.01 
542 978 0.01 
542 993 1.01 
744 24 0.01 
744 89 0.01 
744 331 1.01 
744 605 1.01 
744 691 2.01 
744 966 1.01 
744 989 13.01 
837 777 0.01 
837 820 0.01 
837 961 0.01 
837 962 2.01 
837 970 1.01 
837 976 1.01 
450 15 0.01 
450 123 0.01 
450 216 0.01 
450 883 0.01 
450 908 0.01 
450 909 0.01 
450 982 0.01 
456 29 0.01 
456 617 0.01 
456 796 0.01 
456 951 1.01 
456 957 0.01 
456 969 0.01 
593 9 0.01 
593 681 1.01 
593 714 1.01 
593 764 0.01 
593 815 0.01 
593 966 0.01 
593 993 10.01 
723 304 0.01 
723 406 0.01 
723 830 0.01 
723 963 2.01 
723 975 0.01 
723 993 0.01 
723 998 0.01 
570 157 0.01 
570 241 0.01 
570 542 1.01 
570 680 0.01 
570 708 0.01 
570 789 0.01 
570 966 5.01 
625 627 0.01 
625 675 0.01 
625 837 1.01 
625 970 1.01 
625 979 0.01 
625 983 1.01 
625 988 2.01 
470 536 1.01 
470 635 0.01 
470 763 0.01 
470 884 0.01 
470 912 0.01 
470 925 1.01 
470 993 0.01 
666 293 0.01 
666 327 0.01 
666 338 0.01 
666 924 0.01 
666 933 0.01 
666 985 1.01 
666 998 0.01 
666 999 1.01 
524 170 0.01 
524 241 1.01 
524 916 0.01 
524 934 1.01 
524 989 4.01 
524 993 3.01 
489 60 1.01 
489 240 1.01 
489 464 1.01 
489 640 1.01 
489 895 0.01 
489 901 2.01 
494 139 1.01 
494 398 1.01 
494 843 0.01 
494 936 2.01 
494 950 0.01 
494 986 2.01 
532 452 0.01 
532 566 0.01 
532 636 0.01 
532 645 1.01 
532 857 0.01 
532 864 0.01 
532 991 2.01 
519 762 1.01 
519 774 0.01 
519 943 0.01 
519 985 0.01 
519 987 2.01 
519 990 0.01 
519 994 0.01 
519 998 0.01 
519 999 0.01 
713 309 0.01 
713 330 0.01 
713 615 0.01 
713 669 1.01 
713 895 0.01 
713 982 0.01 
599 52 0.01 
599 92 0.01 
599 360 1.01 
599 405 0.01 
599 470 0.01 
599 593 0.01 
599 764 0.01 
864 40 0.01 
864 196 0.01 
864 373 0.01 
864 634 0.01 
864 950 0.01 
864 956 0.01 
534 16 0.01 
534 205 1.01 
534 341 0.01 
534 794 0.01 
534 933 3.01 
534 981 2.01 
534 998 1.01 
534 999 4.01 
537 0 0.01 
537 59 0.01 
537 544 0.01 
537 885 5.01 
537 906 1.01 
537 983 0.01 
546 110 1.01 
546 124 0.01 
546 178 0.01 
546 387 0.01 
546 585 0.01 
546 935 0.01 
546 991 0.01 
569 203 0.01 
569 512 0.01 
569 698 0.01 
569 977 1.01 
569 994 0.01 
569 998 0.01 
569 999 0.01 
551 316 0.01 
551 357 0.01 
551 890 0.01 
551 981 1.01 
551 997 8.01 
551 998 11.01 
551 999 4.01 
567 149 0.01 
567 291 1.01 
567 590 1.01 
567 792 1.01 
567 793 0.01 
567 926 0.01 
567 935 0.01 
572 384 0.01 
572 428 0.01 
572 469 0.01 
572 494 0.01 
572 558 0.01 
572 986 3.01 
574 510 1.01 
574 686 2.01 
574 689 0.01 
574 972 2.01 
574 982 0.01 
574 986 3.01 
583 5 0.01 
583 131 0.01 
583 625 0.01 
583 930 0.01 
583 984 1.01 
583 988 2.01 
