1 95 2.01 
1 319 0.01 
1 340 0.01 
1 365 1.01 
1 406 3.01 
1 462 2.01 
1 465 0.01 
1 475 6.01 
1 496 6.01 
1 497 11.01 
1 499 15.01 
1 500 11.01 
95 18 1.01 
95 42 0.01 
95 165 0.01 
95 229 1.01 
95 258 1.01 
95 286 0.01 
95 406 1.01 
95 423 2.01 
95 440 16.009999999999998 
95 451 2.01 
95 454 1.01 
95 500 13.01 
319 35 0.01 
319 98 1.01 
319 193 1.01 
319 324 4.01 
319 354 2.01 
319 393 5.01 
319 397 2.01 
319 436 22.009999999999998 
319 448 8.01 
319 497 7.01 
319 499 34.01 
319 500 28.009999999999998 
340 64 1.01 
340 86 0.01 
340 109 0.01 
340 120 0.01 
340 128 0.01 
340 259 3.01 
340 280 2.01 
340 321 1.01 
340 478 5.01 
340 496 17.009999999999998 
340 497 13.01 
340 500 25.009999999999998 
365 41 1.01 
365 69 4.01 
365 231 2.01 
365 285 2.01 
365 378 7.01 
365 397 5.01 
365 442 8.01 
365 454 4.01 
365 478 11.01 
365 484 10.01 
365 495 10.01 
365 500 53.01 
406 33 1.01 
406 53 1.01 
406 59 2.01 
406 150 2.01 
406 179 1.01 
406 204 2.01 
406 328 1.01 
406 370 4.01 
406 378 2.01 
406 391 1.01 
406 420 1.01 
406 454 2.01 
462 19 2.01 
462 89 2.01 
462 197 0.01 
462 241 15.01 
462 259 15.01 
462 370 9.01 
462 459 15.01 
462 466 20.009999999999998 
462 496 53.01 
462 499 69.00999999999999 
462 500 84.00999999999999 
465 144 3.01 
465 300 7.01 
465 361 0.01 
465 369 14.01 
465 382 8.01 
465 402 5.01 
465 450 5.01 
465 483 22.009999999999998 
465 489 23.009999999999998 
465 491 41.01 
465 492 29.009999999999998 
475 7 2.01 
475 321 4.01 
475 342 6.01 
475 370 11.01 
475 402 18.009999999999998 
475 410 13.01 
475 423 33.01 
475 445 21.009999999999998 
475 466 16.009999999999998 
475 499 83.00999999999999 
475 500 125.00999999999999 
496 15 20.009999999999998 
496 213 16.009999999999998 
496 305 25.009999999999998 
496 324 13.01 
496 380 43.01 
496 439 20.009999999999998 
496 448 48.01 
496 468 52.01 
496 473 78.00999999999999 
496 479 71.00999999999999 
496 485 31.009999999999998 
497 147 9.01 
497 217 22.009999999999998 
497 230 7.01 
497 368 34.01 
497 387 60.01 
497 402 29.009999999999998 
497 448 84.00999999999999 
497 478 83.00999999999999 
497 496 139.01 
497 499 310.01 
497 500 369.01 
499 91 24.009999999999998 
499 194 27.009999999999998 
499 357 30.009999999999998 
499 366 47.01 
499 385 47.01 
499 387 64.00999999999999 
499 409 47.01 
499 456 110.00999999999999 
499 458 28.009999999999998 
499 479 102.00999999999999 
499 497 253.01 
500 214 42.01 
500 259 47.01 
500 375 48.01 
500 393 50.01 
500 431 69.00999999999999 
500 445 87.00999999999999 
500 471 59.01 
500 488 84.00999999999999 
500 496 198.01 
500 497 313.01 
500 499 314.01 
2 79 1.01 
2 141 1.01 
2 264 2.01 
2 272 1.01 
2 304 4.01 
2 369 1.01 
2 388 3.01 
2 452 3.01 
2 469 7.01 
2 483 22.009999999999998 
2 487 5.01 
2 491 12.01 
79 142 3.01 
79 146 0.01 
79 245 1.01 
79 318 2.01 
79 345 2.01 
79 352 0.01 
79 433 6.01 
79 464 7.01 
79 465 4.01 
79 487 43.01 
79 492 12.01 
79 496 4.01 
141 16 2.01 
141 300 1.01 
141 315 0.01 
141 349 1.01 
141 408 1.01 
141 464 10.01 
141 476 2.01 
141 477 2.01 
141 483 8.01 
141 489 5.01 
141 491 5.01 
141 492 7.01 
264 20 3.01 
264 151 0.01 
264 249 3.01 
264 313 1.01 
264 335 1.01 
264 474 4.01 
264 483 7.01 
264 487 12.01 
264 489 21.009999999999998 
264 491 14.01 
264 492 13.01 
264 494 4.01 
272 84 1.01 
272 109 0.01 
272 291 4.01 
272 345 1.01 
272 352 4.01 
272 394 6.01 
272 416 8.01 
272 482 25.009999999999998 
272 483 16.009999999999998 
272 491 24.009999999999998 
272 492 33.01 
272 499 13.01 
304 221 0.01 
304 227 2.01 
304 243 2.01 
304 275 14.01 
304 297 1.01 
304 373 3.01 
304 398 8.01 
304 460 15.01 
304 474 16.009999999999998 
304 482 1.01 
304 494 55.01 
304 495 18.009999999999998 
369 99 1.01 
369 103 0.01 
369 212 8.01 
369 242 1.01 
369 343 5.01 
369 352 7.01 
369 386 7.01 
369 425 3.01 
369 447 5.01 
369 455 8.01 
369 476 8.01 
369 492 21.009999999999998 
388 142 4.01 
388 170 1.01 
388 291 4.01 
388 313 3.01 
388 347 0.01 
388 386 4.01 
388 415 17.009999999999998 
388 452 12.01 
388 455 10.01 
388 465 7.01 
388 477 14.01 
388 483 31.009999999999998 
452 63 4.01 
452 82 2.01 
452 190 4.01 
452 222 7.01 
452 272 8.01 
452 282 8.01 
452 383 2.01 
452 424 24.009999999999998 
452 469 22.009999999999998 
452 489 29.009999999999998 
452 491 43.01 
469 3 2.01 
469 187 9.01 
469 200 7.01 
469 272 8.01 
469 369 9.01 
469 388 10.01 
469 481 21.009999999999998 
469 482 47.01 
469 487 39.01 
469 491 80.00999999999999 
469 492 66.00999999999999 
483 99 11.01 
483 167 7.01 
483 203 10.01 
483 314 7.01 
483 416 15.01 
483 425 27.009999999999998 
483 433 28.009999999999998 
483 453 17.009999999999998 
483 464 86.00999999999999 
483 477 79.00999999999999 
483 492 63.01 
487 79 12.01 
487 159 3.01 
487 222 14.01 
487 364 15.01 
487 408 36.01 
487 464 47.01 
487 476 44.01 
487 482 100.00999999999999 
487 489 95.00999999999999 
487 491 127.00999999999999 
487 492 69.00999999999999 
491 8 5.01 
491 20 15.01 
491 21 11.01 
491 187 6.01 
491 382 30.009999999999998 
491 424 34.01 
491 455 35.01 
491 469 63.01 
491 483 55.01 
491 487 105.00999999999999 
491 488 36.01 
3 245 2.01 
3 308 3.01 
3 323 1.01 
3 337 0.01 
3 344 0.01 
3 408 3.01 
3 415 5.01 
3 433 3.01 
3 476 5.01 
3 487 13.01 
3 489 19.009999999999998 
3 491 7.01 
245 178 0.01 
245 198 0.01 
245 262 0.01 
245 314 0.01 
245 361 0.01 
245 364 1.01 
245 376 3.01 
245 388 0.01 
245 408 4.01 
245 415 1.01 
245 416 0.01 
245 476 3.01 
308 119 3.01 
308 178 0.01 
308 203 1.01 
308 291 3.01 
308 414 1.01 
308 416 12.01 
308 424 5.01 
308 455 7.01 
308 483 13.01 
308 487 8.01 
308 489 15.01 
308 491 12.01 
323 34 1.01 
323 135 5.01 
323 252 0.01 
323 364 3.01 
323 384 2.01 
323 388 10.01 
323 416 3.01 
323 455 13.01 
323 465 9.01 
323 472 3.01 
323 482 25.009999999999998 
323 489 62.01 
337 13 1.01 
337 208 8.01 
337 288 2.01 
337 332 3.01 
337 356 2.01 
337 392 4.01 
337 401 5.01 
337 474 12.01 
337 484 52.01 
337 487 4.01 
337 490 16.009999999999998 
337 495 67.00999999999999 
344 99 2.01 
344 119 1.01 
344 135 0.01 
344 138 1.01 
344 151 1.01 
344 269 1.01 
344 400 2.01 
344 416 1.01 
344 428 2.01 
344 430 4.01 
344 489 9.01 
344 492 16.009999999999998 
408 102 1.01 
408 231 2.01 
408 252 2.01 
408 295 4.01 
408 323 6.01 
408 416 9.01 
408 452 13.01 
408 469 18.009999999999998 
408 476 13.01 
408 487 60.01 
408 489 28.009999999999998 
408 492 23.009999999999998 
415 75 0.01 
415 122 5.01 
415 250 3.01 
415 269 1.01 
415 344 2.01 
415 388 13.01 
415 425 2.01 
415 429 9.01 
415 452 8.01 
415 464 12.01 
415 483 27.009999999999998 
415 492 23.009999999999998 
433 167 4.01 
433 278 5.01 
433 318 10.01 
433 323 8.01 
433 349 5.01 
433 424 15.01 
433 447 10.01 
433 452 5.01 
433 455 31.009999999999998 
433 456 8.01 
433 464 28.009999999999998 
433 492 88.00999999999999 
476 250 8.01 
476 330 7.01 
476 384 6.01 
476 406 6.01 
476 416 15.01 
476 452 22.009999999999998 
476 455 18.009999999999998 
476 477 21.009999999999998 
476 482 43.01 
476 489 47.01 
476 491 58.01 
489 115 6.01 
489 178 16.009999999999998 
489 190 14.01 
489 212 17.009999999999998 
489 249 9.01 
489 272 13.01 
489 323 22.009999999999998 
489 482 52.01 
489 487 99.00999999999999 
489 491 78.00999999999999 
489 496 34.01 
4 56 0.01 
4 88 0.01 
4 190 0.01 
4 247 2.01 
4 277 2.01 
4 328 0.01 
4 377 0.01 
4 412 1.01 
4 439 5.01 
4 460 13.01 
4 467 7.01 
4 495 12.01 
56 236 0.01 
56 270 0.01 
56 304 1.01 
56 381 2.01 
56 401 2.01 
56 417 2.01 
56 439 4.01 
56 444 4.01 
56 484 5.01 
56 494 7.01 
56 495 5.01 
56 499 7.01 
88 108 0.01 
88 209 5.01 
88 285 0.01 
88 298 9.01 
88 332 0.01 
88 383 5.01 
88 405 3.01 
88 411 1.01 
88 412 0.01 
88 460 2.01 
88 494 7.01 
88 495 4.01 
190 82 1.01 
190 96 1.01 
190 282 0.01 
190 415 10.01 
190 447 2.01 
190 463 3.01 
190 476 8.01 
190 477 11.01 
190 479 6.01 
190 487 11.01 
190 489 52.01 
190 492 21.009999999999998 
247 78 0.01 
247 255 0.01 
247 288 1.01 
247 298 0.01 
247 356 0.01 
247 385 1.01 
247 426 1.01 
247 467 7.01 
247 476 0.01 
247 484 3.01 
247 489 2.01 
247 490 7.01 
277 88 1.01 
277 102 1.01 
277 165 1.01 
277 185 1.01 
277 337 5.01 
277 377 7.01 
277 379 13.01 
277 381 3.01 
277 407 3.01 
277 426 2.01 
277 468 0.01 
277 495 14.01 
328 27 0.01 
328 158 3.01 
328 236 4.01 
328 306 1.01 
328 369 1.01 
328 384 3.01 
328 389 1.01 
328 392 4.01 
328 407 7.01 
328 439 5.01 
328 444 7.01 
328 495 14.01 
377 37 1.01 
377 137 0.01 
377 209 1.01 
377 235 2.01 
377 277 6.01 
377 348 4.01 
377 372 3.01 
377 381 1.01 
377 412 2.01 
377 444 5.01 
377 493 9.01 
377 494 12.01 
412 11 0.01 
412 56 4.01 
412 177 0.01 
412 389 5.01 
412 392 3.01 
412 398 9.01 
412 401 5.01 
412 411 2.01 
412 428 3.01 
412 439 14.01 
412 484 11.01 
412 490 18.009999999999998 
439 26 0.01 
439 108 1.01 
439 180 4.01 
439 273 8.01 
439 277 5.01 
439 279 4.01 
439 306 4.01 
439 398 8.01 
439 417 12.01 
439 444 10.01 
439 461 7.01 
460 4 9.01 
460 37 2.01 
460 304 13.01 
460 381 17.009999999999998 
460 405 10.01 
460 449 4.01 
460 451 10.01 
460 474 49.01 
460 477 8.01 
460 490 39.01 
460 495 43.01 
467 156 16.009999999999998 
467 275 13.01 
467 317 20.009999999999998 
467 337 6.01 
467 356 9.01 
467 417 13.01 
467 433 6.01 
467 434 14.01 
467 439 25.009999999999998 
467 495 58.01 
467 497 20.009999999999998 
495 17 10.01 
495 216 28.009999999999998 
495 230 39.01 
495 273 27.009999999999998 
495 275 32.01 
495 287 11.01 
495 337 26.009999999999998 
495 372 37.01 
495 398 18.009999999999998 
495 457 31.009999999999998 
495 490 86.00999999999999 
5 1 3.01 
5 19 3.01 
5 98 0.01 
5 171 1.01 
5 263 0.01 
5 403 2.01 
5 409 1.01 
5 410 21.009999999999998 
5 470 6.01 
5 496 9.01 
5 499 23.009999999999998 
5 500 18.009999999999998 
19 115 2.01 
19 116 0.01 
19 179 1.01 
19 229 0.01 
19 367 2.01 
19 385 4.01 
19 391 1.01 
19 406 1.01 
19 473 25.009999999999998 
19 475 10.01 
19 499 18.009999999999998 
19 500 21.009999999999998 
98 233 5.01 
98 380 1.01 
98 396 0.01 
98 423 0.01 
98 456 1.01 
98 468 3.01 
98 473 3.01 
98 478 1.01 
98 496 2.01 
98 497 5.01 
98 499 7.01 
98 500 7.01 
171 54 1.01 
171 86 0.01 
171 121 0.01 
171 278 0.01 
171 329 7.01 
171 406 2.01 
171 442 3.01 
171 454 8.01 
171 470 13.01 
171 497 8.01 
171 499 30.009999999999998 
171 500 22.009999999999998 
263 7 1.01 
263 77 1.01 
263 241 2.01 
263 280 2.01 
263 368 1.01 
263 375 1.01 
263 406 2.01 
263 418 0.01 
263 421 1.01 
263 478 4.01 
263 494 2.01 
263 500 9.01 
403 107 6.01 
403 140 0.01 
403 268 7.01 
403 316 7.01 
403 320 3.01 
403 333 7.01 
403 343 8.01 
403 375 2.01 
403 435 45.01 
403 441 13.01 
403 472 13.01 
403 498 44.01 
409 74 5.01 
409 188 5.01 
409 241 5.01 
409 290 8.01 
409 329 5.01 
409 340 4.01 
409 371 9.01 
409 495 13.01 
409 497 51.01 
409 498 26.009999999999998 
409 499 150.01 
409 500 76.00999999999999 
410 5 4.01 
410 265 2.01 
410 334 26.009999999999998 
410 354 5.01 
410 431 11.01 
410 438 25.009999999999998 
410 469 8.01 
410 485 13.01 
410 496 34.01 
410 497 33.01 
410 499 54.01 
410 500 86.00999999999999 
470 46 9.01 
470 73 12.01 
470 188 9.01 
470 334 9.01 
470 459 49.01 
470 471 38.01 
470 478 28.009999999999998 
470 479 34.01 
470 492 20.009999999999998 
470 499 105.00999999999999 
470 500 114.00999999999999 
6 93 1.01 
6 111 0.01 
6 228 1.01 
6 240 0.01 
6 243 0.01 
6 330 2.01 
6 394 13.01 
6 447 3.01 
6 452 1.01 
6 482 6.01 
6 483 12.01 
6 489 7.01 
93 250 1.01 
93 298 0.01 
93 335 0.01 
93 344 1.01 
93 345 1.01 
93 359 3.01 
93 376 0.01 
93 386 0.01 
93 429 9.01 
93 465 2.01 
93 476 3.01 
93 492 5.01 
111 80 1.01 
111 313 5.01 
111 352 3.01 
111 382 0.01 
111 394 4.01 
111 429 1.01 
111 451 0.01 
111 476 2.01 
111 482 5.01 
111 487 7.01 
111 489 6.01 
111 491 8.01 
228 22 0.01 
228 68 0.01 
228 142 2.01 
228 262 0.01 
228 299 0.01 
228 344 0.01 
228 376 1.01 
228 465 2.01 
228 469 6.01 
228 487 10.01 
228 491 3.01 
228 492 14.01 
240 19 2.01 
240 204 0.01 
240 271 1.01 
240 296 3.01 
240 418 1.01 
240 454 8.01 
240 462 10.01 
240 473 6.01 
240 478 5.01 
240 497 24.009999999999998 
240 499 35.01 
240 500 31.009999999999998 
243 25 0.01 
243 40 0.01 
243 56 1.01 
243 169 0.01 
243 197 0.01 
243 208 0.01 
243 270 2.01 
243 411 1.01 
243 460 6.01 
243 474 4.01 
243 490 9.01 
243 494 13.01 
330 93 0.01 
330 249 2.01 
330 286 0.01 
330 291 2.01 
330 388 6.01 
330 433 7.01 
330 447 24.009999999999998 
330 464 9.01 
330 483 11.01 
330 489 18.009999999999998 
330 491 20.009999999999998 
330 492 20.009999999999998 
394 6 5.01 
394 63 6.01 
394 107 1.01 
394 138 2.01 
394 222 10.01 
394 355 3.01 
394 400 3.01 
394 424 7.01 
394 477 15.01 
394 482 12.01 
394 489 18.009999999999998 
394 491 17.009999999999998 
447 16 10.01 
447 139 2.01 
447 141 4.01 
447 146 6.01 
447 232 4.01 
447 314 7.01 
447 330 12.01 
447 424 29.009999999999998 
447 425 11.01 
447 439 7.01 
447 487 35.01 
482 142 17.009999999999998 
482 264 6.01 
482 308 6.01 
482 376 13.01 
482 408 23.009999999999998 
482 410 4.01 
482 455 39.01 
482 477 67.00999999999999 
482 483 60.01 
482 487 130.01 
482 492 113.00999999999999 
7 10 2.01 
7 179 4.01 
7 240 3.01 
7 285 2.01 
7 334 1.01 
7 375 4.01 
7 440 2.01 
7 445 4.01 
7 496 7.01 
7 497 15.01 
7 499 17.009999999999998 
7 500 21.009999999999998 
10 38 1.01 
10 366 3.01 
10 390 2.01 
10 395 1.01 
10 431 5.01 
10 454 1.01 
10 462 7.01 
10 468 3.01 
10 470 11.01 
10 496 7.01 
10 499 15.01 
10 500 15.01 
179 59 0.01 
179 74 1.01 
179 271 1.01 
179 340 1.01 
179 396 1.01 
179 421 1.01 
179 453 4.01 
179 462 9.01 
179 478 4.01 
179 497 24.009999999999998 
179 499 10.01 
179 500 17.009999999999998 
285 24 2.01 
285 67 0.01 
285 91 1.01 
285 128 0.01 
285 370 2.01 
285 422 1.01 
285 468 3.01 
285 470 11.01 
285 475 15.01 
285 497 15.01 
285 499 25.009999999999998 
285 500 38.01 
334 33 2.01 
334 148 1.01 
334 205 4.01 
334 233 2.01 
334 410 12.01 
334 423 10.01 
334 475 15.01 
334 479 20.009999999999998 
334 496 19.009999999999998 
334 497 41.01 
334 499 55.01 
334 500 39.01 
375 60 0.01 
375 194 9.01 
375 199 2.01 
375 368 9.01 
375 378 10.01 
375 385 7.01 
375 397 4.01 
375 410 5.01 
375 459 8.01 
375 466 10.01 
375 475 11.01 
375 500 162.01 
440 91 7.01 
440 95 4.01 
440 431 11.01 
440 453 17.009999999999998 
440 456 24.009999999999998 
440 470 19.009999999999998 
440 473 18.009999999999998 
440 479 23.009999999999998 
440 496 45.01 
440 497 60.01 
440 500 59.01 
445 69 9.01 
445 231 3.01 
445 285 3.01 
445 396 7.01 
445 406 7.01 
445 422 18.009999999999998 
445 423 33.01 
445 440 11.01 
445 448 61.01 
445 471 25.009999999999998 
445 500 219.01 
8 146 1.01 
8 170 2.01 
8 364 4.01 
8 382 3.01 
8 384 1.01 
8 394 4.01 
8 419 0.01 
8 464 9.01 
8 482 15.01 
8 483 4.01 
8 489 13.01 
8 492 11.01 
146 28 0.01 
146 318 1.01 
146 345 1.01 
146 349 1.01 
146 359 3.01 
146 394 3.01 
146 429 1.01 
146 455 5.01 
146 482 7.01 
146 483 2.01 
146 487 6.01 
146 491 13.01 
170 90 0.01 
170 144 1.01 
170 242 0.01 
170 250 2.01 
170 295 0.01 
170 313 0.01 
170 344 1.01 
170 361 1.01 
170 400 2.01 
170 464 10.01 
170 477 5.01 
170 492 9.01 
364 58 5.01 
364 119 2.01 
364 212 3.01 
364 232 0.01 
364 249 4.01 
364 264 0.01 
364 382 14.01 
364 423 2.01 
364 425 6.01 
364 433 8.01 
364 455 6.01 
364 469 14.01 
382 139 2.01 
382 142 6.01 
382 282 6.01 
382 358 0.01 
382 364 14.01 
382 394 8.01 
382 416 14.01 
382 429 6.01 
382 483 18.009999999999998 
382 487 25.009999999999998 
382 489 13.01 
382 491 68.00999999999999 
384 203 4.01 
384 272 2.01 
384 364 5.01 
384 415 6.01 
384 433 6.01 
384 443 3.01 
384 465 3.01 
384 469 9.01 
384 482 18.009999999999998 
384 487 19.009999999999998 
384 492 22.009999999999998 
384 498 13.01 
419 35 2.01 
419 105 1.01 
419 224 1.01 
419 271 4.01 
419 290 5.01 
419 305 6.01 
419 398 0.01 
419 448 13.01 
419 478 14.01 
419 497 41.01 
419 499 44.01 
419 500 50.01 
464 2 2.01 
464 68 10.01 
464 345 6.01 
464 382 13.01 
464 388 8.01 
464 447 19.009999999999998 
464 452 18.009999999999998 
464 453 10.01 
464 483 85.00999999999999 
464 491 65.00999999999999 
464 492 92.00999999999999 
492 49 9.01 
492 58 13.01 
492 318 26.009999999999998 
492 352 15.01 
492 359 13.01 
492 386 22.009999999999998 
492 433 38.01 
492 464 60.01 
492 482 100.00999999999999 
492 489 90.00999999999999 
492 498 62.01 
9 106 1.01 
9 172 2.01 
9 293 3.01 
9 339 5.01 
9 360 11.01 
9 374 8.01 
9 397 0.01 
9 436 3.01 
9 446 10.01 
9 458 12.01 
9 488 14.01 
9 498 34.01 
106 51 0.01 
106 196 0.01 
106 202 0.01 
106 226 1.01 
106 301 3.01 
106 307 0.01 
106 347 0.01 
106 413 5.01 
106 432 1.01 
106 437 3.01 
106 485 9.01 
106 499 5.01 
172 132 2.01 
172 195 0.01 
172 226 0.01 
172 315 3.01 
172 320 3.01 
172 339 1.01 
172 357 1.01 
172 363 2.01 
172 403 0.01 
172 486 8.01 
172 488 5.01 
172 498 16.009999999999998 
293 176 1.01 
293 261 2.01 
293 309 7.01 
293 414 7.01 
293 436 9.01 
293 437 10.01 
293 450 14.01 
293 461 29.009999999999998 
293 463 12.01 
293 488 24.009999999999998 
293 498 123.00999999999999 
293 500 21.009999999999998 
339 164 0.01 
339 176 1.01 
339 238 2.01 
339 302 0.01 
339 311 1.01 
339 363 18.009999999999998 
339 449 5.01 
339 468 7.01 
339 485 15.01 
339 486 10.01 
339 488 22.009999999999998 
339 493 23.009999999999998 
360 92 1.01 
360 251 1.01 
360 260 2.01 
360 333 6.01 
360 353 7.01 
360 414 12.01 
360 458 49.01 
360 463 12.01 
360 483 8.01 
360 486 24.009999999999998 
360 493 26.009999999999998 
360 498 48.01 
374 143 0.01 
374 160 1.01 
374 268 4.01 
374 338 1.01 
374 344 4.01 
374 403 8.01 
374 445 11.01 
374 450 17.009999999999998 
374 458 16.009999999999998 
374 463 13.01 
374 486 29.009999999999998 
374 498 118.00999999999999 
397 5 2.01 
397 83 1.01 
397 239 2.01 
397 357 5.01 
397 366 4.01 
397 370 2.01 
397 420 2.01 
397 457 7.01 
397 478 16.009999999999998 
397 497 23.009999999999998 
397 499 36.01 
397 500 43.01 
436 80 0.01 
436 134 2.01 
436 225 13.01 
436 257 4.01 
436 303 23.009999999999998 
436 307 10.01 
436 319 14.01 
436 395 3.01 
436 432 14.01 
436 437 16.009999999999998 
436 493 41.01 
446 30 2.01 
446 42 2.01 
446 154 4.01 
446 172 3.01 
446 191 4.01 
446 403 5.01 
446 435 8.01 
446 443 10.01 
446 481 30.009999999999998 
446 488 37.01 
446 493 31.009999999999998 
458 39 9.01 
458 173 4.01 
458 189 5.01 
458 234 7.01 
458 333 23.009999999999998 
458 360 19.009999999999998 
458 450 28.009999999999998 
458 463 28.009999999999998 
458 464 11.01 
458 472 27.009999999999998 
458 493 117.00999999999999 
488 148 4.01 
488 225 16.009999999999998 
488 374 22.009999999999998 
488 414 15.01 
488 427 38.01 
488 432 30.009999999999998 
488 435 24.009999999999998 
488 436 34.01 
488 480 30.009999999999998 
488 486 125.00999999999999 
488 493 86.00999999999999 
498 17 23.009999999999998 
498 39 26.009999999999998 
498 293 32.01 
498 303 33.01 
498 309 29.009999999999998 
498 317 9.01 
498 374 48.01 
498 413 40.01 
498 441 80.00999999999999 
498 461 50.01 
498 463 100.00999999999999 
38 46 3.01 
38 90 0.01 
38 118 2.01 
38 267 1.01 
38 322 2.01 
38 334 2.01 
38 438 2.01 
38 466 4.01 
38 484 7.01 
38 497 27.009999999999998 
38 499 21.009999999999998 
38 500 29.009999999999998 
366 223 3.01 
366 265 0.01 
366 324 9.01 
366 346 7.01 
366 354 4.01 
366 391 6.01 
366 456 16.009999999999998 
366 468 19.009999999999998 
366 475 15.01 
366 479 9.01 
366 499 137.01 
366 500 48.01 
390 101 11.01 
390 237 0.01 
390 284 1.01 
390 321 4.01 
390 438 3.01 
390 459 5.01 
390 473 14.01 
390 478 17.009999999999998 
390 491 7.01 
390 492 11.01 
390 496 35.01 
390 500 45.01 
395 46 2.01 
395 75 4.01 
395 161 3.01 
395 338 1.01 
395 362 17.009999999999998 
395 413 10.01 
395 450 14.01 
395 461 12.01 
395 485 26.009999999999998 
395 486 12.01 
395 488 25.009999999999998 
395 493 22.009999999999998 
431 205 4.01 
431 213 7.01 
431 224 1.01 
431 380 12.01 
431 396 11.01 
431 418 11.01 
431 435 5.01 
431 454 12.01 
431 468 14.01 
431 471 18.009999999999998 
431 491 9.01 
431 500 180.01 
454 38 8.01 
454 83 0.01 
454 210 2.01 
454 259 6.01 
454 283 4.01 
454 407 4.01 
454 442 5.01 
454 468 11.01 
454 473 13.01 
454 479 36.01 
454 500 69.00999999999999 
468 41 15.01 
468 50 2.01 
468 365 14.01 
468 397 12.01 
468 427 9.01 
468 440 21.009999999999998 
468 462 25.009999999999998 
468 473 19.009999999999998 
468 475 26.009999999999998 
468 499 88.00999999999999 
468 500 125.00999999999999 
11 77 0.01 
11 224 1.01 
11 346 0.01 
11 419 0.01 
11 442 3.01 
11 478 4.01 
11 479 3.01 
11 485 1.01 
11 496 9.01 
11 497 12.01 
11 499 7.01 
11 500 13.01 
77 7 1.01 
77 81 0.01 
77 147 0.01 
77 182 0.01 
77 267 0.01 
77 312 1.01 
77 391 0.01 
77 470 3.01 
77 480 1.01 
77 496 18.009999999999998 
77 499 22.009999999999998 
77 500 14.01 
224 87 0.01 
224 213 2.01 
224 246 0.01 
224 409 2.01 
224 410 4.01 
224 432 2.01 
224 468 2.01 
224 471 6.01 
224 473 9.01 
224 479 9.01 
224 496 19.009999999999998 
224 500 34.01 
346 166 0.01 
346 378 13.01 
346 393 7.01 
346 422 1.01 
346 447 2.01 
346 468 8.01 
346 473 7.01 
346 475 13.01 
346 496 16.009999999999998 
346 497 21.009999999999998 
346 499 36.01 
346 500 32.01 
442 54 0.01 
442 70 0.01 
442 94 1.01 
442 148 6.01 
442 291 1.01 
442 321 4.01 
442 358 5.01 
442 387 6.01 
442 409 5.01 
442 466 15.01 
442 500 55.01 
478 10 1.01 
478 32 7.01 
478 38 9.01 
478 129 1.01 
478 378 9.01 
478 420 3.01 
478 453 22.009999999999998 
478 462 17.009999999999998 
478 497 157.01 
478 499 113.00999999999999 
478 500 108.00999999999999 
479 59 3.01 
479 130 11.01 
479 171 3.01 
479 173 4.01 
479 240 7.01 
479 396 35.01 
479 418 15.01 
479 431 30.009999999999998 
479 456 46.01 
479 497 109.00999999999999 
479 500 153.01 
485 43 10.01 
485 301 8.01 
485 307 8.01 
485 404 15.01 
485 450 46.01 
485 463 45.01 
485 469 23.009999999999998 
485 472 46.01 
485 486 65.00999999999999 
485 493 89.00999999999999 
485 498 107.00999999999999 
12 39 1.01 
12 134 1.01 
12 299 2.01 
12 315 1.01 
12 326 0.01 
12 351 1.01 
12 383 0.01 
12 395 3.01 
12 403 0.01 
12 414 3.01 
12 437 3.01 
12 450 5.01 
39 85 6.01 
39 268 4.01 
39 293 4.01 
39 362 6.01 
39 404 6.01 
39 437 6.01 
39 446 2.01 
39 449 6.01 
39 485 13.01 
39 486 20.009999999999998 
39 498 109.00999999999999 
39 500 23.009999999999998 
134 30 0.01 
134 164 1.01 
134 248 1.01 
134 257 0.01 
134 299 1.01 
134 309 2.01 
134 430 1.01 
134 480 7.01 
134 481 5.01 
134 488 13.01 
134 490 0.01 
134 498 7.01 
299 31 2.01 
299 143 0.01 
299 145 0.01 
299 251 4.01 
299 254 0.01 
299 261 4.01 
299 336 1.01 
299 338 2.01 
299 437 4.01 
299 450 10.01 
299 458 11.01 
299 499 12.01 
315 31 0.01 
315 100 0.01 
315 176 3.01 
315 391 0.01 
315 414 3.01 
315 441 13.01 
315 458 5.01 
315 485 2.01 
315 486 16.009999999999998 
315 488 13.01 
315 493 8.01 
315 498 13.01 
326 28 2.01 
326 113 2.01 
326 131 1.01 
326 183 0.01 
326 287 3.01 
326 310 2.01 
326 372 1.01 
326 439 6.01 
326 473 3.01 
326 484 2.01 
326 490 12.01 
326 495 17.009999999999998 
351 80 4.01 
351 153 6.01 
351 268 2.01 
351 301 16.009999999999998 
351 315 3.01 
351 403 1.01 
351 444 2.01 
351 449 6.01 
351 450 13.01 
351 480 17.009999999999998 
351 485 19.009999999999998 
351 486 54.01 
383 15 1.01 
383 23 2.01 
383 219 3.01 
383 277 4.01 
383 325 12.01 
383 356 2.01 
383 381 8.01 
383 444 4.01 
383 451 16.009999999999998 
383 484 17.009999999999998 
383 490 55.01 
383 494 35.01 
414 106 1.01 
414 211 4.01 
414 257 5.01 
414 260 5.01 
414 281 2.01 
414 333 2.01 
414 341 3.01 
414 350 3.01 
414 440 3.01 
414 446 14.01 
414 480 9.01 
414 486 20.009999999999998 
437 114 2.01 
437 174 3.01 
437 191 2.01 
437 195 5.01 
437 225 20.009999999999998 
437 292 4.01 
437 351 3.01 
437 403 10.01 
437 442 4.01 
437 481 22.009999999999998 
437 488 45.01 
450 145 7.01 
450 289 10.01 
450 441 36.01 
450 472 21.009999999999998 
450 480 68.00999999999999 
450 481 52.01 
450 486 91.00999999999999 
450 488 67.00999999999999 
450 493 51.01 
450 495 10.01 
450 498 79.00999999999999 
13 43 0.01 
13 306 1.01 
13 317 2.01 
13 321 0.01 
13 336 1.01 
13 381 6.01 
13 389 2.01 
13 444 3.01 
13 451 0.01 
13 460 2.01 
13 484 6.01 
13 495 5.01 
43 114 1.01 
43 175 4.01 
43 195 2.01 
43 225 5.01 
43 303 1.01 
43 411 1.01 
43 427 7.01 
43 430 10.01 
43 436 3.01 
43 449 4.01 
43 480 12.01 
43 498 29.009999999999998 
306 62 0.01 
306 78 0.01 
306 331 3.01 
306 348 1.01 
306 383 5.01 
306 412 1.01 
306 426 5.01 
306 428 2.01 
306 484 4.01 
306 490 5.01 
306 494 20.009999999999998 
306 500 14.01 
317 45 3.01 
317 208 2.01 
317 229 2.01 
317 274 4.01 
317 325 5.01 
317 379 6.01 
317 407 5.01 
317 412 0.01 
317 426 2.01 
317 467 24.009999999999998 
317 484 15.01 
317 490 16.009999999999998 
321 61 3.01 
321 193 1.01 
321 217 3.01 
321 290 2.01 
321 353 0.01 
321 354 3.01 
321 391 1.01 
321 421 4.01 
321 454 4.01 
321 459 7.01 
321 478 3.01 
321 483 9.01 
336 57 2.01 
336 123 4.01 
336 143 2.01 
336 251 3.01 
336 320 0.01 
336 353 5.01 
336 403 9.01 
336 404 2.01 
336 426 2.01 
336 432 2.01 
336 450 6.01 
336 488 11.01 
381 28 1.01 
381 169 2.01 
381 306 1.01 
381 337 2.01 
381 404 3.01 
381 411 5.01 
381 451 6.01 
381 457 6.01 
381 460 17.009999999999998 
381 484 11.01 
381 490 13.01 
381 495 24.009999999999998 
389 44 3.01 
389 162 1.01 
389 266 1.01 
389 275 2.01 
389 304 1.01 
389 392 3.01 
389 412 6.01 
389 415 0.01 
389 457 12.01 
389 467 7.01 
389 474 4.01 
389 495 25.009999999999998 
444 27 4.01 
444 62 0.01 
444 78 3.01 
444 158 1.01 
444 310 5.01 
444 412 7.01 
444 457 24.009999999999998 
444 459 6.01 
444 474 20.009999999999998 
444 492 6.01 
444 494 29.009999999999998 
451 137 5.01 
451 230 12.01 
451 243 0.01 
451 379 4.01 
451 392 4.01 
451 407 12.01 
451 428 8.01 
451 467 14.01 
451 483 9.01 
451 490 29.009999999999998 
451 494 74.00999999999999 
484 158 11.01 
484 169 8.01 
484 337 17.009999999999998 
484 396 6.01 
484 401 17.009999999999998 
484 411 20.009999999999998 
484 417 14.01 
484 457 32.01 
484 460 14.01 
484 467 22.009999999999998 
484 494 64.00999999999999 
14 30 0.01 
14 93 2.01 
14 141 0.01 
14 252 2.01 
14 278 0.01 
14 331 0.01 
14 355 0.01 
14 416 4.01 
14 455 5.01 
14 483 1.01 
14 491 3.01 
14 492 6.01 
30 253 0.01 
30 315 0.01 
30 320 1.01 
30 325 0.01 
30 339 1.01 
30 414 3.01 
30 435 3.01 
30 443 3.01 
30 449 0.01 
30 460 1.01 
30 463 4.01 
30 486 5.01 
252 2 3.01 
252 97 2.01 
252 278 11.01 
252 295 2.01 
252 359 1.01 
252 376 1.01 
252 447 2.01 
252 476 2.01 
252 477 6.01 
252 487 11.01 
252 491 4.01 
252 492 7.01 
278 252 6.01 
278 288 2.01 
278 308 5.01 
278 314 2.01 
278 369 4.01 
278 415 2.01 
278 447 10.01 
278 452 2.01 
278 476 5.01 
278 483 16.009999999999998 
278 487 10.01 
278 492 21.009999999999998 
331 137 2.01 
331 209 2.01 
331 274 1.01 
331 327 1.01 
331 379 2.01 
331 389 2.01 
331 413 0.01 
331 434 2.01 
331 444 4.01 
331 474 6.01 
331 494 19.009999999999998 
331 495 10.01 
355 6 0.01 
355 8 0.01 
355 79 0.01 
355 146 0.01 
355 269 3.01 
355 278 2.01 
355 344 3.01 
355 452 2.01 
355 455 3.01 
355 467 1.01 
355 469 5.01 
355 491 8.01 
416 16 2.01 
416 66 3.01 
416 262 1.01 
416 278 5.01 
416 345 7.01 
416 433 14.01 
416 447 8.01 
416 452 9.01 
416 455 17.009999999999998 
416 482 20.009999999999998 
416 487 29.009999999999998 
416 495 9.01 
455 66 3.01 
455 122 8.01 
455 203 4.01 
455 291 7.01 
455 429 7.01 
455 433 35.01 
455 446 2.01 
455 447 18.009999999999998 
455 464 33.01 
455 482 69.00999999999999 
455 483 49.01 
15 193 1.01 
15 365 0.01 
15 406 1.01 
15 409 5.01 
15 418 5.01 
15 440 5.01 
15 442 0.01 
15 443 2.01 
15 473 12.01 
15 479 8.01 
15 496 82.00999999999999 
15 499 27.009999999999998 
193 130 0.01 
193 166 0.01 
193 246 1.01 
193 256 0.01 
193 367 1.01 
193 393 5.01 
193 454 3.01 
193 471 5.01 
193 479 9.01 
193 480 2.01 
193 499 13.01 
193 500 18.009999999999998 
418 50 2.01 
418 118 0.01 
418 148 6.01 
418 181 10.01 
418 285 0.01 
418 380 2.01 
418 387 8.01 
418 438 5.01 
418 481 9.01 
418 497 25.009999999999998 
418 499 55.01 
418 500 57.01 
443 9 5.01 
443 106 1.01 
443 110 2.01 
443 153 7.01 
443 202 3.01 
443 309 19.009999999999998 
443 343 6.01 
443 399 2.01 
443 454 5.01 
443 493 34.01 
443 498 61.01 
473 19 12.01 
473 74 12.01 
473 296 7.01 
473 312 5.01 
473 380 12.01 
473 456 14.01 
473 470 20.009999999999998 
473 496 140.01 
473 497 74.00999999999999 
473 499 72.00999999999999 
473 500 101.00999999999999 
16 295 1.01 
16 355 1.01 
16 369 1.01 
16 424 2.01 
16 429 3.01 
16 447 20.009999999999998 
16 452 0.01 
16 466 1.01 
16 477 4.01 
16 482 8.01 
16 489 7.01 
16 491 6.01 
295 71 0.01 
295 192 4.01 
295 242 1.01 
295 245 1.01 
295 373 0.01 
295 400 2.01 
295 464 2.01 
295 469 5.01 
295 476 3.01 
295 482 5.01 
295 491 7.01 
295 492 12.01 
424 103 4.01 
424 151 3.01 
424 242 5.01 
424 416 13.01 
424 447 28.009999999999998 
424 452 20.009999999999998 
424 469 19.009999999999998 
424 476 17.009999999999998 
424 483 27.009999999999998 
424 487 31.009999999999998 
424 491 56.01 
424 492 56.01 
429 71 2.01 
429 82 2.01 
429 93 3.01 
429 141 7.01 
429 178 6.01 
429 192 4.01 
429 242 1.01 
429 256 0.01 
429 278 6.01 
429 361 3.01 
429 465 5.01 
429 489 17.009999999999998 
466 181 0.01 
466 213 7.01 
466 329 3.01 
466 365 15.01 
466 387 17.009999999999998 
466 459 9.01 
466 490 13.01 
466 496 37.01 
466 497 44.01 
466 499 65.00999999999999 
466 500 87.00999999999999 
477 20 10.01 
477 58 7.01 
477 127 2.01 
477 155 3.01 
477 192 2.01 
477 300 2.01 
477 415 8.01 
477 482 80.00999999999999 
477 483 93.00999999999999 
477 489 57.01 
477 491 52.01 
17 72 0.01 
17 123 0.01 
17 305 2.01 
17 307 6.01 
17 353 1.01 
17 427 12.01 
17 441 7.01 
17 458 6.01 
17 472 18.009999999999998 
17 486 25.009999999999998 
17 493 23.009999999999998 
17 498 101.00999999999999 
72 241 2.01 
72 281 0.01 
72 302 2.01 
72 303 3.01 
72 347 0.01 
72 350 1.01 
72 430 4.01 
72 458 9.01 
72 463 7.01 
72 488 9.01 
72 493 16.009999999999998 
72 498 19.009999999999998 
123 76 0.01 
123 100 0.01 
123 154 1.01 
123 261 0.01 
123 276 6.01 
123 320 1.01 
123 336 8.01 
123 378 0.01 
123 403 2.01 
123 446 0.01 
123 486 7.01 
123 498 18.009999999999998 
305 204 2.01 
305 217 4.01 
305 244 2.01 
305 410 4.01 
305 429 2.01 
305 438 5.01 
305 440 8.01 
305 470 7.01 
305 479 16.009999999999998 
305 497 27.009999999999998 
305 499 23.009999999999998 
305 500 49.01 
307 196 2.01 
307 248 2.01 
307 292 2.01 
307 336 1.01 
307 374 5.01 
307 414 5.01 
307 441 9.01 
307 458 20.009999999999998 
307 467 7.01 
307 481 16.009999999999998 
307 493 23.009999999999998 
307 498 31.009999999999998 
353 65 11.01 
353 172 1.01 
353 174 3.01 
353 245 1.01 
353 309 5.01 
353 399 7.01 
353 458 9.01 
353 471 2.01 
353 472 9.01 
353 481 13.01 
353 493 24.009999999999998 
353 498 29.009999999999998 
427 123 2.01 
427 133 3.01 
427 198 2.01 
427 201 3.01 
427 289 10.01 
427 315 5.01 
427 353 8.01 
427 362 12.01 
427 458 23.009999999999998 
427 463 24.009999999999998 
427 486 73.00999999999999 
427 489 15.01 
441 43 7.01 
441 57 3.01 
441 85 10.01 
441 114 4.01 
441 253 7.01 
441 311 5.01 
441 334 3.01 
441 339 3.01 
441 461 28.009999999999998 
441 485 49.01 
441 498 147.01 
472 43 8.01 
472 234 6.01 
472 290 1.01 
472 362 11.01 
472 363 21.009999999999998 
472 437 14.01 
472 443 7.01 
472 463 28.009999999999998 
472 485 78.00999999999999 
472 493 64.00999999999999 
472 498 75.00999999999999 
486 57 11.01 
486 100 2.01 
486 268 15.01 
486 343 17.009999999999998 
486 351 26.009999999999998 
486 427 60.01 
486 430 25.009999999999998 
486 450 83.00999999999999 
486 474 17.009999999999998 
486 488 143.01 
486 498 118.00999999999999 
493 9 7.01 
493 65 9.01 
493 97 12.01 
493 260 6.01 
493 316 17.009999999999998 
493 394 3.01 
493 413 21.009999999999998 
493 430 27.009999999999998 
493 458 110.00999999999999 
493 481 103.00999999999999 
493 486 79.00999999999999 
18 61 1.01 
18 86 1.01 
18 91 1.01 
18 305 0.01 
18 366 8.01 
18 453 4.01 
18 456 5.01 
18 475 9.01 
18 487 1.01 
18 497 20.009999999999998 
18 499 28.009999999999998 
18 500 29.009999999999998 
61 148 1.01 
61 229 0.01 
61 286 1.01 
61 406 1.01 
61 445 1.01 
61 459 4.01 
61 466 6.01 
61 471 10.01 
61 475 6.01 
61 496 7.01 
61 497 26.009999999999998 
61 500 22.009999999999998 
86 4 0.01 
86 155 0.01 
86 241 0.01 
86 265 1.01 
86 286 2.01 
86 387 6.01 
86 396 1.01 
86 466 6.01 
86 473 0.01 
86 496 3.01 
86 499 8.01 
86 500 11.01 
91 32 2.01 
91 157 2.01 
91 181 2.01 
91 186 3.01 
91 322 1.01 
91 409 5.01 
91 420 10.01 
91 444 2.01 
91 462 9.01 
91 497 24.009999999999998 
91 499 112.00999999999999 
91 500 46.01 
453 29 1.01 
453 128 3.01 
453 201 3.01 
453 258 2.01 
453 312 3.01 
453 366 9.01 
453 410 8.01 
453 420 4.01 
453 470 28.009999999999998 
453 477 15.01 
453 500 62.01 
456 24 2.01 
456 46 2.01 
456 188 6.01 
456 319 7.01 
456 358 7.01 
456 419 7.01 
456 442 14.01 
456 466 20.009999999999998 
456 470 24.009999999999998 
456 499 169.01 
456 500 127.00999999999999 
115 252 1.01 
115 318 5.01 
115 355 3.01 
115 369 0.01 
115 388 5.01 
115 425 3.01 
115 465 6.01 
115 469 6.01 
115 477 12.01 
115 483 13.01 
115 487 9.01 
115 491 6.01 
116 87 0.01 
116 130 1.01 
116 210 1.01 
116 263 2.01 
116 354 1.01 
116 462 5.01 
116 471 1.01 
116 474 2.01 
116 475 2.01 
116 478 2.01 
116 497 9.01 
116 500 7.01 
229 24 0.01 
229 29 0.01 
229 265 2.01 
229 276 0.01 
229 396 1.01 
229 409 5.01 
229 454 2.01 
229 478 2.01 
229 479 8.01 
229 496 12.01 
229 499 10.01 
229 500 14.01 
367 61 1.01 
367 171 3.01 
367 256 1.01 
367 305 3.01 
367 375 7.01 
367 409 8.01 
367 431 3.01 
367 440 3.01 
367 448 4.01 
367 453 3.01 
367 499 13.01 
367 500 30.009999999999998 
385 5 2.01 
385 70 3.01 
385 205 0.01 
385 368 10.01 
385 371 7.01 
385 410 11.01 
385 421 19.009999999999998 
385 459 11.01 
385 475 19.009999999999998 
385 496 26.009999999999998 
385 499 150.01 
385 500 79.00999999999999 
391 124 1.01 
391 194 4.01 
391 204 2.01 
391 233 1.01 
391 257 1.01 
391 402 3.01 
391 409 2.01 
391 454 5.01 
391 456 9.01 
391 497 23.009999999999998 
391 498 6.01 
391 500 24.009999999999998 
20 34 0.01 
20 84 0.01 
20 122 2.01 
20 238 0.01 
20 269 1.01 
20 318 2.01 
20 330 1.01 
20 369 4.01 
20 416 3.01 
20 482 17.009999999999998 
20 491 52.01 
20 492 19.009999999999998 
34 45 0.01 
34 115 0.01 
34 144 1.01 
34 388 2.01 
34 433 5.01 
34 447 2.01 
34 452 0.01 
34 469 8.01 
34 477 6.01 
34 489 10.01 
34 491 7.01 
34 492 4.01 
84 232 1.01 
84 250 0.01 
84 318 8.01 
84 330 2.01 
84 425 4.01 
84 429 1.01 
84 465 3.01 
84 469 4.01 
84 487 9.01 
84 488 2.01 
84 489 12.01 
84 491 9.01 
122 300 2.01 
122 361 0.01 
122 364 3.01 
122 368 1.01 
122 384 2.01 
122 455 18.009999999999998 
122 469 7.01 
122 477 12.01 
122 482 12.01 
122 483 10.01 
122 487 10.01 
122 489 9.01 
238 17 3.01 
238 92 1.01 
238 174 1.01 
238 289 0.01 
238 307 1.01 
238 360 1.01 
238 406 0.01 
238 461 1.01 
238 472 9.01 
238 485 5.01 
238 486 8.01 
238 498 19.009999999999998 
269 8 3.01 
269 103 1.01 
269 139 1.01 
269 144 0.01 
269 232 4.01 
269 272 1.01 
269 313 1.01 
269 361 1.01 
269 429 3.01 
269 477 8.01 
269 489 4.01 
269 492 7.01 
318 21 2.01 
318 22 1.01 
318 84 7.01 
318 300 2.01 
318 314 3.01 
318 370 2.01 
318 376 5.01 
318 384 1.01 
318 447 9.01 
318 476 13.01 
318 489 20.009999999999998 
318 492 69.00999999999999 
21 66 3.01 
21 103 3.01 
21 300 4.01 
21 313 2.01 
21 323 1.01 
21 364 4.01 
21 382 7.01 
21 409 1.01 
21 452 5.01 
21 465 6.01 
21 476 5.01 
21 489 15.01 
66 93 2.01 
66 135 1.01 
66 155 0.01 
66 211 0.01 
66 349 2.01 
66 382 4.01 
66 386 3.01 
66 408 5.01 
66 424 12.01 
66 477 4.01 
66 482 9.01 
66 491 17.009999999999998 
103 84 2.01 
103 151 2.01 
103 262 2.01 
103 335 2.01 
103 355 3.01 
103 386 1.01 
103 425 6.01 
103 433 5.01 
103 465 4.01 
103 469 8.01 
103 483 5.01 
103 500 4.01 
300 36 1.01 
300 96 2.01 
300 101 0.01 
300 151 1.01 
300 228 3.01 
300 245 2.01 
300 262 2.01 
300 352 3.01 
300 384 3.01 
300 425 4.01 
300 489 12.01 
300 492 19.009999999999998 
313 63 0.01 
313 96 2.01 
313 111 2.01 
313 200 0.01 
313 301 0.01 
313 308 0.01 
313 384 1.01 
313 394 4.01 
313 482 5.01 
313 483 7.01 
313 489 3.01 
313 492 6.01 
22 34 2.01 
22 119 0.01 
22 167 2.01 
22 232 11.01 
22 308 1.01 
22 313 0.01 
22 314 1.01 
22 429 0.01 
22 455 2.01 
22 477 4.01 
22 491 8.01 
22 494 0.01 
119 82 1.01 
119 222 2.01 
119 264 0.01 
119 376 1.01 
119 386 2.01 
119 420 0.01 
119 482 4.01 
119 483 8.01 
119 487 7.01 
119 489 5.01 
119 491 0.01 
119 492 12.01 
167 68 2.01 
167 170 1.01 
167 359 2.01 
167 384 2.01 
167 388 5.01 
167 400 2.01 
167 455 5.01 
167 469 5.01 
167 477 14.01 
167 482 11.01 
167 490 9.01 
167 492 21.009999999999998 
232 3 1.01 
232 22 3.01 
232 71 1.01 
232 349 2.01 
232 355 0.01 
232 429 4.01 
232 433 3.01 
232 464 13.01 
232 465 5.01 
232 483 6.01 
232 489 5.01 
232 497 5.01 
314 71 2.01 
314 121 0.01 
314 167 3.01 
314 176 0.01 
314 192 0.01 
314 228 2.01 
314 250 4.01 
314 262 1.01 
314 408 7.01 
314 477 8.01 
314 487 14.01 
314 492 24.009999999999998 
494 136 20.009999999999998 
494 216 15.01 
494 220 9.01 
494 304 10.01 
494 325 18.009999999999998 
494 348 15.01 
494 373 16.009999999999998 
494 407 31.009999999999998 
494 439 34.01 
494 451 42.01 
494 485 26.009999999999998 
23 169 1.01 
23 195 0.01 
23 287 2.01 
23 331 1.01 
23 340 2.01 
23 407 3.01 
23 411 1.01 
23 439 5.01 
23 444 0.01 
23 484 6.01 
23 494 6.01 
23 495 19.009999999999998 
169 113 0.01 
169 227 0.01 
169 377 4.01 
169 389 3.01 
169 417 1.01 
169 421 0.01 
169 434 1.01 
169 445 4.01 
169 484 24.009999999999998 
169 490 10.01 
169 494 8.01 
169 495 12.01 
195 17 4.01 
195 52 0.01 
195 72 0.01 
195 254 3.01 
195 404 4.01 
195 414 5.01 
195 437 14.01 
195 481 4.01 
195 485 12.01 
195 486 4.01 
195 487 0.01 
195 498 9.01 
287 27 3.01 
287 108 2.01 
287 236 4.01 
287 328 3.01 
287 348 4.01 
287 379 6.01 
287 389 6.01 
287 392 6.01 
287 401 4.01 
287 418 0.01 
287 451 7.01 
287 467 13.01 
407 126 1.01 
407 356 1.01 
407 383 6.01 
407 387 6.01 
407 411 8.01 
407 426 10.01 
407 438 3.01 
407 457 26.009999999999998 
407 460 9.01 
407 484 21.009999999999998 
407 495 27.009999999999998 
407 496 18.009999999999998 
411 44 7.01 
411 183 0.01 
411 208 2.01 
411 287 3.01 
411 297 5.01 
411 317 12.01 
411 374 4.01 
411 426 3.01 
411 457 8.01 
411 458 2.01 
411 484 32.01 
411 494 30.009999999999998 
24 64 2.01 
24 157 1.01 
24 321 1.01 
24 365 8.01 
24 367 1.01 
24 375 5.01 
24 478 8.01 
24 488 6.01 
24 496 15.01 
24 497 16.009999999999998 
24 499 44.01 
24 500 30.009999999999998 
64 18 0.01 
64 48 1.01 
64 95 0.01 
64 127 0.01 
64 153 0.01 
64 271 3.01 
64 358 0.01 
64 418 3.01 
64 421 0.01 
64 448 2.01 
64 499 11.01 
64 500 9.01 
157 19 0.01 
157 129 0.01 
157 237 0.01 
157 283 0.01 
157 334 1.01 
157 365 2.01 
157 466 4.01 
157 475 6.01 
157 479 11.01 
157 497 13.01 
157 499 20.009999999999998 
157 500 30.009999999999998 
25 102 0.01 
25 131 0.01 
25 205 1.01 
25 215 1.01 
25 247 0.01 
25 277 1.01 
25 327 1.01 
25 444 0.01 
25 474 3.01 
25 494 6.01 
25 495 1.01 
25 498 3.01 
102 108 0.01 
102 298 0.01 
102 331 2.01 
102 398 1.01 
102 407 1.01 
102 416 2.01 
102 426 1.01 
102 438 0.01 
102 457 5.01 
102 472 2.01 
102 474 4.01 
102 494 3.01 
131 26 1.01 
131 45 1.01 
131 102 2.01 
131 324 1.01 
131 377 0.01 
131 392 0.01 
131 417 1.01 
131 439 5.01 
131 467 2.01 
131 486 2.01 
131 490 2.01 
131 495 0.01 
205 285 2.01 
205 340 0.01 
205 346 1.01 
205 354 4.01 
205 378 2.01 
205 416 1.01 
205 419 3.01 
205 438 4.01 
205 468 7.01 
205 497 12.01 
205 499 25.009999999999998 
205 500 28.009999999999998 
215 230 24.009999999999998 
215 310 2.01 
215 373 6.01 
215 428 5.01 
215 434 3.01 
215 439 4.01 
215 441 6.01 
215 460 6.01 
215 467 6.01 
215 484 4.01 
215 490 45.01 
215 495 22.009999999999998 
327 125 0.01 
327 135 1.01 
327 192 0.01 
327 325 5.01 
327 328 3.01 
327 337 5.01 
327 389 1.01 
327 457 12.01 
327 467 8.01 
327 484 14.01 
327 490 20.009999999999998 
327 494 10.01 
474 89 8.01 
474 219 2.01 
474 275 11.01 
474 372 19.009999999999998 
474 401 28.009999999999998 
474 428 14.01 
474 456 11.01 
474 457 16.009999999999998 
474 460 30.009999999999998 
474 479 17.009999999999998 
474 494 47.01 
26 13 0.01 
26 122 1.01 
26 162 1.01 
26 216 5.01 
26 255 0.01 
26 266 0.01 
26 348 0.01 
26 426 3.01 
26 484 6.01 
26 490 6.01 
26 495 11.01 
26 496 13.01 
162 220 1.01 
162 247 0.01 
162 264 0.01 
162 393 1.01 
162 412 0.01 
162 417 2.01 
162 460 0.01 
162 467 1.01 
162 484 3.01 
162 490 2.01 
162 494 4.01 
162 495 6.01 
216 27 1.01 
216 120 2.01 
216 136 5.01 
216 270 0.01 
216 379 5.01 
216 381 2.01 
216 389 4.01 
216 439 9.01 
216 444 5.01 
216 451 4.01 
216 479 5.01 
216 495 47.01 
255 23 0.01 
255 149 0.01 
255 219 0.01 
255 253 1.01 
255 337 1.01 
255 383 4.01 
255 392 1.01 
255 405 4.01 
255 444 1.01 
255 474 4.01 
255 490 13.01 
255 495 18.009999999999998 
266 44 2.01 
266 62 1.01 
266 137 1.01 
266 180 1.01 
266 215 3.01 
266 268 2.01 
266 325 3.01 
266 398 0.01 
266 460 1.01 
266 484 7.01 
266 494 13.01 
266 495 10.01 
348 120 0.01 
348 156 6.01 
348 275 5.01 
348 297 2.01 
348 317 3.01 
348 366 3.01 
348 398 1.01 
348 411 5.01 
348 490 11.01 
348 494 52.01 
348 495 28.009999999999998 
348 497 16.009999999999998 
426 13 2.01 
426 251 1.01 
426 325 4.01 
426 392 3.01 
426 407 10.01 
426 428 3.01 
426 439 9.01 
426 450 2.01 
426 484 10.01 
426 490 11.01 
426 494 17.009999999999998 
426 495 12.01 
490 1 1.01 
490 38 7.01 
490 183 19.009999999999998 
490 215 13.01 
490 383 29.009999999999998 
490 457 25.009999999999998 
490 467 43.01 
490 474 45.01 
490 484 45.01 
490 494 86.00999999999999 
490 495 109.00999999999999 
27 50 0.01 
27 113 0.01 
27 136 3.01 
27 219 3.01 
27 227 1.01 
27 279 1.01 
27 373 0.01 
27 398 5.01 
27 457 12.01 
27 484 9.01 
27 494 8.01 
27 495 11.01 
50 116 0.01 
50 194 4.01 
50 206 0.01 
50 371 1.01 
50 402 3.01 
50 419 0.01 
50 438 2.01 
50 470 1.01 
50 471 6.01 
50 496 17.009999999999998 
50 497 9.01 
50 500 15.01 
113 165 0.01 
113 221 0.01 
113 235 3.01 
113 255 0.01 
113 298 7.01 
113 308 0.01 
113 401 0.01 
113 411 0.01 
113 434 1.01 
113 439 1.01 
113 444 1.01 
113 490 3.01 
136 47 2.01 
136 104 0.01 
136 209 1.01 
136 288 1.01 
136 304 2.01 
136 328 1.01 
136 412 0.01 
136 444 4.01 
136 467 5.01 
136 481 10.01 
136 484 6.01 
136 494 62.01 
219 4 4.01 
219 227 2.01 
219 236 0.01 
219 243 0.01 
219 273 2.01 
219 310 2.01 
219 331 0.01 
219 417 2.01 
219 457 13.01 
219 493 4.01 
219 494 11.01 
219 495 15.01 
227 37 0.01 
227 230 4.01 
227 279 0.01 
227 310 1.01 
227 326 0.01 
227 331 2.01 
227 373 1.01 
227 426 3.01 
227 434 0.01 
227 441 1.01 
227 484 4.01 
227 490 3.01 
279 230 12.01 
279 262 0.01 
279 331 1.01 
279 332 1.01 
279 381 4.01 
279 405 4.01 
279 412 2.01 
279 428 16.009999999999998 
279 444 10.01 
279 484 10.01 
279 494 12.01 
279 499 9.01 
373 104 3.01 
373 163 0.01 
373 185 2.01 
373 306 4.01 
373 379 3.01 
373 392 10.01 
373 411 4.01 
373 473 3.01 
373 490 21.009999999999998 
373 494 47.01 
373 495 16.009999999999998 
373 500 10.01 
398 45 0.01 
398 96 0.01 
398 104 3.01 
398 183 4.01 
398 219 2.01 
398 259 1.01 
398 279 4.01 
398 405 18.009999999999998 
398 434 7.01 
398 437 4.01 
398 474 15.01 
398 490 21.009999999999998 
457 156 5.01 
457 236 6.01 
457 266 1.01 
457 279 7.01 
457 287 14.01 
457 333 8.01 
457 383 18.009999999999998 
457 401 16.009999999999998 
457 405 8.01 
457 467 24.009999999999998 
457 494 45.01 
28 63 0.01 
28 131 0.01 
28 137 0.01 
28 243 0.01 
28 326 2.01 
28 379 2.01 
28 425 0.01 
28 426 0.01 
28 457 4.01 
28 474 1.01 
28 494 2.01 
28 495 5.01 
63 66 0.01 
63 291 0.01 
63 349 2.01 
63 364 4.01 
63 394 13.01 
63 424 3.01 
63 429 3.01 
63 476 8.01 
63 478 2.01 
63 482 7.01 
63 487 4.01 
63 491 5.01 
137 44 0.01 
137 116 0.01 
137 158 0.01 
137 274 0.01 
137 281 1.01 
137 417 0.01 
137 444 2.01 
137 451 13.01 
137 460 5.01 
137 490 5.01 
137 495 7.01 
137 496 9.01 
379 149 1.01 
379 255 1.01 
379 277 6.01 
379 297 6.01 
379 317 23.009999999999998 
379 326 6.01 
379 342 1.01 
379 383 11.01 
379 484 10.01 
379 490 16.009999999999998 
379 495 22.009999999999998 
379 497 6.01 
425 2 5.01 
425 6 2.01 
425 228 1.01 
425 261 0.01 
425 345 2.01 
425 359 5.01 
425 408 5.01 
425 482 31.009999999999998 
425 483 59.01 
425 489 28.009999999999998 
425 491 28.009999999999998 
425 492 23.009999999999998 
29 129 2.01 
29 197 0.01 
29 237 2.01 
29 284 2.01 
29 305 3.01 
29 354 1.01 
29 371 0.01 
29 445 1.01 
29 466 1.01 
29 496 10.01 
29 499 7.01 
29 500 14.01 
129 5 0.01 
129 121 0.01 
129 246 0.01 
129 280 0.01 
129 283 0.01 
129 305 0.01 
129 396 1.01 
129 473 3.01 
129 494 6.01 
129 496 8.01 
129 499 10.01 
129 500 14.01 
197 335 1.01 
197 418 2.01 
197 442 3.01 
197 466 1.01 
197 468 6.01 
197 471 8.01 
197 473 1.01 
197 478 6.01 
197 479 4.01 
197 497 14.01 
197 499 9.01 
197 500 13.01 
237 86 1.01 
237 224 2.01 
237 258 0.01 
237 267 0.01 
237 271 0.01 
237 378 2.01 
237 400 0.01 
237 402 1.01 
237 406 0.01 
237 497 12.01 
237 499 10.01 
237 500 11.01 
284 105 4.01 
284 214 1.01 
284 366 3.01 
284 385 2.01 
284 392 0.01 
284 420 3.01 
284 431 3.01 
284 445 5.01 
284 453 11.01 
284 496 10.01 
284 497 10.01 
284 500 12.01 
354 57 3.01 
354 150 1.01 
354 240 1.01 
354 285 0.01 
354 290 4.01 
354 385 8.01 
354 438 3.01 
354 440 5.01 
354 445 4.01 
354 448 9.01 
354 479 9.01 
354 496 17.009999999999998 
371 199 9.01 
371 205 2.01 
371 322 1.01 
371 375 4.01 
371 390 2.01 
371 431 6.01 
371 466 2.01 
371 473 8.01 
371 475 5.01 
371 478 5.01 
371 499 35.01 
371 500 27.009999999999998 
253 191 2.01 
253 226 0.01 
253 235 0.01 
253 293 5.01 
253 301 3.01 
253 441 29.009999999999998 
253 461 8.01 
253 463 7.01 
253 480 11.01 
253 481 14.01 
253 493 7.01 
253 498 16.009999999999998 
320 131 1.01 
320 154 3.01 
320 175 1.01 
320 294 0.01 
320 315 1.01 
320 399 1.01 
320 404 2.01 
320 414 0.01 
320 443 7.01 
320 482 3.01 
320 486 7.01 
320 498 12.01 
325 89 2.01 
325 214 1.01 
325 270 3.01 
325 277 1.01 
325 326 3.01 
325 331 5.01 
325 383 14.01 
325 401 5.01 
325 451 10.01 
325 460 6.01 
325 484 18.009999999999998 
325 495 15.01 
435 40 2.01 
435 164 3.01 
435 309 7.01 
435 350 6.01 
435 403 18.009999999999998 
435 432 13.01 
435 437 12.01 
435 441 21.009999999999998 
435 461 44.01 
435 464 7.01 
435 486 34.01 
449 85 14.01 
449 114 5.01 
449 225 10.01 
449 301 14.01 
449 336 3.01 
449 395 4.01 
449 413 13.01 
449 436 7.01 
449 488 36.01 
449 492 6.01 
449 498 37.01 
463 177 5.01 
463 299 1.01 
463 307 17.009999999999998 
463 363 10.01 
463 435 16.009999999999998 
463 441 19.009999999999998 
463 443 24.009999999999998 
463 462 11.01 
463 481 53.01 
463 488 54.01 
463 498 166.01 
31 40 0.01 
31 164 0.01 
31 207 0.01 
31 226 3.01 
31 234 0.01 
31 313 0.01 
31 441 1.01 
31 449 1.01 
31 472 2.01 
31 485 8.01 
31 486 5.01 
31 488 5.01 
40 107 3.01 
40 152 0.01 
40 176 0.01 
40 404 2.01 
40 435 27.009999999999998 
40 436 3.01 
40 461 8.01 
40 470 1.01 
40 480 1.01 
40 485 2.01 
40 493 5.01 
40 498 7.01 
164 88 0.01 
164 132 0.01 
164 161 3.01 
164 268 4.01 
164 351 0.01 
164 353 2.01 
164 363 0.01 
164 446 5.01 
164 461 3.01 
164 463 6.01 
164 480 11.01 
164 498 8.01 
207 152 1.01 
207 175 0.01 
207 211 0.01 
207 301 3.01 
207 307 4.01 
207 338 2.01 
207 401 0.01 
207 435 3.01 
207 441 5.01 
207 454 0.01 
207 480 7.01 
207 485 2.01 
226 40 0.01 
226 125 0.01 
226 199 0.01 
226 338 0.01 
226 353 1.01 
226 413 3.01 
226 414 2.01 
226 463 4.01 
226 485 9.01 
226 488 11.01 
226 493 8.01 
226 498 7.01 
234 341 2.01 
234 374 5.01 
234 430 8.01 
234 432 6.01 
234 436 7.01 
234 463 9.01 
234 470 5.01 
234 480 16.009999999999998 
234 486 13.01 
234 488 18.009999999999998 
234 493 21.009999999999998 
234 498 36.01 
32 33 0.01 
32 231 2.01 
32 265 1.01 
32 366 5.01 
32 367 0.01 
32 380 3.01 
32 418 1.01 
32 438 0.01 
32 448 3.01 
32 478 45.01 
32 499 21.009999999999998 
32 500 25.009999999999998 
33 50 0.01 
33 168 0.01 
33 244 0.01 
33 263 0.01 
33 286 0.01 
33 305 3.01 
33 382 1.01 
33 442 2.01 
33 462 1.01 
33 496 6.01 
33 499 15.01 
33 500 9.01 
231 77 0.01 
231 124 1.01 
231 130 2.01 
231 186 2.01 
231 284 2.01 
231 310 0.01 
231 321 2.01 
231 410 1.01 
231 438 4.01 
231 466 4.01 
231 471 6.01 
231 500 41.01 
265 24 4.01 
265 33 1.01 
265 258 0.01 
265 324 2.01 
265 393 12.01 
265 448 4.01 
265 454 1.01 
265 468 6.01 
265 473 11.01 
265 496 5.01 
265 499 27.009999999999998 
265 500 28.009999999999998 
380 101 1.01 
380 147 4.01 
380 157 4.01 
380 179 1.01 
380 182 4.01 
380 224 4.01 
380 273 1.01 
380 324 3.01 
380 390 5.01 
380 496 120.00999999999999 
380 499 52.01 
380 500 72.00999999999999 
438 223 1.01 
438 239 5.01 
438 316 1.01 
438 385 9.01 
438 397 2.01 
438 410 34.01 
438 421 2.01 
438 448 6.01 
438 459 12.01 
438 496 35.01 
438 500 47.01 
448 76 1.01 
448 101 2.01 
448 188 8.01 
448 214 17.009999999999998 
448 271 3.01 
448 282 3.01 
448 423 12.01 
448 445 61.01 
448 470 14.01 
448 497 143.01 
448 500 140.01 
168 54 1.01 
168 55 3.01 
168 61 1.01 
168 112 0.01 
168 365 1.01 
168 396 3.01 
168 459 2.01 
168 462 2.01 
168 466 1.01 
168 496 3.01 
168 497 8.01 
168 500 15.01 
244 67 0.01 
244 109 0.01 
244 156 1.01 
244 217 0.01 
244 223 1.01 
244 358 0.01 
244 448 4.01 
244 453 1.01 
244 475 7.01 
244 497 4.01 
244 499 12.01 
244 500 6.01 
286 67 1.01 
286 74 0.01 
286 171 1.01 
286 239 0.01 
286 267 0.01 
286 448 10.01 
286 456 3.01 
286 471 6.01 
286 478 3.01 
286 493 4.01 
286 496 0.01 
286 500 19.009999999999998 
45 2 1.01 
45 162 1.01 
45 227 0.01 
45 243 0.01 
45 306 1.01 
45 326 4.01 
45 332 2.01 
45 461 2.01 
45 467 6.01 
45 490 0.01 
45 494 3.01 
45 495 5.01 
144 308 0.01 
144 335 2.01 
144 386 2.01 
144 400 1.01 
144 433 4.01 
144 455 1.01 
144 465 18.009999999999998 
144 476 2.01 
144 477 5.01 
144 482 4.01 
144 492 3.01 
144 494 1.01 
35 60 1.01 
35 69 1.01 
35 229 0.01 
35 321 1.01 
35 350 0.01 
35 393 6.01 
35 466 3.01 
35 478 4.01 
35 496 3.01 
35 497 20.009999999999998 
35 499 16.009999999999998 
35 500 29.009999999999998 
60 1 1.01 
60 59 2.01 
60 70 0.01 
60 118 0.01 
60 159 3.01 
60 229 2.01 
60 297 0.01 
60 370 0.01 
60 371 0.01 
60 387 8.01 
60 497 12.01 
60 500 46.01 
69 36 0.01 
69 112 2.01 
69 166 0.01 
69 194 3.01 
69 366 4.01 
69 396 2.01 
69 438 1.01 
69 445 31.009999999999998 
69 466 7.01 
69 468 8.01 
69 499 15.01 
69 500 37.01 
350 12 1.01 
350 140 2.01 
350 177 0.01 
350 207 0.01 
350 302 1.01 
350 423 3.01 
350 427 7.01 
350 449 8.01 
350 480 8.01 
350 488 25.009999999999998 
350 493 12.01 
350 498 20.009999999999998 
393 67 0.01 
393 265 9.01 
393 283 10.01 
393 340 3.01 
393 365 12.01 
393 448 15.01 
393 456 17.009999999999998 
393 473 9.01 
393 479 25.009999999999998 
393 496 36.01 
393 499 33.01 
393 500 152.01 
36 31 0.01 
36 83 2.01 
36 116 0.01 
36 231 1.01 
36 265 1.01 
36 280 0.01 
36 390 1.01 
36 402 5.01 
36 473 10.01 
36 479 1.01 
36 499 7.01 
36 500 21.009999999999998 
83 33 1.01 
83 48 0.01 
83 179 1.01 
83 312 2.01 
83 390 3.01 
83 419 1.01 
83 440 4.01 
83 442 2.01 
83 448 10.01 
83 496 8.01 
83 499 11.01 
83 500 22.009999999999998 
280 35 0.01 
280 60 1.01 
280 70 1.01 
280 210 2.01 
280 233 1.01 
280 366 2.01 
280 376 1.01 
280 385 1.01 
280 396 1.01 
280 420 3.01 
280 496 15.01 
280 500 23.009999999999998 
402 7 0.01 
402 35 1.01 
402 61 3.01 
402 73 1.01 
402 116 0.01 
402 159 4.01 
402 189 0.01 
402 267 1.01 
402 421 4.01 
402 483 12.01 
402 496 24.009999999999998 
402 500 49.01 
37 220 0.01 
37 273 1.01 
37 411 2.01 
37 457 0.01 
37 460 16.009999999999998 
37 467 1.01 
37 474 6.01 
37 477 1.01 
37 484 9.01 
37 490 7.01 
37 494 6.01 
37 495 9.01 
220 204 0.01 
220 221 0.01 
220 247 0.01 
220 266 2.01 
220 330 1.01 
220 377 2.01 
220 439 6.01 
220 451 3.01 
220 467 8.01 
220 474 11.01 
220 490 13.01 
220 494 55.01 
273 180 2.01 
273 255 2.01 
273 348 2.01 
273 372 14.01 
273 428 8.01 
273 451 3.01 
273 457 5.01 
273 484 12.01 
273 490 11.01 
273 492 6.01 
273 494 17.009999999999998 
273 495 77.00999999999999 
46 87 0.01 
46 124 0.01 
46 184 1.01 
46 354 2.01 
46 405 5.01 
46 419 3.01 
46 442 5.01 
46 453 7.01 
46 478 11.01 
46 496 16.009999999999998 
46 499 40.01 
46 500 30.009999999999998 
90 95 1.01 
90 263 1.01 
90 357 0.01 
90 402 0.01 
90 419 0.01 
90 431 0.01 
90 442 1.01 
90 456 4.01 
90 466 3.01 
90 497 5.01 
90 499 4.01 
90 500 7.01 
118 29 0.01 
118 55 0.01 
118 65 1.01 
118 94 1.01 
118 159 4.01 
118 346 1.01 
118 393 1.01 
118 422 2.01 
118 460 1.01 
118 466 5.01 
118 499 11.01 
118 500 25.009999999999998 
267 29 1.01 
267 168 0.01 
267 210 0.01 
267 223 1.01 
267 258 1.01 
267 285 1.01 
267 357 2.01 
267 397 1.01 
267 422 2.01 
267 440 4.01 
267 499 13.01 
267 500 18.009999999999998 
322 127 0.01 
322 129 3.01 
322 286 0.01 
322 357 4.01 
322 402 3.01 
322 409 4.01 
322 440 7.01 
322 478 10.01 
322 479 10.01 
322 497 18.009999999999998 
322 499 24.009999999999998 
322 500 15.01 
85 39 13.01 
85 51 0.01 
85 261 0.01 
85 302 0.01 
85 336 1.01 
85 338 3.01 
85 339 3.01 
85 399 1.01 
85 486 10.01 
85 488 11.01 
85 498 24.009999999999998 
85 499 10.01 
268 154 2.01 
268 161 2.01 
268 177 6.01 
268 196 2.01 
268 281 2.01 
268 316 2.01 
268 360 7.01 
268 395 2.01 
268 446 5.01 
268 448 1.01 
268 493 17.009999999999998 
268 498 36.01 
362 17 8.01 
362 238 1.01 
362 343 6.01 
362 395 12.01 
362 427 14.01 
362 441 10.01 
362 450 17.009999999999998 
362 480 11.01 
362 481 24.009999999999998 
362 488 33.01 
362 498 40.01 
362 500 31.009999999999998 
404 31 2.01 
404 211 1.01 
404 360 5.01 
404 413 28.009999999999998 
404 424 4.01 
404 436 14.01 
404 458 22.009999999999998 
404 463 15.01 
404 469 4.01 
404 481 24.009999999999998 
404 493 35.01 
404 498 38.01 
107 175 0.01 
107 238 1.01 
107 339 2.01 
107 341 2.01 
107 374 8.01 
107 381 1.01 
107 413 10.01 
107 427 6.01 
107 432 5.01 
107 464 1.01 
107 480 9.01 
107 498 14.01 
152 31 1.01 
152 92 0.01 
152 281 2.01 
152 347 1.01 
152 399 2.01 
152 413 2.01 
152 446 4.01 
152 459 2.01 
152 461 28.009999999999998 
152 481 11.01 
152 485 7.01 
152 498 10.01 
176 107 0.01 
176 154 1.01 
176 292 0.01 
176 301 1.01 
176 303 2.01 
176 311 1.01 
176 315 9.01 
176 446 1.01 
176 472 1.01 
176 485 5.01 
176 497 3.01 
176 498 15.01 
461 52 0.01 
461 152 8.01 
461 211 3.01 
461 281 4.01 
461 293 18.009999999999998 
461 294 6.01 
461 316 6.01 
461 435 47.01 
461 437 17.009999999999998 
461 487 11.01 
461 498 139.01 
480 44 2.01 
480 100 8.01 
480 133 1.01 
480 145 20.009999999999998 
480 225 11.01 
480 339 7.01 
480 436 15.01 
480 450 62.01 
480 458 43.01 
480 481 90.00999999999999 
480 485 54.01 
41 95 3.01 
41 284 1.01 
41 319 0.01 
41 357 4.01 
41 397 1.01 
41 420 3.01 
41 438 0.01 
41 455 1.01 
41 456 8.01 
41 468 31.009999999999998 
41 499 18.009999999999998 
41 500 31.009999999999998 
357 60 1.01 
357 296 7.01 
357 319 7.01 
357 365 6.01 
357 418 9.01 
357 445 12.01 
357 451 5.01 
357 471 22.009999999999998 
357 486 12.01 
357 497 27.009999999999998 
357 499 148.01 
357 500 52.01 
420 186 2.01 
420 294 1.01 
420 305 1.01 
420 366 4.01 
420 370 5.01 
420 419 9.01 
420 423 9.01 
420 431 7.01 
420 448 12.01 
420 471 11.01 
420 475 16.009999999999998 
420 500 53.01 
42 73 0.01 
42 76 0.01 
42 147 4.01 
42 159 0.01 
42 171 1.01 
42 197 2.01 
42 239 0.01 
42 358 0.01 
42 385 1.01 
42 402 1.01 
42 497 12.01 
42 499 23.009999999999998 
73 10 4.01 
73 36 1.01 
73 213 4.01 
73 385 1.01 
73 420 3.01 
73 448 5.01 
73 468 7.01 
73 470 30.009999999999998 
73 475 6.01 
73 489 3.01 
73 499 21.009999999999998 
73 500 17.009999999999998 
76 260 0.01 
76 284 1.01 
76 358 2.01 
76 371 1.01 
76 378 3.01 
76 397 0.01 
76 402 4.01 
76 456 7.01 
76 459 3.01 
76 473 2.01 
76 497 18.009999999999998 
76 500 21.009999999999998 
147 55 0.01 
147 159 3.01 
147 179 1.01 
147 181 3.01 
147 237 1.01 
147 296 7.01 
147 370 3.01 
147 440 7.01 
147 456 8.01 
147 462 9.01 
147 499 46.01 
147 500 42.01 
159 267 0.01 
159 342 2.01 
159 406 1.01 
159 418 2.01 
159 419 3.01 
159 421 2.01 
159 453 5.01 
159 456 7.01 
159 475 5.01 
159 486 4.01 
159 497 29.009999999999998 
159 500 22.009999999999998 
239 148 0.01 
239 258 1.01 
239 368 0.01 
239 423 0.01 
239 435 0.01 
239 438 14.01 
239 459 5.01 
239 468 6.01 
239 471 6.01 
239 479 4.01 
239 499 19.009999999999998 
239 500 16.009999999999998 
358 81 0.01 
358 240 2.01 
358 319 1.01 
358 376 2.01 
358 454 5.01 
358 462 6.01 
358 468 4.01 
358 470 7.01 
358 475 2.01 
358 478 5.01 
358 479 12.01 
358 499 42.01 
114 12 2.01 
114 175 0.01 
114 207 0.01 
114 218 1.01 
114 226 1.01 
114 289 3.01 
114 374 3.01 
114 458 6.01 
114 480 7.01 
114 482 4.01 
114 485 14.01 
114 498 20.009999999999998 
175 110 0.01 
175 277 1.01 
175 309 1.01 
175 430 1.01 
175 434 0.01 
175 443 3.01 
175 449 5.01 
175 463 5.01 
175 472 2.01 
175 486 4.01 
175 488 11.01 
175 498 5.01 
225 145 9.01 
225 206 0.01 
225 234 10.01 
225 362 5.01 
225 437 20.009999999999998 
225 443 2.01 
225 449 28.009999999999998 
225 461 9.01 
225 481 22.009999999999998 
225 486 21.009999999999998 
225 493 21.009999999999998 
225 498 40.01 
303 97 3.01 
303 161 0.01 
303 177 5.01 
303 234 5.01 
303 276 5.01 
303 289 4.01 
303 360 5.01 
303 375 2.01 
303 436 27.009999999999998 
303 481 20.009999999999998 
303 488 30.009999999999998 
303 498 101.00999999999999 
430 75 1.01 
430 132 1.01 
430 136 10.01 
430 292 6.01 
430 341 7.01 
430 362 5.01 
430 414 8.01 
430 458 31.009999999999998 
430 472 27.009999999999998 
430 485 40.01 
430 488 56.01 
430 498 52.01 
44 25 1.01 
44 156 1.01 
44 215 0.01 
44 327 2.01 
44 383 3.01 
44 411 13.01 
44 428 1.01 
44 431 0.01 
44 434 1.01 
44 451 4.01 
44 484 7.01 
44 495 5.01 
156 78 0.01 
156 247 1.01 
156 288 1.01 
156 326 2.01 
156 345 1.01 
156 348 6.01 
156 426 1.01 
156 434 0.01 
156 453 3.01 
156 467 23.009999999999998 
156 484 8.01 
156 494 14.01 
428 23 2.01 
428 25 0.01 
428 105 0.01 
428 236 1.01 
428 255 1.01 
428 275 9.01 
428 279 17.009999999999998 
428 328 2.01 
428 405 9.01 
428 417 8.01 
428 468 7.01 
428 495 27.009999999999998 
434 274 2.01 
434 275 8.01 
434 280 0.01 
434 325 5.01 
434 326 2.01 
434 332 9.01 
434 392 5.01 
434 401 9.01 
434 467 37.01 
434 494 21.009999999999998 
434 499 12.01 
332 37 0.01 
332 186 1.01 
332 274 0.01 
332 283 0.01 
332 356 0.01 
332 379 1.01 
332 407 4.01 
332 434 21.009999999999998 
332 451 1.01 
332 475 5.01 
332 490 7.01 
332 495 13.01 
87 237 0.01 
87 296 1.01 
87 391 1.01 
87 402 1.01 
87 420 1.01 
87 425 0.01 
87 431 4.01 
87 454 0.01 
87 473 3.01 
87 475 4.01 
87 497 7.01 
87 500 9.01 
124 127 0.01 
124 205 0.01 
124 244 1.01 
124 342 2.01 
124 365 2.01 
124 367 0.01 
124 419 2.01 
124 475 0.01 
124 495 2.01 
124 496 5.01 
124 499 11.01 
124 500 13.01 
184 15 4.01 
184 32 0.01 
184 90 0.01 
184 147 3.01 
184 168 0.01 
184 206 2.01 
184 233 0.01 
184 367 2.01 
184 463 6.01 
184 467 2.01 
184 496 15.01 
184 500 31.009999999999998 
405 4 2.01 
405 27 0.01 
405 209 3.01 
405 221 1.01 
405 298 2.01 
405 327 2.01 
405 372 9.01 
405 384 2.01 
405 398 20.009999999999998 
405 474 19.009999999999998 
405 490 19.009999999999998 
405 500 21.009999999999998 
47 62 0.01 
47 165 3.01 
47 166 0.01 
47 183 1.01 
47 270 3.01 
47 307 0.01 
47 348 1.01 
47 381 1.01 
47 417 1.01 
47 448 0.01 
47 451 0.01 
47 494 6.01 
62 56 0.01 
62 126 0.01 
62 297 1.01 
62 337 2.01 
62 377 3.01 
62 401 2.01 
62 412 0.01 
62 457 5.01 
62 474 2.01 
62 488 1.01 
62 490 4.01 
62 495 5.01 
165 47 3.01 
165 104 2.01 
165 162 0.01 
165 183 1.01 
165 235 0.01 
165 306 0.01 
165 326 0.01 
165 474 3.01 
165 484 1.01 
165 494 1.01 
165 495 13.01 
165 500 4.01 
166 64 0.01 
166 105 3.01 
166 180 1.01 
166 181 0.01 
166 368 0.01 
166 378 2.01 
166 445 6.01 
166 471 2.01 
166 473 4.01 
166 475 3.01 
166 499 7.01 
166 500 12.01 
183 136 5.01 
183 185 2.01 
183 220 0.01 
183 327 2.01 
183 372 3.01 
183 379 3.01 
183 434 3.01 
183 467 6.01 
183 474 8.01 
183 490 41.01 
183 495 14.01 
183 500 6.01 
270 47 4.01 
270 235 4.01 
270 331 0.01 
270 372 4.01 
270 392 2.01 
270 426 4.01 
270 451 5.01 
270 457 3.01 
270 474 4.01 
270 482 3.01 
270 494 9.01 
270 495 7.01 
417 89 4.01 
417 208 1.01 
417 209 1.01 
417 216 7.01 
417 327 5.01 
417 379 5.01 
417 386 1.01 
417 405 4.01 
417 460 7.01 
417 474 16.009999999999998 
417 490 27.009999999999998 
417 494 18.009999999999998 
48 290 2.01 
48 329 0.01 
48 367 2.01 
48 370 3.01 
48 423 1.01 
48 459 5.01 
48 470 6.01 
48 488 5.01 
48 496 6.01 
48 497 12.01 
48 499 17.009999999999998 
48 500 31.009999999999998 
290 199 0.01 
290 246 1.01 
290 380 2.01 
290 397 5.01 
290 421 6.01 
290 431 7.01 
290 459 8.01 
290 471 9.01 
290 496 9.01 
290 497 17.009999999999998 
290 499 34.01 
290 500 34.01 
329 150 0.01 
329 181 3.01 
329 201 2.01 
329 210 2.01 
329 246 1.01 
329 256 3.01 
329 332 0.01 
329 367 0.01 
329 378 3.01 
329 422 3.01 
329 471 29.009999999999998 
329 500 33.01 
370 112 0.01 
370 166 1.01 
370 186 1.01 
370 203 1.01 
370 346 6.01 
370 366 13.01 
370 421 2.01 
370 445 12.01 
370 470 10.01 
370 479 10.01 
370 496 29.009999999999998 
370 500 49.01 
423 329 5.01 
423 357 9.01 
423 360 2.01 
423 368 5.01 
423 375 6.01 
423 390 8.01 
423 440 11.01 
423 445 48.01 
423 456 20.009999999999998 
423 459 9.01 
423 475 42.01 
423 496 38.01 
459 11 1.01 
459 46 11.01 
459 150 7.01 
459 240 4.01 
459 241 7.01 
459 329 8.01 
459 365 13.01 
459 419 8.01 
459 470 45.01 
459 496 51.01 
459 497 62.01 
49 82 2.01 
49 170 2.01 
49 245 0.01 
49 335 2.01 
49 356 1.01 
49 386 3.01 
49 424 5.01 
49 433 6.01 
49 469 13.01 
49 483 13.01 
49 487 8.01 
49 492 51.01 
82 58 1.01 
82 269 1.01 
82 289 0.01 
82 335 0.01 
82 355 3.01 
82 359 2.01 
82 408 3.01 
82 415 2.01 
82 424 1.01 
82 433 5.01 
82 476 4.01 
82 492 20.009999999999998 
335 170 0.01 
335 300 3.01 
335 318 2.01 
335 352 5.01 
335 359 2.01 
335 361 3.01 
335 380 1.01 
335 424 8.01 
335 425 0.01 
335 447 2.01 
335 469 6.01 
335 489 4.01 
356 108 1.01 
356 219 3.01 
356 273 5.01 
356 327 3.01 
356 328 2.01 
356 377 6.01 
356 405 2.01 
356 434 5.01 
356 449 2.01 
356 490 10.01 
356 494 19.009999999999998 
356 498 15.01 
386 16 0.01 
386 20 2.01 
386 53 2.01 
386 228 2.01 
386 394 7.01 
386 424 14.01 
386 447 13.01 
386 465 7.01 
386 469 17.009999999999998 
386 470 12.01 
386 492 70.00999999999999 
386 493 8.01 
194 26 1.01 
194 42 5.01 
194 77 2.01 
194 109 2.01 
194 168 0.01 
194 256 1.01 
194 357 2.01 
194 378 6.01 
194 470 19.009999999999998 
194 496 26.009999999999998 
194 499 145.01 
194 500 46.01 
206 98 0.01 
206 128 1.01 
206 157 0.01 
206 214 2.01 
206 324 1.01 
206 420 2.01 
206 442 2.01 
206 462 2.01 
206 470 4.01 
206 495 3.01 
206 497 7.01 
206 500 11.01 
471 18 3.01 
471 48 2.01 
471 74 5.01 
471 184 8.01 
471 390 6.01 
471 423 14.01 
471 459 20.009999999999998 
471 462 27.009999999999998 
471 475 24.009999999999998 
471 479 42.01 
471 499 104.00999999999999 
51 198 1.01 
51 226 0.01 
51 238 1.01 
51 244 0.01 
51 432 21.009999999999998 
51 449 3.01 
51 481 2.01 
51 485 3.01 
51 486 5.01 
51 488 11.01 
51 493 8.01 
51 498 6.01 
198 12 0.01 
198 172 2.01 
198 195 1.01 
198 238 1.01 
198 257 1.01 
198 294 2.01 
198 412 1.01 
198 437 4.01 
198 443 2.01 
198 458 9.01 
198 486 6.01 
198 498 21.009999999999998 
432 51 6.01 
432 226 2.01 
432 293 13.01 
432 347 4.01 
432 399 2.01 
432 403 8.01 
432 407 4.01 
432 437 8.01 
432 481 23.009999999999998 
432 485 34.01 
432 488 87.00999999999999 
432 498 46.01 
481 72 4.01 
481 107 1.01 
481 333 25.009999999999998 
481 427 40.01 
481 430 28.009999999999998 
481 441 38.01 
481 480 69.00999999999999 
481 485 73.00999999999999 
481 493 150.01 
481 494 28.009999999999998 
481 498 119.00999999999999 
52 133 1.01 
52 196 1.01 
52 253 1.01 
52 315 3.01 
52 350 1.01 
52 382 0.01 
52 399 1.01 
52 446 4.01 
52 481 5.01 
52 488 6.01 
52 493 7.01 
52 498 13.01 
133 51 1.01 
133 198 1.01 
133 207 1.01 
133 253 2.01 
133 327 0.01 
133 341 3.01 
133 343 4.01 
133 404 2.01 
133 463 5.01 
133 485 9.01 
133 493 8.01 
133 498 15.01 
196 140 0.01 
196 248 1.01 
196 294 1.01 
196 302 0.01 
196 437 4.01 
196 443 6.01 
196 450 4.01 
196 472 9.01 
196 481 7.01 
196 488 10.01 
196 496 5.01 
196 498 12.01 
399 110 3.01 
399 133 1.01 
399 163 1.01 
399 211 0.01 
399 276 3.01 
399 353 8.01 
399 404 3.01 
399 418 1.01 
399 435 8.01 
399 450 11.01 
399 481 18.009999999999998 
399 493 13.01 
53 6 0.01 
53 49 1.01 
53 200 0.01 
53 329 0.01 
53 355 0.01 
53 433 1.01 
53 465 4.01 
53 476 5.01 
53 477 3.01 
53 483 8.01 
53 487 8.01 
53 499 1.01 
200 8 0.01 
200 111 1.01 
200 114 0.01 
200 167 0.01 
200 270 1.01 
200 272 1.01 
200 388 3.01 
200 469 31.009999999999998 
200 482 10.01 
200 487 8.01 
200 489 11.01 
200 492 11.01 
54 121 0.01 
54 182 0.01 
54 213 0.01 
54 312 1.01 
54 420 0.01 
54 421 3.01 
54 453 1.01 
54 470 1.01 
54 473 0.01 
54 493 1.01 
54 499 9.01 
54 500 11.01 
121 81 3.01 
121 322 2.01 
121 371 0.01 
121 391 0.01 
121 406 0.01 
121 423 2.01 
121 466 1.01 
121 471 1.01 
121 473 3.01 
121 496 3.01 
121 497 3.01 
121 499 5.01 
182 312 1.01 
182 319 2.01 
182 321 0.01 
182 371 1.01 
182 387 4.01 
182 393 1.01 
182 418 4.01 
182 445 2.01 
182 496 14.01 
182 497 7.01 
182 499 15.01 
182 500 8.01 
213 77 1.01 
213 160 0.01 
213 229 3.01 
213 240 0.01 
213 340 1.01 
213 358 4.01 
213 387 13.01 
213 423 8.01 
213 454 7.01 
213 468 5.01 
213 499 40.01 
213 500 38.01 
312 36 1.01 
312 47 0.01 
312 109 2.01 
312 168 0.01 
312 340 1.01 
312 367 0.01 
312 380 5.01 
312 406 1.01 
312 409 1.01 
312 421 4.01 
312 496 22.009999999999998 
312 500 21.009999999999998 
421 184 3.01 
421 231 2.01 
421 296 2.01 
421 385 25.009999999999998 
421 393 4.01 
421 456 6.01 
421 468 5.01 
421 475 16.009999999999998 
421 487 12.01 
421 496 25.009999999999998 
421 499 45.01 
421 500 33.01 
55 54 1.01 
55 168 3.01 
55 233 0.01 
55 265 0.01 
55 271 1.01 
55 380 2.01 
55 390 3.01 
55 422 0.01 
55 459 2.01 
55 496 5.01 
55 499 10.01 
55 500 14.01 
233 32 1.01 
233 98 2.01 
233 182 1.01 
233 324 5.01 
233 368 4.01 
233 431 4.01 
233 438 1.01 
233 454 1.01 
233 496 10.01 
233 497 11.01 
233 499 8.01 
233 500 12.01 
271 15 0.01 
271 117 1.01 
271 188 5.01 
271 322 0.01 
271 440 3.01 
271 442 4.01 
271 454 4.01 
271 456 9.01 
271 466 3.01 
271 497 23.009999999999998 
271 499 19.009999999999998 
271 500 25.009999999999998 
422 13 0.01 
422 184 1.01 
422 340 1.01 
422 380 5.01 
422 423 12.01 
422 438 5.01 
422 445 28.009999999999998 
422 453 10.01 
422 459 13.01 
422 478 8.01 
422 497 28.009999999999998 
422 499 28.009999999999998 
236 23 0.01 
236 89 3.01 
236 165 1.01 
236 216 3.01 
236 220 0.01 
236 327 2.01 
236 372 4.01 
236 373 3.01 
236 415 0.01 
236 434 3.01 
236 467 5.01 
236 495 20.009999999999998 
401 102 0.01 
401 117 0.01 
401 236 2.01 
401 377 2.01 
401 407 8.01 
401 428 4.01 
401 444 10.01 
401 460 12.01 
401 474 51.01 
401 490 37.01 
401 494 24.009999999999998 
401 500 18.009999999999998 
57 97 6.01 
57 187 2.01 
57 248 3.01 
57 254 2.01 
57 350 2.01 
57 363 7.01 
57 430 6.01 
57 435 8.01 
57 443 4.01 
57 485 11.01 
57 488 17.009999999999998 
57 498 21.009999999999998 
97 174 0.01 
97 260 4.01 
97 293 4.01 
97 338 2.01 
97 349 0.01 
97 362 1.01 
97 363 3.01 
97 395 1.01 
97 432 5.01 
97 486 11.01 
97 493 69.00999999999999 
97 498 30.009999999999998 
187 249 4.01 
187 291 4.01 
187 352 5.01 
187 384 3.01 
187 415 2.01 
187 455 6.01 
187 464 12.01 
187 477 18.009999999999998 
187 483 15.01 
187 489 17.009999999999998 
187 492 13.01 
187 498 5.01 
248 140 1.01 
248 174 0.01 
248 175 1.01 
248 189 2.01 
248 202 3.01 
248 289 0.01 
248 338 0.01 
248 377 0.01 
248 398 0.01 
248 458 7.01 
248 461 5.01 
248 472 2.01 
254 140 0.01 
254 158 0.01 
254 163 1.01 
254 225 2.01 
254 350 3.01 
254 353 4.01 
254 427 5.01 
254 472 5.01 
254 480 7.01 
254 485 8.01 
254 491 1.01 
254 493 4.01 
363 9 1.01 
363 12 1.01 
363 85 1.01 
363 218 3.01 
363 261 3.01 
363 296 0.01 
363 316 3.01 
363 339 14.01 
363 404 0.01 
363 430 7.01 
363 472 43.01 
363 498 41.01 
58 3 3.01 
58 63 0.01 
58 119 1.01 
58 122 5.01 
58 369 7.01 
58 384 3.01 
58 408 4.01 
58 424 10.01 
58 469 5.01 
58 483 21.009999999999998 
58 489 12.01 
58 491 15.01 
59 41 0.01 
59 206 1.01 
59 244 2.01 
59 263 0.01 
59 312 2.01 
59 380 1.01 
59 453 4.01 
59 454 6.01 
59 462 5.01 
59 471 6.01 
59 499 19.009999999999998 
59 500 30.009999999999998 
70 54 0.01 
70 90 0.01 
70 237 0.01 
70 342 0.01 
70 391 1.01 
70 393 3.01 
70 478 3.01 
70 479 4.01 
70 497 10.01 
70 498 1.01 
70 499 14.01 
70 500 23.009999999999998 
297 5 0.01 
297 45 0.01 
297 288 0.01 
297 327 0.01 
297 411 9.01 
297 426 3.01 
297 428 3.01 
297 444 3.01 
297 451 2.01 
297 484 9.01 
297 490 8.01 
297 495 7.01 
387 24 6.01 
387 42 1.01 
387 204 1.01 
387 280 2.01 
387 334 9.01 
387 417 6.01 
387 440 15.01 
387 453 19.009999999999998 
387 471 20.009999999999998 
387 475 20.009999999999998 
387 497 126.00999999999999 
387 499 168.01 
148 199 1.01 
148 206 2.01 
148 217 2.01 
148 223 1.01 
148 421 1.01 
148 448 2.01 
148 466 5.01 
148 470 13.01 
148 475 8.01 
148 479 18.009999999999998 
148 497 16.009999999999998 
148 500 24.009999999999998 
126 26 0.01 
126 149 0.01 
126 247 0.01 
126 297 0.01 
126 362 0.01 
126 398 2.01 
126 417 2.01 
126 439 3.01 
126 484 3.01 
126 494 7.01 
126 495 3.01 
126 499 2.01 
291 16 2.01 
291 138 3.01 
291 292 0.01 
291 323 2.01 
291 382 2.01 
291 394 1.01 
291 455 32.01 
291 462 1.01 
291 476 13.01 
291 487 10.01 
291 489 14.01 
291 491 13.01 
349 144 1.01 
349 155 1.01 
349 200 0.01 
349 269 3.01 
349 344 2.01 
349 376 8.01 
349 389 1.01 
349 437 3.01 
349 482 13.01 
349 487 14.01 
349 489 11.01 
349 491 10.01 
127 1 0.01 
127 11 0.01 
127 206 2.01 
127 259 1.01 
127 283 1.01 
127 380 2.01 
127 393 1.01 
127 438 0.01 
127 478 3.01 
127 496 9.01 
127 499 9.01 
127 500 12.01 
153 30 1.01 
153 110 1.01 
153 246 1.01 
153 309 3.01 
153 351 17.009999999999998 
153 363 0.01 
153 395 1.01 
153 399 0.01 
153 485 2.01 
153 486 14.01 
153 493 9.01 
153 498 5.01 
65 152 1.01 
65 207 0.01 
65 299 2.01 
65 320 0.01 
65 341 1.01 
65 353 11.01 
65 414 5.01 
65 436 4.01 
65 443 2.01 
65 471 1.01 
65 486 10.01 
65 488 21.009999999999998 
341 302 2.01 
341 309 7.01 
341 314 1.01 
341 336 4.01 
341 351 3.01 
341 360 6.01 
341 362 2.01 
341 397 1.01 
341 404 3.01 
341 413 5.01 
341 480 14.01 
341 486 21.009999999999998 
135 138 0.01 
135 139 1.01 
135 141 0.01 
135 187 1.01 
135 237 1.01 
135 242 2.01 
135 415 1.01 
135 429 0.01 
135 455 2.01 
135 487 6.01 
135 489 3.01 
135 492 10.01 
155 53 1.01 
155 138 1.01 
155 190 0.01 
155 212 2.01 
155 269 0.01 
155 300 0.01 
155 394 2.01 
155 425 2.01 
155 464 5.01 
155 491 6.01 
155 492 9.01 
155 499 4.01 
211 40 0.01 
211 294 0.01 
211 413 6.01 
211 449 2.01 
211 463 2.01 
211 472 6.01 
211 479 6.01 
211 480 8.01 
211 488 14.01 
211 490 0.01 
211 493 12.01 
211 498 20.009999999999998 
67 70 0.01 
67 76 0.01 
67 101 0.01 
67 124 1.01 
67 324 2.01 
67 358 2.01 
67 370 3.01 
67 410 1.01 
67 418 2.01 
67 471 5.01 
67 497 2.01 
67 499 9.01 
101 87 0.01 
101 94 2.01 
101 186 0.01 
101 342 0.01 
101 351 3.01 
101 390 8.01 
101 410 3.01 
101 454 4.01 
101 462 3.01 
101 471 3.01 
101 484 3.01 
101 500 18.009999999999998 
324 18 2.01 
324 201 1.01 
324 280 3.01 
324 329 3.01 
324 375 14.01 
324 420 5.01 
324 459 8.01 
324 468 6.01 
324 470 19.009999999999998 
324 476 6.01 
324 499 45.01 
324 500 48.01 
68 49 0.01 
68 100 2.01 
68 103 1.01 
68 222 2.01 
68 242 1.01 
68 308 3.01 
68 364 2.01 
68 369 2.01 
68 429 0.01 
68 464 32.01 
68 483 12.01 
68 489 2.01 
100 85 0.01 
100 132 1.01 
100 160 2.01 
100 164 0.01 
100 254 4.01 
100 350 2.01 
100 408 3.01 
100 432 4.01 
100 435 6.01 
100 461 9.01 
100 463 11.01 
100 481 11.01 
222 20 2.01 
222 139 3.01 
222 232 1.01 
222 274 0.01 
222 313 2.01 
222 386 5.01 
222 400 5.01 
222 425 4.01 
222 447 5.01 
222 465 3.01 
222 483 20.009999999999998 
222 492 20.009999999999998 
242 66 3.01 
242 212 3.01 
242 308 0.01 
242 359 0.01 
242 361 1.01 
242 472 2.01 
242 476 4.01 
242 477 6.01 
242 482 5.01 
242 487 7.01 
242 489 5.01 
242 491 13.01 
112 48 0.01 
112 98 0.01 
112 286 0.01 
112 418 2.01 
112 419 2.01 
112 422 2.01 
112 453 2.01 
112 473 7.01 
112 479 4.01 
112 497 8.01 
112 499 5.01 
112 500 11.01 
396 41 1.01 
396 256 4.01 
396 322 3.01 
396 346 4.01 
396 378 1.01 
396 391 3.01 
396 454 10.01 
396 473 13.01 
396 478 13.01 
396 479 69.00999999999999 
396 498 13.01 
396 499 45.01 
342 69 1.01 
342 157 1.01 
342 233 0.01 
342 234 3.01 
342 239 0.01 
342 244 0.01 
342 246 5.01 
342 269 0.01 
342 368 1.01 
342 419 4.01 
342 453 4.01 
342 500 27.009999999999998 
71 49 5.01 
71 68 0.01 
71 99 2.01 
71 129 1.01 
71 169 0.01 
71 252 1.01 
71 264 1.01 
71 433 2.01 
71 465 3.01 
71 487 2.01 
71 491 2.01 
71 492 8.01 
99 200 2.01 
99 282 9.01 
99 295 2.01 
99 365 1.01 
99 394 1.01 
99 400 1.01 
99 408 4.01 
99 415 6.01 
99 465 5.01 
99 481 3.01 
99 482 14.01 
99 483 34.01 
241 83 2.01 
241 112 0.01 
241 231 1.01 
241 329 3.01 
241 354 1.01 
241 387 8.01 
241 397 1.01 
241 462 36.01 
241 466 4.01 
241 468 5.01 
241 498 12.01 
241 500 32.01 
281 177 0.01 
281 302 2.01 
281 336 5.01 
281 437 2.01 
281 440 4.01 
281 446 9.01 
281 449 4.01 
281 485 11.01 
281 486 10.01 
281 488 27.009999999999998 
281 493 13.01 
281 498 39.01 
302 9 1.01 
302 12 1.01 
302 97 0.01 
302 153 2.01 
302 172 4.01 
302 238 2.01 
302 395 2.01 
302 480 5.01 
302 486 6.01 
302 493 9.01 
302 498 14.01 
302 500 7.01 
347 49 0.01 
347 160 0.01 
347 173 4.01 
347 395 2.01 
347 430 5.01 
347 436 5.01 
347 449 6.01 
347 461 6.01 
347 472 4.01 
347 486 11.01 
347 493 9.01 
347 498 19.009999999999998 
74 10 1.01 
74 18 1.01 
74 64 1.01 
74 241 2.01 
74 244 2.01 
74 334 3.01 
74 396 5.01 
74 410 4.01 
74 440 13.01 
74 462 4.01 
74 473 37.01 
74 500 32.01 
75 147 0.01 
75 176 1.01 
75 196 1.01 
75 257 7.01 
75 260 4.01 
75 343 1.01 
75 399 1.01 
75 461 5.01 
75 481 16.009999999999998 
75 486 20.009999999999998 
75 488 14.01 
75 493 22.009999999999998 
257 75 10.01 
257 191 2.01 
257 307 4.01 
257 399 2.01 
257 441 7.01 
257 452 2.01 
257 463 8.01 
257 481 10.01 
257 488 11.01 
257 491 6.01 
257 493 14.01 
257 498 14.01 
260 106 3.01 
260 276 1.01 
260 311 7.01 
260 333 4.01 
260 374 4.01 
260 395 5.01 
260 437 3.01 
260 472 11.01 
260 480 6.01 
260 481 18.009999999999998 
260 483 5.01 
260 498 24.009999999999998 
343 202 1.01 
343 248 1.01 
343 271 2.01 
343 311 6.01 
343 360 4.01 
343 441 14.01 
343 472 9.01 
343 480 13.01 
343 481 7.01 
343 488 26.009999999999998 
343 493 25.009999999999998 
343 498 35.01 
378 1 3.01 
378 193 1.01 
378 223 3.01 
378 259 3.01 
378 290 4.01 
378 322 4.01 
378 324 5.01 
378 346 11.01 
378 470 13.01 
378 489 10.01 
378 496 23.009999999999998 
378 500 54.01 
81 72 0.01 
81 121 5.01 
81 239 0.01 
81 290 0.01 
81 368 0.01 
81 410 1.01 
81 422 0.01 
81 476 0.01 
81 478 0.01 
81 496 3.01 
81 499 8.01 
81 500 5.01 
78 117 0.01 
78 120 0.01 
78 279 2.01 
78 310 0.01 
78 328 2.01 
78 389 0.01 
78 417 5.01 
78 428 2.01 
78 457 4.01 
78 484 5.01 
78 495 9.01 
78 497 4.01 
117 162 0.01 
117 221 1.01 
117 274 0.01 
117 356 1.01 
117 381 3.01 
117 434 4.01 
117 484 10.01 
117 490 1.01 
117 494 1.01 
117 495 4.01 
117 496 5.01 
117 500 4.01 
120 28 0.01 
120 220 0.01 
120 266 0.01 
120 270 0.01 
120 356 0.01 
120 405 0.01 
120 412 0.01 
120 417 0.01 
120 474 2.01 
120 490 2.01 
120 494 10.01 
120 500 10.01 
310 120 2.01 
310 149 3.01 
310 180 0.01 
310 220 1.01 
310 287 3.01 
310 338 0.01 
310 412 2.01 
310 467 5.01 
310 471 0.01 
310 490 10.01 
310 494 15.01 
310 495 4.01 
142 21 1.01 
142 34 1.01 
142 111 2.01 
142 190 1.01 
142 272 2.01 
142 282 7.01 
142 330 1.01 
142 352 4.01 
142 482 47.01 
142 487 18.009999999999998 
142 489 16.009999999999998 
142 492 16.009999999999998 
345 228 0.01 
345 376 2.01 
345 382 8.01 
345 400 1.01 
345 465 3.01 
345 469 16.009999999999998 
345 476 8.01 
345 477 11.01 
345 482 19.009999999999998 
345 487 27.009999999999998 
345 490 12.01 
345 492 20.009999999999998 
352 21 5.01 
352 155 3.01 
352 203 5.01 
352 212 3.01 
352 345 2.01 
352 348 0.01 
352 349 2.01 
352 408 5.01 
352 469 19.009999999999998 
352 476 8.01 
352 483 28.009999999999998 
352 491 16.009999999999998 
80 25 0.01 
80 51 0.01 
80 94 0.01 
80 132 0.01 
80 276 11.01 
80 413 2.01 
80 430 3.01 
80 432 0.01 
80 446 3.01 
80 485 12.01 
80 492 2.01 
80 498 8.01 
94 50 1.01 
94 150 2.01 
94 312 0.01 
94 354 1.01 
94 405 1.01 
94 423 1.01 
94 453 4.01 
94 470 3.01 
94 496 8.01 
94 497 6.01 
94 499 6.01 
94 500 10.01 
132 34 0.01 
132 249 1.01 
132 292 0.01 
132 353 3.01 
132 414 2.01 
132 436 2.01 
132 450 4.01 
132 461 4.01 
132 472 6.01 
132 486 12.01 
132 493 9.01 
132 498 13.01 
276 43 2.01 
276 80 3.01 
276 123 7.01 
276 134 0.01 
276 303 13.01 
276 403 0.01 
276 430 2.01 
276 435 3.01 
276 436 4.01 
276 437 4.01 
276 466 0.01 
276 498 16.009999999999998 
413 75 1.01 
413 161 3.01 
413 198 3.01 
413 281 6.01 
413 292 2.01 
413 404 17.009999999999998 
413 427 10.01 
413 432 10.01 
413 481 26.009999999999998 
413 485 35.01 
413 488 35.01 
413 499 36.01 
368 38 5.01 
368 73 1.01 
368 311 2.01 
368 334 9.01 
368 370 4.01 
368 409 5.01 
368 419 3.01 
368 431 12.01 
368 456 11.01 
368 462 12.01 
368 497 111.00999999999999 
368 500 89.00999999999999 
289 72 2.01 
289 167 1.01 
289 276 1.01 
289 320 1.01 
289 443 2.01 
289 446 1.01 
289 480 8.01 
289 481 13.01 
289 485 11.01 
289 486 17.009999999999998 
289 488 19.009999999999998 
289 493 14.01 
359 14 1.01 
359 232 1.01 
359 245 1.01 
359 330 6.01 
359 390 3.01 
359 400 2.01 
359 415 6.01 
359 446 1.01 
359 476 10.01 
359 477 16.009999999999998 
359 487 28.009999999999998 
359 489 19.009999999999998 
250 295 0.01 
250 330 1.01 
250 361 4.01 
250 425 2.01 
250 447 4.01 
250 464 4.01 
250 476 21.009999999999998 
250 477 8.01 
250 482 12.01 
250 487 17.009999999999998 
250 491 13.01 
250 499 8.01 
261 173 2.01 
261 189 0.01 
261 193 0.01 
261 253 1.01 
261 289 0.01 
261 299 10.01 
261 399 4.01 
261 427 4.01 
261 443 5.01 
261 485 8.01 
261 486 7.01 
261 488 9.01 
338 57 2.01 
338 125 2.01 
338 164 2.01 
338 172 1.01 
338 403 3.01 
338 432 6.01 
338 458 3.01 
338 461 3.01 
338 463 16.009999999999998 
338 466 0.01 
338 472 6.01 
338 488 13.01 
296 127 1.01 
296 130 3.01 
296 312 0.01 
296 367 2.01 
296 372 2.01 
296 387 6.01 
296 453 10.01 
296 478 6.01 
296 496 22.009999999999998 
296 497 24.009999999999998 
296 499 38.01 
296 500 29.009999999999998 
108 26 0.01 
108 126 1.01 
108 255 1.01 
108 377 0.01 
108 381 1.01 
108 389 2.01 
108 434 2.01 
108 444 1.01 
108 456 6.01 
108 478 0.01 
108 490 5.01 
108 494 10.01 
209 88 0.01 
209 219 3.01 
209 266 1.01 
209 279 1.01 
209 306 1.01 
209 331 8.01 
209 364 0.01 
209 396 1.01 
209 398 3.01 
209 407 2.01 
209 494 8.01 
209 495 8.01 
298 47 0.01 
298 88 5.01 
298 113 3.01 
298 117 0.01 
298 149 1.01 
298 169 4.01 
298 295 0.01 
298 356 1.01 
298 372 0.01 
298 460 3.01 
298 490 7.01 
298 495 9.01 
89 25 1.01 
89 131 0.01 
89 180 1.01 
89 215 0.01 
89 297 1.01 
89 317 2.01 
89 373 5.01 
89 460 3.01 
89 484 8.01 
89 490 14.01 
89 493 7.01 
89 495 10.01 
180 235 2.01 
180 332 2.01 
180 373 1.01 
180 383 0.01 
180 401 5.01 
180 407 1.01 
180 439 23.009999999999998 
180 484 3.01 
180 490 5.01 
180 494 12.01 
180 495 10.01 
180 499 5.01 
181 55 1.01 
181 64 1.01 
181 112 0.01 
181 143 0.01 
181 150 2.01 
181 184 1.01 
181 210 1.01 
181 421 1.01 
181 431 7.01 
181 442 3.01 
181 499 28.009999999999998 
181 500 25.009999999999998 
186 69 0.01 
186 280 1.01 
186 357 1.01 
186 409 3.01 
186 442 4.01 
186 447 2.01 
186 462 4.01 
186 466 4.01 
186 471 8.01 
186 496 16.009999999999998 
186 497 11.01 
186 500 24.009999999999998 
92 143 1.01 
92 195 1.01 
92 218 2.01 
92 303 0.01 
92 333 1.01 
92 339 1.01 
92 347 2.01 
92 403 1.01 
92 426 1.01 
92 480 0.01 
92 493 5.01 
92 498 7.01 
143 198 2.01 
143 224 1.01 
143 404 2.01 
143 428 0.01 
143 430 1.01 
143 443 7.01 
143 480 3.01 
143 481 2.01 
143 485 8.01 
143 488 4.01 
143 493 9.01 
143 498 14.01 
218 65 4.01 
218 125 0.01 
218 153 1.01 
218 163 0.01 
218 207 0.01 
218 266 1.01 
218 413 6.01 
218 463 11.01 
218 480 4.01 
218 481 6.01 
218 493 11.01 
218 498 15.01 
333 65 4.01 
333 196 3.01 
333 222 3.01 
333 253 2.01 
333 341 2.01 
333 351 6.01 
333 443 7.01 
333 458 47.01 
333 480 19.009999999999998 
333 485 12.01 
333 486 12.01 
333 498 34.01 
376 8 1.01 
376 135 0.01 
376 250 4.01 
376 314 3.01 
376 349 13.01 
376 359 4.01 
376 369 4.01 
376 384 2.01 
376 464 7.01 
376 483 24.009999999999998 
376 487 12.01 
376 495 6.01 
150 197 1.01 
150 201 2.01 
150 358 0.01 
150 367 1.01 
150 390 5.01 
150 422 8.01 
150 438 4.01 
150 442 3.01 
150 468 2.01 
150 470 10.01 
150 471 11.01 
150 499 25.009999999999998 
258 7 1.01 
258 256 0.01 
258 284 3.01 
258 296 3.01 
258 422 0.01 
258 431 3.01 
258 456 4.01 
258 468 1.01 
258 496 7.01 
258 497 7.01 
258 499 14.01 
258 500 14.01 
96 146 0.01 
96 323 3.01 
96 364 0.01 
96 400 1.01 
96 408 1.01 
96 415 1.01 
96 464 6.01 
96 465 3.01 
96 477 4.01 
96 482 5.01 
96 484 2.01 
96 489 3.01 
400 53 4.01 
400 178 6.01 
400 222 9.01 
400 247 0.01 
400 300 3.01 
400 314 3.01 
400 361 2.01 
400 416 4.01 
400 452 9.01 
400 469 9.01 
400 483 23.009999999999998 
400 489 12.01 
174 134 0.01 
174 311 1.01 
174 341 1.01 
174 362 1.01 
174 374 4.01 
174 424 2.01 
174 435 7.01 
174 461 5.01 
174 472 7.01 
174 488 11.01 
174 498 17.009999999999998 
174 500 6.01 
282 22 0.01 
282 99 10.01 
282 178 3.01 
282 335 0.01 
282 352 5.01 
282 376 3.01 
282 388 5.01 
282 465 9.01 
282 476 8.01 
282 482 11.01 
282 491 20.009999999999998 
282 494 3.01 
160 110 1.01 
160 191 0.01 
160 294 2.01 
160 341 3.01 
160 343 0.01 
160 403 0.01 
160 434 2.01 
160 446 0.01 
160 461 0.01 
160 488 10.01 
160 493 5.01 
160 498 16.009999999999998 
151 6 0.01 
151 21 6.01 
151 106 0.01 
151 228 3.01 
151 335 0.01 
151 355 0.01 
151 382 2.01 
151 464 3.01 
151 477 10.01 
151 482 10.01 
151 483 5.01 
151 487 10.01 
262 111 1.01 
262 115 2.01 
262 170 2.01 
262 249 0.01 
262 295 2.01 
262 318 2.01 
262 322 1.01 
262 452 5.01 
262 465 1.01 
262 476 1.01 
262 491 6.01 
262 492 13.01 
104 62 1.01 
104 126 0.01 
104 149 0.01 
104 239 0.01 
104 304 5.01 
104 310 1.01 
104 325 0.01 
104 405 3.01 
104 412 3.01 
104 451 2.01 
104 494 9.01 
104 495 13.01 
149 185 0.01 
149 221 1.01 
149 243 0.01 
149 323 0.01 
149 332 0.01 
149 348 3.01 
149 402 1.01 
149 422 1.01 
149 426 1.01 
149 428 3.01 
149 467 3.01 
149 495 6.01 
105 10 2.01 
105 55 1.01 
105 166 4.01 
105 193 1.01 
105 284 5.01 
105 302 0.01 
105 440 1.01 
105 468 4.01 
105 496 3.01 
105 497 4.01 
105 499 4.01 
105 500 9.01 
202 30 1.01 
202 92 0.01 
202 143 0.01 
202 248 7.01 
202 251 2.01 
202 254 1.01 
202 350 2.01 
202 435 4.01 
202 449 2.01 
202 452 1.01 
202 493 11.01 
202 498 15.01 
301 125 1.01 
301 189 1.01 
301 216 2.01 
301 218 1.01 
301 254 2.01 
301 316 16.009999999999998 
301 351 15.01 
301 446 7.01 
301 449 16.009999999999998 
301 488 14.01 
301 493 15.01 
301 498 20.009999999999998 
109 81 0.01 
109 182 0.01 
109 214 0.01 
109 267 0.01 
109 329 0.01 
109 391 3.01 
109 445 4.01 
109 473 7.01 
109 479 4.01 
109 496 10.01 
109 499 17.009999999999998 
109 500 13.01 
214 15 3.01 
214 36 2.01 
214 83 1.01 
214 118 3.01 
214 157 0.01 
214 286 2.01 
214 385 7.01 
214 409 16.009999999999998 
214 422 2.01 
214 477 8.01 
214 497 41.01 
214 500 163.01 
110 52 0.01 
110 80 0.01 
110 87 0.01 
110 160 2.01 
110 191 0.01 
110 251 0.01 
110 261 2.01 
110 320 2.01 
110 404 1.01 
110 486 5.01 
110 488 6.01 
110 498 13.01 
191 154 1.01 
191 218 1.01 
191 299 0.01 
191 374 5.01 
191 446 14.01 
191 450 7.01 
191 473 1.01 
191 480 2.01 
191 481 8.01 
191 485 7.01 
191 488 12.01 
191 498 13.01 
251 276 1.01 
251 299 2.01 
251 333 4.01 
251 347 2.01 
251 362 3.01 
251 443 10.01 
251 449 2.01 
251 461 1.01 
251 463 6.01 
251 472 4.01 
251 498 9.01 
251 500 8.01 
221 158 5.01 
221 161 0.01 
221 227 0.01 
221 310 1.01 
221 328 2.01 
221 377 1.01 
221 383 3.01 
221 389 2.01 
221 412 4.01 
221 467 4.01 
221 474 7.01 
221 482 4.01 
235 185 3.01 
235 208 2.01 
235 304 2.01 
235 332 1.01 
235 355 0.01 
235 373 1.01 
235 451 5.01 
235 457 3.01 
235 460 5.01 
235 474 7.01 
235 491 3.01 
235 494 7.01 
130 91 0.01 
130 346 1.01 
130 371 2.01 
130 420 3.01 
130 445 8.01 
130 453 7.01 
130 462 3.01 
130 479 54.01 
130 480 0.01 
130 486 3.01 
130 499 36.01 
130 500 18.009999999999998 
210 81 1.01 
210 90 0.01 
210 144 0.01 
210 263 0.01 
210 283 1.01 
210 340 2.01 
210 346 1.01 
210 459 4.01 
210 470 2.01 
210 479 4.01 
210 496 8.01 
210 500 14.01 
274 28 0.01 
274 48 0.01 
274 185 2.01 
274 216 2.01 
274 270 0.01 
274 363 1.01 
274 392 4.01 
274 405 0.01 
274 411 5.01 
274 427 0.01 
274 484 7.01 
274 495 8.01 
361 84 0.01 
361 96 2.01 
361 151 0.01 
361 264 2.01 
361 282 2.01 
361 399 0.01 
361 416 5.01 
361 424 2.01 
361 447 3.01 
361 452 7.01 
361 487 14.01 
361 491 15.01 
154 9 3.01 
154 163 2.01 
154 281 0.01 
154 320 3.01 
154 414 5.01 
154 427 6.01 
154 446 16.009999999999998 
154 450 2.01 
154 472 6.01 
154 475 1.01 
154 493 9.01 
154 498 17.009999999999998 
125 153 2.01 
125 316 2.01 
125 360 0.01 
125 399 1.01 
125 420 0.01 
125 432 5.01 
125 435 4.01 
125 461 2.01 
125 480 4.01 
125 485 4.01 
125 486 4.01 
125 493 7.01 
316 145 4.01 
316 284 0.01 
316 287 3.01 
316 301 11.01 
316 336 2.01 
316 427 4.01 
316 430 10.01 
316 441 12.01 
316 446 8.01 
316 480 10.01 
316 485 24.009999999999998 
316 498 37.01 
259 35 2.01 
259 41 2.01 
259 60 1.01 
259 201 6.01 
259 341 1.01 
259 368 6.01 
259 410 7.01 
259 468 19.009999999999998 
259 475 11.01 
259 497 41.01 
259 499 60.01 
259 500 147.01 
283 105 1.01 
283 123 0.01 
283 223 0.01 
283 386 0.01 
283 391 1.01 
283 393 18.009999999999998 
283 402 1.01 
283 422 2.01 
283 445 7.01 
283 471 9.01 
283 499 21.009999999999998 
283 500 27.009999999999998 
128 11 0.01 
128 42 0.01 
128 73 1.01 
128 86 0.01 
128 319 2.01 
128 442 2.01 
128 453 27.009999999999998 
128 466 0.01 
128 470 3.01 
128 471 4.01 
128 497 4.01 
128 500 14.01 
246 217 4.01 
246 319 1.01 
246 334 1.01 
246 342 4.01 
246 350 1.01 
246 371 1.01 
246 393 3.01 
246 406 2.01 
246 421 1.01 
246 442 1.01 
246 462 3.01 
246 500 14.01 
392 4 1.01 
392 23 1.01 
392 126 0.01 
392 298 3.01 
392 332 4.01 
392 373 12.01 
392 428 4.01 
392 439 13.01 
392 465 2.01 
392 474 10.01 
392 490 9.01 
392 495 17.009999999999998 
249 71 0.01 
249 192 0.01 
249 282 0.01 
249 339 0.01 
249 345 4.01 
249 394 0.01 
249 455 4.01 
249 464 13.01 
249 465 9.01 
249 477 6.01 
249 482 7.01 
249 491 18.009999999999998 
292 39 5.01 
292 160 3.01 
292 234 3.01 
292 257 2.01 
292 303 5.01 
292 350 0.01 
292 411 2.01 
292 414 2.01 
292 449 3.01 
292 485 13.01 
292 493 27.009999999999998 
292 498 34.01 
309 163 2.01 
309 218 3.01 
309 347 6.01 
309 360 6.01 
309 363 5.01 
309 395 2.01 
309 443 28.009999999999998 
309 450 15.01 
309 481 19.009999999999998 
309 489 9.01 
309 493 28.009999999999998 
309 498 119.00999999999999 
138 14 0.01 
138 118 0.01 
138 349 2.01 
138 400 0.01 
138 408 2.01 
138 465 3.01 
138 469 3.01 
138 476 2.01 
138 487 4.01 
138 489 1.01 
138 491 6.01 
138 500 11.01 
139 14 0.01 
139 79 0.01 
139 187 2.01 
139 190 2.01 
139 200 0.01 
139 252 0.01 
139 349 0.01 
139 386 1.01 
139 452 4.01 
139 457 0.01 
139 464 9.01 
139 492 8.01 
288 13 0.01 
288 37 1.01 
288 273 2.01 
288 356 1.01 
288 377 1.01 
288 401 1.01 
288 407 1.01 
288 442 1.01 
288 451 2.01 
288 484 3.01 
288 494 6.01 
288 495 18.009999999999998 
158 117 0.01 
158 124 1.01 
158 162 1.01 
158 221 3.01 
158 317 1.01 
158 373 2.01 
158 426 4.01 
158 457 4.01 
158 484 37.01 
158 494 13.01 
158 495 8.01 
158 497 6.01 
140 52 0.01 
140 182 1.01 
140 311 2.01 
140 336 0.01 
140 374 2.01 
140 449 3.01 
140 458 3.01 
140 463 2.01 
140 472 2.01 
140 480 6.01 
140 485 4.01 
140 488 6.01 
311 134 0.01 
311 202 2.01 
311 260 16.009999999999998 
311 299 0.01 
311 333 8.01 
311 367 1.01 
311 389 1.01 
311 413 8.01 
311 461 9.01 
311 472 8.01 
311 485 14.01 
311 486 13.01 
145 52 0.01 
145 173 6.01 
145 202 1.01 
145 346 1.01 
145 347 2.01 
145 395 7.01 
145 435 6.01 
145 449 10.01 
145 458 13.01 
145 480 39.01 
145 486 16.009999999999998 
145 498 20.009999999999998 
173 133 1.01 
173 251 0.01 
173 292 3.01 
173 302 1.01 
173 351 3.01 
173 363 4.01 
173 399 1.01 
173 436 0.01 
173 446 3.01 
173 476 2.01 
173 485 8.01 
173 498 19.009999999999998 
199 128 1.01 
199 267 1.01 
199 371 11.01 
199 397 1.01 
199 409 8.01 
199 421 1.01 
199 422 1.01 
199 468 1.01 
199 479 10.01 
199 496 8.01 
199 497 12.01 
199 500 19.009999999999998 
217 29 2.01 
217 32 1.01 
217 263 0.01 
217 358 1.01 
217 359 1.01 
217 375 9.01 
217 440 8.01 
217 473 13.01 
217 496 22.009999999999998 
217 497 82.00999999999999 
217 499 34.01 
217 500 45.01 
223 76 0.01 
223 197 0.01 
223 361 0.01 
223 375 2.01 
223 385 5.01 
223 391 1.01 
223 413 3.01 
223 422 4.01 
223 459 5.01 
223 478 6.01 
223 496 10.01 
223 499 27.009999999999998 
185 113 2.01 
185 146 0.01 
185 266 1.01 
185 274 5.01 
185 306 2.01 
185 398 4.01 
185 439 6.01 
185 455 0.01 
185 474 4.01 
185 490 7.01 
185 494 11.01 
185 495 5.01 
201 67 1.01 
201 224 1.01 
201 258 1.01 
201 283 1.01 
201 342 1.01 
201 387 8.01 
201 390 1.01 
201 436 1.01 
201 448 5.01 
201 475 3.01 
201 497 17.009999999999998 
201 500 30.009999999999998 
163 92 0.01 
163 152 1.01 
163 338 3.01 
163 347 1.01 
163 351 2.01 
163 395 0.01 
163 432 3.01 
163 450 3.01 
163 478 1.01 
163 481 5.01 
163 485 9.01 
163 488 10.01 
212 22 0.01 
212 79 1.01 
212 142 4.01 
212 330 4.01 
212 344 1.01 
212 355 2.01 
212 369 17.009999999999998 
212 400 0.01 
212 429 5.01 
212 482 12.01 
212 487 14.01 
212 489 55.01 
294 59 0.01 
294 145 0.01 
294 218 2.01 
294 248 2.01 
294 427 8.01 
294 436 3.01 
294 441 10.01 
294 443 1.01 
294 481 7.01 
294 485 5.01 
294 493 5.01 
294 498 22.009999999999998 
161 174 3.01 
161 293 1.01 
161 311 4.01 
161 343 1.01 
161 352 0.01 
161 404 6.01 
161 435 6.01 
161 441 6.01 
161 458 2.01 
161 465 3.01 
161 486 7.01 
161 498 27.009999999999998 
177 173 4.01 
177 189 0.01 
177 227 0.01 
177 268 14.01 
177 343 0.01 
177 388 2.01 
177 450 4.01 
177 461 8.01 
177 480 6.01 
177 481 8.01 
177 493 13.01 
177 498 33.01 
189 152 1.01 
189 254 0.01 
189 294 1.01 
189 316 4.01 
189 427 6.01 
189 430 4.01 
189 432 2.01 
189 436 3.01 
189 472 6.01 
189 480 3.01 
189 481 9.01 
189 497 14.01 
178 3 3.01 
178 53 1.01 
178 68 3.01 
178 278 3.01 
178 303 2.01 
178 452 6.01 
178 477 7.01 
178 483 16.009999999999998 
178 487 18.009999999999998 
178 489 48.01 
178 491 16.009999999999998 
178 492 16.009999999999998 
372 78 3.01 
372 188 2.01 
372 235 1.01 
372 273 7.01 
372 317 6.01 
372 328 1.01 
372 417 10.01 
372 434 0.01 
372 467 14.01 
372 484 14.01 
372 486 11.01 
372 495 75.00999999999999 
188 194 2.01 
188 342 0.01 
188 357 4.01 
188 402 8.01 
188 419 5.01 
188 423 10.01 
188 462 4.01 
188 478 11.01 
188 479 16.009999999999998 
188 496 23.009999999999998 
188 499 52.01 
188 500 39.01 
192 14 0.01 
192 58 1.01 
192 155 0.01 
192 187 5.01 
192 379 2.01 
192 415 2.01 
192 425 1.01 
192 464 5.01 
192 469 6.01 
192 487 10.01 
192 491 9.01 
192 492 15.01 
256 94 0.01 
256 171 2.01 
256 199 1.01 
256 217 1.01 
256 342 1.01 
256 397 1.01 
256 418 1.01 
256 454 4.01 
256 484 3.01 
256 496 11.01 
256 499 32.01 
256 500 23.009999999999998 
203 2 1.01 
203 3 0.01 
203 115 2.01 
203 323 6.01 
203 335 2.01 
203 344 0.01 
203 425 2.01 
203 429 2.01 
203 469 8.01 
203 476 12.01 
203 485 4.01 
203 487 22.009999999999998 
204 11 0.01 
204 14 0.01 
204 184 0.01 
204 322 4.01 
204 390 3.01 
204 420 3.01 
204 422 1.01 
204 459 10.01 
204 462 6.01 
204 466 4.01 
204 499 32.01 
204 500 23.009999999999998 
208 104 1.01 
208 230 5.01 
208 288 0.01 
208 298 1.01 
208 325 4.01 
208 326 0.01 
208 337 15.01 
208 371 1.01 
208 379 3.01 
208 474 6.01 
208 494 10.01 
208 495 11.01 
230 56 0.01 
230 156 4.01 
230 215 10.01 
230 354 3.01 
230 381 3.01 
230 428 13.01 
230 457 5.01 
230 460 9.01 
230 474 11.01 
230 490 24.009999999999998 
230 494 18.009999999999998 
230 495 68.00999999999999 
275 165 1.01 
275 287 5.01 
275 288 3.01 
275 298 4.01 
275 304 15.01 
275 372 10.01 
275 405 8.01 
275 460 11.01 
275 475 3.01 
275 490 26.009999999999998 
275 494 31.009999999999998 
275 495 54.01 
