1 2 1.01 
1 48 0.01 
1 50 0.01 
1 75 1.01 
1 84 1.01 
1 98 1.01 
1 400 0.01 
1 474 6.01 
1 479 7.01 
1 487 3.01 
1 492 5.01 
1 500 35.01 
2 23 0.01 
2 66 0.01 
2 108 4.01 
2 147 1.01 
2 293 0.01 
2 372 1.01 
2 430 1.01 
2 436 2.01 
2 447 1.01 
2 455 0.01 
2 458 0.01 
2 461 1.01 
48 108 1.01 
48 243 1.01 
48 295 0.01 
48 303 0.01 
48 325 0.01 
48 353 1.01 
48 359 1.01 
48 445 2.01 
48 464 6.01 
48 471 0.01 
48 488 2.01 
48 500 12.01 
50 150 1.01 
50 155 0.01 
50 215 0.01 
50 234 0.01 
50 362 2.01 
50 378 0.01 
50 380 0.01 
50 390 2.01 
50 485 3.01 
50 487 1.01 
50 497 5.01 
50 500 10.01 
75 93 0.01 
75 148 2.01 
75 221 1.01 
75 280 0.01 
75 304 1.01 
75 307 4.01 
75 373 0.01 
75 389 0.01 
75 398 1.01 
75 460 1.01 
75 477 1.01 
75 500 21.009999999999998 
84 93 0.01 
84 169 0.01 
84 183 0.01 
84 232 0.01 
84 308 0.01 
84 347 0.01 
84 389 1.01 
84 402 0.01 
84 464 6.01 
84 482 2.01 
84 493 5.01 
84 500 10.01 
98 1 4.01 
98 47 0.01 
98 110 1.01 
98 189 0.01 
98 211 0.01 
98 220 0.01 
98 343 1.01 
98 402 0.01 
98 485 4.01 
98 486 2.01 
98 496 3.01 
98 500 13.01 
400 87 0.01 
400 223 2.01 
400 274 0.01 
400 312 1.01 
400 450 0.01 
400 468 8.01 
400 478 2.01 
400 484 5.01 
400 488 13.01 
400 489 7.01 
400 490 4.01 
474 99 6.01 
474 200 2.01 
474 209 8.01 
474 282 3.01 
474 352 5.01 
474 379 6.01 
474 432 9.01 
474 480 44.01 
474 482 10.01 
474 495 43.01 
474 500 146.01 
479 151 3.01 
479 170 12.01 
479 273 4.01 
479 284 4.01 
479 309 3.01 
479 322 2.01 
479 335 6.01 
479 380 6.01 
479 485 32.01 
479 495 50.01 
479 500 179.01 
487 80 3.01 
487 95 3.01 
487 131 1.01 
487 385 4.01 
487 438 11.01 
487 441 21.009999999999998 
487 452 23.009999999999998 
487 480 33.01 
487 485 25.009999999999998 
487 490 42.01 
487 500 186.01 
492 29 6.01 
492 110 2.01 
492 120 5.01 
492 243 5.01 
492 265 25.009999999999998 
492 328 6.01 
492 403 4.01 
492 449 12.01 
492 453 32.01 
492 455 12.01 
492 500 223.01 
500 137 51.01 
500 170 58.01 
500 171 44.01 
500 175 11.01 
500 265 25.009999999999998 
500 343 47.01 
500 407 55.01 
500 436 69.00999999999999 
500 464 81.00999999999999 
500 484 101.00999999999999 
500 498 473.01 
23 122 0.01 
23 256 0.01 
23 311 1.01 
23 334 0.01 
23 376 0.01 
23 475 9.01 
23 476 3.01 
23 478 3.01 
23 481 2.01 
23 493 5.01 
23 498 5.01 
23 499 30.009999999999998 
66 42 1.01 
66 260 2.01 
66 280 0.01 
66 292 1.01 
66 353 1.01 
66 388 2.01 
66 399 2.01 
66 445 1.01 
66 480 4.01 
66 495 7.01 
66 498 9.01 
66 499 5.01 
108 176 4.01 
108 191 3.01 
108 209 2.01 
108 352 3.01 
108 353 2.01 
108 401 2.01 
108 412 8.01 
108 475 42.01 
108 481 13.01 
108 496 37.01 
108 497 22.009999999999998 
108 498 138.01 
147 136 1.01 
147 155 3.01 
147 253 1.01 
147 347 0.01 
147 349 2.01 
147 350 1.01 
147 365 0.01 
147 403 0.01 
147 412 0.01 
147 435 3.01 
147 492 8.01 
147 500 21.009999999999998 
293 9 0.01 
293 70 0.01 
293 75 1.01 
293 83 0.01 
293 175 1.01 
293 256 0.01 
293 259 13.01 
293 265 1.01 
293 319 0.01 
293 464 0.01 
293 465 1.01 
372 10 0.01 
372 80 1.01 
372 269 0.01 
372 285 0.01 
372 298 1.01 
372 326 3.01 
372 330 4.01 
372 453 6.01 
372 488 5.01 
372 491 8.01 
372 492 2.01 
430 55 1.01 
430 164 0.01 
430 222 1.01 
430 225 4.01 
430 320 3.01 
430 361 0.01 
430 372 1.01 
430 438 7.01 
430 442 1.01 
430 484 12.01 
430 491 10.01 
436 46 2.01 
436 225 2.01 
436 256 0.01 
436 264 5.01 
436 281 3.01 
436 312 2.01 
436 393 3.01 
436 404 3.01 
436 424 9.01 
436 495 33.01 
436 500 341.01 
447 129 1.01 
447 133 0.01 
447 135 3.01 
447 187 0.01 
447 392 3.01 
447 408 3.01 
447 412 3.01 
447 429 2.01 
447 488 68.00999999999999 
447 499 34.01 
447 500 60.01 
455 93 0.01 
455 141 0.01 
455 147 0.01 
455 173 1.01 
455 201 3.01 
455 258 1.01 
455 304 8.01 
455 461 8.01 
455 465 7.01 
455 472 15.01 
455 490 27.009999999999998 
458 61 0.01 
458 194 1.01 
458 318 5.01 
458 349 3.01 
458 364 3.01 
458 387 3.01 
458 460 8.01 
458 462 8.01 
458 479 15.01 
458 490 36.01 
458 492 15.01 
461 54 6.01 
461 174 11.01 
461 233 1.01 
461 245 2.01 
461 325 4.01 
461 329 1.01 
461 349 3.01 
461 475 9.01 
461 485 15.01 
461 491 12.01 
461 500 75.00999999999999 
3 22 1.01 
3 188 0.01 
3 339 5.01 
3 379 2.01 
3 410 6.01 
3 476 17.009999999999998 
3 478 7.01 
3 493 36.01 
3 495 31.009999999999998 
3 496 148.01 
3 497 51.01 
3 499 81.00999999999999 
22 50 0.01 
22 66 0.01 
22 91 2.01 
22 140 0.01 
22 237 1.01 
22 399 2.01 
22 432 1.01 
22 493 5.01 
22 495 9.01 
22 497 4.01 
22 498 11.01 
22 499 16.009999999999998 
188 20 0.01 
188 178 1.01 
188 209 0.01 
188 412 1.01 
188 419 2.01 
188 446 0.01 
188 478 4.01 
188 480 11.01 
188 493 10.01 
188 495 9.01 
188 499 29.009999999999998 
188 500 26.009999999999998 
339 59 0.01 
339 79 3.01 
339 131 5.01 
339 188 3.01 
339 223 2.01 
339 273 3.01 
339 361 2.01 
339 375 4.01 
339 472 10.01 
339 496 55.01 
339 499 47.01 
379 118 4.01 
379 223 0.01 
379 255 0.01 
379 283 1.01 
379 411 9.01 
379 432 5.01 
379 443 4.01 
379 478 9.01 
379 496 33.01 
379 498 23.009999999999998 
379 499 32.01 
410 79 4.01 
410 101 0.01 
410 214 1.01 
410 282 5.01 
410 355 4.01 
410 362 3.01 
410 371 7.01 
410 493 152.01 
410 495 144.01 
410 497 72.00999999999999 
410 499 116.00999999999999 
476 11 4.01 
476 37 7.01 
476 109 3.01 
476 143 9.01 
476 208 3.01 
476 251 3.01 
476 270 3.01 
476 327 7.01 
476 345 6.01 
476 496 115.00999999999999 
476 499 176.01 
478 238 4.01 
478 327 2.01 
478 353 4.01 
478 357 10.01 
478 412 11.01 
478 443 11.01 
478 481 23.009999999999998 
478 484 25.009999999999998 
478 493 47.01 
478 495 62.01 
478 499 104.00999999999999 
493 192 6.01 
493 239 31.009999999999998 
493 406 25.009999999999998 
493 410 58.01 
493 411 26.009999999999998 
493 413 39.01 
493 443 62.01 
493 475 48.01 
493 476 94.00999999999999 
493 488 54.01 
493 498 315.01 
495 227 6.01 
495 311 32.01 
495 374 13.01 
495 410 58.01 
495 451 47.01 
495 457 76.00999999999999 
495 463 43.01 
495 476 66.00999999999999 
495 480 87.00999999999999 
495 496 229.01 
495 497 260.01 
496 3 47.01 
496 74 19.009999999999998 
496 121 8.01 
496 178 12.01 
496 277 17.009999999999998 
496 296 20.009999999999998 
496 311 30.009999999999998 
496 459 49.01 
496 468 74.00999999999999 
496 482 78.00999999999999 
496 493 161.01 
497 5 34.01 
497 26 18.009999999999998 
497 99 18.009999999999998 
497 159 37.01 
497 351 12.01 
497 450 26.009999999999998 
497 476 80.00999999999999 
497 495 235.01 
497 496 201.01 
497 499 474.01 
497 500 400.01 
499 17 7.01 
499 31 22.009999999999998 
499 199 25.009999999999998 
499 239 54.01 
499 307 16.009999999999998 
499 399 44.01 
499 493 248.01 
499 496 272.01 
499 497 361.01 
499 498 456.01 
499 500 596.01 
4 53 0.01 
4 57 0.01 
4 132 0.01 
4 151 2.01 
4 258 1.01 
4 322 1.01 
4 400 1.01 
4 447 2.01 
4 472 3.01 
4 485 2.01 
4 489 5.01 
4 500 25.009999999999998 
53 142 0.01 
53 225 2.01 
53 303 1.01 
53 306 0.01 
53 360 1.01 
53 419 4.01 
53 423 0.01 
53 427 1.01 
53 484 5.01 
53 487 2.01 
53 496 9.01 
53 500 20.009999999999998 
57 192 0.01 
57 204 0.01 
57 237 0.01 
57 249 0.01 
57 318 0.01 
57 367 0.01 
57 368 2.01 
57 456 5.01 
57 465 1.01 
57 485 3.01 
57 492 8.01 
57 500 13.01 
132 10 0.01 
132 157 0.01 
132 395 0.01 
132 396 1.01 
132 445 0.01 
132 447 1.01 
132 460 1.01 
132 464 4.01 
132 473 3.01 
132 487 2.01 
132 499 10.01 
132 500 18.009999999999998 
151 12 0.01 
151 21 0.01 
151 303 2.01 
151 365 2.01 
151 375 1.01 
151 392 12.01 
151 456 3.01 
151 471 1.01 
151 473 3.01 
151 484 15.01 
151 486 9.01 
151 500 40.01 
258 120 5.01 
258 126 1.01 
258 169 1.01 
258 182 1.01 
258 393 2.01 
258 423 0.01 
258 424 0.01 
258 450 8.01 
258 491 7.01 
258 492 7.01 
258 493 11.01 
322 46 2.01 
322 359 4.01 
322 378 3.01 
322 412 1.01 
322 421 4.01 
322 433 2.01 
322 453 1.01 
322 455 0.01 
322 478 4.01 
322 496 14.01 
322 498 11.01 
472 32 4.01 
472 83 3.01 
472 105 2.01 
472 259 4.01 
472 419 8.01 
472 448 13.01 
472 456 8.01 
472 463 17.009999999999998 
472 491 22.009999999999998 
472 493 54.01 
472 500 150.01 
485 166 2.01 
485 231 19.009999999999998 
485 276 8.01 
485 311 11.01 
485 337 8.01 
485 359 11.01 
485 416 8.01 
485 425 10.01 
485 486 38.01 
485 489 37.01 
485 491 35.01 
489 25 3.01 
489 38 1.01 
489 77 3.01 
489 102 2.01 
489 218 16.009999999999998 
489 253 4.01 
489 276 6.01 
489 357 10.01 
489 375 17.009999999999998 
489 469 19.009999999999998 
489 500 268.01 
5 89 2.01 
5 121 3.01 
5 191 3.01 
5 270 2.01 
5 379 4.01 
5 411 12.01 
5 459 31.009999999999998 
5 476 19.009999999999998 
5 495 19.009999999999998 
5 497 130.01 
5 498 43.01 
5 499 57.01 
89 33 0.01 
89 220 1.01 
89 275 2.01 
89 374 1.01 
89 395 1.01 
89 418 4.01 
89 457 7.01 
89 481 3.01 
89 495 17.009999999999998 
89 496 21.009999999999998 
89 498 15.01 
89 499 32.01 
121 49 0.01 
121 60 0.01 
121 223 3.01 
121 262 1.01 
121 273 3.01 
121 274 1.01 
121 277 2.01 
121 339 3.01 
121 342 2.01 
121 376 3.01 
121 480 18.009999999999998 
121 499 40.01 
191 114 0.01 
191 251 1.01 
191 435 1.01 
191 454 4.01 
191 473 2.01 
191 474 3.01 
191 480 7.01 
191 493 10.01 
191 496 10.01 
191 497 21.009999999999998 
191 498 13.01 
191 499 14.01 
270 31 2.01 
270 199 5.01 
270 261 1.01 
270 353 1.01 
270 418 2.01 
270 431 5.01 
270 459 11.01 
270 478 7.01 
270 495 21.009999999999998 
270 497 43.01 
270 499 36.01 
411 160 9.01 
411 193 0.01 
411 223 2.01 
411 255 0.01 
411 374 4.01 
411 451 3.01 
411 474 12.01 
411 495 40.01 
411 497 50.01 
411 499 73.00999999999999 
411 500 98.00999999999999 
459 5 23.009999999999998 
459 109 5.01 
459 145 4.01 
459 363 5.01 
459 418 9.01 
459 474 18.009999999999998 
459 477 9.01 
459 495 77.00999999999999 
459 498 81.00999999999999 
459 499 143.01 
459 500 141.01 
498 108 30.009999999999998 
498 160 32.01 
498 212 21.009999999999998 
498 215 3.01 
498 457 54.01 
498 480 145.01 
498 493 267.01 
498 496 228.01 
498 497 216.01 
498 499 477.01 
498 500 613.01 
6 199 3.01 
6 327 0.01 
6 426 0.01 
6 443 0.01 
6 457 1.01 
6 475 0.01 
6 476 0.01 
6 481 2.01 
6 493 5.01 
6 496 3.01 
6 497 3.01 
6 499 8.01 
199 20 0.01 
199 23 0.01 
199 205 0.01 
199 312 1.01 
199 340 5.01 
199 457 6.01 
199 459 12.01 
199 493 20.009999999999998 
199 497 34.01 
199 498 49.01 
199 499 210.01 
199 500 60.01 
327 5 3.01 
327 146 1.01 
327 158 0.01 
327 321 1.01 
327 432 2.01 
327 467 5.01 
327 481 5.01 
327 493 29.009999999999998 
327 497 31.009999999999998 
327 498 26.009999999999998 
327 499 28.009999999999998 
426 277 4.01 
426 318 5.01 
426 333 2.01 
426 406 10.01 
426 422 9.01 
426 476 23.009999999999998 
426 480 12.01 
426 481 19.009999999999998 
426 490 22.009999999999998 
426 493 62.01 
426 499 94.00999999999999 
443 143 5.01 
443 242 4.01 
443 262 5.01 
443 283 3.01 
443 289 6.01 
443 446 9.01 
443 475 21.009999999999998 
443 481 61.01 
443 493 124.00999999999999 
443 497 35.01 
443 499 93.00999999999999 
457 231 7.01 
457 342 4.01 
457 388 4.01 
457 426 12.01 
457 440 11.01 
457 475 17.009999999999998 
457 479 13.01 
457 493 54.01 
457 495 149.01 
457 497 82.00999999999999 
457 500 148.01 
475 18 4.01 
475 108 16.009999999999998 
475 195 2.01 
475 339 7.01 
475 420 6.01 
475 434 7.01 
475 474 24.009999999999998 
475 478 30.009999999999998 
475 494 25.009999999999998 
475 498 98.00999999999999 
475 499 129.01 
481 67 7.01 
481 94 4.01 
481 209 7.01 
481 336 4.01 
481 339 11.01 
481 413 9.01 
481 420 11.01 
481 432 14.01 
481 443 55.01 
481 466 10.01 
481 499 123.00999999999999 
7 72 1.01 
7 74 1.01 
7 226 1.01 
7 247 1.01 
7 317 2.01 
7 366 1.01 
7 455 2.01 
7 474 4.01 
7 491 5.01 
7 492 6.01 
7 494 49.01 
7 498 13.01 
72 224 0.01 
72 272 0.01 
72 287 3.01 
72 290 1.01 
72 309 2.01 
72 402 0.01 
72 403 3.01 
72 428 0.01 
72 443 4.01 
72 483 2.01 
72 487 5.01 
72 500 26.009999999999998 
74 16 8.01 
74 79 1.01 
74 248 1.01 
74 288 7.01 
74 420 4.01 
74 429 0.01 
74 459 7.01 
74 478 5.01 
74 494 13.01 
74 495 24.009999999999998 
74 496 140.01 
74 497 29.009999999999998 
226 81 2.01 
226 211 1.01 
226 281 1.01 
226 304 0.01 
226 366 0.01 
226 383 0.01 
226 423 0.01 
226 472 2.01 
226 489 2.01 
226 491 3.01 
226 499 14.01 
226 500 15.01 
247 129 0.01 
247 157 3.01 
247 248 2.01 
247 346 0.01 
247 354 0.01 
247 389 0.01 
247 394 1.01 
247 465 0.01 
247 467 3.01 
247 494 7.01 
247 498 4.01 
317 28 0.01 
317 291 1.01 
317 336 1.01 
317 348 1.01 
317 393 1.01 
317 402 9.01 
317 404 1.01 
317 458 4.01 
317 470 3.01 
317 490 6.01 
317 500 29.009999999999998 
366 2 0.01 
366 72 0.01 
366 98 0.01 
366 133 1.01 
366 240 0.01 
366 378 8.01 
366 397 1.01 
366 430 0.01 
366 486 10.01 
366 487 8.01 
366 492 7.01 
491 56 8.01 
491 148 7.01 
491 165 6.01 
491 292 3.01 
491 332 6.01 
491 358 4.01 
491 398 7.01 
491 403 4.01 
491 439 10.01 
491 441 18.009999999999998 
491 468 34.01 
494 7 15.01 
494 19 1.01 
494 82 0.01 
494 90 13.01 
494 111 2.01 
494 119 6.01 
494 320 22.009999999999998 
494 331 3.01 
494 332 17.009999999999998 
494 340 10.01 
494 391 16.009999999999998 
8 1 0.01 
8 73 1.01 
8 129 0.01 
8 394 2.01 
8 428 0.01 
8 430 0.01 
8 470 18.009999999999998 
8 472 1.01 
8 477 5.01 
8 479 1.01 
8 499 20.009999999999998 
8 500 25.009999999999998 
73 51 0.01 
73 106 0.01 
73 275 0.01 
73 293 0.01 
73 403 1.01 
73 419 1.01 
73 445 1.01 
73 448 0.01 
73 455 1.01 
73 468 4.01 
73 484 5.01 
73 500 20.009999999999998 
129 218 0.01 
129 236 0.01 
129 301 0.01 
129 322 0.01 
129 349 1.01 
129 378 3.01 
129 455 1.01 
129 460 1.01 
129 462 0.01 
129 484 0.01 
129 488 9.01 
129 500 12.01 
394 10 1.01 
394 126 0.01 
394 160 4.01 
394 239 5.01 
394 292 5.01 
394 336 2.01 
394 416 2.01 
394 478 5.01 
394 482 7.01 
394 486 12.01 
394 500 70.00999999999999 
428 85 0.01 
428 102 2.01 
428 179 1.01 
428 183 2.01 
428 222 0.01 
428 255 0.01 
428 283 1.01 
428 286 4.01 
428 448 5.01 
428 458 7.01 
428 486 11.01 
470 8 4.01 
470 37 2.01 
470 356 5.01 
470 373 4.01 
470 408 4.01 
470 440 4.01 
470 441 9.01 
470 446 8.01 
470 452 15.01 
470 464 20.009999999999998 
470 500 119.00999999999999 
477 153 3.01 
477 164 2.01 
477 245 2.01 
477 285 3.01 
477 292 3.01 
477 319 6.01 
477 465 8.01 
477 467 10.01 
477 468 21.009999999999998 
477 483 18.009999999999998 
477 500 161.01 
9 44 4.01 
9 82 0.01 
9 140 0.01 
9 165 2.01 
9 194 0.01 
9 247 0.01 
9 404 1.01 
9 405 0.01 
9 423 0.01 
9 456 0.01 
9 460 0.01 
9 465 1.01 
44 9 4.01 
44 87 1.01 
44 161 0.01 
44 186 0.01 
44 211 0.01 
44 417 0.01 
44 421 1.01 
44 441 0.01 
44 489 3.01 
44 492 2.01 
44 498 5.01 
44 499 4.01 
82 144 0.01 
82 185 0.01 
82 204 0.01 
82 247 1.01 
82 290 0.01 
82 291 0.01 
82 304 0.01 
82 324 0.01 
82 343 3.01 
82 429 6.01 
82 461 1.01 
82 500 17.009999999999998 
140 48 1.01 
140 61 0.01 
140 191 0.01 
140 351 1.01 
140 352 0.01 
140 384 0.01 
140 457 1.01 
140 459 1.01 
140 493 6.01 
140 497 1.01 
140 498 8.01 
140 499 10.01 
165 52 0.01 
165 70 0.01 
165 122 1.01 
165 133 2.01 
165 147 0.01 
165 235 1.01 
165 310 0.01 
165 396 1.01 
165 404 3.01 
165 459 6.01 
165 492 13.01 
165 493 18.009999999999998 
194 103 0.01 
194 150 1.01 
194 162 0.01 
194 245 0.01 
194 258 0.01 
194 344 0.01 
194 396 0.01 
194 420 1.01 
194 461 2.01 
194 480 5.01 
194 489 2.01 
194 500 13.01 
404 21 0.01 
404 117 0.01 
404 197 2.01 
404 293 0.01 
404 297 2.01 
404 346 0.01 
404 413 2.01 
404 472 6.01 
404 488 9.01 
404 494 12.01 
404 500 53.01 
405 256 1.01 
405 269 0.01 
405 305 0.01 
405 307 5.01 
405 382 0.01 
405 430 3.01 
405 436 3.01 
405 461 3.01 
405 480 2.01 
405 491 8.01 
405 500 26.009999999999998 
423 150 1.01 
423 152 3.01 
423 293 3.01 
423 307 3.01 
423 404 2.01 
423 405 0.01 
423 428 3.01 
423 438 6.01 
423 449 11.01 
423 490 10.01 
423 494 7.01 
456 210 2.01 
456 353 5.01 
456 441 11.01 
456 455 4.01 
456 464 10.01 
456 482 12.01 
456 483 13.01 
456 490 20.009999999999998 
456 493 23.009999999999998 
456 497 35.01 
456 500 58.01 
460 60 0.01 
460 85 4.01 
460 100 2.01 
460 200 1.01 
460 261 0.01 
460 284 1.01 
460 477 15.01 
460 486 18.009999999999998 
460 489 16.009999999999998 
460 499 42.01 
460 500 80.00999999999999 
465 63 0.01 
465 171 14.01 
465 322 3.01 
465 331 4.01 
465 347 4.01 
465 362 2.01 
465 383 3.01 
465 425 5.01 
465 440 10.01 
465 458 3.01 
465 487 14.01 
10 113 0.01 
10 246 0.01 
10 280 0.01 
10 288 1.01 
10 409 1.01 
10 417 2.01 
10 460 1.01 
10 464 1.01 
10 482 2.01 
10 487 2.01 
10 495 2.01 
10 500 12.01 
113 79 0.01 
113 132 0.01 
113 328 2.01 
113 331 0.01 
113 425 3.01 
113 431 1.01 
113 468 3.01 
113 483 2.01 
113 486 3.01 
113 496 1.01 
113 498 3.01 
113 500 12.01 
246 142 0.01 
246 155 0.01 
246 164 0.01 
246 226 0.01 
246 285 0.01 
246 363 3.01 
246 439 1.01 
246 465 1.01 
246 479 0.01 
246 494 1.01 
246 499 5.01 
280 82 0.01 
280 97 0.01 
280 203 0.01 
280 316 1.01 
280 323 0.01 
280 337 0.01 
280 369 1.01 
280 391 1.01 
280 438 1.01 
280 487 2.01 
280 500 10.01 
288 32 1.01 
288 35 1.01 
288 107 0.01 
288 232 0.01 
288 249 1.01 
288 484 12.01 
288 485 8.01 
288 486 3.01 
288 491 4.01 
288 494 6.01 
288 500 20.009999999999998 
409 308 0.01 
409 351 5.01 
409 371 0.01 
409 380 4.01 
409 400 0.01 
409 441 0.01 
409 445 2.01 
409 469 5.01 
409 473 1.01 
409 498 13.01 
409 500 41.01 
417 2 3.01 
417 14 0.01 
417 55 1.01 
417 159 2.01 
417 349 2.01 
417 434 10.01 
417 447 4.01 
417 467 2.01 
417 485 3.01 
417 490 7.01 
417 491 9.01 
464 1 1.01 
464 59 4.01 
464 175 9.01 
464 229 1.01 
464 298 4.01 
464 408 3.01 
464 445 8.01 
464 484 20.009999999999998 
464 490 23.009999999999998 
464 499 96.00999999999999 
464 500 322.01 
482 149 7.01 
482 156 1.01 
482 269 5.01 
482 279 5.01 
482 396 14.01 
482 402 4.01 
482 448 9.01 
482 450 49.01 
482 490 27.009999999999998 
482 495 70.00999999999999 
482 496 177.01 
11 205 2.01 
11 345 1.01 
11 424 3.01 
11 427 0.01 
11 451 2.01 
11 472 5.01 
11 474 4.01 
11 478 6.01 
11 483 4.01 
11 493 25.009999999999998 
11 498 24.009999999999998 
11 499 23.009999999999998 
205 114 1.01 
205 154 0.01 
205 166 2.01 
205 282 1.01 
205 376 1.01 
205 480 9.01 
205 494 5.01 
205 496 11.01 
205 497 20.009999999999998 
205 498 17.009999999999998 
205 499 35.01 
205 500 22.009999999999998 
345 80 2.01 
345 127 1.01 
345 157 0.01 
345 287 3.01 
345 332 7.01 
345 385 3.01 
345 421 0.01 
345 468 10.01 
345 469 9.01 
345 498 30.009999999999998 
345 500 61.01 
424 125 0.01 
424 236 1.01 
424 244 0.01 
424 344 0.01 
424 461 1.01 
424 463 15.01 
424 468 13.01 
424 471 4.01 
424 483 15.01 
424 491 10.01 
424 496 35.01 
427 49 6.01 
427 268 0.01 
427 357 4.01 
427 408 5.01 
427 409 2.01 
427 451 6.01 
427 476 23.009999999999998 
427 496 29.009999999999998 
427 498 29.009999999999998 
427 499 66.00999999999999 
427 500 44.01 
451 78 0.01 
451 267 4.01 
451 351 10.01 
451 357 6.01 
451 371 10.01 
451 388 7.01 
451 394 3.01 
451 432 4.01 
451 446 7.01 
451 480 24.009999999999998 
451 495 124.00999999999999 
483 136 3.01 
483 137 29.009999999999998 
483 253 5.01 
483 319 8.01 
483 360 3.01 
483 442 10.01 
483 463 32.01 
483 470 20.009999999999998 
483 492 33.01 
483 495 60.01 
483 499 110.00999999999999 
12 186 2.01 
12 216 0.01 
12 222 0.01 
12 246 0.01 
12 346 10.01 
12 461 0.01 
12 463 2.01 
12 465 3.01 
12 492 5.01 
12 494 3.01 
12 496 4.01 
12 499 10.01 
186 2 0.01 
186 117 0.01 
186 169 0.01 
186 306 0.01 
186 312 0.01 
186 391 1.01 
186 398 1.01 
186 436 6.01 
186 465 1.01 
186 481 1.01 
186 483 4.01 
186 494 5.01 
216 63 0.01 
216 125 0.01 
216 188 1.01 
216 218 1.01 
216 266 0.01 
216 271 0.01 
216 329 0.01 
216 393 0.01 
216 467 1.01 
216 469 20.009999999999998 
216 492 4.01 
216 494 2.01 
222 59 2.01 
222 173 0.01 
222 184 1.01 
222 232 0.01 
222 279 0.01 
222 291 0.01 
222 303 3.01 
222 345 1.01 
222 434 4.01 
222 470 1.01 
222 497 9.01 
222 500 29.009999999999998 
346 12 6.01 
346 163 0.01 
346 184 0.01 
346 240 3.01 
346 272 2.01 
346 300 0.01 
346 398 0.01 
346 438 1.01 
346 455 5.01 
346 492 10.01 
346 494 13.01 
463 89 3.01 
463 184 3.01 
463 225 10.01 
463 248 6.01 
463 335 11.01 
463 357 9.01 
463 385 9.01 
463 452 16.009999999999998 
463 487 18.009999999999998 
463 499 100.00999999999999 
463 500 159.01 
13 86 1.01 
13 280 0.01 
13 338 2.01 
13 345 0.01 
13 369 0.01 
13 383 1.01 
13 398 0.01 
13 419 1.01 
13 439 15.01 
13 461 1.01 
13 487 2.01 
13 488 3.01 
86 31 0.01 
86 65 0.01 
86 230 2.01 
86 373 0.01 
86 400 1.01 
86 414 1.01 
86 458 6.01 
86 464 2.01 
86 467 0.01 
86 488 4.01 
86 493 5.01 
86 500 11.01 
338 39 0.01 
338 41 1.01 
338 83 3.01 
338 206 6.01 
338 246 0.01 
338 285 1.01 
338 341 0.01 
338 344 2.01 
338 349 5.01 
338 414 1.01 
338 442 11.01 
369 76 0.01 
369 152 1.01 
369 243 1.01 
369 293 0.01 
369 404 0.01 
369 438 1.01 
369 452 2.01 
369 457 1.01 
369 467 1.01 
369 492 4.01 
369 500 25.009999999999998 
383 12 1.01 
383 227 4.01 
383 264 3.01 
383 269 0.01 
383 294 4.01 
383 358 3.01 
383 463 5.01 
383 470 8.01 
383 498 14.01 
383 499 21.009999999999998 
383 500 35.01 
398 62 6.01 
398 249 2.01 
398 320 1.01 
398 323 1.01 
398 414 0.01 
398 429 3.01 
398 438 5.01 
398 449 6.01 
398 467 6.01 
398 485 19.009999999999998 
398 500 33.01 
419 146 1.01 
419 245 0.01 
419 306 1.01 
419 345 3.01 
419 358 3.01 
419 409 4.01 
419 433 3.01 
419 463 4.01 
419 487 6.01 
419 496 28.009999999999998 
419 500 64.00999999999999 
439 13 1.01 
439 85 0.01 
439 136 3.01 
439 207 2.01 
439 336 2.01 
439 401 17.009999999999998 
439 433 8.01 
439 467 4.01 
439 483 13.01 
439 492 13.01 
439 494 13.01 
488 33 2.01 
488 179 3.01 
488 222 2.01 
488 230 2.01 
488 267 9.01 
488 337 5.01 
488 346 3.01 
488 447 23.009999999999998 
488 468 56.01 
488 484 88.00999999999999 
488 496 88.00999999999999 
14 56 0.01 
14 93 2.01 
14 204 0.01 
14 233 0.01 
14 364 1.01 
14 383 1.01 
14 414 1.01 
14 450 2.01 
14 464 0.01 
14 482 3.01 
14 488 2.01 
14 500 18.009999999999998 
56 34 1.01 
56 61 2.01 
56 235 2.01 
56 258 0.01 
56 266 1.01 
56 305 3.01 
56 342 1.01 
56 361 1.01 
56 373 2.01 
56 427 2.01 
56 455 4.01 
56 491 43.01 
93 86 0.01 
93 180 0.01 
93 229 1.01 
93 250 2.01 
93 297 1.01 
93 306 1.01 
93 362 0.01 
93 432 1.01 
93 444 1.01 
93 480 3.01 
93 486 1.01 
93 489 1.01 
204 110 0.01 
204 263 0.01 
204 326 7.01 
204 331 0.01 
204 439 1.01 
204 459 0.01 
204 462 0.01 
204 465 0.01 
204 466 1.01 
204 471 1.01 
204 484 3.01 
204 490 3.01 
233 58 0.01 
233 99 0.01 
233 137 2.01 
233 187 1.01 
233 194 1.01 
233 319 2.01 
233 341 3.01 
233 354 2.01 
233 420 1.01 
233 456 1.01 
233 475 3.01 
233 500 40.01 
364 50 1.01 
364 113 0.01 
364 250 0.01 
364 294 1.01 
364 326 0.01 
364 375 2.01 
364 442 2.01 
364 454 2.01 
364 496 15.01 
364 497 19.009999999999998 
364 500 44.01 
414 181 0.01 
414 190 2.01 
414 196 2.01 
414 257 1.01 
414 287 4.01 
414 380 5.01 
414 426 2.01 
414 470 1.01 
414 472 6.01 
414 495 15.01 
414 500 40.01 
450 164 2.01 
450 220 1.01 
450 267 4.01 
450 429 6.01 
450 434 13.01 
450 442 10.01 
450 473 10.01 
450 482 49.01 
450 486 17.009999999999998 
450 494 30.009999999999998 
450 500 130.01 
15 9 0.01 
15 52 0.01 
15 194 0.01 
15 256 0.01 
15 293 0.01 
15 380 0.01 
15 403 2.01 
15 426 1.01 
15 469 1.01 
15 476 0.01 
15 491 2.01 
15 494 3.01 
52 265 3.01 
52 281 1.01 
52 304 0.01 
52 349 9.01 
52 411 4.01 
52 436 7.01 
52 438 0.01 
52 461 5.01 
52 464 0.01 
52 489 6.01 
52 491 3.01 
52 492 12.01 
256 35 0.01 
256 76 0.01 
256 145 0.01 
256 274 0.01 
256 313 0.01 
256 420 2.01 
256 438 0.01 
256 469 3.01 
256 491 2.01 
256 494 5.01 
256 499 12.01 
380 28 1.01 
380 189 2.01 
380 373 4.01 
380 382 2.01 
380 427 3.01 
380 442 5.01 
380 456 2.01 
380 468 16.009999999999998 
380 491 4.01 
380 496 14.01 
380 500 51.01 
403 5 4.01 
403 24 1.01 
403 33 4.01 
403 120 1.01 
403 207 4.01 
403 416 5.01 
403 419 3.01 
403 441 9.01 
403 447 2.01 
403 453 3.01 
403 495 28.009999999999998 
469 52 2.01 
469 216 5.01 
469 294 4.01 
469 356 7.01 
469 359 4.01 
469 402 4.01 
469 452 8.01 
469 476 15.01 
469 487 13.01 
469 492 14.01 
469 500 78.00999999999999 
16 74 13.01 
16 122 2.01 
16 144 0.01 
16 348 0.01 
16 352 0.01 
16 412 0.01 
16 431 0.01 
16 475 2.01 
16 476 6.01 
16 481 1.01 
16 498 14.01 
16 499 13.01 
122 25 0.01 
122 160 2.01 
122 167 1.01 
122 365 0.01 
122 371 0.01 
122 395 1.01 
122 451 1.01 
122 495 7.01 
122 496 3.01 
122 497 5.01 
122 498 10.01 
122 499 26.009999999999998 
144 22 0.01 
144 95 1.01 
144 348 0.01 
144 357 0.01 
144 386 0.01 
144 399 3.01 
144 410 2.01 
144 422 2.01 
144 482 2.01 
144 497 8.01 
144 498 9.01 
144 499 18.009999999999998 
348 94 1.01 
348 146 1.01 
348 273 11.01 
348 375 1.01 
348 411 2.01 
348 422 13.01 
348 475 11.01 
348 486 6.01 
348 495 20.009999999999998 
348 496 28.009999999999998 
348 499 30.009999999999998 
352 239 7.01 
352 268 0.01 
352 289 2.01 
352 420 2.01 
352 479 5.01 
352 480 10.01 
352 493 25.009999999999998 
352 496 17.009999999999998 
352 497 25.009999999999998 
352 498 34.01 
352 499 16.009999999999998 
412 37 0.01 
412 154 4.01 
412 167 3.01 
412 224 7.01 
412 251 2.01 
412 257 15.01 
412 277 7.01 
412 448 2.01 
412 478 39.01 
412 497 26.009999999999998 
412 499 26.009999999999998 
431 1 0.01 
431 50 0.01 
431 121 3.01 
431 352 5.01 
431 415 2.01 
431 435 1.01 
431 452 8.01 
431 466 4.01 
431 486 8.01 
431 498 32.01 
431 500 101.00999999999999 
17 88 1.01 
17 260 3.01 
17 277 5.01 
17 319 2.01 
17 356 6.01 
17 377 1.01 
17 471 2.01 
17 483 7.01 
17 484 11.01 
17 489 13.01 
17 492 7.01 
17 497 44.01 
88 138 0.01 
88 177 0.01 
88 245 3.01 
88 262 0.01 
88 271 0.01 
88 335 0.01 
88 407 6.01 
88 423 3.01 
88 449 11.01 
88 465 1.01 
88 484 6.01 
88 500 16.009999999999998 
260 67 0.01 
260 140 1.01 
260 180 2.01 
260 210 0.01 
260 270 4.01 
260 299 0.01 
260 368 1.01 
260 412 3.01 
260 496 15.01 
260 498 18.009999999999998 
260 499 58.01 
277 166 3.01 
277 201 3.01 
277 282 5.01 
277 348 4.01 
277 415 0.01 
277 448 4.01 
277 459 9.01 
277 476 32.01 
277 493 28.009999999999998 
277 495 34.01 
277 499 97.00999999999999 
319 19 1.01 
319 291 0.01 
319 307 0.01 
319 396 2.01 
319 443 4.01 
319 472 6.01 
319 474 9.01 
319 480 3.01 
319 484 16.009999999999998 
319 485 7.01 
319 500 64.00999999999999 
356 98 0.01 
356 147 2.01 
356 252 0.01 
356 300 0.01 
356 338 2.01 
356 452 2.01 
356 460 2.01 
356 468 9.01 
356 485 9.01 
356 489 18.009999999999998 
356 490 14.01 
377 26 2.01 
377 89 1.01 
377 127 0.01 
377 227 2.01 
377 237 7.01 
377 278 1.01 
377 310 2.01 
377 341 1.01 
377 450 10.01 
377 469 5.01 
377 488 14.01 
471 53 0.01 
471 54 1.01 
471 226 1.01 
471 234 0.01 
471 386 6.01 
471 391 7.01 
471 444 6.01 
471 456 8.01 
471 489 15.01 
471 499 64.00999999999999 
471 500 90.00999999999999 
484 142 3.01 
484 218 10.01 
484 396 7.01 
484 399 17.009999999999998 
484 406 14.01 
484 431 5.01 
484 436 34.01 
484 444 7.01 
484 479 23.009999999999998 
484 483 38.01 
484 488 94.00999999999999 
18 23 0.01 
18 140 0.01 
18 262 2.01 
18 295 2.01 
18 363 2.01 
18 366 0.01 
18 436 4.01 
18 478 9.01 
18 481 5.01 
18 497 9.01 
18 498 20.009999999999998 
18 499 21.009999999999998 
262 341 0.01 
262 374 2.01 
262 420 2.01 
262 451 3.01 
262 476 7.01 
262 480 12.01 
262 493 26.009999999999998 
262 496 38.01 
262 497 18.009999999999998 
262 498 24.009999999999998 
262 499 20.009999999999998 
295 124 0.01 
295 127 0.01 
295 184 2.01 
295 201 1.01 
295 231 4.01 
295 288 0.01 
295 414 2.01 
295 444 5.01 
295 450 6.01 
295 479 3.01 
295 500 36.01 
363 101 1.01 
363 185 0.01 
363 255 1.01 
363 354 1.01 
363 413 6.01 
363 446 9.01 
363 481 5.01 
363 496 53.01 
363 497 18.009999999999998 
363 498 16.009999999999998 
363 500 44.01 
19 125 1.01 
19 215 3.01 
19 315 3.01 
19 345 1.01 
19 348 1.01 
19 460 2.01 
19 468 4.01 
19 469 2.01 
19 473 1.01 
19 484 9.01 
19 492 7.01 
19 500 23.009999999999998 
125 112 1.01 
125 139 2.01 
125 181 0.01 
125 183 0.01 
125 392 1.01 
125 400 0.01 
125 420 2.01 
125 430 0.01 
125 436 3.01 
125 491 0.01 
125 492 3.01 
125 500 14.01 
215 14 0.01 
215 126 0.01 
215 138 0.01 
215 176 1.01 
215 214 0.01 
215 287 3.01 
215 343 7.01 
215 424 4.01 
215 453 5.01 
215 482 13.01 
215 489 9.01 
215 500 82.00999999999999 
315 166 0.01 
315 310 2.01 
315 420 1.01 
315 447 4.01 
315 464 4.01 
315 471 3.01 
315 478 4.01 
315 480 3.01 
315 493 6.01 
315 498 18.009999999999998 
315 499 34.01 
468 166 2.01 
468 231 8.01 
468 289 3.01 
468 307 9.01 
468 426 11.01 
468 460 5.01 
468 463 14.01 
468 472 17.009999999999998 
468 488 62.01 
468 496 182.01 
468 500 164.01 
473 17 5.01 
473 71 1.01 
473 167 4.01 
473 345 7.01 
473 391 7.01 
473 414 6.01 
473 421 2.01 
473 426 8.01 
473 483 14.01 
473 490 32.01 
473 500 116.00999999999999 
20 6 0.01 
20 84 0.01 
20 144 0.01 
20 220 0.01 
20 311 2.01 
20 475 1.01 
20 478 8.01 
20 489 2.01 
20 493 6.01 
20 497 6.01 
20 498 6.01 
20 499 16.009999999999998 
220 8 1.01 
220 132 0.01 
220 180 0.01 
220 413 4.01 
220 420 0.01 
220 443 4.01 
220 452 3.01 
220 484 7.01 
220 493 6.01 
220 495 9.01 
220 498 10.01 
220 499 14.01 
311 159 13.01 
311 217 4.01 
311 248 3.01 
311 324 3.01 
311 330 3.01 
311 342 10.01 
311 384 3.01 
311 493 34.01 
311 497 54.01 
311 498 67.00999999999999 
311 499 92.00999999999999 
21 8 0.01 
21 58 0.01 
21 202 0.01 
21 281 10.01 
21 393 1.01 
21 398 1.01 
21 433 0.01 
21 489 5.01 
21 491 4.01 
21 492 2.01 
21 495 5.01 
21 500 11.01 
58 112 0.01 
58 119 1.01 
58 163 0.01 
58 234 2.01 
58 279 1.01 
58 325 0.01 
58 377 0.01 
58 379 1.01 
58 398 2.01 
58 462 1.01 
58 491 3.01 
58 492 15.01 
202 27 1.01 
202 110 0.01 
202 246 0.01 
202 333 2.01 
202 338 0.01 
202 370 0.01 
202 380 0.01 
202 397 0.01 
202 407 1.01 
202 473 1.01 
202 490 18.009999999999998 
202 500 15.01 
281 13 0.01 
281 21 5.01 
281 228 0.01 
281 244 0.01 
281 350 1.01 
281 369 0.01 
281 413 3.01 
281 449 2.01 
281 461 5.01 
281 477 4.01 
281 488 6.01 
393 162 1.01 
393 218 2.01 
393 235 1.01 
393 242 1.01 
393 265 4.01 
393 346 1.01 
393 373 3.01 
393 423 2.01 
393 458 1.01 
393 491 8.01 
393 498 25.009999999999998 
433 62 1.01 
433 174 1.01 
433 383 3.01 
433 437 3.01 
433 449 6.01 
433 485 16.009999999999998 
433 487 9.01 
433 491 13.01 
433 492 12.01 
433 494 22.009999999999998 
433 500 63.01 
91 42 1.01 
91 238 0.01 
91 266 1.01 
91 283 0.01 
91 355 2.01 
91 476 4.01 
91 478 0.01 
91 479 2.01 
91 495 6.01 
91 496 14.01 
91 498 11.01 
91 499 29.009999999999998 
237 23 0.01 
237 41 0.01 
237 233 1.01 
237 244 0.01 
237 298 0.01 
237 328 1.01 
237 377 3.01 
237 382 2.01 
237 397 1.01 
237 485 0.01 
237 493 4.01 
237 500 13.01 
399 25 5.01 
399 42 2.01 
399 108 10.01 
399 122 1.01 
399 371 7.01 
399 384 1.01 
399 426 5.01 
399 451 9.01 
399 474 11.01 
399 475 15.01 
399 497 50.01 
432 25 2.01 
432 143 7.01 
432 178 7.01 
432 212 3.01 
432 238 5.01 
432 459 13.01 
432 475 22.009999999999998 
432 495 35.01 
432 496 39.01 
432 497 41.01 
432 499 66.00999999999999 
334 132 0.01 
334 301 0.01 
334 321 1.01 
334 407 3.01 
334 410 4.01 
334 425 2.01 
334 460 1.01 
334 484 11.01 
334 489 3.01 
334 499 16.009999999999998 
334 500 21.009999999999998 
376 67 1.01 
376 296 4.01 
376 312 2.01 
376 371 5.01 
376 422 3.01 
376 443 10.01 
376 470 6.01 
376 495 30.009999999999998 
376 497 18.009999999999998 
376 498 30.009999999999998 
376 499 27.009999999999998 
24 34 0.01 
24 150 0.01 
24 171 6.01 
24 279 0.01 
24 328 2.01 
24 335 1.01 
24 358 0.01 
24 423 2.01 
24 439 1.01 
24 448 1.01 
24 482 1.01 
24 486 4.01 
34 90 0.01 
34 117 1.01 
34 246 1.01 
34 254 1.01 
34 366 2.01 
34 417 3.01 
34 433 0.01 
34 467 1.01 
34 481 2.01 
34 487 5.01 
34 496 4.01 
34 498 9.01 
150 28 0.01 
150 30 0.01 
150 158 0.01 
150 214 2.01 
150 267 1.01 
150 327 1.01 
150 337 1.01 
150 359 3.01 
150 432 0.01 
150 444 2.01 
150 469 2.01 
150 488 5.01 
171 250 3.01 
171 259 2.01 
171 393 3.01 
171 431 4.01 
171 450 6.01 
171 452 9.01 
171 461 5.01 
171 477 14.01 
171 483 6.01 
171 486 11.01 
171 489 18.009999999999998 
171 500 261.01 
279 184 1.01 
279 299 1.01 
279 340 2.01 
279 414 2.01 
279 468 6.01 
279 478 2.01 
279 481 5.01 
279 485 8.01 
279 492 8.01 
279 493 11.01 
279 500 35.01 
328 27 0.01 
328 60 0.01 
328 117 1.01 
328 135 0.01 
328 298 1.01 
328 316 0.01 
328 368 2.01 
328 452 5.01 
328 453 8.01 
328 466 4.01 
328 500 42.01 
335 73 1.01 
335 138 2.01 
335 185 1.01 
335 229 4.01 
335 424 8.01 
335 435 6.01 
335 445 0.01 
335 473 5.01 
335 482 12.01 
335 484 17.009999999999998 
335 500 61.01 
358 78 2.01 
358 172 1.01 
358 230 3.01 
358 251 0.01 
358 371 2.01 
358 437 6.01 
358 471 4.01 
358 477 7.01 
358 483 9.01 
358 494 5.01 
358 500 52.01 
448 32 1.01 
448 233 1.01 
448 281 2.01 
448 299 0.01 
448 367 5.01 
448 390 4.01 
448 417 5.01 
448 486 15.01 
448 487 24.009999999999998 
448 490 21.009999999999998 
448 500 89.00999999999999 
486 106 2.01 
486 143 11.01 
486 221 8.01 
486 231 11.01 
486 287 10.01 
486 385 9.01 
486 392 4.01 
486 433 9.01 
486 463 32.01 
486 479 21.009999999999998 
486 487 45.01 
25 18 0.01 
25 31 5.01 
25 134 2.01 
25 205 0.01 
25 241 2.01 
25 454 3.01 
25 455 1.01 
25 466 6.01 
25 480 8.01 
25 493 12.01 
25 495 16.009999999999998 
25 499 43.01 
31 248 6.01 
31 310 0.01 
31 315 0.01 
31 355 3.01 
31 371 5.01 
31 427 5.01 
31 472 16.009999999999998 
31 474 7.01 
31 476 14.01 
31 477 11.01 
31 493 20.009999999999998 
31 499 187.01 
134 109 1.01 
134 128 0.01 
134 239 1.01 
134 284 2.01 
134 318 3.01 
134 393 1.01 
134 493 10.01 
134 495 8.01 
134 496 8.01 
134 498 12.01 
134 499 13.01 
134 500 17.009999999999998 
241 205 0.01 
241 335 4.01 
241 354 0.01 
241 386 1.01 
241 387 0.01 
241 422 1.01 
241 432 7.01 
241 459 3.01 
241 480 6.01 
241 495 11.01 
241 496 20.009999999999998 
241 499 29.009999999999998 
454 11 0.01 
454 207 2.01 
454 230 3.01 
454 260 0.01 
454 305 3.01 
454 387 3.01 
454 411 7.01 
454 434 3.01 
454 487 10.01 
454 489 23.009999999999998 
454 500 89.00999999999999 
466 61 3.01 
466 64 1.01 
466 170 29.009999999999998 
466 439 3.01 
466 458 8.01 
466 463 7.01 
466 472 16.009999999999998 
466 480 22.009999999999998 
466 489 22.009999999999998 
466 499 53.01 
466 500 105.00999999999999 
480 3 20.009999999999998 
480 45 1.01 
480 118 2.01 
480 167 9.01 
480 242 8.01 
480 335 5.01 
480 359 7.01 
480 459 35.01 
480 472 19.009999999999998 
480 498 220.01 
480 499 168.01 
26 141 0.01 
26 374 3.01 
26 388 4.01 
26 438 2.01 
26 440 1.01 
26 481 6.01 
26 493 24.009999999999998 
26 495 39.01 
26 496 19.009999999999998 
26 497 126.00999999999999 
26 499 46.01 
26 500 62.01 
141 15 0.01 
141 35 0.01 
141 126 0.01 
141 149 0.01 
141 280 0.01 
141 336 2.01 
141 350 1.01 
141 360 1.01 
141 431 3.01 
141 433 1.01 
141 479 0.01 
141 483 0.01 
374 159 5.01 
374 178 6.01 
374 376 3.01 
374 406 10.01 
374 425 4.01 
374 449 3.01 
374 457 16.009999999999998 
374 470 5.01 
374 475 8.01 
374 481 13.01 
374 498 49.01 
388 153 2.01 
388 191 1.01 
388 252 2.01 
388 255 1.01 
388 352 2.01 
388 418 4.01 
388 459 7.01 
388 493 19.009999999999998 
388 496 30.009999999999998 
388 497 27.009999999999998 
388 499 33.01 
438 96 0.01 
438 133 1.01 
438 181 1.01 
438 187 1.01 
438 274 2.01 
438 372 1.01 
438 408 5.01 
438 455 4.01 
438 473 6.01 
438 494 13.01 
438 500 67.00999999999999 
440 7 2.01 
440 9 1.01 
440 24 1.01 
440 365 1.01 
440 372 2.01 
440 393 4.01 
440 425 8.01 
440 436 7.01 
440 462 8.01 
440 467 1.01 
440 500 83.00999999999999 
27 148 0.01 
27 254 1.01 
27 320 2.01 
27 383 0.01 
27 392 0.01 
27 416 0.01 
27 441 1.01 
27 479 1.01 
27 482 6.01 
27 483 5.01 
27 488 2.01 
27 500 10.01 
148 131 0.01 
148 176 0.01 
148 238 0.01 
148 300 0.01 
148 350 1.01 
148 358 0.01 
148 394 1.01 
148 435 0.01 
148 465 3.01 
148 472 3.01 
148 494 7.01 
148 500 60.01 
254 107 0.01 
254 149 0.01 
254 161 1.01 
254 230 1.01 
254 278 0.01 
254 401 1.01 
254 404 1.01 
254 421 0.01 
254 439 2.01 
254 488 3.01 
254 499 9.01 
320 73 0.01 
320 189 1.01 
320 192 4.01 
320 196 0.01 
320 210 1.01 
320 313 3.01 
320 316 3.01 
320 328 5.01 
320 436 5.01 
320 486 15.01 
320 494 71.00999999999999 
392 49 1.01 
392 54 1.01 
392 151 7.01 
392 152 3.01 
392 350 4.01 
392 389 1.01 
392 401 1.01 
392 437 5.01 
392 442 3.01 
392 491 4.01 
392 499 22.009999999999998 
416 148 4.01 
416 182 0.01 
416 225 4.01 
416 286 2.01 
416 354 2.01 
416 373 14.01 
416 380 4.01 
416 483 16.009999999999998 
416 493 20.009999999999998 
416 499 45.01 
416 500 70.00999999999999 
441 33 1.01 
441 214 1.01 
441 228 3.01 
441 243 3.01 
441 271 1.01 
441 387 6.01 
441 461 3.01 
441 472 15.01 
441 483 23.009999999999998 
441 498 37.01 
441 500 91.00999999999999 
28 19 0.01 
28 68 0.01 
28 91 1.01 
28 218 1.01 
28 232 0.01 
28 359 4.01 
28 370 0.01 
28 438 0.01 
28 441 2.01 
28 483 1.01 
28 490 9.01 
28 500 14.01 
68 80 0.01 
68 112 0.01 
68 216 0.01 
68 307 0.01 
68 341 0.01 
68 360 1.01 
68 372 0.01 
68 479 4.01 
68 485 0.01 
68 488 8.01 
68 489 3.01 
68 500 20.009999999999998 
218 48 0.01 
218 286 2.01 
218 357 2.01 
218 389 0.01 
218 397 1.01 
218 401 4.01 
218 421 1.01 
218 428 1.01 
218 433 0.01 
218 444 4.01 
218 465 1.01 
218 491 10.01 
232 63 0.01 
232 249 1.01 
232 278 0.01 
232 305 1.01 
232 386 0.01 
232 425 1.01 
232 444 1.01 
232 469 3.01 
232 486 4.01 
232 491 3.01 
232 497 4.01 
232 500 13.01 
359 176 1.01 
359 247 1.01 
359 318 1.01 
359 336 2.01 
359 339 3.01 
359 364 3.01 
359 377 4.01 
359 423 3.01 
359 435 2.01 
359 488 4.01 
359 492 9.01 
370 5 1.01 
370 177 0.01 
370 458 1.01 
370 464 7.01 
370 471 3.01 
370 479 2.01 
370 482 5.01 
370 484 7.01 
370 487 4.01 
370 499 11.01 
370 500 38.01 
490 60 9.01 
490 165 9.01 
490 221 5.01 
490 362 18.009999999999998 
490 386 6.01 
490 390 10.01 
490 425 22.009999999999998 
490 434 23.009999999999998 
490 489 61.01 
490 492 60.01 
490 500 265.01 
29 100 0.01 
29 215 3.01 
29 237 0.01 
29 239 2.01 
29 243 1.01 
29 309 1.01 
29 314 1.01 
29 454 0.01 
29 489 5.01 
29 491 2.01 
29 499 11.01 
29 500 26.009999999999998 
100 34 1.01 
100 115 0.01 
100 340 1.01 
100 428 1.01 
100 451 0.01 
100 470 2.01 
100 471 2.01 
100 479 0.01 
100 482 5.01 
100 496 5.01 
100 499 9.01 
100 500 21.009999999999998 
239 3 11.01 
239 91 0.01 
239 242 7.01 
239 257 3.01 
239 260 3.01 
239 284 2.01 
239 289 5.01 
239 410 16.009999999999998 
239 426 10.01 
239 481 13.01 
239 496 54.01 
239 499 215.01 
243 142 0.01 
243 172 0.01 
243 192 3.01 
243 326 3.01 
243 356 1.01 
243 429 2.01 
243 442 2.01 
243 447 3.01 
243 471 4.01 
243 472 5.01 
243 485 6.01 
243 490 7.01 
309 68 3.01 
309 104 0.01 
309 142 1.01 
309 320 2.01 
309 385 0.01 
309 423 0.01 
309 434 7.01 
309 462 4.01 
309 482 8.01 
309 492 11.01 
309 500 49.01 
314 102 1.01 
314 163 0.01 
314 272 0.01 
314 279 1.01 
314 349 0.01 
314 364 1.01 
314 381 0.01 
314 415 9.01 
314 419 0.01 
314 442 3.01 
314 490 12.01 
30 115 0.01 
30 197 1.01 
30 244 0.01 
30 318 0.01 
30 328 1.01 
30 351 0.01 
30 400 1.01 
30 434 1.01 
30 448 0.01 
30 486 2.01 
30 498 4.01 
30 500 11.01 
115 109 1.01 
115 123 0.01 
115 206 0.01 
115 228 0.01 
115 343 3.01 
115 364 0.01 
115 428 0.01 
115 431 3.01 
115 464 3.01 
115 486 4.01 
115 488 1.01 
115 499 6.01 
197 174 1.01 
197 236 0.01 
197 338 0.01 
197 360 0.01 
197 361 1.01 
197 398 0.01 
197 437 10.01 
197 445 2.01 
197 466 0.01 
197 473 1.01 
197 492 8.01 
197 494 5.01 
244 57 1.01 
244 168 0.01 
244 177 1.01 
244 203 0.01 
244 321 1.01 
244 349 0.01 
244 367 0.01 
244 407 3.01 
244 428 0.01 
244 471 3.01 
244 473 2.01 
244 500 26.009999999999998 
318 24 0.01 
318 199 1.01 
318 217 0.01 
318 269 1.01 
318 299 0.01 
318 323 0.01 
318 341 2.01 
318 385 0.01 
318 490 16.009999999999998 
318 495 15.01 
318 500 42.01 
351 42 2.01 
351 85 0.01 
351 94 3.01 
351 116 1.01 
351 347 0.01 
351 410 11.01 
351 413 9.01 
351 427 5.01 
351 459 11.01 
351 498 64.00999999999999 
351 499 61.01 
434 72 0.01 
434 103 1.01 
434 149 0.01 
434 313 0.01 
434 341 2.01 
434 416 3.01 
434 435 2.01 
434 474 5.01 
434 487 19.009999999999998 
434 489 12.01 
434 500 122.00999999999999 
248 37 3.01 
248 66 0.01 
248 339 2.01 
248 367 1.01 
248 410 4.01 
248 411 4.01 
248 481 5.01 
248 494 3.01 
248 495 37.01 
248 498 16.009999999999998 
248 499 32.01 
310 51 7.01 
310 95 0.01 
310 268 0.01 
310 327 0.01 
310 415 1.01 
310 474 2.01 
310 475 5.01 
310 494 7.01 
310 497 11.01 
310 498 16.009999999999998 
310 500 31.009999999999998 
355 22 0.01 
355 26 2.01 
355 174 1.01 
355 257 1.01 
355 268 0.01 
355 404 0.01 
355 474 4.01 
355 495 29.009999999999998 
355 497 15.01 
355 498 20.009999999999998 
355 499 35.01 
371 67 1.01 
371 115 1.01 
371 138 2.01 
371 220 2.01 
371 342 2.01 
371 350 0.01 
371 451 29.009999999999998 
371 486 13.01 
371 497 18.009999999999998 
371 498 38.01 
371 499 62.01 
32 4 2.01 
32 154 1.01 
32 198 0.01 
32 271 3.01 
32 321 3.01 
32 341 1.01 
32 361 1.01 
32 409 1.01 
32 441 4.01 
32 461 2.01 
32 484 6.01 
32 500 21.009999999999998 
154 23 0.01 
154 46 1.01 
154 283 0.01 
154 386 0.01 
154 457 5.01 
154 470 3.01 
154 475 3.01 
154 493 9.01 
154 495 11.01 
154 496 10.01 
154 498 9.01 
154 499 9.01 
198 6 0.01 
198 97 0.01 
198 140 0.01 
198 383 0.01 
198 388 1.01 
198 390 0.01 
198 414 0.01 
198 443 2.01 
198 487 8.01 
198 488 1.01 
198 490 6.01 
198 500 13.01 
271 273 1.01 
271 275 2.01 
271 321 0.01 
271 387 0.01 
271 463 3.01 
271 487 6.01 
271 489 7.01 
271 490 7.01 
271 495 10.01 
271 497 9.01 
271 500 22.009999999999998 
321 24 0.01 
321 46 0.01 
321 269 1.01 
321 302 2.01 
321 336 3.01 
321 444 2.01 
321 461 4.01 
321 463 2.01 
321 487 8.01 
321 499 17.009999999999998 
321 500 26.009999999999998 
341 287 3.01 
341 317 1.01 
341 395 0.01 
341 406 4.01 
341 482 5.01 
341 483 5.01 
341 485 2.01 
341 487 6.01 
341 496 8.01 
341 497 20.009999999999998 
341 500 36.01 
361 129 1.01 
361 141 1.01 
361 246 0.01 
361 254 0.01 
361 306 0.01 
361 367 0.01 
361 417 1.01 
361 421 0.01 
361 432 4.01 
361 433 2.01 
361 478 5.01 
33 68 1.01 
33 125 1.01 
33 187 0.01 
33 188 0.01 
33 271 0.01 
33 381 3.01 
33 408 2.01 
33 446 2.01 
33 460 2.01 
33 489 4.01 
33 491 14.01 
33 500 40.01 
187 13 1.01 
187 64 1.01 
187 167 1.01 
187 333 1.01 
187 337 2.01 
187 458 1.01 
187 463 2.01 
187 467 1.01 
187 484 7.01 
187 485 3.01 
187 498 11.01 
187 500 12.01 
381 39 0.01 
381 53 2.01 
381 75 1.01 
381 156 0.01 
381 291 1.01 
381 315 1.01 
381 462 3.01 
381 488 10.01 
381 493 18.009999999999998 
381 497 16.009999999999998 
381 500 38.01 
408 28 0.01 
408 105 1.01 
408 208 2.01 
408 297 0.01 
408 448 4.01 
408 449 2.01 
408 452 7.01 
408 486 12.01 
408 490 21.009999999999998 
408 493 20.009999999999998 
408 500 68.00999999999999 
446 16 1.01 
446 241 2.01 
446 384 5.01 
446 395 0.01 
446 422 4.01 
446 480 22.009999999999998 
446 485 13.01 
446 496 52.01 
446 497 42.01 
446 498 50.01 
446 499 63.01 
90 131 1.01 
90 177 1.01 
90 179 0.01 
90 297 1.01 
90 323 0.01 
90 400 1.01 
90 462 4.01 
90 479 3.01 
90 487 11.01 
90 489 13.01 
90 494 65.00999999999999 
90 500 26.009999999999998 
117 20 0.01 
117 229 0.01 
117 253 0.01 
117 312 1.01 
117 391 2.01 
117 433 0.01 
117 462 0.01 
117 464 2.01 
117 491 6.01 
117 492 6.01 
117 494 5.01 
117 500 14.01 
467 123 1.01 
467 148 1.01 
467 285 2.01 
467 424 9.01 
467 437 5.01 
467 453 7.01 
467 458 10.01 
467 464 16.009999999999998 
467 486 17.009999999999998 
467 491 20.009999999999998 
467 500 76.00999999999999 
35 76 0.01 
35 126 0.01 
35 303 1.01 
35 329 0.01 
35 385 1.01 
35 417 0.01 
35 429 1.01 
35 453 2.01 
35 465 0.01 
35 471 0.01 
35 487 2.01 
35 494 2.01 
76 21 0.01 
76 96 0.01 
76 157 0.01 
76 221 0.01 
76 266 1.01 
76 327 1.01 
76 352 1.01 
76 394 0.01 
76 480 0.01 
76 481 1.01 
76 492 1.01 
76 494 5.01 
126 15 0.01 
126 19 0.01 
126 370 0.01 
126 392 0.01 
126 397 0.01 
126 438 0.01 
126 444 1.01 
126 445 1.01 
126 446 0.01 
126 479 2.01 
126 494 2.01 
126 500 20.009999999999998 
303 162 2.01 
303 196 0.01 
303 222 9.01 
303 269 0.01 
303 354 1.01 
303 363 1.01 
303 439 0.01 
303 469 0.01 
303 490 4.01 
303 499 12.01 
303 500 16.009999999999998 
329 15 0.01 
329 278 0.01 
329 294 1.01 
329 301 2.01 
329 334 0.01 
329 350 0.01 
329 364 1.01 
329 374 1.01 
329 433 2.01 
329 449 2.01 
329 494 4.01 
385 177 1.01 
385 190 1.01 
385 202 0.01 
385 308 3.01 
385 366 4.01 
385 409 4.01 
385 471 6.01 
385 472 12.01 
385 475 11.01 
385 478 8.01 
385 500 77.00999999999999 
429 120 2.01 
429 231 3.01 
429 280 1.01 
429 290 2.01 
429 294 2.01 
429 308 0.01 
429 377 1.01 
429 462 2.01 
429 473 4.01 
429 494 11.01 
429 500 45.01 
453 58 2.01 
453 127 1.01 
453 205 0.01 
453 211 1.01 
453 228 4.01 
453 290 3.01 
453 391 13.01 
453 430 5.01 
453 468 8.01 
453 492 80.00999999999999 
453 494 17.009999999999998 
36 107 0.01 
36 276 0.01 
36 285 0.01 
36 297 0.01 
36 326 0.01 
36 350 0.01 
36 360 1.01 
36 430 0.01 
36 437 1.01 
36 447 1.01 
36 494 3.01 
36 500 8.01 
107 130 0.01 
107 204 0.01 
107 281 1.01 
107 314 0.01 
107 439 1.01 
107 453 1.01 
107 466 0.01 
107 467 0.01 
107 491 4.01 
107 494 1.01 
107 496 3.01 
107 500 7.01 
276 39 1.01 
276 103 2.01 
276 123 1.01 
276 378 2.01 
276 394 3.01 
276 460 4.01 
276 461 8.01 
276 473 5.01 
276 483 10.01 
276 498 21.009999999999998 
276 500 62.01 
285 65 0.01 
285 182 0.01 
285 298 0.01 
285 302 0.01 
285 424 1.01 
285 435 0.01 
285 436 5.01 
285 454 2.01 
285 455 1.01 
285 490 10.01 
285 500 34.01 
297 347 0.01 
297 372 2.01 
297 403 3.01 
297 423 1.01 
297 442 2.01 
297 459 4.01 
297 485 4.01 
297 489 4.01 
297 491 5.01 
297 492 5.01 
297 494 5.01 
326 12 1.01 
326 168 0.01 
326 204 3.01 
326 319 2.01 
326 408 1.01 
326 429 0.01 
326 453 1.01 
326 466 2.01 
326 467 2.01 
326 477 2.01 
326 492 10.01 
350 41 0.01 
350 129 0.01 
350 245 1.01 
350 326 1.01 
350 362 0.01 
350 370 0.01 
350 416 1.01 
350 447 7.01 
350 462 3.01 
350 475 0.01 
350 492 9.01 
360 151 2.01 
360 189 1.01 
360 309 3.01 
360 365 1.01 
360 370 1.01 
360 411 4.01 
360 415 2.01 
360 430 0.01 
360 482 6.01 
360 494 7.01 
360 500 54.01 
437 106 1.01 
437 197 2.01 
437 206 5.01 
437 384 3.01 
437 390 5.01 
437 436 11.01 
437 438 5.01 
437 465 9.01 
437 476 8.01 
437 481 4.01 
437 494 16.009999999999998 
37 45 0.01 
37 99 6.01 
37 153 2.01 
37 341 0.01 
37 384 3.01 
37 426 3.01 
37 432 1.01 
37 493 18.009999999999998 
37 497 19.009999999999998 
37 498 14.01 
37 499 32.01 
37 500 35.01 
45 71 2.01 
45 94 2.01 
45 134 0.01 
45 160 2.01 
45 208 2.01 
45 248 1.01 
45 343 4.01 
45 474 5.01 
45 484 8.01 
45 497 13.01 
45 498 24.009999999999998 
45 499 23.009999999999998 
99 136 1.01 
99 181 3.01 
99 236 2.01 
99 418 5.01 
99 456 4.01 
99 457 14.01 
99 475 13.01 
99 476 13.01 
99 493 29.009999999999998 
99 495 29.009999999999998 
99 498 38.01 
99 499 55.01 
153 31 2.01 
153 166 1.01 
153 224 0.01 
153 283 0.01 
153 355 1.01 
153 457 5.01 
153 474 5.01 
153 483 8.01 
153 487 4.01 
153 494 4.01 
153 499 20.009999999999998 
153 500 35.01 
384 11 0.01 
384 36 1.01 
384 120 2.01 
384 139 0.01 
384 144 1.01 
384 451 7.01 
384 491 8.01 
384 495 29.009999999999998 
384 497 20.009999999999998 
384 498 31.009999999999998 
384 499 38.01 
38 112 0.01 
38 324 4.01 
38 351 1.01 
38 378 0.01 
38 421 3.01 
38 450 5.01 
38 456 1.01 
38 470 4.01 
38 477 2.01 
38 482 5.01 
38 485 6.01 
38 500 24.009999999999998 
112 47 0.01 
112 280 0.01 
112 296 1.01 
112 374 0.01 
112 396 0.01 
112 429 1.01 
112 440 1.01 
112 476 1.01 
112 489 7.01 
112 490 2.01 
112 494 4.01 
112 495 0.01 
324 51 1.01 
324 61 1.01 
324 176 2.01 
324 377 2.01 
324 382 0.01 
324 452 2.01 
324 457 1.01 
324 458 5.01 
324 483 1.01 
324 487 6.01 
324 499 21.009999999999998 
378 71 3.01 
378 267 3.01 
378 355 1.01 
378 361 2.01 
378 366 9.01 
378 391 3.01 
378 414 1.01 
378 456 4.01 
378 469 2.01 
378 491 3.01 
378 492 4.01 
421 170 4.01 
421 206 3.01 
421 215 5.01 
421 222 0.01 
421 228 3.01 
421 265 1.01 
421 274 4.01 
421 424 1.01 
421 467 7.01 
421 490 12.01 
421 500 51.01 
39 168 0.01 
39 253 1.01 
39 295 1.01 
39 296 0.01 
39 309 2.01 
39 344 1.01 
39 382 0.01 
39 442 1.01 
39 457 2.01 
39 465 1.01 
39 482 2.01 
39 487 1.01 
168 76 0.01 
168 135 0.01 
168 203 1.01 
168 323 0.01 
168 397 0.01 
168 415 0.01 
168 434 2.01 
168 437 2.01 
168 464 0.01 
168 476 1.01 
168 481 2.01 
168 498 2.01 
253 24 0.01 
253 229 6.01 
253 271 2.01 
253 305 0.01 
253 358 4.01 
253 427 1.01 
253 473 6.01 
253 481 4.01 
253 490 14.01 
253 491 4.01 
253 500 54.01 
296 185 1.01 
296 224 1.01 
296 257 2.01 
296 317 1.01 
296 352 0.01 
296 417 1.01 
296 471 3.01 
296 474 9.01 
296 478 8.01 
296 496 147.01 
296 499 55.01 
344 30 0.01 
344 42 0.01 
344 170 7.01 
344 251 2.01 
344 303 0.01 
344 439 2.01 
344 473 6.01 
344 488 5.01 
344 490 10.01 
344 494 8.01 
344 500 37.01 
382 16 2.01 
382 29 0.01 
382 40 1.01 
382 179 3.01 
382 198 0.01 
382 364 1.01 
382 410 4.01 
382 484 5.01 
382 489 5.01 
382 496 10.01 
382 500 35.01 
442 73 1.01 
442 337 2.01 
442 338 5.01 
442 388 4.01 
442 411 7.01 
442 435 11.01 
442 441 8.01 
442 471 6.01 
442 485 10.01 
442 487 15.01 
442 500 71.00999999999999 
40 48 0.01 
40 88 0.01 
40 193 2.01 
40 206 0.01 
40 343 0.01 
40 403 0.01 
40 455 2.01 
40 471 0.01 
40 485 0.01 
40 488 1.01 
40 492 6.01 
40 500 17.009999999999998 
193 163 0.01 
193 187 0.01 
193 254 0.01 
193 297 0.01 
193 302 0.01 
193 335 1.01 
193 359 1.01 
193 469 1.01 
193 472 2.01 
193 484 4.01 
193 486 6.01 
193 500 26.009999999999998 
206 43 3.01 
206 158 0.01 
206 203 0.01 
206 204 0.01 
206 236 0.01 
206 299 0.01 
206 311 1.01 
206 312 4.01 
206 338 3.01 
206 423 1.01 
206 491 5.01 
206 492 2.01 
343 94 2.01 
343 148 5.01 
343 217 4.01 
343 294 3.01 
343 394 2.01 
343 458 4.01 
343 476 13.01 
343 489 23.009999999999998 
343 496 33.01 
343 497 56.01 
343 500 277.01 
41 64 0.01 
41 112 0.01 
41 158 0.01 
41 207 0.01 
41 405 1.01 
41 428 1.01 
41 438 0.01 
41 473 2.01 
41 484 2.01 
41 488 3.01 
41 492 1.01 
41 500 7.01 
64 84 0.01 
64 196 1.01 
64 279 1.01 
64 292 0.01 
64 322 0.01 
64 358 1.01 
64 367 1.01 
64 390 0.01 
64 445 1.01 
64 454 2.01 
64 474 3.01 
64 500 16.009999999999998 
158 13 0.01 
158 47 0.01 
158 232 1.01 
158 334 0.01 
158 346 0.01 
158 369 0.01 
158 423 2.01 
158 430 2.01 
158 467 0.01 
158 492 2.01 
158 493 2.01 
158 494 2.01 
207 4 2.01 
207 184 1.01 
207 291 2.01 
207 329 0.01 
207 372 1.01 
207 405 0.01 
207 417 1.01 
207 430 2.01 
207 458 3.01 
207 485 3.01 
207 494 7.01 
207 500 21.009999999999998 
42 6 0.01 
42 208 1.01 
42 219 2.01 
42 252 3.01 
42 265 1.01 
42 289 1.01 
42 369 0.01 
42 388 0.01 
42 478 3.01 
42 488 7.01 
42 495 13.01 
42 499 22.009999999999998 
208 153 2.01 
208 257 2.01 
208 276 2.01 
208 318 0.01 
208 376 0.01 
208 379 2.01 
208 384 4.01 
208 388 1.01 
208 412 2.01 
208 427 4.01 
208 493 20.009999999999998 
208 499 24.009999999999998 
219 78 0.01 
219 149 2.01 
219 197 0.01 
219 211 0.01 
219 280 1.01 
219 299 3.01 
219 331 2.01 
219 430 0.01 
219 471 2.01 
219 494 9.01 
219 497 13.01 
219 500 37.01 
252 45 0.01 
252 224 1.01 
252 323 1.01 
252 363 0.01 
252 409 0.01 
252 448 0.01 
252 481 2.01 
252 482 2.01 
252 493 12.01 
252 496 10.01 
252 499 20.009999999999998 
265 3 5.01 
265 47 1.01 
265 186 2.01 
265 263 2.01 
265 286 0.01 
265 375 9.01 
265 392 0.01 
265 472 10.01 
265 489 25.009999999999998 
265 490 21.009999999999998 
265 495 24.009999999999998 
289 51 1.01 
289 89 4.01 
289 128 0.01 
289 353 1.01 
289 396 4.01 
289 406 4.01 
289 446 7.01 
289 482 6.01 
289 486 9.01 
289 497 24.009999999999998 
289 499 49.01 
43 60 0.01 
43 313 1.01 
43 343 2.01 
43 354 0.01 
43 397 0.01 
43 407 5.01 
43 415 1.01 
43 437 0.01 
43 448 2.01 
43 466 0.01 
43 489 4.01 
43 500 15.01 
60 257 0.01 
60 281 3.01 
60 344 0.01 
60 375 3.01 
60 384 3.01 
60 408 2.01 
60 461 5.01 
60 470 5.01 
60 479 4.01 
60 482 6.01 
60 487 11.01 
60 500 31.009999999999998 
313 92 0.01 
313 100 1.01 
313 117 1.01 
313 227 3.01 
313 301 0.01 
313 361 2.01 
313 417 1.01 
313 429 1.01 
313 435 3.01 
313 449 3.01 
313 498 9.01 
354 57 0.01 
354 71 1.01 
354 77 2.01 
354 186 1.01 
354 249 0.01 
354 278 2.01 
354 318 1.01 
354 334 1.01 
354 431 1.01 
354 492 4.01 
354 496 15.01 
397 46 0.01 
397 132 1.01 
397 201 1.01 
397 338 1.01 
397 398 1.01 
397 404 1.01 
397 430 1.01 
397 444 3.01 
397 449 3.01 
397 460 0.01 
397 462 4.01 
407 87 0.01 
407 287 9.01 
407 302 0.01 
407 305 2.01 
407 325 2.01 
407 340 2.01 
407 367 6.01 
407 422 7.01 
407 445 6.01 
407 497 66.00999999999999 
407 500 300.01 
415 14 1.01 
415 115 0.01 
415 234 0.01 
415 275 0.01 
415 314 7.01 
415 329 2.01 
415 426 4.01 
415 432 3.01 
415 450 7.01 
415 458 7.01 
415 477 5.01 
87 9 1.01 
87 83 0.01 
87 113 0.01 
87 144 0.01 
87 302 1.01 
87 307 2.01 
87 308 0.01 
87 405 1.01 
87 419 1.01 
87 442 0.01 
87 458 3.01 
87 500 32.01 
161 20 0.01 
161 58 0.01 
161 90 0.01 
161 102 1.01 
161 320 1.01 
161 462 4.01 
161 471 1.01 
161 492 1.01 
161 493 5.01 
161 497 9.01 
161 498 5.01 
161 500 9.01 
211 36 1.01 
211 189 0.01 
211 198 1.01 
211 293 1.01 
211 301 1.01 
211 338 0.01 
211 392 1.01 
211 436 3.01 
211 461 1.01 
211 474 1.01 
211 491 4.01 
211 499 11.01 
71 78 2.01 
71 314 1.01 
71 337 1.01 
71 398 0.01 
71 416 2.01 
71 440 1.01 
71 469 1.01 
71 485 3.01 
71 489 8.01 
71 490 3.01 
71 494 7.01 
71 500 31.009999999999998 
94 122 1.01 
94 308 4.01 
94 395 2.01 
94 399 2.01 
94 400 1.01 
94 426 6.01 
94 427 2.01 
94 446 2.01 
94 495 13.01 
94 496 15.01 
94 497 20.009999999999998 
94 499 22.009999999999998 
160 74 2.01 
160 180 1.01 
160 212 3.01 
160 416 2.01 
160 474 6.01 
160 476 15.01 
160 486 8.01 
160 496 34.01 
160 497 23.009999999999998 
160 498 168.01 
160 499 52.01 
160 500 61.01 
46 56 0.01 
46 65 0.01 
46 116 1.01 
46 141 1.01 
46 232 0.01 
46 314 0.01 
46 350 0.01 
46 461 2.01 
46 485 4.01 
46 491 3.01 
46 494 5.01 
46 499 14.01 
65 155 0.01 
65 168 0.01 
65 173 0.01 
65 186 0.01 
65 203 2.01 
65 361 0.01 
65 402 0.01 
65 415 3.01 
65 440 0.01 
65 445 0.01 
65 447 0.01 
65 481 2.01 
116 131 0.01 
116 139 0.01 
116 356 0.01 
116 362 0.01 
116 464 2.01 
116 469 2.01 
116 482 2.01 
116 484 3.01 
116 487 3.01 
116 488 1.01 
116 497 12.01 
116 500 20.009999999999998 
47 149 0.01 
47 240 0.01 
47 247 1.01 
47 304 0.01 
47 313 0.01 
47 316 2.01 
47 347 0.01 
47 409 0.01 
47 453 2.01 
47 467 2.01 
47 488 6.01 
47 500 32.01 
149 1 1.01 
149 105 0.01 
149 263 1.01 
149 324 0.01 
149 325 2.01 
149 326 0.01 
149 378 1.01 
149 437 0.01 
149 449 1.01 
149 494 10.01 
149 495 12.01 
149 500 28.009999999999998 
240 44 0.01 
240 228 1.01 
240 229 2.01 
240 254 1.01 
240 274 1.01 
240 316 2.01 
240 412 2.01 
240 430 1.01 
240 447 1.01 
240 479 5.01 
240 489 11.01 
240 491 4.01 
304 153 0.01 
304 161 2.01 
304 236 0.01 
304 331 1.01 
304 346 1.01 
304 404 3.01 
304 455 15.01 
304 465 2.01 
304 475 2.01 
304 482 3.01 
304 492 8.01 
316 36 0.01 
316 90 0.01 
316 104 0.01 
316 201 1.01 
316 219 1.01 
316 271 1.01 
316 323 0.01 
316 366 1.01 
316 436 5.01 
316 483 5.01 
316 487 7.01 
347 96 0.01 
347 228 0.01 
347 309 0.01 
347 343 1.01 
347 373 2.01 
347 440 2.01 
347 465 18.009999999999998 
347 489 6.01 
347 492 7.01 
347 498 19.009999999999998 
347 499 21.009999999999998 
325 34 2.01 
325 279 1.01 
325 342 3.01 
325 389 1.01 
325 395 4.01 
325 421 2.01 
325 462 4.01 
325 465 0.01 
325 467 4.01 
325 468 2.01 
325 500 59.01 
353 59 3.01 
353 221 4.01 
353 260 0.01 
353 337 3.01 
353 395 4.01 
353 451 8.01 
353 481 6.01 
353 488 11.01 
353 495 16.009999999999998 
353 496 35.01 
353 499 37.01 
445 150 0.01 
445 162 4.01 
445 250 1.01 
445 314 0.01 
445 381 1.01 
445 444 3.01 
445 449 3.01 
445 459 9.01 
445 467 8.01 
445 488 9.01 
445 500 102.00999999999999 
49 22 0.01 
49 106 1.01 
49 208 1.01 
49 268 0.01 
49 296 0.01 
49 427 17.009999999999998 
49 438 0.01 
49 453 1.01 
49 493 7.01 
49 495 11.01 
49 498 12.01 
49 499 18.009999999999998 
106 8 2.01 
106 88 0.01 
106 164 0.01 
106 263 0.01 
106 286 2.01 
106 383 1.01 
106 396 3.01 
106 425 2.01 
106 442 3.01 
106 497 12.01 
106 498 14.01 
106 500 26.009999999999998 
268 32 0.01 
268 82 1.01 
268 145 3.01 
268 260 1.01 
268 371 1.01 
268 376 1.01 
268 412 1.01 
268 495 8.01 
268 496 11.01 
268 497 10.01 
268 498 10.01 
155 197 0.01 
155 249 0.01 
155 263 1.01 
155 361 0.01 
155 421 0.01 
155 424 3.01 
155 429 0.01 
155 449 1.01 
155 484 4.01 
155 491 3.01 
155 496 2.01 
155 499 3.01 
234 78 0.01 
234 259 0.01 
234 264 0.01 
234 317 0.01 
234 372 1.01 
234 382 0.01 
234 387 1.01 
234 453 6.01 
234 475 5.01 
234 482 5.01 
234 492 4.01 
234 500 22.009999999999998 
362 215 7.01 
362 332 9.01 
362 368 1.01 
362 404 4.01 
362 406 5.01 
362 469 4.01 
362 470 8.01 
362 476 11.01 
362 489 9.01 
362 490 70.00999999999999 
362 493 31.009999999999998 
390 282 5.01 
390 345 3.01 
390 383 0.01 
390 433 4.01 
390 450 10.01 
390 471 7.01 
390 477 6.01 
390 486 12.01 
390 497 19.009999999999998 
390 499 35.01 
390 500 56.01 
51 54 1.01 
51 69 0.01 
51 140 0.01 
51 195 3.01 
51 198 0.01 
51 298 1.01 
51 310 5.01 
51 443 7.01 
51 451 4.01 
51 496 8.01 
51 497 4.01 
51 499 18.009999999999998 
54 32 1.01 
54 36 0.01 
54 175 1.01 
54 213 1.01 
54 214 1.01 
54 250 1.01 
54 320 1.01 
54 347 2.01 
54 429 0.01 
54 461 20.009999999999998 
54 465 2.01 
54 495 3.01 
69 29 1.01 
69 180 4.01 
69 241 0.01 
69 251 1.01 
69 379 0.01 
69 399 2.01 
69 422 2.01 
69 478 1.01 
69 494 3.01 
69 496 2.01 
69 498 8.01 
69 499 11.01 
195 66 1.01 
195 172 0.01 
195 282 1.01 
195 379 1.01 
195 450 2.01 
195 457 6.01 
195 474 3.01 
195 481 4.01 
195 495 11.01 
195 496 22.009999999999998 
195 498 22.009999999999998 
195 499 18.009999999999998 
298 198 0.01 
298 240 1.01 
298 259 1.01 
298 264 4.01 
298 378 1.01 
298 394 1.01 
298 429 1.01 
298 479 1.01 
298 487 10.01 
298 488 6.01 
298 490 4.01 
349 52 4.01 
349 250 1.01 
349 325 0.01 
349 338 5.01 
349 447 6.01 
349 463 4.01 
349 465 4.01 
349 470 2.01 
349 485 6.01 
349 491 5.01 
349 500 36.01 
142 55 0.01 
142 214 1.01 
142 223 0.01 
142 230 1.01 
142 302 1.01 
142 308 0.01 
142 324 0.01 
142 395 2.01 
142 445 2.01 
142 454 2.01 
142 466 4.01 
142 472 5.01 
225 44 0.01 
225 64 0.01 
225 100 0.01 
225 178 2.01 
225 202 3.01 
225 318 0.01 
225 377 1.01 
225 413 1.01 
225 434 3.01 
225 466 8.01 
225 483 9.01 
225 500 59.01 
306 86 1.01 
306 113 0.01 
306 244 1.01 
306 317 1.01 
306 446 1.01 
306 464 2.01 
306 479 5.01 
306 488 6.01 
306 495 8.01 
306 496 11.01 
306 500 37.01 
175 34 0.01 
175 183 3.01 
175 213 0.01 
175 217 1.01 
175 219 0.01 
175 230 4.01 
175 258 1.01 
175 263 0.01 
175 453 5.01 
175 467 10.01 
175 479 10.01 
175 492 12.01 
213 7 1.01 
213 41 1.01 
213 128 1.01 
213 130 1.01 
213 156 1.01 
213 235 0.01 
213 246 0.01 
213 268 1.01 
213 440 1.01 
213 449 0.01 
213 455 0.01 
213 491 6.01 
214 14 2.01 
214 39 1.01 
214 97 0.01 
214 192 1.01 
214 323 0.01 
214 375 0.01 
214 451 2.01 
214 463 4.01 
214 469 0.01 
214 470 1.01 
214 499 19.009999999999998 
214 500 24.009999999999998 
250 68 1.01 
250 182 0.01 
250 336 3.01 
250 354 0.01 
250 386 2.01 
250 387 1.01 
250 401 3.01 
250 466 3.01 
250 490 7.01 
250 497 11.01 
250 500 38.01 
55 15 0.01 
55 28 1.01 
55 62 0.01 
55 173 0.01 
55 322 1.01 
55 405 0.01 
55 437 0.01 
55 477 2.01 
55 480 4.01 
55 484 11.01 
55 494 7.01 
55 500 29.009999999999998 
62 224 0.01 
62 226 0.01 
62 258 0.01 
62 329 0.01 
62 331 0.01 
62 349 0.01 
62 369 1.01 
62 398 11.01 
62 407 4.01 
62 440 0.01 
62 492 8.01 
62 493 3.01 
173 68 1.01 
173 127 1.01 
173 165 1.01 
173 174 3.01 
173 182 0.01 
173 191 1.01 
173 254 0.01 
173 290 1.01 
173 447 0.01 
173 468 6.01 
173 491 5.01 
173 492 6.01 
61 86 1.01 
61 92 2.01 
61 305 2.01 
61 319 1.01 
61 332 4.01 
61 365 0.01 
61 441 2.01 
61 451 1.01 
61 475 6.01 
61 485 7.01 
61 494 4.01 
61 500 22.009999999999998 
235 157 1.01 
235 175 1.01 
235 322 0.01 
235 368 2.01 
235 378 1.01 
235 381 0.01 
235 424 2.01 
235 440 3.01 
235 481 1.01 
235 486 5.01 
235 491 10.01 
235 494 6.01 
266 30 0.01 
266 37 1.01 
266 63 0.01 
266 82 1.01 
266 364 1.01 
266 387 0.01 
266 438 0.01 
266 449 1.01 
266 469 1.01 
266 491 7.01 
266 494 0.01 
305 292 1.01 
305 330 0.01 
305 360 1.01 
305 408 1.01 
305 416 1.01 
305 418 2.01 
305 437 2.01 
305 471 5.01 
305 472 4.01 
305 488 7.01 
305 493 6.01 
342 156 1.01 
342 188 1.01 
342 262 1.01 
342 273 3.01 
342 358 0.01 
342 395 0.01 
342 442 5.01 
342 481 8.01 
342 497 32.01 
342 498 35.01 
342 499 49.01 
373 2 0.01 
373 81 0.01 
373 142 2.01 
373 356 1.01 
373 381 2.01 
373 389 2.01 
373 416 20.009999999999998 
373 417 0.01 
373 425 3.01 
373 489 7.01 
373 500 55.01 
192 171 2.01 
192 173 0.01 
192 263 2.01 
192 289 4.01 
192 300 0.01 
192 306 2.01 
192 332 2.01 
192 344 1.01 
192 425 6.01 
192 489 6.01 
192 497 23.009999999999998 
192 500 46.01 
249 47 2.01 
249 174 0.01 
249 234 2.01 
249 333 0.01 
249 381 0.01 
249 433 2.01 
249 469 3.01 
249 472 1.01 
249 479 1.01 
249 483 2.01 
249 500 19.009999999999998 
367 344 0.01 
367 386 4.01 
367 434 6.01 
367 435 2.01 
367 481 4.01 
367 483 6.01 
367 486 3.01 
367 487 8.01 
367 492 2.01 
367 494 3.01 
367 500 50.01 
368 85 0.01 
368 124 0.01 
368 154 0.01 
368 286 0.01 
368 384 0.01 
368 460 3.01 
368 473 5.01 
368 485 3.01 
368 488 11.01 
368 490 11.01 
368 500 28.009999999999998 
119 38 2.01 
119 145 1.01 
119 147 1.01 
119 168 0.01 
119 219 0.01 
119 290 1.01 
119 385 1.01 
119 393 1.01 
119 403 1.01 
119 453 4.01 
119 494 38.01 
119 500 24.009999999999998 
163 104 0.01 
163 171 2.01 
163 194 1.01 
163 222 0.01 
163 227 2.01 
163 268 0.01 
163 418 0.01 
163 449 1.01 
163 456 1.01 
163 467 1.01 
163 477 2.01 
163 483 2.01 
462 181 1.01 
462 322 2.01 
462 356 3.01 
462 366 2.01 
462 402 2.01 
462 428 1.01 
462 453 13.01 
462 457 7.01 
462 494 12.01 
462 495 21.009999999999998 
462 500 90.00999999999999 
59 18 0.01 
59 154 0.01 
59 212 3.01 
59 252 0.01 
59 270 3.01 
59 295 2.01 
59 348 0.01 
59 374 3.01 
59 422 1.01 
59 446 1.01 
59 480 4.01 
59 498 21.009999999999998 
212 262 1.01 
212 291 1.01 
212 351 9.01 
212 374 10.01 
212 376 3.01 
212 418 3.01 
212 445 2.01 
212 446 11.01 
212 473 7.01 
212 478 8.01 
212 497 26.009999999999998 
212 499 55.01 
422 185 2.01 
422 208 3.01 
422 330 2.01 
422 348 8.01 
422 420 5.01 
422 459 11.01 
422 474 8.01 
422 495 15.01 
422 496 41.01 
422 497 29.009999999999998 
422 499 46.01 
257 59 0.01 
257 118 2.01 
257 252 0.01 
257 353 4.01 
257 412 16.009999999999998 
257 443 2.01 
257 476 13.01 
257 477 6.01 
257 496 29.009999999999998 
257 498 18.009999999999998 
257 499 44.01 
375 4 1.01 
375 90 0.01 
375 92 1.01 
375 130 1.01 
375 137 9.01 
375 288 0.01 
375 396 19.009999999999998 
375 454 7.01 
375 490 17.009999999999998 
375 499 55.01 
375 500 79.00999999999999 
92 27 1.01 
92 119 0.01 
92 244 0.01 
92 290 0.01 
92 294 2.01 
92 368 2.01 
92 400 1.01 
92 456 2.01 
92 465 1.01 
92 471 1.01 
92 489 9.01 
92 500 17.009999999999998 
332 63 1.01 
332 124 0.01 
332 295 0.01 
332 428 2.01 
332 430 4.01 
332 466 7.01 
332 468 4.01 
332 477 9.01 
332 479 7.01 
332 487 14.01 
332 494 52.01 
365 130 0.01 
365 196 6.01 
365 277 4.01 
365 278 0.01 
365 330 1.01 
365 422 0.01 
365 463 8.01 
365 469 1.01 
365 488 11.01 
365 499 13.01 
365 500 37.01 
224 6 0.01 
224 11 1.01 
224 74 1.01 
224 123 0.01 
224 251 0.01 
224 284 0.01 
224 315 1.01 
224 355 0.01 
224 412 17.009999999999998 
224 471 0.01 
224 492 3.01 
224 499 16.009999999999998 
331 272 0.01 
331 275 0.01 
331 316 2.01 
331 405 0.01 
331 425 1.01 
331 433 6.01 
331 437 5.01 
331 470 4.01 
331 492 7.01 
331 499 17.009999999999998 
331 500 41.01 
63 158 1.01 
63 190 0.01 
63 297 0.01 
63 300 0.01 
63 326 1.01 
63 356 1.01 
63 389 1.01 
63 401 2.01 
63 404 1.01 
63 433 2.01 
63 492 6.01 
63 500 17.009999999999998 
190 77 4.01 
190 213 3.01 
190 330 0.01 
190 376 0.01 
190 387 1.01 
190 396 2.01 
190 472 2.01 
190 486 7.01 
190 489 4.01 
190 490 3.01 
190 492 4.01 
190 500 15.01 
300 103 13.01 
300 255 0.01 
300 340 2.01 
300 380 2.01 
300 384 1.01 
300 402 0.01 
300 405 0.01 
300 414 2.01 
300 485 5.01 
300 497 14.01 
300 500 25.009999999999998 
389 70 1.01 
389 175 6.01 
389 181 2.01 
389 202 1.01 
389 367 1.01 
389 397 1.01 
389 429 1.01 
389 460 3.01 
389 465 4.01 
389 492 8.01 
389 500 30.009999999999998 
401 320 0.01 
401 372 1.01 
401 397 3.01 
401 423 3.01 
401 439 12.01 
401 453 4.01 
401 455 8.01 
401 487 7.01 
401 489 14.01 
401 491 10.01 
401 498 36.01 
196 200 0.01 
196 212 0.01 
196 283 0.01 
196 292 0.01 
196 334 0.01 
196 365 9.01 
196 382 0.01 
196 459 0.01 
196 473 2.01 
196 479 3.01 
196 497 3.01 
196 500 14.01 
292 6 0.01 
292 30 1.01 
292 161 0.01 
292 278 1.01 
292 334 1.01 
292 368 1.01 
292 409 2.01 
292 434 3.01 
292 466 6.01 
292 488 6.01 
292 497 24.009999999999998 
203 65 2.01 
203 135 0.01 
203 158 0.01 
203 200 1.01 
203 218 3.01 
203 235 1.01 
203 266 0.01 
203 390 0.01 
203 451 1.01 
203 477 0.01 
203 489 0.01 
203 500 10.01 
402 43 1.01 
402 139 1.01 
402 288 1.01 
402 309 2.01 
402 317 8.01 
402 320 1.01 
402 415 1.01 
402 478 6.01 
402 488 8.01 
402 491 12.01 
402 500 54.01 
67 25 2.01 
67 69 1.01 
67 145 1.01 
67 220 2.01 
67 277 0.01 
67 463 4.01 
67 467 2.01 
67 477 5.01 
67 481 33.01 
67 494 6.01 
67 495 9.01 
67 499 28.009999999999998 
145 16 0.01 
145 44 2.01 
145 195 0.01 
145 270 5.01 
145 289 2.01 
145 351 4.01 
145 364 0.01 
145 435 0.01 
145 479 3.01 
145 493 7.01 
145 498 9.01 
145 499 31.009999999999998 
80 27 1.01 
80 235 1.01 
80 282 0.01 
80 332 2.01 
80 400 1.01 
80 428 0.01 
80 436 4.01 
80 437 1.01 
80 485 2.01 
80 488 7.01 
80 490 2.01 
80 500 29.009999999999998 
307 92 2.01 
307 190 2.01 
307 238 4.01 
307 241 4.01 
307 281 2.01 
307 381 3.01 
307 419 3.01 
307 434 9.01 
307 445 2.01 
307 485 14.01 
307 500 76.00999999999999 
180 69 3.01 
180 315 1.01 
180 370 1.01 
180 411 6.01 
180 418 1.01 
180 454 0.01 
180 458 0.01 
180 464 0.01 
180 480 2.01 
180 497 12.01 
180 498 23.009999999999998 
180 499 12.01 
251 118 0.01 
251 238 4.01 
251 315 1.01 
251 351 2.01 
251 356 2.01 
251 431 2.01 
251 451 2.01 
251 466 1.01 
251 468 6.01 
251 498 25.009999999999998 
251 499 25.009999999999998 
70 55 0.01 
70 56 1.01 
70 84 0.01 
70 113 0.01 
70 125 0.01 
70 237 0.01 
70 262 0.01 
70 317 0.01 
70 369 0.01 
70 403 0.01 
70 424 0.01 
70 462 1.01 
78 314 0.01 
78 333 3.01 
78 456 0.01 
78 462 0.01 
78 466 1.01 
78 472 6.01 
78 473 3.01 
78 477 3.01 
78 478 4.01 
78 486 7.01 
78 494 6.01 
78 500 24.009999999999998 
337 30 2.01 
337 111 0.01 
337 213 2.01 
337 235 2.01 
337 324 2.01 
337 333 2.01 
337 346 1.01 
337 398 4.01 
337 414 6.01 
337 470 7.01 
337 482 7.01 
272 36 2.01 
272 65 0.01 
272 93 0.01 
272 303 0.01 
272 439 3.01 
272 469 0.01 
272 487 3.01 
272 488 11.01 
272 491 6.01 
272 492 6.01 
272 494 8.01 
287 43 3.01 
287 45 1.01 
287 75 1.01 
287 179 0.01 
287 193 2.01 
287 241 4.01 
287 382 3.01 
287 394 4.01 
287 487 12.01 
287 499 33.01 
287 500 78.00999999999999 
290 62 0.01 
290 209 1.01 
290 314 0.01 
290 316 0.01 
290 325 0.01 
290 417 1.01 
290 418 0.01 
290 445 2.01 
290 460 0.01 
290 490 9.01 
290 493 11.01 
275 19 0.01 
275 38 2.01 
275 69 0.01 
275 110 1.01 
275 335 4.01 
275 385 1.01 
275 450 5.01 
275 476 4.01 
275 489 6.01 
275 498 22.009999999999998 
275 500 25.009999999999998 
79 134 0.01 
79 250 0.01 
79 261 0.01 
79 311 6.01 
79 406 1.01 
79 426 3.01 
79 443 3.01 
79 474 4.01 
79 476 3.01 
79 495 15.01 
79 498 14.01 
79 499 23.009999999999998 
420 388 5.01 
420 399 10.01 
420 413 8.01 
420 432 6.01 
420 474 5.01 
420 478 23.009999999999998 
420 486 12.01 
420 495 29.009999999999998 
420 498 45.01 
420 499 57.01 
420 500 62.01 
221 55 0.01 
221 97 0.01 
221 111 2.01 
221 132 0.01 
221 202 0.01 
221 313 0.01 
221 328 3.01 
221 451 5.01 
221 474 8.01 
221 477 10.01 
221 489 12.01 
221 500 51.01 
96 53 0.01 
96 155 0.01 
96 327 0.01 
96 388 0.01 
96 389 0.01 
96 409 1.01 
96 421 0.01 
96 423 0.01 
96 437 0.01 
96 454 1.01 
96 461 0.01 
96 476 1.01 
157 35 1.01 
157 40 2.01 
157 44 0.01 
157 72 2.01 
157 96 0.01 
157 107 0.01 
157 234 0.01 
157 305 0.01 
157 439 3.01 
157 443 5.01 
157 477 0.01 
157 490 7.01 
77 38 0.01 
77 190 3.01 
77 285 1.01 
77 298 1.01 
77 386 1.01 
77 410 6.01 
77 413 2.01 
77 419 3.01 
77 431 3.01 
77 448 3.01 
77 479 4.01 
77 500 34.01 
386 18 0.01 
386 26 4.01 
386 267 3.01 
386 441 2.01 
386 448 11.01 
386 466 3.01 
386 473 5.01 
386 485 6.01 
386 486 13.01 
386 498 23.009999999999998 
386 500 72.00999999999999 
413 89 3.01 
413 328 3.01 
413 340 2.01 
413 416 6.01 
413 427 4.01 
413 476 25.009999999999998 
413 480 25.009999999999998 
413 493 128.01 
413 497 37.01 
413 498 66.00999999999999 
413 499 86.00999999999999 
333 13 0.01 
333 92 0.01 
333 98 0.01 
333 107 0.01 
333 308 1.01 
333 405 2.01 
333 468 7.01 
333 469 1.01 
333 470 4.01 
333 488 11.01 
333 500 28.009999999999998 
261 252 0.01 
261 284 1.01 
261 331 1.01 
261 337 0.01 
261 352 1.01 
261 399 0.01 
261 413 6.01 
261 427 2.01 
261 446 0.01 
261 454 1.01 
261 498 4.01 
406 51 0.01 
406 103 2.01 
406 114 2.01 
406 128 1.01 
406 212 10.01 
406 357 11.01 
406 410 20.009999999999998 
406 411 8.01 
406 441 9.01 
406 451 5.01 
406 499 89.00999999999999 
282 101 0.01 
282 273 2.01 
282 315 3.01 
282 363 1.01 
282 422 7.01 
282 457 6.01 
282 470 4.01 
282 476 14.01 
282 489 11.01 
282 498 18.009999999999998 
282 499 43.01 
81 39 0.01 
81 130 1.01 
81 209 2.01 
81 219 1.01 
81 259 0.01 
81 391 22.009999999999998 
81 393 1.01 
81 447 0.01 
81 470 2.01 
81 482 5.01 
81 490 5.01 
81 497 7.01 
130 147 1.01 
130 159 1.01 
130 313 0.01 
130 450 0.01 
130 462 2.01 
130 467 0.01 
130 486 3.01 
130 491 2.01 
130 492 1.01 
130 494 3.01 
130 496 7.01 
130 500 16.009999999999998 
209 77 1.01 
209 144 0.01 
209 238 1.01 
209 287 2.01 
209 342 4.01 
209 379 2.01 
209 401 2.01 
209 426 3.01 
209 474 32.01 
209 496 21.009999999999998 
209 499 28.009999999999998 
209 500 47.01 
259 293 4.01 
259 299 0.01 
259 334 1.01 
259 363 0.01 
259 402 1.01 
259 441 4.01 
259 458 2.01 
259 486 13.01 
259 489 12.01 
259 490 5.01 
259 495 13.01 
391 81 2.01 
391 201 2.01 
391 264 1.01 
391 274 3.01 
391 301 3.01 
391 323 1.01 
391 397 0.01 
391 401 4.01 
391 440 2.01 
391 450 15.01 
391 500 76.00999999999999 
185 138 0.01 
185 167 1.01 
185 261 1.01 
185 457 8.01 
185 480 9.01 
185 481 5.01 
185 490 6.01 
185 495 10.01 
185 496 31.009999999999998 
185 497 26.009999999999998 
185 498 18.009999999999998 
185 499 23.009999999999998 
291 114 2.01 
291 195 1.01 
291 286 1.01 
291 383 0.01 
291 394 0.01 
291 471 1.01 
291 477 6.01 
291 486 3.01 
291 488 4.01 
291 499 20.009999999999998 
291 500 23.009999999999998 
83 136 0.01 
83 226 0.01 
83 309 0.01 
83 321 1.01 
83 329 1.01 
83 444 1.01 
83 462 0.01 
83 475 6.01 
83 490 3.01 
83 492 4.01 
83 494 4.01 
83 499 13.01 
136 27 1.01 
136 135 0.01 
136 329 0.01 
136 347 1.01 
136 391 1.01 
136 423 0.01 
136 424 5.01 
136 431 1.01 
136 447 0.01 
136 455 4.01 
136 459 2.01 
136 478 2.01 
444 70 1.01 
444 161 1.01 
444 192 5.01 
444 221 2.01 
444 227 6.01 
444 390 6.01 
444 442 4.01 
444 454 3.01 
444 485 4.01 
444 496 21.009999999999998 
444 500 87.00999999999999 
169 45 0.01 
169 210 0.01 
169 221 0.01 
169 302 1.01 
169 326 0.01 
169 329 1.01 
169 332 2.01 
169 362 0.01 
169 409 0.01 
169 486 3.01 
169 498 2.01 
169 500 17.009999999999998 
183 16 1.01 
183 29 2.01 
183 97 0.01 
183 98 0.01 
183 243 1.01 
183 348 0.01 
183 367 2.01 
183 408 0.01 
183 457 4.01 
183 472 1.01 
183 479 3.01 
183 497 7.01 
308 102 0.01 
308 114 0.01 
308 200 0.01 
308 231 1.01 
308 290 2.01 
308 355 1.01 
308 448 2.01 
308 480 5.01 
308 482 5.01 
308 485 6.01 
308 489 7.01 
85 116 0.01 
85 124 0.01 
85 197 0.01 
85 285 1.01 
85 291 0.01 
85 324 1.01 
85 346 0.01 
85 407 1.01 
85 454 2.01 
85 465 4.01 
85 483 4.01 
85 488 7.01 
124 87 0.01 
124 135 0.01 
124 352 0.01 
124 416 1.01 
124 428 2.01 
124 444 1.01 
124 463 0.01 
124 468 2.01 
124 469 1.01 
124 479 3.01 
124 496 3.01 
124 500 20.009999999999998 
230 53 2.01 
230 183 1.01 
230 187 1.01 
230 225 5.01 
230 242 2.01 
230 249 1.01 
230 377 1.01 
230 427 0.01 
230 431 4.01 
230 483 9.01 
230 487 11.01 
230 498 17.009999999999998 
302 15 0.01 
302 137 2.01 
302 183 0.01 
302 354 3.01 
302 356 3.01 
302 463 2.01 
302 477 7.01 
302 490 6.01 
302 494 5.01 
302 498 13.01 
302 500 49.01 
138 198 0.01 
138 202 0.01 
138 245 0.01 
138 354 1.01 
138 366 0.01 
138 416 2.01 
138 441 2.01 
138 474 4.01 
138 489 8.01 
138 492 0.01 
138 495 12.01 
138 500 18.009999999999998 
177 77 0.01 
177 106 1.01 
177 138 0.01 
177 232 0.01 
177 236 1.01 
177 339 0.01 
177 444 3.01 
177 483 0.01 
177 484 3.01 
177 488 5.01 
177 499 13.01 
177 500 15.01 
245 33 2.01 
245 191 0.01 
245 347 2.01 
245 387 1.01 
245 418 0.01 
245 431 4.01 
245 454 1.01 
245 456 2.01 
245 468 8.01 
245 490 8.01 
245 495 7.01 
245 500 29.009999999999998 
449 57 1.01 
449 88 8.01 
449 105 3.01 
449 240 1.01 
449 401 3.01 
449 417 0.01 
449 439 4.01 
449 440 4.01 
449 485 16.009999999999998 
449 489 15.01 
449 491 9.01 
395 69 0.01 
395 86 0.01 
395 146 2.01 
395 199 3.01 
395 239 5.01 
395 385 5.01 
395 482 5.01 
395 494 6.01 
395 495 14.01 
395 497 40.01 
395 498 20.009999999999998 
418 199 5.01 
418 296 2.01 
418 357 5.01 
418 475 13.01 
418 482 11.01 
418 489 17.009999999999998 
418 496 37.01 
418 497 42.01 
418 498 36.01 
418 499 35.01 
418 500 46.01 
131 359 2.01 
131 362 3.01 
131 369 0.01 
131 405 0.01 
131 436 7.01 
131 456 0.01 
131 471 3.01 
131 477 2.01 
131 479 5.01 
131 486 14.01 
131 495 13.01 
131 500 28.009999999999998 
179 96 1.01 
179 163 0.01 
179 176 2.01 
179 279 2.01 
179 361 3.01 
179 370 0.01 
179 400 1.01 
179 464 3.01 
179 466 1.01 
179 470 5.01 
179 493 27.009999999999998 
179 500 32.01 
323 146 1.01 
323 151 0.01 
323 182 1.01 
323 206 0.01 
323 297 2.01 
323 302 1.01 
323 371 0.01 
323 405 0.01 
323 439 2.01 
323 462 5.01 
323 491 6.01 
238 20 0.01 
238 134 2.01 
238 255 1.01 
238 260 0.01 
238 273 3.01 
238 315 0.01 
238 348 2.01 
238 427 0.01 
238 484 5.01 
238 495 19.009999999999998 
238 498 18.009999999999998 
238 499 39.01 
283 11 0.01 
283 357 7.01 
283 406 4.01 
283 420 1.01 
283 457 5.01 
283 473 5.01 
283 493 23.009999999999998 
283 497 19.009999999999998 
283 498 17.009999999999998 
283 499 26.009999999999998 
283 500 21.009999999999998 
294 17 6.01 
294 355 3.01 
294 380 0.01 
294 400 0.01 
294 415 6.01 
294 421 0.01 
294 435 4.01 
294 464 2.01 
294 489 13.01 
294 499 28.009999999999998 
294 500 57.01 
229 40 0.01 
229 71 0.01 
229 253 11.01 
229 289 1.01 
229 368 1.01 
229 399 3.01 
229 432 3.01 
229 473 4.01 
229 482 9.01 
229 484 9.01 
229 487 7.01 
229 500 43.01 
95 66 0.01 
95 134 1.01 
95 143 2.01 
95 241 1.01 
95 342 2.01 
95 425 2.01 
95 434 4.01 
95 459 4.01 
95 475 5.01 
95 492 3.01 
95 496 11.01 
95 499 17.009999999999998 
143 154 1.01 
143 224 1.01 
143 382 0.01 
143 413 3.01 
143 418 2.01 
143 446 5.01 
143 480 14.01 
143 481 14.01 
143 493 37.01 
143 496 21.009999999999998 
143 499 44.01 
143 500 51.01 
425 193 0.01 
425 244 3.01 
425 314 0.01 
425 390 1.01 
425 407 9.01 
425 422 5.01 
425 458 10.01 
425 482 15.01 
425 483 14.01 
425 484 27.009999999999998 
425 489 13.01 
97 40 1.01 
97 87 0.01 
97 169 0.01 
97 226 0.01 
97 381 0.01 
97 408 1.01 
97 442 1.01 
97 479 1.01 
97 484 1.01 
97 486 1.01 
97 493 6.01 
97 500 8.01 
110 10 0.01 
110 169 0.01 
110 193 2.01 
110 333 2.01 
110 334 0.01 
110 381 2.01 
110 386 1.01 
110 454 0.01 
110 466 3.01 
110 478 1.01 
110 490 8.01 
110 500 19.009999999999998 
189 62 0.01 
189 190 0.01 
189 233 0.01 
189 301 0.01 
189 379 0.01 
189 454 1.01 
189 468 3.01 
189 472 2.01 
189 487 2.01 
189 489 4.01 
189 490 5.01 
189 491 5.01 
181 136 2.01 
181 150 0.01 
181 161 0.01 
181 173 0.01 
181 272 1.01 
181 313 1.01 
181 407 4.01 
181 421 1.01 
181 482 1.01 
181 492 4.01 
181 494 3.01 
181 497 18.009999999999998 
236 54 1.01 
236 141 1.01 
236 168 1.01 
236 216 1.01 
236 219 2.01 
236 252 2.01 
236 369 0.01 
236 444 1.01 
236 452 3.01 
236 463 2.01 
236 494 2.01 
236 500 23.009999999999998 
340 4 0.01 
340 207 1.01 
340 274 0.01 
340 336 16.009999999999998 
340 376 3.01 
340 454 3.01 
340 458 4.01 
340 468 6.01 
340 486 12.01 
340 497 19.009999999999998 
340 500 78.00999999999999 
101 188 0.01 
101 288 0.01 
101 296 3.01 
101 379 1.01 
101 384 1.01 
101 388 2.01 
101 418 3.01 
101 491 6.01 
101 496 10.01 
101 497 11.01 
101 498 15.01 
101 499 17.009999999999998 
102 18 0.01 
102 104 0.01 
102 109 1.01 
102 278 2.01 
102 431 0.01 
102 435 2.01 
102 463 5.01 
102 468 1.01 
102 474 10.01 
102 481 4.01 
102 490 6.01 
102 500 45.01 
104 70 1.01 
104 80 0.01 
104 84 0.01 
104 219 2.01 
104 261 1.01 
104 292 0.01 
104 367 2.01 
104 374 2.01 
104 431 0.01 
104 445 1.01 
104 458 2.01 
104 500 13.01 
109 172 0.01 
109 261 1.01 
109 327 0.01 
109 363 1.01 
109 380 1.01 
109 443 2.01 
109 446 2.01 
109 448 4.01 
109 456 3.01 
109 496 37.01 
109 497 25.009999999999998 
109 498 24.009999999999998 
278 17 2.01 
278 275 1.01 
278 294 0.01 
278 303 0.01 
278 350 0.01 
278 450 4.01 
278 460 1.01 
278 470 4.01 
278 477 1.01 
278 491 3.01 
278 500 27.009999999999998 
435 247 2.01 
435 288 1.01 
435 295 2.01 
435 330 1.01 
435 383 3.01 
435 419 2.01 
435 424 4.01 
435 450 17.009999999999998 
435 456 4.01 
435 462 4.01 
435 463 10.01 
103 116 0.01 
103 152 0.01 
103 179 4.01 
103 229 1.01 
103 284 2.01 
103 300 10.01 
103 315 0.01 
103 415 1.01 
103 469 2.01 
103 488 2.01 
103 497 12.01 
103 500 20.009999999999998 
152 119 0.01 
152 171 2.01 
152 321 0.01 
152 366 0.01 
152 378 1.01 
152 397 0.01 
152 401 3.01 
152 421 2.01 
152 461 1.01 
152 483 2.01 
152 485 3.01 
152 500 35.01 
284 316 1.01 
284 351 0.01 
284 359 3.01 
284 406 9.01 
284 446 1.01 
284 480 8.01 
284 485 7.01 
284 493 26.009999999999998 
284 495 14.01 
284 496 9.01 
284 498 23.009999999999998 
105 40 2.01 
105 48 0.01 
105 115 0.01 
105 134 1.01 
105 282 2.01 
105 298 0.01 
105 321 0.01 
105 330 2.01 
105 454 5.01 
105 477 4.01 
105 495 3.01 
105 500 29.009999999999998 
330 14 0.01 
330 116 0.01 
330 234 2.01 
330 402 1.01 
330 428 1.01 
330 439 3.01 
330 470 2.01 
330 484 10.01 
330 488 9.01 
330 499 31.009999999999998 
330 500 55.01 
164 3 2.01 
164 67 2.01 
164 156 1.01 
164 225 1.01 
164 340 3.01 
164 368 0.01 
164 377 1.01 
164 414 0.01 
164 460 9.01 
164 487 3.01 
164 491 3.01 
164 493 11.01 
263 152 0.01 
263 226 0.01 
263 233 1.01 
263 382 1.01 
263 419 4.01 
263 440 3.01 
263 452 1.01 
263 485 4.01 
263 486 11.01 
263 488 6.01 
263 494 6.01 
286 29 0.01 
286 237 1.01 
286 276 1.01 
286 300 0.01 
286 401 2.01 
286 455 3.01 
286 471 4.01 
286 484 14.01 
286 488 6.01 
286 499 21.009999999999998 
286 500 58.01 
396 275 0.01 
396 276 2.01 
396 360 2.01 
396 364 2.01 
396 375 11.01 
396 377 2.01 
396 446 3.01 
396 453 5.01 
396 480 3.01 
396 488 10.01 
396 500 93.00999999999999 
176 10 0.01 
176 88 0.01 
176 172 3.01 
176 211 1.01 
176 266 1.01 
176 275 1.01 
176 276 3.01 
176 370 1.01 
176 399 7.01 
176 408 3.01 
176 409 1.01 
176 500 31.009999999999998 
172 35 0.01 
172 57 0.01 
172 111 0.01 
172 164 1.01 
172 227 1.01 
172 264 0.01 
172 375 1.01 
172 462 0.01 
172 466 0.01 
172 484 3.01 
172 495 2.01 
172 500 14.01 
111 101 0.01 
111 210 1.01 
111 317 1.01 
111 372 3.01 
111 382 1.01 
111 435 1.01 
111 452 1.01 
111 466 4.01 
111 477 4.01 
111 489 10.01 
111 493 15.01 
111 500 39.01 
210 76 0.01 
210 270 0.01 
210 295 0.01 
210 370 1.01 
210 428 0.01 
210 450 1.01 
210 452 3.01 
210 466 1.01 
210 470 2.01 
210 473 5.01 
210 487 5.01 
210 500 23.009999999999998 
452 233 4.01 
452 259 5.01 
452 267 6.01 
452 277 5.01 
452 295 4.01 
452 425 11.01 
452 446 6.01 
452 448 8.01 
452 473 13.01 
452 477 18.009999999999998 
452 485 16.009999999999998 
114 95 0.01 
114 178 1.01 
114 427 2.01 
114 481 3.01 
114 484 8.01 
114 487 1.01 
114 488 5.01 
114 491 3.01 
114 493 18.009999999999998 
114 495 8.01 
114 496 7.01 
114 499 13.01 
178 283 2.01 
178 339 7.01 
178 353 2.01 
178 363 2.01 
178 406 11.01 
178 422 5.01 
178 451 7.01 
178 474 7.01 
178 478 9.01 
178 493 24.009999999999998 
178 498 44.01 
178 499 50.01 
123 22 1.01 
123 50 0.01 
123 237 0.01 
123 296 0.01 
123 345 1.01 
123 369 1.01 
123 390 3.01 
123 475 0.01 
123 486 7.01 
123 488 3.01 
123 490 2.01 
123 500 23.009999999999998 
228 124 1.01 
228 165 0.01 
228 177 0.01 
228 213 2.01 
228 319 0.01 
228 368 2.01 
228 417 2.01 
228 447 1.01 
228 483 2.01 
228 492 10.01 
228 494 8.01 
228 500 21.009999999999998 
139 38 0.01 
139 409 0.01 
139 438 0.01 
139 454 1.01 
139 460 1.01 
139 464 3.01 
139 469 5.01 
139 482 8.01 
139 491 5.01 
139 498 8.01 
139 499 12.01 
139 500 15.01 
312 81 0.01 
312 216 0.01 
312 392 3.01 
312 393 0.01 
312 424 0.01 
312 437 3.01 
312 465 5.01 
312 486 2.01 
312 492 6.01 
312 498 14.01 
312 500 52.01 
118 121 2.01 
118 145 0.01 
118 205 3.01 
118 306 0.01 
118 355 1.01 
118 381 0.01 
118 407 4.01 
118 410 4.01 
118 426 2.01 
118 464 9.01 
118 474 7.01 
118 495 21.009999999999998 
120 52 2.01 
120 258 4.01 
120 266 1.01 
120 272 0.01 
120 333 0.01 
120 456 7.01 
120 463 2.01 
120 467 1.01 
120 480 5.01 
120 484 8.01 
120 494 5.01 
120 498 13.01 
223 26 1.01 
223 128 3.01 
223 261 0.01 
223 381 0.01 
223 406 9.01 
223 469 1.01 
223 480 11.01 
223 493 29.009999999999998 
223 496 26.009999999999998 
223 497 10.01 
223 498 17.009999999999998 
223 499 22.009999999999998 
273 242 1.01 
273 276 2.01 
273 310 1.01 
273 348 7.01 
273 411 4.01 
273 432 5.01 
273 484 16.009999999999998 
273 490 13.01 
273 496 38.01 
273 499 32.01 
273 500 43.01 
274 81 0.01 
274 99 3.01 
274 119 0.01 
274 157 2.01 
274 316 3.01 
274 325 2.01 
274 447 2.01 
274 453 6.01 
274 460 1.01 
274 492 3.01 
274 495 13.01 
167 49 2.01 
167 153 1.01 
167 159 7.01 
167 242 1.01 
167 376 0.01 
167 418 8.01 
167 478 10.01 
167 493 15.01 
167 495 8.01 
167 496 13.01 
167 497 11.01 
167 499 27.009999999999998 
135 216 0.01 
135 247 1.01 
135 304 0.01 
135 312 0.01 
135 322 0.01 
135 389 0.01 
135 390 1.01 
135 440 2.01 
135 462 2.01 
135 483 11.01 
135 490 5.01 
135 494 3.01 
127 100 2.01 
127 156 0.01 
127 194 1.01 
127 203 0.01 
127 217 2.01 
127 272 0.01 
127 424 1.01 
127 483 3.01 
127 487 4.01 
127 490 4.01 
127 499 24.009999999999998 
127 500 28.009999999999998 
156 7 0.01 
156 139 1.01 
156 193 0.01 
156 301 2.01 
156 324 0.01 
156 333 0.01 
156 385 1.01 
156 422 1.01 
156 431 3.01 
156 467 1.01 
156 485 2.01 
156 500 32.01 
217 7 2.01 
217 170 3.01 
217 196 0.01 
217 288 1.01 
217 325 1.01 
217 360 2.01 
217 402 1.01 
217 434 6.01 
217 442 3.01 
217 466 3.01 
217 487 4.01 
217 499 24.009999999999998 
128 101 1.01 
128 223 7.01 
128 248 2.01 
128 284 2.01 
128 310 0.01 
128 332 3.01 
128 355 0.01 
128 475 3.01 
128 495 12.01 
128 496 13.01 
128 498 8.01 
128 499 12.01 
301 41 0.01 
301 213 2.01 
301 331 0.01 
301 377 1.01 
301 437 1.01 
301 439 2.01 
301 452 3.01 
301 456 1.01 
301 479 2.01 
301 491 5.01 
301 494 11.01 
159 4 1.01 
159 180 2.01 
159 185 3.01 
159 241 2.01 
159 395 0.01 
159 407 7.01 
159 475 13.01 
159 478 6.01 
159 495 52.01 
159 497 130.01 
159 498 47.01 
159 499 44.01 
133 118 0.01 
133 155 1.01 
133 379 3.01 
133 392 2.01 
133 405 2.01 
133 483 4.01 
133 487 9.01 
133 490 5.01 
133 491 12.01 
133 494 3.01 
133 496 2.01 
133 500 26.009999999999998 
137 152 1.01 
137 306 4.01 
137 330 2.01 
137 419 11.01 
137 443 8.01 
137 452 16.009999999999998 
137 462 5.01 
137 470 6.01 
137 473 14.01 
137 477 16.009999999999998 
137 499 77.00999999999999 
137 500 282.01 
336 8 1.01 
336 73 0.01 
336 162 1.01 
336 304 1.01 
336 340 18.009999999999998 
336 373 4.01 
336 448 2.01 
336 484 7.01 
336 498 23.009999999999998 
336 499 45.01 
336 500 51.01 
357 146 4.01 
357 327 2.01 
357 339 2.01 
357 380 2.01 
357 480 18.009999999999998 
357 481 11.01 
357 490 35.01 
357 493 37.01 
357 496 38.01 
357 499 56.01 
357 500 96.00999999999999 
146 137 5.01 
146 143 1.01 
146 195 0.01 
146 220 0.01 
146 399 4.01 
146 426 1.01 
146 457 5.01 
146 468 2.01 
146 475 5.01 
146 493 16.009999999999998 
146 494 2.01 
146 499 21.009999999999998 
267 79 4.01 
267 105 3.01 
267 353 1.01 
267 362 4.01 
267 365 3.01 
267 373 1.01 
267 375 6.01 
267 471 6.01 
267 481 7.01 
267 482 18.009999999999998 
267 500 48.01 
166 91 1.01 
166 95 0.01 
166 121 5.01 
166 387 0.01 
166 443 4.01 
166 458 1.01 
166 478 5.01 
166 480 8.01 
166 495 12.01 
166 497 11.01 
166 498 17.009999999999998 
166 499 35.01 
162 43 0.01 
162 253 3.01 
162 299 1.01 
162 317 3.01 
162 386 1.01 
162 444 0.01 
162 456 1.01 
162 483 1.01 
162 488 11.01 
162 490 4.01 
162 491 4.01 
162 500 28.009999999999998 
299 56 0.01 
299 104 1.01 
299 139 3.01 
299 163 0.01 
299 195 0.01 
299 452 5.01 
299 466 7.01 
299 479 4.01 
299 482 10.01 
299 491 5.01 
299 500 29.009999999999998 
227 43 0.01 
227 49 0.01 
227 133 2.01 
227 162 0.01 
227 210 0.01 
227 256 1.01 
227 264 1.01 
227 415 3.01 
227 425 6.01 
227 428 6.01 
227 484 14.01 
227 500 37.01 
387 160 4.01 
387 217 2.01 
387 240 1.01 
387 334 0.01 
387 344 2.01 
387 455 1.01 
387 459 9.01 
387 472 3.01 
387 479 5.01 
387 485 12.01 
387 500 44.01 
242 311 8.01 
242 363 1.01 
242 403 3.01 
242 411 1.01 
242 413 6.01 
242 420 4.01 
242 478 9.01 
242 481 14.01 
242 495 28.009999999999998 
242 498 32.01 
242 499 45.01 
242 500 53.01 
170 91 5.01 
170 165 2.01 
170 391 7.01 
170 434 9.01 
170 454 8.01 
170 466 33.01 
170 484 26.009999999999998 
170 486 9.01 
170 487 18.009999999999998 
170 490 25.009999999999998 
170 495 31.009999999999998 
170 500 288.01 
264 72 0.01 
264 200 0.01 
264 217 1.01 
264 358 1.01 
264 360 0.01 
264 365 1.01 
264 376 0.01 
264 456 3.01 
264 490 6.01 
264 498 11.01 
264 500 59.01 
174 12 2.01 
174 83 0.01 
174 133 0.01 
174 207 2.01 
174 358 2.01 
174 392 1.01 
174 448 0.01 
174 455 3.01 
174 461 14.01 
174 492 5.01 
174 494 4.01 
174 500 22.009999999999998 
182 240 1.01 
182 243 1.01 
182 254 0.01 
182 389 1.01 
182 414 1.01 
182 429 1.01 
182 440 0.01 
182 473 0.01 
182 482 3.01 
182 486 2.01 
182 491 3.01 
182 494 2.01 
184 172 1.01 
184 300 0.01 
184 324 1.01 
184 328 2.01 
184 365 2.01 
184 394 2.01 
184 430 2.01 
184 435 3.01 
184 457 1.01 
184 473 2.01 
184 477 9.01 
184 500 30.009999999999998 
200 64 1.01 
200 169 0.01 
200 189 2.01 
200 319 1.01 
200 440 5.01 
200 444 1.01 
200 449 3.01 
200 468 7.01 
200 477 0.01 
200 487 6.01 
200 498 12.01 
200 500 16.009999999999998 
201 21 0.01 
201 58 0.01 
201 256 0.01 
201 270 2.01 
201 335 5.01 
201 342 2.01 
201 344 2.01 
201 378 2.01 
201 403 3.01 
201 460 0.01 
201 470 2.01 
201 491 2.01 
231 17 7.01 
231 75 3.01 
231 111 4.01 
231 123 2.01 
231 141 1.01 
231 151 3.01 
231 321 1.01 
231 437 2.01 
231 460 6.01 
231 479 9.01 
231 483 13.01 
231 489 6.01 
255 310 2.01 
255 432 2.01 
255 441 2.01 
255 475 1.01 
255 476 7.01 
255 481 5.01 
255 493 27.009999999999998 
255 495 15.01 
255 496 18.009999999999998 
255 498 18.009999999999998 
255 499 22.009999999999998 
269 186 2.01 
269 286 1.01 
269 370 0.01 
269 415 1.01 
269 419 0.01 
269 433 1.01 
269 471 4.01 
269 477 6.01 
269 485 3.01 
269 499 23.009999999999998 
269 500 34.01 
