0 49
0 99
0 682
0 736
0 771
0 838
0 889
0 947
0 971
0 990
0 996
1 79
1 801
1 959
1 965
1 984
1 986
1 989
1 991
1 992
1 997
1 998
1 999
2 589
2 692
2 799
2 846
2 938
2 941
2 986
2 992
2 997
2 998
2 999
3 515
3 766
3 896
3 957
3 959
3 969
3 977
3 990
3 995
3 996
3 997
4 105
4 460
4 951
4 957
4 969
4 975
4 980
4 988
4 990
4 995
5 576
5 886
5 908
5 927
5 940
5 951
5 982
5 990
5 993
5 996
6 216
6 492
6 637
6 652
6 826
6 851
6 934
6 937
6 974
6 981
6 994
7 119
7 560
7 716
7 940
7 969
7 979
7 980
7 990
7 995
7 996
8 167
8 575
8 631
8 776
8 892
8 956
8 971
8 983
8 994
8 997
9 50
9 299
9 425
9 429
9 708
9 892
9 958
9 967
9 994
9 995
10 158
10 626
10 792
10 888
10 962
10 978
10 989
10 992
10 993
10 998
10 999
11 525
11 799
11 909
11 914
11 954
11 959
11 989
11 991
11 997
11 998
11 999
12 384
12 631
12 764
12 967
12 971
12 976
12 983
12 987
12 994
12 996
13 644
13 754
13 774
13 778
13 962
13 986
13 992
13 993
13 997
13 998
13 999
14 557
14 746
14 867
14 868
14 870
14 916
14 922
14 982
14 989
14 997
14 998
14 999
15 116
15 130
15 395
15 914
15 936
15 959
15 984
15 991
15 997
15 998
15 999
16 383
16 494
16 745
16 752
16 904
16 958
16 979
16 988
16 995
16 996
17 490
17 654
17 895
17 906
17 927
17 947
17 988
17 990
17 995
17 996
18 108
18 793
18 863
18 946
18 952
18 971
18 983
18 994
18 998
18 999
19 177
19 488
19 605
19 797
19 831
19 893
19 975
19 977
19 990
19 995
19 996
20 3
20 723
20 872
20 904
20 942
20 966
20 975
20 990
20 995
20 996
20 999
21 190
21 208
21 659
21 883
21 889
21 927
21 984
21 988
21 990
21 995
21 996
22 740
22 745
22 895
22 918
22 927
22 960
22 977
22 990
22 995
22 996
23 39
23 502
23 805
23 835
23 843
23 850
23 874
23 902
23 974
23 994
23 996
24 0
24 59
24 240
24 836
24 884
24 964
24 977
24 990
24 995
24 996
25 802
25 893
25 938
25 954
25 982
25 984
25 989
25 991
25 992
25 997
25 998
25 999
26 584
26 807
26 873
26 908
26 942
26 977
26 988
26 990
26 992
26 996
26 999
27 191
27 612
27 739
27 746
27 758
27 845
27 985
27 991
27 992
27 997
27 999
28 110
28 752
28 760
28 914
28 951
28 975
28 980
28 985
28 990
28 995
28 996
29 5
29 423
29 851
29 884
29 932
29 979
29 988
29 990
29 995
29 996
29 999
30 921
30 936
30 948
30 949
30 976
30 986
30 991
30 992
30 993
30 997
30 998
30 999
31 355
31 785
31 818
31 900
31 955
31 972
31 982
31 986
31 991
31 993
31 997
31 998
31 999
32 27
32 707
32 779
32 984
32 985
32 986
32 989
32 991
32 992
32 993
32 998
32 999
33 242
33 668
33 706
33 831
33 942
33 958
33 988
33 990
33 995
33 996
33 999
34 316
34 422
34 609
34 725
34 958
34 966
34 977
34 979
34 995
34 996
35 119
35 422
35 513
35 733
35 815
35 887
35 927
35 980
35 990
35 996
36 644
36 670
36 818
36 954
36 959
36 976
36 989
36 991
36 997
36 998
36 999
37 394
37 754
37 939
37 944
37 976
37 986
37 992
37 993
37 997
37 998
37 999
38 735
38 761
38 810
38 886
38 899
38 929
38 977
38 988
38 994
38 995
38 996
39 158
39 748
39 848
39 865
39 895
39 945
39 971
39 974
39 983
39 994
39 995
40 538
40 557
40 631
40 902
40 926
40 946
40 973
40 981
40 987
40 994
41 278
41 555
41 804
41 852
41 898
41 979
41 988
41 990
41 995
41 996
42 385
42 532
42 652
42 703
42 793
42 926
42 963
42 974
42 981
42 994
42 995
43 416
43 769
43 847
43 848
43 965
43 967
43 971
43 974
43 987
43 992
43 994
44 241
44 714
44 870
44 888
44 956
44 984
44 986
44 992
44 993
44 997
44 999
45 131
45 273
45 328
45 716
45 863
45 952
45 963
45 967
45 970
45 987
45 994
46 130
46 649
46 685
46 872
46 879
46 909
46 941
46 985
46 989
46 992
46 998
46 999
47 58
47 716
47 740
47 883
47 983
47 988
47 990
47 994
47 995
47 996
48 374
48 672
48 849
48 938
48 939
48 978
48 984
48 989
48 992
48 997
48 998
48 999
49 78
49 723
49 798
49 827
49 881
49 932
49 977
49 990
49 995
49 996
50 91
50 411
50 450
50 891
50 923
50 953
50 968
50 974
50 981
50 987
50 994
51 394
51 700
51 872
51 920
51 954
51 965
51 986
51 992
51 997
51 998
51 999
52 546
52 583
52 796
52 887
52 906
52 926
52 958
52 990
52 995
52 996
52 997
53 451
53 570
53 916
53 949
53 965
53 973
53 976
53 985
53 992
53 993
53 997
53 998
53 999
54 138
54 179
54 262
54 433
54 861
54 924
54 943
54 983
54 994
54 998
55 354
55 434
55 518
55 549
55 609
55 882
55 910
55 934
55 968
55 970
55 994
56 775
56 830
56 838
56 853
56 908
56 915
56 960
56 988
56 995
56 996
57 159
57 333
57 376
57 556
57 699
57 860
57 923
57 984
57 992
57 998
57 999
58 84
58 248
58 350
58 662
58 810
58 951
58 957
58 990
58 994
58 995
58 996
59 628
59 648
59 711
59 745
59 810
59 841
59 873
59 988
59 990
59 995
60 47
60 198
60 302
60 620
60 653
60 796
60 884
60 960
60 990
60 996
61 437
61 883
61 942
61 963
61 969
61 977
61 979
61 987
61 990
61 995
61 996
62 152
62 667
62 754
62 773
62 808
62 875
62 900
62 911
62 941
62 949
62 973
62 997
62 999
63 236
63 252
63 557
63 767
63 801
63 954
63 965
63 986
63 993
63 997
63 998
63 999
64 139
64 238
64 390
64 731
64 842
64 869
64 970
64 981
64 987
64 994
65 481
65 898
65 958
65 977
65 980
65 985
65 988
65 992
65 995
65 996
66 309
66 452
66 719
66 782
66 937
66 949
66 973
66 978
66 984
66 992
66 997
66 998
66 999
67 290
67 446
67 763
67 803
67 876
67 963
67 981
67 983
67 987
67 994
68 92
68 545
68 700
68 784
68 984
68 985
68 989
68 992
68 993
68 997
68 999
69 389
69 421
69 677
69 926
69 946
69 971
69 974
69 981
69 987
69 994
70 558
70 660
70 948
70 961
70 984
70 986
70 991
70 993
70 997
70 998
70 999
71 312
71 539
71 890
71 893
71 951
71 964
71 977
71 988
71 990
71 995
71 996
72 694
72 796
72 942
72 945
72 958
72 975
72 977
72 980
72 984
72 995
72 996
73 526
73 723
73 915
73 927
73 977
73 979
73 980
73 988
73 990
73 996
74 14
74 452
74 472
74 559
74 860
74 912
74 982
74 989
74 991
74 993
74 998
74 999
75 394
75 469
75 802
75 961
75 973
75 989
75 991
75 992
75 997
75 998
75 999
76 84
76 475
76 783
76 930
76 932
76 982
76 988
76 990
76 995
76 996
77 739
77 859
77 930
77 935
77 949
77 973
77 978
77 985
77 986
77 997
77 999
78 17
78 584
78 620
78 904
78 917
78 928
78 980
78 988
78 995
78 996
79 636
79 754
79 773
79 912
79 914
79 955
79 973
79 989
79 997
79 998
79 999
80 594
80 634
80 727
80 818
80 911
80 986
80 991
80 993
80 997
80 998
80 999
81 161
81 213
81 554
81 616
81 821
81 942
81 957
81 988
81 995
81 996
81 998
82 785
82 871
82 925
82 956
82 982
82 984
82 985
82 992
82 993
82 998
82 999
83 527
83 690
83 830
83 884
83 906
83 951
83 988
83 990
83 995
83 996
84 517
84 562
84 668
84 691
84 740
84 873
84 951
84 975
84 988
84 991
84 995
85 340
85 397
85 411
85 838
85 888
85 891
85 936
85 957
85 968
85 981
85 994
86 106
86 480
86 520
86 786
86 863
86 907
86 929
86 937
86 983
86 987
86 994
87 412
87 562
87 696
87 969
87 980
87 987
87 988
87 990
87 995
87 996
88 632
88 827
88 855
88 886
88 918
88 951
88 966
88 969
88 990
88 996
89 478
89 859
89 879
89 911
89 936
89 949
89 950
89 982
89 989
89 991
89 993
89 998
90 42
90 378
90 433
90 748
90 830
90 879
90 954
90 974
90 981
90 987
90 994
91 540
91 688
91 715
91 759
91 802
91 878
91 926
91 974
91 994
91 999
92 572
92 586
92 693
92 784
92 944
92 961
92 972
92 992
92 993
92 998
92 999
93 396
93 721
93 856
93 944
93 945
93 978
93 984
93 991
93 997
93 998
93 999
94 157
94 720
94 922
94 938
94 954
94 984
94 992
94 993
94 997
94 998
94 999
95 781
95 806
95 808
95 933
95 938
95 956
95 972
95 973
95 989
95 992
95 993
95 997
95 999
96 541
96 709
96 711
96 780
96 847
96 854
96 875
96 974
96 987
96 994
96 997
97 576
97 635
97 641
97 664
97 896
97 898
97 964
97 988
97 995
97 996
98 38
98 551
98 753
98 786
98 820
98 932
98 940
98 957
98 995
98 996
99 142
99 659
99 745
99 786
99 884
99 927
99 960
99 988
99 992
99 995
99 996
100 608
100 792
100 847
100 892
100 968
100 970
100 986
100 987
100 992
100 994
100 998
101 357
101 410
101 639
101 795
101 825
101 902
101 946
101 981
101 987
101 994
102 226
102 641
102 895
102 908
102 942
102 958
102 975
102 990
102 995
102 996
103 574
103 697
103 845
103 954
103 959
103 982
103 985
103 992
103 997
103 998
103 999
104 137
104 257
104 307
104 398
104 553
104 580
104 976
104 992
104 993
104 998
104 999
105 213
105 353
105 494
105 596
105 725
105 953
105 964
105 969
105 980
105 996
106 455
106 758
106 817
106 897
106 955
106 985
106 986
106 993
106 997
106 998
106 999
107 845
107 865
107 891
107 936
107 943
107 961
107 971
107 983
107 987
107 989
107 994
108 40
108 381
108 421
108 520
108 566
108 684
108 905
108 971
108 983
108 994
108 999
109 496
109 709
109 821
109 910
109 927
109 977
109 983
109 986
109 987
109 988
109 994
110 287
110 632
110 841
110 883
110 898
110 960
110 966
110 988
110 995
110 996
111 232
111 572
111 879
111 900
111 959
111 972
111 982
111 986
111 997
111 998
111 999
112 59
112 483
112 928
112 963
112 964
112 969
112 970
112 977
112 995
112 996
113 352
113 356
113 374
113 384
113 864
113 971
113 972
113 983
113 987
113 994
113 996
114 774
114 832
114 880
114 909
114 984
114 991
114 992
114 993
114 997
114 998
114 999
115 465
115 482
115 568
115 668
115 801
115 836
115 884
115 887
115 979
115 995
115 996
116 79
116 148
116 267
116 523
116 846
116 949
116 984
116 989
116 992
116 998
116 999
117 461
117 572
117 794
117 826
117 850
117 974
117 981
117 983
117 987
117 994
117 997
118 790
118 800
118 806
118 834
118 913
118 941
118 982
118 993
118 997
118 998
118 999
119 17
119 295
119 415
119 615
119 740
119 798
119 873
119 979
119 988
119 996
120 544
120 585
120 619
120 921
120 936
120 961
120 992
120 993
120 997
120 998
120 999
121 145
121 693
121 773
121 792
121 941
121 965
121 984
121 989
121 997
121 998
121 999
122 116
122 547
122 601
122 650
122 915
122 966
122 988
122 990
122 995
122 996
122 997
123 263
123 451
123 457
123 480
123 595
123 704
123 825
123 869
123 969
123 994
124 628
124 712
124 873
124 896
124 898
124 906
124 964
124 988
124 995
124 996
125 325
125 545
125 614
125 706
125 785
125 973
125 976
125 992
125 997
125 998
125 999
126 658
126 696
126 860
126 872
126 961
126 982
126 985
126 992
126 993
126 997
126 998
126 999
127 94
127 442
127 553
127 702
127 871
127 922
127 985
127 989
127 991
127 992
127 993
127 998
127 999
128 466
128 662
128 824
128 837
128 884
128 928
128 958
128 980
128 995
128 996
129 404
129 565
129 809
129 956
129 962
129 978
129 992
129 993
129 997
129 998
129 999
130 581
130 693
130 773
130 839
130 903
130 954
130 972
130 973
130 985
130 991
130 997
130 998
131 688
131 728
131 756
131 844
131 968
131 970
131 971
131 981
131 983
131 986
131 994
132 281
132 549
132 796
132 807
132 904
132 975
132 979
132 988
132 990
132 995
133 120
133 510
133 833
133 936
133 984
133 985
133 992
133 993
133 997
133 998
133 999
134 888
134 905
134 921
134 973
134 978
134 986
134 989
134 991
134 993
134 997
134 998
134 999
135 371
135 636
135 901
135 933
135 961
135 978
135 989
135 991
135 992
135 997
135 998
135 999
136 333
136 757
136 871
136 933
136 982
136 989
136 991
136 993
136 997
136 998
136 999
137 169
137 756
137 774
137 930
137 962
137 973
137 991
137 992
137 997
137 998
137 999
138 663
138 686
138 722
138 822
138 955
138 965
138 982
138 985
138 991
138 998
138 999
139 464
139 708
139 787
139 869
139 915
139 950
139 967
139 970
139 974
139 991
139 994
140 669
140 761
140 877
140 932
140 942
140 975
140 977
140 990
140 995
140 996
141 51
141 57
141 94
141 121
141 177
141 400
141 789
141 976
141 985
141 991
141 993
141 999
142 219
142 424
142 803
142 828
142 934
142 963
142 970
142 971
142 987
142 994
143 331
143 462
143 800
143 985
143 986
143 989
143 991
143 993
143 997
143 998
143 999
144 263
144 379
144 734
144 835
144 843
144 892
144 907
144 971
144 974
144 994
145 577
145 888
145 897
145 911
145 944
145 972
145 992
145 993
145 997
145 998
145 999
146 23
146 73
146 815
146 823
146 895
146 899
146 988
146 990
146 993
146 995
146 996
147 470
147 840
147 870
147 934
147 943
147 952
147 968
147 987
147 994
147 995
147 998
148 430
148 537
148 914
148 944
148 955
148 985
148 991
148 992
148 993
148 997
148 998
148 999
149 741
149 914
149 931
149 962
149 972
149 982
149 986
149 991
149 993
149 997
149 998
149 999
150 181
150 712
150 737
150 895
150 947
150 969
150 988
150 990
150 995
150 996
151 286
151 724
151 762
151 825
151 854
151 885
151 967
151 971
151 983
151 986
151 994
152 13
152 160
152 833
152 860
152 901
152 978
152 982
152 986
152 989
152 997
152 998
152 999
153 50
153 540
153 793
153 869
153 890
153 962
153 963
153 985
153 987
153 994
154 577
154 751
154 802
154 930
154 936
154 948
154 985
154 989
154 991
154 993
154 999
155 279
155 458
155 747
155 891
155 902
155 943
155 946
155 975
155 983
155 984
155 994
156 97
156 413
156 504
156 927
156 940
156 975
156 988
156 995
156 996
156 999
157 400
157 756
157 870
157 879
157 929
157 930
157 945
157 982
157 993
157 997
157 998
157 999
158 556
158 929
158 933
158 965
158 976
158 978
158 985
158 992
158 993
158 997
158 998
158 999
159 430
159 802
159 856
159 909
159 976
159 985
159 989
159 992
159 993
159 997
159 999
160 417
160 710
160 936
160 944
160 954
160 986
160 989
160 993
160 997
160 998
160 999
161 515
161 591
161 712
161 812
161 881
161 932
161 942
161 977
161 995
161 996
162 592
162 764
162 850
162 908
162 926
162 974
162 983
162 987
162 991
162 994
163 552
163 556
163 925
163 930
163 931
163 961
163 989
163 993
163 997
163 998
163 999
164 36
164 636
164 832
164 903
164 959
164 982
164 989
164 992
164 997
164 998
164 999
165 231
165 601
165 635
165 810
165 901
165 939
165 951
165 964
165 988
165 990
165 996
166 334
166 784
166 819
166 845
166 903
166 945
166 948
166 955
166 991
166 993
166 998
166 999
167 319
167 709
167 763
167 861
167 876
167 934
167 958
167 968
167 981
167 987
167 994
168 338
168 677
168 734
168 810
168 878
168 907
168 910
168 946
168 961
168 987
168 994
169 233
169 472
169 580
169 916
169 959
169 986
169 989
169 991
169 997
169 998
169 999
170 118
170 550
170 557
170 937
170 949
170 954
170 976
170 989
170 997
170 998
170 999
171 161
171 386
171 852
171 947
171 951
171 960
171 988
171 990
171 995
171 996
171 998
172 98
172 324
172 588
172 641
172 691
172 881
172 904
172 906
172 995
172 996
173 209
173 531
173 822
173 828
173 829
173 967
173 971
173 983
173 993
173 994
173 998
174 218
174 736
174 826
174 910
174 930
174 967
174 971
174 983
174 985
174 996
174 998
175 82
175 214
175 784
175 868
175 871
175 913
175 965
175 984
175 991
175 993
175 997
175 998
175 999
176 10
176 345
176 572
176 868
176 935
176 956
176 976
176 978
176 986
176 991
176 992
176 997
176 998
176 999
177 11
177 125
177 516
177 834
177 936
177 939
177 991
177 992
177 993
177 997
177 999
178 808
178 819
178 860
178 912
178 929
178 950
178 962
178 989
178 992
178 998
178 999
179 648
179 829
179 847
179 963
179 967
179 970
179 978
179 987
179 994
179 998
179 999
180 170
180 846
180 923
180 925
180 956
180 986
180 992
180 993
180 997
180 998
180 999
181 387
181 588
181 650
181 654
181 718
181 807
181 932
181 979
181 988
181 995
182 530
182 574
182 767
182 909
182 920
182 939
182 961
182 989
182 993
182 998
182 999
183 3
183 764
183 786
183 892
183 904
183 958
183 979
183 988
183 990
183 995
183 996
184 255
184 857
184 920
184 941
184 950
184 985
184 986
184 989
184 992
184 993
184 997
184 999
185 398
185 714
185 867
185 929
185 949
185 982
185 992
185 993
185 997
185 998
185 999
186 857
186 860
186 973
186 976
186 982
186 984
186 989
186 991
186 993
186 998
186 999
187 221
187 222
187 364
187 930
187 982
187 986
187 992
187 993
187 997
187 998
187 999
188 166
188 680
188 702
188 819
188 839
188 846
188 945
188 978
188 985
188 986
188 991
188 997
188 998
189 629
189 883
189 884
189 886
189 927
189 947
189 988
189 990
189 995
189 996
190 554
190 595
190 731
190 770
190 860
190 862
190 890
190 971
190 975
190 994
190 997
191 746
191 819
191 859
191 867
191 875
191 923
191 982
191 992
191 997
191 998
191 999
192 205
192 254
192 764
192 803
192 829
192 876
192 970
192 971
192 987
192 994
193 129
193 702
193 936
193 948
193 959
193 978
193 982
193 992
193 993
193 998
193 999
194 128
194 441
194 639
194 748
194 787
194 821
194 971
194 987
194 990
194 994
195 8
195 478
195 715
195 731
195 748
195 805
195 862
195 925
195 970
195 994
196 830
196 905
196 913
196 960
196 966
196 969
196 975
196 980
196 988
196 995
196 996
197 138
197 277
197 834
197 925
197 948
197 986
197 991
197 992
197 997
197 998
197 999
198 80
198 526
198 568
198 760
198 899
198 942
198 952
198 979
198 990
198 996
199 799
199 814
199 956
199 982
199 985
199 986
199 992
199 993
199 997
199 998
199 999
200 82
200 315
200 376
200 468
200 685
200 952
200 968
200 970
200 983
200 990
200 994
201 30
201 37
201 188
201 227
201 296
201 722
201 746
201 986
201 997
201 998
201 999
202 298
202 441
202 717
202 910
202 971
202 974
202 981
202 987
202 993
202 994
202 999
203 81
203 88
203 243
203 623
203 881
203 884
203 935
203 964
203 987
203 995
203 996
204 681
204 699
204 920
204 921
204 950
204 982
204 989
204 992
204 997
204 998
204 999
205 9
205 67
205 260
205 704
205 803
205 895
205 926
205 937
205 943
205 987
205 999
206 303
206 548
206 829
206 885
206 970
206 981
206 983
206 994
206 995
206 999
207 417
207 533
207 573
207 755
207 916
207 944
207 955
207 982
207 989
207 997
207 998
207 999
208 766
208 768
208 807
208 917
208 957
208 977
208 990
208 995
208 996
208 997
208 999
209 462
209 541
209 590
209 937
209 984
209 986
209 989
209 991
209 997
209 998
209 999
210 154
210 656
210 774
210 778
210 879
210 916
210 965
210 991
210 992
210 993
210 998
210 999
211 239
211 361
211 542
211 705
211 770
211 821
211 882
211 921
211 943
211 981
211 994
212 95
212 304
212 894
212 920
212 921
212 950
212 984
212 989
212 991
212 992
212 997
212 998
212 999
213 226
213 449
213 630
213 666
213 889
213 895
213 927
213 969
213 988
213 996
214 401
214 818
214 834
214 922
214 950
214 965
214 978
214 991
214 992
214 997
214 998
214 999
215 193
215 408
215 722
215 982
215 984
215 985
215 989
215 992
215 993
215 997
215 998
215 999
216 432
216 829
216 842
216 843
216 963
216 968
216 970
216 971
216 987
216 994
217 251
217 623
217 752
217 804
217 889
217 957
217 966
217 977
217 990
217 994
217 996
218 410
218 426
218 731
218 795
218 910
218 922
218 946
218 975
218 987
218 994
219 142
219 338
219 532
219 633
219 861
219 910
219 968
219 983
219 987
219 994
220 388
220 455
220 719
220 914
220 982
220 984
220 986
220 989
220 991
220 997
220 998
220 999
221 423
221 767
221 945
221 948
221 978
221 982
221 985
221 986
221 989
221 992
221 997
221 999
222 321
222 612
222 644
222 758
222 833
222 929
222 939
222 956
222 992
222 993
222 997
222 999
223 512
223 606
223 625
223 661
223 766
223 947
223 969
223 979
223 990
223 995
224 43
224 294
224 300
224 480
224 562
224 764
224 883
224 982
224 987
224 994
224 997
225 159
225 681
225 834
225 925
225 938
225 959
225 986
225 989
225 993
225 997
225 998
225 999
226 597
226 646
226 679
226 827
226 855
226 894
226 960
226 977
226 995
226 996
226 997
227 550
227 558
227 839
227 845
227 929
227 962
227 978
227 986
227 991
227 993
227 997
228 41
228 275
228 898
228 917
228 958
228 960
228 964
228 988
228 990
228 996
229 320
229 608
229 738
229 816
229 839
229 872
229 986
229 992
229 997
229 998
229 999
230 61
230 797
230 877
230 957
230 969
230 975
230 979
230 990
230 995
230 996
231 653
231 670
231 837
231 928
231 931
231 980
231 985
231 988
231 989
231 995
231 996
232 459
232 781
232 931
232 961
232 982
232 985
232 986
232 993
232 997
232 998
232 999
233 436
233 474
233 647
233 767
233 900
233 944
233 976
233 985
233 989
233 998
233 999
234 613
234 845
234 897
234 941
234 955
234 962
234 989
234 993
234 997
234 998
234 999
235 283
235 621
235 713
235 800
235 812
235 910
235 971
235 974
235 980
235 994
235 995
236 528
236 656
236 692
236 742
236 773
236 856
236 868
236 938
236 989
236 993
236 998
237 69
237 244
237 280
237 434
237 688
237 928
237 960
237 964
237 990
237 995
237 996
238 497
238 502
238 606
238 660
238 695
238 793
238 955
238 983
238 987
238 992
238 994
239 518
239 704
239 762
239 780
239 821
239 934
239 970
239 987
239 991
239 994
239 999
240 237
240 604
240 807
240 853
240 877
240 974
240 980
240 988
240 995
240 996
240 997
241 207
241 301
241 375
241 729
241 860
241 956
241 976
241 985
241 989
241 992
241 993
241 997
241 999
242 547
242 643
242 691
242 775
242 919
242 951
242 957
242 988
242 995
242 996
243 316
243 513
243 772
243 918
243 960
243 980
243 988
243 990
243 995
243 996
244 856
244 859
244 938
244 948
244 954
244 972
244 986
244 989
244 997
244 998
244 999
245 589
245 905
245 923
245 941
245 984
245 985
245 991
245 992
245 993
245 997
245 998
245 999
246 113
246 547
246 654
246 665
246 863
246 891
246 933
246 983
246 987
246 994
246 995
247 959
247 982
247 984
247 985
247 989
247 991
247 992
247 993
247 997
247 998
247 999
248 527
248 771
248 827
248 960
248 964
248 975
248 988
248 990
248 995
248 996
249 355
249 356
249 554
249 604
249 628
249 713
249 786
249 951
249 995
249 996
249 999
250 762
250 878
250 887
250 904
250 943
250 963
250 967
250 974
250 987
250 991
250 994
251 741
251 754
251 894
251 930
251 939
251 985
251 986
251 989
251 991
251 997
251 998
251 999
252 627
252 817
252 925
252 954
252 955
252 962
252 976
252 978
252 985
252 991
252 997
252 998
252 999
253 600
253 781
253 965
253 982
253 985
253 989
253 992
253 993
253 997
253 998
253 999
254 308
254 484
254 655
254 717
254 780
254 835
254 843
254 882
254 991
254 994
254 999
255 888
255 922
255 923
255 961
255 978
255 991
255 992
255 993
255 997
255 998
255 999
256 563
256 638
256 813
256 922
256 973
256 989
256 991
256 993
256 997
256 998
256 999
257 178
257 692
257 806
257 914
257 959
257 978
257 982
257 984
257 993
257 997
257 999
258 54
258 180
258 627
258 843
258 884
258 942
258 946
258 971
258 983
258 990
258 996
259 894
259 923
259 944
259 956
259 986
259 991
259 992
259 993
259 997
259 998
259 999
260 30
260 448
260 727
260 903
260 909
260 944
260 976
260 982
260 984
260 997
260 998
260 999
261 415
261 416
261 610
261 666
261 886
261 887
261 908
261 974
261 988
261 995
261 996
262 200
262 434
262 652
262 844
262 854
262 861
262 943
262 963
262 987
262 994
263 405
263 511
263 747
263 848
263 943
263 968
263 971
263 977
263 983
263 994
263 996
264 106
264 409
264 871
264 897
264 937
264 972
264 986
264 992
264 993
264 997
264 999
265 698
265 749
265 857
265 913
265 985
265 989
265 991
265 992
265 997
265 998
265 999
266 156
266 269
266 514
266 568
266 823
266 911
266 932
266 969
266 977
266 993
266 996
267 1
267 710
267 802
267 939
267 984
267 986
267 992
267 993
267 997
267 998
267 999
268 853
268 919
268 942
268 958
268 964
268 979
268 986
268 988
268 995
268 996
268 999
269 83
269 385
269 454
269 889
269 915
269 918
269 980
269 988
269 995
269 996
270 29
270 641
270 737
270 922
270 953
270 973
270 977
270 979
270 988
270 995
270 996
271 45
271 117
271 646
271 826
271 890
271 946
271 974
271 981
271 983
271 988
271 994
272 47
272 708
272 891
272 910
272 967
272 971
272 981
272 987
272 992
272 994
272 996
273 867
273 933
273 954
273 962
273 978
273 982
273 991
273 992
273 997
273 998
273 999
274 164
274 271
274 751
274 769
274 862
274 885
274 978
274 981
274 983
274 993
274 994
275 196
275 758
275 827
275 906
275 953
275 966
275 975
275 983
275 987
275 995
275 996
276 681
276 816
276 872
276 903
276 913
276 965
276 986
276 989
276 991
276 998
276 999
277 913
277 929
277 936
277 956
277 984
277 989
277 991
277 993
277 997
277 998
277 999
278 231
278 515
278 737
278 899
278 966
278 980
278 988
278 990
278 995
278 996
279 373
279 840
279 842
279 866
279 952
279 974
279 981
279 987
279 989
279 994
279 997
280 99
280 643
280 886
280 898
280 906
280 964
280 975
280 990
280 995
280 996
281 431
281 824
281 889
281 953
281 957
281 977
281 988
281 990
281 995
281 996
282 746
282 858
282 924
282 934
282 941
282 954
282 968
282 983
282 984
282 994
282 995
283 189
283 724
283 943
283 944
283 962
283 968
283 971
283 972
283 986
283 987
283 994
284 772
284 798
284 838
284 851
284 964
284 965
284 980
284 990
284 992
284 995
284 996
285 393
285 476
285 659
285 881
285 915
285 918
285 928
285 947
285 995
285 996
286 268
286 359
286 363
286 443
286 889
286 953
286 980
286 988
286 994
286 995
286 996
287 348
287 719
287 767
287 953
287 958
287 966
287 975
287 977
287 986
287 995
287 996
288 67
288 631
288 762
288 779
288 821
288 889
288 910
288 963
288 971
288 983
288 987
289 69
289 487
289 493
289 736
289 826
289 968
289 981
289 983
289 987
289 994
290 6
290 216
290 234
290 291
290 292
290 829
290 968
290 974
290 981
290 983
290 994
291 257
291 259
291 676
291 931
291 938
291 976
291 984
291 986
291 991
291 993
291 997
291 998
291 999
292 521
292 678
292 926
292 952
292 968
292 970
292 981
292 983
292 987
292 994
293 229
293 332
293 563
293 697
293 802
293 973
293 985
293 993
293 997
293 998
293 999
294 618
294 937
294 972
294 973
294 978
294 984
294 991
294 992
294 993
294 997
294 999
295 203
295 661
295 671
295 694
295 927
295 957
295 958
295 977
295 979
295 996
296 48
296 459
296 687
296 856
296 935
296 939
296 973
296 991
296 993
296 998
296 999
297 438
297 446
297 581
297 701
297 763
297 848
297 974
297 981
297 987
297 992
297 994
298 567
298 782
298 852
298 861
298 882
298 892
298 910
298 963
298 987
298 991
298 994
299 613
299 703
299 819
299 963
299 967
299 968
299 971
299 981
299 985
299 994
299 998
300 289
300 390
300 424
300 538
300 926
300 952
300 970
300 983
300 987
300 994
301 404
301 788
301 871
301 897
301 929
301 961
301 976
301 978
301 985
301 989
301 993
301 997
301 998
301 999
302 60
302 393
302 634
302 902
302 915
302 947
302 977
302 988
302 989
302 995
302 996
303 109
303 262
303 337
303 680
303 825
303 890
303 892
303 917
303 924
303 983
303 991
304 395
304 543
304 698
304 801
304 921
304 972
304 978
304 989
304 991
304 992
304 993
304 997
304 998
304 999
305 334
305 382
305 570
305 683
305 909
305 984
305 991
305 992
305 993
305 997
305 998
305 999
306 39
306 194
306 538
306 861
306 965
306 981
306 982
306 988
306 993
306 994
306 996
307 304
307 440
307 544
307 552
307 893
307 894
307 950
307 965
307 982
307 991
307 997
307 998
308 726
308 902
308 943
308 949
308 968
308 981
308 983
308 987
308 994
308 996
308 999
309 819
309 864
309 912
309 920
309 923
309 950
309 972
309 989
309 991
309 993
309 997
309 998
309 999
310 98
310 336
310 665
310 807
310 934
310 946
310 967
310 987
310 994
310 995
310 998
311 483
311 569
311 762
311 850
311 854
311 865
311 929
311 968
311 983
311 987
311 994
312 122
312 669
312 744
312 855
312 928
312 975
312 981
312 984
312 993
312 995
312 996
313 114
313 306
313 491
313 520
313 799
313 862
313 946
313 952
313 987
313 994
313 999
314 714
314 720
314 809
314 872
314 925
314 976
314 985
314 986
314 992
314 997
314 998
314 999
315 427
315 507
315 905
315 939
315 961
315 973
315 976
315 989
315 997
315 998
315 999
316 28
316 181
316 632
316 655
316 671
316 753
316 977
316 990
316 995
316 996
317 223
317 546
317 847
317 892
317 943
317 981
317 984
317 987
317 989
317 990
317 994
318 26
318 56
318 249
318 363
318 513
318 904
318 917
318 988
318 990
318 995
319 859
319 950
319 955
319 961
319 984
319 991
319 992
319 993
319 997
319 998
319 999
320 51
320 442
320 618
320 782
320 921
320 930
320 939
320 945
320 984
320 992
320 997
320 998
320 999
321 811
321 822
321 834
321 945
321 982
321 984
321 985
321 986
321 989
321 997
321 999
322 43
322 368
322 487
322 747
322 882
322 885
322 941
322 977
322 987
322 994
322 997
323 508
323 869
323 880
323 882
323 963
323 970
323 974
323 981
323 990
323 994
323 999
324 549
324 648
324 804
324 837
324 898
324 940
324 986
324 990
324 993
324 995
324 996
325 13
325 440
325 832
325 845
325 903
325 937
325 986
325 991
325 997
325 998
325 999
326 449
326 666
326 723
326 919
326 940
326 964
326 980
326 990
326 995
326 996
327 89
327 265
327 452
327 788
327 955
327 972
327 984
327 986
327 997
327 998
327 999
328 347
328 715
328 736
328 840
328 842
328 843
328 876
328 908
328 975
328 987
328 998
329 253
329 589
329 931
329 965
329 982
329 984
329 991
329 992
329 997
329 998
329 999
330 684
330 847
330 858
330 916
330 952
330 983
330 987
330 990
330 992
330 994
330 998
331 329
331 571
331 789
331 867
331 901
331 986
331 991
331 993
331 997
331 998
331 999
332 758
332 874
332 914
332 936
332 955
332 976
332 989
332 991
332 992
332 997
332 999
333 149
333 469
333 574
333 790
333 874
333 880
333 984
333 989
333 992
333 993
333 997
333 998
333 999
334 344
334 722
334 845
334 911
334 956
334 976
334 989
334 991
334 993
334 997
334 999
335 608
335 707
335 757
335 860
335 989
335 991
335 992
335 993
335 997
335 998
335 999
336 289
336 497
336 705
336 724
336 861
336 952
336 981
336 983
336 987
336 994
337 202
337 658
337 728
337 828
337 902
337 946
337 979
337 981
337 987
337 994
337 998
338 353
338 575
338 638
338 847
338 885
338 952
338 970
338 987
338 992
338 993
338 994
339 196
339 243
339 539
339 855
339 873
339 881
339 938
339 947
339 988
339 995
339 998
340 621
340 709
340 717
340 791
340 835
340 882
340 885
340 949
340 968
340 991
340 994
341 426
341 611
341 821
341 955
341 964
341 967
341 968
341 987
341 989
341 994
341 999
342 468
342 566
342 726
342 769
342 844
342 882
342 924
342 970
342 971
342 994
343 219
343 282
343 429
343 726
343 842
343 878
343 981
343 987
343 988
343 994
343 996
344 755
344 818
344 880
344 916
344 936
344 962
344 989
344 991
344 993
344 998
344 999
345 714
345 721
345 880
345 965
345 982
345 985
345 989
345 991
345 997
345 998
345 999
346 784
346 801
346 834
346 931
346 936
346 961
346 962
346 984
346 989
346 991
346 993
346 997
346 998
346 999
347 829
347 832
347 843
347 876
347 952
347 967
347 970
347 971
347 981
347 994
347 999
348 339
348 445
348 466
348 899
348 915
348 942
348 969
348 979
348 988
348 996
349 103
349 305
349 814
349 818
349 905
349 941
349 972
349 973
349 991
349 993
349 998
349 999
350 571
350 813
350 857
350 868
350 955
350 962
350 986
350 993
350 997
350 998
350 999
351 327
351 619
351 900
351 925
351 935
351 959
351 986
351 989
351 993
351 998
351 999
352 369
352 450
352 725
352 892
352 902
352 970
352 981
352 983
352 987
352 994
352 999
353 377
353 772
353 904
353 957
353 971
353 975
353 980
353 981
353 988
353 995
353 996
354 323
354 610
354 727
354 924
354 946
354 963
354 981
354 983
354 987
354 993
354 998
355 187
355 199
355 901
355 930
355 955
355 962
355 982
355 984
355 986
355 993
355 998
355 999
356 421
356 547
356 579
356 918
356 928
356 940
356 953
356 983
356 988
356 995
356 996
357 290
357 410
357 548
357 575
357 673
357 793
357 877
357 934
357 952
357 987
357 994
358 230
358 643
358 766
358 884
358 898
358 953
358 980
358 990
358 995
358 996
359 27
359 732
359 786
359 927
359 975
359 977
359 980
359 990
359 995
359 996
359 998
360 449
360 648
360 650
360 881
360 942
360 977
360 980
360 988
360 990
360 995
361 16
361 266
361 701
361 718
361 725
361 777
361 919
361 943
361 988
361 990
361 996
362 86
362 100
362 507
362 704
362 835
362 850
362 943
362 962
362 974
362 981
362 994
363 115
363 463
363 609
363 666
363 932
363 975
363 979
363 990
363 995
363 996
364 221
364 806
364 949
364 955
364 985
364 992
364 993
364 997
364 998
364 999
365 31
365 166
365 779
365 808
365 939
365 956
365 985
365 992
365 993
365 997
365 999
366 126
366 314
366 937
366 948
366 954
366 956
366 982
366 991
366 992
366 993
366 997
367 471
367 720
367 903
367 959
367 973
367 978
367 985
367 997
367 998
367 999
368 311
368 381
368 621
368 661
368 734
368 840
368 963
368 981
368 991
368 994
369 585
369 833
369 944
369 956
369 984
369 985
369 992
369 997
369 998
369 999
370 371
370 600
370 933
370 941
370 984
370 992
370 993
370 997
370 998
370 999
371 774
371 832
371 901
371 911
371 939
371 950
371 976
371 997
371 998
371 999
372 276
372 781
372 921
372 925
372 945
372 978
372 992
372 997
372 998
372 999
373 596
373 783
373 804
373 838
373 896
373 928
373 951
373 988
373 996
374 649
374 710
374 955
374 978
374 986
374 989
374 991
374 997
374 998
374 999
375 46
375 749
375 875
375 909
375 985
375 986
375 991
375 992
375 997
375 998
375 999
376 364
376 369
376 900
376 944
376 954
376 989
376 992
376 997
376 998
376 999
377 753
377 761
377 831
377 859
377 868
377 899
377 964
377 977
377 990
377 996
378 104
378 809
378 879
378 922
378 931
378 984
378 989
378 991
378 997
378 998
379 12
379 96
379 508
379 844
379 846
379 858
379 973
379 974
379 981
379 983
380 122
380 841
380 853
380 904
380 928
380 964
380 980
380 995
380 996
381 457
381 518
381 689
381 878
381 968
381 982
381 983
381 984
381 997
381 998
382 600
382 670
382 757
382 846
382 931
382 984
382 991
382 992
382 997
382 998
382 999
383 604
383 653
383 835
383 919
383 932
383 977
383 988
383 995
383 996
383 999
384 73
384 835
384 891
384 892
384 942
384 971
384 979
384 981
384 983
384 994
385 246
385 456
385 883
385 947
385 966
385 985
385 988
385 990
385 995
385 996
386 75
386 392
386 678
386 693
386 732
386 866
386 924
386 983
386 987
386 996
387 765
387 838
387 853
387 884
387 887
387 975
387 980
387 995
387 996
388 618
388 785
388 809
388 978
388 985
388 986
388 989
388 991
388 992
388 998
388 999
389 508
389 622
389 731
389 787
389 794
389 844
389 952
389 971
389 983
390 144
390 701
390 759
390 770
390 924
390 946
390 963
390 981
390 987
391 247
391 802
391 857
391 914
391 949
391 955
391 986
391 993
391 998
391 999
392 288
392 313
392 386
392 701
392 850
392 885
392 968
392 987
392 994
393 85
393 597
393 907
393 958
393 967
393 975
393 980
393 994
393 995
393 996
394 587
394 817
394 857
394 945
394 982
394 986
394 992
394 993
394 998
394 999
395 453
395 573
395 749
395 879
395 965
395 978
395 989
395 991
395 992
395 993
395 998
395 999
396 603
396 675
396 808
396 816
396 849
396 984
396 993
396 997
396 998
396 999
397 91
397 139
397 341
397 770
397 843
397 892
397 970
397 971
397 994
398 683
398 871
398 923
398 978
398 986
398 991
398 992
398 993
398 997
398 998
398 999
399 422
399 815
399 906
399 918
399 977
399 979
399 988
399 995
399 996
400 244
400 675
400 879
400 938
400 973
400 991
400 992
400 997
400 998
400 999
401 255
401 440
401 626
401 811
401 916
401 978
401 985
401 989
401 991
401 997
401 998
401 999
402 318
402 765
402 824
402 942
402 975
402 977
402 990
402 995
402 996
403 471
403 525
403 839
403 856
403 972
403 991
403 992
403 993
403 997
403 998
403 999
404 212
404 860
404 874
404 875
404 916
404 976
404 978
404 991
404 993
404 997
404 999
405 191
405 673
405 722
405 954
405 976
405 985
405 991
405 992
405 998
405 999
406 188
406 227
406 697
406 699
406 845
406 903
406 909
406 991
406 998
406 999
407 590
407 813
407 916
407 959
407 978
407 991
407 992
407 993
407 997
407 998
407 999
408 335
408 535
408 801
408 817
408 879
408 923
408 925
408 933
408 991
408 997
408 999
409 395
409 414
409 607
409 647
409 757
409 813
409 880
409 920
409 992
409 997
409 998
409 999
410 794
410 795
410 891
410 926
410 972
410 976
410 981
410 989
410 992
410 994
411 739
411 863
411 902
411 946
411 971
411 974
411 983
411 987
411 994
411 999
412 52
412 883
412 919
412 927
412 988
412 990
412 995
412 996
412 997
412 999
413 136
413 687
413 696
413 867
413 930
413 972
413 989
413 993
413 997
413 998
413 999
414 670
414 813
414 893
414 935
414 941
414 944
414 989
414 991
414 997
414 998
414 999
415 643
415 700
415 783
415 915
415 977
415 980
415 988
415 995
415 997
415 999
416 317
416 731
416 732
416 876
416 963
416 970
416 987
416 996
416 997
416 999
417 670
417 920
417 955
417 984
417 985
417 986
417 989
417 997
417 998
417 999
418 637
418 764
418 806
418 865
418 896
418 907
418 920
418 974
418 983
418 994
419 249
419 596
419 889
419 947
419 958
419 964
419 988
419 990
419 996
420 251
420 509
420 784
420 972
420 982
420 989
420 991
420 992
420 993
420 997
420 998
421 195
421 566
421 598
421 726
421 841
421 858
421 934
421 958
421 971
421 983
422 569
422 605
422 633
422 657
422 659
422 781
422 796
422 940
422 995
422 996
423 448
423 816
423 868
423 931
423 985
423 992
423 993
423 997
423 998
423 999
424 274
424 458
424 778
424 787
424 821
424 902
424 977
424 981
424 994
424 996
425 192
425 340
425 418
425 798
425 862
425 890
425 953
425 983
425 987
425 994
426 425
426 599
426 848
426 866
426 935
426 963
426 983
426 987
426 994
426 999
427 687
427 749
427 817
427 936
427 962
427 972
427 985
427 992
427 998
427 999
428 66
428 374
428 673
428 707
428 933
428 938
428 993
428 997
428 998
428 999
429 112
429 195
429 322
429 357
429 867
429 875
429 963
429 981
429 987
429 994
430 163
430 365
430 552
430 888
430 973
430 991
430 992
430 993
430 997
430 999
431 765
431 915
431 951
431 966
431 975
431 979
431 988
431 995
431 996
432 8
432 705
432 728
432 902
432 952
432 960
432 981
432 994
432 997
432 999
433 724
433 844
433 865
433 938
433 943
433 970
433 974
433 983
433 988
433 994
434 715
434 732
434 805
434 854
434 876
434 971
434 974
434 987
434 994
435 332
435 594
435 816
435 874
435 905
435 938
435 949
435 992
435 997
435 998
435 999
436 74
436 564
436 698
436 778
436 818
436 859
436 925
436 959
436 992
436 997
436 998
437 4
437 280
437 796
437 947
437 953
437 979
437 988
437 990
437 995
438 425
438 720
438 784
438 843
438 978
438 979
438 986
438 993
438 996
438 997
439 270
439 286
439 360
439 881
439 898
439 947
439 988
439 995
439 996
440 614
440 751
440 814
440 880
440 893
440 937
440 959
440 985
440 986
440 991
440 998
441 202
441 362
441 467
441 734
441 862
441 878
441 892
441 920
441 963
441 981
442 814
442 912
442 962
442 972
442 976
442 984
442 991
442 992
442 998
442 999
443 90
443 464
443 791
443 850
443 878
443 951
443 952
443 964
443 981
443 994
444 416
444 467
444 542
444 829
444 863
444 961
444 963
444 982
444 987
444 990
445 399
445 820
445 855
445 909
445 958
445 960
445 988
445 995
445 996
445 998
446 151
446 298
446 330
446 362
446 776
446 959
446 967
446 974
446 994
446 998
447 645
447 713
447 851
447 908
447 966
447 975
447 988
447 995
447 996
448 535
448 930
448 973
448 984
448 989
448 991
448 993
448 997
448 998
448 999
449 494
449 812
449 841
449 877
449 917
449 958
449 990
449 995
449 996
450 794
450 817
450 826
450 899
450 970
450 981
450 983
450 987
450 994
450 997
451 408
451 741
451 867
451 870
451 938
451 950
451 985
451 997
451 998
451 999
452 145
452 893
452 905
452 945
452 972
452 984
452 991
452 997
452 998
452 999
453 612
453 785
453 802
453 938
453 948
453 972
453 992
453 997
453 998
453 999
454 610
454 797
454 942
454 951
454 976
454 979
454 990
454 995
454 996
454 998
455 679
455 790
455 888
455 894
455 972
455 984
455 992
455 993
455 997
455 998
455 999
456 208
456 384
456 385
456 431
456 768
456 793
456 940
456 975
456 990
456 996
457 310
457 330
457 534
457 825
457 844
457 858
457 943
457 947
457 951
457 994
458 274
458 678
458 735
458 869
458 958
458 980
458 987
458 989
458 994
458 995
459 871
459 880
459 903
459 911
459 941
459 965
459 989
459 997
459 998
459 999
460 102
460 582
460 798
460 899
460 964
460 975
460 988
460 995
460 996
461 365
461 427
461 828
461 835
461 924
461 965
461 968
461 976
461 988
461 994
462 346
462 543
462 916
462 973
462 982
462 991
462 992
462 993
462 998
462 999
463 599
463 761
463 765
463 855
463 917
463 975
463 990
463 996
463 998
463 999
464 108
464 548
464 617
464 854
464 863
464 897
464 968
464 987
464 994
464 998
465 20
465 761
465 831
465 855
465 969
465 979
465 990
465 995
465 996
466 105
466 150
466 481
466 606
466 812
466 977
466 980
466 988
466 996
467 809
467 919
467 934
467 950
467 970
467 983
467 984
467 987
467 993
467 994
468 408
468 707
468 728
468 856
468 885
468 914
468 974
468 991
468 992
468 997
469 680
469 707
469 888
469 897
469 920
469 925
469 986
469 991
469 997
469 998
469 999
470 319
470 320
470 935
470 985
470 986
470 992
470 993
470 997
470 998
470 999
471 407
471 501
471 672
471 864
471 897
471 948
471 985
471 991
471 993
471 998
471 999
472 135
472 589
472 809
472 845
472 846
472 870
472 914
472 972
472 986
472 998
472 999
473 245
473 544
473 923
473 941
473 955
473 976
473 978
473 997
473 998
473 999
474 912
474 939
474 949
474 956
474 978
474 985
474 986
474 993
474 997
474 999
475 285
475 616
475 657
475 744
475 873
475 886
475 899
475 966
475 990
476 695
476 932
476 947
476 966
476 969
476 977
476 981
476 983
476 995
476 997
477 93
477 697
477 801
477 976
477 989
477 991
477 992
477 993
477 997
477 998
477 999
478 523
478 535
478 755
478 944
478 956
478 982
478 992
478 997
478 998
478 999
479 564
479 875
479 950
479 982
479 985
479 989
479 991
479 993
479 997
479 999
480 276
480 517
480 652
480 705
480 726
480 890
480 938
480 974
480 979
480 994
481 33
481 486
481 927
481 940
481 960
481 966
481 988
481 990
481 996
482 18
482 206
482 258
482 963
482 967
482 974
482 983
482 994
482 995
482 999
483 661
483 733
483 889
483 942
483 957
483 988
483 990
483 995
483 996
484 367
484 506
484 543
484 656
484 860
484 989
484 991
484 997
484 998
484 999
485 315
485 501
485 692
485 720
485 790
485 880
485 950
485 991
485 993
485 999
486 694
486 733
486 745
486 918
486 928
486 952
486 974
486 990
486 995
486 996
487 392
487 456
487 684
487 883
487 890
487 969
487 980
487 987
487 994
487 998
488 72
488 214
488 645
488 904
488 958
488 988
488 990
488 993
488 995
488 996
489 128
489 391
489 850
489 887
489 918
489 960
489 969
489 990
489 995
489 996
490 447
490 498
490 559
490 646
490 804
490 988
490 990
490 994
490 995
490 996
491 297
491 770
491 795
491 855
491 890
491 970
491 983
491 987
491 994
491 997
492 173
492 235
492 762
492 769
492 943
492 948
492 970
492 981
492 992
492 994
493 179
493 190
493 310
493 752
493 824
493 826
493 967
493 981
493 991
493 994
494 203
494 326
494 419
494 917
494 942
494 988
494 990
494 995
494 996
495 608
495 638
495 811
495 941
495 954
495 991
495 993
495 997
495 998
495 999
496 20
496 76
496 132
496 591
496 615
496 988
496 990
496 995
496 996
497 625
497 694
497 848
497 957
497 962
497 969
497 970
497 978
497 993
497 994
498 439
498 602
498 651
498 654
498 750
498 777
498 951
498 979
498 996
499 34
499 97
499 140
499 771
499 852
499 896
499 990
499 991
499 994
499 995
500 359
500 765
500 771
500 940
500 947
500 960
500 975
500 979
500 996
501 15
501 232
501 376
501 839
501 880
501 920
501 986
501 989
501 991
501 998
501 999
502 367
502 776
502 891
502 921
502 926
502 967
502 970
502 983
502 998
502 999
503 345
503 751
503 978
503 982
503 984
503 986
503 989
503 992
503 993
503 997
504 28
504 645
504 657
504 855
504 966
504 988
504 990
504 995
504 996
505 0
505 217
505 475
505 624
505 664
505 904
505 927
505 990
505 995
506 134
506 578
506 680
506 706
506 808
506 949
506 962
506 997
506 998
506 999
507 470
507 580
507 686
507 730
507 779
507 894
507 922
507 948
507 976
507 993
507 997
507 999
508 537
508 548
508 728
508 734
508 759
508 902
508 970
508 987
508 994
508 998
509 111
509 193
509 586
509 913
509 921
509 985
509 992
509 993
509 998
509 999
510 148
510 541
510 663
510 738
510 931
510 933
510 936
510 986
510 993
510 998
511 292
511 392
511 443
511 542
511 633
511 796
511 842
511 952
511 990
511 994
512 643
512 771
512 836
512 838
512 958
512 964
512 979
512 995
512 996
513 151
513 268
513 877
513 902
513 919
513 951
513 980
513 988
513 995
513 996
514 796
514 928
514 964
514 966
514 979
514 980
514 990
514 995
514 996
515 539
515 588
515 836
515 977
515 979
515 980
515 993
515 995
515 996
515 999
516 215
516 792
516 832
516 903
516 986
516 989
516 993
516 997
516 998
516 999
517 261
517 652
517 780
517 863
517 869
517 878
517 981
517 983
517 994
517 996
518 522
518 677
518 854
518 867
518 889
518 967
518 974
518 983
518 993
518 994
519 2
519 720
519 978
519 984
519 989
519 991
519 993
519 997
519 998
519 999
520 564
520 695
520 724
520 769
520 780
520 943
520 952
520 992
520 994
520 997
521 9
521 582
521 840
521 876
521 878
521 882
521 903
521 974
521 987
521 989
522 183
522 312
522 555
522 682
522 831
522 919
522 990
522 995
522 996
523 31
523 291
523 403
523 870
523 900
523 925
523 985
523 989
523 993
523 998
523 999
524 500
524 576
524 579
524 837
524 915
524 957
524 958
524 977
524 996
525 428
525 470
525 923
525 945
525 959
525 989
525 992
525 993
525 997
525 999
526 52
526 454
526 605
526 711
526 904
526 979
526 988
526 995
526 996
527 329
527 475
527 804
527 812
527 975
527 980
527 990
527 993
527 995
527 996
528 104
528 175
528 398
528 405
528 956
528 965
528 991
528 997
528 998
528 999
529 207
529 730
529 905
529 911
529 930
529 961
529 989
529 993
529 997
529 999
530 182
530 667
530 746
530 755
530 801
530 916
530 985
530 997
530 998
530 999
531 174
531 238
531 441
531 596
531 968
531 971
531 982
531 987
531 994
531 995
532 712
532 803
532 926
532 942
532 967
532 968
532 981
532 994
532 995
532 997
533 614
533 868
533 911
533 937
533 973
533 991
533 992
533 997
533 998
533 999
534 22
534 402
534 772
534 820
534 964
534 979
534 990
534 995
534 996
535 63
535 327
535 894
535 911
535 929
535 984
535 986
535 993
535 997
535 998
535 999
536 846
536 920
536 941
536 954
536 978
536 984
536 991
536 997
536 998
536 999
537 260
537 714
537 781
537 939
537 950
537 954
537 972
537 993
537 997
537 998
537 999
538 237
538 593
538 630
538 848
538 941
538 943
538 987
538 993
538 994
538 998
539 750
539 823
539 836
539 899
539 957
539 964
539 966
539 988
539 995
540 143
540 560
540 614
540 753
540 780
540 818
540 968
540 983
540 994
540 997
541 809
541 935
541 962
541 965
541 978
541 986
541 991
541 992
541 997
541 999
542 246
542 250
542 297
542 521
542 787
542 967
542 981
542 987
542 994
543 453
543 485
543 822
543 933
543 978
543 991
543 992
543 997
543 998
543 999
544 741
544 839
544 849
544 972
544 984
544 986
544 991
544 993
544 997
544 998
545 573
545 586
545 675
545 839
545 984
545 989
545 991
545 997
545 998
545 999
546 866
546 934
546 943
546 946
546 968
546 974
546 980
546 987
546 989
546 994
547 873
547 918
547 934
547 940
547 954
547 958
547 964
547 988
547 995
547 996
548 96
548 318
548 379
548 765
548 858
548 910
548 961
548 974
548 983
548 992
549 812
549 838
549 906
549 947
549 953
549 980
549 990
549 995
549 996
550 25
550 350
550 578
550 792
550 868
550 905
550 984
550 992
550 997
550 998
550 999
551 486
551 554
551 737
551 853
551 855
551 906
551 908
551 988
551 996
552 484
552 667
552 730
552 879
552 985
552 986
552 992
552 997
552 998
552 999
553 44
553 391
553 519
553 944
553 972
553 976
553 984
553 989
553 991
553 998
553 999
554 567
554 579
554 623
554 947
554 969
554 977
554 990
554 994
554 995
554 996
555 171
555 671
555 877
555 932
555 958
555 975
555 990
555 995
555 996
556 875
556 937
556 949
556 956
556 961
556 982
556 986
556 991
556 992
556 998
556 999
557 370
557 525
557 897
557 912
557 962
557 984
557 986
557 991
557 998
557 999
558 495
558 536
558 563
558 872
558 961
558 985
558 989
558 997
558 998
558 999
559 594
559 729
559 921
559 945
559 959
559 986
559 991
559 997
559 998
559 999
560 456
560 908
560 947
560 957
560 964
560 980
560 988
560 995
560 996
561 805
561 863
561 869
561 924
561 967
561 974
561 987
561 992
561 994
561 997
562 284
562 496
562 820
562 869
562 883
562 895
562 946
562 960
562 979
562 995
563 529
563 874
563 893
563 929
563 941
563 973
563 978
563 992
563 997
563 998
563 999
564 349
564 400
564 676
564 921
564 976
564 985
564 991
564 997
564 998
564 999
565 180
565 478
565 710
565 816
565 930
565 984
565 991
565 997
565 998
565 999
566 250
566 540
566 803
566 847
566 873
566 924
566 981
566 987
566 990
566 994
567 335
567 886
567 963
567 964
567 967
567 974
567 980
567 981
567 983
567 994
568 569
568 788
568 857
568 899
568 915
568 953
568 969
568 988
568 995
568 996
569 83
569 599
569 953
569 957
569 958
569 975
569 988
569 995
569 996
570 141
570 640
570 738
570 925
570 965
570 976
570 991
570 993
570 997
570 998
570 999
571 593
571 756
571 778
571 813
571 867
571 950
571 962
571 991
571 997
571 999
572 897
572 921
572 922
572 976
572 984
572 991
572 993
572 997
572 998
572 999
573 36
573 638
573 757
573 809
573 864
573 984
573 985
573 991
573 992
573 993
573 997
573 998
573 999
574 965
574 976
574 982
574 985
574 991
574 992
574 993
574 997
574 998
574 999
575 347
575 429
575 871
575 913
575 932
575 967
575 968
575 970
575 983
575 987
576 616
576 836
576 886
576 912
576 932
576 951
576 990
576 995
576 996
576 999
577 149
577 436
577 729
577 833
577 874
577 894
577 950
577 961
577 965
577 997
577 998
578 182
578 799
578 894
578 922
578 925
578 945
578 985
578 997
578 998
578 999
579 402
579 582
579 798
579 919
579 966
579 969
579 988
579 990
579 996
580 565
580 583
580 634
580 870
580 956
580 986
580 991
580 992
580 998
580 999
581 663
581 901
581 939
581 984
581 986
581 992
581 993
581 997
581 998
581 999
582 483
582 896
582 953
582 975
582 977
582 980
582 988
582 995
582 996
583 187
583 204
583 414
583 585
583 594
583 856
583 954
583 984
583 993
583 998
584 230
584 388
584 810
584 833
584 896
584 936
584 953
584 980
584 990
584 996
585 593
585 603
585 814
585 872
585 948
585 978
585 989
585 991
585 997
585 998
585 999
586 516
586 676
586 800
586 986
586 989
586 991
586 992
586 997
586 998
586 999
587 256
587 473
587 634
587 930
587 945
587 955
587 989
587 993
587 998
587 999
588 527
588 664
588 669
588 830
588 942
588 958
588 990
588 995
588 996
589 375
589 506
589 685
589 814
589 939
589 976
589 982
589 993
589 997
589 998
590 37
590 325
590 550
590 859
590 962
590 985
590 986
590 989
590 997
590 998
590 999
591 768
591 777
591 881
591 889
591 953
591 987
591 990
591 995
591 996
591 999
592 162
592 308
592 750
592 869
592 874
592 963
592 987
592 990
592 994
592 997
593 66
593 233
593 921
593 931
593 976
593 991
593 992
593 993
593 997
593 998
593 999
594 210
594 727
594 782
594 900
594 925
594 945
594 993
594 997
594 998
594 999
595 272
595 352
595 791
595 861
595 863
595 968
595 971
595 987
595 994
596 768
596 830
596 895
596 953
596 964
596 977
596 990
596 995
596 996
597 412
597 820
597 919
597 975
597 979
597 988
597 990
597 995
597 996
598 595
598 688
598 717
598 795
598 829
598 882
598 906
598 952
598 985
598 994
599 38
599 609
599 797
599 848
599 886
599 944
599 987
599 988
599 995
599 996
600 53
600 77
600 406
600 755
600 986
600 991
600 992
600 997
600 998
600 999
601 323
601 342
601 489
601 830
601 895
601 915
601 958
601 990
601 995
601 996
602 134
602 463
602 597
602 664
602 918
602 969
602 970
602 990
602 995
602 996
603 382
603 543
603 702
603 782
603 816
603 905
603 912
603 992
603 993
603 998
603 999
604 284
604 815
604 966
604 969
604 979
604 980
604 992
604 994
604 995
604 996
605 486
605 601
605 831
605 918
605 946
605 955
605 980
605 988
605 995
605 996
606 147
606 499
606 602
606 657
606 772
606 881
606 885
606 964
606 983
606 995
607 864
607 938
607 950
607 956
607 978
607 986
607 989
607 993
607 998
607 999
608 679
608 693
608 739
608 929
608 972
608 989
608 993
608 997
608 998
608 999
609 602
609 733
609 831
609 896
609 947
609 985
609 988
609 994
609 995
609 996
610 383
610 735
610 830
610 898
610 904
610 915
610 988
610 990
610 996
611 351
611 639
611 708
611 732
611 876
611 934
611 981
611 986
611 994
611 997
612 62
612 503
612 647
612 811
612 923
612 930
612 935
612 986
612 992
612 993
612 998
612 999
613 222
613 607
613 710
613 779
613 938
613 992
613 993
613 997
613 998
613 999
614 62
614 477
614 822
614 846
614 914
614 922
614 956
614 985
614 991
614 992
614 999
615 713
615 777
615 932
615 951
615 960
615 980
615 988
615 995
615 996
616 72
616 591
616 740
616 851
616 960
616 966
616 990
616 995
616 996
617 672
617 905
617 912
617 925
617 937
617 961
617 991
617 993
617 997
617 998
618 407
618 485
618 617
618 673
618 719
618 833
618 978
618 991
618 997
618 998
618 999
619 868
619 900
619 935
619 972
619 973
619 976
619 978
619 984
619 986
619 989
619 999
620 16
620 504
620 783
620 810
620 979
620 980
620 988
620 995
620 996
621 397
621 592
621 805
621 890
621 898
621 948
621 952
621 987
621 993
621 994
622 235
622 393
622 665
622 741
622 870
622 890
622 903
622 968
622 994
622 999
623 24
623 71
623 960
623 966
623 975
623 980
623 990
623 995
623 996
624 115
624 616
624 917
624 951
624 966
624 979
624 980
624 990
624 996
625 35
625 623
625 725
625 753
625 852
625 957
625 964
625 970
625 994
625 996
626 800
626 916
626 949
626 962
626 965
626 973
626 991
626 997
626 998
626 999
627 46
627 267
627 510
627 581
627 788
627 870
627 875
627 961
627 991
627 997
627 998
628 373
628 514
628 522
628 812
628 837
628 918
628 980
628 990
628 995
629 881
629 898
629 904
629 932
629 966
629 976
629 977
629 988
629 996
629 999
630 771
630 852
630 957
630 960
630 966
630 974
630 983
630 988
630 990
630 996
631 86
631 493
631 736
631 780
631 804
631 946
631 970
631 994
631 998
631 999
632 602
632 661
632 895
632 927
632 977
632 979
632 990
632 995
632 996
633 300
633 317
633 379
633 726
633 943
633 952
633 979
633 983
633 994
633 995
634 706
634 755
634 938
634 948
634 973
634 985
634 986
634 992
634 997
634 998
634 999
635 560
635 620
635 786
635 827
635 957
635 958
635 966
635 995
635 996
636 730
636 849
636 944
636 973
636 982
636 984
636 991
636 992
636 993
636 997
636 998
636 999
637 101
637 224
637 732
637 840
637 885
637 934
637 974
637 991
637 994
637 997
638 935
638 936
638 950
638 976
638 989
638 991
638 993
638 997
638 998
638 999
639 461
639 795
639 842
639 896
639 971
639 974
639 983
639 987
639 988
639 994
640 790
640 903
640 931
640 935
640 972
640 976
640 986
640 992
640 993
640 997
640 999
641 29
641 383
641 620
641 651
641 851
641 884
641 966
641 979
641 990
642 671
642 718
642 760
642 932
642 942
642 980
642 988
642 990
642 996
643 124
643 645
643 851
643 906
643 960
643 988
643 990
643 995
643 996
644 57
644 409
644 849
644 911
644 930
644 959
644 965
644 984
644 986
644 998
645 711
645 831
645 896
645 969
645 972
645 980
645 987
645 990
645 995
645 996
646 5
646 445
646 642
646 873
646 881
646 969
646 979
646 988
646 996
647 417
647 685
647 856
647 945
647 954
647 973
647 991
647 992
647 993
647 997
647 999
648 866
648 940
648 953
648 958
648 979
648 981
648 988
648 990
648 995
648 996
649 15
649 401
649 570
649 880
649 900
649 955
649 956
649 978
649 985
649 986
649 997
649 999
650 88
650 630
650 820
650 824
650 951
650 979
650 990
650 995
650 996
651 242
651 624
651 648
651 716
651 768
651 883
651 899
651 975
651 979
652 438
652 512
652 517
652 642
652 925
652 963
652 967
652 968
652 970
652 987
653 266
653 287
653 412
653 851
653 890
653 917
653 988
653 991
653 995
653 996
654 606
654 642
654 807
654 932
654 964
654 971
654 979
654 994
654 995
654 996
655 466
655 584
655 712
655 883
655 960
655 966
655 977
655 995
655 996
656 120
656 528
656 565
656 961
656 976
656 989
656 991
656 993
656 997
656 999
657 653
657 789
657 836
657 841
657 928
657 939
657 969
657 988
657 995
657 996
658 351
658 667
658 679
658 872
658 900
658 948
658 973
658 989
658 998
658 999
659 240
659 807
659 849
659 919
659 960
659 969
659 974
659 980
659 995
659 996
660 459
660 846
660 933
660 954
660 955
660 965
660 993
660 997
660 998
660 999
661 275
661 712
661 824
661 854
661 877
661 886
661 917
661 963
661 990
661 996
662 189
662 615
662 750
662 761
662 838
662 951
662 980
662 988
662 996
663 125
663 618
663 743
663 785
663 901
663 935
663 982
663 997
663 998
663 999
664 651
664 877
664 899
664 940
664 977
664 979
664 988
664 990
664 996
665 224
665 390
665 835
665 891
665 971
665 981
665 982
665 983
665 994
665 998
666 716
666 895
666 915
666 951
666 953
666 969
666 990
666 995
666 996
667 245
667 294
667 603
667 816
667 985
667 986
667 989
667 997
667 998
667 999
668 223
668 490
668 855
668 979
668 980
668 983
668 987
668 988
668 995
668 996
669 752
669 838
669 854
669 878
669 975
669 980
669 988
669 990
669 995
669 996
670 423
670 510
670 921
670 986
670 989
670 991
670 993
670 997
670 998
670 999
671 285
671 969
671 977
671 980
671 988
671 990
671 991
671 995
671 996
671 997
672 435
672 550
672 749
672 937
672 948
672 959
672 984
672 986
672 997
672 998
672 999
673 743
673 814
673 875
673 912
673 962
673 976
673 993
673 997
673 998
673 999
674 912
674 930
674 965
674 972
674 976
674 986
674 989
674 997
674 998
674 999
675 391
675 587
675 849
675 949
675 973
675 982
675 985
675 989
675 992
675 999
676 658
676 699
676 743
676 954
676 976
676 992
676 993
676 997
676 998
676 999
677 450
677 759
677 821
677 840
677 878
677 952
677 954
677 970
677 987
677 995
678 199
678 303
678 622
678 703
678 843
678 876
678 902
678 907
678 928
678 994
679 453
679 586
679 627
679 874
679 973
679 985
679 991
679 997
679 998
679 999
680 573
680 871
680 897
680 900
680 929
680 948
680 955
680 959
680 972
680 976
680 991
680 992
680 999
681 44
681 371
681 857
681 900
681 936
681 973
681 985
681 992
681 993
681 997
681 999
682 269
682 841
682 852
682 877
682 918
682 956
682 990
682 991
682 995
682 996
683 70
683 936
683 950
683 954
683 978
683 986
683 992
683 997
683 998
683 999
684 386
684 826
684 848
684 924
684 960
684 971
684 983
684 986
684 994
684 999
685 103
685 241
685 867
685 901
685 905
685 937
685 992
685 997
685 998
685 999
686 32
686 141
686 834
686 857
686 905
686 922
686 982
686 992
686 993
686 999
687 133
687 409
687 442
687 528
687 935
687 976
687 978
687 985
687 992
687 998
687 999
688 561
688 826
688 885
688 910
688 971
688 975
688 987
688 989
688 994
688 996
689 531
689 723
689 776
689 828
689 842
689 850
689 963
689 987
689 989
689 994
690 102
690 220
690 791
690 852
690 928
690 951
690 958
690 964
690 995
690 996
691 146
691 489
691 555
691 662
691 836
691 975
691 990
691 995
691 996
692 435
692 571
692 909
692 916
692 984
692 989
692 991
692 992
692 997
692 999
693 346
693 658
693 867
693 937
693 948
693 989
693 991
693 993
693 997
693 999
694 500
694 873
694 968
694 977
694 979
694 980
694 983
694 988
694 990
694 996
695 206
695 397
695 858
695 861
695 968
695 969
695 983
695 987
695 988
695 994
696 14
696 681
696 817
696 893
696 936
696 972
696 973
696 991
696 997
696 999
697 739
697 816
697 864
697 871
697 909
697 912
697 935
697 944
697 984
697 993
697 999
698 647
698 656
698 719
698 864
698 935
698 941
698 972
698 973
698 997
698 999
699 859
699 938
699 978
699 982
699 984
699 985
699 991
699 993
699 997
699 999
700 471
700 563
700 849
700 938
700 948
700 961
700 976
700 985
700 992
700 993
701 218
701 464
701 487
701 715
701 748
701 858
701 983
701 987
701 994
702 186
702 644
702 849
702 913
702 954
702 978
702 985
702 993
702 997
702 998
702 999
703 132
703 272
703 797
703 952
703 969
703 971
703 974
703 980
703 994
703 996
704 309
704 689
704 703
704 760
704 828
704 907
704 987
704 991
704 994
704 996
705 265
705 621
705 879
705 949
705 963
705 971
705 987
705 990
705 991
705 994
706 516
706 874
706 950
706 962
706 965
706 976
706 986
706 993
706 998
706 999
707 672
707 721
707 801
707 819
707 874
707 985
707 989
707 997
707 998
707 999
708 592
708 622
708 791
708 931
708 978
708 981
708 990
708 994
708 996
708 997
709 502
709 715
709 839
709 924
709 926
709 947
709 956
709 983
709 996
709 998
710 420
710 743
710 870
710 922
710 935
710 978
710 982
710 993
710 998
710 999
711 71
711 278
711 524
711 642
711 654
711 853
711 960
711 980
711 995
712 35
712 476
712 815
712 847
712 919
712 969
712 977
712 988
712 993
712 996
713 445
713 895
713 917
713 964
713 977
713 979
713 990
713 995
713 996
714 619
714 879
714 935
714 949
714 965
714 973
714 991
714 993
714 997
714 999
715 282
715 598
715 708
715 844
715 907
715 916
715 926
715 963
715 994
715 998
716 21
716 360
716 805
716 908
716 957
716 974
716 979
716 994
716 995
716 996
717 433
717 678
717 780
717 892
717 907
717 919
717 981
717 992
717 994
717 995
718 599
718 690
718 947
718 969
718 975
718 977
718 988
718 990
718 996
719 68
719 74
719 888
719 982
719 985
719 986
719 991
719 992
719 997
719 998
719 999
720 519
720 687
720 778
720 789
720 893
720 986
720 989
720 992
720 993
720 998
720 999
721 640
721 959
721 982
721 986
721 991
721 992
721 993
721 997
721 998
721 999
722 401
722 552
722 696
722 933
722 959
722 961
722 985
722 991
722 997
722 999
723 498
723 797
723 837
723 906
723 951
723 957
723 977
723 990
723 996
724 509
724 910
724 967
724 968
724 972
724 974
724 983
724 987
724 994
724 996
725 56
725 339
725 373
725 837
725 953
725 960
725 975
725 979
725 996
726 144
726 742
726 763
726 878
726 946
726 967
726 970
726 983
726 991
726 998
727 126
727 143
727 485
727 741
727 792
727 956
727 962
727 965
727 993
727 998
727 999
728 407
728 763
728 793
728 828
728 892
728 907
728 943
728 946
728 994
728 998
729 210
729 349
729 477
729 914
729 937
729 945
729 959
729 986
729 991
729 993
729 999
730 264
730 556
730 739
730 857
730 888
730 894
730 923
730 938
730 949
730 962
730 997
730 998
731 152
731 444
731 491
731 639
731 703
731 825
731 882
731 967
731 976
731 983
732 101
732 153
732 770
732 787
732 882
732 970
732 987
732 991
732 994
732 995
733 358
733 735
733 881
733 951
733 953
733 979
733 988
733 995
733 996
734 853
734 866
734 869
734 911
734 946
734 981
734 987
734 993
734 994
734 999
735 496
735 844
735 917
735 953
735 977
735 979
735 980
735 994
735 995
735 996
736 497
736 747
736 776
736 808
736 861
736 910
736 970
736 972
736 986
736 994
737 558
737 630
737 883
737 900
737 917
737 927
737 969
737 988
737 995
737 996
738 536
738 607
738 626
738 785
738 894
738 982
738 989
738 993
738 997
738 998
738 999
739 197
739 649
739 923
739 925
739 962
739 982
739 985
739 992
739 993
739 998
739 999
740 718
740 798
740 928
740 953
740 973
740 977
740 979
740 995
740 996
740 998
741 789
741 937
741 965
741 984
741 989
741 991
741 993
741 997
741 998
741 999
742 675
742 698
742 849
742 955
742 982
742 989
742 991
742 993
742 997
742 998
742 999
743 369
743 414
743 474
743 640
743 742
743 871
743 909
743 982
743 992
743 993
743 997
743 998
744 512
744 690
744 750
744 777
744 873
744 969
744 990
744 995
744 996
745 110
745 465
745 555
745 786
745 887
745 979
745 988
745 990
745 995
746 185
746 296
746 674
746 788
746 818
746 833
746 933
746 937
746 984
746 991
746 997
746 998
746 999
747 64
747 343
747 628
747 728
747 762
747 836
747 899
747 971
747 995
747 997
748 299
748 704
748 878
748 963
748 967
748 970
748 981
748 983
748 994
749 533
749 590
749 644
749 674
749 956
749 986
749 992
749 997
749 998
749 999
750 402
750 526
750 597
750 655
750 932
750 968
750 979
750 987
750 995
750 996
751 366
751 707
751 779
751 833
751 945
751 959
751 972
751 991
751 993
751 999
752 524
752 740
752 783
752 798
752 877
752 887
752 953
752 988
752 990
753 560
753 750
753 823
753 824
753 827
753 865
753 924
753 957
753 975
753 996
754 587
754 674
754 875
754 880
754 922
754 965
754 972
754 986
754 991
754 998
755 809
755 856
755 905
755 933
755 944
755 948
755 991
755 997
755 998
755 999
756 799
756 935
756 949
756 976
756 982
756 984
756 991
756 997
756 998
756 999
757 673
757 781
757 811
757 857
757 894
757 936
757 984
757 992
757 997
757 998
757 999
758 215
758 792
758 916
758 954
758 959
758 986
758 989
758 992
758 998
758 999
759 389
759 791
759 912
759 918
759 967
759 974
759 978
759 983
759 992
759 994
760 481
760 584
760 733
760 892
760 898
760 943
760 960
760 988
760 995
760 996
761 146
761 775
761 887
761 953
761 977
761 980
761 990
761 995
761 996
762 123
762 446
762 647
762 709
762 854
762 890
762 974
762 984
762 989
762 994
763 12
763 42
763 168
763 611
763 948
763 957
763 970
763 983
763 993
763 994
764 167
764 689
764 795
764 848
764 869
764 891
764 963
764 987
764 994
765 65
765 549
765 690
765 711
765 889
765 960
765 970
765 979
765 987
765 995
766 657
766 744
766 797
766 841
766 891
766 976
766 977
766 990
766 995
766 996
767 909
767 933
767 954
767 961
767 982
767 984
767 993
767 997
767 998
767 999
768 415
768 765
768 777
768 933
768 966
768 981
768 988
768 992
768 995
768 996
769 155
769 468
769 611
769 926
769 946
769 963
769 974
769 987
769 994
770 129
770 387
770 503
770 695
770 791
770 981
770 983
770 987
770 989
770 994
771 326
771 851
771 942
771 947
771 975
771 979
771 988
771 995
771 996
772 551
772 562
772 601
772 768
772 908
772 918
772 953
772 977
772 996
773 738
773 817
773 903
773 911
773 913
773 941
773 992
773 993
773 997
773 998
773 999
774 523
774 839
774 893
774 972
774 973
774 986
774 993
774 997
774 998
774 999
775 156
775 457
775 655
775 776
775 887
775 932
775 953
775 960
775 995
775 998
776 902
776 904
776 910
776 923
776 946
776 975
776 983
776 987
776 988
776 993
777 387
777 745
777 906
777 950
777 966
777 967
777 986
777 990
777 996
777 998
778 640
778 800
778 921
778 955
778 956
778 973
778 989
778 993
778 997
778 998
779 479
779 897
779 962
779 965
779 985
779 991
779 992
779 997
779 998
779 999
780 258
780 476
780 592
780 639
780 717
780 803
780 834
780 872
780 970
780 988
781 63
781 80
781 920
781 945
781 950
781 954
781 973
781 982
781 991
781 997
781 999
782 406
782 541
782 700
782 867
782 872
782 922
782 985
782 991
782 997
782 999
783 172
783 569
783 820
783 919
783 942
783 969
783 977
783 995
783 996
784 186
784 277
784 301
784 455
784 495
784 978
784 985
784 993
784 997
784 999
785 388
785 427
785 607
785 933
785 935
785 944
785 972
785 989
785 992
785 998
785 999
786 112
786 118
786 591
786 794
786 942
786 966
786 975
786 977
786 980
786 995
787 173
787 293
787 805
787 815
787 926
787 944
787 959
787 968
787 994
787 998
788 784
788 785
788 933
788 962
788 984
788 992
788 993
788 997
788 998
788 999
789 273
789 293
789 307
789 372
789 580
789 660
789 811
789 868
789 961
789 973
789 998
789 999
790 626
790 930
790 985
790 986
790 989
790 991
790 992
790 997
790 998
790 999
791 153
791 389
791 863
791 882
791 934
791 967
791 968
791 987
791 994
792 839
792 912
792 916
792 931
792 948
792 985
792 989
792 992
792 997
792 998
792 999
793 121
793 368
793 538
793 865
793 885
793 946
793 966
793 970
793 983
793 994
794 211
794 695
794 701
794 734
794 759
794 902
794 907
794 983
794 994
795 561
795 567
795 637
795 669
795 828
795 926
795 934
795 981
795 983
795 996
796 81
796 636
796 651
796 852
796 951
796 964
796 975
796 994
796 995
796 996
797 460
797 717
797 957
797 966
797 975
797 988
797 990
797 994
797 995
797 996
798 172
798 532
798 940
798 947
798 969
798 975
798 987
798 988
798 995
798 996
799 509
799 537
799 553
799 587
799 931
799 945
799 992
799 993
799 997
799 999
800 738
800 941
800 982
800 984
800 989
800 991
800 992
800 993
800 998
800 999
801 370
801 375
801 428
801 501
801 874
801 978
801 989
801 991
801 992
801 997
802 649
802 874
802 944
802 965
802 985
802 992
802 993
802 997
802 998
802 999
803 18
803 443
803 491
803 495
803 684
803 952
803 968
803 971
803 979
803 994
804 21
804 534
804 827
804 884
804 896
804 975
804 977
804 988
804 996
805 283
805 461
805 540
805 677
805 826
805 840
805 869
805 974
805 994
806 680
806 767
806 856
806 894
806 972
806 978
806 984
806 991
806 992
806 997
806 999
807 646
807 768
807 908
807 940
807 975
807 977
807 980
807 995
807 996
808 558
808 663
808 875
808 938
808 956
808 976
808 985
808 997
808 998
808 999
809 462
809 663
809 806
809 901
809 922
809 976
809 991
809 993
809 997
809 998
809 999
810 19
810 691
810 723
810 812
810 940
810 975
810 988
810 990
810 995
811 875
811 893
811 920
811 937
811 955
811 959
811 962
811 976
811 985
811 999
812 198
812 578
812 669
812 899
812 940
812 975
812 980
812 988
812 994
812 996
813 372
813 756
813 944
813 948
813 956
813 965
813 984
813 997
813 998
813 999
814 473
814 755
814 893
814 950
814 973
814 982
814 992
814 993
814 998
814 999
815 217
815 228
815 377
815 380
815 753
815 964
815 988
815 990
815 996
816 405
816 743
816 901
816 911
816 920
816 941
816 950
816 955
816 986
816 991
816 997
817 70
817 799
817 806
817 888
817 929
817 972
817 984
817 993
817 997
817 998
818 178
818 612
818 619
818 779
818 808
818 939
818 978
818 986
818 989
818 991
818 998
818 999
819 256
819 378
819 674
819 939
819 950
819 955
819 989
819 992
819 997
819 999
820 295
820 775
820 932
820 947
820 964
820 988
820 990
820 995
820 996
821 147
821 150
821 595
821 611
821 738
821 794
821 876
821 960
821 983
821 987
822 176
822 700
822 782
822 959
822 978
822 982
822 991
822 992
822 993
822 998
822 999
823 625
823 804
823 886
823 889
823 898
823 980
823 983
823 994
823 995
823 996
824 651
824 682
824 953
824 966
824 977
824 978
824 980
824 987
824 995
824 996
825 521
825 665
825 865
825 918
825 970
825 971
825 983
825 987
825 994
825 995
826 131
826 411
826 432
826 947
826 971
826 981
826 987
826 988
826 994
826 995
827 19
827 165
827 568
827 917
827 934
827 960
827 975
827 990
827 994
827 995
828 192
828 438
828 460
828 598
828 924
828 970
828 971
828 989
828 994
828 999
829 544
829 708
829 862
829 924
829 952
829 973
829 987
829 989
829 990
829 994
830 358
830 534
830 645
830 783
830 966
830 975
830 980
830 990
830 995
831 58
831 60
831 632
831 830
831 841
831 877
831 947
831 957
831 996
832 577
832 921
832 972
832 973
832 982
832 985
832 986
832 989
832 997
832 999
833 170
833 773
833 774
833 800
833 911
833 929
833 976
833 992
833 998
833 999
834 136
834 729
834 897
834 903
834 913
834 976
834 985
834 992
834 998
834 999
835 23
835 288
835 848
835 963
835 979
835 980
835 981
835 987
835 992
835 994
836 171
836 488
836 499
836 896
836 908
836 942
836 980
836 990
836 995
837 815
837 887
837 932
837 957
837 958
837 980
837 988
837 990
837 995
838 324
838 716
838 837
838 960
838 964
838 975
838 979
838 995
838 996
839 77
839 474
839 530
839 743
839 929
839 941
839 949
839 972
839 984
839 992
839 993
839 997
839 998
840 399
840 493
840 759
840 775
840 835
840 946
840 952
840 970
840 987
840 994
841 165
841 439
841 641
841 823
841 947
841 964
841 990
841 995
841 996
842 211
842 561
842 771
842 934
842 945
842 971
842 974
842 994
842 995
842 997
843 85
843 279
843 419
843 598
843 927
843 952
843 967
843 974
843 981
843 994
844 64
844 194
844 759
844 787
844 917
844 934
844 956
844 963
844 983
844 994
845 114
845 234
845 742
845 870
845 931
845 985
845 991
845 992
845 993
845 999
846 25
846 507
846 806
846 954
846 962
846 984
846 992
846 993
846 998
846 999
847 123
847 322
847 444
847 692
847 748
847 934
847 970
847 987
847 994
847 995
848 689
848 847
848 876
848 968
848 970
848 987
848 988
848 990
848 994
848 995
849 570
849 832
849 859
849 929
849 931
849 961
849 984
849 989
849 993
849 998
850 862
850 907
850 924
850 926
850 934
850 952
850 964
850 974
850 980
850 994
851 454
851 490
851 524
851 735
851 919
851 951
851 990
851 995
851 996
852 7
852 820
852 824
852 899
852 906
852 940
852 966
852 995
852 996
853 78
853 436
853 766
853 803
853 873
853 908
853 917
853 928
853 995
853 996
854 677
854 805
854 953
854 959
854 970
854 983
854 994
854 996
854 997
854 999
855 735
855 827
855 889
855 953
855 957
855 979
855 990
855 995
855 996
856 675
856 729
856 920
856 939
856 948
856 982
856 989
856 992
856 998
856 999
857 264
857 519
857 585
857 789
857 813
857 822
857 893
857 923
857 939
857 982
857 998
858 107
858 117
858 840
858 862
858 952
858 970
858 971
858 974
858 994
859 533
859 790
859 800
859 961
859 965
859 973
859 991
859 997
859 998
859 999
860 137
860 404
860 758
860 774
860 859
860 938
860 985
860 986
860 993
860 998
860 999
861 567
861 605
861 823
861 828
861 829
861 963
861 967
861 981
861 987
861 994
862 87
862 247
862 561
862 940
862 967
862 968
862 974
862 981
862 987
862 994
863 55
863 542
863 854
863 890
863 907
863 924
863 952
863 983
863 994
864 413
864 706
864 719
864 860
864 875
864 931
864 978
864 993
864 997
864 998
864 999
865 254
865 492
865 624
865 787
865 793
865 968
865 985
865 987
865 990
865 994
866 683
866 699
866 890
866 915
866 932
866 943
866 967
866 981
866 987
866 995
867 314
867 435
867 679
867 879
867 986
867 991
867 992
867 993
867 997
867 998
867 999
868 75
868 406
868 581
868 603
868 686
868 950
868 985
868 989
868 992
868 998
869 492
869 831
869 934
869 939
869 946
869 968
869 981
869 986
869 994
869 998
870 721
870 788
870 982
870 984
870 985
870 986
870 989
870 992
870 993
870 998
870 999
871 164
871 868
871 901
871 913
871 935
871 954
871 965
871 984
871 985
871 986
871 997
871 999
872 95
872 756
872 773
872 931
872 939
872 972
872 973
872 989
872 993
872 997
873 439
873 646
873 852
873 958
873 967
873 968
873 980
873 987
873 995
873 996
874 252
874 832
874 897
874 913
874 914
874 950
874 992
874 997
874 998
874 999
875 305
875 685
875 948
875 949
875 965
875 976
875 978
875 991
875 992
875 998
875 999
876 61
876 704
876 803
876 865
876 866
876 907
876 974
876 978
876 983
876 994
877 4
877 34
877 927
877 928
877 940
877 988
877 990
877 995
877 996
878 381
878 444
878 794
878 865
878 866
878 907
878 946
878 981
878 983
879 2
879 627
879 710
879 721
879 901
879 930
879 944
879 982
879 986
879 993
879 997
879 998
880 197
880 640
880 782
880 859
880 923
880 948
880 985
880 986
880 997
880 999
881 432
881 514
881 828
881 896
881 947
881 975
881 979
881 980
881 990
881 996
882 336
882 749
882 858
882 866
882 963
882 967
882 983
882 987
882 988
882 994
883 377
883 760
883 886
883 895
883 919
883 953
883 980
883 988
883 996
884 33
884 281
884 604
884 769
884 795
884 946
884 957
884 969
884 990
884 996
885 271
885 396
885 437
885 531
885 861
885 865
885 897
885 968
885 974
885 994
886 691
886 737
886 928
886 977
886 979
886 988
886 990
886 995
886 996
887 629
887 642
887 650
887 841
887 881
887 957
887 967
887 969
887 981
887 988
888 133
888 545
888 656
888 789
888 806
888 916
888 984
888 997
888 998
888 999
889 437
889 650
889 713
889 855
889 951
889 960
889 988
889 995
889 996
890 688
890 766
890 907
890 924
890 926
890 940
890 943
890 968
890 983
890 987
891 100
891 107
891 200
891 313
891 844
891 885
891 973
891 984
891 985
891 994
892 109
892 183
892 678
892 850
892 963
892 968
892 981
892 985
892 988
892 997
893 185
893 754
893 955
893 959
893 961
893 984
893 986
893 989
893 992
893 997
893 998
893 999
894 578
894 914
894 931
894 962
894 973
894 986
894 991
894 997
894 998
894 999
895 124
895 582
895 709
895 718
895 953
895 971
895 979
895 988
895 995
895 996
896 851
896 917
896 957
896 958
896 979
896 980
896 988
896 995
896 996
897 479
897 658
897 683
897 832
897 937
897 945
897 956
897 986
897 989
897 999
898 499
898 718
898 737
898 772
898 838
898 852
898 908
898 980
898 988
899 615
899 841
899 851
899 960
899 979
899 988
899 990
899 995
899 996
900 212
900 536
900 674
900 912
900 929
900 939
900 955
900 991
900 997
900 998
900 999
901 220
901 600
901 702
901 959
901 978
901 985
901 992
901 993
901 998
901 999
902 418
902 668
902 946
902 951
902 966
902 974
902 981
902 983
902 994
902 996
903 914
903 929
903 933
903 949
903 973
903 985
903 991
903 997
903 998
903 999
904 248
904 551
904 662
904 775
904 964
904 980
904 988
904 990
904 996
905 127
905 236
905 870
905 949
905 950
905 961
905 976
905 997
905 998
905 999
906 6
906 653
906 877
906 878
906 958
906 966
906 969
906 980
906 988
906 996
907 689
907 763
907 825
907 837
907 858
907 926
907 967
907 987
907 994
907 996
908 522
908 624
908 896
908 966
908 975
908 979
908 990
908 995
908 996
909 53
909 789
909 921
909 929
909 945
909 973
909 991
909 993
909 997
909 999
910 465
910 482
910 530
910 546
910 684
910 764
910 892
910 940
910 977
910 994
911 10
911 176
911 686
911 751
911 888
911 937
911 961
911 973
911 992
911 997
911 999
912 590
912 814
912 822
912 872
912 948
912 985
912 991
912 992
912 997
912 999
913 89
913 184
913 413
913 698
913 706
913 742
913 790
913 822
913 900
913 982
913 993
913 997
914 253
914 683
914 696
914 714
914 727
914 781
914 893
914 978
914 997
914 998
915 380
915 504
915 505
915 625
915 629
915 694
915 904
915 960
915 980
916 169
916 175
916 403
916 676
916 930
916 950
916 989
916 997
916 998
916 999
917 783
917 804
917 807
917 940
917 957
917 979
917 990
917 995
917 996
918 761
918 862
918 899
918 924
918 947
918 957
918 958
918 969
918 990
918 996
919 65
919 576
919 724
919 725
919 783
919 927
919 964
919 990
919 994
919 996
920 900
920 911
920 913
920 939
920 941
920 962
920 978
920 984
920 992
920 999
921 229
921 788
921 819
921 962
921 986
921 992
921 993
921 997
921 998
921 999
922 68
922 911
922 925
922 973
922 976
922 986
922 992
922 993
922 997
922 998
922 999
923 370
923 571
923 864
923 937
923 950
923 972
923 978
923 984
923 998
923 999
924 45
924 342
924 431
924 747
924 842
924 882
924 967
924 977
924 994
924 995
925 672
925 868
925 938
925 945
925 961
925 972
925 976
925 991
925 993
925 998
925 999
926 239
926 354
926 637
926 865
926 967
926 971
926 983
926 987
926 994
927 419
927 775
927 843
927 919
927 958
927 960
927 968
927 975
927 995
927 996
928 662
928 853
928 861
928 863
928 884
928 907
928 966
928 969
928 990
928 994
929 11
929 894
929 901
929 936
929 982
929 985
929 986
929 991
929 997
929 999
930 135
930 157
930 506
930 758
930 814
930 945
930 954
930 982
930 984
930 986
930 992
930 997
931 372
931 503
931 564
931 790
931 849
931 949
931 972
931 985
931 989
931 993
931 997
931 998
931 999
932 498
932 777
932 887
932 896
932 928
932 964
932 966
932 969
932 996
933 681
933 893
933 913
933 921
933 922
933 955
933 962
933 985
933 989
933 997
933 998
934 633
934 649
934 744
934 840
934 850
934 966
934 967
934 983
934 994
934 996
935 676
935 721
935 722
935 845
935 912
935 948
935 972
935 982
935 989
935 993
935 998
936 184
936 660
936 888
936 944
936 982
936 984
936 992
936 997
936 998
936 999
937 201
937 811
937 864
937 909
937 922
937 933
937 941
937 972
937 989
937 997
938 617
938 808
938 846
938 955
938 972
938 978
938 985
938 986
938 992
938 997
938 999
939 48
939 811
939 897
939 920
939 982
939 985
939 989
939 991
939 992
939 999
940 162
940 361
940 500
940 664
940 733
940 915
940 926
940 994
940 995
940 996
941 613
941 667
941 686
941 857
941 936
941 982
941 989
941 991
941 997
941 998
941 999
942 7
942 760
942 823
942 853
942 940
942 957
942 975
942 980
942 996
943 113
943 337
943 418
943 736
943 866
943 963
943 967
943 981
943 994
944 331
944 430
944 529
944 617
944 973
944 984
944 989
944 991
944 993
944 999
945 93
945 727
945 754
945 819
945 909
945 965
945 989
945 992
945 998
945 999
946 511
946 770
946 862
946 881
946 885
946 891
946 980
946 981
946 994
946 996
947 261
947 629
947 810
947 876
947 882
947 918
947 942
947 951
947 988
947 996
948 451
948 559
948 788
948 800
948 880
948 894
948 945
948 993
948 997
948 999
949 259
949 469
949 537
949 697
949 929
949 944
949 956
949 961
949 997
949 999
950 799
950 956
950 959
950 978
950 989
950 991
950 993
950 997
950 998
950 999
951 140
951 205
951 488
951 511
951 824
951 883
951 918
951 988
951 990
951 996
952 40
952 41
952 55
952 566
952 730
952 813
952 928
952 963
952 981
952 987
953 49
953 588
953 744
953 823
953 858
953 940
953 981
953 982
953 995
953 996
954 204
954 448
954 756
954 923
954 973
954 976
954 989
954 991
954 997
954 999
955 811
955 833
955 864
955 900
955 961
955 972
955 984
955 992
955 997
955 999
956 472
956 545
956 742
956 923
956 937
956 959
956 973
956 986
956 991
956 992
956 997
956 998
957 380
957 463
957 772
957 887
957 947
957 975
957 980
957 990
957 996
958 26
958 76
958 447
958 964
958 969
958 979
958 988
958 995
958 996
959 127
959 225
959 730
959 914
959 935
959 950
959 965
959 972
959 984
959 993
959 997
959 999
960 505
960 610
960 711
960 830
960 883
960 971
960 977
960 983
960 988
960 995
961 32
961 378
961 913
961 935
961 944
961 962
961 976
961 986
961 998
961 999
962 477
962 856
962 888
962 931
962 949
962 985
962 992
962 993
962 998
962 999
963 546
963 844
963 866
963 891
963 957
963 960
963 974
963 983
963 994
963 996
964 447
964 539
964 659
964 713
964 752
964 895
964 953
964 990
964 996
965 163
965 583
965 757
965 822
965 903
965 920
965 976
965 982
965 993
965 997
965 998
966 270
966 399
966 703
966 853
966 877
966 887
966 906
966 952
966 969
966 996
967 228
967 467
967 551
967 827
967 847
967 876
967 885
967 974
967 981
967 994
968 24
968 794
968 820
968 842
968 866
968 974
968 983
968 987
968 990
968 996
969 668
969 671
969 682
969 766
969 815
969 831
969 842
969 988
969 994
969 996
970 424
970 763
970 769
970 805
970 891
970 977
970 987
970 988
970 990
970 994
971 458
971 776
971 858
971 924
971 970
971 979
971 987
971 988
971 994
971 996
972 574
972 757
972 880
972 913
972 949
972 978
972 986
972 989
972 993
972 999
973 92
973 403
973 782
973 903
973 930
973 945
973 949
973 959
973 985
973 989
973 992
973 993
973 999
974 311
974 482
974 747
974 825
974 866
974 934
974 963
974 967
974 987
975 343
975 579
975 665
975 810
975 836
975 919
975 958
975 977
975 980
975 990
976 382
976 396
976 420
976 905
976 909
976 912
976 986
976 997
976 998
976 999
977 328
977 797
977 840
977 886
977 966
977 975
977 979
977 988
977 995
977 996
978 479
978 687
978 901
978 949
978 961
978 992
978 993
978 997
978 998
978 999
979 348
979 744
979 812
979 906
979 910
979 957
979 963
979 987
979 995
979 996
980 815
980 853
980 908
980 927
980 968
980 977
980 981
980 988
980 995
980 996
981 174
981 575
981 622
981 705
981 862
981 952
981 963
981 966
981 990
981 994
982 160
982 473
982 565
982 832
982 913
982 961
982 962
982 984
982 997
982 998
982 999
983 168
983 341
983 863
983 865
983 891
983 910
983 924
983 943
983 994
984 225
984 321
984 577
984 660
984 813
984 948
984 965
984 972
984 992
984 998
984 999
985 366
985 613
985 864
985 976
985 986
985 989
985 991
985 997
985 998
985 999
986 1
986 751
986 778
986 961
986 962
986 965
986 972
986 976
986 989
986 991
987 306
987 791
987 854
987 902
987 943
987 971
987 974
987 981
987 983
988 22
988 635
988 655
988 915
988 917
988 969
988 990
988 995
988 996
989 201
989 428
989 871
989 931
989 956
989 961
989 991
989 992
989 993
989 998
990 666
990 690
990 753
990 760
990 966
990 969
990 979
990 980
990 996
991 792
991 864
991 905
991 933
991 935
991 989
991 993
991 997
991 998
991 999
992 111
992 420
992 529
992 583
992 937
992 982
992 985
992 997
992 998
992 999
993 553
993 559
993 767
993 834
993 864
993 901
993 923
993 991
993 992
993 997
993 998
993 999
994 54
994 90
994 426
994 705
994 825
994 886
994 970
994 974
994 981
994 995
995 87
995 302
995 505
995 837
995 898
995 975
995 979
995 990
995 996
996 155
996 489
996 635
996 682
996 823
996 852
996 928
996 970
996 980
996 995
997 484
997 729
997 933
997 956
997 965
997 973
997 976
997 984
997 985
997 998
998 154
998 209
998 344
998 962
998 973
998 985
998 986
998 989
998 992
998 997
998 999
999 593
999 817
999 901
999 941
999 954
999 955
999 959
999 993
999 997
999 998
