0 29
0 121
0 631
0 739
0 969
0 982
0 991
0 993
0 994
1 561
1 573
1 745
1 849
1 876
1 946
1 957
1 966
1 999
2 83
2 156
2 449
2 458
2 766
2 937
2 955
2 983
2 992
3 708
3 842
3 910
3 926
3 977
3 986
3 987
3 988
3 994
4 639
4 689
4 892
4 924
4 929
4 936
4 977
4 985
4 999
5 245
5 390
5 469
5 602
5 605
5 951
5 991
5 993
5 999
6 135
6 322
6 738
6 799
6 887
6 939
6 974
6 997
6 999
7 69
7 852
7 883
7 891
7 900
7 928
7 985
7 989
7 999
8 465
8 546
8 713
8 747
8 943
8 945
8 948
8 950
8 981
9 361
9 459
9 515
9 802
9 830
9 836
9 935
9 940
9 999
10 816
10 820
10 955
10 963
10 969
10 974
10 994
10 996
10 999
11 867
11 875
11 927
11 944
11 983
11 993
11 994
11 997
11 999
12 339
12 769
12 808
12 915
12 945
12 969
12 974
12 988
12 992
13 964
13 965
13 989
13 990
13 992
13 993
13 996
13 997
13 999
14 350
14 416
14 572
14 942
14 956
14 961
14 971
14 982
14 988
15 447
15 698
15 736
15 938
15 954
15 984
15 985
15 990
15 994
16 446
16 568
16 658
16 796
16 895
16 911
16 928
16 981
16 999
17 696
17 909
17 930
17 941
17 958
17 968
17 993
17 994
17 999
18 56
18 615
18 717
18 753
18 803
18 815
18 978
18 993
18 998
19 369
19 383
19 504
19 768
19 934
19 959
19 961
19 972
19 997
20 301
20 325
20 778
20 820
20 953
20 965
20 972
20 987
20 998
21 272
21 863
21 876
21 944
21 982
21 987
21 989
21 991
21 999
22 620
22 709
22 917
22 936
22 992
22 995
22 997
22 998
22 999
23 162
23 365
23 464
23 786
23 959
23 965
23 983
23 988
23 990
24 669
24 919
24 935
24 957
24 983
24 993
24 995
24 996
24 998
25 631
25 770
25 833
25 835
25 949
25 962
25 991
25 992
25 994
26 30
26 366
26 371
26 546
26 771
26 821
26 916
26 991
26 998
27 831
27 935
27 944
27 957
27 972
27 994
27 996
27 998
27 999
28 41
28 424
28 770
28 905
28 977
28 987
28 992
28 998
28 999
29 552
29 557
29 842
29 908
29 961
29 986
29 990
29 997
29 998
30 145
30 281
30 647
30 929
30 939
30 953
30 978
30 987
30 990
31 569
31 604
31 699
31 761
31 762
31 993
31 994
31 995
31 998
32 195
32 519
32 638
32 743
32 922
32 971
32 978
32 981
32 999
33 129
33 206
33 252
33 571
33 678
33 802
33 819
33 918
33 998
34 281
34 630
34 855
34 856
34 864
34 952
34 974
34 978
34 999
35 104
35 724
35 790
35 838
35 915
35 934
35 972
35 990
35 994
36 410
36 913
36 930
36 940
36 945
36 965
36 966
36 982
36 996
37 174
37 558
37 735
37 744
37 855
37 962
37 970
37 994
37 997
38 772
38 804
38 862
38 891
38 941
38 965
38 981
38 982
38 992
39 81
39 602
39 626
39 818
39 928
39 935
39 960
39 975
39 997
40 888
40 920
40 960
40 967
40 981
40 983
40 984
40 997
40 999
41 262
41 673
41 803
41 826
41 919
41 964
41 966
41 987
41 999
42 101
42 330
42 672
42 778
42 789
42 911
42 986
42 989
42 996
43 863
43 922
43 969
43 984
43 989
43 991
43 997
43 998
43 999
44 531
44 572
44 723
44 901
44 943
44 952
44 970
44 973
44 984
45 601
45 702
45 728
45 895
45 900
45 927
45 960
45 995
45 999
46 74
46 254
46 491
46 721
46 883
46 929
46 965
46 972
46 997
47 407
47 654
47 773
47 907
47 908
47 940
47 942
47 972
47 992
48 21
48 341
48 828
48 831
48 854
48 905
48 933
48 966
48 971
49 488
49 933
49 954
49 974
49 991
49 992
49 993
49 994
49 999
50 579
50 820
50 902
50 943
50 944
50 960
50 990
50 994
50 996
51 142
51 556
51 817
51 878
51 970
51 976
51 983
51 998
51 999
52 646
52 698
52 930
52 978
52 979
52 983
52 987
52 994
52 995
53 175
53 217
53 337
53 712
53 741
53 782
53 800
53 928
53 974
54 437
54 523
54 783
54 952
54 959
54 964
54 970
54 997
54 999
55 607
55 869
55 938
55 959
55 964
55 965
55 969
55 989
55 999
56 245
56 619
56 661
56 768
56 790
56 962
56 965
56 996
56 998
57 390
57 439
57 719
57 787
57 790
57 879
57 967
57 970
57 985
58 65
58 313
58 599
58 628
58 920
58 968
58 983
58 990
58 991
59 655
59 683
59 834
59 840
59 887
59 943
59 969
59 976
59 987
60 623
60 701
60 913
60 964
60 982
60 983
60 996
60 997
60 999
61 209
61 219
61 630
61 643
61 851
61 896
61 967
61 996
61 999
62 141
62 531
62 831
62 846
62 850
62 961
62 976
62 977
62 999
63 103
63 711
63 777
63 834
63 959
63 988
63 989
63 998
63 999
64 186
64 435
64 838
64 840
64 909
64 918
64 957
64 986
64 991
65 151
65 462
65 736
65 800
65 816
65 895
65 922
65 945
65 997
66 657
66 721
66 784
66 809
66 928
66 969
66 976
66 989
66 998
67 119
67 321
67 351
67 594
67 613
67 858
67 954
67 977
67 978
68 89
68 489
68 533
68 629
68 799
68 907
68 979
68 989
68 996
69 340
69 706
69 902
69 956
69 971
69 985
69 991
69 998
69 999
70 299
70 497
70 744
70 821
70 854
70 879
70 883
70 948
70 999
71 158
71 886
71 895
71 917
71 931
71 941
71 951
71 968
71 995
72 417
72 457
72 588
72 617
72 695
72 950
72 964
72 975
72 990
73 382
73 531
73 690
73 800
73 905
73 964
73 977
73 992
73 997
74 377
74 716
74 748
74 898
74 943
74 954
74 981
74 997
74 999
75 471
75 649
75 735
75 806
75 839
75 877
75 943
75 951
75 988
76 381
76 817
76 888
76 950
76 981
76 982
76 983
76 988
76 999
77 33
77 748
77 924
77 965
77 977
77 995
77 997
77 998
77 999
78 458
78 642
78 892
78 917
78 970
78 981
78 982
78 991
78 999
79 95
79 106
79 669
79 749
79 926
79 949
79 976
79 978
79 990
80 465
80 603
80 699
80 947
80 949
80 983
80 986
80 992
80 999
81 180
81 442
81 757
81 846
81 861
81 921
81 932
81 966
81 992
82 611
82 806
82 885
82 952
82 956
82 969
82 983
82 993
82 999
83 28
83 694
83 871
83 931
83 932
83 937
83 953
83 962
83 976
84 247
84 644
84 726
84 903
84 904
84 936
84 958
84 997
84 999
85 266
85 527
85 841
85 855
85 945
85 967
85 993
85 994
85 999
86 418
86 549
86 684
86 853
86 941
86 949
86 974
86 996
86 998
87 211
87 412
87 722
87 780
87 873
87 880
87 936
87 996
87 999
88 827
88 910
88 946
88 951
88 958
88 967
88 990
88 992
88 999
89 207
89 703
89 822
89 912
89 962
89 974
89 977
89 996
89 999
90 295
90 438
90 585
90 670
90 943
90 945
90 960
90 996
90 998
91 671
91 753
91 915
91 954
91 963
91 985
91 994
91 998
91 999
92 495
92 792
92 867
92 893
92 940
92 976
92 984
92 992
92 998
93 85
93 201
93 323
93 846
93 876
93 924
93 976
93 982
93 996
94 213
94 452
94 635
94 640
94 884
94 983
94 989
94 997
94 999
95 365
95 794
95 957
95 958
95 959
95 969
95 980
95 983
95 999
96 132
96 413
96 446
96 912
96 969
96 979
96 991
96 993
96 999
97 704
97 779
97 859
97 913
97 947
97 983
97 984
97 992
97 998
98 746
98 829
98 852
98 960
98 977
98 980
98 984
98 993
98 999
99 617
99 690
99 712
99 752
99 857
99 910
99 972
99 996
99 998
100 297
100 329
100 520
100 742
100 940
100 953
100 981
100 992
100 999
101 479
101 612
101 637
101 721
101 844
101 968
101 970
101 977
101 995
102 115
102 395
102 566
102 645
102 732
102 923
102 945
102 979
102 990
103 53
103 671
103 896
103 935
103 981
103 989
103 991
103 998
103 999
104 268
104 829
104 959
104 976
104 988
104 989
104 991
104 998
104 999
105 437
105 560
105 802
105 895
105 925
105 962
105 990
105 998
105 999
106 364
106 467
106 663
106 701
106 762
106 912
106 927
106 939
106 943
107 79
107 807
107 830
107 856
107 871
107 944
107 955
107 972
107 979
108 41
108 118
108 382
108 693
108 728
108 776
108 871
108 937
108 994
109 102
109 253
109 559
109 717
109 941
109 969
109 975
109 998
109 999
110 242
110 586
110 838
110 947
110 953
110 959
110 982
110 996
110 999
111 425
111 915
111 930
111 958
111 962
111 969
111 976
111 980
111 995
112 656
112 889
112 926
112 929
112 973
112 991
112 992
112 995
112 996
113 426
113 598
113 668
113 800
113 801
113 898
113 913
113 998
113 999
114 205
114 260
114 664
114 762
114 886
114 927
114 985
114 998
114 999
115 462
115 797
115 855
115 861
115 886
115 904
115 960
115 975
115 990
116 397
116 660
116 716
116 748
116 932
116 986
116 989
116 994
116 999
117 650
117 696
117 902
117 909
117 928
117 973
117 991
117 996
117 998
118 463
118 471
118 825
118 834
118 837
118 958
118 978
118 989
118 997
119 30
119 370
119 730
119 759
119 778
119 782
119 929
119 962
119 977
120 306
120 820
120 872
120 903
120 934
120 951
120 967
120 997
120 999
121 82
121 375
121 608
121 662
121 850
121 899
121 961
121 979
121 997
122 75
122 624
122 886
122 937
122 945
122 975
122 981
122 998
122 999
123 146
123 360
123 713
123 791
123 950
123 954
123 983
123 987
123 999
124 394
124 693
124 802
124 852
124 920
124 935
124 977
124 982
124 993
125 196
125 505
125 957
125 977
125 982
125 986
125 990
125 995
125 997
126 230
126 845
126 918
126 920
126 978
126 984
126 993
126 996
126 999
127 48
127 389
127 807
127 889
127 990
127 991
127 995
127 998
127 999
128 743
128 833
128 888
128 950
128 962
128 991
128 994
128 996
128 999
129 176
129 893
129 937
129 955
129 962
129 973
129 978
129 989
129 996
130 108
130 759
130 835
130 853
130 896
130 908
130 989
130 997
130 999
131 246
131 395
131 871
131 891
131 961
131 995
131 996
131 997
131 999
132 48
132 819
132 848
132 885
132 939
132 963
132 996
132 997
132 999
133 435
133 535
133 682
133 742
133 937
133 986
133 990
133 993
133 994
134 113
134 595
134 659
134 750
134 784
134 901
134 954
134 995
134 999
135 707
135 739
135 809
135 868
135 966
135 971
135 988
135 996
135 999
136 49
136 302
136 525
136 610
136 710
136 816
136 872
136 971
136 979
137 315
137 627
137 820
137 854
137 884
137 965
137 978
137 993
137 994
138 448
138 914
138 921
138 958
138 964
138 987
138 989
138 998
138 999
139 394
139 647
139 709
139 731
139 891
139 896
139 943
139 978
139 991
140 308
140 713
140 858
140 909
140 967
140 981
140 992
140 995
140 999
141 732
141 794
141 816
141 949
141 967
141 971
141 992
141 993
141 997
142 634
142 805
142 931
142 933
142 964
142 981
142 988
142 997
142 999
143 24
143 545
143 580
143 884
143 948
143 976
143 987
143 995
143 998
144 22
144 445
144 570
144 628
144 832
144 983
144 987
144 995
144 999
145 225
145 274
145 369
145 676
145 736
145 810
145 988
145 989
145 999
146 34
146 548
146 877
146 931
146 947
146 975
146 976
146 998
146 999
147 764
147 781
147 908
147 918
147 919
147 976
147 987
147 993
147 999
148 552
148 763
148 798
148 855
148 959
148 985
148 989
148 990
148 999
149 668
149 692
149 856
149 912
149 927
149 959
149 966
149 985
149 995
150 117
150 314
150 492
150 678
150 680
150 723
150 787
150 996
150 998
151 262
151 518
151 753
151 958
151 965
151 986
151 989
151 990
151 991
152 876
152 895
152 921
152 929
152 940
152 975
152 995
152 998
152 999
153 305
153 739
153 915
153 921
153 960
153 980
153 981
153 998
153 999
154 243
154 687
154 824
154 886
154 937
154 956
154 997
154 998
154 999
155 263
155 554
155 859
155 862
155 906
155 991
155 992
155 996
155 999
156 154
156 414
156 853
156 925
156 960
156 972
156 983
156 985
156 996
157 835
157 878
157 939
157 949
157 988
157 989
157 997
157 998
157 999
158 571
158 699
158 885
158 908
158 932
158 976
158 988
158 997
158 999
159 6
159 727
159 801
159 914
159 967
159 988
159 989
159 996
159 999
160 218
160 221
160 807
160 835
160 889
160 919
160 923
160 972
160 977
161 892
161 898
161 939
161 978
161 990
161 991
161 993
161 994
161 999
162 810
162 890
162 944
162 951
162 968
162 984
162 989
162 997
162 998
163 143
163 167
163 779
163 926
163 945
163 950
163 962
163 968
163 993
164 589
164 654
164 669
164 838
164 890
164 909
164 916
164 992
164 999
165 397
165 550
165 672
165 841
165 855
165 923
165 987
165 988
165 999
166 380
166 398
166 724
166 725
166 924
166 988
166 989
166 991
166 996
167 181
167 587
167 734
167 887
167 935
167 973
167 986
167 997
167 998
168 144
168 403
168 605
168 791
168 795
168 872
168 953
168 987
168 993
169 510
169 659
169 727
169 935
169 963
169 975
169 979
169 993
169 998
170 306
170 505
170 668
170 920
170 941
170 955
170 975
170 980
170 991
171 215
171 406
171 461
171 737
171 864
171 892
171 957
171 974
171 990
172 481
172 699
172 782
172 857
172 922
172 982
172 983
172 997
172 999
173 86
173 644
173 681
173 822
173 862
173 926
173 946
173 994
173 998
174 379
174 821
174 930
174 953
174 965
174 983
174 985
174 986
174 999
175 760
175 821
175 928
175 955
175 957
175 974
175 985
175 986
175 996
176 318
176 542
176 775
176 798
176 918
176 944
176 978
176 992
176 994
177 469
177 842
177 858
177 883
177 929
177 973
177 989
177 993
177 999
178 298
178 792
178 867
178 940
178 953
178 961
178 963
178 981
178 982
179 198
179 310
179 881
179 931
179 965
179 986
179 987
179 995
179 996
180 98
180 381
180 486
180 619
180 773
180 813
180 966
180 974
180 992
181 399
181 658
181 848
181 938
181 947
181 975
181 987
181 998
181 999
182 468
182 652
182 863
182 891
182 935
182 962
182 972
182 985
182 988
183 785
183 810
183 947
183 950
183 963
183 969
183 979
183 984
183 993
184 542
184 820
184 833
184 905
184 936
184 957
184 981
184 992
184 998
185 202
185 482
185 525
185 925
185 926
185 961
185 971
185 979
185 985
186 227
186 509
186 905
186 932
186 938
186 987
186 988
186 995
186 999
187 15
187 21
187 145
187 335
187 840
187 881
187 970
187 994
187 999
188 419
188 537
188 574
188 689
188 791
188 991
188 992
188 997
188 999
189 769
189 776
189 902
189 915
189 937
189 961
189 966
189 993
189 995
190 251
190 483
190 706
190 813
190 825
190 894
190 910
190 962
190 995
191 304
191 392
191 812
191 880
191 960
191 962
191 979
191 983
191 994
192 241
192 278
192 310
192 604
192 974
192 979
192 992
192 994
192 999
193 343
193 459
193 498
193 697
193 844
193 962
193 977
193 985
193 990
194 495
194 635
194 734
194 843
194 859
194 921
194 993
194 995
194 999
195 67
195 159
195 541
195 832
195 929
195 959
195 971
195 998
195 999
196 743
196 847
196 879
196 915
196 981
196 983
196 984
196 990
196 999
197 649
197 727
197 751
197 970
197 984
197 985
197 989
197 990
197 994
198 454
198 601
198 636
198 885
198 898
198 946
198 954
198 965
198 990
199 477
199 534
199 633
199 638
199 725
199 844
199 921
199 966
199 978
200 78
200 631
200 718
200 859
200 861
200 868
200 955
200 994
200 996
201 427
201 625
201 845
201 854
201 934
201 955
201 980
201 993
201 999
202 867
202 872
202 880
202 900
202 936
202 965
202 980
202 986
202 999
203 26
203 914
203 917
203 982
203 987
203 992
203 995
203 998
203 999
204 234
204 851
204 895
204 933
204 937
204 939
204 972
204 987
204 989
205 555
205 857
205 925
205 963
205 975
205 981
205 994
205 997
205 999
206 118
206 723
206 737
206 778
206 850
206 862
206 980
206 990
206 999
207 55
207 714
207 769
207 939
207 976
207 981
207 997
207 998
207 999
208 455
208 478
208 677
208 872
208 905
208 930
208 981
208 994
208 999
209 494
209 928
209 931
209 940
209 958
209 962
209 978
209 987
209 995
210 322
210 498
210 636
210 742
210 804
210 904
210 989
210 990
210 994
211 412
211 574
211 791
211 885
211 901
211 922
211 948
211 952
211 992
212 238
212 425
212 700
212 793
212 863
212 947
212 963
212 992
212 994
213 316
213 563
213 785
213 796
213 886
213 923
213 988
213 991
213 994
214 772
214 851
214 882
214 919
214 966
214 985
214 987
214 995
214 999
215 116
215 387
215 554
215 836
215 839
215 875
215 951
215 953
215 999
216 389
216 681
216 906
216 913
216 939
216 967
216 981
216 990
216 996
217 59
217 219
217 566
217 747
217 775
217 891
217 949
217 996
217 999
218 748
218 755
218 801
218 899
218 962
218 972
218 975
218 991
218 995
219 812
219 888
219 945
219 976
219 987
219 988
219 990
219 994
219 999
220 324
220 639
220 799
220 839
220 879
220 888
220 964
220 997
220 999
221 257
221 476
221 651
221 754
221 885
221 957
221 962
221 972
221 999
222 116
222 577
222 578
222 581
222 584
222 740
222 773
222 866
222 959
223 410
223 513
223 826
223 894
223 922
223 971
223 987
223 991
223 997
224 192
224 553
224 696
224 756
224 866
224 946
224 958
224 967
224 971
225 441
225 637
225 911
225 963
225 977
225 993
225 994
225 995
225 999
226 106
226 199
226 722
226 940
226 973
226 981
226 989
226 990
226 996
227 188
227 482
227 836
227 856
227 861
227 912
227 953
227 990
227 999
228 179
228 335
228 583
228 624
228 691
228 797
228 938
228 949
228 953
229 813
229 840
229 897
229 939
229 973
229 977
229 982
229 988
229 993
230 698
230 856
230 883
230 905
230 925
230 938
230 991
230 996
230 997
231 760
231 765
231 841
231 845
231 893
231 968
231 971
231 983
231 986
232 402
232 429
232 588
232 791
232 920
232 942
232 987
232 988
232 999
233 138
233 620
233 768
233 834
233 944
233 978
233 981
233 995
233 999
234 64
234 191
234 525
234 899
234 904
234 922
234 962
234 984
234 995
235 534
235 686
235 766
235 863
235 929
235 960
235 966
235 995
235 998
236 124
236 179
236 607
236 931
236 963
236 968
236 985
236 995
236 998
237 554
237 752
237 834
237 870
237 917
237 975
237 985
237 996
237 998
238 380
238 771
238 810
238 826
238 867
238 965
238 992
238 994
238 996
239 671
239 787
239 839
239 864
239 955
239 969
239 978
239 979
239 999
240 499
240 741
240 793
240 920
240 923
240 985
240 988
240 996
240 999
241 686
241 843
241 874
241 886
241 925
241 970
241 988
241 989
241 999
242 268
242 575
242 605
242 923
242 944
242 952
242 971
242 983
242 999
243 162
243 578
243 823
243 859
243 909
243 916
243 956
243 970
243 999
244 612
244 685
244 743
244 757
244 891
244 907
244 938
244 946
244 969
245 260
245 706
245 726
245 742
245 808
245 970
245 974
245 978
245 999
246 142
246 604
246 873
246 957
246 980
246 982
246 985
246 995
246 999
247 363
247 459
247 530
247 535
247 540
247 615
247 986
247 987
247 999
248 477
248 634
248 726
248 909
248 938
248 983
248 992
248 995
248 999
249 96
249 716
249 818
249 864
249 889
249 978
249 980
249 986
249 994
250 36
250 160
250 334
250 807
250 813
250 887
250 956
250 968
250 998
251 70
251 156
251 971
251 985
251 990
251 994
251 995
251 998
251 999
252 205
252 626
252 719
252 744
252 915
252 969
252 982
252 987
252 991
253 326
253 732
253 853
253 878
253 902
253 920
253 934
253 994
253 999
254 494
254 508
254 521
254 592
254 976
254 977
254 983
254 992
254 999
255 536
255 563
255 692
255 930
255 956
255 975
255 977
255 984
255 986
256 12
256 405
256 710
256 847
256 866
256 984
256 985
256 990
256 992
257 108
257 302
257 469
257 622
257 626
257 663
257 843
257 901
257 974
258 320
258 583
258 627
258 671
258 848
258 979
258 992
258 993
258 996
259 194
259 624
259 655
259 701
259 837
259 950
259 965
259 986
259 989
260 549
260 658
260 878
260 887
260 948
260 964
260 992
260 995
260 999
261 705
261 914
261 932
261 972
261 973
261 974
261 979
261 996
261 999
262 172
262 749
262 819
262 899
262 926
262 945
262 970
262 977
262 997
263 429
263 793
263 824
263 933
263 956
263 969
263 974
263 977
263 999
264 408
264 473
264 511
264 568
264 592
264 920
264 984
264 994
264 999
265 417
265 605
265 729
265 880
265 916
265 979
265 985
265 987
265 994
266 31
266 61
266 80
266 285
266 295
266 753
266 777
266 906
266 972
267 473
267 832
267 946
267 976
267 983
267 985
267 989
267 996
267 999
268 510
268 808
268 940
268 948
268 966
268 968
268 981
268 982
268 986
269 527
269 596
269 879
269 888
269 902
269 951
269 978
269 989
269 997
270 1
270 5
270 540
270 575
270 766
270 806
270 914
270 943
270 993
271 813
271 908
271 951
271 955
271 966
271 978
271 994
271 996
271 999
272 254
272 433
272 763
272 824
272 968
272 977
272 985
272 987
272 998
273 190
273 243
273 333
273 791
273 862
273 866
273 933
273 962
273 987
274 6
274 737
274 755
274 933
274 980
274 984
274 994
274 997
274 998
275 520
275 644
275 887
275 954
275 960
275 972
275 979
275 986
275 993
276 383
276 553
276 613
276 701
276 847
276 884
276 951
276 971
276 999
277 91
277 92
277 560
277 858
277 968
277 971
277 975
277 978
277 988
278 73
278 331
278 882
278 946
278 952
278 988
278 992
278 996
278 999
279 200
279 411
279 645
279 660
279 695
279 780
279 938
279 958
279 992
280 652
280 831
280 890
280 939
280 955
280 963
280 975
280 980
280 994
281 202
281 347
281 427
281 621
281 765
281 910
281 975
281 995
281 997
282 733
282 753
282 815
282 864
282 919
282 949
282 986
282 994
282 999
283 905
283 940
283 945
283 964
283 969
283 970
283 989
283 995
283 999
284 398
284 476
284 857
284 919
284 929
284 942
284 993
284 994
284 999
285 404
285 590
285 776
285 910
285 962
285 972
285 980
285 986
285 994
286 25
286 433
286 569
286 883
286 897
286 953
286 965
286 990
286 992
287 638
287 812
287 901
287 970
287 984
287 985
287 993
287 997
287 999
288 42
288 90
288 444
288 885
288 902
288 971
288 972
288 998
288 999
289 441
289 465
289 516
289 541
289 829
289 966
289 982
289 998
289 999
290 18
290 550
290 566
290 718
290 882
290 945
290 991
290 996
290 997
291 99
291 512
291 633
291 664
291 926
291 952
291 974
291 989
291 995
292 348
292 675
292 763
292 906
292 911
292 972
292 989
292 996
292 999
293 13
293 377
293 765
293 902
293 941
293 964
293 971
293 995
293 999
294 804
294 812
294 934
294 975
294 979
294 982
294 984
294 993
294 995
295 34
295 797
295 812
295 894
295 939
295 978
295 979
295 989
295 994
296 259
296 530
296 635
296 667
296 927
296 943
296 968
296 984
296 996
297 155
297 860
297 893
297 901
297 977
297 982
297 992
297 996
297 999
298 547
298 565
298 711
298 740
298 755
298 940
298 947
298 973
298 992
299 573
299 741
299 823
299 843
299 857
299 918
299 961
299 972
299 986
300 78
300 367
300 714
300 891
300 947
300 977
300 986
300 998
300 999
301 62
301 71
301 581
301 609
301 646
301 829
301 900
301 983
301 999
302 288
302 893
302 904
302 957
302 961
302 965
302 968
302 985
302 999
303 512
303 836
303 871
303 912
303 954
303 963
303 977
303 985
303 997
304 586
304 890
304 891
304 896
304 917
304 968
304 981
304 993
304 999
305 153
305 384
305 564
305 828
305 931
305 960
305 977
305 991
305 992
306 220
306 811
306 903
306 935
306 950
306 951
306 984
306 988
306 991
307 51
307 215
307 646
307 750
307 853
307 860
307 987
307 995
307 999
308 313
308 423
308 772
308 779
308 869
308 872
308 923
308 984
308 999
309 617
309 882
309 894
309 901
309 942
309 946
309 979
309 986
309 999
310 124
310 139
310 395
310 900
310 930
310 953
310 976
310 979
310 982
311 656
311 785
311 873
311 933
311 951
311 959
311 988
311 991
311 999
312 63
312 963
312 964
312 982
312 985
312 992
312 993
312 997
312 999
313 771
313 865
313 938
313 950
313 979
313 980
313 989
313 997
313 999
314 705
314 907
314 958
314 964
314 979
314 986
314 995
314 996
314 998
315 384
315 463
315 620
315 760
315 837
315 915
315 949
315 963
315 971
316 539
316 741
316 880
316 892
316 945
316 956
316 989
316 997
316 999
317 309
317 561
317 911
317 922
317 924
317 929
317 988
317 991
317 998
318 18
318 240
318 702
318 813
318 824
318 958
318 970
318 973
318 999
319 125
319 234
319 382
319 724
319 868
319 980
319 989
319 997
319 999
320 150
320 635
320 671
320 693
320 923
320 924
320 958
320 992
320 994
321 556
321 741
321 839
321 943
321 972
321 995
321 997
321 998
321 999
322 492
322 627
322 927
322 933
322 954
322 970
322 980
322 997
322 999
323 239
323 844
323 892
323 969
323 980
323 986
323 989
323 993
323 996
324 153
324 714
324 894
324 929
324 936
324 938
324 981
324 988
324 999
325 222
325 790
325 924
325 942
325 948
325 957
325 989
325 995
325 999
326 402
326 589
326 754
326 969
326 978
326 986
326 987
326 995
326 997
327 457
327 524
327 917
327 920
327 927
327 954
327 970
327 974
327 979
328 352
328 503
328 642
328 769
328 805
328 944
328 981
328 986
328 999
329 423
329 819
329 822
329 954
329 958
329 964
329 992
329 995
329 998
330 271
330 321
330 647
330 829
330 875
330 961
330 972
330 993
330 999
331 648
331 690
331 959
331 983
331 985
331 990
331 991
331 995
331 999
332 717
332 722
332 917
332 936
332 966
332 971
332 982
332 990
332 999
333 472
333 474
333 571
333 648
333 707
333 728
333 788
333 956
333 971
334 590
334 727
334 837
334 905
334 960
334 971
334 975
334 977
334 979
335 58
335 271
335 404
335 523
335 821
335 945
335 977
335 991
335 995
336 49
336 294
336 451
336 661
336 857
336 926
336 981
336 985
336 999
337 646
337 817
337 949
337 962
337 976
337 991
337 993
337 994
337 998
338 731
338 802
338 874
338 913
338 980
338 986
338 989
338 992
338 996
339 283
339 415
339 484
339 866
339 913
339 921
339 938
339 967
339 996
340 164
340 470
340 656
340 827
340 885
340 959
340 975
340 977
340 998
341 265
341 356
341 463
341 676
341 875
341 924
341 983
341 992
341 999
342 713
342 843
342 929
342 966
342 969
342 973
342 982
342 984
342 992
343 383
343 546
343 871
343 946
343 972
343 983
343 985
343 997
343 999
344 37
344 361
344 411
344 575
344 616
344 901
344 981
344 995
344 997
345 493
345 577
345 616
345 863
345 947
345 956
345 963
345 975
345 998
346 296
346 316
346 590
346 688
346 852
346 953
346 970
346 973
346 998
347 780
347 911
347 930
347 943
347 956
347 989
347 995
347 996
347 999
348 255
348 379
348 765
348 862
348 945
348 956
348 975
348 980
348 991
349 211
349 393
349 665
349 916
349 931
349 954
349 960
349 965
349 990
350 563
350 734
350 882
350 958
350 970
350 986
350 987
350 997
350 999
351 519
351 919
351 923
351 956
351 960
351 982
351 990
351 995
351 999
352 212
352 362
352 783
352 815
352 823
352 931
352 950
352 961
352 998
353 217
353 564
353 683
353 951
353 956
353 972
353 984
353 992
353 994
354 406
354 549
354 657
354 844
354 941
354 951
354 977
354 990
354 999
355 157
355 309
355 381
355 388
355 761
355 865
355 921
355 985
355 997
356 598
356 739
356 956
356 961
356 975
356 992
356 996
356 997
356 999
357 890
357 942
357 952
357 956
357 985
357 986
357 989
357 990
357 993
358 818
358 867
358 892
358 935
358 954
358 981
358 988
358 989
358 999
359 450
359 491
359 542
359 778
359 943
359 979
359 990
359 996
359 999
360 15
360 314
360 541
360 655
360 741
360 874
360 937
360 993
360 999
361 602
361 674
361 966
361 982
361 989
361 990
361 994
361 995
361 999
362 73
362 111
362 569
362 926
362 965
362 969
362 980
362 985
362 987
363 415
363 665
363 892
363 930
363 989
363 991
363 993
363 995
363 999
364 60
364 104
364 500
364 580
364 729
364 835
364 932
364 973
364 999
365 149
365 797
365 827
365 849
365 976
365 991
365 997
365 998
365 999
366 333
366 895
366 910
366 948
366 958
366 976
366 984
366 986
366 993
367 58
367 197
367 891
367 893
367 969
367 979
367 980
367 987
367 993
368 59
368 114
368 163
368 773
368 903
368 910
368 978
368 993
368 996
369 460
369 583
369 738
369 843
369 935
369 976
369 982
369 997
369 999
370 680
370 777
370 888
370 977
370 993
370 995
370 997
370 998
370 999
371 629
371 653
371 870
371 955
371 978
371 993
371 994
371 997
371 999
372 300
372 501
372 764
372 776
372 789
372 972
372 976
372 993
372 996
373 477
373 529
373 555
373 756
373 936
373 940
373 973
373 981
373 996
374 376
374 719
374 766
374 938
374 962
374 983
374 985
374 989
374 998
375 616
375 849
375 874
375 931
375 969
375 977
375 989
375 990
375 996
376 594
376 667
376 748
376 779
376 829
376 846
376 975
376 985
376 999
377 102
377 273
377 451
377 836
377 860
377 874
377 956
377 996
377 999
378 183
378 420
378 629
378 709
378 798
378 805
378 864
378 954
378 986
379 29
379 299
379 317
379 644
379 766
379 795
379 806
379 968
379 999
380 703
380 734
380 785
380 853
380 932
380 960
380 983
380 990
380 997
381 440
381 694
381 882
381 910
381 931
381 956
381 987
381 992
381 998
382 28
382 134
382 412
382 918
382 921
382 959
382 963
382 992
382 999
383 323
383 609
383 618
383 929
383 936
383 963
383 967
383 969
383 972
384 509
384 830
384 897
384 910
384 964
384 984
384 986
384 998
384 999
385 72
385 184
385 277
385 906
385 935
385 968
385 980
385 987
385 994
386 27
386 115
386 148
386 518
386 589
386 682
386 956
386 962
386 999
387 370
387 791
387 910
387 914
387 938
387 946
387 981
387 997
387 999
388 185
388 571
388 910
388 962
388 965
388 974
388 987
388 990
388 993
389 472
389 560
389 638
389 651
389 872
389 939
389 953
389 996
389 999
390 85
390 173
390 884
390 965
390 980
390 984
390 991
390 993
390 997
391 466
391 787
391 877
391 940
391 957
391 975
391 986
391 990
391 991
392 229
392 614
392 685
392 690
392 810
392 842
392 877
392 944
392 992
393 26
393 287
393 883
393 901
393 911
393 937
393 966
393 971
393 986
394 172
394 802
394 921
394 948
394 970
394 990
394 991
394 998
394 999
395 392
395 621
395 702
395 729
395 826
395 901
395 980
395 981
395 993
396 2
396 25
396 276
396 315
396 517
396 745
396 972
396 989
396 993
397 277
397 286
397 893
397 902
397 914
397 932
397 947
397 988
397 998
398 54
398 136
398 405
398 831
398 946
398 955
398 969
398 995
398 997
399 622
399 870
399 977
399 985
399 991
399 996
399 997
399 998
399 999
400 84
400 681
400 926
400 953
400 960
400 974
400 975
400 994
400 999
401 559
401 631
401 897
401 958
401 963
401 967
401 979
401 992
401 994
402 360
402 487
402 703
402 726
402 952
402 959
402 974
402 983
402 993
403 642
403 756
403 916
403 969
403 985
403 990
403 991
403 995
403 999
404 50
404 418
404 596
404 934
404 968
404 975
404 985
404 993
404 998
405 171
405 600
405 707
405 836
405 841
405 926
405 954
405 973
405 995
406 704
406 773
406 917
406 941
406 964
406 979
406 985
406 996
406 997
407 4
407 456
407 662
407 668
407 773
407 804
407 952
407 961
407 992
408 486
408 774
408 867
408 942
408 949
408 959
408 967
408 983
408 999
409 551
409 689
409 804
409 837
409 877
409 898
409 940
409 951
409 997
410 69
410 435
410 735
410 796
410 811
410 835
410 937
410 944
410 957
411 14
411 904
411 934
411 967
411 991
411 996
411 997
411 998
411 999
412 582
412 680
412 724
412 786
412 932
412 968
412 973
412 981
412 996
413 384
413 870
413 906
413 925
413 961
413 965
413 966
413 997
413 999
414 711
414 743
414 851
414 946
414 960
414 969
414 977
414 982
414 985
415 354
415 719
415 722
415 835
415 903
415 961
415 973
415 995
415 999
416 442
416 573
416 609
416 683
416 794
416 989
416 990
416 997
416 999
417 24
417 112
417 783
417 794
417 847
417 900
417 984
417 989
417 990
418 273
418 576
418 807
418 873
418 913
418 967
418 982
418 983
418 996
419 768
419 814
419 839
419 909
419 950
419 956
419 980
419 982
419 999
420 746
420 819
420 821
420 867
420 907
420 919
420 969
420 981
420 991
421 250
421 812
421 877
421 890
421 943
421 963
421 974
421 991
421 999
422 17
422 387
422 614
422 855
422 911
422 936
422 986
422 995
422 999
423 178
423 485
423 881
423 913
423 974
423 985
423 988
423 996
423 998
424 702
424 815
424 934
424 947
424 959
424 967
424 973
424 992
424 999
425 4
425 344
425 683
425 761
425 908
425 939
425 980
425 993
425 999
426 282
426 362
426 420
426 767
426 852
426 920
426 955
426 980
426 993
427 225
427 244
427 679
427 714
427 751
427 880
427 981
427 993
427 994
428 2
428 379
428 563
428 948
428 950
428 995
428 996
428 997
428 999
429 641
429 720
429 770
429 823
429 875
429 880
429 893
429 963
429 994
430 90
430 512
430 583
430 704
430 751
430 939
430 974
430 991
430 994
431 100
431 688
431 699
431 723
431 799
431 861
431 959
431 997
431 998
432 764
432 816
432 830
432 845
432 883
432 976
432 984
432 991
432 994
433 290
433 552
433 670
433 893
433 899
433 981
433 982
433 990
433 991
434 751
434 798
434 836
434 911
434 934
434 981
434 989
434 997
434 999
435 47
435 332
435 502
435 667
435 707
435 854
435 933
435 992
435 996
436 673
436 756
436 766
436 865
436 873
436 931
436 962
436 982
436 986
437 109
437 396
437 497
437 561
437 820
437 980
437 984
437 986
437 999
438 422
438 652
438 720
438 765
438 861
438 899
438 921
438 985
438 991
439 122
439 636
439 757
439 897
439 909
439 960
439 965
439 997
439 998
440 267
440 630
440 759
440 814
440 834
440 842
440 879
440 898
440 956
441 613
441 644
441 924
441 939
441 983
441 984
441 987
441 990
441 993
442 52
442 190
442 197
442 207
442 301
442 366
442 516
442 754
442 999
443 72
443 658
443 688
443 932
443 955
443 963
443 976
443 979
443 999
444 68
444 574
444 647
444 913
444 966
444 971
444 976
444 981
444 988
445 250
445 785
445 796
445 886
445 977
445 983
445 985
445 991
445 994
446 233
446 393
446 447
446 656
446 936
446 973
446 983
446 998
446 999
447 430
447 812
447 851
447 932
447 954
447 995
447 997
447 998
447 999
448 294
448 730
448 815
448 818
448 843
448 927
448 948
448 998
448 999
449 3
449 338
449 731
449 848
449 874
449 906
449 968
449 971
449 992
450 107
450 716
450 814
450 881
450 915
450 961
450 990
450 994
450 997
451 173
451 474
451 603
451 724
451 758
451 865
451 958
451 966
451 988
452 284
452 543
452 639
452 760
452 900
452 939
452 980
452 997
452 999
453 643
453 700
453 778
453 824
453 828
453 918
453 970
453 992
453 998
454 716
454 786
454 809
454 860
454 933
454 936
454 967
454 985
454 999
455 428
455 784
455 939
455 958
455 971
455 989
455 991
455 995
455 999
456 111
456 320
456 447
456 660
456 852
456 912
456 952
456 991
456 994
457 453
457 886
457 932
457 949
457 961
457 980
457 987
457 989
457 999
458 91
458 389
458 661
458 892
458 900
458 981
458 996
458 998
458 999
459 328
459 430
459 551
459 920
459 948
459 984
459 985
459 988
459 999
460 200
460 431
460 775
460 898
460 970
460 981
460 982
460 997
460 999
461 518
461 856
461 906
461 944
461 946
461 968
461 973
461 979
461 986
462 155
462 643
462 881
462 981
462 983
462 990
462 992
462 996
462 997
463 129
463 621
463 698
463 852
463 865
463 870
463 928
463 993
463 999
464 849
464 881
464 946
464 957
464 968
464 982
464 991
464 994
464 999
465 451
465 767
465 872
465 896
465 937
465 986
465 992
465 998
465 999
466 140
466 429
466 579
466 670
466 763
466 957
466 981
466 993
466 998
467 557
467 672
467 935
467 953
467 961
467 971
467 975
467 986
467 999
468 648
468 864
468 948
468 954
468 956
468 957
468 994
468 996
468 998
469 50
469 551
469 673
469 817
469 845
469 938
469 991
469 993
469 994
470 650
470 731
470 740
470 772
470 817
470 825
470 931
470 994
470 999
471 632
471 640
471 788
471 826
471 901
471 932
471 952
471 970
471 979
472 691
472 840
472 903
472 925
472 950
472 976
472 989
472 993
472 999
473 787
473 959
473 962
473 970
473 972
473 973
473 982
473 995
473 999
474 312
474 401
474 684
474 772
474 880
474 955
474 956
474 962
474 998
475 695
475 957
475 969
475 985
475 990
475 993
475 996
475 997
475 999
476 336
476 715
476 862
476 887
476 949
476 970
476 984
476 992
476 995
477 10
477 658
477 916
477 925
477 936
477 975
477 978
477 990
477 998
478 378
478 853
478 870
478 877
478 929
478 952
478 961
478 975
478 989
479 74
479 285
479 800
479 808
479 915
479 937
479 986
479 996
479 997
480 481
480 919
480 947
480 960
480 978
480 979
480 985
480 988
480 999
481 0
481 890
481 902
481 937
481 963
481 978
481 979
481 984
481 993
482 492
482 623
482 657
482 797
482 835
482 841
482 877
482 888
482 924
483 32
483 475
483 575
483 750
483 875
483 922
483 970
483 998
483 999
484 9
484 278
484 375
484 689
484 749
484 927
484 947
484 993
484 998
485 168
485 338
485 712
485 814
485 890
485 987
485 989
485 992
485 996
486 290
486 349
486 709
486 715
486 947
486 957
486 969
486 973
486 992
487 517
487 874
487 896
487 924
487 955
487 978
487 988
487 994
487 999
488 421
488 778
488 896
488 922
488 969
488 981
488 988
488 995
488 999
489 325
489 836
489 865
489 939
489 943
489 964
489 982
489 995
489 999
490 694
490 794
490 901
490 908
490 921
490 964
490 968
490 989
490 999
491 596
491 923
491 925
491 936
491 945
491 946
491 987
491 997
491 999
492 287
492 684
492 889
492 908
492 925
492 942
492 973
492 986
492 991
493 401
493 708
493 841
493 917
493 961
493 979
493 990
493 993
493 999
494 328
494 538
494 598
494 770
494 821
494 921
494 974
494 991
494 992
495 604
495 847
495 850
495 860
495 924
495 987
495 991
495 992
495 999
496 88
496 558
496 559
496 774
496 872
496 928
496 979
496 980
496 993
497 600
497 655
497 874
497 888
497 900
497 976
497 988
497 994
497 999
498 565
498 588
498 659
498 696
498 757
498 779
498 784
498 926
498 990
499 399
499 478
499 756
499 942
499 945
499 958
499 960
499 986
499 990
500 376
500 480
500 805
500 918
500 952
500 971
500 993
500 997
500 999
501 405
501 445
501 786
501 896
501 960
501 961
501 975
501 985
501 994
502 524
502 719
502 810
502 822
502 967
502 982
502 993
502 996
502 999
503 788
503 803
503 949
503 961
503 980
503 981
503 989
503 993
503 999
504 801
504 863
504 879
504 932
504 954
504 992
504 993
504 995
504 999
505 35
505 270
505 409
505 543
505 745
505 931
505 954
505 977
505 991
506 718
506 967
506 971
506 973
506 992
506 993
506 996
506 997
506 999
507 40
507 502
507 845
507 938
507 962
507 970
507 989
507 996
507 998
508 44
508 425
508 643
508 649
508 703
508 723
508 954
508 996
508 998
509 826
509 869
509 917
509 935
509 959
509 968
509 970
509 973
509 994
510 618
510 708
510 765
510 847
510 883
510 981
510 991
510 994
510 997
511 53
511 318
511 913
511 914
511 945
511 971
511 985
511 997
511 999
512 608
512 712
512 754
512 897
512 933
512 958
512 970
512 976
512 993
513 269
513 480
513 532
513 904
513 927
513 944
513 966
513 986
513 996
514 434
514 623
514 860
514 927
514 959
514 967
514 980
514 992
514 997
515 60
515 167
515 805
515 848
515 910
515 944
515 947
515 955
515 989
516 42
516 448
516 509
516 549
516 808
516 825
516 878
516 925
516 998
517 161
517 426
517 582
517 619
517 814
517 939
517 941
517 975
517 993
518 581
518 697
518 894
518 942
518 944
518 946
518 960
518 971
518 998
519 120
519 611
519 729
519 795
519 873
519 955
519 970
519 989
519 999
520 424
520 761
520 806
520 967
520 973
520 983
520 993
520 996
520 999
521 97
521 544
521 665
521 706
521 822
521 839
521 865
521 901
521 906
522 423
522 863
522 873
522 928
522 981
522 989
522 993
522 995
522 999
523 101
523 765
523 803
523 903
523 960
523 985
523 994
523 995
523 999
524 718
524 719
524 838
524 897
524 900
524 988
524 995
524 996
524 999
525 473
525 777
525 862
525 952
525 972
525 974
525 983
525 996
525 997
526 139
526 548
526 586
526 626
526 808
526 949
526 953
526 990
526 998
527 618
527 733
527 755
527 912
527 962
527 966
527 974
527 987
527 991
528 13
528 792
528 846
528 871
528 936
528 938
528 950
528 967
528 999
529 140
529 431
529 539
529 913
529 977
529 986
529 991
529 995
529 996
530 347
530 607
530 774
530 827
530 942
530 985
530 987
530 988
530 999
531 332
531 639
531 734
531 751
531 944
531 976
531 978
531 990
531 992
532 674
532 895
532 935
532 951
532 956
532 976
532 979
532 991
532 993
533 127
533 803
533 822
533 949
533 951
533 982
533 990
533 993
533 996
534 144
534 811
534 855
534 979
534 988
534 989
534 994
534 998
534 999
535 51
535 187
535 413
535 496
535 774
535 969
535 973
535 992
535 994
536 20
536 303
536 448
536 471
536 840
536 975
536 984
536 994
536 998
537 11
537 166
537 253
537 255
537 970
537 992
537 995
537 998
537 999
538 453
538 522
538 572
538 904
538 910
538 927
538 935
538 991
538 997
539 511
539 915
539 922
539 947
539 975
539 983
539 989
539 997
539 999
540 131
540 816
540 858
540 930
540 951
540 960
540 969
540 976
540 991
541 94
541 232
541 827
541 918
541 948
541 962
541 989
541 997
541 999
542 16
542 100
542 663
542 892
542 916
542 933
542 963
542 996
542 999
543 406
543 545
543 774
543 936
543 951
543 955
543 987
543 990
543 993
544 529
544 786
544 842
544 852
544 970
544 978
544 989
544 995
544 997
545 165
545 439
545 833
545 908
545 937
545 952
545 974
545 987
545 992
546 731
546 902
546 903
546 928
546 937
546 938
546 983
546 997
546 999
547 57
547 356
547 838
547 867
547 942
547 955
547 957
547 996
547 998
548 660
548 918
548 925
548 929
548 936
548 947
548 966
548 991
548 996
549 376
549 764
549 860
549 921
549 956
549 972
549 991
549 997
549 998
550 284
550 885
550 908
550 945
550 973
550 975
550 984
550 997
550 999
551 344
551 638
551 845
551 886
551 946
551 954
551 988
551 994
551 999
552 66
552 504
552 827
552 883
552 973
552 990
552 995
552 998
552 999
553 209
553 800
553 850
553 872
553 970
553 982
553 992
553 995
553 996
554 114
554 771
554 914
554 939
554 973
554 990
554 991
554 995
554 998
555 622
555 680
555 738
555 899
555 948
555 964
555 974
555 984
555 999
556 657
556 773
556 840
556 953
556 975
556 984
556 991
556 993
556 998
557 289
557 902
557 947
557 966
557 967
557 973
557 988
557 996
557 999
558 8
558 697
558 730
558 780
558 862
558 987
558 990
558 998
558 999
559 555
559 568
559 876
559 962
559 971
559 972
559 993
559 995
559 998
560 9
560 860
560 862
560 886
560 915
560 938
560 942
560 966
560 984
561 532
561 547
561 650
561 725
561 907
561 942
561 974
561 990
561 996
562 582
562 906
562 933
562 942
562 945
562 971
562 987
562 991
562 999
563 182
563 248
563 784
563 941
563 981
563 986
563 992
563 994
563 999
564 240
564 454
564 648
564 950
564 962
564 978
564 993
564 995
564 999
565 359
565 654
565 928
565 940
565 957
565 962
565 979
565 985
565 990
566 70
566 293
566 930
566 955
566 985
566 993
566 994
566 997
566 998
567 599
567 701
567 752
567 776
567 807
567 826
567 938
567 983
567 999
568 712
568 715
568 750
568 911
568 973
568 979
568 988
568 995
568 999
569 286
569 720
569 857
569 933
569 985
569 991
569 993
569 994
569 999
570 291
570 337
570 664
570 679
570 893
570 898
570 933
570 963
570 998
571 576
571 759
571 821
571 903
571 925
571 980
571 983
571 988
571 990
572 231
572 648
572 813
572 825
572 912
572 982
572 983
572 993
572 995
573 292
573 357
573 378
573 854
573 914
573 956
573 957
573 959
573 990
574 593
574 871
574 893
574 915
574 957
574 987
574 988
574 990
574 999
575 204
575 730
575 895
575 943
575 978
575 985
575 991
575 998
575 999
576 747
576 876
576 893
576 958
576 974
576 978
576 989
576 991
576 992
577 20
577 944
577 961
577 966
577 976
577 978
577 986
577 988
577 989
578 136
578 890
578 912
578 932
578 960
578 976
578 977
578 991
578 999
579 399
579 438
579 547
579 748
579 829
579 936
579 984
579 993
579 996
580 311
580 695
580 827
580 915
580 964
580 970
580 971
580 989
580 999
581 27
581 158
581 475
581 932
581 965
581 967
581 971
581 973
581 988
582 485
582 609
582 739
582 847
582 898
582 921
582 976
582 987
582 990
583 367
583 768
583 934
583 956
583 970
583 982
583 995
583 997
583 999
584 76
584 590
584 806
584 892
584 976
584 977
584 986
584 998
584 999
585 227
585 685
585 740
585 774
585 776
585 906
585 965
585 991
585 992
586 86
586 261
586 283
586 948
586 980
586 984
586 990
586 996
586 999
587 354
587 654
587 924
587 953
587 956
587 980
587 988
587 992
587 999
588 557
588 666
588 881
588 908
588 938
588 984
588 995
588 997
588 999
589 296
589 634
589 749
589 910
589 926
589 934
589 946
589 954
589 992
590 79
590 143
590 391
590 909
590 916
590 955
590 977
590 986
590 994
591 264
591 641
591 738
591 896
591 912
591 931
591 935
591 969
591 998
592 32
592 488
592 564
592 780
592 914
592 981
592 995
592 997
592 999
593 38
593 736
593 939
593 962
593 969
593 990
593 991
593 993
593 994
594 393
594 515
594 589
594 603
594 803
594 810
594 878
594 972
594 994
595 489
595 606
595 621
595 669
595 698
595 972
595 983
595 996
595 999
596 231
596 601
596 649
596 732
596 965
596 972
596 973
596 974
596 998
597 38
597 105
597 676
597 739
597 764
597 980
597 982
597 990
597 995
598 821
598 905
598 923
598 965
598 978
598 992
598 995
598 996
598 999
599 165
599 646
599 705
599 910
599 952
599 966
599 978
599 989
599 990
600 396
600 637
600 679
600 853
600 907
600 927
600 964
600 986
600 987
601 562
601 564
601 606
601 825
601 977
601 982
601 984
601 990
601 993
602 7
602 266
602 611
602 703
602 875
602 983
602 997
602 998
602 999
603 461
603 775
603 827
603 828
603 909
603 911
603 971
603 992
603 996
604 635
604 809
604 818
604 868
604 919
604 958
604 980
604 984
604 989
605 63
605 387
605 903
605 949
605 978
605 979
605 980
605 985
605 994
606 703
606 713
606 964
606 975
606 985
606 988
606 990
606 997
606 998
607 82
607 194
607 705
607 768
607 828
607 884
607 894
607 949
607 999
608 199
608 238
608 480
608 552
608 725
608 979
608 980
608 989
608 993
609 150
609 210
609 233
609 819
609 857
609 969
609 983
609 994
609 998
610 342
610 444
610 464
610 944
610 967
610 973
610 974
610 978
610 993
611 428
611 714
611 720
611 903
611 963
611 967
611 970
611 975
611 999
612 203
612 293
612 377
612 440
612 687
612 890
612 937
612 998
612 999
613 12
613 81
613 841
613 930
613 955
613 965
613 972
613 976
613 994
614 239
614 503
614 618
614 870
614 922
614 971
614 993
614 995
614 999
615 189
615 307
615 554
615 786
615 798
615 908
615 957
615 984
615 999
616 464
616 755
616 783
616 934
616 953
616 954
616 970
616 971
616 991
617 279
617 722
617 837
617 907
617 935
617 976
617 990
617 996
617 999
618 164
618 702
618 823
618 850
618 949
618 951
618 975
618 984
618 999
619 683
619 868
619 873
619 965
619 986
619 992
619 993
619 996
619 999
620 615
620 815
620 869
620 902
620 936
620 949
620 988
620 997
620 999
621 229
621 368
621 845
621 884
621 903
621 930
621 979
621 991
621 999
622 336
622 424
622 474
622 584
622 859
622 872
622 984
622 985
622 989
623 224
623 694
623 824
623 868
623 895
623 991
623 992
623 995
623 996
624 31
624 297
624 462
624 908
624 959
624 972
624 976
624 982
624 986
625 195
625 559
625 808
625 928
625 934
625 938
625 941
625 952
625 990
626 721
626 747
626 869
626 896
626 934
626 964
626 972
626 987
626 988
627 581
627 656
627 795
627 936
627 968
627 976
627 987
627 991
627 993
628 744
628 787
628 920
628 943
628 968
628 979
628 987
628 997
628 998
629 137
629 182
629 184
629 751
629 794
629 926
629 947
629 967
629 999
630 117
630 242
630 675
630 963
630 970
630 973
630 974
630 986
630 998
631 97
631 580
631 852
631 861
631 941
631 966
631 972
631 993
631 994
632 675
632 699
632 879
632 939
632 943
632 954
632 965
632 983
632 991
633 628
633 828
633 890
633 919
633 932
633 982
633 985
633 990
633 999
634 208
634 527
634 539
634 974
634 978
634 979
634 995
634 996
634 999
635 775
635 826
635 849
635 896
635 966
635 980
635 995
635 997
635 999
636 258
636 371
636 754
636 851
636 858
636 960
636 985
636 997
636 998
637 189
637 500
637 677
637 713
637 903
637 927
637 988
637 990
637 999
638 456
638 820
638 829
638 842
638 909
638 916
638 956
638 970
638 972
639 601
639 637
639 736
639 783
639 945
639 964
639 981
639 987
639 996
640 177
640 410
640 530
640 643
640 708
640 782
640 992
640 996
640 997
641 130
641 400
641 780
641 837
641 900
641 925
641 944
641 974
641 989
642 327
642 708
642 815
642 900
642 904
642 948
642 968
642 979
642 995
643 430
643 856
643 911
643 938
643 944
643 948
643 981
643 982
643 999
644 467
644 599
644 746
644 762
644 888
644 917
644 918
644 945
644 987
645 452
645 607
645 704
645 761
645 822
645 903
645 979
645 991
645 995
646 653
646 818
646 962
646 964
646 971
646 983
646 990
646 995
646 999
647 490
647 676
647 793
647 916
647 942
647 962
647 964
647 991
647 999
648 14
648 76
648 526
648 856
648 899
648 972
648 973
648 988
648 998
649 244
649 501
649 506
649 508
649 857
649 881
649 889
649 957
649 992
650 133
650 591
650 673
650 767
650 865
650 973
650 993
650 994
650 998
651 288
651 437
651 797
651 838
651 875
651 963
651 973
651 997
651 999
652 466
652 772
652 839
652 858
652 950
652 961
652 971
652 985
652 998
653 186
653 870
653 950
653 952
653 983
653 993
653 994
653 995
653 999
654 177
654 372
654 899
654 934
654 940
654 956
654 963
654 987
654 998
655 417
655 577
655 727
655 796
655 798
655 900
655 952
655 965
655 966
656 490
656 740
656 929
656 934
656 960
656 971
656 992
656 995
656 999
657 43
657 408
657 555
657 591
657 864
657 938
657 963
657 985
657 998
658 351
658 866
658 955
658 963
658 972
658 975
658 982
658 985
658 998
659 740
659 898
659 899
659 941
659 978
659 993
659 994
659 998
659 999
660 226
660 613
660 641
660 677
660 807
660 825
660 913
660 972
660 973
661 574
661 788
661 856
661 885
661 889
661 916
661 929
661 972
661 999
662 507
662 637
662 709
662 753
662 864
662 909
662 981
662 990
662 991
663 46
663 170
663 553
663 847
663 876
663 952
663 968
663 976
663 987
664 94
664 468
664 556
664 782
664 843
664 882
664 944
664 961
664 998
665 614
665 662
665 720
665 760
665 890
665 943
665 950
665 968
665 999
666 667
666 854
666 921
666 973
666 974
666 985
666 996
666 997
666 999
667 292
667 674
667 711
667 804
667 869
667 940
667 958
667 967
667 973
668 507
668 705
668 758
668 918
668 948
668 971
668 975
668 991
668 999
669 169
669 783
669 801
669 823
669 894
669 952
669 953
669 986
669 999
670 256
670 851
670 866
670 876
670 935
670 971
670 985
670 986
670 994
671 506
671 538
671 832
671 923
671 974
671 986
671 992
671 996
671 998
672 675
672 762
672 800
672 817
672 982
672 987
672 990
672 992
672 998
673 536
673 661
673 758
673 781
673 941
673 980
673 994
673 997
673 999
674 556
674 733
674 737
674 822
674 835
674 849
674 986
674 987
674 997
675 46
675 176
675 661
675 738
675 949
675 967
675 977
675 984
675 991
676 688
676 788
676 794
676 817
676 895
676 969
676 979
676 986
676 999
677 87
677 160
677 794
677 962
677 969
677 972
677 978
677 991
677 992
678 44
678 319
678 484
678 558
678 675
678 866
678 931
678 948
678 988
679 591
679 815
679 883
679 950
679 963
679 964
679 979
679 984
679 988
680 8
680 858
680 861
680 955
680 967
680 974
680 975
680 980
680 996
681 216
681 917
681 958
681 973
681 992
681 994
681 995
681 996
681 998
682 226
682 324
682 390
682 404
682 587
682 710
682 838
682 951
682 997
683 652
683 790
683 915
683 920
683 928
683 951
683 973
683 982
683 995
684 485
684 623
684 818
684 913
684 925
684 952
684 964
684 988
684 996
685 445
685 691
685 874
685 904
685 966
685 970
685 987
685 995
685 998
686 187
686 357
686 777
686 930
686 955
686 981
686 989
686 995
686 999
687 649
687 692
687 860
687 867
687 892
687 947
687 971
687 981
687 996
688 388
688 483
688 633
688 763
688 850
688 869
688 906
688 974
688 984
689 61
689 679
689 880
689 907
689 948
689 964
689 965
689 995
689 999
690 782
690 823
690 929
690 952
690 955
690 971
690 988
690 996
690 998
691 550
691 562
691 761
691 784
691 809
691 840
691 917
691 987
691 997
692 276
692 557
692 790
692 860
692 879
692 896
692 958
692 965
692 974
693 457
693 651
693 781
693 830
693 840
693 984
693 988
693 996
693 999
694 171
694 746
694 923
694 984
694 990
694 993
694 994
694 997
694 999
695 878
695 920
695 921
695 925
695 934
695 950
695 951
695 978
695 999
696 36
696 793
696 849
696 858
696 878
696 921
696 970
696 972
696 981
697 37
697 221
697 237
697 610
697 764
697 954
697 988
697 997
697 999
698 19
698 304
698 482
698 712
698 886
698 924
698 942
698 968
698 984
699 398
699 755
699 918
699 949
699 954
699 980
699 995
699 996
699 998
700 697
700 730
700 893
700 921
700 963
700 976
700 977
700 985
700 998
701 52
701 767
701 775
701 876
701 992
701 993
701 996
701 997
701 999
702 280
702 401
702 568
702 931
702 941
702 980
702 982
702 989
702 997
703 121
703 767
703 859
703 884
703 891
703 912
703 918
703 922
703 978
704 110
704 833
704 928
704 941
704 966
704 979
704 986
704 993
704 999
705 673
705 804
705 859
705 889
705 957
705 973
705 990
705 993
705 996
706 232
706 532
706 558
706 670
706 710
706 796
706 803
706 982
706 984
707 403
707 414
707 902
707 913
707 923
707 958
707 996
707 998
707 999
708 251
708 897
708 941
708 953
708 957
708 972
708 976
708 987
708 993
709 341
709 600
709 629
709 700
709 894
709 963
709 970
709 993
709 994
710 216
710 358
710 670
710 814
710 908
710 935
710 965
710 971
710 994
711 666
711 697
711 750
711 770
711 834
711 934
711 978
711 994
711 999
712 67
712 537
712 587
712 944
712 970
712 972
712 977
712 998
712 999
713 45
713 793
713 905
713 950
713 958
713 966
713 974
713 996
713 997
714 0
714 40
714 418
714 663
714 881
714 899
714 987
714 988
714 999
715 272
715 327
715 805
715 866
715 889
715 970
715 971
715 990
715 991
716 434
716 452
716 653
716 868
716 970
716 972
716 989
716 997
716 999
717 159
717 441
717 454
717 548
717 942
717 963
717 970
717 985
717 999
718 511
718 782
718 809
718 945
718 965
718 971
718 975
718 987
718 999
719 83
719 524
719 958
719 967
719 968
719 987
719 989
719 995
719 999
720 446
720 687
720 711
720 789
720 792
720 876
720 894
720 957
720 999
721 134
721 407
721 442
721 696
721 759
721 965
721 970
721 982
721 984
722 624
722 634
722 725
722 897
722 915
722 984
722 993
722 998
722 999
723 391
723 645
723 747
723 924
723 939
723 941
723 947
723 974
723 996
724 567
724 913
724 919
724 933
724 934
724 988
724 994
724 995
724 999
725 126
725 578
725 819
725 871
725 964
725 969
725 975
725 984
725 995
726 642
726 730
726 746
726 799
726 885
726 946
726 983
726 984
726 999
727 834
727 862
727 909
727 951
727 952
727 965
727 976
727 978
727 995
728 776
728 848
728 905
728 910
728 913
728 961
728 969
728 970
728 992
729 66
729 352
729 682
729 738
729 911
729 981
729 992
729 994
729 999
730 39
730 141
730 274
730 436
730 616
730 636
730 705
730 904
730 992
731 329
731 787
731 878
731 919
731 941
731 959
731 984
731 988
731 993
732 188
732 400
732 497
732 506
732 918
732 961
732 978
732 986
732 999
733 599
733 870
733 875
733 945
733 961
733 975
733 978
733 998
733 999
734 746
734 832
734 882
734 931
734 954
734 955
734 982
734 993
734 997
735 654
735 779
735 917
735 934
735 946
735 962
735 977
735 992
735 999
736 33
736 397
736 888
736 919
736 956
736 982
736 984
736 987
736 998
737 752
737 849
737 949
737 951
737 966
737 973
737 988
737 996
737 997
738 241
738 753
738 921
738 937
738 942
738 953
738 992
738 995
738 999
739 161
739 686
739 747
739 806
739 944
739 952
739 963
739 974
739 992
740 191
740 706
740 841
740 875
740 880
740 933
740 935
740 977
740 999
741 566
741 622
741 669
741 715
741 884
741 924
741 940
741 946
741 999
742 651
742 793
742 914
742 934
742 979
742 980
742 996
742 998
742 999
743 77
743 432
743 440
743 838
743 880
743 917
743 947
743 966
743 991
744 196
744 237
744 326
744 514
744 875
744 899
744 900
744 967
744 995
745 378
745 508
745 513
745 560
745 614
745 976
745 986
745 996
745 999
746 374
746 409
746 715
746 872
746 916
746 939
746 972
746 995
746 999
747 212
747 218
747 455
747 762
747 922
747 947
747 958
747 967
747 984
748 35
748 498
748 535
748 677
748 769
748 819
748 880
748 885
748 973
749 562
749 585
749 818
749 929
749 954
749 976
749 988
749 996
749 999
750 400
750 663
750 876
750 899
750 902
750 930
750 935
750 980
750 999
751 737
751 855
751 856
751 876
751 959
751 961
751 983
751 985
751 996
752 126
752 841
752 897
752 945
752 946
752 961
752 969
752 983
752 986
753 372
753 868
753 903
753 988
753 991
753 993
753 994
753 997
753 999
754 22
754 68
754 911
754 923
754 935
754 969
754 981
754 990
754 999
755 23
755 565
755 824
755 874
755 898
755 912
755 989
755 997
755 998
756 484
756 906
756 971
756 984
756 987
756 991
756 994
756 996
756 999
757 258
757 610
757 788
757 791
757 974
757 981
757 986
757 989
757 994
758 93
758 499
758 842
758 932
758 962
758 986
758 995
758 997
758 999
759 131
759 433
759 533
759 737
759 836
759 947
759 960
759 989
759 997
760 64
760 411
760 514
760 947
760 950
760 961
760 979
760 981
760 999
761 490
761 717
761 854
761 877
761 930
761 968
761 978
761 986
761 993
762 449
762 488
762 797
762 889
762 932
762 948
762 975
762 998
762 999
763 363
763 422
763 685
763 745
763 781
763 990
763 991
763 997
763 998
764 691
764 733
764 920
764 953
764 955
764 969
764 977
764 980
764 989
765 113
765 409
765 436
765 707
765 877
765 964
765 974
765 982
765 999
766 444
766 610
766 625
766 869
766 920
766 964
766 966
766 980
766 991
767 247
767 374
767 427
767 711
767 777
767 893
767 955
767 968
767 980
768 181
768 487
768 528
768 886
768 959
768 963
768 993
768 995
768 999
769 65
769 774
769 845
769 865
769 945
769 952
769 983
769 987
769 998
770 386
770 573
770 818
770 861
770 897
770 905
770 909
770 933
770 982
771 282
771 820
771 861
771 898
771 916
771 938
771 996
771 997
771 998
772 416
772 496
772 625
772 695
772 896
772 914
772 981
772 989
772 999
773 98
773 450
773 533
773 939
773 953
773 964
773 980
773 991
773 994
774 128
774 443
774 819
774 888
774 931
774 949
774 969
774 986
774 995
775 500
775 780
775 824
775 831
775 930
775 983
775 989
775 993
775 999
776 846
776 884
776 890
776 920
776 969
776 980
776 984
776 992
776 997
777 503
777 595
777 859
777 904
777 929
777 933
777 963
777 986
777 995
778 305
778 789
778 866
778 906
778 946
778 983
778 985
778 986
778 998
779 193
779 501
779 594
779 630
779 777
779 805
779 915
779 964
779 984
780 754
780 772
780 954
780 958
780 981
780 986
780 987
780 988
780 999
781 147
781 743
781 851
781 950
781 958
781 961
781 987
781 998
781 999
782 407
782 540
782 545
782 641
782 771
782 887
782 940
782 984
782 993
783 99
783 355
783 681
783 691
783 744
783 928
783 935
783 998
783 999
784 95
784 334
784 789
784 884
784 905
784 976
784 981
784 988
784 999
785 45
785 252
785 769
785 802
785 956
785 971
785 975
785 986
785 997
786 204
786 633
786 714
786 891
786 906
786 967
786 992
786 996
786 999
787 193
787 235
787 547
787 662
787 803
787 881
787 993
787 998
787 999
788 180
788 456
788 848
788 898
788 954
788 960
788 988
788 989
788 999
789 350
789 426
789 642
789 781
789 925
789 960
789 991
789 998
789 999
790 291
790 353
790 419
790 544
790 625
790 748
790 811
790 829
790 851
791 422
791 567
791 595
791 927
791 930
791 959
791 983
791 988
791 999
792 655
792 681
792 716
792 723
792 726
792 859
792 940
792 948
792 975
793 137
793 771
793 917
793 956
793 977
793 978
793 983
793 994
793 999
794 223
794 236
794 438
794 912
794 977
794 985
794 995
794 997
794 999
795 386
795 565
795 578
795 593
795 883
795 966
795 978
795 988
795 991
796 23
796 330
796 710
796 907
796 911
796 920
796 961
796 968
796 992
797 871
797 895
797 925
797 964
797 977
797 988
797 992
797 998
797 999
798 887
798 917
798 922
798 936
798 968
798 979
798 992
798 997
798 999
799 123
799 264
799 550
799 895
799 923
799 941
799 980
799 988
799 999
800 515
800 597
800 687
800 769
800 792
800 832
800 910
800 915
800 992
801 236
801 300
801 882
801 932
801 944
801 952
801 987
801 989
801 996
802 668
802 682
802 825
802 834
802 879
802 971
802 981
802 984
802 998
803 249
803 432
803 682
803 925
803 934
803 988
803 990
803 995
803 999
804 1
804 261
804 704
804 891
804 941
804 982
804 990
804 998
804 999
805 246
805 679
805 768
805 906
805 936
805 956
805 960
805 967
805 971
806 591
806 728
806 758
806 909
806 917
806 967
806 979
806 986
806 996
807 214
807 468
807 759
807 814
807 842
807 861
807 950
807 984
807 990
808 428
808 585
808 817
808 823
808 928
808 967
808 985
808 994
808 999
809 832
809 890
809 909
809 912
809 959
809 967
809 992
809 996
810 110
810 112
810 481
810 516
810 887
810 972
810 992
810 999
811 846
811 877
811 983
811 987
811 989
811 991
811 993
811 999
812 645
812 804
812 846
812 902
812 945
812 976
812 984
812 995
813 7
813 827
813 901
813 966
813 979
813 985
813 991
813 994
814 16
814 55
814 373
814 408
814 632
814 987
814 990
814 999
815 183
815 732
815 918
815 969
815 984
815 993
815 994
815 999
816 80
816 349
816 596
816 718
816 948
816 960
816 968
816 994
817 659
817 678
817 929
817 977
817 978
817 981
817 988
817 994
818 798
818 850
818 894
818 974
818 981
818 992
818 996
818 999
819 420
819 690
819 704
819 710
819 916
819 945
819 978
819 996
820 916
820 948
820 966
820 974
820 983
820 991
820 994
820 998
821 248
821 402
821 598
821 662
821 795
821 801
821 984
821 993
822 96
822 279
822 889
822 927
822 947
822 971
822 996
822 999
823 146
823 825
823 879
823 884
823 901
823 933
823 965
823 999
824 528
824 878
824 919
824 980
824 982
824 993
824 994
824 999
825 380
825 873
825 904
825 925
825 970
825 972
825 983
825 997
826 230
826 660
826 873
826 969
826 989
826 990
826 995
826 999
827 396
827 499
827 577
827 693
827 957
827 984
827 997
827 999
828 620
828 627
828 796
828 863
828 874
828 884
828 975
828 997
829 795
829 892
829 934
829 975
829 979
829 987
829 998
829 999
830 11
830 580
830 692
830 925
830 962
830 972
830 985
830 999
831 307
831 432
831 443
831 450
831 807
831 938
831 957
831 995
832 674
832 799
832 914
832 964
832 987
832 995
832 998
832 999
833 672
833 808
833 816
833 919
833 976
833 983
833 987
833 988
834 522
834 595
834 863
834 897
834 926
834 995
834 996
834 999
835 460
835 475
835 894
835 923
835 940
835 994
835 995
835 999
836 735
836 933
836 943
836 966
836 973
836 982
836 993
836 999
837 228
837 355
837 916
837 930
837 934
837 937
837 942
837 982
838 339
838 760
838 798
838 889
838 905
838 982
838 983
838 994
839 582
839 597
839 639
839 779
839 926
839 950
839 994
839 999
840 521
840 817
840 828
840 866
840 918
840 991
840 994
840 999
841 487
841 593
841 701
841 709
841 857
841 919
841 942
841 999
842 107
842 340
842 924
842 932
842 936
842 940
842 946
842 976
843 603
843 653
843 842
843 947
843 986
843 988
843 992
843 999
844 801
844 916
844 923
844 961
844 980
844 989
844 998
844 999
845 275
845 507
845 667
845 726
845 735
845 837
845 868
845 999
846 672
846 839
846 892
846 911
846 968
846 994
846 997
846 999
847 280
847 844
847 888
847 966
847 983
847 991
847 992
847 999
848 868
848 887
848 926
848 933
848 954
848 961
848 990
848 993
849 385
849 544
849 811
849 864
849 966
849 974
849 991
849 999
850 135
850 806
850 949
850 957
850 971
850 973
850 998
850 999
851 175
851 214
851 722
851 901
851 916
851 980
851 997
851 999
852 249
852 388
852 640
852 676
852 747
852 940
852 963
852 985
853 346
853 752
853 879
853 950
853 965
853 980
853 997
853 998
854 385
854 386
854 844
854 977
854 981
854 993
854 994
854 997
855 122
855 206
855 762
855 814
855 876
855 915
855 916
855 976
856 391
856 813
856 897
856 911
856 967
856 974
856 977
856 990
857 528
857 659
857 731
857 831
857 979
857 987
857 990
857 998
858 152
858 342
858 869
858 875
858 879
858 975
858 978
858 998
859 138
859 373
859 449
859 467
859 853
859 957
859 974
859 996
860 17
860 684
860 750
860 783
860 838
860 871
860 928
860 991
861 757
861 850
861 896
861 903
861 931
861 992
861 996
861 999
862 178
862 587
862 758
862 907
862 937
862 948
862 950
862 991
863 758
863 889
863 937
863 942
863 950
863 988
863 997
863 999
864 688
864 905
864 914
864 958
864 959
864 987
864 990
864 997
865 235
865 470
865 860
865 942
865 946
865 982
865 991
865 995
866 71
866 443
866 752
866 911
866 951
866 952
866 978
866 990
867 269
867 792
867 844
867 928
867 958
867 973
867 990
867 994
868 810
868 909
868 967
868 969
868 985
868 993
868 995
868 996
869 413
869 434
869 594
869 693
869 937
869 953
869 968
869 997
870 132
870 537
870 789
870 922
870 992
870 995
870 997
870 999
871 744
871 833
871 852
871 911
871 966
871 976
871 977
871 993
872 303
872 754
872 974
872 980
872 983
872 988
872 994
872 999
873 257
873 572
873 742
873 981
873 983
873 989
873 995
873 999
874 421
874 857
874 953
874 963
874 964
874 968
874 984
874 987
875 698
875 761
875 843
875 907
875 976
875 980
875 995
875 997
876 289
876 345
876 513
876 732
876 922
876 977
876 989
876 998
877 298
877 666
877 856
877 905
877 964
877 971
877 989
877 999
878 502
878 523
878 830
878 867
878 891
878 988
878 995
878 997
879 77
879 826
879 854
879 885
879 989
879 990
879 994
879 999
880 147
880 584
880 816
880 837
880 846
880 978
880 982
880 994
881 697
881 882
881 959
881 975
881 978
881 980
881 997
881 999
882 125
882 489
882 543
882 700
882 878
882 913
882 950
882 999
883 93
883 394
883 816
883 843
883 907
883 959
883 990
883 992
884 105
884 224
884 517
884 718
884 930
884 965
884 984
884 993
885 133
885 436
885 548
885 855
885 930
885 951
885 959
885 979
886 88
886 617
886 706
886 948
886 982
886 997
886 998
886 999
887 544
887 640
887 758
887 912
887 919
887 958
887 970
887 999
888 222
888 974
888 976
888 986
888 988
888 990
888 991
888 999
889 514
889 606
889 870
889 967
889 969
889 973
889 994
889 997
890 476
890 725
890 846
890 908
890 987
890 992
890 997
890 999
891 256
891 270
891 331
891 415
891 831
891 959
891 965
891 968
892 84
892 87
892 198
892 686
892 763
892 983
892 997
892 999
893 536
893 597
893 729
893 849
893 969
893 979
893 980
893 997
894 359
894 403
894 720
894 815
894 840
894 870
894 971
894 999
895 170
895 799
895 955
895 975
895 976
895 982
895 983
895 999
896 606
896 792
896 927
896 964
896 987
896 989
896 998
896 999
897 569
897 684
897 891
897 907
897 920
897 979
897 994
897 999
898 486
898 592
898 924
898 942
898 965
898 969
898 977
898 983
899 632
899 858
899 943
899 964
899 977
899 987
899 993
899 998
900 592
900 795
900 931
900 952
900 987
900 988
900 990
900 999
901 123
901 466
901 696
901 845
901 904
901 914
901 986
901 999
902 414
902 727
902 897
902 924
902 932
902 973
902 986
902 999
903 148
903 458
903 733
903 949
903 967
903 994
903 998
903 999
904 56
904 152
904 551
904 927
904 966
904 976
904 996
904 997
905 149
905 267
905 687
905 981
905 989
905 992
905 996
905 999
906 385
906 799
906 830
906 907
906 941
906 949
906 977
906 994
907 864
907 942
907 968
907 983
907 987
907 995
907 997
907 998
908 650
908 664
908 898
908 918
908 946
908 951
908 982
908 999
909 317
909 770
909 965
909 975
909 986
909 992
909 994
909 996
910 419
910 520
910 970
910 987
910 990
910 993
910 998
910 999
911 157
911 576
911 941
911 973
911 983
911 993
911 997
911 999
912 770
912 848
912 941
912 964
912 982
912 984
912 987
912 999
913 39
913 666
913 784
913 809
913 889
913 969
913 984
913 996
914 259
914 588
914 602
914 707
914 980
914 981
914 997
914 999
915 887
915 912
915 953
915 985
915 989
915 991
915 995
915 999
916 505
916 510
916 745
916 749
916 944
916 988
916 992
916 997
917 163
917 585
917 833
917 927
917 948
917 964
917 991
917 997
918 392
918 519
918 647
918 868
918 923
918 932
918 974
918 999
919 154
919 579
919 880
919 893
919 903
919 951
919 953
919 993
920 495
920 756
920 870
920 922
920 949
920 966
920 972
920 984
921 358
921 567
921 636
921 700
921 943
921 980
921 985
921 988
922 10
922 348
922 909
922 947
922 988
922 995
922 997
922 999
923 612
923 751
923 924
923 968
923 982
923 995
923 997
923 999
924 785
924 898
924 917
924 968
924 981
924 994
924 995
924 998
925 439
925 832
925 839
925 918
925 964
925 966
925 979
925 989
926 460
926 478
926 522
926 611
926 786
926 900
926 929
926 960
927 584
927 678
927 828
927 894
927 897
927 919
927 982
927 996
928 127
928 854
928 881
928 922
928 926
928 967
928 992
928 996
929 19
929 166
929 210
929 833
929 926
929 962
929 967
929 981
930 109
930 529
930 645
930 677
930 844
930 963
930 986
930 992
931 3
931 453
931 664
931 944
931 967
931 970
931 973
931 998
932 612
932 653
932 785
932 847
932 851
932 961
932 970
932 995
933 749
933 887
933 968
933 972
933 979
933 992
933 998
933 999
934 700
934 717
934 750
934 823
934 855
934 970
934 978
934 986
935 755
935 943
935 946
935 951
935 957
935 976
935 985
935 998
936 665
936 733
936 907
936 913
936 949
936 950
936 955
936 999
937 472
937 579
937 865
937 902
937 922
937 953
937 986
937 995
938 781
938 882
938 961
938 976
938 979
938 993
938 996
938 999
939 593
939 680
939 809
939 897
939 937
939 948
939 963
939 980
940 562
940 641
940 692
940 937
940 973
940 988
940 996
940 999
941 479
941 702
941 800
941 824
941 888
941 907
941 994
941 998
942 174
942 185
942 496
942 657
942 847
942 853
942 896
942 964
943 538
943 665
943 767
943 965
943 969
943 990
943 995
943 999
944 223
944 771
944 904
944 908
944 935
944 947
944 991
944 999
945 120
945 735
945 871
945 964
945 965
945 986
945 996
945 998
946 421
946 721
946 757
946 792
946 952
946 982
946 983
946 995
947 760
947 802
947 926
947 928
947 967
947 978
947 980
947 999
948 208
948 213
948 375
948 873
948 927
948 958
948 982
948 998
949 561
949 811
949 859
949 908
949 942
949 953
949 996
949 998
950 729
950 863
950 881
950 885
950 894
950 943
950 996
950 997
951 75
951 353
951 766
951 904
951 979
951 987
951 990
951 999
952 600
952 686
952 721
952 828
952 836
952 937
952 995
952 996
953 92
953 192
953 228
953 275
953 763
953 831
953 914
953 992
954 368
954 717
954 790
954 848
954 968
954 975
954 984
954 998
955 570
955 640
955 764
955 812
955 878
955 886
955 904
955 994
956 265
956 685
956 811
956 830
956 854
956 941
956 977
956 989
957 119
957 374
957 921
957 946
957 983
957 988
957 996
957 999
958 619
958 757
958 964
958 972
958 990
958 993
958 996
958 999
959 57
959 364
959 767
959 830
959 919
959 995
959 997
959 999
960 908
960 948
960 985
960 986
960 989
960 995
960 998
960 999
961 43
961 715
961 833
961 943
961 950
961 979
961 980
961 986
962 874
962 882
962 901
962 926
962 933
962 966
962 968
962 999
963 832
963 892
963 978
963 983
963 991
963 993
963 994
963 999
964 343
964 899
964 955
964 969
964 983
964 987
964 995
964 999
965 62
965 479
965 545
965 570
965 841
965 869
965 877
965 978
966 130
966 203
966 461
966 811
966 910
966 979
966 981
966 999
967 220
967 666
967 822
967 873
967 895
967 912
967 940
967 974
968 47
968 632
968 882
968 900
968 936
968 949
968 982
968 991
969 483
969 608
969 850
969 974
969 978
969 980
969 994
969 997
970 567
970 848
970 887
970 949
970 973
970 981
970 990
970 999
971 504
971 652
971 923
971 961
971 967
971 989
971 991
971 999
972 201
972 542
972 837
972 878
972 943
972 954
972 968
972 999
973 576
973 708
973 924
973 928
973 936
973 996
973 997
973 999
974 431
974 651
974 844
974 940
974 988
974 991
974 996
974 999
975 869
975 944
975 957
975 960
975 987
975 989
975 994
975 996
976 103
976 745
976 759
976 920
976 994
976 996
976 997
976 999
977 797
977 912
977 960
977 975
977 980
977 992
977 995
977 999
978 493
978 494
978 534
978 608
978 781
978 793
978 994
978 995
979 470
979 930
979 951
979 953
979 965
979 985
979 994
979 999
980 263
980 742
980 788
980 967
980 993
980 994
980 997
980 998
981 308
981 319
981 914
981 933
981 968
981 988
981 993
981 995
982 311
982 597
982 790
982 968
982 972
982 991
982 995
982 999
983 128
983 694
983 849
983 924
983 988
983 993
983 996
983 999
984 346
984 615
984 674
984 689
984 899
984 972
984 991
984 993
985 736
985 801
985 906
985 946
985 948
985 974
985 975
985 999
986 312
986 526
986 628
986 752
986 805
986 898
986 975
986 999
987 168
987 521
987 931
987 951
987 977
987 980
987 992
987 999
988 734
988 877
988 922
988 959
988 977
988 978
988 984
988 995
989 54
989 724
989 894
989 923
989 983
989 996
989 997
989 999
990 570
990 728
990 883
990 963
990 976
990 977
990 984
990 999
991 416
991 455
991 526
991 756
991 796
991 927
991 997
991 999
992 89
992 553
992 795
992 973
992 995
992 996
992 997
992 999
993 493
993 914
993 959
993 963
993 978
993 994
993 995
993 999
994 345
994 543
994 650
994 775
994 941
994 989
994 995
994 999
995 151
995 169
995 491
995 546
995 586
995 914
995 976
995 999
996 728
996 865
996 973
996 974
996 991
996 992
996 995
996 997
997 5
997 749
997 881
997 907
997 968
997 976
997 995
997 999
998 678
998 789
998 858
998 899
998 975
998 981
998 997
998 999
999 875
999 961
999 974
999 984
999 985
999 988
999 990
999 997
