0 716
0 782
0 577
0 314
0 625
0 436
1 106
1 173
1 437
1 61
1 288
1 183
1 967
2 699
2 819
2 883
3 646
3 989
3 136
3 737
4 846
4 524
4 935
4 589
4 109
5 519
5 263
5 780
5 590
5 932
5 709
6 715
6 966
6 375
6 7
6 275
6 978
6 362
7 323
7 551
7 282
7 21
7 770
7 540
7 387
7 463
7 661
7 744
7 454
7 652
7 643
7 670
7 302
7 728
7 433
7 758
7 605
7 171
7 715
7 245
7 725
7 258
7 15
7 980
7 234
7 938
7 966
7 402
7 839
7 248
7 547
7 568
7 523
7 537
7 976
7 327
7 621
7 543
7 892
7 617
7 42
7 742
7 883
7 828
7 890
8 553
8 481
8 925
8 986
8 756
9 634
9 174
9 209
10 181
10 376
10 616
10 112
10 128
10 180
10 988
10 538
10 362
11 626
11 218
11 525
11 601
11 860
12 163
12 124
12 227
12 866
12 603
12 203
13 136
13 110
13 456
13 189
13 675
13 28
13 46
14 181
14 579
15 670
15 155
15 465
15 873
15 652
15 43
15 596
16 941
16 879
16 67
16 876
16 403
16 508
16 790
17 674
17 659
17 750
17 976
17 139
18 687
18 769
18 302
18 932
18 315
19 273
19 890
19 399
19 150
19 834
19 83
19 362
20 847
20 64
20 132
20 424
21 551
21 145
21 547
21 725
22 802
22 779
22 254
22 362
23 278
23 553
23 259
23 606
23 296
24 137
24 84
24 904
24 287
24 871
24 236
25 703
25 766
25 583
25 391
25 717
25 768
25 576
25 742
25 331
25 216
25 504
25 862
25 518
25 326
25 206
25 513
25 72
25 931
25 255
25 712
25 473
26 197
26 417
26 157
26 394
26 926
27 586
27 249
27 139
27 691
27 196
27 223
28 176
28 46
28 532
28 525
28 937
28 456
28 215
29 287
29 303
29 887
29 561
29 366
30 558
30 578
30 339
31 154
31 91
31 395
31 593
32 578
32 199
32 799
32 140
32 812
33 799
33 42
33 312
33 313
33 813
33 53
34 229
34 228
34 691
35 775
35 267
35 546
35 589
35 389
36 395
36 783
36 832
36 604
37 965
37 204
37 989
37 260
37 957
37 710
38 86
38 147
38 66
39 528
39 530
39 349
39 812
39 346
40 827
40 256
40 350
40 72
40 267
40 861
40 771
40 384
40 331
40 41
40 824
40 589
41 290
41 921
41 495
41 68
41 862
41 751
41 754
43 787
43 151
43 836
43 536
43 542
43 720
43 287
43 126
43 150
44 330
44 368
44 638
44 195
44 529
44 541
44 854
44 674
44 83
44 107
44 654
44 926
45 779
45 802
45 351
45 760
46 862
46 285
46 512
46 189
46 863
46 144
46 482
46 668
47 305
47 237
47 580
47 499
48 773
48 276
48 562
48 199
48 610
49 805
49 141
49 326
49 597
49 206
49 295
49 279
49 287
49 216
50 595
50 812
51 293
51 552
52 603
52 582
52 650
52 678
52 285
52 55
52 589
52 739
53 316
53 771
53 589
54 427
54 553
54 438
54 530
54 985
54 986
55 909
55 589
55 267
55 633
55 108
55 72
55 582
55 945
55 580
55 138
56 181
56 208
56 855
56 986
56 470
56 485
57 300
57 565
57 340
58 274
58 922
58 748
58 346
58 144
59 293
59 973
59 498
60 91
60 829
60 395
60 277
61 155
61 145
61 658
61 969
62 827
62 317
62 186
63 589
63 550
63 214
63 232
64 491
64 668
65 634
65 450
65 981
65 76
65 83
66 277
66 948
66 856
66 136
66 710
67 320
67 470
67 370
67 334
67 443
67 295
68 733
68 395
69 346
69 765
69 886
69 858
69 883
70 393
70 314
70 375
70 83
70 926
71 368
71 644
71 362
71 367
71 379
71 505
72 698
73 263
73 553
74 315
74 858
74 114
74 951
75 385
75 546
76 618
76 138
76 736
76 798
76 81
76 911
76 155
76 780
76 83
76 304
76 362
77 261
77 526
77 315
77 590
77 932
77 985
77 756
77 467
77 695
78 175
78 585
78 409
79 786
79 550
79 125
80 299
80 300
80 258
80 293
81 797
81 911
81 919
81 511
81 347
81 101
81 362
81 926
81 485
82 83
82 596
82 362
83 933
83 399
83 505
83 798
83 450
83 736
83 101
83 955
83 138
83 507
83 529
83 150
83 911
83 94
83 960
83 859
83 890
83 620
83 195
83 129
83 169
83 907
83 905
83 874
83 654
83 979
83 596
83 235
83 607
83 378
83 844
83 407
83 379
83 695
83 796
83 555
83 485
83 368
83 573
83 696
83 455
83 673
83 511
83 926
83 197
83 931
83 157
83 393
83 593
83 406
83 864
83 493
83 777
83 645
83 304
83 107
83 386
83 417
83 268
83 284
83 995
83 509
83 353
83 963
83 638
83 362
83 149
83 630
83 273
83 949
83 644
83 781
83 372
83 312
83 231
83 473
83 510
83 520
83 319
83 985
83 512
83 164
83 671
83 576
83 315
83 991
83 922
83 121
83 525
83 640
83 581
83 592
84 788
84 435
84 121
84 441
85 521
85 315
85 883
85 899
85 951
86 550
86 959
86 514
86 210
86 726
86 225
87 296
87 297
87 810
87 315
87 88
87 146
87 522
87 349
87 866
87 462
87 883
87 382
88 570
88 899
89 584
89 97
89 111
89 626
89 101
90 344
90 636
90 398
90 528
90 354
90 115
91 751
91 291
91 364
91 889
91 486
92 122
92 131
93 727
93 606
93 425
94 596
94 101
94 654
94 362
95 589
95 611
95 99
96 426
96 341
96 420
96 609
96 530
96 707
96 403
97 373
97 374
97 601
97 962
97 997
98 895
98 452
98 720
98 205
99 589
99 369
99 524
99 861
99 633
99 330
99 135
100 780
100 277
100 590
100 211
100 986
100 756
101 362
101 905
101 960
102 902
102 666
102 866
103 615
103 575
104 418
104 156
104 698
105 444
105 128
105 190
105 975
106 669
106 745
107 695
107 314
107 362
108 603
108 611
108 118
108 873
108 384
109 603
109 385
109 646
110 191
110 201
110 942
110 456
110 467
110 213
110 215
111 722
111 445
111 367
112 289
112 128
113 912
113 548
113 500
113 154
114 822
114 315
114 883
114 880
114 466
115 964
115 354
115 922
115 651
116 849
116 883
116 472
117 719
117 231
117 166
118 603
119 845
119 581
119 757
119 731
120 622
121 545
121 887
121 287
121 237
121 247
121 236
122 706
122 721
122 784
122 526
123 902
124 465
124 165
124 556
125 701
125 223
125 228
126 943
126 726
127 895
127 380
127 873
128 190
128 703
128 830
129 190
129 382
129 157
129 694
129 362
130 269
130 639
130 741
130 186
130 647
130 151
130 945
130 483
131 292
131 698
131 721
131 242
131 590
132 342
132 847
132 392
132 591
132 196
133 850
133 521
133 883
134 785
134 640
134 370
134 686
134 964
135 751
135 697
135 575
135 346
135 371
135 184
135 662
136 527
136 209
136 219
136 821
136 737
136 740
136 214
136 763
136 458
136 225
136 965
136 550
136 204
136 698
136 757
136 360
137 166
137 602
137 867
137 634
137 201
137 686
138 845
138 314
138 362
138 926
139 388
139 668
139 926
140 412
140 451
140 362
140 485
141 391
142 576
142 950
142 418
143 514
143 763
143 324
143 996
144 619
144 354
144 615
144 660
144 893
145 434
145 956
145 183
145 408
145 905
145 860
146 382
146 899
147 550
148 888
148 699
148 294
148 745
149 681
149 362
149 926
150 791
150 630
150 656
150 596
150 709
150 926
151 536
152 813
152 286
152 665
152 435
152 228
153 878
153 953
153 463
154 269
154 741
154 639
154 548
154 912
154 160
154 166
154 255
155 728
155 415
156 278
156 680
157 197
157 330
157 562
157 314
157 362
157 926
158 333
158 186
158 912
158 492
158 936
159 443
159 542
159 200
160 451
160 241
161 276
161 812
161 562
161 763
162 672
162 972
162 691
162 223
163 902
163 802
164 992
164 724
164 395
165 735
165 754
165 520
166 822
166 577
166 327
166 789
166 730
166 489
166 930
166 732
166 921
166 554
166 676
166 395
166 927
166 495
166 580
167 463
167 344
167 964
168 924
168 430
168 421
168 332
168 720
168 283
168 682
168 521
168 796
169 428
169 223
169 926
169 987
170 916
170 250
171 918
171 870
172 525
172 265
172 482
172 529
173 878
173 714
173 953
173 534
173 437
173 745
174 857
174 697
175 751
175 689
175 946
176 532
176 215
177 653
177 681
177 755
177 274
177 196
177 223
178 937
178 372
178 697
179 631
179 947
179 494
179 819
180 440
180 579
180 711
180 784
180 598
181 893
181 190
181 703
181 324
182 520
182 681
184 346
184 354
185 539
185 722
185 929
186 937
186 820
186 255
186 230
186 733
186 745
187 632
187 346
188 266
188 328
188 899
188 367
189 712
189 525
189 688
190 365
190 855
190 693
190 440
190 975
190 376
190 202
190 703
190 878
190 338
191 456
192 346
192 615
192 553
193 679
193 923
193 682
194 434
194 914
195 255
195 792
195 443
195 304
195 362
196 230
196 560
196 229
196 691
196 385
196 874
196 506
197 423
197 970
198 937
198 945
198 483
198 452
200 633
200 534
200 409
200 950
200 836
200 778
201 328
201 842
201 359
201 314
202 266
202 432
203 710
203 831
203 246
204 550
205 535
205 552
205 498
205 745
206 374
206 267
206 445
207 520
207 691
207 944
207 514
207 223
208 855
209 550
209 225
210 514
210 550
210 903
211 793
211 590
211 780
211 243
211 906
211 308
211 777
212 261
212 460
212 484
212 715
213 285
213 512
213 478
213 394
214 710
214 585
215 456
215 467
215 482
215 515
215 942
215 468
215 265
215 981
215 688
215 599
215 226
215 759
215 557
215 237
215 748
215 958
215 830
215 919
216 504
216 827
217 900
217 534
218 585
219 550
219 563
219 397
220 615
220 964
221 491
221 933
222 603
222 668
222 675
222 853
223 586
223 539
223 424
223 502
223 925
223 704
223 707
223 434
224 968
224 288
224 872
224 746
224 748
225 817
225 903
225 821
225 900
225 571
225 411
226 253
226 599
226 729
227 604
228 668
228 933
228 745
229 520
229 681
229 691
229 994
230 820
230 374
231 730
231 751
231 927
231 427
231 725
232 277
232 590
232 477
232 499
233 690
233 235
233 362
234 870
234 433
234 264
234 435
234 458
235 673
235 362
235 987
235 485
236 840
236 887
236 262
236 441
236 816
236 952
237 812
237 459
237 287
237 580
238 920
238 791
238 259
238 443
238 586
239 517
239 994
240 259
240 859
241 647
241 617
242 698
243 553
243 590
243 986
244 483
244 443
244 287
244 580
244 499
244 485
245 873
245 712
246 604
246 535
246 498
246 955
247 805
247 768
247 315
248 338
248 770
248 265
248 697
248 391
249 520
249 847
249 668
249 445
249 752
250 453
250 847
251 897
251 647
251 650
251 957
252 571
252 655
253 589
253 384
253 909
253 684
253 385
253 775
253 712
253 984
254 789
254 518
254 374
254 576
254 766
254 487
254 564
254 701
255 936
256 678
256 603
256 377
256 771
257 706
257 659
257 278
257 666
257 698
258 463
258 387
258 568
258 712
258 643
258 905
258 847
258 673
259 609
259 920
259 306
259 446
259 294
259 336
259 510
259 416
259 508
259 307
259 806
259 422
259 461
259 415
260 821
260 449
260 817
260 974
260 795
261 438
261 507
261 590
261 460
262 860
262 801
262 994
262 309
263 477
263 277
264 716
264 570
264 883
264 382
265 508
265 818
265 718
266 613
267 603
267 589
268 374
268 362
268 488
269 679
269 381
269 451
269 594
269 897
270 805
270 656
270 314
270 362
271 659
271 706
272 302
272 448
272 566
272 403
272 917
272 443
273 362
273 485
274 622
274 348
274 826
274 901
275 725
276 812
276 800
276 558
276 488
276 442
277 723
277 705
277 553
277 477
277 484
277 756
277 932
277 541
277 986
278 698
278 706
278 721
279 778
279 760
279 815
279 829
279 775
279 589
280 871
280 407
280 362
281 930
281 400
281 461
281 825
281 427
282 870
282 433
282 304
283 534
283 924
283 409
283 950
283 527
283 923
283 421
284 673
284 362
284 367
285 532
285 482
285 512
285 468
285 689
285 729
285 547
285 346
286 292
287 499
287 747
287 795
287 790
287 594
287 574
287 295
288 473
288 303
288 326
289 693
289 803
289 365
289 988
289 836
290 719
290 732
290 710
291 730
291 778
291 760
291 642
291 719
291 956
291 927
292 910
292 665
292 698
293 535
293 559
293 831
293 303
293 582
294 792
294 797
294 443
295 804
295 717
295 971
295 554
295 374
296 883
297 517
297 837
297 624
297 729
297 858
297 883
297 382
298 355
298 320
298 443
298 508
299 816
299 464
299 340
300 340
300 447
301 620
301 555
301 941
301 362
301 926
301 485
302 540
302 670
302 744
302 758
302 715
303 614
304 654
304 362
304 485
305 517
305 790
305 591
305 788
305 954
305 822
305 994
305 960
306 700
306 443
307 385
307 402
307 917
307 957
308 795
308 994
309 773
309 561
309 362
310 830
310 806
311 662
311 612
311 466
311 619
311 615
311 392
311 346
311 632
311 648
312 855
312 716
312 751
312 993
312 429
312 471
312 393
312 457
313 562
313 474
314 781
314 511
314 694
314 952
314 386
314 690
314 905
314 696
314 534
314 984
314 869
314 362
315 521
315 810
315 880
315 570
315 349
315 809
316 760
316 429
316 789
316 992
316 921
316 996
317 820
317 572
317 635
317 897
317 902
318 751
318 489
319 519
319 582
319 603
320 567
320 494
320 352
320 957
321 776
321 553
321 985
321 477
322 457
322 824
322 589
323 770
323 362
324 631
324 842
324 634
324 640
325 833
325 835
325 580
325 734
325 994
325 499
326 518
326 618
327 815
328 418
328 935
328 634
328 551
328 857
328 697
328 946
329 845
329 335
329 377
329 883
330 362
331 548
331 513
332 649
332 439
332 923
333 753
333 724
334 465
334 374
334 476
335 570
335 899
335 757
336 791
336 403
336 443
336 998
337 741
337 753
337 381
337 483
338 652
338 712
338 721
339 746
339 348
339 604
340 558
340 562
340 595
340 528
340 358
340 575
340 883
341 577
341 791
341 403
341 428
342 812
342 595
343 410
343 867
343 851
343 628
343 372
343 634
343 418
344 869
344 346
345 486
345 684
345 395
346 466
346 660
346 636
346 623
346 398
346 922
346 575
346 567
346 399
346 964
347 843
347 785
347 418
347 757
350 589
350 603
350 861
350 362
351 928
351 654
352 422
353 736
353 366
355 610
355 403
355 443
355 926
356 611
356 909
356 871
357 427
357 539
357 691
358 812
358 562
358 447
359 531
360 916
360 698
360 721
360 553
360 906
360 362
361 815
361 822
361 395
362 555
362 596
362 367
362 919
362 874
362 960
362 505
362 673
362 393
362 573
362 963
362 955
362 620
362 777
362 654
362 541
362 417
362 493
362 695
362 796
362 399
362 911
362 645
362 455
362 630
362 694
362 638
362 450
362 931
362 949
362 507
362 798
362 485
362 952
362 644
362 378
362 905
362 926
362 736
362 479
362 859
362 406
362 607
362 509
362 656
362 593
362 368
362 995
362 407
362 999
362 890
362 907
362 643
362 842
362 735
362 395
362 787
362 600
362 932
362 898
362 392
362 930
362 496
362 440
362 812
363 897
363 615
364 751
365 579
365 713
366 476
367 673
367 596
367 656
367 493
367 399
367 485
369 589
369 691
370 538
370 403
370 443
370 957
371 636
372 697
372 899
373 698
373 721
374 496
374 513
374 614
374 886
374 805
374 819
374 564
374 476
374 583
374 903
375 964
375 662
375 765
376 579
376 401
376 440
377 477
377 841
377 508
378 443
378 485
379 926
379 485
380 802
381 674
381 485
382 556
383 610
383 412
383 403
383 443
384 603
384 771
384 892
384 604
384 405
385 678
385 983
386 805
386 926
387 725
388 572
388 560
388 616
389 646
389 733
389 899
391 597
392 652
392 928
392 437
393 573
394 395
394 443
394 406
394 926
395 642
395 789
395 496
395 829
395 427
395 730
395 436
395 918
395 735
395 732
395 668
395 437
396 642
396 471
397 527
397 958
397 710
397 425
399 736
399 485
400 625
400 427
401 693
401 745
402 568
403 708
403 494
403 446
403 762
403 794
403 854
403 470
403 830
403 508
403 412
403 610
403 637
403 443
403 851
403 510
403 567
403 416
403 620
403 699
403 829
403 664
403 825
403 618
404 643
404 725
404 640
404 828
405 589
406 926
407 833
407 596
407 485
408 523
408 498
408 432
409 756
410 947
410 697
410 437
411 925
411 615
412 443
413 738
413 536
413 943
413 858
414 812
414 618
414 657
415 442
415 851
415 420
416 610
416 428
416 443
416 424
417 838
418 947
418 843
418 590
419 585
419 702
420 854
420 443
422 510
423 933
423 929
424 586
425 961
425 904
425 685
426 676
426 741
426 443
427 751
427 807
427 716
427 782
427 489
427 486
428 610
428 762
428 443
430 924
431 618
431 714
431 745
432 888
433 652
433 770
433 569
433 966
433 582
433 914
433 712
434 714
434 745
434 654
435 916
435 698
435 443
436 782
436 822
436 808
436 825
436 533
436 828
436 985
436 662
437 657
438 553
438 490
439 738
440 704
441 544
441 835
441 637
442 812
442 505
443 820
443 809
443 708
443 941
443 811
443 794
443 707
443 841
443 854
443 876
443 448
443 797
443 806
443 731
443 446
443 676
443 609
443 920
443 470
443 957
443 508
443 851
443 756
443 650
443 648
444 856
445 520
445 722
446 508
447 547
447 973
448 610
449 527
451 927
452 802
452 902
453 659
453 774
454 725
455 745
455 570
455 645
456 525
456 688
456 515
456 482
456 981
456 470
456 957
457 775
457 589
457 603
458 568
459 884
459 626
460 590
460 723
460 774
460 939
461 658
462 535
462 604
463 980
464 628
465 629
467 512
467 942
467 557
467 499
468 599
469 852
469 499
470 589
470 811
471 808
471 939
471 712
471 603
472 801
472 795
473 552
474 968
474 683
474 749
475 761
475 930
475 496
475 754
475 850
475 847
477 985
477 723
477 780
477 793
477 932
477 906
477 834
477 604
478 560
478 586
478 653
478 672
478 677
478 691
478 491
479 654
480 939
480 825
481 939
481 780
481 590
481 490
482 512
482 832
482 889
484 985
484 490
485 926
485 630
485 963
485 911
485 509
485 507
485 511
485 859
485 529
485 907
485 952
485 694
485 955
485 696
485 781
485 589
485 811
485 954
485 845
486 882
486 927
486 851
487 915
489 751
490 526
490 587
490 659
491 726
491 539
491 675
491 540
492 820
492 674
492 692
492 914
495 882
495 782
495 733
495 821
495 899
496 993
497 586
497 668
499 887
499 787
499 795
499 833
499 594
500 906
501 655
501 959
502 933
503 668
503 681
503 691
503 752
503 905
504 614
505 867
505 654
505 555
505 804
506 672
507 926
508 876
508 555
508 883
510 637
513 991
513 819
513 922
513 977
514 903
514 837
515 689
515 942
515 532
516 581
516 522
516 775
516 883
516 899
517 801
517 570
518 766
518 597
519 814
520 940
520 675
521 574
521 522
521 877
521 883
522 883
522 765
523 882
523 715
523 569
524 684
524 813
524 589
525 557
526 705
526 985
526 983
526 590
526 553
526 986
526 604
528 800
528 812
528 562
529 911
529 696
529 541
529 607
529 960
530 578
530 773
531 602
531 697
531 843
532 688
532 599
533 588
533 981
533 698
535 868
536 927
536 683
536 968
536 970
537 728
538 806
538 794
539 784
540 725
541 691
542 738
542 968
543 865
543 872
544 975
544 891
545 787
545 795
545 871
546 589
546 603
548 769
548 687
548 938
549 805
549 597
549 767
550 651
550 900
550 798
550 592
550 563
550 655
550 673
550 926
551 754
553 780
553 793
553 723
553 590
553 587
553 876
554 564
554 614
555 630
556 570
557 710
558 963
558 614
559 626
559 592
559 955
559 604
561 705
561 868
561 901
562 812
562 595
562 978
562 813
563 604
563 571
563 908
564 869
565 773
565 685
566 812
566 983
566 823
566 858
567 830
567 700
567 610
569 670
569 976
570 849
570 838
570 828
570 880
570 765
570 810
570 883
570 658
572 679
572 945
572 687
573 593
573 654
574 899
574 718
575 612
575 788
576 805
577 735
579 616
579 893
579 711
580 833
580 801
580 784
582 761
583 768
583 717
583 727
583 614
583 654
584 706
584 667
584 585
584 626
585 818
585 904
585 608
585 702
585 962
585 763
585 685
586 664
586 726
586 847
586 925
586 944
586 894
586 736
588 916
589 603
589 892
589 909
589 775
589 846
589 809
589 703
590 891
590 793
590 697
590 974
590 756
591 790
592 610
592 604
593 915
593 905
593 926
595 812
595 784
597 820
597 805
597 763
598 898
598 999
599 621
600 608
600 667
601 908
601 606
601 652
602 697
602 980
602 634
602 686
603 687
603 771
603 684
603 649
604 826
604 832
604 783
604 973
604 627
604 664
604 878
605 744
607 673
608 818
608 860
608 626
608 898
609 806
609 762
610 934
611 679
612 910
613 856
614 869
615 662
618 714
619 843
622 802
622 848
623 730
623 964
624 828
624 951
624 654
625 834
627 783
628 842
629 895
631 802
631 634
634 857
634 947
634 697
634 885
635 741
635 897
635 936
637 707
639 937
639 641
639 733
639 870
640 842
640 867
640 919
640 654
641 897
645 691
645 963
645 887
649 820
649 827
650 772
651 959
651 710
652 715
652 712
652 905
653 933
654 874
654 690
654 926
654 890
654 963
654 656
654 995
654 796
654 844
654 864
654 955
654 911
655 958
655 974
655 951
655 710
656 736
656 987
657 924
657 745
658 967
658 745
661 770
661 870
661 725
663 902
663 779
663 885
663 951
666 928
666 848
666 756
668 894
668 726
668 830
668 677
668 691
669 812
669 888
669 745
671 810
671 951
673 695
675 951
676 791
676 957
676 926
680 783
681 944
681 933
681 925
681 974
683 913
683 736
686 908
688 946
690 695
690 694
691 933
691 982
691 972
691 784
691 894
691 716
692 820
695 995
697 842
697 755
698 750
698 916
698 813
698 910
698 979
698 871
700 737
700 883
702 997
704 902
704 802
705 776
705 932
706 754
706 910
707 917
708 806
708 830
709 984
710 948
710 817
710 903
710 900
711 864
712 744
713 893
714 914
716 761
718 899
719 815
719 850
721 916
723 774
723 780
725 728
730 772
730 939
730 808
730 842
731 879
731 762
731 854
733 772
733 825
733 927
733 993
734 840
735 751
735 778
735 831
736 875
736 926
739 861
740 936
743 769
743 820
745 953
745 967
745 914
747 887
749 913
749 923
751 761
751 834
751 782
751 884
751 754
754 889
756 780
756 774
756 985
756 932
757 883
757 810
757 820
757 926
758 839
759 942
760 802
760 834
762 917
763 943
764 871
764 801
766 770
766 991
767 915
768 971
768 869
768 977
769 827
769 912
769 937
770 938
772 778
773 877
774 983
775 814
776 932
777 905
777 926
779 884
780 906
780 929
780 834
780 986
781 926
782 882
783 826
783 804
784 982
785 935
786 959
787 790
787 788
787 833
788 833
788 871
790 852
790 887
791 941
792 841
794 917
796 986
797 934
798 960
799 812
801 961
801 987
802 896
802 990
803 855
804 805
804 915
805 886
805 819
807 882
808 850
810 823
811 916
811 889
811 905
812 877
812 816
812 917
813 910
817 948
820 897
820 936
822 930
822 927
822 964
823 899
831 865
835 863
835 994
836 839
836 943
837 888
837 838
838 845
838 899
840 954
840 852
840 871
842 947
843 867
845 883
845 899
845 951
847 926
855 881
856 881
859 995
866 877
870 938
871 954
871 907
873 978
875 961
875 962
876 998
880 920
883 951
884 896
884 885
886 986
888 914
890 942
891 906
891 985
892 935
894 940
894 929
896 990
896 902
899 951
900 965
904 962
906 984
906 986
906 982
915 971
918 930
918 927
922 964
923 980
923 952
926 952
926 974
926 987
927 930
932 986
937 978
939 992
945 970
954 967
956 969
958 996
962 989
964 991
974 996
979 987
989 996
