0 313
0 638
0 528
0 402
1 387
1 976
1 475
1 24
1 805
1 454
1 292
2 877
2 312
2 76
2 184
3 992
3 854
3 969
3 527
3 533
3 149
3 614
4 571
4 744
4 282
4 392
4 723
4 958
4 975
4 900
4 316
4 751
4 526
4 293
5 879
5 477
5 19
5 683
5 732
5 599
6 344
6 976
6 13
6 626
6 712
7 716
7 355
7 546
7 340
7 359
7 323
7 856
7 52
7 80
7 659
7 401
7 454
7 228
7 539
7 306
8 123
8 829
8 938
8 424
8 655
8 606
8 326
8 184
8 822
8 129
8 445
8 409
9 66
9 114
9 450
9 125
9 754
9 777
9 788
9 539
9 896
9 77
10 821
10 388
10 65
11 30
11 591
11 145
11 45
11 616
12 689
12 586
12 398
12 910
12 292
12 63
12 461
12 770
12 512
12 649
12 17
12 458
12 888
12 40
12 321
12 614
12 637
13 322
13 650
13 378
14 185
14 548
14 767
14 976
14 810
14 199
14 440
15 955
15 846
15 935
15 463
16 542
16 257
16 901
16 76
16 754
17 695
17 443
17 769
17 831
17 764
18 877
18 228
18 77
18 684
18 766
18 300
19 288
19 588
19 115
20 882
20 41
20 509
20 410
20 493
20 178
20 160
20 526
21 494
21 935
21 985
22 599
22 230
22 805
22 404
22 538
23 972
23 808
24 248
24 889
24 146
24 360
24 380
24 576
24 867
24 350
24 574
24 800
24 564
24 79
24 895
24 587
24 471
24 782
24 891
24 982
24 225
24 554
24 513
24 794
24 304
24 454
25 646
25 89
25 566
25 803
25 286
25 40
25 852
26 861
26 720
26 362
26 780
26 704
26 597
26 423
27 609
27 107
27 573
28 819
28 228
28 981
29 104
29 419
29 458
29 183
29 463
29 601
29 63
30 608
30 130
30 170
30 56
31 88
31 542
31 624
32 598
32 790
33 37
33 863
33 523
33 855
34 719
34 655
34 59
34 745
34 217
35 648
35 281
35 472
36 271
36 793
36 824
36 852
36 47
37 559
37 315
37 896
37 902
37 868
37 370
38 500
38 815
38 124
38 550
38 95
39 904
39 856
39 64
39 383
39 188
39 843
39 519
40 243
40 412
41 923
41 689
41 247
42 997
42 53
42 985
43 448
43 443
43 110
44 950
44 659
44 776
44 551
44 905
44 448
45 639
45 364
46 788
46 681
46 979
46 257
47 536
47 250
47 494
47 985
47 568
47 611
47 486
48 474
48 406
48 935
49 704
49 518
49 457
50 522
50 512
50 602
50 569
50 637
50 163
51 383
51 611
51 340
51 93
52 684
52 93
52 754
53 373
53 372
53 794
53 576
53 564
53 739
53 862
53 654
53 68
53 997
53 725
54 520
54 387
55 434
55 869
55 771
55 535
56 367
57 885
57 77
58 724
58 279
58 540
58 896
58 247
59 207
59 548
59 429
59 932
59 558
59 194
59 767
59 62
59 333
59 155
59 236
59 138
59 967
59 416
59 845
59 555
59 554
59 685
59 525
59 129
59 128
59 988
59 208
59 126
59 879
59 939
59 613
59 342
59 738
59 984
59 817
59 460
59 465
59 118
60 859
60 530
60 474
61 805
61 798
62 528
62 128
62 196
63 610
63 512
63 522
63 519
63 70
63 369
63 288
63 225
64 335
64 584
64 856
65 224
65 479
65 515
65 683
65 747
65 737
65 742
65 105
65 858
65 276
65 678
65 868
65 950
65 251
65 769
65 875
65 704
65 282
65 955
65 407
65 94
65 660
65 598
65 160
65 759
66 235
66 386
66 633
66 201
66 482
66 403
67 332
67 800
67 76
67 620
67 184
68 223
68 535
69 138
69 805
69 582
69 856
70 660
70 588
70 639
70 529
71 535
71 375
72 976
72 257
72 985
73 279
73 902
73 946
73 395
74 214
74 216
74 766
74 533
74 322
74 341
74 557
74 937
74 696
74 952
74 390
74 448
74 692
74 372
74 542
74 599
74 151
74 985
75 436
75 788
75 947
76 319
76 661
76 117
76 325
76 324
76 999
76 235
76 150
76 184
76 272
76 331
76 959
76 256
77 570
77 113
77 789
77 197
77 865
77 351
77 876
77 285
77 844
77 596
77 401
77 916
77 746
77 939
77 811
77 690
77 126
77 219
77 597
77 594
77 903
77 118
77 618
77 206
77 237
77 453
77 628
77 301
77 642
77 90
77 388
77 699
77 412
77 679
77 630
77 147
77 226
77 595
77 892
77 607
77 166
77 583
77 382
77 781
77 544
77 600
77 311
77 389
78 184
78 249
79 785
80 208
80 383
80 306
80 856
80 93
80 754
81 82
81 264
81 179
81 471
82 859
82 701
82 194
82 551
82 448
83 268
83 697
83 617
83 224
83 555
84 719
84 525
84 304
84 462
85 489
85 950
85 184
86 237
86 659
86 263
86 441
86 318
87 509
87 684
87 754
88 227
88 156
88 244
88 885
88 334
89 722
89 321
89 747
90 871
90 684
90 239
90 619
91 551
91 707
92 442
92 543
92 184
92 959
92 550
93 249
93 584
93 355
93 139
93 856
93 340
93 929
93 158
93 743
93 525
93 535
93 568
94 947
94 300
95 331
95 502
95 217
95 649
96 631
96 298
96 785
96 423
97 271
97 214
98 312
98 577
99 820
99 920
99 793
100 665
100 379
100 684
100 746
100 772
100 243
101 268
101 580
101 224
101 943
101 364
101 918
102 700
102 517
102 345
102 267
102 399
102 569
102 506
102 195
103 116
103 137
103 184
103 983
104 530
104 474
104 249
105 774
105 693
106 615
106 984
107 646
107 533
108 501
108 551
108 684
108 745
108 302
109 404
109 913
109 472
109 223
109 599
110 217
110 148
111 221
111 599
111 684
112 129
112 574
112 217
112 448
113 272
113 161
113 684
113 947
114 831
115 675
115 167
115 170
115 469
115 735
115 746
115 660
115 692
116 539
116 572
116 788
116 488
116 718
116 255
116 990
116 897
116 177
116 797
116 122
116 490
117 848
117 302
118 826
118 399
118 582
119 277
119 875
119 253
119 378
119 747
119 827
119 856
120 180
120 193
120 747
120 712
121 702
121 201
121 379
121 976
122 436
122 395
122 184
123 290
123 363
123 175
123 725
123 708
124 646
124 337
125 888
125 944
126 707
126 684
126 947
127 413
127 733
127 299
128 331
128 465
128 538
129 641
129 236
129 333
129 735
129 976
129 967
129 759
129 683
129 265
129 657
130 924
130 180
131 362
131 404
131 704
131 753
131 548
132 641
132 922
132 966
133 599
133 952
133 684
133 766
133 423
134 231
134 626
135 552
135 780
135 529
135 466
135 233
135 684
135 746
136 641
136 620
137 452
137 195
137 551
137 560
137 650
137 169
137 217
138 909
138 194
139 383
139 485
139 205
140 806
140 830
140 947
140 217
141 180
141 912
142 736
142 525
142 184
143 640
143 949
143 184
143 290
143 479
144 344
144 670
144 899
144 224
145 923
145 824
146 423
146 551
146 302
146 565
147 959
147 873
147 971
148 352
148 543
148 372
148 247
148 554
148 217
149 844
150 789
150 406
150 440
150 239
150 594
150 901
150 356
150 992
150 195
150 263
150 451
151 526
152 544
152 447
152 300
153 831
153 836
153 740
154 961
154 511
154 672
155 395
156 196
156 843
156 244
156 911
156 365
156 980
156 298
156 596
156 641
156 162
156 701
156 231
156 246
156 885
156 775
157 579
157 402
157 664
158 928
158 850
158 184
158 793
159 641
159 554
160 684
160 746
160 808
160 947
160 445
160 522
161 543
161 545
162 294
162 861
162 885
162 684
162 445
163 468
163 294
164 552
164 317
164 600
165 705
165 498
166 515
166 395
166 867
166 704
166 226
167 615
168 182
168 437
168 872
168 479
169 260
169 448
170 369
170 694
170 932
171 285
171 357
171 614
172 567
172 684
172 776
173 477
173 708
173 229
173 338
173 479
174 725
174 361
174 181
174 553
174 659
174 719
174 244
174 851
174 885
174 183
174 946
174 204
174 798
175 758
175 184
175 833
175 556
176 885
176 396
176 719
177 668
177 727
177 808
178 906
178 271
178 286
178 684
178 445
179 321
179 530
179 956
179 446
179 926
179 249
179 693
179 878
179 832
179 953
179 183
180 608
180 477
180 694
180 727
180 631
181 700
181 710
181 885
181 962
182 848
182 648
182 394
182 485
182 419
182 226
182 405
183 266
184 352
184 222
184 261
184 999
184 620
184 591
184 961
184 248
184 829
184 726
184 645
184 274
184 907
184 407
184 442
184 797
184 502
184 760
184 736
184 934
184 633
184 595
184 210
184 316
184 324
184 765
184 816
184 509
184 790
184 701
184 484
184 266
184 856
184 422
184 562
184 219
184 420
184 455
184 241
184 627
184 731
184 682
184 376
184 710
184 232
185 838
186 271
186 410
186 428
186 509
186 824
186 971
186 730
187 612
187 360
188 244
188 663
189 906
189 429
189 230
190 719
190 660
190 978
191 949
191 445
192 376
192 657
192 258
192 917
192 905
193 832
193 912
193 936
193 441
194 449
194 713
195 246
195 570
195 599
195 684
195 924
195 903
195 877
195 239
196 869
196 377
196 602
197 943
197 826
198 276
198 989
198 988
198 737
198 818
198 479
198 940
199 543
199 217
200 886
200 710
200 981
200 677
200 238
200 861
200 885
201 831
201 203
201 476
201 279
202 694
202 946
203 224
203 776
203 304
203 839
204 515
204 334
204 479
205 306
205 323
205 225
205 477
205 329
206 599
206 684
207 662
207 593
208 665
208 471
208 733
209 885
209 242
209 717
209 561
210 881
210 936
210 784
210 524
210 598
210 833
210 604
210 985
211 604
211 667
211 217
211 448
212 724
212 321
212 347
213 570
213 965
213 746
214 224
214 883
214 709
215 629
215 990
215 692
215 508
215 704
216 463
217 557
217 604
217 495
217 370
217 438
217 705
217 854
217 507
217 650
217 696
217 499
217 908
217 636
217 773
217 889
217 456
217 602
217 518
217 400
217 585
217 497
217 264
217 390
217 977
217 905
217 378
217 533
217 291
217 600
217 256
217 448
217 593
217 607
217 652
217 326
217 768
217 322
217 482
217 240
217 583
217 547
217 323
217 371
217 312
217 627
217 631
217 819
217 891
217 387
217 962
217 299
217 318
217 986
217 653
217 615
218 268
218 884
218 444
218 224
218 985
219 684
220 269
220 416
221 553
221 361
221 567
221 354
221 980
221 244
221 920
221 843
221 563
221 825
221 245
221 728
221 884
221 790
221 595
221 365
221 640
222 325
222 407
222 862
222 527
223 413
223 526
223 283
223 643
224 641
224 949
224 720
224 617
224 344
224 758
224 884
224 268
224 727
224 631
224 728
224 708
224 883
224 519
224 334
224 802
224 314
224 970
224 717
224 399
225 754
226 801
226 422
226 427
226 989
226 840
226 383
226 527
226 836
227 719
227 928
228 851
228 994
229 684
229 949
229 808
230 302
230 986
231 847
231 812
231 885
231 630
231 530
231 813
232 907
232 869
232 633
232 497
232 313
233 334
234 494
234 826
235 719
235 572
236 671
236 858
237 684
237 307
238 245
238 866
238 361
238 982
238 552
238 449
238 734
238 295
238 377
238 991
238 428
239 570
239 684
239 746
239 597
239 458
239 241
239 451
239 725
239 714
239 807
239 756
240 906
241 447
241 274
241 247
241 684
241 813
241 664
242 408
242 713
243 892
243 472
244 719
244 701
244 577
244 885
244 929
244 626
244 987
245 719
245 960
245 252
245 885
245 928
246 960
246 444
246 814
246 310
246 885
246 340
247 919
247 741
248 384
248 779
248 313
249 513
249 410
249 464
250 865
250 985
251 303
251 431
251 479
252 793
252 669
252 428
253 732
253 950
253 447
253 870
253 894
253 479
254 747
254 791
254 371
254 410
255 831
255 816
255 271
255 594
256 446
256 533
256 778
257 553
257 568
257 590
257 996
257 510
257 947
257 535
257 985
257 770
258 908
258 951
258 996
258 586
259 714
259 425
259 732
259 765
260 684
261 682
261 959
261 531
261 618
261 684
262 688
262 779
262 286
262 428
263 301
263 788
263 826
263 445
264 527
264 650
264 965
264 564
264 568
265 533
266 598
266 503
266 988
266 474
266 616
266 950
267 806
267 842
267 562
267 271
267 852
267 599
267 686
268 883
268 293
268 660
268 566
269 394
269 431
269 858
270 845
270 634
270 558
271 532
271 517
271 278
271 345
271 853
271 973
271 307
271 723
271 980
272 396
272 934
272 961
272 780
272 374
272 784
272 442
272 339
272 687
272 783
272 293
272 704
273 761
273 975
273 913
273 860
273 381
273 309
274 780
274 293
274 404
275 707
275 692
275 392
275 589
275 978
275 317
275 922
276 510
276 280
276 747
277 894
277 829
278 410
278 998
278 824
278 838
279 855
279 896
279 397
279 914
280 338
280 571
280 491
280 702
281 684
281 776
281 787
281 808
282 792
282 832
282 356
282 721
282 823
282 857
282 842
282 871
283 679
283 335
283 898
284 781
284 341
284 347
284 290
285 620
285 684
285 813
285 947
285 441
286 390
286 684
286 336
287 719
287 695
287 885
287 343
288 792
289 679
289 688
289 527
290 791
290 332
290 448
290 959
291 674
292 641
294 476
294 339
294 771
294 985
295 964
295 820
295 545
296 808
296 669
296 423
296 441
297 788
297 824
298 944
298 692
298 575
298 901
299 798
299 857
299 433
299 700
300 551
300 696
300 763
300 602
300 537
300 314
300 937
300 998
300 988
301 684
302 718
302 527
302 739
302 360
302 547
302 538
302 646
302 371
303 348
303 536
303 987
304 740
304 713
304 333
304 383
305 912
305 792
306 550
308 321
308 950
308 882
308 783
309 684
309 458
309 830
310 847
310 319
310 825
310 326
311 748
311 630
311 645
311 895
312 831
312 679
312 775
312 744
312 996
314 479
314 518
314 527
314 965
315 321
315 818
317 737
317 763
318 507
318 461
319 843
319 861
319 885
319 795
320 719
320 464
320 885
320 818
320 551
321 392
321 912
321 348
321 975
321 936
321 892
321 848
321 467
321 571
321 750
321 958
321 575
321 775
321 375
321 744
321 381
321 724
321 944
321 625
321 869
321 955
321 665
321 347
321 346
322 694
322 350
323 925
323 518
324 591
324 895
324 959
325 613
325 754
326 695
326 527
326 905
326 579
327 869
327 659
327 686
328 647
328 732
328 446
329 490
329 823
329 518
329 384
329 782
330 563
330 632
330 885
331 630
331 633
331 935
331 580
332 570
332 941
332 712
333 728
333 718
334 950
334 887
334 346
335 781
335 384
336 684
336 652
337 793
337 983
338 384
340 538
340 964
340 622
341 788
341 457
342 684
342 813
343 377
343 869
344 365
344 753
344 985
345 761
345 962
345 410
346 541
346 935
346 704
346 989
346 736
347 497
347 423
347 857
348 724
348 873
348 944
349 781
349 848
349 395
350 661
350 479
351 837
351 684
351 699
351 746
351 808
351 445
352 779
352 363
353 684
353 634
353 423
353 445
354 719
354 722
354 455
355 708
356 837
356 750
356 810
356 944
356 586
357 944
357 579
357 541
357 712
358 479
358 771
358 586
359 617
359 445
359 582
360 839
361 885
362 529
363 869
364 374
365 719
365 885
366 787
366 794
366 538
367 551
367 839
368 650
368 908
368 773
368 793
369 569
370 527
370 763
370 439
370 398
371 860
371 918
372 445
373 564
373 839
374 822
374 821
375 526
375 860
376 972
376 533
376 551
376 943
377 928
378 527
378 557
378 605
378 693
379 526
379 544
379 932
380 538
380 805
381 774
381 571
381 486
381 441
382 526
382 837
382 874
383 645
383 856
384 885
384 788
384 781
384 880
384 721
384 459
384 837
384 679
384 744
384 873
384 757
384 848
384 675
384 699
384 753
384 511
384 538
384 730
385 684
385 746
385 441
386 806
386 490
387 757
388 684
388 699
388 445
388 839
389 479
389 570
389 628
389 699
389 596
389 501
389 567
389 704
389 564
389 423
390 660
390 533
390 551
390 838
391 548
391 533
391 593
391 448
392 793
393 499
393 933
393 966
394 714
394 747
396 447
397 602
398 901
398 647
398 522
398 561
398 754
398 853
399 808
399 939
399 706
399 807
400 947
400 597
401 684
401 808
401 441
402 681
402 532
403 852
403 681
403 712
404 648
404 625
404 962
404 704
405 532
405 479
406 684
406 808
406 712
407 474
408 567
409 572
410 838
410 852
410 627
410 806
410 941
411 688
411 874
411 774
411 945
411 936
412 879
412 599
412 746
412 830
412 903
412 486
412 988
413 893
413 720
414 704
414 714
415 721
415 925
415 965
416 972
416 570
416 527
417 719
417 928
418 526
418 610
418 781
418 687
418 515
419 432
420 474
420 976
421 523
421 698
422 704
423 684
423 594
423 811
423 795
423 596
423 690
423 703
423 680
423 945
423 876
423 501
423 844
423 776
423 453
423 653
423 460
423 716
423 936
423 810
423 928
423 861
423 445
424 487
424 603
424 787
425 781
425 523
426 860
426 912
427 704
427 732
427 872
428 531
428 764
428 852
428 536
428 849
430 527
430 578
431 481
431 489
431 535
432 896
432 657
433 444
434 701
435 860
435 675
435 965
437 781
437 892
438 551
439 483
439 527
439 551
439 448
440 947
440 905
441 757
441 493
441 451
441 789
441 581
441 876
441 703
441 657
441 812
441 641
442 662
443 906
443 463
443 599
443 890
444 885
445 692
445 684
445 826
445 947
445 668
445 850
445 787
445 776
445 795
445 706
445 601
445 644
445 725
445 634
447 812
447 831
447 740
447 801
447 490
447 596
448 652
448 965
448 768
448 600
448 527
448 602
448 905
448 938
448 743
448 792
448 828
448 760
450 792
451 734
452 548
453 486
454 794
454 565
454 555
454 491
455 701
455 977
455 833
456 636
457 513
458 808
459 592
460 618
460 898
461 614
462 885
463 783
463 470
465 475
465 943
465 538
466 570
467 885
467 571
468 885
468 928
468 851
468 744
469 647
469 684
469 585
470 607
470 599
471 783
471 539
471 636
472 962
472 820
472 550
472 956
472 681
473 788
473 861
473 490
474 719
474 530
474 935
474 926
474 736
474 772
475 984
475 549
475 550
476 788
477 631
477 750
478 711
478 661
479 697
479 529
479 815
479 894
479 887
479 737
479 872
479 623
479 556
479 616
479 836
479 927
479 844
480 560
480 820
480 646
480 520
480 568
480 991
480 896
481 885
482 599
483 885
484 805
484 890
486 586
487 720
488 573
489 615
489 779
490 831
490 635
490 841
490 926
491 666
492 701
492 871
493 517
494 867
494 985
495 704
496 550
496 659
496 972
497 714
497 578
498 985
498 521
499 947
499 657
500 781
500 820
501 611
501 549
502 961
503 546
504 985
504 569
505 539
505 517
506 976
506 729
506 932
507 516
508 740
508 893
508 888
508 743
510 719
510 928
512 967
512 561
513 973
513 877
513 926
513 978
514 719
514 980
515 762
515 931
515 714
515 950
516 832
516 901
517 963
518 527
518 965
519 985
520 808
521 979
521 614
522 910
523 648
523 662
524 834
524 934
524 985
526 723
526 575
526 692
526 943
526 707
526 809
526 765
526 593
526 787
526 936
526 693
527 634
527 607
527 977
527 773
527 705
527 691
527 577
527 537
527 929
527 587
527 816
527 994
529 623
529 894
531 700
531 566
531 910
532 793
533 541
533 668
533 746
534 782
534 943
535 997
535 656
535 850
536 849
536 995
537 812
538 883
538 654
538 576
538 986
538 839
538 644
538 597
538 805
538 841
539 885
539 788
539 635
539 674
539 988
540 936
540 886
541 885
541 831
542 834
543 863
543 919
543 978
543 997
544 863
544 671
545 896
545 864
545 919
545 942
545 939
546 582
547 698
548 621
548 711
548 550
548 976
550 687
550 735
550 685
550 621
550 673
550 555
551 691
551 666
551 782
551 587
551 766
551 954
551 965
552 885
553 899
553 885
554 878
554 972
555 558
556 683
557 871
558 942
558 972
558 916
559 743
559 832
560 729
560 820
562 756
562 635
562 738
563 646
563 719
563 912
563 684
564 654
565 800
565 625
566 746
567 885
567 749
568 613
568 849
568 985
569 681
569 931
570 581
570 914
570 861
570 947
571 873
571 812
571 781
572 695
572 834
572 718
572 836
573 727
573 985
574 804
574 959
575 714
575 781
575 848
577 810
577 578
578 624
578 722
579 674
580 946
581 844
581 809
581 599
581 746
581 808
581 947
582 716
585 657
586 831
586 836
586 828
586 771
587 695
587 651
588 985
588 614
589 781
589 684
590 719
591 640
592 757
592 685
592 684
593 941
593 826
593 616
595 638
596 912
596 865
596 599
597 599
598 673
598 657
599 885
599 751
599 898
599 924
599 789
599 776
599 850
599 844
599 684
601 876
601 642
601 746
602 684
602 607
602 755
602 870
602 828
603 832
604 889
605 937
606 948
606 684
606 802
607 920
607 684
607 808
608 814
608 617
608 674
609 829
610 912
610 692
610 714
611 884
611 660
612 917
613 765
614 772
615 885
615 728
615 715
615 708
615 617
615 660
615 763
616 919
616 742
617 709
617 758
617 968
617 641
617 660
617 749
617 762
618 942
618 746
618 684
619 952
622 808
622 985
623 673
623 651
623 704
623 754
624 834
624 906
624 695
625 746
627 859
628 698
628 684
628 830
628 947
629 660
630 765
631 891
631 742
631 856
632 801
632 972
633 931
633 855
635 692
635 718
637 799
637 639
637 998
638 872
639 813
640 959
640 976
641 891
641 675
641 691
642 684
642 995
643 933
643 768
645 797
645 779
647 790
647 704
647 894
650 776
651 678
651 747
653 667
653 891
656 830
657 719
657 894
657 889
658 820
658 958
659 998
659 774
659 817
660 670
660 792
660 969
660 979
661 999
661 973
662 896
663 783
663 673
665 926
665 971
666 926
666 763
666 905
666 805
667 719
667 794
668 738
669 897
670 699
671 954
672 890
672 857
673 926
673 978
674 712
676 698
676 844
677 874
679 895
680 786
680 849
681 938
681 704
681 808
681 788
681 720
684 929
684 706
684 945
684 795
684 844
684 876
684 786
684 690
684 703
684 927
684 814
684 748
684 897
684 770
684 704
684 766
685 928
685 713
685 976
688 975
688 992
689 896
690 808
691 884
692 707
692 880
692 757
692 860
692 912
692 896
693 704
694 792
695 788
695 897
695 953
696 926
697 909
697 788
699 947
699 943
699 826
701 843
701 722
701 928
701 734
701 752
702 976
703 803
704 760
704 875
704 868
704 747
704 991
704 714
704 894
704 804
704 730
704 811
705 917
706 885
707 944
709 891
709 735
710 985
710 719
710 912
712 885
712 787
714 790
714 970
714 933
715 861
715 885
716 906
717 930
718 751
718 758
718 781
718 927
719 980
719 928
719 812
719 981
719 885
719 840
719 998
719 960
719 861
719 948
719 921
719 722
719 847
719 911
719 804
719 723
719 763
719 817
719 769
719 778
719 747
719 805
719 835
721 831
721 943
722 793
723 860
725 799
725 885
726 885
727 963
729 781
729 741
731 748
731 985
736 959
737 957
741 800
742 900
742 747
744 893
744 822
745 766
746 903
746 764
746 907
746 927
747 752
747 818
750 860
750 848
751 793
752 985
753 836
754 965
754 904
755 928
755 959
756 788
757 774
759 988
761 774
763 951
767 976
770 777
771 921
772 781
774 781
774 873
774 809
774 775
774 912
775 873
775 781
775 848
776 924
777 825
778 887
779 823
779 959
783 935
786 813
786 898
787 939
787 813
788 993
788 864
788 848
789 947
791 944
791 957
791 959
792 879
793 959
793 838
793 853
793 806
793 842
793 796
796 931
798 885
798 912
799 823
802 944
803 911
803 937
803 804
803 885
805 835
805 986
807 976
811 913
811 947
812 866
812 885
813 929
813 945
813 838
815 860
817 902
819 930
819 869
823 912
823 975
824 838
825 885
826 859
827 833
828 959
829 869
830 947
831 993
831 924
832 968
832 936
837 944
838 842
838 954
840 949
840 885
841 985
842 969
842 852
843 885
845 909
846 982
848 874
848 912
851 859
852 913
854 990
854 959
855 923
855 871
856 919
859 972
861 960
861 921
863 896
864 896
864 947
867 986
869 999
869 928
869 959
870 940
870 925
871 965
877 959
880 896
880 912
880 994
881 899
881 906
885 981
885 948
885 955
885 917
885 886
885 921
885 991
885 928
888 890
890 904
891 936
892 912
894 968
896 946
896 954
896 902
896 993
897 928
899 960
900 964
901 936
904 978
905 946
908 965
912 915
912 927
912 931
913 915
913 984
915 936
918 947
926 935
932 972
932 976
935 978
936 944
944 968
946 988
947 989
985 987
985 997
