0 129
0 212
0 15
0 394
1 15
1 382
1 115
1 466
1 459
2 372
2 433
2 159
3 37
3 242
3 29
3 56
3 285
3 479
4 144
4 6
4 25
4 445
4 466
4 317
4 397
5 350
5 169
5 306
5 278
5 399
5 44
5 170
5 444
5 203
5 426
5 60
6 54
6 466
6 459
6 244
6 385
6 416
6 344
6 87
7 284
7 133
7 245
7 465
7 485
8 75
8 150
8 459
9 133
9 475
9 459
9 486
9 184
10 183
10 372
10 416
10 466
11 320
11 420
11 55
11 344
11 230
12 269
12 55
12 29
12 380
12 398
12 423
13 299
13 490
13 139
13 69
13 336
13 450
14 64
14 33
14 465
14 201
14 184
14 412
15 248
15 169
15 129
15 238
15 466
15 344
16 105
16 339
16 77
16 221
16 404
17 108
17 330
17 411
17 47
17 130
17 219
17 466
17 459
17 387
18 222
18 27
18 280
18 485
19 465
19 436
19 344
19 190
20 444
20 472
20 73
20 459
21 341
21 230
21 160
21 375
21 121
21 349
21 471
21 60
21 85
21 493
22 497
22 191
22 97
22 249
22 240
23 202
23 124
24 65
24 331
24 40
24 66
24 67
24 87
25 431
25 280
25 350
25 465
25 485
25 380
26 138
26 168
26 329
27 200
27 196
27 127
27 72
27 335
28 82
28 470
28 346
28 240
28 279
28 450
29 48
29 280
29 81
29 78
29 205
29 387
30 56
30 299
30 313
30 459
31 184
31 443
32 99
32 89
32 285
32 416
32 459
33 125
33 437
34 440
34 117
34 402
34 466
34 43
34 412
35 395
35 131
35 152
35 156
35 97
35 57
35 185
35 238
35 129
35 416
35 413
35 59
35 303
36 235
36 276
36 69
36 415
36 376
36 487
36 120
36 67
36 65
36 143
36 171
36 269
36 485
36 184
37 305
37 44
38 373
38 352
38 134
38 416
38 466
39 330
39 151
39 307
39 132
39 232
39 137
39 459
39 233
39 131
40 405
41 150
41 45
41 466
41 195
41 235
41 360
41 109
41 320
41 369
42 375
42 202
42 192
42 341
42 223
43 353
43 323
44 277
44 285
44 252
44 223
44 362
44 380
45 411
45 419
45 466
45 450
46 381
46 358
46 115
46 168
46 250
46 466
46 198
47 54
47 107
47 120
47 70
47 445
47 466
47 459
47 228
48 270
48 140
48 307
48 67
48 323
49 384
49 376
49 307
49 233
49 481
49 275
49 153
50 202
50 483
50 217
50 280
50 305
50 103
50 252
51 326
51 288
51 459
52 407
52 188
52 344
52 184
53 230
53 443
53 268
53 118
53 352
53 212
54 497
54 133
54 132
54 219
54 255
54 466
54 280
54 493
55 268
55 344
55 157
56 349
56 466
56 319
57 111
57 155
57 229
58 183
58 370
58 71
58 416
58 466
59 92
59 281
59 177
59 370
59 344
60 309
60 181
60 177
60 86
60 444
60 266
60 344
60 230
61 217
61 192
61 270
61 456
61 344
62 134
62 439
62 272
62 344
62 230
63 361
63 382
64 475
64 69
64 280
65 295
65 459
66 401
66 343
66 67
66 421
66 453
66 261
67 260
67 290
67 295
67 140
67 70
67 325
67 137
67 370
67 258
67 124
67 114
67 324
67 466
67 344
67 356
67 413
68 114
68 173
68 147
68 276
68 313
69 384
69 244
69 370
69 416
69 465
70 177
70 479
71 445
71 247
71 466
72 229
72 437
73 485
73 323
74 270
74 211
74 191
74 184
75 123
75 301
75 463
75 459
76 466
76 270
76 79
76 194
76 380
77 300
77 438
78 324
78 81
78 103
78 459
78 423
78 323
79 114
79 403
80 141
80 261
80 82
80 444
80 110
80 230
80 128
81 367
81 492
81 280
81 364
81 468
82 298
82 282
83 236
83 465
83 459
83 233
83 387
84 328
84 332
84 481
85 409
85 200
85 180
86 270
86 449
86 487
87 466
87 172
88 161
88 370
88 115
88 466
88 398
89 466
89 193
89 280
89 233
89 156
89 157
90 133
90 276
90 357
90 438
90 246
90 466
90 459
91 387
91 363
92 235
92 99
92 481
92 247
92 244
93 485
93 146
93 459
94 242
94 271
94 119
94 459
95 144
95 208
95 459
96 267
96 307
96 459
97 459
97 380
97 201
98 438
98 211
98 296
98 387
98 131
98 398
99 208
99 399
100 452
100 208
100 454
100 477
100 121
100 482
100 456
101 490
101 187
101 184
102 429
102 294
102 391
102 459
102 233
103 422
103 214
103 491
104 263
104 270
105 477
106 466
106 426
107 276
107 466
107 380
107 328
107 245
107 266
108 479
108 399
109 295
109 492
110 381
110 141
110 307
110 154
110 382
110 412
110 466
110 230
111 485
111 405
111 387
111 156
112 377
112 302
112 394
112 284
112 416
112 159
113 469
113 490
113 205
113 344
113 398
114 249
114 429
114 492
114 251
114 459
115 151
115 496
115 268
115 221
115 138
115 466
115 493
116 292
116 396
117 466
117 375
118 354
118 129
119 250
119 400
119 459
119 468
119 233
120 276
120 390
120 293
121 459
122 466
122 273
122 210
123 477
123 375
124 176
124 385
124 466
124 350
124 233
125 492
125 487
125 344
125 459
126 219
126 385
126 280
126 231
127 428
127 182
128 379
128 224
129 298
129 255
129 416
129 466
129 495
129 468
130 406
130 275
130 385
130 416
131 387
131 269
131 225
131 351
131 386
131 406
132 388
132 183
132 248
132 409
132 466
132 262
132 485
133 454
133 260
133 433
133 452
133 328
133 481
133 367
133 376
133 353
133 310
133 293
133 309
133 194
133 425
133 147
133 363
133 246
134 290
134 330
134 209
134 420
134 344
135 385
135 499
135 265
135 215
136 389
136 263
136 240
136 142
136 416
136 335
136 364
137 459
138 207
139 470
139 426
139 375
139 315
140 276
140 390
140 485
140 272
141 466
142 385
142 466
142 485
143 246
143 238
144 439
144 466
145 385
145 479
146 348
146 266
147 416
147 364
147 493
148 385
148 454
148 344
149 430
149 338
150 409
150 416
150 466
151 182
151 281
152 387
153 476
153 280
154 166
154 445
154 272
154 448
154 344
154 230
155 365
155 264
156 380
156 423
156 325
157 257
157 244
157 208
157 394
157 493
158 207
158 466
158 344
159 244
159 342
159 416
160 294
160 344
160 459
160 184
160 244
161 244
161 416
161 466
161 194
161 387
162 465
162 241
162 467
162 431
162 329
163 297
163 164
163 309
163 465
163 485
164 482
164 275
164 339
164 465
164 459
165 270
165 261
166 307
166 250
166 170
166 459
167 280
167 485
167 259
167 286
167 306
167 426
168 189
168 466
169 387
169 230
170 410
170 394
171 416
171 273
171 303
172 387
173 445
173 331
173 240
174 468
174 387
174 443
174 218
174 222
175 371
175 417
176 471
176 399
177 246
177 379
177 389
177 285
177 213
177 230
178 200
178 475
178 466
178 387
179 454
179 182
179 465
179 485
180 283
181 373
181 416
181 344
181 375
182 467
182 326
182 416
182 466
182 306
182 459
182 189
183 466
183 291
184 377
184 488
184 366
184 254
184 243
184 206
184 436
184 316
184 427
184 227
184 282
184 478
184 244
184 324
184 431
184 477
184 376
184 425
184 229
185 466
185 465
185 315
185 378
186 385
186 298
186 249
187 303
188 381
188 252
188 445
188 466
188 280
190 255
190 459
190 435
191 234
191 447
192 347
192 344
193 406
193 280
193 465
194 438
194 459
195 477
195 238
195 393
195 466
196 466
196 331
197 344
197 440
197 459
198 465
198 459
198 210
199 209
199 349
199 247
199 224
199 412
200 387
200 283
200 466
201 471
202 280
203 308
203 395
203 453
203 280
204 238
204 284
204 451
204 422
204 313
204 465
204 485
205 466
205 251
205 284
205 264
205 437
205 470
205 485
206 325
206 466
206 337
208 440
208 416
209 293
209 355
209 338
209 327
209 326
210 380
210 228
210 423
210 233
210 370
212 325
212 240
212 466
212 387
213 454
213 253
213 280
214 270
214 264
215 286
215 289
216 341
216 398
217 295
217 462
217 350
217 222
217 463
217 496
217 490
217 272
217 280
217 465
218 280
218 459
218 314
219 385
220 387
220 256
221 277
222 450
222 459
223 459
223 326
223 449
224 388
224 412
225 466
225 229
225 345
225 315
226 289
226 392
227 433
227 237
227 470
227 493
228 248
228 413
229 296
229 247
229 493
230 405
230 312
230 280
230 341
230 311
230 446
230 423
230 486
231 469
231 264
232 313
232 459
233 459
233 369
233 474
233 310
234 459
234 374
235 458
235 246
235 445
236 348
236 246
236 287
237 275
237 238
237 350
237 485
238 261
238 318
238 290
238 335
238 434
238 385
238 451
239 387
239 423
239 356
240 292
240 300
240 297
240 461
240 255
240 423
241 466
241 280
241 459
241 380
242 416
242 466
242 394
243 338
243 394
244 245
244 337
244 422
244 394
245 335
245 345
245 278
245 297
245 446
245 302
245 454
245 424
245 465
246 481
246 473
246 363
246 487
246 285
246 435
246 374
246 427
246 259
246 437
247 270
247 365
247 283
247 465
247 468
248 285
249 270
249 401
249 485
250 466
250 378
251 317
251 383
251 358
251 424
252 393
253 358
253 489
254 417
254 394
254 412
254 414
256 385
257 379
257 391
257 493
258 272
259 295
259 466
260 454
261 458
261 466
262 300
263 265
264 432
264 460
264 485
265 394
266 406
266 426
267 338
267 357
267 385
267 416
268 466
268 387
269 443
269 488
269 363
270 453
270 426
270 459
271 437
272 400
272 409
272 339
272 375
272 274
272 488
272 448
272 430
272 344
273 300
273 404
273 317
273 464
273 325
273 437
274 285
274 326
274 344
275 491
275 322
275 416
276 466
277 292
277 280
278 343
279 337
279 280
279 397
280 446
280 465
280 297
280 286
280 442
280 482
280 483
280 321
280 406
280 335
280 347
280 472
280 422
280 326
280 478
280 499
280 436
281 418
283 491
283 410
283 371
283 360
283 441
283 416
283 466
285 307
286 460
286 344
287 312
288 443
289 419
289 334
289 459
290 358
290 386
290 320
291 416
291 485
292 466
292 455
293 362
293 466
294 403
294 465
294 459
295 421
295 389
295 383
295 492
296 473
296 344
297 450
298 372
298 411
298 332
299 497
299 466
299 459
299 443
301 340
301 394
304 466
304 485
305 387
306 466
306 330
307 384
307 416
307 466
307 424
307 412
308 406
308 462
308 324
308 427
309 396
310 466
310 410
310 398
310 394
311 466
311 465
311 392
312 313
313 333
313 471
313 397
314 476
314 412
315 457
315 328
315 380
315 387
316 337
318 480
318 421
318 416
318 466
319 466
319 335
319 485
320 416
320 466
320 350
320 465
321 481
321 426
322 492
323 435
324 401
324 448
325 403
326 364
326 466
326 442
326 391
327 387
328 415
329 397
329 493
330 466
331 459
331 474
332 414
333 460
333 349
333 459
334 465
334 413
334 459
336 431
337 485
337 484
338 445
338 466
338 459
339 344
340 470
340 389
340 341
341 385
341 459
342 443
343 459
344 456
344 408
344 392
344 442
344 372
344 346
344 430
344 424
344 467
344 461
345 424
346 491
346 465
347 416
347 399
348 466
348 423
348 449
349 466
350 460
350 465
350 459
351 466
352 466
353 469
353 466
353 459
354 416
354 451
354 387
354 398
355 389
355 466
356 438
356 468
356 459
357 458
357 416
357 466
358 386
359 388
359 459
359 493
360 402
360 466
361 483
362 457
363 384
363 417
364 466
364 465
364 397
364 459
364 412
365 466
365 459
366 421
368 426
368 396
368 459
369 391
369 459
370 459
372 474
373 466
374 432
375 422
375 488
375 494
376 473
377 459
377 493
378 387
378 423
378 394
380 403
383 466
384 488
385 466
385 491
385 445
386 423
387 464
387 474
387 409
387 406
387 438
388 445
388 466
388 485
389 466
390 466
390 459
391 463
391 459
392 463
392 485
393 466
395 487
396 402
396 445
396 437
396 426
397 447
397 485
397 459
398 467
398 443
398 431
398 465
398 456
398 427
399 424
400 452
400 403
402 417
402 416
402 466
404 429
404 492
404 443
405 466
406 416
407 440
409 424
410 466
411 426
412 430
412 416
412 489
413 459
415 459
416 440
416 494
416 486
416 466
416 426
417 466
417 493
418 427
420 463
420 465
424 476
425 478
426 475
427 493
428 466
428 485
429 492
432 465
433 453
434 466
435 449
437 487
438 444
438 459
439 466
440 466
441 466
441 459
442 450
444 459
445 466
447 465
451 466
453 470
454 486
455 477
457 478
458 495
459 472
459 486
459 468
459 474
459 489
459 471
459 484
459 481
459 485
459 499
460 472
461 496
463 465
464 466
465 476
465 482
466 491
466 495
466 480
466 487
466 483
475 477
478 481
482 492
492 499
