#/Users/David/University/REU/Modularity/main.py
# GMT Sat Jun  4 16:16:43 2022
# 
0 318 236 77
1 143 146 163 3 431 20 233 287
2 314 309 498 394 276 158 209
3 218 94 232 254 267
4 102 426 187 118 113
5 262 163 365 456 253
6 215 481 66 84
7 18 42 373
8 121 34 59
9 339 85 145 325 326 159 26
10 264 220 56
11 227 375 461 23 44 380
12 251 329 292
13 395 471 204 382
14 199 292 354
15 256 361
16 84 88 414 206 377 324 372 160 31 172 408 82 413
17 136 392 98 71 221
18 387 365 153 127
19 272 287 34 430
20 147 150 108
21 152 423 47 436 336
22 143 421
23 47 173 420 238 114
24 278 143
25 419 321
26 242 381 44 269 257
27 69 109 190 222 82
28 408 375 412
29 53 58 496
30 437 175 159
31 132 50
32 405 296
33 149 42 301
34 417 280 298 374
35 215 313 84 122
36 305 148
37 301 254 366 188
38 308 42 396
39 49 401 45 382
40 76 234 181 355 350
41 235 293
42 436
43 299 55 204 345
44 295 329
45 179 475 195
46 333 342 281
47 397 387 336 403 332 278 125 127 172 423 399 421 143 276 232
48 389 447 415 425 185
49 128 135
50 186 316 93 407 223 91
51 410 262
52 137 269 273 293 114
53 159 199
54 428 210 256 404
55 275 419
56 418 243 330 226
57 350 126 133 101
58 438
59 142
60 159 311 350 76 299 234
61 125 222 132
62 489 349 231 196 366
63 198 107 469
64 208 281 214 472
65 457 98
66 207 84
67 411 214 350 280
68 202 480
69 116 164 219 245
70 266 402 159 214 482 388 184 198 467 354
71 199 252 371
72 328 177 316 185
73 256 162 216 385 485 490
74 406 444 214 415
75 399 153 161 428
76 437 350 496
77 442
78 333 212 91 362
79 402 436
80 355 232 230 365
81 444 288 289 354
82 132 294 88 361 162 378 138 244 369 274
83 305 291 360
84 349 263 325 466 215 169 196 122 450 192 248 489 339 145 341 85 326 464 462 488 165 314 136
85
86 410 198
87 319 297 469 107 288 302 90 193 286 129
88 414 206 465
89 388 402 159
90 487 354
91 438 247 328 183 458 342 113 254
92 388 211
93 145 406 410 235
94 130 359 131 163 447
95 386 165
96 263 147 272
97 159 467 355 277
98
99 260 322
100 192 462
101 490 131
102 310 189 340
103 402 411
104 343 133
105 275 158
106 284 220
107 265 354 252
108 359 262 288
109 112
110 201 471
111 263 349
112 190 331
113 212 162
114 282 408 446 227 249 346
115 266 438 482 161
116 205 483 240
117 153 282
118 211
119 442 393 270 440 358
120 445 353 170 209
121 429
122
123 445 191
124 354 288
125 436
126 202 354 297 432
127
128 351 327
129 279
130 167 262 379
131 147 352
132 361 309 497
133 160 367
134 413 416 409
135 260 176 373 449 401 182 322
136 442 471
137 420 400 370
138 160 206 493
139 291 305
140 261 417
141 169 249 159 208
142 393 270
143 332
144 384 404
145 271
146 267 147
147 351 150
148 364 391 182
149 423 272 161 217
150 232 385 157 368
151 479 312
152 178 364 342 316 274 229 375 183 295
153 319
154 400 446 381
155 244 160 161
156 401 226
157 361 162
158 209 460 383 426 468 463 319 166 452
159 208 175 419 307 411 181 214 443 173 303 196 380
160
161
162 376 449
163 322
164 438 419
165 487
166 288 427 214 354 252 365
167 431
168 170 371
169 263 271 464 349 339
170 387 284 310 209
171 213 264 294
172 397 336
173 434 304 234 194 438
174 341 492 424 469
175 402 350
176 305
177 364 342
178 406 348 257 191 225
179 265
180 441 362 397 265
181
182 250 321 493
183 198
184 262
185
186 274 384
187 268
188 317 470 382
189 498 243 209
190 331
191
192 349
193 489 386 432 323 354 233
194 452 454
195 240
196
197 374 395
198 499
199 319
200 351 495
201 303 456
202
203 481 263 337
204
205 245 312 433
206 293 343
207 341 380
208 438 402 261
209 277 275 251 383 340 320 242 476 358
210 286 381
211 329
212 406 229
213 289 297 252
214 350
215 304
216 465 217 367
217 465
218 234 380
219 392
220 454
221 357 348
222 357
223 491
224 281 338 345 228
225 274
226 270
227 420 381
228 301
229 270
230 259 232 353
231 392
232
233 288
234 433 249 438
235 274 348
236 442 346
237 456 382
238 412
239 464 313 406
240 252
241 358 483
242 398 295 494
243 373
244 343
245 476
246 438 350
247 388 307
248 313 450 372
249 350 396 439 289
250 290 327
251
252 427 422 439 469 451 308 378
253 453 456
254 428 315
255 301 283
256 324 377 372 376
257 258
258 282
259 368
260 391
261 384 270
262
263 466 410
264 353 415 424
265 320 297 432 354
266 348 315 449
267 431 359
268 496
269 370 400
270 358 298 287 416 384 272 405 273 296 440 483
271 326 325 333
272
273 398
274 418
275 466 277 460
276 309 383 393
277 350 463 425
278 350 387
279 389 435
280 298 417 409 440
281 396 304 434 350
282 295 498
283 397 399 423 357 301
284 351 291 424 353
285 312 354 422
286 336
287 330
288
289 480 422
290 322
291 369
292 461
293 398 446 400 484 304
294 465 476
295 375 398 381 493
296 440
297 345
298 440
299 488 382
300 334 319
301 387 354
302 399 439 323 354
303 345
304 350
305
306
307 396 350
308 350 428
309 342
310
311 402 350
312 381
313
314
315 403
316 348
317 451 456 471
318 392
319 320 354
320 354
321 396 350
322
323
324 465 343
325 333
326 465
327
328
329
330 394
331
332 387
333 459
334 386 475
335 459 342 473
336
337 349
338 474 415 470
339 464
340
341
342
343 369 391
344 346 407
345 395 474
346 458
347 406 410 389
348 445
349 398
350 438 496 402 388 467 476
351
352 354
353
354 451 439 427 422 475 419
355 379
356 425 463
357
358 405 440 393
359
360 389
361
362
363 453 382
364
365
366 477
367 376
368
369 376
370
371 471 470
372
373 429 495
374
375 472
376 490 465 415
377 449
378 455 491
379
380 398 408 494 446
381 408
382 488
383 498
384 430
385 478
386
387
388
389 447
390
391
392
393 413 440
394 447
395
396
397
398 494
399
400 465
401
402
403 421
404
405 461
406 486 484
407 486 499
408
409 465
410
411 433
412 492
413
414 493
415 435
416 490
417
418
419 482
420
421
422
423
424
425 468
426
427
428
429 447
430
431 459
432
433
434
435 440
436
437
438 443 478
439
440
441 458 445
442 457 479
443
444 486
445 459
446
447
448 488 474 490
449 482
450 477
451 461 469
452
453
454
455 465
456 471
457
458
459
460
461
462 477 466
463
464
465 485
466
467
468 476
469 494
470
471
472
473 486
474
475
476
477
478
479
480
481
482
483
484
485
486
487
488
489
490
491
492
493
494
495
496
497
498
499
