#/Users/David/University/REU/Modularity/main.py
# GMT Sat Jun  4 00:30:48 2022
# 
0 141 114 159 192 367 318
1 455 69 329 401 205 99 437 213 484 237 98 441 320 498 152 438 59 451 104 201 467 219 268 242 453 436 494 331 334 305 481 12 196 120 454 47 235 216
2 178 94 247 271 290
3 30 366 39 348 350 233
4 21 149 356 278 66 339
5 248 447 35 369 234
6 197 342 416 158 289 195 83 122
7 307 138 448 227 341 226
8 138 234 248 345
9 306 249 322 328
10 84 73 55 405 475
11 485 499 373 32 255 114 83 274 40 361
12 453 320
13 67 493 127 168 72 108
14 468 210 379 277
15 445 337 68 343 351 389 321
16 154 344 81 150 239 140 93 177 26 31 462 220 241
17 389 121 491 353 332 173 89 53 327 442 135 447 158
18 386 31 26 462 220
19 228 452 328 337
20 222 133 399 168 108
21 63 314
22 178 262 264 308
23 266 286 160
24 245 153 114 499 318
25 70 158 94 80 145
26 406 93 397 474 429 462 220
27 403 75 178 468 485
28 373 49 436
29 251 282 432
30 425 257 96 233 336 277 119
31 130 397 252 154 42 150 86 222 81 220 474 72 462 241
32 256 431 318
33 53 440 66 490
34 468 112 445 321 457
35 364 405 238 341 162 212 475 198 38 443 330 84
36 275 107 443 308 56 456
37 408 158 290 294
38 148
39 389 62 326 348 347 229 233 254
40 499
41 168 108 359 214 389 50
42 150 344 333 50 462 220 241
43 444 265 178 57 454 76 468 102
44 417 416
45 137 399 168 463 108
46 295 491 254
47 400 210 178 182 468 485
48 138 51 73 316
49 274 431 318
50 168 306 87 376
51 246
52 428 443 447 251
53 389 362 89 353 298 492 121 118 326 233 196 329 264
54 262 275 270 409
55 405 443 316
56 131 132 404 266 171 407 456 160 270 211 420 275 308 280 295
57 287 178 340 485 380 125 468
58 168 418 108
59 441 354
60 143 121 233
61 300 94 100 184 271 417 423 365 200
62 402 298 233 372 475
63 280 156
64 278 433
65 158 290 166 83
66 405 497 207 432 464 277 206 473
67 388 189 435 358 477 462
68 194 452
69 468 136 104 242 439 98
70 336 284 426
71 413 293
72 168 137 127 95 87 132
73 485 460 79 368
74 167 296 178 454 434 265 472 411 384 468 485 102 235
75 394 395 178
76 259 296 178 155 180 403 434 380 90 116
77 291 435 477
78 128 291 189
79 443
80 388 283 83
81 400 326 462 317 85 220
82 391 187
83 220 262 175 195 200 122 489 346 283 271 272 89
84 443
85 410 344 220 241
86 333 462 344 220
87 168
88 168 108 174 459 483 252
89 267 336 479 233 254
90 178 180 221 220
91 145 372 233
92 435 339
93 344 220 318
94 260 271
95 430 168 108 249
96 208 254
97 398 348 350 254 233
98 438 446 329 401 311 453 201 136 123 99 213 390
99 329 320
100 290 293 426
101 394 178 468 135 319 221 171
102 394 468 379 277 194
103 302 286 107
104 435 329 467 385
105 279 181 408
106 178 468 190 364
107 404 308 420 324 409 132 131 211 219
108 168 418 359 281 306 146 202 407
109 158 342 188
110 462 220 241
111 403 178 468
112 187
113 264 420
114 274 192
115 230 174
116 235 144 361 373 464
117 153 499
118 143 442 233 190
119 491 336 254
120 403 152 320
121 326 233 491
122 313
123 220 268 312 329
124 178 485
125 262 270
126 162 176
127 168 306 202 243 418 493 473
128 471 384 177 415 206
129 366 362 442 336 274
130 250 462 344 220 352
131 404 324
132 245 308
133 137 306 146 338 249 168 335
134 178 392 267
135 259 273 303 218 180 265 375 394 185 468 485
136 329 451 187
137 168
138 227 299 186 225
139 444 411 287 178
140 258 474 410 220
141 263 361
142 263 373 274 245 421
143 336 309 327 424 211
144 495 159
145 392 430 233
146 399 306
147 383 275 407
148 448 458
149 469 177
150 406 220
151 330 263 274 318 245
152
153 274 318
154 397 462 220
155 461 412 178 468
156 323 314
157 393 360 178 468
158 285 175 288 200 489 301
159 274 363
160 270 275 211
161 275 404 171 456
162 186 330 212 236
163 387 327 362 424 372 335 336 233
164 353 298 309 267 304 260 349 233
165 388 280 204
166 346 191
167 273 296 178 182 468
168 202 335 465 243 306 281 359 399 267 412 244
169 393 265 178 468 235 246 389
170 388 464
171 262
172 417 288
173 233 466 476 462
174 348 187 351 177
175
176 405 419 181 330
177 427 179 440 358
178 379 224 403 340 412 246 380 259 315 461 180 439 218 485 360 277 319 273 434 287 303 210 235 364 276 190 394 296 393 414 265 185 221 381 454 422 425 427 201
179 388 292 433 476
180 287 461 377 468
181 369 460 447 405 436
182 454 468
183 292 189 370
184 191 288
185 461 468 485
186 254 428 316 330
187 452
188 284 195
189 435
190 400 412 454
191
192 318 274 304
193 298 402 240 378 254
194 450 375
195 408 416 426 413 464 217
196 233 498 219 334
197 271
198 427
199 215 212
200 313
201
202 463 493
203 290 417 285
204 296 427 435
205 441
206 323
207 325 314 429 219
208 309 233
209 284 294
210 414 468 485 321
211 456
212 428 447 281
213 268 320 494
214 281 306
215 405 330
216 275 407 456 324 460 232
217 284 290
218 403 468
219 312 320 355
220 462 344 222 486 241 258 261 474 478 239 386 252 365 333 250 385 297 418
221 468 315
222 385 297 241
223 299 458 236 346
224 468
225 330 251
226 279 443 448
227 330 236 368
228 468
229 389 476 495 233
230 321 496 249
231 454 347 254
232 275 404
233 269 378 304 466 267 476 495 387 347 254 366 470 295 367 492 353 256 477 272
234 317 290
235 393 265 319 485 277
236 307
237 401 451 321
238 443 330
239 385 258 261 241
240 466 366
241 261 344 333 478 486 385 406 462 252 450 472
242 331
243 481 306
244 493 399
245 255
246 287 468 303
247 413
248 491 330
249 445 396 452
250 297 333 344
251 330 475
252 386 462
253 483 496
254 430 389 298 349 466 332 350 479 329
255 274
256 344 488
257 495 336
258 344 377
259 276 273 319 364 449 468
260 468 289
261 462
262 383 324
263 421
264 407 409
265
266 286 456 420 308
267 491 378
268 467
269 350
270 409
271 288
272 396 321
273 400 468
274 431 445
275 286 383 306 335
276 400 403 277 296
277
278 323 464 449 360 435
279 345
280 435 399
281 376
282 415 473
283 294 426
284
285 408 342
286 302 456
287 468
288 417
289 290 293
290 408 489 413 300 346
291 427
292 464
293
294 413
295 389 442
296 393 439 303 395 468
297
298 347 491
299 475 375
300
301 417
302 456
303 340 485
304 326 378
305 438
306 399 359 493 465
307 468
308 456
309 389 332 476
310 449 356 469
311 329 438
312
313
314 339
315 485 454
316 443 460 324 330
317 443 405 371 447
318 421 499 431
319 468
320 441 329 438 389 328
321 374 322 445 328 351 396 496 483 457 357
322
323 477
324
325 435 477
326 362
327 349 491
328 452 483
329 436 401 498
330 369 345 475 443 419 371 448 351
331 481 401 336
332 347
333 462
334 436 481
335 465
336 402 347 367 462
337 452
338
339 490
340 468 485
341 419 369 475
342
343 396
344 377 478 386 365
345 475
346 408
347 430 392 491 439
348 424 387 491
349
350
351
352 397
353 430 466 476 491
354 455 355
355
356
357 390 391
358 429 487 370
359 399
360 403 468
361 363
362 387
363
364 400 414
365 462
366
367
368 494
369
370
371
372
373
374 483
375 457 480
376 465
377
378 470 479 389 441
379
380 400 414 468
381 411 468
382 473 471
383
384
385 462
386 410 462
387 442
388 490 464 435
389 402 495 430
390 480
391
392
393 395 412 485
394 412 439 395 493 468
395 468
396 457
397 462
398 466 442
399 418
400 468
401 446 437
402
403 439 468
404
405 443
406 462
407 456
408 423 416
409 456
410 462
411 414 422 468
412
413 417
414
415
416
417
418 465
419
420
421 488 431
422 434 468 485
423
424 441
425 470
426
427 432
428
429 487 497
430
431
432 471
433
434 468
435
436 498 441 456
437 441
438 441 467
439 468 485
440
441 467 494
442 479 463 466
443 458 479
444 468
445 480 482
446
447
448
449
450
451 494 484
452 459
453 455
454 485
455
456
457
458
459
460
461 468
462 478 474 486
463
464
465
466
467
468 485 472
469
470
471
472
473
474
475
476
477
478
479
480
481 498
482 496
483
484
485
486
487
488
489
490
491
492
493
494
495
496
497
498
499
