#/Users/David/University/REU/Modularity/main.py
# GMT Sat Jun  4 16:16:43 2022
# 
0 115 63 953
1 543 335 141 782
2 689 735 678 720 214
3 721 896 648 293 712 659 350 332
4 982 341 812
5 557 186 795
6 640 644 97
7 334 19 280 92 976 201 440 78 220
8 661 677
9 998 798
10 973 898 295 136 954 471 487
11 396 422
12 900 393 629 474 843 593
13 20 464 15 58 366 759
14 107 98 456 407 421 831
15 901 776 268 934
16 292 857 666 419 596
17 951 400
18 76 824 862 612
19 440 165 55
20 864 226 617 622 593
21 782 273 241 669 370
22 906 143 653 600 452
23 261 861 791
24 139 392 28 749
25 975 261
26 922 583 380 926 195 63 741
27 433 145 279
28 139 755 981
29 787 871 756 250 764
30 645 918 970 472
31 551 97 975
32 847 962 567
33 121 180 294 52
34 223 698 968 50 87
35 390 871
36 662 412 973 438
37 541 778 57 78
38 907 580 242 733 762
39 286 658 351 740 886
40 522 675
41 512 789 791 770 978
42 980 501 981
43 168 849 897 439 64
44 450 281 478
45 261 120 78
46 699 202 924 960 84
47 306 463 695 471 732
48 258 959 942 56
49 650 86 835
50 830 481 741 115
51 848 620 943 850 915 838
52 650 681 553 106 54 777 571 604 706 294 115
53 757 568 624 850 285 466 747 562 592 620 230 888 558 124 849 855 443
54 546 252 571
55 541 976 998 780 795 798 210 187 78
56 791 400 519 963 978
57 780 714 976
58 643 401 932
59 266 945 397
60 910 146 709
61 258 791 861
62 911 543 452
63 66 698
64 327 862
65 913 404 807 874 520 964 903
66 414 453
67 542 968 414
68 518 599 717
69 417 898 136 591 471 666
70 566 336 720
71 708 209
72 629 109 595
73 155 989
74 313 341 638
75 771 417 430 460 746 311
76 935 937 566
77 497 859 673
78 657 780 541 976 164 220
79 525 325 967 896 535 205 830
80 855 620 983 996
81 184 765
82 269 593 641
83 593 903
84 136 851
85 777 434
86 294 679 343 875
87 187
88 993 803 774 813 359
89 675 915
90 593 854 893 217
91 278 549
92 554 780 294
93 930 437 958 856
94 561 711 630 461 455 667 755
95 513 264 912
96 123 151 116
97 128 122 471
98 417 630
99 647 311 227
100 533 921 818 784 626 274 510 718 562
101 601 737 625 504
102 750 865 671
103 556 321 873
104 136 589 471 732 132
105 668 172
106 279 553
107 417 561
108 901 425
109 716 593 223 382
110 194 193 326 673 323 984
111 556 479 668
112 267 677
113 923 172 556
114 294 682 603
115 284 830 222 187 759
116 907
117 686 437
118 136 463 471 858 760
119 404 793 427
120 272 791 462 722 123
121 294 681 835 252 337 682 853
122 536 243 634
123 519 660 400 959 978 633 931
124 581 628 702 983 230 567 848 698
125 682 836 867
126 651 162
127 587 313
128 291 748 999
129 903 896 317 492
130 224 514 892
131 871 915 787 605 756
132 425 237
133 199 257
134 544 639 174
135 422 486 775 580 242
136 673 732 373 817 602 941 614 144 655
137 260 788 593 594
138 385 513
139 398 490 827 548 144
140 645 218 405 539 168
141 527 147 696 638
142 351 190 964 550
143 822 545 168
144 392 283 980 742 879 500
145 687 673 206 286
146
147 558
148 397 925 427 685
149 375 367
150 593 525
151 511 225
152 701 606
153 191 279 687 349 933
154 781 743
155 324 812 370 509
156 262 322 812 313 982
157 326 442 889 785
158 646 887 609
159 882 993 996
160 397 411 203 913 294
161 664 718 430
162 643 934 464 296 499 642 519 300
163 333 317 969 584
164 795 220 976
165 280
166 777 650 294 508 330 603
167 387 547 745
168 918 552 906 423 275 360 773 175 822 523 667
169 859 328
170 665 949
171 419 428
172 754 607 666 299 448 950 470
173 202 494 531
174 366
175 899
176 561 801
177 608 922 453 219 222
178 520 290 427 834
179 673 279 933 329
180 729
181 182 198 852
182 432 708
183 427 685 806 807 523
184 468 192 665 297
185 487 686 470 596 873
186 280
187 948 608
188 797 361
189 194 433 601 328 256 498
190 427 834
191 802
192 917 696 598
193 785 200
194 673
195 417 717 734 746
196 440 284
197 311 684 614 373 295 579 619 436 495 715 858 310 989 851 732
198 911 819 356
199 399
200 625 279
201 413 384 588 480 254
202 786 666
203 266 793
204 770 978
205 903
206 961
207 294 546
208 513 317
209 917 665
210 541 440
211 621 509 982
212 426 560 360
213 548 589 614 858
214 577 233
215 926 387
216 540 451
217 768 641 593
218 391 918 667
219 542 840
220 440
221 604 553 376
222 919 480 254 354
223 900 593 269 629 870 342 474
224 973
225 438
226 900 393 792 593
227 311 471 715 339 466
228 988 524 489 774 359 938
229 666 924
230 734
231 781 920
232 833 577
233 435
234 715 306
235 357 267
236 595 792
237 544
238 730 466 774
239 690 461 631
240 908 270 935
241 273 772
242 738
243 999 291
244 879 755 246
245 918 472
246 528 978
247 997 374
248 866 887 634
249 565 311 851 471 487
250 367 353 522
251 267 755
252 294 604
253 491 468 582 506
254 608 922 297 948 823 444
255 257 989 812 509
256 528 392 742
257 459 262
258 512 340 909 791 978
259 362 390 915 869 756
260 979 449 593
261 791 978 633
262 341
263 851 956 302 471
264 517
265 978 378
266 632 586 397 596 793 834
267 981 749
268 635 709
269 413
270 908 972 555
271 652 901
272 526 978
273 424
274 461 510 561 572 456
275 360 779
276 401 643
277 636 431 596 358 532
278 805 944 527 549 819 772 426 814 491
279 790
280 289
281 308 465
282 360 653 552 826 476
283 392 398 677 500
284 297 308 451
285 774
286 683 601 843 673 914
287 471 505 428 754
288 575 365 883
289 778 795
290 397
291 658 751 887
292 432 556
293 891
294 473 846 875 590 604 705 679 816 821 508 706 571 936 965 650 434 867 369 681 801 381 574 927 309 777 337 682 379 836 376 330 835 501 557
295 955 589 471 732
296 901 651 709
297 797 480 540
298 853 569
299 666 924 556 445 958 358
300 635
301 652 464 425
302 956 471
303 704 348
304 682 416 603 369 860
305 828 446 707
306 619 310 715
307 941 614 373
308 387 692
309 650 330
310 647 395 311 851 471 858
311 684
312 842 786 596
313 989 699
314 371 833 885
315 808 460
316 973 995 733 762
317 530 891 845 426
318 575 616 994
319 769 689 971
320 791 978
321 923 842
322 509
323 627 673 834
324 812 895 509
325 513 903 701 521
326 673 683 809
327 908 939 971
328 673 420
329 673
330
331 697 686 731
332 477
333 525
334 440 976
335 782 880
336 678 824
337 835 766
338 566 769 678
339 812 426 699 509
340 791
341 509
342 593 768 716 617
343 650 860
344 950 566 829 477 851
345 700 809
346 802 703 687 673 403 504 921
347 539 906
348 842 873
349 889
350 796 839 712
351 658 999 609 866
352 427 550 483
353 675 871 726
354 387
355 513 532
356 708 991 549
357 490
358 873
359 779
360 388 656
361 922
362 618
363 561 578 485 623
364 812 865
365 601 790
366 643
367 987 869
368 390 992
369 936
370 699 895
371 477
372 581 747
373 974 471
374 514 995
375 564
376 868
377 493 629
378 950
379 777 705
380 608
381 836
382 593 595 895
383 725 473
384 745
385 613 659
386 398 521
387 948 538 450
388 656 545
389 585 728 466 996 477
390 869 488 884
391 906
392 490 528 749
393 449 617 979 792 788 622 893 951
394 899 600 761 545
395 548 602 760 591 471 495
396 762
397 610 586 427
398 682
399 895 881 812 509
400 951
401
402 843 673
403 663 498 957
404 509
405 773 656 423 918
406 783 969 606
407 417 573 837 767
408 775 486 412
409 411 925 834
410 794 533
411 610 427 834
412 733
413 467 929 493 593
414 905 698
415 791 519 978
416 571 801 821
417 771 455 513
418 516 513 902 783
419 596
420 790 963 504
421 533 573
422
423 545 556
424 944 558 432
425
426 894 699
427 806 550 807 925 913 874 642 483
428
429 591 647 954
430 674 561 752
431 800 563
432 549 691 558 908
433 914 811
434 801 766
435 939 908 720
436 898 684 727 471
437
438 662 484 907 730
439 735 570
440 657 541 798
441 887 774 849
442 673 666
443 592
444 920 525
445 800 596
446 908
447 616 883
448 916 923 774
449 593 983
450
451 540 588
452 814 691 506 489
453 542 503
454 532 517
455 713 718
456 461
457 728 730
458 967 781
459 895
460 533 711
461 630 767 528
462 791
463 495
464 651
465 922
466 774 562 672 628 750 888 993
467 593 893
468 527
469 911 638
470 851
471 851 548 715 974 579 954 565 602 487 727 676 589 684 817 760 898 798 740
472
473 675 632 522 787
474 768 900
475 841 593 854
476 656
477 908
478 953
479 537 946 873
480 774
481 922
482 537 958
483
484 733 995
485 818 690 713
486
487 676 655
488 632
489 628 865
490
491 638
492 516
493 870 877
494 666 923
495 676
496 513 659 920
497 815
498 673
499 642 910 529
500
501 661 749
502 754 704
503 948 876 840 827
504 673
505 656 666 563
506
507 740 654
508 965
509 699 621 881 990
510 561 734
511 662 973 738 997
512 978
513 763 947
514
515 525 912
516
517 942
518 711 578
519 909 730
520 550 964 834 923
521 981
522 758 771
523 773 600 667
524 568 890 865
525 976 920 535
526 978 832 951 791
527 708 949
528 720
529 635
530 781
531 878 987 564
532 845 611
533 626 664
534 987 906 791
535 845
536 887 748
537
538 876
539 552
540 698
541
542 905
543 819 991
544 858 901
545 822 658
546 777 810
547 876 692
548
549 691
550 586
551 646
552 906 761
553 574
554 629 557
555 707
556 800 952 960 686 596 607
557
558 615
559 803 719 774 838 865
560 812 744
561 674 966 752 626 623 670 713 921 690 784 808 710 771 746 567
562 624 985 847
563 958
564 756 618 884 632
565 579
566 678 829
567
568 888
569 894 989
570 939
571 927
572 977 599 721
573 771
574 777 927
575 815 673
576 902 967
577 829
578 966 680 762
579 817 596
580
581 962
582 911 691
583 797
584 920
585 702 592 730 774
586 925
587 812 724
588 919 840
589
590 927
591
592 962 628 774 811 849 865
593 863 716 768 792 900 622 929 629 870 641 595 979 877 788 864 594 700 753
594 870 629
595
596 916 666 946 844 697 857 821
597
598 615
599 771 794
600 906 653 656
601 625 933
602
603 777
604
605 987
606
607 668
608
609 654
610 793 945 834
611 727
612 897
613 902
614 954
615
616 883
617 641 841
618
619 817
620
621 812 699
622 841
623 710
624 750 890
625 843
626 721
627 703 994
628 983
629
630
631 825
632 787
633
634 999
635 709
636 666 856 873
637 746 975
638 765 691
639 776
640 748
641
642
643 872 709
644 756 654
645 773 653 826
646 740
647
648 902 659
649 999
650 816
651
652 872
653 656 799
654 658
655 695
656 799 667
657 780 998
658 999
659
660 791 951
661 742
662
663 700
664
665 772
666 844 704 731 946
667 779
668 924 697 844 873
669 772
670 794 680 711
671 888 688
672 988 985 747 983
673 703 957 914 889 901
674 921 718
675 777
676 791 858
677 755
678 689 833
679
680 736
681 729 846 953 682
682
683 859
684
685 807
686
687
688 813 811
689 824
690 808
691 820
692
693 807 896 928
694 939 828
695
696 852 835
697 800
698
699 812 881
700
701 896
702 811
703
704 873
705
706
707
708 805
709 901 886 759
710 784
711
712 763
713 723
714 780
715
716 863
717 808 977
718 784
719 757
720 908 937
721 736 808 734
722 832
723 771 794
724 812
725 739 987
726 878 787
727 851 955 974 858
728 774
729
730 943 882 747 983
731 856
732 858 756
733 995
734 818 825
735
736 837
737 815 961
738 907 997 892
739 878
740 975
741 823
742
743 804 891
744 812 853 767
745
746 771 825
747 757 850
748
749 827
750 774
751 975
752
753
754
755 879 980
756 869
757 849 865 904
758 787
759
760
761 899
762
763 781
764 987
765 917 940
766
767 818 771
768
769 937
770 832 951
771 784
772
773
774 938 985 996 904 865
775 892
776 932
777
778 998
779 970
780
781 902
782 911 944
783
784
785
786
787
788
789 931
790 809
791 909 959 978 931 951 986
792
793 807 964 817
794 825 978
795
796
797 823
798
799 918
800 873
801 835
802
803
804 902
805
806 913 834
807 874 945 834 865
808
809
810
811 983
812 853 867
813
814
815 889
816
817
818
819 873
820 944
821
822
823
824 885
825
826
827
828
829 897
830
831 977
832
833
834 925 874
835
836 936
837
838 890 983
839 920
840
841
842 844 873
843
844 856
845
846
847 985 902
848
849
850 985
851 974
852 880
853
854 929
855 983
856
857
858
859
860
861
862 971
863
864 929
865
866 887
867
868 936 927
869
870
871
872
873
874
875
876
877
878
879 980
880
881 990
882
883
884
885
886 887
887
888 983
889
890
891
892
893
894
895
896
897 971
898
899 906
900 929
901
902 947
903
904 920
905 922
906
907
908 950
909
910
911
912
913
914
915
916
917
918
919
920
921
922
923
924
925
926
927
928 947
929
930 952
931 978
932
933
934
935
936
937
938
939
940 991
941 955
942
943 983 986
944
945
946
947
948
949
950 972
951
952 958
953
954 956
955
956
957
958
959
960
961 984
962
963
964
965
966
967
968
969
970
971
972
973
974
975
976
977
978
979
980
981
982
983
984
985
986
987 992
988
989
990
991
992
993
994
995
996
997
998
999
