#/Users/David/University/REU/Modularity/main.py
# GMT Sat Jun  4 15:03:50 2022
# 
0 141 266 149 30 165 478 369
1 134 12 400
2 209 12 54
3 485 143
4 95 241 266 478 102 361
5 368 416 223 101
6 370 231 383 143 36 14 275
7 311 469 190 466 211
8 447 48
9 52 364 168 55 60
10 79 465 18 279 35 61
11 321 273 211
12 114
13 295 76 466 211
14 175 360 442 423
15 375 268
16 22 266 94
17 49 210 424 63 460 416
18 276 23 35 115
19 398 390 249 463 20 403 96
20 398 187
21 46 496 41 291 253
22 397
23 388 35 178 465
24 181 66 25
25 446 162 332 375
26 394 445 256 247
27 46 135 418 498
28 132 477
29 407 422 270 302
30 428 245 208 110 369
31 288 477
32 155 344 38 431 52 310
33 182 68 230
34 134 482
35 307 322 79 39 50 160 153 461 413
36 133 260 255
37 396
38 476 359 438 314 399 347
39 153
40 316 248 470
41 84
42 341 339 45
43 274 63 148 395 305 88 416 204 81 210 350 262 108
44 148 158 262
45 387 288 475
46 418 183 484
47 159 289
48 179
49 346 121 290
50 67 117
51 169 171 105
52 414 93 439 220 230 344 300 252 105 476 58 233
53 284 153
54 283 168 86 139 265 179
55 265
56 468 380 167 497 252
57 296 479 58 450
58 431
59 190 311 196 211
60 254 451 327 78 232 354 351 283 202 205 168 342 306 494 392 404
61 256 160 153 294 389 445 310
62 355 351 205
63 453 119
64 407 287 304 91 125
65 426 175
66 142 417
67 157 229 473
68 320 116
69 430 432
70 193 97 330
71 257 384
72 438 492
73 255 172 191
74 411 339 367
75 292 427
76 381 77
77 434 454 189 321 295 493 211 374
78 232
79 307 115
80 351 355
81 263 303 217 487
82 391 213
83 266 241
84 253
85 146 420
86 452 493
87 456 460
88 329 217
89 136 143 363
90 466 211
91 145
92 194 335 97 396
93 171 285 233
94 425
95 208 478
96 349 488
97 192 157 128 473 124 376 281 239 335 490 330 489 197 444
98 138 498 194
99 324 348 251
100 272 421 210
101 272 373 148 424 421 382
102 396
103 336 205 243
104 406 296
105 414 116
106 137 187 237
107 386 482
108 318 413 420 176 208
109 310 378
110 397
111 149 396 369
112 286 120
113 308 368
114 170 352 198
115 389
116 309 220 230 431 299 415 414 163 239 193
117 389 322
118 158 307
119 263 379
120 289
121 140 303 204
122 135 410 177
123 308
124 128 157
125 269
126 181 382 474
127 190 454 466
128 229 330 194 328
129 489 486 409 186 330
130 445 399 284
131 133 293 244 443 255
132 353 209 288
133 496 138
134
135 483
136 301 326 406 175 432 308
137 318 302
138 257 418
139 364 327 254
140 291 455 356
141 245 149
142 188 407
143
144 293 484 174
145 268
146 463 164
147 360 296
148 359
149 266 224 396 214 369
150 414 302 304
151 171 395 433
152 407 271 161 427 332
153 379 160 178
154 309 314 282 431
155 380 285 167 252
156 389 256
157 277 467
158 263 350 214 453 369
159 206 371 173 417
160 288 258 388 394
161 271 417 302
162 417 188 289 269 479 181
163 459 320 310 300 299 182 466
164 391
165 348
166 196 457 211 217
167 419
168 179
169 282 344 171 310
170 288 475
171 476 468 438 233 310
172 321 190 466 211
173 471 358 372
174 291
175 308 449 485 211
176 242 318
177 293
178 280 440 324 461 465
179 405 197 354 493
180 259 334
181 422 297 206 427 471 262
182 207 476 468 420 347 497
183 293 255
184 301 435 368
185 388 279
186 239 194
187 463
188 407 198
189 393 434 211
190 236 381 258 454 211
191 393 211
192 277 194
193 467 330 212
194 489 281 460
195 433 222 356
196 211
197 283 447 405 462 336
198 304 382 417 225 358
199 383 430
200 436 441 379
201 454 408 457
202 451
203 269 474
204 210 272 329 424 274 359
205
206 271
207 310 377
208 396 385 478
209
210 416 421
211 311 357 393 381 259 362 454 469 466 434 408 273 334 392 472 374 340 236 380 264
212 281
213 403 413
214 346 238 455
215 390 228
216 415 299
217 421 487 441 235
218 470 427
219 270 407
220 419
221 368 450
222 262 238
223 350
224 249 369
225 271 292
226 351 313 243
227 436 471 375
228 463
229
230 359 300
231 275 383 444 240
232
233 497
234 398 403 463 348 237
235 424 305 238 379
236 273 374
237
238 441 494 379
239 409
240 406
241 396 478 361
242 413
243
244 257
245 351 396 464 369 246
246 425
247 389
248 304
249 390 343 348
250 291 498
251 343
252 492 302
253 257 384 261 484 333
254
255 257
256 294 389
257
258
259 334 340 434 472 478
260 410 384 498
261 293 325
262 437
263 329 453
264 483 443 325
265 385 491 462 313
266 396 402
267 429 352
268 446
269 287 407
270 422 474 302 372 427 491
271 382 297 316 372
272 290 346 412 416 421
273
274 455 331 379
275 444 363
276 323
277 333 486 460 335
278 387 352 288 407
279 323
280 388 399
281 335 486 456
282 310 285
283 327 306 452
284
285 468
286 427
287 427 436
288 386 400 477 411 495 339 429 338 331 308
289 319
290 412 437
291 498
292 417 319
293
294 352 388 404
295 334 357
296
297 310
298 423 370 308
299 439 497 315
300 419 310
301 308
302
303
304 371 436 463
305
306 494
307
308 450 406 449
309 333 431
310 365 347 314 315 448
311 321
312 412 416
313 364 481
314
315 378
316
317 436 471 407
318
319 371
320
321
322 388
323 404
324 499 403 390 348
325
326 406
327
328 456 486
329 427 424
330
331
332
333 414 480 359
334 362
335 489 473 460 402
336 385
337 400 367 482
338 387
339 352
340 420
341 411 495
342 385
343 349 488
344 497
345 396 464 425
346
347
348
349 413
350
351
352
353 482
354
355
356 424 379
357
358
359 380
360
361 397 478 387
362 482
363 406
364 462 481 491
365 448
366 458
367 401
368 485
369 425 464 396
370
371 463
372 407 391
373 421
374
375
376 460
377 497
378
379
380 480 497
381 393
382
383 485
384 496 484
385
386 387
387
388 421
389
390 391
391 420
392
393
394
395 433
396
397 425 428 478
398
399
400
401 482
402
403 421
404
405 451
406 442
407
408
409 424
410
411
412 421
413 420
414 415
415
416
417
418
419 448
420
421 441 437
422
423 450
424
425 464 478
426 435 458
427
428
429
430 435
431
432
433
434
435
436 446
437 441 453
438
439
440 461
441
442 458
443
444 479 450
445
446
447
448
449
450
451
452
453
454
455
456
457
458 479
459
460
461
462 481
463 499
464
465
466
467 490
468
469
470
471
472
473
474
475
476
477
478
479
480
481
482
483
484
485
486 497
487
488
489
490
491
492
493
494
495
496
497
498
499
