#/Users/David/University/REU/Modularity/main.py
# GMT Sat Jun  4 17:22:44 2022
# 
0 397 968 603 807 733 992 945 211 661 417 122 675 460
1 933 600 838 645 421 150 604 525 354 262 550 995 892 232 581
2 51 523 438 74 929 818 5 72 206 680 425 174 563 377 182
3 884 335 952 126 787 959 381 702 845 463 225 957 814 293 515 724 185 846 633 910 144 679 169 819 693 100 686 807 404 449 741
4 131 18 407 856 873 443 518 397 721 637 667 828 109
5 400 169 409 347 877 536 824 17 182 66 69 630 568
6 902 775 728 326 60 175 48 577 993 155 668 347 776 390 610 296 725 842
7 846 664 134 853 843 727 489 880 78 405 723 600 652 589 20 9 834 975 188 604 324 38 656 59 547 236 386 980 563 135 704 396 633 310 505 630 673 197
8 388 219 879 475 145 133 670 147 650 720 613 659 336 315 703 322 598 296
9 878 758 648 358 534 347 613 218 114 633 74 768 619 662
10 205 295 638 368 905 792 739 413 819 693 190 489
11 287 418 728 482 484 502 458 721 148 498 235 496 959 57 670 704 935
12 113 728 400 523 155 337 116 552 542 947 53 180 591 871 762 389 538 314
13 900 773 388 973 879 629 62 428 526 146 720 89 846 272 975 446
14 846 975 284 777 892 772 651 657 67 202 229 246 49 16
15 98 659 481 602 972 797 696 847 235 161 759 233 172 270 223 177 453 400 93 729 257 31 675
16 682 819 347 522 197 759 596 120 763 581 736 118
17 139 957 850 465 245 883 588 837 898 716 606 356 980 258 566 874 182 316 630 442 66 719 815 798 976 431 383 700 309 207 502 221 175 768 349 704 575 307 864 216 684 369 766 587 300 211 995 286 797 63 986 802 23 640 801 224 643 265 554 726 711 545 880 86 195 790 627 586 492 613 243 651 355 903 772 642 532 539
18 138 721 131 961 334 844 28 933 444 506 853 822 703 495 578
19 547 134 861 617 712 723 985 351
20 993 776 783 470 588 699 315 701 723 853 114 256 811 22 564 195 161
21 994 440 636 455 55 73 239 114 562 263 677 970
22 409 380 424 194 443 935 628 823 370 307 537 698 195 581
23 86 828 143 183 771 655 891 784 45 44 237 502 529 625 385 693 893 337 590 873 130 195 154
24 712 847 918 548 459 126 935 155 947 53 515 362
25 613 712 438 261 237 746 73 903 44 45 873 362 533
26 116 705 366 381 776 664 253 902 206 751 633 781 557 805
27 721 922 155 918 648 390 945 853 393 306 947 53 996 174 416
28 444 110 131 263 886 667 287 721 772 700 940 313 351 578
29 804 348 769 120 65 925 979 618 409 689 212 347 82
30 96 260 746 632 164 627 751 351 101
31 339 947 442 313 628 823 351 949 983 79 427 858 400 650 707 801 935 195 989
32 104 70 975 550 530 404 703
33 829 774 579 833 53 892 696 817 439 446 458 332 929 672 865
34 853 514 792 524 137 865 576 897 135 698 940 305 714 733
35 648 400 917 923 155 392 750 866 947 53 808 875 195
36 921 630 283 861 568 530 965 150 605 238 953 137 647 527 728 448
37 86 942 209 291 236 819 82 313 195 118
38 113 528 595 202 946 392 827 519 919 382 829 293 588 754 807 733 236
39 646 390 779 264 531 681 280 505 987 374 460 76 196
40 402 310 891 649 362 783 56 520 85
41 900 393 559 169 135 109 202 511 810 264 730 472 771 689 539 400 791 229 499 310 649
42 385 104 388 947 399 640 283 479 469
43 720 885 822 670 619 665 896 436 181 197 243
44 484 87 784 273 913 627 472 801 497
45 132 143 214 362 634 709 827 343 484 378 873
46 846 542 687 767 648 461 374 526 923 967 311 420 61 312 248 810 99 947 53 711 812 436 196
47 993 241 153 517 991 672 192 916 753 790 462 714
48 635 737 522 342 68 718 615 581 736 118 765
49 952 608 868 83 818 929 75 170 865 767 503 328 178 563 310 694
50 712 303 963 647 179 273 833 452 235 884 155 182 312
51 388 712 835 378 696 119 555 507 971 846 847 217 987 644 229 743 377 734
52 358 137 940 849 122 237 888 526 736
53 847 244 523 526 400 917 795 155 542 559 947 341 268 979 402 767 331 346 127 905 180 430 654 548 996 376 586 496 752 687 910 881 325 461 543 112 922 604 270 308 918 829 611 648 967 300 80 184 306 625 336 836 813 923 340 301 919 567 447 60 556 717 644 669 964 635 768 194 444 806 495 363 765 326 664 903 276 931 334 839 241 874 212 599 614 440 221 857 773 245 538 355 622 728 298 327 645 512
54 70 879 305 730 122 544 678 619 532 245 444
55 343 542 369 538 642 510 313 175 460 581 744 118 199
56 268 100 528 667 668 409 812 180 536 580 510 499 778 766 934
57 720 701 843 428 182 468 68 882 254 563 59
58 928 253 758 547 453 963 294 517 697 651 742 846 481 114 254 930
59 973 213 542 191 141 299 956 427 466 520 302 300 919 454 325 722 212 652 64 469 976 383
60 735 696 423 433 313 195 223
61 705 819 162 959 463 126 669 858 553 406 746 454 350 358 538 801 118
62 918 693 182 431 126 758 859 785
63 624 169 880 660 179 948 710 628 175 198 782 372 391 805
64 413 633 185 494 491 806 334 78 559 859
65 398 244 409 958 311 812 256 212 347 96 634 610 163 759
66 769 652 986 182 909 320 226 803 156 874
67 290 135 703 511 229 391 535 979 417 260 202 246 560 621
68 641 550 504 421 607 494 894 692 233 788 892 995 445 254 998 406 646 185 255 882 926 144 188 814 371 674 135 401 620 750 369 877 477 732
69 419 409 701 593 258 399 729 845 500
70 388 414 735 373 643 650 298 974 993 888 523 520 203 720 475 77 121 320 714 516
71 298 625 723 200 763 561 321 297 849
72 559 413 853 703 322 590 625 229 755 246
73 909 312 945 220 511 744 118
74 368 473 929 90 488 377 716 753 736
75 813 687 91 494 390 809 962 333 743 299 468
76 343 947 190 920 272 832 394 153 102 546 310 785 483 353 881 506
77 205 846 242 81 97 481 471 622 973 86 193 924 418 758 149 122 538 460
78 138 358 272 701 843 994 360 282 466 170 633 460
79 369 291 195 160 278 556 647 109 677 309 201
80 155 559 947 464 96 811 677 313 660 403
81 453 846 142 157 147 248 758 253 155 369 744 842
82 560 434 520 257 220 621 422 811 814 908 747 986 588
83 950 947 504 809 174 563 969 357 674 103
84 397 352 250 774 179 446 711 254 293 585 970 675
85 577 211 799 267 228 474 247 679 742 488 352 396 165 698
86 387 528 409 614 348 167 585 718 983
87 98 602 548 284 810 826 703 322 229 438 675
88 795 413 136 272 664 410 691 633 956
89 900 650 298 720 250 271 340 126 959 217 446
90 947 331 476 995 320 376 161 992
91 138 92 396 660 724 583 470 302 747 575 101 460
92 397 933 615 637 770 358 506 922 689 695 784
93 186 998 135 284 322 232 355 566 393 923 386 109 755 499 364
94 212 171 563 824 193 838 437 751 876 986 197 662
95 298 550 185 504 406 583 518 241 254
96 298 939 897 776 272 529 723 994 964 206 548 278 271 680 784 248 193 522
97 659 928 294 705 846 343 240 596 492 619 235 758 300 358 941
98 773 298 968 590 393 858 916 146 624 400 317 935 469 625 913 421 541 801
99 918 384 897 272 701 583 627 114 633 546 556
100 786 549 952 591 335 603 285 190 682 717 820 193 128 668 781 491 925 205 429 869 122 497
101 856 973 846 270 984 175 349 382 223 198 611 978 968 172 357 688
102 797 946 305 730 232 422 161
103 653 884 180 218 851 875 284 312
104 775 401 474 479 993 902 139 629 327 628 105 750 229 118 732
105 139 148 158 340 889 899 336 725 821 813 112 788 607 690 718 839 970 199
106 916 526 144 396 272 262 448 522 440 312 197 631 744 118
107 647 535 786 549 682 693 335 659 837 538 323 181
108 122 539 738 741 571 219 702 378 206
109 240 358 147 777 229 232 856 748 386 698 193 852
110 790 748 601 468 297 209 637 474 177 813 633 873 561
111 764 272 701 853 975 180 849 998 114 221 514
112 858 235 918 542 947 327 829 429 233 344 775 966 693 114 499 630 781 239
113 398 274 287 856 445 506 987 238 518 985
114 783 272 751 600 218 994 664 975 529 727 405 396 776 871 701 834 148 226 351 438 558 251 817 349 667 890 885 164 446
115 637 923 542 895 299 560 871 230
116 129 397 790 748 594 878 407 561 227 189 618 563 404
117 625 409 136 652 405 853 990 177 633 703 873 207 610 382
118 538 628 522 583 970 736 426 631 440 567 725 488 737 943 239 312 455 785 226 558 708 635 688 296 914 642 888 759 691 744 555 341 881 361 186 216 930 266 208 852 574 872 404 634 195 384 348 891 438 316
119 397 452 846 304 310 441 141 404
120 601 720 830 409 860 904 618 935 955
121 968 162 769 534 347 692 261 538
122 409 781 531 537 305 865 857 517 153 331 746 895 526 583
123 687 638 390 417 425 809 563 310 743 507 239 539 992
124 643 388 720 858 442 268 466 208
125 917 331 416 314 927 726 961 753 645 541 702 604 994 367
126 146 162 585 169 173 711 503 828 697 876
127 748 523 905 400 923 559 947 327 809 850 522
128 526 335 804 907 914 137 603 832 195 722
129 878 138 721 543 591 196 131 398 339 856 402 786 743 977 567
130 339 295 288 926 540 556 458 930 137 781 807 610 722
131 872 748 829 942 796 790 339 626 584 611 147 817
132 330 399 256 891 495 143 550 457 816 485 261 546 873 634 539
133 480 721 407 594 995 448 382 138 240 506 523 810 806
134 148 347 964 975 855 477 666 346 253 776 272 853 880 649 980
135 762 953 777 354 832 246 324 209 507 784 483 715 635 479 974 284 599
136 905 396 855 589 477 576 847 698 685 633 318 305
137 358 911 749 779 192 329 905 963 275 434 673 618 876
138 601 748 274 999 240 407 506 548 517 551 619 397 790 292 712 953 289 965 408
139 352 215 385 653 789 495 418 577 835 611 908 607 565 901 519 811 970
140 159 769 375 816 210 498 750 409 951 201 208 347 867 904 598 313 800
141 972 833 621 860 747 692 806
142 656 797 415 616 647 516 604 992 676 846 756 561
143 676 996 718 261 778 167 227 634 697 269 655 831 189 719 606 493 340 246 566 897 546 873 313
144 799 693 295 597 759 789 172 786 413 764 370 607 794
145 643 773 388 720 613 763 454 357 474 414 203 758 828 546 312
146 326 388 393 219 706 968 988 475 298 885 720 801 679 507 536 230 966 587 410 918 964
147 769 486 689 580 920 348 249 248 463 829 638 534 409 347 766
148 775 596 385 993 870 484 354 172 590 670 947 389 377 926
149 705 384 515 528 503 636 281 773 212 347 218 312 802 460
150 466 700 552 404 538 831 389 886 222 277 722
151 720 549 995 167 556 825 275 546 323 497
152 872 351 663 539 612 943 618 514 161 675 460
153 947 241 514 781 280 678 172 857 876 197 501 683 454 382 751 168 991 435 823
154 486 906 738 805 841 842 739 460 754 825 571 886 539 367 433 512 421 325 562 462 626 260 675 992
155 902 308 402 341 611 620 829 586 795 967 625 674 331 270 543 922 687 918 559 374 767 910 268 430 923 648 325 604 346 400 917 544 655 867 398 263 512 957 693 465 396 530 349 298 593 738 342 761 301 207 838 487 166 813 947 924 821
156 292 265 788 421 892 869 948 422 738 944 777 264 448 572 675
157 604 534 503 528 428 550 533 409 867 263 537 420
158 862 267 484 577 836 260 408 841 799 993 789 633 570 171 565 539 367
159 622 180 528 595 697 270 435 192 409 951 404 522 831
160 213 604 356 672 380 568 363 856 818 400 771 621 989 351
161 846 559 762 906 539 527 825 297 532 663 765 802 800 711 644 985 937 972 665 877 675
162 687 960 169 388 365 819 454 198 984 290 438
163 388 542 836 984 409 932 284 182 538 298 356 782
164 790 479 186 409 607 367 319 978 182 980
165 640 791 491 763 302 257 485 319 471 624 914 389 261 427 560 851 621 554
166 797 361 186 789 987 835 471 218 900 635 325 303 830 453 846 666
167 668 745 546 523 729 873 536 779
168 409 503 645 450 790 624 423 197 970 226
169 772 549 912 585 984 509 464 810 326 693 952 603 350
170 379 664 998 417 808 824 197 875 627 836 310 330 608 305 223
171 711 826 390 377 621 260 900 413 809 743 618 522
172 853 531 807 484 449
173 400 413 574 671 817 449 874 487
174 550 390 677 809 770 544 252 563 247 316 575 970
175 720 922 515 815 561 183 760 773 601
176 306 409 212 299 875 351 917 270 621 216 792 605 992
177 659 789 453 253 675 505 846 481 495 538
178 693 409 957 710 722 779 992
179 225 938 428 439 226 544 957 284 441 446 895 581
180 306 947 290 913 990 560
181 570 264 522 243 239 583 737 725 635 866 567 273 507 813 792 291 225 487 637 705 970 925
182 502 606 566 704 977 465 766 874 309 864 883 630 768 369 221 442 815 216 798 716 976 719 356 898 207 258 561 850 837 431 634 770 551 562 193 683 823 812 582 520 859 986 611 894 946 271 408 416 377 698 861 732
183 601 649 269 528 953 700 873
184 268 947 625 893 210 421 977
185 513 462 234 530 344 768 729 319 909 630 558
186 731 647 286 659 661 787 818 971 846 847 343 987 829 461 504 898 522 663
187 584 484 430 786 285 893 395 582 603 358 410 781
188 274 396 272 871 899 376 810 993 724 236 277
189 418 797 846 310 438 663 532 566 752 330 990 854 443
190 790 979 717 787 386 413 673 753 632 927 582 981 984 358 366 272 743 214
191 326 454 405 701 232 193 269 986
192 804 446 288 901 672 305 344 398 610 282 927 866
193 835 446 234 563 400 887 962 990 743 861
194 947 733 665 433 443 238 924 338 820 456 351 736
195 298 665 935 617 223 423 983 844 564 734 443 930 794 821 823 565 868 593 670 926 917 353 874 634 230 319 735 351 970
196 373 666 557 581 671 736
197 847 325 695 522 440 688 943 467 269 641 230 399 221 591 736
198 285 939 709 702 828 486 643 889 387 667 853 716 983
199 863 236 805 497 842 910 246 460
200 343 513 550 299 319 793 308 477 790
201 515 409 238 208 917 825 368 347 459 986
202 498 924 391 284 232 246 703 511 483 972 390 231 992 982 229 901 744
203 393 973 650 651 219 704 656 301 813 974 824 850 532
204 318 863 460 886 701 854 255 497
205 950 705 286 451 982 535 702 907 900 796 698 500
206 306 272 880 405 652 664 888 938 666 852 569 330 793
207 900 829 409 477 898 530 934
208 862 676 528 409 804 473 966 347 667 816 957 534 384 228 429 523 802 244 531 783 662 263 344 897 445 869 305 619 488
209 703 362 291 485 380
210 947 358 679 463 582 533 269 535 475 932
211 878 418 997 708 719 529
212 780 908 525 409 921 804 347 528 384 471 233 576 810 264 915 868 736 744 243 765
213 352 643 388 720 250 713 379 601 933 261
214 834 259 399 771 741 666 873
215 862 902 385 870 609 576 488 425 675
216 415 542 238 410 729 978 765
217 830 616 235 602 676 451 972 771 892 836 504 523
218 735 381 664 600 770 711 898 675
219 900 388 650 720 603 628
220 790 361 493 648 978 875 309 381 273 279 609 970 736
221 596 846 333 431 716 980 475 808 308 917 562 675 460
222 274 246 898 356 392 887 365 539 800 805
223 713 918 652 665 801 423 734 617 812 846 883 506 406 429 807 426
224 339 270 409 935 856 908 557
225 577 910 912 845 564 246 550 914
226 809 935 581 498
227 820 528 261 240 443 331 873 572
228 790 637 401 803 577 584 997 667 541 361 327 247 827
229 795 828 703 246 826 511 284 354 599 738 249 353 583 933 259 919 554 420 992 755 499 245 403 564 683
230 723 391 859 640 530 277 538 583
231 479 550 941 660 236 769 619
232 689 783 261 906
233 346 679 458 646 550 882 519 714 532 741
234 591 641 550 504 754 663
235 789 661 547 696 705 846 622 712 244 303 951 896 430 955 939 575 589 921 776 990 546 707
236 779 305 827 514 904 649 886 651
237 918 542 660 391 289 764 907 467
238 706 667 951 958 347 276 528 668 917 670 777 311 690
239 547 343 770 887 312 635 467 588 809 507 393
240 287 626 878 470 635 735 693 981 550
241 969 868 867 582 431 609 275 539
242 388 547 830 971 972 846 343 376 310 512 864
243 773 278 557 578 741 984 420
244 294 846 378 328 913 657 743 305 487
245 650 764 898 527 935 478 539
246 922 826 832 289 645 757 292 761 453 515
247 936 818 318 300 289 277 449
248 748 884 960 911 804 486 417 538 680 609
249 974 846 820 780 921 409 689 347 698
250 388 720 900 955 518 331 824 865
251 775 720 266 822 295 740 799 712 269
252 276 394 544 581 754 462
253 856 928 950 696 515 369 921 364 813 932
254 400 421 838 731 880 330 896 456
255 413 262 406 462 343 503 295 478 351
256 773 845 358 259 546 734 441 809 730
257 715 848 320 877 434 491 541 524 723 728 621 312
258 407 383 837 281 321 686 437 857 898 365
259 506 400 752 745 438 713 546 729 873 531 472
260 846 751 817 577 400 421 550 504 896 665
261 347 776 265 639 778 649 613 898 586 708 413 675
262 947 464 494 550 894 788 329 313 826 749 766 953 563 438 466 914
263 907 514 730 456 677 427 430 610
264 922 783 610 464 355 519 678 940 800
265 409 429 894 788 795 956 554
266 937 327 325 308 366 447 400 795 542 306 947 582 528 666 284 377
267 385 479 401 584 484 793 590 490 326 993 910 776 305 478
268 279 584 654 505 657 441 300 947 461 632 460
269 405 784 401 623 546 729 873 736
270 402 526 346 813 972 455 559 947 382
271 758 592 390 377 955 812
272 652 853 701 855 834 776 871 600 994 727 405 783 421 905 412 397 771 473 637 669 521 409 975 762 372
273 995 621 642 435 296 557 970 736 631
274 878 601 538 444 384 589 539 934
275 446 408 727 494 532 675 460
276 758 693 463 769 911 528 640 979 575 648 409 804 347 784 698 737
277 338 846 382 658 314 554 478 627 412 335 972 493 538 737
278 613 947 580 579 355 349 356 913 786 539
279 521 997 596 498 340 727 706 880 352 409 822 874 460
280 755 848 553 904 527 549 997 672 610 618 734 688 581
281 968 884 922 387 966 851 813 593 356
282 303 347 724 354 404 293 733 835 635 854 538 985 619 296 732
283 338 404 961 879 289 950
284 720 752 755 508 324 694 617 393 904 815 559 434 316 305 842
285 413 787 786 638 534 660 861 536 591 603 570 778 546 791
286 594 452 972 705 493 539 636 820 908 547 923 621
287 790 506 813 870 445 338 388 873 658 411 448
288 856 548 461 611 760 432 438 818 570 303 996 310 868 743
289 889 910 771 715 664 733 946 956 573 926 658
290 721 928 679 686 614 392 524 446 318 307 691
291 302 665 632 758 837 947 433
292 397 601 721 506 615 319 445 385 406 802
293 947 817 404 461 448 556
294 721 547 830 884 972 377 819 585 403 950 451 846 847 758 960 358 792
295 463 413 709 715 744 693 570 850 531 935
296 399 522 572 970 725 449 759 598 548 348 312 583 736 744
297 879 705 358 573 864 538 893 420 460
298 988 414 735 373 858 651 731 393 379 624 475 650 773 658 315 808 420 395 302 720 493 400 503 607
299 938 867 839 943 607 590 909 356 927
300 415 542 905 922 419 390 838 407 947 829 693 709 599 639
301 993 543 372 707 423 734
302 620 413 454 783 649 560 839 533 460
303 789 928 471 857 822 453 452 847 758 941
304 395 660 710 695 747 487 351 446 504 511 356 448 683 662
305 479 758 672 907 519 311 394 492 457 540 779 865 363 604 335 972 763 667 827
306 922 923 813 586 667 929 483 947
307 335 719 566 368 414
308 993 968 905 400 923 813 947 531 926 680 722
309 561 883 704 909 766 375 947 429 637 913
310 385 809 718 574 563 824 929 743 425 450 432 677 690 818 505 438 990 808 832 541 844 471 518 638 724 635 475 720 793 894 377 460 741
311 495 514 531 807 827 530
312 543 501 426 708 467 642 914 970 782 551 334 689 864 736 497
313 819 550 784 991 801 812 821 794 907 535 629 430 647 673
314 438 868 329 813 339 478
315 389 570 912 381 579 583
316 770 575 349 642 864 630 578 759 539
317 651 602 611 701 953 645 456 547 723 762 938 356 757 440
318 611 774 660 570 745 395 787 893 541 579 372 571
319 446 427 694 739 477 844 730
320 613 528 946 485 352 723
321 589 524 939 356
322 338 620 953 832 875 658 592 438 837 733 876
323 917 801 935 823 435 683 351 449
324 559 702 958 703
325 400 542 947 792 504 532 539
326 521 577 596 418 482 843 892 728 458 372 514
327 523 542 947 905 923 543 341 752 829 720 627 676 932 950 368 792 761 724
328 789 563 731 788 982 621 736
329 762 516 538 694 623
330 999 720 758 528 508 390 824 962 574 450 760 979 840 974 806 888 993 735
331 340 847 918 542 947 626 677 882 546 539
332 388 453 446 437 660 353 724 997 565 475 869 355 861 472
333 929 432 438 890 572 377
334 674 386 499 873 404 411
335 386 413 685 819 693 952 585 555 820 785 650 688 784 892 998 984 358 347 377 730 691
336 340 453 918 923 543 947 411 987 549
337 661 928 846 471 535 881 435 457 493
338 936 398 721 397 968 856 659 464 555 505 876
339 398 936 748 615 999 932 663 879 347 880 840
340 915 799 577 596 385 653 870 984 643 852 858 479 928 451 358 873
341 648 400 542 687 947 755
342 835 772 476 776 895 522 736
343 659 705 847 835 452 481 493 451 547 846 512 612 883 636 884 469 420
344 409 595 673 829 927 347 446 718 675
345 789 689 660 686 570 446 579 711 458 895 466
346 481 910 923 947 948 514
347 780 409 486 503 913 528 515 595 387 476 473 804 666 667 966 689 769 375 614 958 510 699 911 920 525 816 924 951 534 416 568 418 907 677 842 639 889 754 688 489 450 686 788 419 961 507 757 659 813 438 930
348 506 430 387 689 699 998 645 892 355 499 743 854 382 539 367
349 728 683 404
350 549 787 500 822 459 438 377
351 693 877 394 623 665 935 564 487 794 821 949 734 363 556 942 626 391 998 565 538 563 602 358 887 674 883 888 738 725
352 993 902 467 388 651 884 813 609 539
353 799 577 368 660 747 459 569 642 778 917 713 972 651 610
354 928 703 895 506 593 487
355 828 427 755 640 893
356 717 700 815 768 465 980 369 864 704 468 684 977 450 401 374 414 371
357 590 858 960 580 404 538 568
358 786 679 682 685 952 454 413 845 555 960 463 591 959 981 366 984 912 787 368 702 666 856 470 742 569 489 869 764 581
359 950 796 549 394 403 448 478 383
360 521 923 947 948 810 524 538 377
361 661 696 547 378 659 884 453 484 374 449 368 417 677 978
362 853 649 891 495 399 713 615 549
363 591 751 673 424
364 778 655 399 729 873 473 619
365 773 409 581 970 736 488 706 702
366 820 693 591 892 390 537 874
367 539 675 842
368 786 693 505 764 439 462 485
369 799 640
370 506 948 569 570 446 396
371 902 401 446 868 560 539 497 788 836
372 686 429 579 437 708 826
373 393 968 720 887 554 542 427
374 418 542 947 461 611 893 467 842
375 653 974 924 409 689 462
376 493 910 947 837 381 685 990
377 846 559 446 809 438 824 743 962 563 868 760 990 677 425 690 710 854 816 668 707 617 839 519 890 391 935
378 415 928 451 847 912 669 989
379 388 393 916 493 846 417 541 989 501
380 963 682 807 730 610 512 539
381 604 786 771 701 404 801
382 743 442 530 404 538 861 411 888 854 902 737 642
383 595 561 465 417 416 436 460
384 921 534 911 668 734 409 755 680
385 870 479 426 915 548 600
386 845 799 857
387 515 503 668 596 787 409 431 433
388 651 720 968 393 706 624 885 974 613 916 713 685 607 610 815 657 768 517 542 419 928 701 873 621
389 710 660 686 565 395 948 822 446 827
390 548 574 425 505 867 478 504 933 522 671 942 563 990
391 643 982 832 828 499 946 497
392 790 947 815 849 457 717 793 447 780 940 665
393 643 669 763 512 651 720 453 791 536 848 940 619 842
394 717 673 537 450 781 926 903
395 542 836 899 396 446 579
396 409 897 410 489 762 652 633 751 589 942 552 798 725 407 566 815 701 545 457 571
397 398 936 594 827 644 896 790 506 637
398 637 594 601 967 494 770 790 872 878 528 762 788 495
399 689 655 784 565 616 873
400 996 604 917 461 905 674 924 885 950 821 725 923 548 559 947 660 873
401 653 852 688 750 526 954 619
402 713 461 543 843 559 947 639
403 829 816 608 516 576 929 923
404 937 652 853 579 954 965 961 554 944 530 552 887 753 538 726 627 576 919 605 598 562 999 880 474 668 730 547 891 653 556 591 667 679 614 449
405 720 409 652 633 745 996 753 618
406 616 894 550 646 799 523 714
407 601 536 725 594 626 800
408 634 487 883 539 805 842 460
409 528 503 595 668 951 769 804 908 667 920 958 510 966 525 476 666 921 911 580 644 780 699 924 957 614 870 630 858 709 975 700 679 934 711 542 570 953 986 520 530
410 643 939 633 658 454 701 975 853 880 762 446 499 432
411 865 530 576 424 672 803 538 619
412 917 633 986 903 794 989
413 786 555 603 509 845 960 959 952 702 514 669 976 748 549 505 714
414 735 651 713 865 869 441 705 726 460
415 928 712 633 846 884 744
416 538 822 692 594 478 663
417 860 664 929 563 505 692 941 824 962 743 422 977
418 775 653 500 728 947 912 557
419 918 922 542 443 517 947 570 623 424
420 637 628 948 532
421 814 664 821 882 892 460
422 764 822 563 514 689 946 779 934
423 465 942 949 626 988 725
424 617 762 483 734 992
425 939 431 745 809 432 563 438 824 608 743
426 923 903 730 487 522 557 488
427 806 573 986 434 537 719 973
428 569 591 787 446 458 673 433 782
429 506 577 947 660 932 695 850 530 697 446 895 619 942
430 720 918 537 947 446 432 495
431 720 485 768 815 704 740 665 492 951 593 562 675
432 952 859 818 515 559 438 743 588
433 446 794 557 522
434 674 461 848 763 657 511 871 956 497
435 775 733 865 587 863
436 563 522 782 557 759 744 880 692 469
437 721 846 918 947 710 724 725 605 696 674 822 570 827
438 647 563 677 592 863 859 690 962 781 864 925 885 718 868 873
439 862 660 822 446 686 868 941 661 898 570
440 816 751 578 581 449 455 708 597 483 532 813 696 736
441 523 693 981 853 809 997 774 822 718 743 715 561 663
442 622 633 472
443 846 923 515 743 802
444 594 446 749 721 872 626 506 928
445 550 869 513 706 448 905
446 947 595 660 822 695 458 490 895 774 745 569 948 579 932 686 833 710 724 988 715 929 808 731 960 874 867 502
447 791 541 560 451 587 851 538
448 685 570 887 619 598 705 794 690
449 900 666 892 815 849 736
450 929 563 824 667 516 581 805
451 933 493 591 953 846 839
452 847 928 693 595 846 629 895 892 793 632
453 789 928 830 835 659 950 885 708 713 868 818 846 884 758 783 633 599 538 483
454 721 693 939 555 509 813 653 761
455 846 522 557 549 970
456 964 703 901 531 825 913
457 810 731 733 467
458 847 727 822 501 981 838
459 660 938 817 570 661 505 929 562
460 846 951 675 662 955 925 663 825 497 741 532 842 992 886 571 732 742 805 551 931 739 740 527 539 945 906 653 718 597 795 786 784 701 965 465 519 743 967 854
461 905 654 918 511 781 512 887 581
462 646 550 607 707
463 928 758 549 882 544
464 523 542 813 947 552 483 753
465 999 644 677 743 698 518 538
466 473 633 763 552
467 642 581 970 909 736
468 698 593 873 752 935
469 995 703 791 978 479 680 717 768
470 776 853 503 803 518 657
471 928 705 847 602 654 542 538
472 915 743 538 996
473 928 611 582 597 525 797 980 510 499 808
474 862 728 775 774 735 760 947
475 731 640 709 757 695
476 750 602 667 510 672
477 685 776 529 853 633
478 538 680 761 985 754 831 702 981 507 683
479 775 889 904 993 498 686 903
480 856 615 721 482 976 860 637 705 824 573 500
481 846 656 534 919 740 482 616 884 758 569 524
482 856 521 915 728 993 746 830 625 652 579 998 487 744
483 616 541 811 836 695 619
484 993 501 963 599 539
485 594 771 946 560 541 612 711 739 686 675
486 515 528 977 896
487 963 795 543 780 722 678
488 573 753 866 645 930 630 624
489 580 776 853 766 719 983 750 544
490 932 822 570 714 702 554 494 497
491 560 851 986 609
492 912 781 733
493 928 846 824 929 946 986 681
494 972 897 550 607 513 504 788 637 915 670 606 672 970
495 603 546 634 770 950
496 799 918 542 947 611 660 741
497 752 538 985 861 675 841 931 886 825 742 826 695
498 799 789 899 923 674
499 846 777 828 599 826 832 810 511 508 883 545 766 905
500 837 665 801 888 688
501 720 581
502 561 977 583 802
503 596 516 929 538 927 736
504 550 788 995 571 943 743 538
505 808 952 545 940
506 790 626 856 878 948 703 657 848 766 987 585 956
507 916 549 939 593 722 675
508 937 828 703 599 903
509 918 786 819 820 693 873
510 853 846 944 900 589
511
512 655 604 603
513 997 894 692 645 550 592 968 607 704 631
514 517 540 943 901 531
515 918 796 528 667 891 707 956 533 908 666 771 722 759 931
516 774 610 919 749 836 762 683 538
517 589 901 739 559 707 539
518 705 660 788 851 920 754 719 603 873 906
519 724 907 941 668 672
520 720 633 854 619 963 545
521 790 902 897 804 532
522 683 737 970 759 567 943 785 642 827 654 763 925 800 765 799 581 744
523 915 795 918 559 796 717 742 922 947 560
524 952 782
525 667 911 926 539 579 920 607 839
526 922 752 947 813 604 618 885 918 819
527 917 539 675 805 992
528 966 816 908 580 614 748 715
529 727 818 563 915 975 853 633 729 551
530 908 563 864 811 658 680 852 842 620 915 591 564 695 619 801 734
531 553 896 779 849 620 637 894 681 965
532 712 853 848 825 841 968 981 539 675 805 992
533 713 935 554
534 913 899 907 923 897 851 631
535 797 661 622 846 809 594 847 984 781 893
536 548 646 545
537 835 652 646 926 673 714
538 987 743 977 552 944 623 852 793 861 965 811 562 757 619 568 887 919 671 598 627 554 841 624 909 719 679 865 542 553 982 724 681 717 675
539 616 841 802 886 825 742 740 739 955 662 732 842 931 765 663 612 831 754 675 945 998 603 665 673 587 848
540 709 880 660 939 548 982 618 583
541 918 705 560 946 986
542 971 620 917 967 918 795 905 611 543 767 654 674 586 752 548 872 637 651 579 656 866 599 846 612 710 947 869
543 918 752 694 627 947
544 907 667 821
545 947 748 978
546 947 891 697 784 639 725 834 900 783
547 659 661 647 748 796 699 846 758 550 610
548 872 637 775 846 922 979 648 687 982 629 719 559 947 752 786 869 683
549 679 959 952 786 682 625 835 862 685 591 603 815
550 869 894 756 888 664
551 693 844 619 992
552 786 789
553 880 873 848 681 827 992
554 927 619 893
555 789 786 585 980 687 952
556 731 641 618 597 876
557 963 660 567 643 975 669 583 736 866
558 705 990 665 683 976 581
559 993 905 947 795 937 649 997 981 642 891 681
560 956 840 651 739
561 788 744
562 776
563 654 667 808 809 718 969 706 595 984 644 811 743 698
564 801 935 930 706
565 964 703 634 662 802
566 638 611
567 819 683 581 583 736 866 744 759
568 889 880 686 681 890
569 660 821
570 932 833 774 710 724 823 654 684
571 642 992 805 768
572 626 830 655 688 909 578
573 952 956
574 912 824 698 942 836 685 743 642
575 808 818 873 867 898 916 946 593 874 671
576 643 587 954 598 581
577 653 915 584 997 940 764 890 731 993 654
578 981 914 970 736
579 660 932 749 643 760 690 768
580 803 923 693 997 786 892 680
581 918 608 708 583 943 738 891 648 689 971 736
582 597 984 981 845 774 814
583 661 911 958 969 753 808 827 987 979 771 744
584 902 993 625
585 731 786 912 984 747 863 949
586 922 923 813 947 787 781 744
587 650 956 909
588 892 768 925 874
589 847 924 701 787 751 762 824
590 900 651 629 834 905 820
591 693 995 803
592 615 738 697 839
593 925 830
594 618 918 611 774
595 913 600 675
596 864 918
597 685 638 772 829 971 603 764 776
598 796 855 724
599 832 808 874
600 923 701 964 742 869 722
601 856 896 960
602 950 846 990 989
603 702 820 772 786 891 696 832 931 944 951
604 923 937 947 914 611
605 960 882 861
606 853 815 651
607 788 894 869 998 646 874
608 929 795
609 947 619 794
610 948 707 896 714 749 703 856 831
611 905 918 947 648 687 910 795 917 625 922 668 973 659 962 935
612 975 989 675 992
613 968 684
614 786 911 913 958
615 790 856 653 754 878 884 707
616 676 846 847 950 661 773 999 929
617 696 753 989 736
618 901 903 730 938 832 934 712 933 765
619 861 985 811 658 782 869 924 825
620 923 937 947
621 867 848 875 628 661 935
622 797 893 818 935
623 824 793 767
624 773 646 666
625 648 922 813 840 727 751 730
626 936 822 720 706
627 947
628 794 683
629 952 832 697
630 787 798 766 675
631 744 888 728
632 650 791
633 964 751 871 880 975 834 994 650 761 754 655 719 678 647
634 773 746 778 752 673
635 971 767 952 744
636 928 710 642 970 744
637 878 790 771 786 683
638 845 651
639 676 778 873 986
640 952 833 733 740
641 692 838 880 979 995 991
642 764 725 655 846 914
643 731 706 913 720
644 674 816 723 660 887
645 685 746 869 892
646 869 746 974 893
647 963 926 705 982 758 923
648 796 813 654 650 833 918 923 947 934
649 813 969 743 655 729 873 736
650 916 973 720
651 900 731 672 720
652 816 871 664 783 762 854 820 848
653 748 775 799 739 918 899
654 687 922 947 701 824 990
655 663 814
656 963 889 974 789 661 797 705 846 758 947 838
657 843 777 717 917 703 873 986
658 773 734 861 805
659 846 982 743 705
660 664 817 747 710 902 692 823 770 822
661 685 761 696 827 675
662 695 810 809 779 992
663 672
664 751 935 830 790 762 806
665 893 821 692 722
666 728 984 951 816 846
667 844 969 958 722
668 906 951 874
669 878 991 930
670 982 824 990
671 900 847 921 809 985
672 702 899 903 907 684 798
673 747 781 699 794
674 933 918 923 947
675 754 955 765 934 925 825 732 738 945 842 800 841 912 743 851 827 823 810
676 884 835 846
677 758 920 718 796 788 824 743
678 896 793 977 819
679 846 892 863 952 954 935
680 947 940 899 736
681 947 714 776
682 845 881 717
683 750 888 691
684 918 813 776 780 975 853 935
685 786 939 952 749
686 701 822 895 962 698 781
687 937 813 729 947 992
688 970 736
689 947 702 924 705
690 997 969 760 818 756 824 743 800
691 703 782 921 970
692 952 788 716 954
693 830 912 952 860 772 939 786 981 960 788 829 774 733 745 941
694 703 935 890
695 952
696 720 846
697 974 972 869 873
698 847 909 766 864 883 970 874
699 951 749 811 972 962
700 860 793 759
701 947 751 994 834 871 843 853 944 742 899
702 952 778 736
703 993 975 810 826 792
704 947 984 953
705 884 830 789 963 846
706 997 773 780 720 853 828 935
707 977 941 781 901 829
708 798
709 819 960 952 957 897 981 860 924 734
710 952 992
711 985
712 916 928 971 846 758 979 751 838 744 955
713 916 821 973 805
714 807 901 941 758
715 862 952
716 928 986
717 787 720 955
718 988 832 974 743
719 973 923
720 916 858 885 973 968 773 988 879 889 919 947 726 749 764 954 901
721 748 936 856 870
722 882 935
723 758 853 928 908 875
724 747
725 782 833 812
726 965 830 815 842
727 971
728 902 775 981 906 952
729 772 951 873
730 790 940
731 900 773 934 777
732 892 768 950 992
733 807 928
734 812 949 821 783 904 831
735 993 773 994
736 737 943 825 926 813
737
738 805
739 826 842
740 900 884 816
741 758 747 992
742 866
743 845 962 808 923 781 807
744 804 781 866 888 943 997 957 837
745 938 768
746 973 921 834 995 947
747 947 932 763 986 941
748 878 918
749 781 811
750 799 889 863 864
751 897 853 880 801
752 923 796 939 860 974
753 985 761 757 977
754 873
755 826 794
756 947 786 822 809
757 775 780
758 858 972 847 884 963 797 830 877 919 947 788 807
759 794
760 932 962
761 997
762 913 776 843 999
763 872 884
764 786 984 978 796
765 892
766 784 915
767 947 996
768 958 798 836 992 797 931
769 839 855 913
770 873
771 846 984
772 846 947 984 952 949 786 912 819
773 879 988 975 964
774 791 859
775 997 844 993 822
776 843 975 871 897 880 964 846 853 807
777 787 930
778 873
779 838
780 842 831
781 855 977 792 901 814 896 947 908 821 793 833
782 863 795
783 947
784 873 854 815
785 869 824 818 970
786 813 829 927 854 900 882 907
787 845
788 995
789 889 846
790 936 999 792 970 842
791 970
792 922 904 943 977 959 964
793 889
794
795 918 917 947 970
796 947
797 847 799 869 846
798 947 898 878
799 997 803 916
800 802 831 945 841
801 803 949
802 961 992
803 870 915 889 910
804 924
805
806 873 976 906 992
807 869 810 890 865 828 949
808
809 863 969 953 906 853 937
810 982
811 947
812 935 896
813 967 947
814 923 889 823
815 952 998 874
816 920
817 833
818 894 962
819 970 822
820 860 952
821 935
822 895 909
823
824 859 917 868 986
825 923 989 842
826 908 876
827 901 940 890 870 943
828
829 923 947 836 905 844 956
830 846
831 950 898 980 866
832 950 937 936
833 868
834 897 875
835 884 846
836 846 923 947 990 995
837 898
838 995 927
839 947 925
840 877 920 973 986
841 897 934 944 974
842 906 969
843 964
844 962
845 856
846 928 987 963 971 972 847 884 854 939 867 959
847 950 944 993
848 956
849 951 941
850 898
851 854 986
852 889 874
853 855 994 932
854 999 956
855 927
856 865
857 929 973 935
858 957 949
859 929 904
860 944 985
861 929 875
862 870 880
863
864
865 882 889
866 937
867 937 906
868 938 990 929 977 873
869 918 892 909
870 902 889 947 959
871 964
872 933 931
873 891 897 970
874 883 960
875 986
876 949
877 923 992
878 886
879 900 959
880 964 974 901 903
881 993 900 918 923 947 965
882 896 992
883 956 977
884 972 893
885 916 973 974 939 999
886
887
888 970
889 902 993 892 968
890 923 901
891
892 995 981 902
893 947 990
894 957 951 991
895 961
896 913 901
897 992
898 909 946 908
899 901
900 988
901 926 934 958
902 968 974
903 996
904
905 966 923
906 945 992
907 952
908 920 924
909
910 922 954 918 947
911 924 913
912 939 952 951
913 979 921 989
914 964
915 961
916
917 979 967 947
918 922 937 923 947
919
920 961
921 951 926
922 947 979 986 951
923 979 947 938
924
925 934
926
927 934
928 936 950
929
930 936 951
931 945
932
933 999 951
934 970
935 947 989 949
936
937 947 981
938 948
939 960
940
941 993 992
942
943 968 947
944 947
945
946 956 977
947 967 979 996 989
948 970
949 989
950
951 983
952
953
954
955
956
957 992
958
959 984
960
961
962
963 977
964 993
965 985
966 991
967
968 988
969 990 976
970
971
972 982
973 974
974 996 978
975
976 977
977
978 998
979
980
981
982
983 998
984
985
986
987
988
989
990
991
992
993
994
995
996
997
998
999
