#/Users/David/University/REU/Modularity/main.py
# GMT Sat Jun  4 18:01:13 2022
# 
0 386 291 491 47 344 311 148 258 244 56 406 389 58 272 441 12 145 23 40 308 60 407
1 394 3 498 349 140 350 243 415 148 301 7 8 403 214
2 225 129 260 391 326 242 278 126 276 336 67 16 140 448 339 478 230
3 426 189 499 415 490 427 498 257 49 28 265 141 264 403 466 376
4 171 184 342 262 353 146 365 170 137 289 223 486 106 403 129
5 370 416 28 321 287 431 413 212 183 204 176 126 426 64 471 245 246 13 381
6 370 246 39 319 188 183 212 49 159 166 55 204 372 52 416 413 321 94 421 245 463 79 426 341 54 29 104 431 290 105 479 380 287 316 66 83 435 471 57 461 195 109 143 266 73 454 250 382 96 138 309 405 284 186 499
7 445 334 87 164 466 415 333 264 117 155 8 498
8 357 168 265 263 14 419 218 257 141 250 441 403 124 462 222 498 75 490 87 350 466 140 376 345 264 415 349 164 224 19 446 39 373 177 461 479 25
9 94 476 393 201 497 226 401 439 84 15 18 147 97 235 115
10 115 99 134 390 266 253 163 170 383 394 280 153 304 453 205 496 248
11 208 78 317 73 331 122 448 313 309 37 211 327 398 118 96 219 371 58 456 458 368 392 167 271 224 499 346 179 64 383 166 396 323 134
12 254 481 60 148 121 47 472 23 114 145 474 216 308 355 40 199 203 447 28 336 406 56 109 244 123 462 326 209
13 82 309 362 167 78 189 259 73 456 392 411 404 274 53 313 198 458 418 90 379
14 162 68 31 442 47 257 349 15 41 25 490 498 499 124 360
15 486 131 434 156 136 35 357 305 147 201 97 26 358 398 108 451 277 430 440 367
16 55 79 73 300 390 407 304 21 117 151 85 179 220 153 492 297 123 453 205 496 253 381
17 137 365 69 149 408 215 171 88 469 476 272 106 262 375 223 184 486 289 300 18 156 257 107 285 279 328 402 230
18 365 131 135 273 35 156 226 294 289 448 114 305 440 357 235 497 203
19 431 396 271 392 331 362 309 213 397 436 88 211 35 267 442 48
20 268 138 178 454 320 36 485 31 334 301 315 274 292 168 50 194 234
21 319 73 347 320 390 402 205 496 174 371 385 117 253 381 25 460
22 283 372 175 135 294 235 147 156 414 136 36 419 459 35 357 367 497 206 474
23 406 302 382 425 199 56 472 311 308 355 239 157 312 44 47 109
24 188 330 389 406 216 491 481 182 219 199 474 361
25 271 487 403 419 257 265 333 498 415 214 345 141 264 462 87 492 350 143 422 284 166 261 413 349
26 240 135 393 273 294 430 156 330 90 164 331 35 434 235 367 343
27 50 234 388 389 472 148 488 287 40 56 361 244 153 263 478
28 370 435 195 94 159 55 348 433 286 290 426 79 246 73 452 345 349
29 183 370 316 421 245 413 159 431 323 397 160 290 426 66 463 208 179 312
30 245 197 228 187 457 291 281 55 265 32 307 206 464 369 254 205
31 306 268 282 176 70 234 356 483 168 320 485
32 110 76 99 62 307 72 354 254 158 225 127 324 102 253 452 389 493 291 170 443 206 467 347 369 355
33 321 102 139 491 121 216 40 463 393 425 47 308 484 239 250 230
34 456 353 465 187 129 410 409 303 156 79 478 230
35 435 136 393 273 156 358 434 201 401 97 277 414 68 418 235 131 135 232 497 226 305 330 357 429 294 433 430 115 369 217 163 162 271 275 137 111 253
36 325 486 138 268 51 292 207 438 348 492 421 311 71 356 234
37 271 86 398 368 118 317 456 371 449 458 345 492 202 53 313 325 213 477 122 43 454 301
38 39 449 158 76 417 298 228 128 392 190 347 225 179
39 283 159 245 166 105 55 370 372 82 130 426 246 211 41 98 87 499
40 175 389 145 406 114 425 474 109 258 216 60 116 165 194 75 47 111 249 296
41 155 412 150 101 364 173 182 103 385 180 108 258 444 74 482 487 237 494 65 320 129 432 338 230
42 426 245 252 461 290 57 66 471 473 440 185 321 83 246 225
43 392 386 152 155 412 424 489 191 103 180 173 237 466 248 286 74 465 494
44 147 196 329 438 268 138 51 212 171 50 334 350 288
45 146 408 365 231 171 289 88 223 188 359 184 69 328 225 129 387
46 150 65 129 297 288 420 296 113 108 387 478 77 373 455 460 384 165 360 133 93 103 392 329 201 95 230 379
47 425 302 145 406 197 311 217 249 126
48 397 129 288 432 384 297 108 319 230 126
49 290 426 431 212 400 286 370 246 53 398 435 52 321 195 471 111
50 299 315 186 438 446 334 348 329 268 234 454 267 119 314 154 93 279 77 317 216 452 490
51 479 357 282 176 348 356 334 92 71 251 154 172 81 207 478 270 103 326
52 426 306 82 64 105 94 341 370 89 142 270 183 321 195 104 482 410
53 271 275 78 118 392 208 108 309 198 73 458 211 100
54 286 159 413 421 426 435 105 321 55 66 447 394 448 195 83 94 476 410
55 421 426 431 306 341 445 188 160 64 241 290 154 418 256 246 472 126
56 474 491 145 114 481 98 249 161 293 289 214 121
57 160 413 435 185 283 391 262 321 225 210
58 431 241 259 396 271 325 414 305 189 448 456 458 368 69 115 351
59 411 155 450 384 129 276 409 432 322 473 301 315 76 93 460 77 339 478 230 238 126
60 277 308 239 217 258 352 152 474 121 244 153 483
61 271 109 390 266 394 407 153 202 420 205 253 349
62 170 206 423 475 99 281 167 420 340 369 234
63 198 267 169 178 454 314 200 139 107 254 264 452 356 234 124 260
64 286 416 166 426 195 372 104 341 309 88 224 321 66 83 477
65 158 298 307 437 315 190 436 281 369 229 457 272 450 467 225 120
66 426 445 319 321 416 241 83 414 73 350 208 79 471 104 207
67 195 341 122 191 369 87 250 129 301 303 124 366 79 478 236
68 413 147 277 294 136 357 393 414 121 97 232 497 499
69 146 300 106 469 223 377 375 233 497 328 446
70 467 320 194 454 119 251 265 101 234 374 384
71 215 89 274 320 346 334 194 227 458
72 291 170 450 190 192 369 83 446 206 467 225 320 174
73 397 323 477 317 313 396 271 122 327 125 325 363 96 422 213 476 406 305 211 240 190 334
74 211 385 399 405 412 173 182 175 132 162 482 150 383 351 393 450 137 484 427 270
75 118 254 140 141 403 201 107 218 349 498 499
76 367 281 284 417 291 170 436 443 82 162 177 206 225
77 129 270 144 301 387 495 148 397 478 230 236 126
78 392 396 275 411 317 327 456 458 211 371 291
79 445 195 208 185 306 188 461 159 341 160 400 241 321 380 186 340 497 114 175 182 277
80 291 192 110 459 347 99 354 417 450 457 281 120 452 91 427 467 225 228 369 218 303
81 461 191 430 268 282 168 320 194 334 251 89 437 407
82 400 290 166 321 252 83 188 160 204 194 115 341 401
83 426 208 105 249 255 246 161 403
84 380 386 284 291 315 190 451 206 464 108 225 369 238 379
85 155 369 172 390 394 174 205 210 248 253
86 259 396 309 198 211 91 120 429 368 240 294 493
87 262 128 436 257 265 140 264 427 466 214 349 415 428 493 410
88 137 171 300 328 146 476 184 408 433 208 196 166 377
89 137 272 328 289 469 184 231 233 377 213 118 353 486 235 497 395
90 456 393 401 429 440 136 402 97 357 367 497 225
91 259 448 456 211 213 325 115 276 368 118 272
92 321 497 130 139 267 282 194 334 234 220
93 130 139 168 169 314 320 452 207
94 290 321 479 188 283 105 208 104 386 203 246 219
95 289 292 129 133 301 473 341 139 230 116
96 392 275 167 448 198 327 456 211 403
97 135 147 277 418 294 429 358 232 440 393 357 115 226 305 254 426 487 167 480 367 154
98 188 211 440 121 388 481 429 111
99 291 298 475 352 225 299 284 443 102 228 447 281 229 333 123 346 109
100 449 327 470 134 390 394 402 177 205 261 117 253
101 309 323 223 106 132 162 182 465 373 298 261 460
102 290 182 281 157 170 437 315 450 225 229 177 258 369 382 338 126
103 398 385 150 155 162 482 487 232 187 494 135 498
104 400 283 471 290 278 257 245 252 170
105 400 283 159 160 306 188 246 305 466 260 391
106 289 469 215 486 149 300 377 408 342 146 167 247 435 156 235
107 122 470 414 130 282 168 320 234 297
108 271 300 253 129 410 303 230 379
109 258 311 216 217 361 148 199 271 244 382
110 423 170 315 225 120 158 436 148 261 369 485
111 162 145 425 308 474 361 257 350
112 272 328 215 223 486 375 231 376 311 254
113 446 129 387 278 410 230 236 483 288 227 327 350 126
114 392 328 388 406 161 302 308 484 239
115 331 335 135 136 273 147 357 235 367 497 393 141 404 438 347
116 213 368 136 460 255 312 432 296 307 496
117 494 258 390 266 394 153 210 189 298 253 269
118 471 396 422 456 211 411 320 434 432
119 426 289 181 120 267 320 194 454 334 488 234 485 124 296 384
120 213 486 364 497 291 298 369 354 347 164 235 254 374
121 227 366 217 389 361 494 166
122 271 189 448 458 211 213 362 327 323 125 396 313 284 253 467 453 373
123 344 389 308 406 217 199 141 307 394
124 380 368 168 452 200 265 140 141 264 214 222 333 415 403 171 397 189
125 290 321 392 397 271 313 309 325 327 211 213 368 162
126 384 129 409 460 230 236 379 495 133 473 255 238 242 260 336 395 387 410 296 193 221 332 310 428 493 420 270 288 312 202 338 373 285 391 256 276 483 295 351 143 284 464 258 135 359 342 488 349
127 183 281 158 291 170 298 192 450 206 467 340 347 225 369 366 336
128 444 385 489 173 383 364 227 399 482 152 218 337 132 150 155 424 175 182 251 222 276
129 400 281 347 492 384 288 493 360 261 230 133 202 310 336 303 296 242 432 193 391 379 276 209 238 322 339 409 460 338 410 332 255 337 387 420 144 351 297 295 269 318 473 256 326 455 185 257 162 496 309 415 445 328 451 404 266
130 348 485 442 194 154 292 168 454 314 402 305 243 268 186 334 234 478
131 393 433 277 136 135 358 418 423 138 414 429 357 235
132 300 386 359 180 175 205 333 182 444 487 358 268
133 316 458 375 410 337 338 209 238 322 278 310 360 324 433 136 386 142 297 460 230
134 211 343 496 293 449 390 394 402 407 151 360
135 160 211 235 147 367 433 201 163 138 273 156 294 357 497
136 259 375 358 201 497 429 434 438 393 147 401 156 294 440 235
137 262 375 486 231 369 378 272 149 171 300 328 469 147 206
138 246 229 442 168 348 139 476 304 174 268 172 454 234 390
139 320 485 454 194 488 154 232 268 453
140 281 314 350 333 263 265 441 214 243 419 492 498 257 403 164 143 222 349 482 147 252 438 317 456 218 230
141 222 243 263 376 499 419 498 462 348 401 261 264 350 337
142 252 384 395 285 336 221 278 420 295 462 434 309 410 379
143 448 324 293 263 427 336 294 403 466 218 499
144 291 260 483 432 285 294 156 301
145 258 481 249 491 479 231 472
146 272 476 342 486 174 161 289 300 328 223 483
147 371 393 414 358 433 232 305 235 430 294 418 447 405 394 357 367 497 304
148 215 367 291 258 435 328 302 249 349
149 272 289 365 469 215 233 364 156 279 300 223 427 260
150 386 399 404 385 412 173 162 152 487 379 454 424 494 203
151 185 359 266 394 280 153 179 174 243 360 205 343 253
152 300 399 444 175 237 359 499 328 155 424 487 217
153 198 190 390 402 343 407 220 496 394 266 177 293 381 224 179 480 163 453 253 280 285 299 433 296 490 205
154 245 294 497 197 268 274 168 234 285 269 314 334
155 385 386 405 378 227 412 482 182 470 383 487 162 364 191 175 424 237 360 239 171 315 465 369 355
156 414 401 433 384 165 211 357 367 497 381
157 271 451 170 464 229 437 426 176 298 315 187 206 225 369 403
158 357 299 467 315 281 352 428 325 417 291 170 181 190 196 324 369
159 321 283 245 163 219 426 306 208 479 246
160 372 286 416 479 212 413 463 391 493 290 421 321 195 204 246 235 402 312 351
161 286 461 340 366 244 448 425 217
162 469 404 424 182 227 465 412 385 237 482 487 378 173 470 413 221 298 197 490 301 339 493
163 448 170 467 267 390 394 293 205 496 253 295
164 291 205 496 248 349 490 376
165 195 204 360 270 410 323 439 460 478 230 379
166 421 287 445 370 185 365 203 426 168
167 397 398 468 331 314 490 309 456 211 368 369 337
168 282 348 274 268 446 178 176 267 452 438 356 329 239 354 440 186 320 234 496
169 385 200 178 267 320 268 176 398 407 454 356
170 426 284 181 315 447 324 423 443 437 436 196 225 298 475 459 192 197 339 429 474 285 490 206 292
171 316 456 458 365 287 382 300 469 375 369
172 228 268 274 292 320 346 314 267 348 206 249 194 234 403
173 386 424 482 256 318 364 494 315
174 357 354 390 266 394 280 489 433 220 248 381
175 335 365 386 465 237 385 494 489 378 424 364 484 182 482 347 238
176 486 292 452 454 438 366 191 194 217
177 266 394 407 304 230 360 205 220 253
178 404 187 268 292 334 485 207 232 289 326 186 452 374
179 390 266 394 248 253 381
180 396 456 386 404 494 405 247 285 182 249 432
181 211 291 307 196 459 340 417 284 450 270 460 315 347
182 385 424 487 494 465 378 191 342 278 482 406 264
183 400 290 426 187 471 235 345 339
184 368 272 289 300 215 224 192 447 394 384
185 287 306 212 188 416 400 494 316 204 246 271
186 421 268 282 333 194 452 454
187 284 315 225 190 206 224
188 286 290 287 431 306 463 461 469 471 246 482
189 413 259 271 317 327 362 213 441 401 323 198 211 368 394 499
190 291 254 196 324 467 299 225 457 192 423 340 229 259 295 203 369
191 416 458 272 386 399 487 441
192 298 467 459 229 225 447 497 333 206 369
193 309 311 432 332 478 285 242 194 378 209 339 338 238
194 354 282 320 374 452 485 292 334 318 419 201 305 332 356 481
195 286 341 283 319 321 287 416 370 349 257 245 246 444
196 386 291 315 409 467 225 369 254
197 317 291 299 315 450 206 369 218
198 259 271 411 422 323 392 362 325 331 448 371 368 397 449 240 275 335 213 219 309 396 234 408 355 232 327
199 369 302 308 258 270 402 355
200 272 352 268 267 320 480
201 393 277 418 434 440 497 299 389 349
202 369 268 256 260 269 276 410 332 339 478
203 417 291 307 315 437 354 467 225 369
204 400 421 321 287 370 357 463
205 487 394 304 453 407 247 266 248 253 220 343 402 480 310 488 234 230 210 496 381
206 436 437 443 225 417 423 315 298 447 347 467 291 457 307 276 217 462 430 369
207 448 268 292 446 320 429
208 287 426 319 461 479 212 413 392 269 241 259
209 384 301 310 322 395 260 416 478 360 493
210 447 266 394 268 220 496 381
211 392 313 477 398 448 325 213 275 449 468 368 362 397 309 240 458 259 327 331 335 422 363 410 415 299
212 290 287 278 317 467
213 309 448 458 392 396 313 323 259 278 366 262
214 257 263 265 403 427 274 497 323 499 376 250 326
215 290 445 262 300 342 408 365 223 328 476 304 338 486
216 367 388 389 425 217 355 332
217 388 406 308 355 249
218 471 462 403 499 349 264 441 295 262 490
219 271 309 323 468 491 477 344
220 390 304 253 381 343 248 250 405 384
221 300 369 410 312 460 332 420 254 465 478 230
222 400 403 427 466 492 345 465 376
223 262 408 328 279 272 231 300 377 305 338 332
224 321 307 453 348 496
225 431 321 424 291 464 467 369 324 352 451 354 284 340 459 437 417 228 307 298 254 475 443 229 457 450 366 476 279 394 292 331 484 478
226 273 277 418 294 430 330 235 497 278
227 342 399 444 237 347 487 364 494 393 455
228 421 367 291 450 464 467 423 255 274 369 472
229 362 273 298 307 437 431 369
230 256 260 410 301 391 310 288 297 420 236 409 373 493 395 455 318 295 384 473 495 296 242 483 285 351 336 460 379 238 432 312 332 428 339 255 326 278 387 322 377 307 250 340 331 287 239 257 411 284 360
231 262 272 300 486 295 457
232 237 430 357 429 368 343 367 497
233 262 300 328 469 282 309 404 260
234 328 485 488 334 267 446 452 393 332 269 319 350 391
235 245 277 330 273 418 357 433 440 430 294 339 497 291
236 426 369 395 322 478 351 485 293 341 238 379
237 386 444 482 489 359 465 267 283 493
238 422 270 432 338 478 351 410 297 462
239 448 302 329 405 382
240 271 275 448 397 456 327 416 467 304 415 462
241 421 306 321 439 330 451 242
242 458 254 253 384 387 260 303 339 351 442 259
243 280 403 349 358 346 250 460
244 246 425 366 311 302 308 406 409 452 379
245 426 431 321 252 327 300 276 310
246 400 283 290 426 471 421 341 370 479 416 435 252 445 422 429 462 317 363 312 368 443 249
247 272 266 394 496 480 280 293 472 435 444
248 390 266 496 444 381
249 377 482 425 474 406 484 354 375
250 403 350 492 415 498
251 274 292 452 356 319
252 426 306 445 321 290 354 468 407
253 392 475 266 394 453 407 293 343 342 316 257 268 381 432
254 291 443 464 369 347 475 340 298 284 436 447 353
255 387 278 312 318 291
256 495 479 287 260 310 460 478
257 258 264 492 445 403 349
258 262 472 366 389 425
259 363 398 392 477 271 411 313 449 456 458 368 371
260 356 387 332 495 473 285 483 493 410 395 432 339
261 480 263 384 395 360
262 408 342 377 486 295 300 393
263 320 419 350 466 333 403 349 499
264 424 450 345 295 403 492
265 393 266 476 425
266 408 488 390 304 496 480 402 309 366 429 285
267 268 348 329 346 314 429 336
268 283 313 485 292 274 454 325 357 435 334
269 391 473 448 478
270 296 339 319 432 351 379
271 327 477 449 335 398 313 309 371 456 363 439 458 361 476 275 448 368 425
272 353 375 408 377 279 469 289 365 300 476 374 328
273 393 430 434 440 358 344 303 277 497
274 346 442 329 374 441 371 401 281 496 303
275 396 397 325 328 288 422 448 459
276 487 409 322 460 478 483
277 330 358 393 433 435 463 497 402
278 369 387 303 345 452
279 471 353 408 486 422 383 454 334 339
280 328 390 394 402 343 494 496
281 357 307 443 475 298 467 369 409
282 286 482 464 374 292 354 404 299 320 474 390
283 413 400 306 341 290 287 321 380
284 437 459 417 462 291 475 369
285 425 466 384 409 420 332
286 421 431 413 426 471 380 399
287 400 370 374 298 421 431 316 319 321
288 368 369 387 391 395 428 432 344 351
289 408 469 342 300 486 375 473
290 400 431 370 445 471 432 412 321 308
291 436 464 354 298 299 347 447 443 340 437 352 457 451 427 392 369
292 319 357 452 354 446 454 488 474
293 458 302 390 444
294 358 497 395 360
295 323 410 403 455 478
296 304 428 336 352 432
297 440 339 476 361 310 318
298 340 423 436 447 324 352 407 395 306 443 369
299 457 369 475 443 467
300 408 375 342 328 476 353 377 437
301 426 410 338 493 326 318 435 350 432 379
302 317 412 497 467 388 406 425 389 382 472 344 481 375 353 393 493
303 426 437 406 384 495 318 493 494 471 432 473
304 390 394 402 343 496 381
305 393 429 430 420 358
306 400 479 359 420 457
307 423 347 437 352 493 450 369 334
308 388 389 425 361 484 499 459 474
309 397 396 439 327 362 398 411 468 382 319 357 491 317 368 371
310 497 360 362
311 388 425 344 366 485 439 484
312 409 395 478
313 439 449 458 477 457 416 448 323
314 375 452
315 340 436 451 417 459 475 437 391 461 394 447 450 369
316 400 416 421 431 461
317 396 335 363 325 327 368 407 376 409
318 390 410 351 338 336 387 478 481 408 444
319 413 461 435 471 463 380 488 321
320 321 442 454 346 452 446 438 402 475
321 421 372 380 370 463 413 416 445 471 479 400 444 356 458
322 367 451 358 430 351 379
323 448 439 368 325 456 458 331 328
324 424 451 475 354 364 347 369
325 396 448 468 390 335 371 429 381 333
326 410 432 478 351
327 392 398 370 456 452 356
328 486 365 476 408 342 375 353 335 329
329 416 475 446 384
330 399 367
331 422 411 398 442 464
332 396 428 366 478 493
333 427 376
334 452 356 442 362 488
335 463 448 456 392 368
336 421 344 410 455 423 339
337 439 408 429 384
338 375 478
339 391 495 409 488 478
340 467 443 458 347 369
341 426 417 471 405 356 403
342 371 441 486 351
343 394 480 406 491 496
344 388 425
345 403 466 498 349 492 499 455
346 465 442 387
347 437 464 354
348 442 452
349 350 492 498 403 415 493 499
350 467 496 403 466 376
351 469 391 410 428 387 390
352 450 475 369 495 376
353 476 423 425 409
354 451 369 485
355 389 406 474
356 442 454 374 438 364
357 358 414 433 440 429 434 367 497
358 497 383 428
359 385 405 424 487 404 398
360 471 409 420
361 425 484 382 448 449
362 448 456 423 452
363 396 449 458
364 386 419 430 497 410
365 494
366 499
367 393 418 429 434 401 433 430 497 394
368 392 458 398 449 448 489 478
369 475 436 457 417 459 464 451 447 467 437 423 450 390 432 480
370 435 463 410
371 458 468 448 431
372 400 416 431
373 453 376 460 382
374 428
375 476 377
376 499 498
377 408 404
378 386 399 470 482 494
379 493 487
380 416
381 390 394 494
382 474 472 399
383 385 386 404 405 424 482 494
384 395 495 432 460
385 465 454 386 404 482 487 494
386 465 489 404 487 424 494 482 402 491 488
387 423 390 409 482 478
388 389 491 395 408
389 454 481 483 492
390 402 496 394 407 480 453 414 492 428
391 455 395 410
392 477 456 397 458
393 433 497 401 430 440 469
394 407 453 480 408 464 402
395 432 428 413 410 478 493
396 411 456 398 483 489 439 458
397 439 398 458 479 478
398 411 439 487 464 442
399 482 494
400 426 431 416 445 410 435 499
401 497 422 434
402 426 498
403 490 427 466 415 419 441 499
404 424 482 494 436
405 487 482 412 489 424 494 466
406 491 499 474
407 468 496 441
408
409 430 493 410
410 473 478 428 463
411 449 491 458
412 424 457 482 494 433
413 445 426 461
414 477 472 440 497
415 479 498 499
416 426 471
417 418 488 447 459 467
418 423 430 497
419 487 466
420 483 465 447 478 493
421 463 471 445 499 426 431 494 460
422 439 448
423 435 482 447 464
424 494 470 489 444 453
425 491 455 484
426 435 431
427 499
428 494 455 478
429 497
430 497 453
431 467 496 492
432 482 495 478 445
433 497
434 447 497
435
436 461 457 492
437 450 467
438 459 486 488
439 481
440 497
441 499
442 452 454 488 478
443 467 447 463
444 489 467 465 494
445 461
446 488 452 485
447 450 464 467
448 458 477
449 456 458 498
450 464 457 455 467
451 464
452 454
453 494 480 496
454 497 469
455 460
456 458 468 493
457 467
458 477 468 481
459
460 483 473 478
461 471
462 466 499
463 470
464
465 470 494
466
467 481
468
469 486
470 482 487
471
472 494 499
473 484
474 491
475
476
477
478 495 488 496
479
480 496
481
482 487 494
483
484
485
486
487
488
489
490 499
491 497
492
493
494
495
496 497
497
498 499
499
