0 489
0 99
0 357
0 255
1 295
1 447
1 25
1 251
1 207
1 364
1 233
1 265
2 316
2 313
2 321
2 21
2 359
2 224
2 116
2 426
3 190
3 193
3 4
3 267
3 21
3 441
3 321
3 245
4 443
4 219
4 92
4 431
4 313
4 426
4 441
4 307
4 387
4 350
4 21
4 246
4 190
4 321
4 325
4 314
5 204
5 46
5 236
5 18
5 433
5 349
5 275
5 404
5 31
5 379
5 210
6 64
6 148
6 465
6 342
7 28
7 150
7 480
7 45
7 23
7 487
8 391
8 22
8 176
8 271
8 33
8 175
8 202
8 321
9 116
9 273
9 378
9 308
9 36
9 423
9 314
9 127
10 172
10 346
10 429
10 456
10 334
11 229
11 184
11 236
11 31
11 376
12 403
12 249
12 216
12 364
13 276
13 311
14 450
14 68
14 36
14 423
14 308
14 314
14 70
15 111
15 300
15 456
15 218
15 253
16 286
16 327
16 36
16 423
16 70
16 114
17 137
17 136
17 410
17 36
17 423
17 314
17 70
17 127
18 396
18 444
18 491
18 386
18 245
18 423
19 261
19 120
19 58
19 435
19 142
19 488
19 362
19 472
20 479
20 466
20 485
20 21
20 409
20 190
20 321
20 325
21 80
21 431
21 425
21 340
21 248
21 442
21 349
21 190
21 359
21 245
21 485
21 92
21 228
21 375
21 183
21 321
21 325
21 462
21 107
22 386
22 391
22 173
22 339
22 36
23 280
23 477
23 199
23 480
23 163
23 348
23 430
23 48
23 355
23 454
23 54
23 356
23 373
24 269
24 278
24 63
24 36
24 423
24 314
24 70
24 114
25 264
25 83
26 131
26 186
26 390
26 89
26 169
26 250
26 464
26 449
26 292
26 190
26 285
26 49
27 145
27 59
27 164
27 214
27 369
27 212
27 29
27 348
27 416
27 191
28 257
29 453
29 416
29 191
30 128
30 399
30 121
30 416
30 191
31 237
31 43
31 325
31 362
32 218
32 38
32 37
32 324
32 188
32 303
32 381
32 328
32 347
32 111
32 41
32 40
32 44
32 437
32 456
33 176
33 221
33 331
33 339
33 248
34 311
34 398
34 40
34 299
34 423
35 290
35 296
35 55
36 137
36 273
36 136
36 174
36 383
36 206
36 235
36 286
36 452
36 427
36 439
36 459
36 392
36 68
36 113
36 333
36 179
36 304
36 302
36 415
36 71
36 463
36 168
36 424
36 402
36 262
36 278
36 269
36 91
36 284
36 440
36 283
36 337
36 410
36 93
36 114
36 314
36 378
36 422
36 327
36 129
36 423
36 116
36 117
36 228
36 322
36 450
36 309
36 233
36 420
36 61
36 197
36 70
36 469
36 405
36 187
36 73
36 63
36 160
36 481
36 354
36 347
36 276
36 360
36 141
36 385
36 100
36 191
36 127
37 185
37 225
37 44
37 456
38 158
38 306
38 456
38 334
39 199
39 348
39 356
40 338
40 358
41 172
41 185
41 456
41 334
42 404
42 491
42 50
42 95
42 205
42 475
42 499
43 147
43 385
44 111
44 185
44 122
44 423
45 364
45 430
45 301
46 275
46 184
46 205
47 154
47 447
47 315
47 364
47 249
48 156
48 163
48 493
48 355
48 101
49 285
49 438
49 155
49 223
49 72
49 256
49 88
49 407
49 169
49 419
49 486
49 83
49 159
49 320
49 362
49 385
49 132
49 86
49 305
49 181
49 67
49 493
49 435
49 56
49 89
49 122
50 275
50 147
50 289
50 444
50 372
50 369
51 400
51 276
51 358
52 336
52 371
52 358
53 154
53 249
53 264
53 67
53 448
53 134
53 345
53 69
53 207
53 364
54 101
55 222
55 105
55 338
55 360
55 451
55 394
55 299
55 180
55 178
55 237
55 194
56 181
56 155
56 419
56 90
56 438
56 231
56 323
56 122
57 264
57 447
57 216
57 364
57 249
58 374
58 64
59 416
59 191
60 135
60 157
60 75
60 297
60 134
60 318
60 70
61 392
61 423
61 314
61 70
61 127
62 172
62 324
62 377
62 368
63 416
63 262
63 392
63 423
63 314
63 70
64 143
64 367
65 397
65 416
65 191
66 266
66 181
66 464
67 154
67 298
67 315
67 364
68 423
68 314
68 70
68 127
69 263
69 364
69 249
70 314
70 383
70 459
70 113
70 286
70 415
70 233
70 427
70 127
70 302
70 136
70 179
70 333
70 405
70 117
70 73
70 174
70 420
70 439
70 337
70 354
70 308
70 440
70 422
70 91
70 228
70 378
70 327
70 424
70 283
70 187
70 153
70 434
70 450
70 284
70 168
70 392
70 278
70 137
70 93
70 197
70 423
70 309
70 304
70 322
70 262
70 71
70 410
70 446
70 184
70 141
70 86
70 105
71 440
71 314
72 258
72 412
72 285
72 181
72 486
73 429
73 423
73 127
74 190
74 321
74 107
75 218
76 275
76 204
76 236
76 95
76 229
77 141
77 146
77 310
77 358
78 416
78 191
78 192
80 190
80 325
80 248
81 441
81 190
81 485
81 240
82 409
82 426
82 190
82 321
82 325
82 345
82 118
82 248
83 131
83 285
83 181
83 438
83 122
84 334
84 146
84 281
85 276
85 296
85 226
85 141
85 225
85 358
86 256
86 155
86 285
86 336
86 88
86 89
86 122
86 250
87 391
87 417
87 209
88 181
88 122
89 285
89 181
89 385
89 211
89 260
89 167
89 203
89 123
89 454
90 285
90 181
90 250
91 423
91 440
91 314
92 190
92 321
92 484
92 248
93 278
93 314
93 354
93 114
93 127
94 180
94 478
94 296
95 277
95 470
95 404
95 282
95 499
95 475
95 100
95 147
95 205
95 341
95 370
96 417
96 106
97 188
97 456
97 201
98 416
98 191
98 252
98 128
98 397
98 369
98 467
98 455
98 137
99 417
99 115
100 475
101 156
101 317
101 487
101 126
101 232
102 321
102 108
103 191
103 244
103 467
104 276
104 149
104 299
104 338
104 351
105 270
105 276
105 312
105 338
106 379
106 384
106 271
106 291
107 200
107 224
108 387
108 321
108 325
108 238
108 248
109 353
109 280
109 373
109 230
109 241
110 287
110 365
110 142
111 429
111 185
111 218
111 368
112 456
112 368
113 423
113 314
113 127
114 314
114 423
114 136
114 129
114 127
115 175
115 221
116 423
116 314
117 200
117 416
117 129
117 392
117 314
118 425
118 183
118 245
119 154
119 364
119 448
119 249
120 416
120 208
120 210
120 367
121 191
122 181
122 211
122 412
122 419
122 132
122 231
122 362
122 272
122 428
122 223
122 492
122 167
122 451
123 385
123 260
123 274
123 412
123 285
123 181
123 336
123 250
124 388
124 154
124 298
124 447
124 364
124 249
125 441
125 442
126 166
127 262
127 283
127 420
127 402
127 459
127 278
127 415
127 268
127 405
127 333
127 153
127 206
127 302
127 137
127 427
127 423
127 160
127 233
127 309
127 129
127 174
127 284
127 308
127 463
127 440
127 327
127 179
127 322
127 213
127 131
127 449
127 369
127 493
128 145
128 416
128 192
128 467
129 422
129 168
129 469
129 423
129 439
129 314
130 352
130 289
131 432
131 256
131 390
131 272
131 181
132 258
132 419
132 285
132 250
133 191
133 382
133 416
133 423
134 295
134 403
134 154
135 334
135 437
135 306
135 347
135 356
135 411
135 456
136 262
136 452
136 423
136 314
137 206
137 415
137 423
138 395
138 220
138 289
138 205
138 482
139 456
139 212
139 288
139 164
139 191
139 392
140 271
140 173
140 202
141 371
141 276
142 435
142 365
142 375
142 367
143 342
143 148
143 210
144 178
144 170
144 276
144 383
145 446
145 416
145 191
146 338
146 358
147 220
147 277
147 165
147 281
148 287
149 276
149 180
149 360
149 475
149 338
149 226
149 358
150 291
150 280
150 430
150 317
150 363
150 241
151 393
151 199
151 430
151 314
152 322
152 259
152 465
152 342
152 234
153 402
153 174
153 286
153 459
153 258
153 423
153 314
154 298
154 264
154 207
154 295
154 249
154 171
154 473
154 448
154 474
154 364
155 412
155 400
155 314
157 253
157 377
157 414
157 437
157 334
158 318
158 334
158 368
159 285
159 305
159 428
159 181
160 414
160 405
160 423
160 314
161 191
161 401
161 276
161 413
161 358
162 227
162 343
163 393
163 166
163 353
164 191
165 275
165 370
165 205
167 260
167 203
168 434
168 269
168 228
168 452
168 304
168 235
168 226
168 314
169 191
169 266
170 281
170 454
170 299
170 338
170 358
171 408
171 332
171 364
171 249
172 429
173 329
173 460
173 176
174 269
174 423
174 314
174 354
175 271
175 331
176 391
176 290
177 358
177 380
178 398
178 366
178 338
178 351
179 262
179 314
180 296
181 412
181 285
181 223
181 418
181 305
181 486
181 211
181 432
181 186
181 274
181 231
181 336
181 256
181 272
181 320
181 419
181 258
181 182
181 492
181 428
181 438
181 407
181 385
181 266
181 415
181 188
181 229
181 451
182 412
182 285
182 250
183 325
183 190
184 229
185 429
185 225
185 328
185 468
185 456
185 487
186 385
186 285
186 336
187 423
187 434
188 294
188 381
188 334
188 368
189 232
189 380
189 358
190 200
190 240
190 431
190 193
190 462
190 345
190 321
190 442
190 349
190 387
190 350
190 457
190 425
190 307
190 421
190 268
190 348
190 325
191 416
191 214
191 254
191 288
191 361
191 497
191 496
191 446
191 369
191 247
191 468
191 399
191 335
191 467
191 213
191 341
191 252
191 212
191 242
191 196
191 244
191 382
191 397
191 192
191 198
191 348
191 363
191 362
192 416
192 496
193 436
193 358
194 276
194 401
194 232
194 338
195 388
195 264
195 364
196 416
196 198
197 423
197 439
197 314
198 416
198 453
199 490
200 431
200 267
201 429
201 437
201 334
201 416
201 427
202 386
202 384
203 260
203 285
204 396
205 237
205 396
205 342
205 470
205 314
206 283
206 423
206 439
206 314
207 264
207 222
208 365
208 215
208 435
209 391
209 221
209 291
209 357
209 250
210 217
210 234
211 285
212 416
212 288
212 448
212 496
213 399
213 416
214 416
215 342
216 364
216 249
217 287
217 342
217 374
219 325
220 314
221 279
221 498
221 257
221 249
222 344
222 358
223 418
223 486
223 250
224 321
224 484
225 456
226 400
226 358
227 287
228 391
228 283
228 423
228 314
230 257
230 353
230 363
231 385
231 412
232 276
233 430
233 423
233 314
234 423
235 423
235 314
236 395
236 379
237 475
237 376
237 370
237 435
238 488
239 342
239 367
240 335
240 314
241 358
242 416
242 361
242 244
242 248
243 406
243 306
243 456
244 416
245 431
245 409
245 468
246 368
246 465
247 397
248 350
248 349
249 364
249 388
249 263
250 285
250 464
250 438
250 419
250 407
250 272
251 265
252 416
252 288
253 429
253 328
253 368
254 416
254 341
255 291
255 339
256 407
256 486
256 390
256 412
256 285
258 285
258 432
259 488
260 419
260 449
260 407
260 489
260 285
262 383
262 304
262 463
262 295
262 423
262 314
263 388
263 293
263 364
264 408
264 293
264 388
264 387
264 332
265 364
265 421
266 285
267 316
267 321
268 337
268 423
268 322
269 327
269 283
269 423
269 314
270 451
270 471
271 279
272 492
272 285
273 286
273 423
273 314
274 320
274 285
275 475
275 352
275 481
275 370
275 285
276 473
276 455
276 394
276 495
276 398
276 471
276 338
276 478
276 295
276 319
277 404
277 282
277 370
278 434
278 420
278 314
278 354
279 498
279 386
279 417
279 483
280 461
281 311
281 476
281 471
282 491
283 423
283 439
284 427
284 405
284 314
285 418
285 407
285 438
285 390
285 419
285 385
285 292
285 449
285 464
285 320
285 432
285 302
285 402
285 473
286 423
286 302
286 439
286 314
287 343
288 497
289 482
289 379
290 454
291 384
291 386
291 391
292 336
293 364
294 406
294 381
294 456
295 364
296 439
297 347
297 377
297 429
297 456
297 368
298 364
299 401
300 306
301 461
301 430
301 477
302 423
302 314
303 414
303 456
304 423
304 314
305 432
306 346
306 377
306 458
306 316
306 318
306 342
307 319
309 423
309 439
309 314
309 322
310 360
312 413
312 495
312 358
312 494
314 423
314 427
314 392
314 337
314 459
314 422
314 383
314 405
314 327
314 424
314 354
314 322
314 452
314 378
314 402
314 469
314 333
314 440
314 439
314 463
314 450
314 481
314 456
316 325
318 445
318 456
319 443
320 428
321 436
321 345
321 425
321 462
321 340
321 479
321 466
321 409
321 391
321 325
323 398
323 358
323 495
323 367
325 466
325 443
325 409
325 359
325 441
325 439
326 429
327 373
327 423
328 429
328 368
329 386
332 364
333 423
333 354
334 377
334 429
334 406
334 432
335 397
335 361
335 468
335 412
336 385
336 418
336 390
336 412
336 492
336 449
337 471
337 423
337 424
337 440
338 394
338 451
338 427
338 358
339 483
339 498
341 416
342 488
342 472
342 365
344 364
344 358
346 363
348 430
350 387
351 358
352 370
353 461
354 423
354 481
354 397
357 486
358 478
358 380
358 398
358 455
358 366
358 476
358 471
358 450
361 416
362 412
363 490
363 393
364 408
364 448
364 421
364 403
364 445
366 394
367 435
368 414
368 445
368 411
369 416
370 404
370 395
370 405
372 473
373 393
373 493
375 389
376 475
378 392
378 423
379 433
379 482
382 416
385 456
385 432
385 492
385 449
385 486
386 498
389 465
392 469
392 434
392 402
392 423
392 439
392 440
394 476
395 491
396 470
397 468
397 416
398 494
398 400
398 423
399 416
400 401
406 411
407 412
410 463
410 423
411 445
412 449
412 438
413 471
414 456
416 467
416 446
416 497
416 453
416 496
417 460
419 440
420 450
420 422
420 440
422 423
423 439
423 452
423 469
423 463
423 481
423 427
427 469
429 456
430 477
434 439
436 457
439 463
444 482
451 455
460 489
477 487
480 487
