#/Users/David/University/REU/Modularity/main.py
# GMT Sat Jun  4 00:45:11 2022
# 
0 50 963 97
1 64 819 404 395 679 566
2 930 285 807 59
3 489 896 518 714 274
4 549 834
5 614 243 825 37 948 560 681 248
6 430 42 633 837 466 16 424
7 637 494 133 54 107 639
8 625 963 550
9 966 689 169 630 965
10 848 998 505
11 711 697 869 518 984 185 730 578 714 274
12 118 718 633 749 47 816 376 554 590 344
13 970 517 109 86 969
14 224 967 829 495
15 897 721 547 58
16 572 474 374 481 46 444 960
17 808 414 336 428 231
18 275 142 299
19 134 646 144 33 710
20 509 891 146
21 261 734 55 69
22 514 379 560 738 595
23 810 240
24 262 830 846
25 257 388 903 679 312
26 301 35 669 799 53 668 57 283
27 894 571 880
28 652 617
29 652 394 478 754 880
30 842 293 37 67 410 681
31 138 157 694 170 708 700 619 977 864 927 164 672 385 673 710
32 622 788 54 880
33 646 672 824 135 613 260 100 314 977 492 673 710
34 251 63 295 241
35 59 107
36 368 529 216 982 549 810 125
37 184 317 908 681
38 241 130 580 129
39 863 723
40 560 147 440 209 153 193 657 371 790 143 323 696 902 935 476 303 458 539 426 412 177 418 996 400 200 602 226 364 786 449 499 183 439 56 941 399 936 999 423 190 926 946 329 320 934 359 529 975 708 574 44 457
41 287 184 813 915 410 681 667 896
42 811 878 154 158
43 917 523 875
44 129 543 604 641
45 110 295 817 412
46 532 916 688 873 654 951 92 574
47 763 117
48 580 753 295 136 241
49 395 404 324
50 596 68 963
51 778 649 495
52 755 753 604 678 241
53 533
54 248 91 622 505 674 745 467 571 358 634 389 894 360 366 494 355 862 375 991 116 981 788 931 322 601
55 261 734 416 479 57
56 177 686 284 183 147 664 440 802 996 226 698 937 812
57 261 199 119 249 653 511 621 162 157
58 652 782 547 244 890 335 722
59 283 456
60 586 416 886 496
61 347 979 683
62 532 481 65 333
63 130 84
64 257 404 534
65 258 618 368 942
66 553 815 856 217 616
67 813 681
68 555 79
69 612 249 904 496
70 771 555 639
71 140 824 710 157 595
72 962 309 410
73 112 806 667 435 970
74 814 843 550 601
75 96 691 677 126 252 970
76 387 221 909 217
77 769 914 877 351 754 221 606
78 257 566 324
79 665 973 616
80 572 485 873 444
81 829 611 607
82 186 994 695 279
83 483 517
84 295 852 604 139 759
85 517 332
86 606 351
87 739 236 351
88 563 511 473 621 653
89 261 609 653 496
90 562 342 166
91 637 880 991
92 808 846 104 163 231
93 538 955 402 907 737 497
94 572 485 960
95 435 429 750 252 805 970
96 519 103 385 325 828 850 970
97 704 601
98 737 366 261 781 653
99 164 717
100 679 516 140 437
101 261 640 653 496
102 917 693 179 714
103 273 970
104 723 937 267 152 189
105 768 955 396 176 737
106 362 432 331 966
107 600 494
108 394 354
109 351 909
110 532 353 572 368 654 960
111 394 354 652 506 892
112 787 747 750
113 386 627 561 179
114 665 742 726 310 411 691 925 667 970
115 903 679 312
116 622
117 123 441 229
118 630 689 507
119 261 653 496
120 760 367
121 769 146
122 363 310 667 677 252 970
123 578
124 773 395 404 566
125 231 560 928
126 252 346 742 855 211 667 850 970
127 846 863 502 172 219 231 709
128 704 963 790
129 139
130 791 543 139 678 241
131 549 810 560
132 347 956 907 715 208 737 483
133 745 862 653
134 480 861 672 710 619 778 824
135 824 260 710
136 241 398
137 646 672 159 710 595
138 595 406 673 710
139 202 838 777 798 678 270 398
140 397 710
141 521 279 186 858 489
142 985 271 905
143 433
144 512 157 824
145 846 336 510 172 328 839
146 205 887 472
147 418 802 804
148 549 560 240 471
149 683 514 527 529 549 560 982
150 309 989 681 950
151 778 292 899 829 495
152 381 846
153 714 790 400 371 325 439 999 946 786 418 499 731 564
154 770 573 441 229 450 878 181 203 947 432 851
155 528 559 238 291 836
156 653 563 640 361
157 710 857
158 590 459 947 770 796
159 646 673 595
160 381 483
161 578 846 172 615 204 231
162 346 261 653
163 256 913 204 846 804 534
164 864 595
165 404 521 795 433 291 829
166 562 293 309 742 681
167 546 866 469 345 829 169
168 585 590 459 344 729 430 770 491 507 482
169 554 749 993 425 966 236 274
170 397
171 560 409 928 232 513 255 738
172 256 297 578 632 951 204 633
173 530 349 714 724 727 274 443
174 645 179 693
175 180 771 814 815 843
176 692 986 270 699 944 956 841 737 483
177 182
178 267 830 328 204 219 231
179 785 479
180 377 869 253 784 296 504 730 711 194 714 274 300
181 573 811
182 657 860
183 690 457
184 293 681
185 579 194 714 274 896
186 521 238 867 994 757 264 542 557 826 695 818 533 378 361 974 291 482
187 532 353 444
188 981 540
189 701 418 200 902 996 686 596 790 325
190 476 653
191 309 825 317 342 410
192 771 815 596
193 510 471
194 985 714 727 274
195 655 956
196 867 818 393
197 519 667 252 970
198 520 538 786
199 638 653
200 539 701 325 359
201 590 344
202 817
203 590 965 554
204 578 267 231 632 937 328 341 852
205 332 976
206 396 680 768 210 737
207 546 611 345 237
208 683 685 794 954 956 714 737
209 449 786
210 974 737
211 384 394 721
212 533 542 407 370 291
213 714 912 274
214 258 380 351 877
215 949 778 829 237 448 607 495
216 560 982 950
217 815 771 973
218 581 509 252 850 970
219 524 808 652
220 335 244 603 478
221 351
222 369 943 557 776 291 489 722
223 523 263 290 883 503
224 647
225 549 560
226 790
227 810 982
228 695 278 251 496
229 590 470
230 714 727 900
231 578 615 830 651 863
232 514 529 560 577 635
233 484 876
234 713 487
235 754 871 366
236 914 351
237 647 859 390 611 383
238 812
239 828 849 252 970
240 549 560 471
241 838 822 255 753 678
242 310 821
243 410 681 995 424
244 652 722 710
245 829 345 607
246 519 575 710
247 290 627 760 953 501
248 375 622
249 496 511 734 774
250 263 658 693
251 910 489 795 334 812 826 445 800 695 776 521 867
252 667 726 592 454 732 849 677 411 870 581 747 565 339 435 307 310 526 997 651
253 714 274
254 737 979 714
255 817 678
256 779 354
257 588 525 570 566 534 392 324 404 998 772 970 647
258 448 884 333 713 474 951
259 551 381 483
260 321 314 646 280 673 710
261 537 734 416 544 640 361 756 670 545 563 612 586 609 898 558 904 781 322 496 473 644 883 588 654 653
262 937 502 510 975 846
263 810 662 883 760
264 542
265 942 841 713 688 532 939
266 864 700 673
267 651
268 542 370 279 291 330 932
269 494 639 880
270 381 520 413 680 737
271 523 650 541
272 423 996 786
273 519 667 302 850 435 970 814
274 714 733 465 847 731 300 340 349 504 306 984 296 985 901 911 377 832 405 567 765 327 522 530 518 719 896 724 443 869 338 727 872 281 780 591 931 784 276 730 408 304 920 319 289 589 964 912 629 579 292 279 816 488 590 679
275 923 925 796
276 733
277 565 750 783 850
278 542
279 867 291 282 800 542 370 369 477 943 489
280 792 314 595 752
281 714 296
282 744
283 799
284 423 460
285 728 803 299 608 902
286 539 323 303 926 936
287 681 957 742 842 410
288 521 910
289 714
290 523 318
291 557 867 833 421 453 695 407 800 860 555 881
292 868 778 829 597 607 495
293 583 410 681
294 927 702 710 845
295 678
296 714 896
297 919 913 681
298 888 358
299 594 728
300 714 985 338 711 543 443
301 905 669
302 667 850 970
303
304 714
305 658 918 503
306 714 896
307 846 850 970 988
308 566 837 585
309 813 337 681 995
310 667 732 660 870 435 970
311 786 686 495
312 404 679 446 388 588 566 452 819 827 624 484
313 761 695 943 750
314 646 437 710
315 833 421 482
316 853 378 330
317 614 410 681
318 515 990
319 714 780 896 985
320 850 804
321 516 673 564 710
322 653
323 412
324 404
325 786 789 996 690 902 359 615 934
326 646 710 595
327 714 896 900
328 651 341 632
329 823
330 557 858 352 881 949 704
331 492 811 590
332 969
333 574 353 945
334 433 949
335 382 628 603 782 652 357 547 376 770
336
337 842 908 995 410 681
338 714 912 721
339 667 750 970
340 714 765 724
341 615 937 778
342 793 681 410
343 909 472 351
344 590 965
345 649 829 967 607 899 866 885 847
346 581 667 992 787 870 363 970
347
348 639 360 540 880
349 714
350 490 714
351 472 739 675 769 387 891 868 403 837
352 836
353 574 766 767 444 716
354 652 357 722 628 892
355 540 366 648
356 515 917 990 953 561 643
357 484 890 874
358
359 686
360 540 605 366
361
362 573 633 707
363 435 970
364 539 656
365 877 642 517
366 540 389 605 991 648 674
367 542
368 873 391 762 574 487
369 881 949 373 943 971
370 922 695 949 651 943 926
371 786
372 810 560 879
373 533 929 949
374 391 960 706 767
375 605 389
376 722 892
377 714 727 438 443 710
378 433
379 560 635 966
380 909 887
381 954 671
382 831 912 484 653
383 577 928 455
384 394 652 547 892
385 667 850
386 658 938
387 675 868
388 624 679
389
390 899 587 778 569 829 607 495
391 960
392 395 404 679 819 584
393 445 780
394 500 484 831 652 821 751
395 588 556 566 627 679
396 893 955 676 940 737
397 864 710
398 737 641 678 892
399 663
400 786 935
401 621 653 609
402 442 737
403 987 411 970
404 452 534 903 588 556 679 782 566
405 518 714 719
406 613 710
407 489 818 949
408 530 579 714 784 896
409 549 560 471
410 915 614 957 948 908 682 562 825 778 865 681 989
411 970
412 602 476 941 686 999 696 458
413 671 685
414 846
415 667 854 970
416 545
417 526 725 956
418
419 679 556 566 570
420 770 590
421 820 769 710
422 522 567 714 784
423
424 582 585 623 993 718 714
425 590 895
426 786 804
427 535 822
428 578
429 667 709 970
430 470
431 702 708 646 710
432 590
433 858 489
434 778 498 495
435 626 850 660 742 882 992 709 512 988
436 654 713 444 960
437 710
438 518 714 984 985
439 926 460
440 786 790
441
442 598 737
443 714 449
444 906 736 463 939 848 959
445 776 971
446 534 679
447 904 653
448 531 786
449 664 786 936
450 689
451 516 672 710 977
452 566
453 922 489
454 667 849 850 970
455 560 527 549
456 705 728
457 786 941 779 673
458 664 786 823
459
460 581 946 935 710
461 531 532 873
462 759 755
463 531 532 939 960 487 970
464 949 559 607
465 714 847
466 770
467 894 505
468 667 850 970
469 829 498 885 607
470 811 859
471 735
472
473 781
474 945 841 930 590
475 725 685 737
476 496
477 645 924 760
478 970
479 485
480 835
481 873
482 978 795
483 968 737 655 954 685 526 725 538
484 722 743
485 531 618 906 960 654 916
486 769 891 914
487 685 951
488 702 649 778 495
489 533 943 776
490 982 659 741 879
491 590
492 667 988 849 850 992
493 678 508 798 764 568 778
494 880
495 778 611 587 885 859 501 851 967 829 758 649 899 643 844 653
496 644 586 558 545 904 609 781 865 563 886
497 655 954 768 974 933 740
498 829 607
499 786
500 652 874
501 778 607
502 846
503 924 760 692
504 714 985
505 605 862
506 652 547
507 557
508 755
509 970 665 805
510 839 830
511 653
512 613 824 710
513 982 879 549
514 577
515 661 953 523 840 760
516 792 710
517 775 769
518 984 931 952 584 629
519 660 732 626 726 667 850 970
520 684 979 768 544 676 737 719 710
521 757
522 961 912 733 727 869 998 714 896
523 645 561
524 779
525 556
526 954 560
527 659 560
528 853 858 949
529 982
530 714 719 896
531 706 960 642
532 848 916 576 951 998 537 762
533 853
534 773 772
535 777
536 791 604 798
537
538 794 893 865 551 680 737
539 727
540 894 862 981 648 622 627
541 799 669 827
542 812 932 858 943
543 748
544 653
545 898 904 653
546 829
547 743 617
548 827 925
549 810 659 741 635 560 577 997 738 735 834 858
550 704
551 968 683 737
552 765 984 714 727
553 856
554 811 966
555 704
556 679
557 978 867
558 563 653
559 932
560 774 741 735 928 810 982 879 659 907
561 797 875
562
563 640 653
564 824 710
565 988 667 783 970
566 588 570 958
567 896 714
568 661 918
569 851 778 899 861
570 772
571
572
573 585 616
574 688 889 618
575 673 717 845 710 636 915 595
576 889 767
577 735 635 928 736
578 937 723
579 872 711 714
580 748
581 732 691 805 980 801 667 970
582 770
583 825 681 950
584 679
585 633 736
586 886 640 653
587 778 829 844 607
588 679
589 832 724 714 719 896
590 689 993 749 770 763 707 814 966
591 765 984 714
592 732 660 850 904
593 681 710 646
594 799
595 864 694 752
596 712 771 601
597 851
598 968 676 974
599 841 916
600 637
601 712 856 895
602
603 652 782 721 722 628
604 755 641 791 838 874 678 824
605 639
606
607 829 778 859 885
608 803 650
609
610 807 925
611 778 829 967
612 653 640
613 710
614 681
615 631
616 771 843
617 652 722
618
619 710
620 660 855 667 849 970
621
622 862
623 729
624
625 712
626 667 970
627 785 918 760
628 722
629 832 961 714
630
631 779 839
632
633 718 966
634 981
635
636 710
637 871
638 734
639 871
640 842
641
642 849 714 868
643 649 647
644
645 840 661 918
646 804 861 666 702 809 860 710
647 829
648 880 888
649 737 653 829
650 923
651 846
652 897 983 754 743 876 751 721 658
653 886 670 756 781 898 734 904
654 960
655 768 667
656 663 789 790
657 696 786 804
658 953
659
660 667 726 970
661
662 953
663 786 934
664 698 786
665 806 801 667 970
666 717 673 710
667 980 854 787 750 970 882 988 801 806 709 805 972 992 732 947 840
668 796
669 728
670
671 715 737
672 710
673 702 717 927 694 864 710
674 681
675 914
676 699 786
677 968 970
678 777 798 956
679 703 772 784
680 794 685 975
681 962 682 948 842 957 813 793 989 950 915
682 825 915
683 685 699 725 968 737
684 737 944
685 715 986 737
686 786
687 746 752 710
688 939
689 993
690 860 802 696 786 790
691 970
692 768 975 737 905
693 917 938
694 824
695 826
696
697 727 714 784
698 790 786 926
699 737
700
701 999 926 786
702 857 710
703 773 903
704 814 959
705 807
706
707 993 816
708 824 710
709 850 970
710 921 809 752 835 746 815
711 714 724
712
713 873 829
714 964 985 961 920 719 784 869 780 911 931 730 896 952 731 872 832 984 847 727 724 765 901 900 733 807 767
715 944
716 916
717 835
718 966
719 984
720 814 963
721 892
722 831 890
723
724 883 952
725 794 737
726 850 970
727 730 920 780 900
728
729
730
731 920
732 970 988
733
734
735 810
736 960
737 944 907 974 893 955 940 794 986
738 815
739 769
740 970
741
742 850 854 970
743 754
744 795
745 880
746
747 783 970
748
749
750 850 970
751
752
753
754
755
756
757
758 778 829 844
759
760 797 924 938 917 990 916
761 820 910
762
763 816
764 838 798
765 920
766
767
768 933
769 976 868 775 969
770 988
771 850
772 773 958 903
773
774 997 928 982
775 877
776
777
778 866 851 859 829
779
780 872
781
782
783 850 870 970
784 801 985
785 924
786 823 860 804
787 850 970 988
788
789 902
790 946
791 817
792 921
793 962 950
794 979
795 932
796
797 924
798
799 803
800
801 970
802
803
804 936 946 996 999
805
806 850 970
807
808 919 867
809
810 928 997
811
812
813
814 973 815
815 959
816 878
817
818 971
819 903
820 949 971 929 943
821 895
822 838
823
824 864
825 989 995
826
827
828 970
829 951 851 866 967 844 899
830
831
832 850 896
833 900
834
835 921
836
837 947
838
839
840 990
841
842 950
843
844 859 878
845
846 913
847 961
848 884
849 987
850 987 882
851
852
853
854
855 982 970
856
857
858
859
860
861
862 981
863
864
865
866
867
868
869
870 979 970
871
872
873
874 921 892
875
876
877 887
878 896
879
880 888
881
882 960 970
883
884 960
885
886
887
888
889
890 977
891
892
893 968
894
895 965
896 931
897
898
899 967
900 964 985
901
902
903
904
905
906
907
908
909
910
911
912
913
914 969
915 948
916
917
918
919
920
921
922
923
924 971
925
926
927 977
928
929
930
931
932
933 979
934
935
936
937
938
939
940 954 968
941
942 951
943 993
944 979
945
946
947
948
949
950
951
952
953
954
955
956 968
957
958
959
960
961
962 970
963
964
965
966
967
968 979
969
970 987 988 980 972 992
971
972
973
974
975
976
977
978
979
980
981
982
983
984
985
986
987
988 992
989
990
991
992
993
994
995
996
997
998
999
