1 178 249.01 
1 233 253.01 
1 279 268.01 
1 410 237.01 
1 466 260.01 
1 499 263.01 
1 500 248.01 
178 88 273.01 
178 227 269.01 
178 358 243.01 
178 371 262.01 
178 420 272.01 
178 486 284.01 
178 500 290.01 
233 179 241.01 
233 232 252.01 
233 353 262.01 
233 465 296.01 
233 476 268.01 
233 493 255.01 
233 500 259.01 
279 173 224.01 
279 227 246.01 
279 363 264.01 
279 445 286.01 
279 493 253.01 
279 499 259.01 
279 500 269.01 
410 26 256.01 
410 269 216.01 
410 469 261.01 
410 476 279.01 
410 499 247.01 
410 500 269.01 
466 22 247.01 
466 402 262.01 
466 445 246.01 
466 492 259.01 
466 499 244.01 
466 500 254.01 
499 13 277.01 
499 140 273.01 
499 211 264.01 
499 371 257.01 
499 464 292.01 
499 500 255.01 
500 351 283.01 
500 469 272.01 
500 477 253.01 
500 479 222.01 
500 485 250.01 
500 499 237.01 
2 141 240.01 
2 153 256.01 
2 169 248.01 
2 321 255.01 
2 370 252.01 
2 423 269.01 
2 489 253.01 
141 21 254.01 
141 267 288.01 
141 287 268.01 
141 441 280.01 
141 479 262.01 
141 494 284.01 
141 500 244.01 
153 14 253.01 
153 356 261.01 
153 429 269.01 
153 430 215.01 
153 455 249.01 
153 496 234.01 
153 497 228.01 
169 174 258.01 
169 256 261.01 
169 286 261.01 
169 399 294.01 
169 423 270.01 
169 433 262.01 
169 500 243.01 
321 427 281.01 
321 445 268.01 
321 478 279.01 
321 486 279.01 
321 492 259.01 
321 499 276.01 
321 500 261.01 
370 224 238.01 
370 268 263.01 
370 296 265.01 
370 304 251.01 
370 418 230.01 
370 483 264.01 
423 74 267.01 
423 259 267.01 
423 344 242.01 
423 370 249.01 
423 451 270.01 
423 499 258.01 
489 146 284.01 
489 155 266.01 
489 215 212.01 
489 313 263.01 
489 457 252.01 
489 462 265.01 
3 73 270.01 
3 125 228.01 
3 138 239.01 
3 341 270.01 
3 413 237.01 
3 494 285.01 
3 499 217.01 
73 23 261.01 
73 60 265.01 
73 148 259.01 
73 392 250.01 
73 418 233.01 
73 473 238.01 
73 489 261.01 
125 127 276.01 
125 171 243.01 
125 237 262.01 
125 364 273.01 
125 452 257.01 
125 494 285.01 
125 500 234.01 
138 319 256.01 
138 326 265.01 
138 401 244.01 
138 479 279.01 
138 489 258.01 
138 494 256.01 
138 497 249.01 
341 21 257.01 
341 113 237.01 
341 265 234.01 
341 380 240.01 
341 418 249.01 
341 435 257.01 
341 491 235.01 
413 160 296.01 
413 224 289.01 
413 268 264.01 
413 428 299.01 
413 471 281.01 
413 498 296.01 
494 55 235.01 
494 313 276.01 
494 360 265.01 
494 467 257.01 
494 479 279.01 
494 489 275.01 
4 244 266.01 
4 320 259.01 
4 374 256.01 
4 381 238.01 
4 414 252.01 
4 489 250.01 
4 497 243.01 
244 320 265.01 
244 357 239.01 
244 467 250.01 
244 471 253.01 
244 474 248.01 
244 489 269.01 
244 494 260.01 
320 356 264.01 
320 364 298.01 
320 441 249.01 
320 474 276.01 
320 479 253.01 
320 483 266.01 
320 500 246.01 
374 115 270.01 
374 256 246.01 
374 314 257.01 
374 360 263.01 
374 401 257.01 
374 499 259.01 
381 463 275.01 
381 471 286.01 
381 495 260.01 
381 496 246.01 
381 497 271.01 
381 498 261.01 
414 76 241.01 
414 94 236.01 
414 149 246.01 
414 266 253.01 
414 368 249.01 
414 393 270.01 
497 310 276.01 
497 442 262.01 
497 468 265.01 
497 473 247.01 
497 491 236.01 
497 498 251.01 
5 67 246.01 
5 297 254.01 
5 397 265.01 
5 410 265.01 
5 475 257.01 
5 493 265.01 
5 500 282.01 
67 348 250.01 
67 464 252.01 
67 467 260.01 
67 487 231.01 
67 492 242.01 
67 499 268.01 
67 500 229.01 
297 7 270.01 
297 28 283.01 
297 392 244.01 
297 485 237.01 
297 486 255.01 
297 499 240.01 
297 500 225.01 
397 469 256.01 
397 476 279.01 
397 493 248.01 
397 494 236.01 
397 499 245.01 
397 500 264.01 
475 32 252.01 
475 60 243.01 
475 324 280.01 
475 430 226.01 
475 438 284.01 
475 455 229.01 
493 83 236.01 
493 157 248.01 
493 308 259.01 
493 343 274.01 
493 487 272.01 
493 500 256.01 
6 124 272.01 
6 142 287.01 
6 256 293.01 
6 346 273.01 
6 410 278.01 
6 455 262.01 
6 499 272.01 
124 160 258.01 
124 301 232.01 
124 336 234.01 
124 372 259.01 
124 430 255.01 
124 451 248.01 
124 483 266.01 
142 6 263.01 
142 18 286.01 
142 119 250.01 
142 431 225.01 
142 464 240.01 
142 485 255.01 
142 489 247.01 
256 152 238.01 
256 206 211.01 
256 263 233.01 
256 327 243.01 
256 336 224.01 
256 362 219.01 
256 492 236.01 
346 119 253.01 
346 330 250.01 
346 417 276.01 
346 481 247.01 
346 489 244.01 
346 496 246.01 
346 500 268.01 
455 9 231.01 
455 202 249.01 
455 343 236.01 
455 478 266.01 
455 490 246.01 
455 495 219.01 
7 16 244.01 
7 398 269.01 
7 456 257.01 
7 458 239.01 
7 487 290.01 
7 499 262.01 
7 500 231.01 
16 133 274.01 
16 183 285.01 
16 467 275.01 
16 471 246.01 
16 481 272.01 
16 499 278.01 
16 500 287.01 
398 233 252.01 
398 321 233.01 
398 456 263.01 
398 465 273.01 
398 499 280.01 
398 500 264.01 
456 29 288.01 
456 427 264.01 
456 465 282.01 
456 492 293.01 
456 493 262.01 
456 500 256.01 
458 276 225.01 
458 385 207.01 
458 422 272.01 
458 481 259.01 
458 492 240.01 
458 500 253.01 
487 291 288.01 
487 316 248.01 
487 467 241.01 
487 473 223.01 
487 478 276.01 
487 500 264.01 
8 108 240.01 
8 159 216.01 
8 416 245.01 
8 457 209.01 
8 459 233.01 
8 463 229.01 
8 500 225.01 
108 60 232.01 
108 257 258.01 
108 412 228.01 
108 446 275.01 
108 472 245.01 
108 488 256.01 
108 500 208.01 
159 156 220.01 
159 229 279.01 
159 352 270.01 
159 410 257.01 
159 461 234.01 
159 471 242.01 
159 500 236.01 
416 50 232.01 
416 95 261.01 
416 105 234.01 
416 334 272.01 
416 366 263.01 
416 488 242.01 
457 49 232.01 
457 168 236.01 
457 267 261.01 
457 389 233.01 
457 452 251.01 
457 485 219.01 
459 79 234.01 
459 284 249.01 
459 438 284.01 
459 449 264.01 
459 488 267.01 
459 499 258.01 
463 27 292.01 
463 225 281.01 
463 428 277.01 
463 475 249.01 
463 490 291.01 
463 498 289.01 
9 251 241.01 
9 257 235.01 
9 315 250.01 
9 398 244.01 
9 423 272.01 
9 451 246.01 
9 490 243.01 
251 170 241.01 
251 190 261.01 
251 208 253.01 
251 378 258.01 
251 429 256.01 
251 481 247.01 
251 490 211.01 
257 12 231.01 
257 44 247.01 
257 75 237.01 
257 139 248.01 
257 344 243.01 
257 433 239.01 
257 500 235.01 
315 216 280.01 
315 306 268.01 
315 356 268.01 
315 365 268.01 
315 446 270.01 
315 482 293.01 
315 483 295.01 
451 202 268.01 
451 239 241.01 
451 360 241.01 
451 429 270.01 
451 483 235.01 
451 496 251.01 
490 176 240.01 
490 312 253.01 
490 345 255.01 
490 411 255.01 
490 497 250.01 
490 498 244.01 
10 134 255.01 
10 169 247.01 
10 312 232.01 
10 318 239.01 
10 353 211.01 
10 433 274.01 
10 455 249.01 
134 242 251.01 
134 263 259.01 
134 287 278.01 
134 296 244.01 
134 388 249.01 
134 402 241.01 
134 500 259.01 
312 411 268.01 
312 440 262.01 
312 468 247.01 
312 479 232.01 
312 497 244.01 
312 498 265.01 
312 500 250.01 
318 242 252.01 
318 279 277.01 
318 294 244.01 
318 338 282.01 
318 342 268.01 
318 367 244.01 
318 444 237.01 
353 175 263.01 
353 233 239.01 
353 480 258.01 
353 487 243.01 
353 493 238.01 
353 500 241.01 
433 38 234.01 
433 173 226.01 
433 363 260.01 
433 441 244.01 
433 469 244.01 
433 494 242.01 
11 263 239.01 
11 300 233.01 
11 323 261.01 
11 346 246.01 
11 377 263.01 
11 411 242.01 
11 483 267.01 
263 142 252.01 
263 303 243.01 
263 399 257.01 
263 423 246.01 
263 457 246.01 
263 470 262.01 
263 483 268.01 
300 99 264.01 
300 280 234.01 
300 356 256.01 
300 388 222.01 
300 482 259.01 
300 483 298.01 
300 484 255.01 
323 36 237.01 
323 193 245.01 
323 406 247.01 
323 414 264.01 
323 470 256.01 
323 484 250.01 
323 495 219.01 
377 66 230.01 
377 99 262.01 
377 128 256.01 
377 475 293.01 
377 488 263.01 
377 491 276.01 
411 19 247.01 
411 362 278.01 
411 444 273.01 
411 490 271.01 
411 496 276.01 
411 498 279.01 
483 10 283.01 
483 238 236.01 
483 251 238.01 
483 280 219.01 
483 373 282.01 
483 458 252.01 
12 81 255.01 
12 135 260.01 
12 151 264.01 
12 197 252.01 
12 238 228.01 
12 266 250.01 
12 474 261.01 
81 125 236.01 
81 337 244.01 
81 393 270.01 
81 414 276.01 
81 494 277.01 
81 495 251.01 
81 498 248.01 
135 232 268.01 
135 273 286.01 
135 345 266.01 
135 390 272.01 
135 449 245.01 
135 466 248.01 
135 497 252.01 
151 130 228.01 
151 263 245.01 
151 369 263.01 
151 423 255.01 
151 437 251.01 
151 484 247.01 
151 485 236.01 
197 33 238.01 
197 326 269.01 
197 329 227.01 
197 369 233.01 
197 376 257.01 
197 425 273.01 
197 462 235.01 
238 73 260.01 
238 391 255.01 
238 418 264.01 
238 420 278.01 
238 454 262.01 
238 499 276.01 
238 500 277.01 
266 47 242.01 
266 56 257.01 
266 87 249.01 
266 234 257.01 
266 409 229.01 
266 474 252.01 
266 489 261.01 
474 53 243.01 
474 197 262.01 
474 261 233.01 
474 391 236.01 
474 453 235.01 
474 485 228.01 
13 1 247.01 
13 69 269.01 
13 157 275.01 
13 325 279.01 
13 402 260.01 
13 499 250.01 
13 500 250.01 
69 94 246.01 
69 125 240.01 
69 456 253.01 
69 461 254.01 
69 464 266.01 
69 499 252.01 
69 500 269.01 
157 461 261.01 
157 464 255.01 
157 467 251.01 
157 478 278.01 
157 487 273.01 
157 499 287.01 
157 500 269.01 
325 209 242.01 
325 415 274.01 
325 426 246.01 
325 467 249.01 
325 486 273.01 
325 493 261.01 
325 500 246.01 
402 5 280.01 
402 107 245.01 
402 308 282.01 
402 456 242.01 
402 461 262.01 
402 500 273.01 
14 25 246.01 
14 83 261.01 
14 315 252.01 
14 399 240.01 
14 475 244.01 
14 483 248.01 
14 487 224.01 
25 136 286.01 
25 230 275.01 
25 284 264.01 
25 368 256.01 
25 381 265.01 
25 431 282.01 
25 447 284.01 
83 304 259.01 
83 420 252.01 
83 456 238.01 
83 477 246.01 
83 481 248.01 
83 499 261.01 
83 500 252.01 
399 252 268.01 
399 300 222.01 
399 409 209.01 
399 421 244.01 
399 480 214.01 
399 482 235.01 
15 170 244.01 
15 283 208.01 
15 303 261.01 
15 385 245.01 
15 473 241.01 
15 480 222.01 
15 498 240.01 
170 32 237.01 
170 369 288.01 
170 378 272.01 
170 386 260.01 
170 470 251.01 
170 498 235.01 
170 499 223.01 
283 55 263.01 
283 115 257.01 
283 337 258.01 
283 448 249.01 
283 470 257.01 
283 484 264.01 
283 491 245.01 
303 50 251.01 
303 179 251.01 
303 207 260.01 
303 271 263.01 
303 324 239.01 
303 371 248.01 
303 498 242.01 
385 34 271.01 
385 65 239.01 
385 74 260.01 
385 295 255.01 
385 436 230.01 
385 450 252.01 
473 309 256.01 
473 332 274.01 
473 404 264.01 
473 440 260.01 
473 496 277.01 
473 498 271.01 
480 202 233.01 
480 337 231.01 
480 379 227.01 
480 432 228.01 
480 478 218.01 
480 485 227.01 
498 82 265.01 
498 121 211.01 
498 172 273.01 
498 408 271.01 
498 482 252.01 
498 495 260.01 
133 195 230.01 
133 236 258.01 
133 409 220.01 
133 427 268.01 
133 493 262.01 
133 499 250.01 
133 500 266.01 
183 304 253.01 
183 329 266.01 
183 465 265.01 
183 492 277.01 
183 493 260.01 
183 499 268.01 
183 500 263.01 
467 28 283.01 
467 114 249.01 
467 232 285.01 
467 486 296.01 
467 499 271.01 
467 500 281.01 
471 199 254.01 
471 270 277.01 
471 463 286.01 
471 482 284.01 
471 490 280.01 
471 498 296.01 
481 236 269.01 
481 398 276.01 
481 460 261.01 
481 477 272.01 
481 493 242.01 
481 500 250.01 
17 261 239.01 
17 292 242.01 
17 307 260.01 
17 436 212.01 
17 450 263.01 
17 484 225.01 
17 491 221.01 
261 414 269.01 
261 454 241.01 
261 462 266.01 
261 479 256.01 
261 485 234.01 
261 489 266.01 
261 497 253.01 
292 203 284.01 
292 240 275.01 
292 316 234.01 
292 450 286.01 
292 457 271.01 
292 498 232.01 
292 500 236.01 
307 162 264.01 
307 349 236.01 
307 450 273.01 
307 480 258.01 
307 482 250.01 
307 485 287.01 
307 498 258.01 
436 163 258.01 
436 268 275.01 
436 299 256.01 
436 405 253.01 
436 490 271.01 
436 498 268.01 
450 54 242.01 
450 150 220.01 
450 212 245.01 
450 403 254.01 
450 468 256.01 
450 470 249.01 
484 80 257.01 
484 293 237.01 
484 351 255.01 
484 437 284.01 
484 479 249.01 
484 485 245.01 
491 147 267.01 
491 250 237.01 
491 429 248.01 
491 442 247.01 
491 486 270.01 
491 488 263.01 
18 6 242.01 
18 137 221.01 
18 145 288.01 
18 265 232.01 
18 348 290.01 
18 388 255.01 
18 451 252.01 
137 185 292.01 
137 235 269.01 
137 323 314.01 
137 346 240.01 
137 480 247.01 
137 485 276.01 
137 499 263.01 
145 54 258.01 
145 322 252.01 
145 341 252.01 
145 378 282.01 
145 424 256.01 
145 458 231.01 
145 486 234.01 
265 148 247.01 
265 272 223.01 
265 295 250.01 
265 299 226.01 
265 462 246.01 
265 484 253.01 
265 494 246.01 
348 274 251.01 
348 438 259.01 
348 453 259.01 
348 459 260.01 
348 475 251.01 
348 488 222.01 
348 493 258.01 
388 301 235.01 
388 431 233.01 
388 443 240.01 
388 451 267.01 
388 469 223.01 
388 500 210.01 
19 352 280.01 
19 400 250.01 
19 458 248.01 
19 477 276.01 
19 492 276.01 
19 493 297.01 
19 500 281.01 
352 390 243.01 
352 420 270.01 
352 427 262.01 
352 464 253.01 
352 477 250.01 
352 486 251.01 
352 500 239.01 
400 392 251.01 
400 480 240.01 
400 486 257.01 
400 489 254.01 
400 490 255.01 
400 494 249.01 
477 67 260.01 
477 366 264.01 
477 402 258.01 
477 464 247.01 
477 478 262.01 
477 500 270.01 
492 331 216.01 
492 352 311.01 
492 461 271.01 
492 478 292.01 
492 493 284.01 
492 500 272.01 
20 75 237.01 
20 277 240.01 
20 285 250.01 
20 385 249.01 
20 404 253.01 
20 416 264.01 
20 450 254.01 
75 164 247.01 
75 175 240.01 
75 399 267.01 
75 437 233.01 
75 448 238.01 
75 464 231.01 
75 480 216.01 
277 137 239.01 
277 199 242.01 
277 432 275.01 
277 434 249.01 
277 448 246.01 
277 457 271.01 
277 485 266.01 
285 20 263.01 
285 49 252.01 
285 294 252.01 
285 329 250.01 
285 420 247.01 
285 439 230.01 
285 484 249.01 
404 47 226.01 
404 354 241.01 
404 431 266.01 
404 444 236.01 
404 471 257.01 
404 495 272.01 
21 12 240.01 
21 102 263.01 
21 180 242.01 
21 319 248.01 
21 390 251.01 
21 487 242.01 
21 489 248.01 
102 254 233.01 
102 309 261.01 
102 320 244.01 
102 325 253.01 
102 349 252.01 
102 435 277.01 
102 479 265.01 
180 172 248.01 
180 253 238.01 
180 337 240.01 
180 438 252.01 
180 455 273.01 
180 463 237.01 
180 483 283.01 
319 34 251.01 
319 158 233.01 
319 253 255.01 
319 435 230.01 
319 452 242.01 
319 456 242.01 
319 474 235.01 
390 85 230.01 
390 408 274.01 
390 482 262.01 
390 495 251.01 
390 497 253.01 
390 498 281.01 
22 41 258.01 
22 402 255.01 
22 407 242.01 
22 425 247.01 
22 465 296.01 
22 499 260.01 
22 500 268.01 
41 26 254.01 
41 278 235.01 
41 358 274.01 
41 466 260.01 
41 478 290.01 
41 499 264.01 
41 500 264.01 
407 88 305.01 
407 272 275.01 
407 353 256.01 
407 477 280.01 
407 499 253.01 
407 500 259.01 
425 129 267.01 
425 154 234.01 
425 234 246.01 
425 395 233.01 
425 453 257.01 
425 459 230.01 
465 350 217.01 
465 353 261.01 
465 358 252.01 
465 487 202.01 
465 492 246.01 
465 500 258.01 
23 70 263.01 
23 192 242.01 
23 464 266.01 
23 466 266.01 
23 481 272.01 
23 499 261.01 
23 500 264.01 
70 183 265.01 
70 229 286.01 
70 458 256.01 
70 476 274.01 
70 486 253.01 
70 493 286.01 
70 500 276.01 
192 291 268.01 
192 351 272.01 
192 359 262.01 
192 384 264.01 
192 478 225.01 
192 499 283.01 
192 500 296.01 
464 101 280.01 
464 255 258.01 
464 481 274.01 
464 487 249.01 
464 499 270.01 
464 500 251.01 
24 92 254.01 
24 129 245.01 
24 404 265.01 
24 419 257.01 
24 448 240.01 
24 465 239.01 
24 470 261.01 
92 7 270.01 
92 222 257.01 
92 226 274.01 
92 303 277.01 
92 352 238.01 
92 480 253.01 
92 499 261.01 
129 78 240.01 
129 108 231.01 
129 313 226.01 
129 405 230.01 
129 442 238.01 
129 459 257.01 
129 462 249.01 
419 224 267.01 
419 359 266.01 
419 449 262.01 
419 474 234.01 
419 496 263.01 
419 497 243.01 
448 73 245.01 
448 184 226.01 
448 258 245.01 
448 327 226.01 
448 364 245.01 
448 497 218.01 
470 17 265.01 
470 27 247.01 
470 122 242.01 
470 225 256.01 
470 484 242.01 
470 499 238.01 
136 100 215.01 
136 189 232.01 
136 256 238.01 
136 404 270.01 
136 411 258.01 
136 495 250.01 
136 497 261.01 
230 136 270.01 
230 138 243.01 
230 277 235.01 
230 335 244.01 
230 342 236.01 
230 411 239.01 
230 473 236.01 
284 222 277.01 
284 249 269.01 
284 264 279.01 
284 396 264.01 
284 417 277.01 
284 434 228.01 
284 476 277.01 
368 249 251.01 
368 264 247.01 
368 374 259.01 
368 421 248.01 
368 462 258.01 
368 494 269.01 
431 163 255.01 
431 191 251.01 
431 298 259.01 
431 447 263.01 
431 482 282.01 
431 496 274.01 
447 160 260.01 
447 310 260.01 
447 428 275.01 
447 466 246.01 
447 468 262.01 
447 496 263.01 
26 83 251.01 
26 272 256.01 
26 476 278.01 
26 481 281.01 
26 486 255.01 
26 499 255.01 
26 500 271.01 
272 366 273.01 
272 385 228.01 
272 407 231.01 
272 477 285.01 
272 492 235.01 
272 499 270.01 
272 500 284.01 
476 159 249.01 
476 304 227.01 
476 352 254.01 
476 478 250.01 
476 499 281.01 
476 500 244.01 
486 114 254.01 
486 223 230.01 
486 384 273.01 
486 488 237.01 
486 492 253.01 
486 500 242.01 
27 216 262.01 
27 395 267.01 
27 447 251.01 
27 461 228.01 
27 495 258.01 
27 496 252.01 
27 498 244.01 
216 121 242.01 
216 135 284.01 
216 379 250.01 
216 386 251.01 
216 473 250.01 
216 485 254.01 
216 497 246.01 
395 96 246.01 
395 445 217.01 
395 463 277.01 
395 471 247.01 
395 496 272.01 
395 498 257.01 
461 113 258.01 
461 133 243.01 
461 478 286.01 
461 492 267.01 
461 493 254.01 
461 500 289.01 
495 322 269.01 
495 330 256.01 
495 447 276.01 
495 480 260.01 
495 482 263.01 
495 488 226.01 
496 61 271.01 
496 332 280.01 
496 354 266.01 
496 436 214.01 
496 485 254.01 
496 498 248.01 
28 288 279.01 
28 311 256.01 
28 422 262.01 
28 469 290.01 
28 476 279.01 
28 486 287.01 
28 500 291.01 
288 16 251.01 
288 343 239.01 
288 445 254.01 
288 469 248.01 
288 487 266.01 
288 499 257.01 
288 500 247.01 
311 371 254.01 
311 398 254.01 
311 415 245.01 
311 439 256.01 
311 445 250.01 
311 460 263.01 
311 500 250.01 
422 45 234.01 
422 91 251.01 
422 107 225.01 
422 458 245.01 
422 465 243.01 
422 500 240.01 
469 72 261.01 
469 118 278.01 
469 363 267.01 
469 415 262.01 
469 492 289.01 
469 499 284.01 
29 22 262.01 
29 23 279.01 
29 366 288.01 
29 460 264.01 
29 465 274.01 
29 477 245.01 
29 500 291.01 
366 84 267.01 
366 409 249.01 
366 476 225.01 
366 492 240.01 
366 499 283.01 
366 500 245.01 
460 159 247.01 
460 350 258.01 
460 456 253.01 
460 467 249.01 
460 493 241.01 
460 500 286.01 
30 91 250.01 
30 162 240.01 
30 316 248.01 
30 379 216.01 
30 393 248.01 
30 484 257.01 
30 500 226.01 
91 198 238.01 
91 231 260.01 
91 285 258.01 
91 307 219.01 
91 389 278.01 
91 496 260.01 
91 500 248.01 
162 30 272.01 
162 105 287.01 
162 127 259.01 
162 166 250.01 
162 354 253.01 
162 485 242.01 
162 493 264.01 
316 36 243.01 
316 80 293.01 
316 378 252.01 
316 411 265.01 
316 484 268.01 
316 496 238.01 
316 497 237.01 
379 46 252.01 
379 155 262.01 
379 291 245.01 
379 323 269.01 
379 480 237.01 
379 484 247.01 
393 274 236.01 
393 285 221.01 
393 462 254.01 
393 494 283.01 
393 498 246.01 
393 499 238.01 
31 11 246.01 
31 14 252.01 
31 483 277.01 
31 495 276.01 
31 497 247.01 
31 498 236.01 
31 500 260.01 
32 70 227.01 
32 148 256.01 
32 220 240.01 
32 281 253.01 
32 307 230.01 
32 403 263.01 
32 487 259.01 
148 47 263.01 
148 234 255.01 
148 357 245.01 
148 371 230.01 
148 479 238.01 
148 490 228.01 
148 494 269.01 
220 305 269.01 
220 471 303.01 
220 482 250.01 
220 495 259.01 
220 496 260.01 
220 497 308.01 
220 498 290.01 
281 65 248.01 
281 151 270.01 
281 180 251.01 
281 428 224.01 
281 447 245.01 
281 470 234.01 
281 480 232.01 
403 64 249.01 
403 385 257.01 
403 437 239.01 
403 445 259.01 
403 457 246.01 
403 488 249.01 
33 360 264.01 
33 400 250.01 
33 456 250.01 
33 474 248.01 
33 489 249.01 
33 494 272.01 
33 500 253.01 
360 53 246.01 
360 81 239.01 
360 386 242.01 
360 449 242.01 
360 488 219.01 
360 494 256.01 
34 235 243.01 
34 323 249.01 
34 361 217.01 
34 415 252.01 
34 455 254.01 
34 480 264.01 
34 486 260.01 
235 92 266.01 
235 217 233.01 
235 292 261.01 
235 379 231.01 
235 393 239.01 
235 469 254.01 
235 490 231.01 
361 43 227.01 
361 109 257.01 
361 136 244.01 
361 432 226.01 
361 451 247.01 
361 495 247.01 
415 103 220.01 
415 192 213.01 
415 350 239.01 
415 439 244.01 
415 487 243.01 
415 499 233.01 
35 37 259.01 
35 177 244.01 
35 218 256.01 
35 426 249.01 
35 438 276.01 
35 487 270.01 
35 488 278.01 
37 144 262.01 
37 262 218.01 
37 394 265.01 
37 460 226.01 
37 472 233.01 
37 488 260.01 
37 495 232.01 
177 309 210.01 
177 342 265.01 
177 359 253.01 
177 390 270.01 
177 482 222.01 
177 490 247.01 
177 497 224.01 
218 52 266.01 
218 254 253.01 
218 454 249.01 
218 488 261.01 
218 491 282.01 
218 493 282.01 
218 500 242.01 
426 145 271.01 
426 339 274.01 
426 347 233.01 
426 348 277.01 
426 454 273.01 
426 475 250.01 
438 72 243.01 
438 108 227.01 
438 262 267.01 
438 401 215.01 
438 446 255.01 
438 477 241.01 
488 262 245.01 
488 290 226.01 
488 317 275.01 
488 416 239.01 
488 480 248.01 
488 500 231.01 
36 266 235.01 
36 314 232.01 
36 396 260.01 
36 421 252.01 
36 457 265.01 
36 499 228.01 
36 500 212.01 
314 244 253.01 
314 368 245.01 
314 375 261.01 
314 376 268.01 
314 489 275.01 
314 494 283.01 
314 496 238.01 
396 57 248.01 
396 236 248.01 
396 428 240.01 
396 454 264.01 
396 488 247.01 
396 492 253.01 
421 186 269.01 
421 211 298.01 
421 244 248.01 
421 383 268.01 
421 453 242.01 
421 486 252.01 
144 81 232.01 
144 89 251.01 
144 181 246.01 
144 214 262.01 
144 349 266.01 
144 392 265.01 
144 426 229.01 
262 117 250.01 
262 126 239.01 
262 211 301.01 
262 357 256.01 
262 412 277.01 
262 434 259.01 
262 492 260.01 
394 58 253.01 
394 98 273.01 
394 381 251.01 
394 403 259.01 
394 438 237.01 
394 459 245.01 
472 247 257.01 
472 259 274.01 
472 412 279.01 
472 475 254.01 
472 483 265.01 
472 500 209.01 
38 29 252.01 
38 111 229.01 
38 316 253.01 
38 379 243.01 
38 414 237.01 
38 484 242.01 
38 485 218.01 
111 431 225.01 
111 436 243.01 
111 440 254.01 
111 459 259.01 
111 495 273.01 
111 496 253.01 
111 497 260.01 
485 61 259.01 
485 353 246.01 
485 408 257.01 
485 448 252.01 
485 450 231.01 
485 483 243.01 
39 5 274.01 
39 280 251.01 
39 283 224.01 
39 341 248.01 
39 361 233.01 
39 375 279.01 
39 433 279.01 
280 133 265.01 
280 134 267.01 
280 153 245.01 
280 243 252.01 
280 281 245.01 
280 367 247.01 
280 443 254.01 
375 32 253.01 
375 91 244.01 
375 294 225.01 
375 448 243.01 
375 474 243.01 
375 476 241.01 
40 57 244.01 
40 200 244.01 
40 388 204.01 
40 492 255.01 
40 493 249.01 
40 499 201.01 
40 500 244.01 
57 45 280.01 
57 328 269.01 
57 421 252.01 
57 424 265.01 
57 481 251.01 
57 491 252.01 
57 495 256.01 
200 7 264.01 
200 106 254.01 
200 458 298.01 
200 477 288.01 
200 481 275.01 
200 492 277.01 
200 500 297.01 
278 40 224.01 
278 185 259.01 
278 206 233.01 
278 311 270.01 
278 439 242.01 
278 476 243.01 
278 500 236.01 
358 195 227.01 
358 298 251.01 
358 398 279.01 
358 486 216.01 
358 493 269.01 
358 500 266.01 
478 320 229.01 
478 321 229.01 
478 358 265.01 
478 420 246.01 
478 477 246.01 
478 500 274.01 
42 13 290.01 
42 84 264.01 
42 329 255.01 
42 461 261.01 
42 466 261.01 
42 481 267.01 
42 500 253.01 
84 276 229.01 
84 397 238.01 
84 469 245.01 
84 478 258.01 
84 486 259.01 
84 499 260.01 
84 500 279.01 
329 190 255.01 
329 298 270.01 
329 478 296.01 
329 482 283.01 
329 487 269.01 
329 499 269.01 
329 500 285.01 
43 2 251.01 
43 335 277.01 
43 362 296.01 
43 373 277.01 
43 458 235.01 
43 483 249.01 
43 490 258.01 
335 270 242.01 
335 382 270.01 
335 384 232.01 
335 462 260.01 
335 482 268.01 
335 490 249.01 
335 497 249.01 
362 223 227.01 
362 359 283.01 
362 419 249.01 
362 494 249.01 
362 497 258.01 
362 498 228.01 
373 145 264.01 
373 251 277.01 
373 396 259.01 
373 429 266.01 
373 430 241.01 
373 497 247.01 
44 74 279.01 
44 387 253.01 
44 439 268.01 
44 451 297.01 
44 455 279.01 
44 465 293.01 
44 500 268.01 
74 102 257.01 
74 255 242.01 
74 367 253.01 
74 394 221.01 
74 430 261.01 
74 466 259.01 
74 481 251.01 
387 171 232.01 
387 264 256.01 
387 435 243.01 
387 467 245.01 
387 479 238.01 
387 495 237.01 
439 29 275.01 
439 106 256.01 
439 397 277.01 
439 409 251.01 
439 460 273.01 
439 500 288.01 
45 126 244.01 
45 355 254.01 
45 425 268.01 
45 433 240.01 
45 446 237.01 
45 452 245.01 
45 491 241.01 
126 254 243.01 
126 328 260.01 
126 383 232.01 
126 445 256.01 
126 472 251.01 
126 488 253.01 
126 498 248.01 
355 8 241.01 
355 203 253.01 
355 421 239.01 
355 426 265.01 
355 484 222.01 
355 488 254.01 
446 116 285.01 
446 158 224.01 
446 302 241.01 
446 376 248.01 
446 396 257.01 
446 442 230.01 
452 71 270.01 
452 146 239.01 
452 331 243.01 
452 405 237.01 
452 485 269.01 
452 499 254.01 
46 177 257.01 
46 187 261.01 
46 463 245.01 
46 471 284.01 
46 483 259.01 
46 497 287.01 
46 498 273.01 
187 79 281.01 
187 210 243.01 
187 299 257.01 
187 490 277.01 
187 494 285.01 
187 497 287.01 
187 498 272.01 
47 93 234.01 
47 174 260.01 
47 238 251.01 
47 391 252.01 
47 393 247.01 
47 489 256.01 
47 499 243.01 
93 34 251.01 
93 188 266.01 
93 243 251.01 
93 449 256.01 
93 490 236.01 
93 497 282.01 
93 498 235.01 
174 56 284.01 
174 391 244.01 
174 427 229.01 
174 435 219.01 
174 452 248.01 
174 479 255.01 
174 487 240.01 
391 3 234.01 
391 4 245.01 
391 274 252.01 
391 452 250.01 
391 470 248.01 
391 497 235.01 
48 67 246.01 
48 161 272.01 
48 318 251.01 
48 433 262.01 
48 449 246.01 
48 454 263.01 
48 491 248.01 
161 92 242.01 
161 255 254.01 
161 388 244.01 
161 413 254.01 
161 478 264.01 
161 487 273.01 
161 500 260.01 
449 90 250.01 
449 177 244.01 
449 333 299.01 
449 405 241.01 
449 468 277.01 
449 473 258.01 
454 88 269.01 
454 181 223.01 
454 315 229.01 
454 407 271.01 
454 475 258.01 
454 500 253.01 
49 119 244.01 
49 222 264.01 
49 432 249.01 
49 437 263.01 
49 453 242.01 
49 484 260.01 
49 496 253.01 
119 152 243.01 
119 184 217.01 
119 196 245.01 
119 231 232.01 
119 264 251.01 
119 346 226.01 
119 423 249.01 
222 53 218.01 
222 378 241.01 
222 424 251.01 
222 452 241.01 
222 485 275.01 
222 495 243.01 
222 500 228.01 
432 226 248.01 
432 246 281.01 
432 277 234.01 
432 305 262.01 
432 412 234.01 
432 448 259.01 
437 49 233.01 
437 235 267.01 
437 394 248.01 
437 403 266.01 
437 461 259.01 
437 473 239.01 
453 100 240.01 
453 116 274.01 
453 446 319.01 
453 472 251.01 
453 493 240.01 
453 498 228.01 
50 249 208.01 
50 287 257.01 
50 344 222.01 
50 424 240.01 
50 472 249.01 
50 491 291.01 
50 492 238.01 
249 242 259.01 
249 275 258.01 
249 358 264.01 
249 394 281.01 
249 417 267.01 
249 447 261.01 
249 492 243.01 
287 76 276.01 
287 222 247.01 
287 425 262.01 
287 426 268.01 
287 457 266.01 
287 475 242.01 
287 500 238.01 
344 39 229.01 
344 165 229.01 
344 415 232.01 
344 494 246.01 
344 495 254.01 
344 496 247.01 
344 497 265.01 
424 8 250.01 
424 90 252.01 
424 114 237.01 
424 126 258.01 
424 491 247.01 
424 498 243.01 
51 20 266.01 
51 48 291.01 
51 338 263.01 
51 443 287.01 
51 468 250.01 
51 483 265.01 
51 498 236.01 
338 69 225.01 
338 260 240.01 
338 271 239.01 
338 318 217.01 
338 373 243.01 
338 443 259.01 
338 491 252.01 
443 62 279.01 
443 152 239.01 
443 326 256.01 
443 416 276.01 
443 455 269.01 
443 475 241.01 
468 289 268.01 
468 382 274.01 
468 406 284.01 
468 440 260.01 
468 444 251.01 
468 496 297.01 
52 275 248.01 
52 287 274.01 
52 434 243.01 
52 477 260.01 
52 482 241.01 
52 498 230.01 
52 499 254.01 
275 58 260.01 
275 227 247.01 
275 302 256.01 
275 459 256.01 
275 480 245.01 
275 488 279.01 
275 491 252.01 
434 97 213.01 
434 205 249.01 
434 435 257.01 
434 446 239.01 
434 459 249.01 
434 475 248.01 
482 220 264.01 
482 406 255.01 
482 408 253.01 
482 444 262.01 
482 472 241.01 
482 500 246.01 
53 274 250.01 
53 318 231.01 
53 400 227.01 
53 441 256.01 
53 474 263.01 
53 479 244.01 
53 493 242.01 
274 182 245.01 
274 295 244.01 
274 320 235.01 
274 414 256.01 
274 474 248.01 
274 480 233.01 
274 484 250.01 
441 193 247.01 
441 265 226.01 
441 435 225.01 
441 468 244.01 
441 474 273.01 
441 479 239.01 
479 97 229.01 
479 181 252.01 
479 238 239.01 
479 349 231.01 
479 351 236.01 
479 393 246.01 
54 35 229.01 
54 375 249.01 
54 389 206.01 
54 419 243.01 
54 452 254.01 
54 485 220.01 
54 498 244.01 
389 180 244.01 
389 208 269.01 
389 312 230.01 
389 403 241.01 
389 457 242.01 
389 463 243.01 
55 9 233.01 
55 110 247.01 
55 277 249.01 
55 361 235.01 
55 363 264.01 
55 437 261.01 
55 499 232.01 
110 68 244.01 
110 319 271.01 
110 340 268.01 
110 364 275.01 
110 485 239.01 
110 494 238.01 
110 498 297.01 
363 351 268.01 
363 409 258.01 
363 467 262.01 
363 492 288.01 
363 493 250.01 
363 500 280.01 
56 314 243.01 
56 422 226.01 
56 454 267.01 
56 474 248.01 
56 479 248.01 
56 492 213.01 
56 494 238.01 
328 161 253.01 
328 209 260.01 
328 350 231.01 
328 382 232.01 
328 422 272.01 
328 426 251.01 
328 488 231.01 
58 183 254.01 
58 214 227.01 
58 241 238.01 
58 355 235.01 
58 444 206.01 
58 491 246.01 
58 500 236.01 
214 165 256.01 
214 258 223.01 
214 417 240.01 
214 434 234.01 
214 454 256.01 
214 459 229.01 
214 500 240.01 
241 14 238.01 
241 18 237.01 
241 293 249.01 
241 425 250.01 
241 472 265.01 
241 475 270.01 
241 491 231.01 
444 71 303.01 
444 248 282.01 
444 373 227.01 
444 463 251.01 
444 490 261.01 
444 496 253.01 
59 51 288.01 
59 85 257.01 
59 116 249.01 
59 140 275.01 
59 282 256.01 
59 443 283.01 
59 483 260.01 
85 260 262.01 
85 315 256.01 
85 344 256.01 
85 367 270.01 
85 402 232.01 
85 430 232.01 
85 432 250.01 
116 128 250.01 
116 176 239.01 
116 275 214.01 
116 306 206.01 
116 394 237.01 
116 472 249.01 
116 491 255.01 
140 279 285.01 
140 397 256.01 
140 427 287.01 
140 456 290.01 
140 458 271.01 
140 499 297.01 
140 500 260.01 
282 229 296.01 
282 297 260.01 
282 422 283.01 
282 439 279.01 
282 487 252.01 
282 499 276.01 
282 500 251.01 
60 302 232.01 
60 317 246.01 
60 324 269.01 
60 336 231.01 
60 434 224.01 
60 470 252.01 
60 488 280.01 
302 17 260.01 
302 78 244.01 
302 377 271.01 
302 403 274.01 
302 454 271.01 
302 463 219.01 
302 491 251.01 
317 36 244.01 
317 182 243.01 
317 281 250.01 
317 301 239.01 
317 355 235.01 
317 475 236.01 
317 488 253.01 
324 6 238.01 
324 122 261.01 
324 331 232.01 
324 426 237.01 
324 442 250.01 
324 453 253.01 
324 499 234.01 
336 184 232.01 
336 289 250.01 
336 296 270.01 
336 370 289.01 
336 483 253.01 
336 488 237.01 
336 499 240.01 
61 198 259.01 
61 243 274.01 
61 330 273.01 
61 342 254.01 
61 374 238.01 
61 463 240.01 
61 495 244.01 
198 82 291.01 
198 104 296.01 
198 187 255.01 
198 310 288.01 
198 413 248.01 
198 497 257.01 
198 498 275.01 
243 111 226.01 
243 240 218.01 
243 332 254.01 
243 401 232.01 
243 463 240.01 
243 475 226.01 
243 497 248.01 
330 131 242.01 
330 217 240.01 
330 335 275.01 
330 386 254.01 
330 436 219.01 
330 490 224.01 
330 497 249.01 
342 188 265.01 
342 459 246.01 
342 468 247.01 
342 490 249.01 
342 494 259.01 
342 495 230.01 
342 498 235.01 
62 18 269.01 
62 82 269.01 
62 99 259.01 
62 142 297.01 
62 336 257.01 
62 468 241.01 
62 495 271.01 
82 219 268.01 
82 347 265.01 
82 405 247.01 
82 428 277.01 
82 494 261.01 
82 497 293.01 
82 498 252.01 
99 4 239.01 
99 31 245.01 
99 85 269.01 
99 194 262.01 
99 373 239.01 
99 422 273.01 
99 500 266.01 
63 96 264.01 
63 104 282.01 
63 221 266.01 
63 290 246.01 
63 332 271.01 
63 473 250.01 
63 498 251.01 
96 167 249.01 
96 168 251.01 
96 431 251.01 
96 486 249.01 
96 489 244.01 
96 495 253.01 
96 496 251.01 
104 25 258.01 
104 306 266.01 
104 395 269.01 
104 406 265.01 
104 496 278.01 
104 497 291.01 
104 498 258.01 
221 42 249.01 
221 310 243.01 
221 366 235.01 
221 456 235.01 
221 491 212.01 
221 492 242.01 
221 500 246.01 
290 57 243.01 
290 124 263.01 
290 425 266.01 
290 430 261.01 
290 434 233.01 
290 453 282.01 
290 491 274.01 
332 63 264.01 
332 143 278.01 
332 176 270.01 
332 470 258.01 
332 496 266.01 
332 497 294.01 
332 498 274.01 
64 141 240.01 
64 290 260.01 
64 387 230.01 
64 492 273.01 
64 495 243.01 
64 497 247.01 
64 499 229.01 
65 339 257.01 
65 369 251.01 
65 452 241.01 
65 464 265.01 
65 478 273.01 
65 498 233.01 
65 500 271.01 
339 128 236.01 
339 218 235.01 
339 239 217.01 
339 247 234.01 
339 466 244.01 
339 488 259.01 
339 492 260.01 
369 15 253.01 
369 201 256.01 
369 218 272.01 
369 480 240.01 
369 484 249.01 
369 499 243.01 
66 386 265.01 
66 406 305.01 
66 419 273.01 
66 471 258.01 
66 483 294.01 
66 495 249.01 
66 496 270.01 
386 156 255.01 
386 286 234.01 
386 354 237.01 
386 449 253.01 
386 495 272.01 
386 496 263.01 
406 120 309.01 
406 168 269.01 
406 490 252.01 
406 495 282.01 
406 497 267.01 
406 498 252.01 
68 15 267.01 
68 39 271.01 
68 117 249.01 
68 155 260.01 
68 383 266.01 
68 425 277.01 
68 457 285.01 
117 68 242.01 
117 316 263.01 
117 394 240.01 
117 416 246.01 
117 461 234.01 
117 487 234.01 
117 491 263.01 
155 24 242.01 
155 77 237.01 
155 195 205.01 
155 406 260.01 
155 444 235.01 
155 480 236.01 
155 485 235.01 
383 50 246.01 
383 144 275.01 
383 250 252.01 
383 252 257.01 
383 417 281.01 
383 498 266.01 
94 201 277.01 
94 232 266.01 
94 389 238.01 
94 422 294.01 
94 458 277.01 
94 486 265.01 
94 500 266.01 
229 19 268.01 
229 325 254.01 
229 476 286.01 
229 487 252.01 
229 492 286.01 
229 493 284.01 
229 500 259.01 
71 220 248.01 
71 468 257.01 
71 494 248.01 
71 495 280.01 
71 496 282.01 
71 497 250.01 
71 498 247.01 
72 41 282.01 
72 377 263.01 
72 464 268.01 
72 481 261.01 
72 492 252.01 
72 499 291.01 
72 500 284.01 
392 149 269.01 
392 234 254.01 
392 418 267.01 
392 474 239.01 
392 487 220.01 
392 495 211.01 
418 153 268.01 
418 174 263.01 
418 420 245.01 
418 489 300.01 
418 494 265.01 
418 497 247.01 
255 273 225.01 
255 297 269.01 
255 317 273.01 
255 400 238.01 
255 423 269.01 
255 447 267.01 
255 460 252.01 
367 44 243.01 
367 252 245.01 
367 399 251.01 
367 429 284.01 
367 489 242.01 
367 498 270.01 
430 51 264.01 
430 253 252.01 
430 376 242.01 
430 448 258.01 
430 477 263.01 
430 500 256.01 
164 172 276.01 
164 273 254.01 
164 306 234.01 
164 310 258.01 
164 436 247.01 
164 495 275.01 
164 498 276.01 
175 113 260.01 
175 420 268.01 
175 483 232.01 
175 486 282.01 
175 492 297.01 
175 499 250.01 
175 500 284.01 
76 396 255.01 
76 397 282.01 
76 410 279.01 
76 421 277.01 
76 432 235.01 
76 459 247.01 
76 500 260.01 
77 194 236.01 
77 237 302.01 
77 376 239.01 
77 387 263.01 
77 400 242.01 
77 491 230.01 
77 494 269.01 
194 13 265.01 
194 311 259.01 
194 356 232.01 
194 383 254.01 
194 406 240.01 
194 450 233.01 
194 455 262.01 
237 265 233.01 
237 345 254.01 
237 368 272.01 
237 374 263.01 
237 376 301.01 
237 484 245.01 
237 490 258.01 
376 127 272.01 
376 186 275.01 
376 213 232.01 
376 414 260.01 
376 441 266.01 
376 474 266.01 
78 90 266.01 
78 317 293.01 
78 368 253.01 
78 425 242.01 
78 488 273.01 
78 489 252.01 
78 500 253.01 
90 123 261.01 
90 348 280.01 
90 382 254.01 
90 383 265.01 
90 432 280.01 
90 472 265.01 
90 491 245.01 
79 139 280.01 
79 417 239.01 
79 471 283.01 
79 482 284.01 
79 495 269.01 
79 496 244.01 
79 498 267.01 
139 189 235.01 
139 246 242.01 
139 447 265.01 
139 449 263.01 
139 495 238.01 
139 496 260.01 
139 498 262.01 
417 293 266.01 
417 339 257.01 
417 377 266.01 
417 396 237.01 
417 443 255.01 
417 451 268.01 
80 87 250.01 
80 213 225.01 
80 245 243.01 
80 359 246.01 
80 427 256.01 
80 429 252.01 
80 499 237.01 
87 219 274.01 
87 375 257.01 
87 432 251.01 
87 442 269.01 
87 450 257.01 
87 463 263.01 
87 480 240.01 
213 109 266.01 
213 132 299.01 
213 303 266.01 
213 361 276.01 
213 370 266.01 
213 457 255.01 
213 497 250.01 
245 54 243.01 
245 132 274.01 
245 231 270.01 
245 385 293.01 
245 476 247.01 
245 480 248.01 
245 498 237.01 
359 132 302.01 
359 143 281.01 
359 163 274.01 
359 386 287.01 
359 419 262.01 
359 498 297.01 
427 196 245.01 
427 410 262.01 
427 466 269.01 
427 481 274.01 
427 499 248.01 
427 500 246.01 
429 161 264.01 
429 315 251.01 
429 325 245.01 
429 333 269.01 
429 433 248.01 
429 488 271.01 
337 109 227.01 
337 158 215.01 
337 229 256.01 
337 251 231.01 
337 403 276.01 
337 437 243.01 
337 450 249.01 
219 20 280.01 
219 48 293.01 
219 151 303.01 
219 246 264.01 
219 281 286.01 
219 480 249.01 
219 500 239.01 
347 66 238.01 
347 228 236.01 
347 356 272.01 
347 495 256.01 
347 496 267.01 
347 497 256.01 
347 499 224.01 
405 46 237.01 
405 217 229.01 
405 233 227.01 
405 296 230.01 
405 335 257.01 
405 497 243.01 
428 198 269.01 
428 306 253.01 
428 408 271.01 
428 431 252.01 
428 496 295.01 
428 497 257.01 
304 201 262.01 
304 278 249.01 
304 407 240.01 
304 486 266.01 
304 487 245.01 
304 493 272.01 
304 500 264.01 
420 223 254.01 
420 484 237.01 
420 487 255.01 
420 492 254.01 
420 499 247.01 
420 500 247.01 
276 221 264.01 
276 311 269.01 
276 350 253.01 
276 363 248.01 
276 415 293.01 
276 499 284.01 
276 500 259.01 
260 11 249.01 
260 208 253.01 
260 338 259.01 
260 370 265.01 
260 409 244.01 
260 441 269.01 
260 499 275.01 
86 118 291.01 
86 200 272.01 
86 292 229.01 
86 458 260.01 
86 465 278.01 
86 469 255.01 
86 500 291.01 
118 28 278.01 
118 297 275.01 
118 352 251.01 
118 458 231.01 
118 476 277.01 
118 499 264.01 
118 500 252.01 
442 117 257.01 
442 328 268.01 
442 354 218.01 
442 421 245.01 
442 454 234.01 
442 489 228.01 
88 311 272.01 
88 415 277.01 
88 464 289.01 
88 478 266.01 
88 487 266.01 
88 499 271.01 
88 500 268.01 
89 326 262.01 
89 341 239.01 
89 344 249.01 
89 393 240.01 
89 435 242.01 
89 462 250.01 
89 500 242.01 
326 89 267.01 
326 262 242.01 
326 304 236.01 
326 392 272.01 
326 400 273.01 
326 441 279.01 
326 489 247.01 
435 77 303.01 
435 230 240.01 
435 237 303.01 
435 314 273.01 
435 374 279.01 
435 387 262.01 
462 3 251.01 
462 360 279.01 
462 470 284.01 
462 474 263.01 
462 481 242.01 
462 489 261.01 
123 35 247.01 
123 95 262.01 
123 144 272.01 
123 171 216.01 
123 398 277.01 
123 424 289.01 
123 453 288.01 
382 245 214.01 
382 269 240.01 
382 395 253.01 
382 408 254.01 
382 449 262.01 
382 467 273.01 
231 80 231.01 
231 188 236.01 
231 193 236.01 
231 452 229.01 
231 480 235.01 
231 494 263.01 
231 496 232.01 
226 130 226.01 
226 215 217.01 
226 245 225.01 
226 343 235.01 
226 419 248.01 
226 460 221.01 
226 461 220.01 
188 58 265.01 
188 112 227.01 
188 143 268.01 
188 156 256.01 
188 269 234.01 
188 340 252.01 
188 496 295.01 
201 23 270.01 
201 384 280.01 
201 410 267.01 
201 427 275.01 
201 481 278.01 
201 499 277.01 
201 500 250.01 
232 65 242.01 
232 173 218.01 
232 272 250.01 
232 445 278.01 
232 497 240.01 
232 499 239.01 
232 500 258.01 
95 122 277.01 
95 150 239.01 
95 439 235.01 
95 446 281.01 
95 472 257.01 
95 484 257.01 
95 488 275.01 
122 35 236.01 
122 45 267.01 
122 279 249.01 
122 424 251.01 
122 448 239.01 
122 474 236.01 
122 488 246.01 
150 51 250.01 
150 75 236.01 
150 271 288.01 
150 300 241.01 
150 331 246.01 
150 480 245.01 
150 485 238.01 
167 135 283.01 
167 312 254.01 
167 330 269.01 
167 404 279.01 
167 419 256.01 
167 490 294.01 
167 497 247.01 
168 27 269.01 
168 248 273.01 
168 347 274.01 
168 490 253.01 
168 495 264.01 
168 497 284.01 
168 498 269.01 
97 96 232.01 
97 100 239.01 
97 317 259.01 
97 396 248.01 
97 454 244.01 
97 486 239.01 
97 491 265.01 
100 241 232.01 
100 284 245.01 
100 365 227.01 
100 416 238.01 
100 456 237.01 
100 479 239.01 
100 491 234.01 
98 216 279.01 
98 428 266.01 
98 444 240.01 
98 474 260.01 
98 482 240.01 
98 497 272.01 
98 498 262.01 
365 129 253.01 
365 154 272.01 
365 252 240.01 
365 421 244.01 
365 435 220.01 
365 473 241.01 
101 70 254.01 
101 206 258.01 
101 282 272.01 
101 422 268.01 
101 439 292.01 
101 461 275.01 
101 500 262.01 
206 72 253.01 
206 101 256.01 
206 343 257.01 
206 440 242.01 
206 462 248.01 
206 481 267.01 
206 500 267.01 
254 147 270.01 
254 237 247.01 
254 438 240.01 
254 469 252.01 
254 488 252.01 
254 491 243.01 
254 494 229.01 
309 228 260.01 
309 401 252.01 
309 441 253.01 
309 458 241.01 
309 462 251.01 
309 472 254.01 
309 494 254.01 
349 33 270.01 
349 64 289.01 
349 215 259.01 
349 228 231.01 
349 283 212.01 
349 494 246.01 
349 500 251.01 
103 42 253.01 
103 363 249.01 
103 420 264.01 
103 481 253.01 
103 486 234.01 
103 499 232.01 
103 500 248.01 
306 340 252.01 
306 404 244.01 
306 405 258.01 
306 482 253.01 
306 495 249.01 
306 498 236.01 
306 500 231.01 
105 30 287.01 
105 241 236.01 
105 331 231.01 
105 361 231.01 
105 470 218.01 
105 472 270.01 
105 496 253.01 
331 110 244.01 
331 170 249.01 
331 283 211.01 
331 369 257.01 
331 399 244.01 
331 457 217.01 
331 499 260.01 
106 40 248.01 
106 321 244.01 
106 355 242.01 
106 462 249.01 
106 487 261.01 
106 499 264.01 
106 500 254.01 
107 86 268.01 
107 236 269.01 
107 456 239.01 
107 466 288.01 
107 481 270.01 
107 499 276.01 
107 500 255.01 
236 223 275.01 
236 351 238.01 
236 476 282.01 
236 486 266.01 
236 487 271.01 
236 499 288.01 
236 500 270.01 
412 63 234.01 
412 284 259.01 
412 394 244.01 
412 424 251.01 
412 450 233.01 
412 491 257.01 
109 226 265.01 
109 247 235.01 
109 479 231.01 
109 480 254.01 
109 485 231.01 
109 493 215.01 
109 494 227.01 
247 21 245.01 
247 130 201.01 
247 131 235.01 
247 412 261.01 
247 446 253.01 
247 491 239.01 
247 497 219.01 
340 120 298.01 
340 235 268.01 
340 334 256.01 
340 372 257.01 
340 471 298.01 
340 475 245.01 
340 498 261.01 
364 204 289.01 
364 261 281.01 
364 357 237.01 
364 462 240.01 
364 472 215.01 
364 494 266.01 
440 164 256.01 
440 318 252.01 
440 436 262.01 
440 468 274.01 
440 495 275.01 
440 497 274.01 
112 17 273.01 
112 24 220.01 
112 246 281.01 
112 388 241.01 
112 432 262.01 
112 449 272.01 
112 492 231.01 
246 38 254.01 
246 150 237.01 
246 210 242.01 
246 221 235.01 
246 448 236.01 
246 452 223.01 
246 484 253.01 
113 94 213.01 
113 103 247.01 
113 270 210.01 
113 466 266.01 
113 477 238.01 
113 486 239.01 
113 500 250.01 
270 167 245.01 
270 289 254.01 
270 444 289.01 
270 463 250.01 
270 482 257.01 
270 490 271.01 
270 496 289.01 
114 69 286.01 
114 140 284.01 
114 407 260.01 
114 439 259.01 
114 465 269.01 
114 499 252.01 
114 500 262.01 
115 3 285.01 
115 327 222.01 
115 341 256.01 
115 387 234.01 
115 489 233.01 
115 494 256.01 
115 500 217.01 
327 43 227.01 
327 52 246.01 
327 62 283.01 
327 124 261.01 
327 225 224.01 
327 321 222.01 
327 337 220.01 
128 97 232.01 
128 282 235.01 
128 355 266.01 
128 365 255.01 
128 377 238.01 
128 383 234.01 
128 407 244.01 
176 111 248.01 
176 207 275.01 
176 333 290.01 
176 359 243.01 
176 413 256.01 
176 495 270.01 
176 496 237.01 
152 162 277.01 
152 257 265.01 
152 433 253.01 
152 453 263.01 
152 455 271.01 
152 483 283.01 
152 491 246.01 
184 2 256.01 
184 43 273.01 
184 255 251.01 
184 260 244.01 
184 426 276.01 
184 443 265.01 
184 446 272.01 
196 276 245.01 
196 291 273.01 
196 302 240.01 
196 323 245.01 
196 371 253.01 
196 487 254.01 
196 500 269.01 
264 8 220.01 
264 146 263.01 
264 313 252.01 
264 392 261.01 
264 401 243.01 
264 481 237.01 
264 489 299.01 
120 24 207.01 
120 25 264.01 
120 244 249.01 
120 468 238.01 
120 482 244.01 
120 491 268.01 
120 498 233.01 
121 207 252.01 
121 228 245.01 
121 230 251.01 
121 446 260.01 
121 447 270.01 
121 468 290.01 
121 495 252.01 
207 333 261.01 
207 347 266.01 
207 405 225.01 
207 495 242.01 
207 496 232.01 
207 498 224.01 
207 500 209.01 
228 41 247.01 
228 61 280.01 
228 267 256.01 
228 473 275.01 
228 490 258.01 
228 495 303.01 
228 498 269.01 
171 12 249.01 
171 192 209.01 
171 305 260.01 
171 314 244.01 
171 387 249.01 
171 479 275.01 
171 494 263.01 
160 44 257.01 
160 164 285.01 
160 275 271.01 
160 395 276.01 
160 495 274.01 
160 496 286.01 
160 498 287.01 
301 9 231.01 
301 189 235.01 
301 388 259.01 
301 399 235.01 
301 443 263.01 
301 451 259.01 
301 500 252.01 
372 46 251.01 
372 437 251.01 
372 482 269.01 
372 487 244.01 
372 490 253.01 
372 498 257.01 
127 389 248.01 
127 401 295.01 
127 416 231.01 
127 462 279.01 
127 479 272.01 
127 489 247.01 
127 494 263.01 
445 298 274.01 
445 380 287.01 
445 460 269.01 
445 478 268.01 
445 499 268.01 
445 500 259.01 
401 4 268.01 
401 107 245.01 
401 266 233.01 
401 342 262.01 
401 436 223.01 
401 493 267.01 
313 30 284.01 
313 56 266.01 
313 141 270.01 
313 197 234.01 
313 309 254.01 
313 472 252.01 
313 488 250.01 
130 292 250.01 
130 307 252.01 
130 381 239.01 
130 433 257.01 
130 478 276.01 
130 482 238.01 
130 493 237.01 
131 95 264.01 
131 339 263.01 
131 365 274.01 
131 421 274.01 
131 438 246.01 
131 456 256.01 
131 492 245.01 
132 39 276.01 
132 87 286.01 
132 149 242.01 
132 219 284.01 
132 332 239.01 
132 379 261.01 
132 498 269.01 
149 103 260.01 
149 182 234.01 
149 326 280.01 
149 397 257.01 
149 440 273.01 
149 489 271.01 
149 493 260.01 
195 288 264.01 
195 397 269.01 
195 407 277.01 
195 469 278.01 
195 486 267.01 
195 487 276.01 
195 499 273.01 
409 178 258.01 
409 179 255.01 
409 221 257.01 
409 460 242.01 
409 476 265.01 
409 477 259.01 
242 59 304.01 
242 166 287.01 
242 212 278.01 
242 250 232.01 
242 300 283.01 
242 451 240.01 
242 483 271.01 
296 10 277.01 
296 239 248.01 
296 327 259.01 
296 373 242.01 
296 430 250.01 
296 437 217.01 
296 489 238.01 
273 71 307.01 
273 98 292.01 
273 381 273.01 
273 471 248.01 
273 490 244.01 
273 496 253.01 
273 498 265.01 
345 248 265.01 
345 273 257.01 
345 322 267.01 
345 338 237.01 
345 362 239.01 
345 451 255.01 
345 495 281.01 
189 93 236.01 
189 225 210.01 
189 299 245.01 
189 367 231.01 
189 372 262.01 
189 381 270.01 
189 455 260.01 
185 157 245.01 
185 191 252.01 
185 389 249.01 
185 451 253.01 
185 484 236.01 
185 485 256.01 
185 498 257.01 
267 89 292.01 
267 102 261.01 
267 204 277.01 
267 261 272.01 
267 367 264.01 
267 438 260.01 
267 441 273.01 
143 79 257.01 
143 226 247.01 
143 347 267.01 
143 482 238.01 
143 495 263.01 
143 496 254.01 
143 497 235.01 
181 165 259.01 
181 250 246.01 
181 302 259.01 
181 365 273.01 
181 384 245.01 
181 417 267.01 
181 486 246.01 
322 93 285.01 
322 178 242.01 
322 243 293.01 
322 333 264.01 
322 335 241.01 
322 473 253.01 
322 495 260.01 
378 62 267.01 
378 110 273.01 
378 203 234.01 
378 369 277.01 
378 434 246.01 
378 497 250.01 
146 84 251.01 
146 86 265.01 
146 267 254.01 
146 400 284.01 
146 418 251.01 
146 481 299.01 
146 494 242.01 
147 37 265.01 
147 254 254.01 
147 434 251.01 
147 446 268.01 
147 477 226.01 
147 491 246.01 
147 498 238.01 
234 11 256.01 
234 464 249.01 
234 484 264.01 
234 489 247.01 
234 490 248.01 
234 494 283.01 
234 496 239.01 
357 115 254.01 
357 295 229.01 
357 364 252.01 
357 479 266.01 
357 494 246.01 
357 499 224.01 
371 19 275.01 
371 227 256.01 
371 307 263.01 
371 464 259.01 
371 487 276.01 
371 500 259.01 
182 2 232.01 
182 77 219.01 
182 288 234.01 
182 364 261.01 
182 391 245.01 
182 438 248.01 
182 494 231.01 
271 231 278.01 
271 258 272.01 
271 319 239.01 
271 378 272.01 
271 431 245.01 
271 470 258.01 
271 488 259.01 
356 31 260.01 
356 187 246.01 
356 301 233.01 
356 345 253.01 
356 434 234.01 
356 450 239.01 
154 131 237.01 
154 303 233.01 
154 334 281.01 
154 453 237.01 
154 475 264.01 
154 491 253.01 
154 493 265.01 
334 16 226.01 
334 259 251.01 
334 328 265.01 
334 417 302.01 
334 443 256.01 
334 454 254.01 
334 491 260.01 
156 15 251.01 
156 66 216.01 
156 269 235.01 
156 334 254.01 
156 449 250.01 
156 495 228.01 
156 498 233.01 
269 120 300.01 
269 372 263.01 
269 386 283.01 
269 395 285.01 
269 413 268.01 
269 477 266.01 
269 495 270.01 
158 166 254.01 
158 258 262.01 
158 285 262.01 
158 294 252.01 
158 319 262.01 
158 387 240.01 
158 495 234.01 
166 59 272.01 
166 104 271.01 
166 137 247.01 
166 245 254.01 
166 365 261.01 
166 385 248.01 
166 497 250.01 
258 68 247.01 
258 112 234.01 
258 213 225.01 
258 375 217.01 
258 408 262.01 
258 484 273.01 
258 496 244.01 
294 112 235.01 
294 123 236.01 
294 240 228.01 
294 271 281.01 
294 300 247.01 
294 482 260.01 
294 484 246.01 
354 210 265.01 
354 440 274.01 
354 444 283.01 
354 449 260.01 
354 495 252.01 
354 497 294.01 
163 305 252.01 
163 328 240.01 
163 413 267.01 
163 460 237.01 
163 468 241.01 
163 476 234.01 
163 498 300.01 
305 362 259.01 
305 431 244.01 
305 440 271.01 
305 471 285.01 
305 473 257.01 
305 482 288.01 
305 498 256.01 
172 289 272.01 
172 362 275.01 
172 382 289.01 
172 389 265.01 
172 408 279.01 
172 496 266.01 
172 498 265.01 
310 78 246.01 
310 139 275.01 
310 191 242.01 
310 312 261.01 
310 390 259.01 
310 411 254.01 
310 495 254.01 
165 123 288.01 
165 247 233.01 
165 286 228.01 
165 391 255.01 
165 412 244.01 
165 430 238.01 
165 496 216.01 
286 121 205.01 
286 423 248.01 
286 442 217.01 
286 459 277.01 
286 472 242.01 
286 475 230.01 
286 491 216.01 
248 361 266.01 
248 381 263.01 
248 463 294.01 
248 471 265.01 
248 479 219.01 
248 496 288.01 
248 497 261.01 
289 372 253.01 
289 428 286.01 
289 436 242.01 
289 473 263.01 
289 496 259.01 
289 497 270.01 
289 498 293.01 
408 390 270.01 
408 429 253.01 
408 447 259.01 
408 473 251.01 
408 495 270.01 
408 497 254.01 
173 1 256.01 
173 366 276.01 
173 384 265.01 
173 465 275.01 
173 469 268.01 
173 499 253.01 
173 500 263.01 
384 350 256.01 
384 422 272.01 
384 467 275.01 
384 492 263.01 
384 493 268.01 
384 500 244.01 
333 26 243.01 
333 214 251.01 
333 322 267.01 
333 468 253.01 
333 490 245.01 
333 496 243.01 
333 497 255.01 
227 196 251.01 
227 209 250.01 
227 308 262.01 
227 481 243.01 
227 496 226.01 
227 499 248.01 
227 500 252.01 
179 409 276.01 
179 439 275.01 
179 461 277.01 
179 467 245.01 
179 492 260.01 
179 499 268.01 
179 500 282.01 
253 230 227.01 
253 339 240.01 
253 357 269.01 
253 413 274.01 
253 432 244.01 
253 470 249.01 
253 498 252.01 
250 290 254.01 
250 324 224.01 
250 377 281.01 
250 412 236.01 
250 425 254.01 
250 476 241.01 
250 489 227.01 
191 31 243.01 
191 224 264.01 
191 313 245.01 
191 354 271.01 
191 382 235.01 
191 447 263.01 
191 496 248.01 
186 37 266.01 
186 52 258.01 
186 241 252.01 
186 410 225.01 
186 424 254.01 
186 453 250.01 
186 476 291.01 
210 42 227.01 
210 204 234.01 
210 322 267.01 
210 340 256.01 
210 413 269.01 
210 431 257.01 
210 495 268.01 
299 98 258.01 
299 382 260.01 
299 406 287.01 
299 443 266.01 
299 490 273.01 
299 497 234.01 
299 498 238.01 
225 33 246.01 
225 199 252.01 
225 276 213.01 
225 340 237.01 
225 496 267.01 
225 497 250.01 
225 498 246.01 
190 169 234.01 
190 242 261.01 
190 338 280.01 
190 441 243.01 
190 469 240.01 
190 480 230.01 
190 488 214.01 
224 63 250.01 
224 220 239.01 
224 305 269.01 
224 330 251.01 
224 419 247.01 
224 428 265.01 
224 498 271.01 
291 5 252.01 
291 329 265.01 
291 407 253.01 
291 460 263.01 
291 461 268.01 
291 481 272.01 
291 500 291.01 
351 282 252.01 
351 325 278.01 
351 398 248.01 
351 402 258.01 
351 445 264.01 
351 461 261.01 
351 500 275.01 
193 38 254.01 
193 253 250.01 
193 278 224.01 
193 301 223.01 
193 452 243.01 
193 484 232.01 
193 500 230.01 
199 268 256.01 
199 270 252.01 
199 423 247.01 
199 436 231.01 
199 444 245.01 
199 482 250.01 
199 496 267.01 
268 390 260.01 
268 440 261.01 
268 442 250.01 
268 473 263.01 
268 490 268.01 
268 496 270.01 
268 498 272.01 
202 59 250.01 
202 154 238.01 
202 205 249.01 
202 239 260.01 
202 433 236.01 
202 477 233.01 
202 500 230.01 
205 147 273.01 
205 190 280.01 
205 327 237.01 
205 395 257.01 
205 429 282.01 
205 471 279.01 
205 483 242.01 
239 10 273.01 
239 212 249.01 
239 288 255.01 
239 336 247.01 
239 370 252.01 
239 479 256.01 
239 500 242.01 
203 55 237.01 
203 200 247.01 
203 240 247.01 
203 404 251.01 
203 470 241.01 
203 492 239.01 
203 495 253.01 
240 22 233.01 
240 105 235.01 
240 185 269.01 
240 257 236.01 
240 440 254.01 
240 457 295.01 
240 459 248.01 
204 308 259.01 
204 355 252.01 
204 368 247.01 
204 375 240.01 
204 418 266.01 
204 465 252.01 
204 489 236.01 
308 86 273.01 
308 466 280.01 
308 467 261.01 
308 476 255.01 
308 481 287.01 
308 493 270.01 
308 500 278.01 
343 175 286.01 
343 353 286.01 
343 418 260.01 
343 460 264.01 
343 466 265.01 
343 478 241.01 
343 500 267.01 
208 194 245.01 
208 280 253.01 
208 346 249.01 
208 380 231.01 
208 448 245.01 
208 455 261.01 
208 485 271.01 
380 278 265.01 
380 358 250.01 
380 427 280.01 
380 445 247.01 
380 493 268.01 
380 499 273.01 
209 374 259.01 
209 384 309.01 
209 437 252.01 
209 466 282.01 
209 486 255.01 
209 499 258.01 
209 500 249.01 
211 76 258.01 
211 334 297.01 
211 348 247.01 
211 391 265.01 
211 416 277.01 
211 450 252.01 
211 454 305.01 
212 1 229.01 
212 48 274.01 
212 205 246.01 
212 412 255.01 
212 455 265.01 
212 465 267.01 
212 483 250.01 
215 64 300.01 
215 138 271.01 
215 260 248.01 
215 349 242.01 
215 357 237.01 
215 360 246.01 
215 500 254.01 
217 167 244.01 
217 345 299.01 
217 411 257.01 
217 473 269.01 
217 478 243.01 
217 490 290.01 
217 498 240.01 
223 101 261.01 
223 106 266.01 
223 380 257.01 
223 477 266.01 
223 493 271.01 
223 499 279.01 
223 500 272.01 
293 40 215.01 
293 186 278.01 
293 249 223.01 
293 259 271.01 
293 414 275.01 
293 442 235.01 
293 475 254.01 
252 248 260.01 
252 286 262.01 
252 293 255.01 
252 372 271.01 
252 453 270.01 
252 472 259.01 
252 483 283.01 
259 383 240.01 
259 424 274.01 
259 442 248.01 
259 453 286.01 
259 474 270.01 
259 493 243.01 
259 496 218.01 
295 309 280.01 
295 324 255.01 
295 349 261.01 
295 392 257.01 
295 426 285.01 
295 435 258.01 
295 494 266.01 
350 134 257.01 
350 308 260.01 
350 380 254.01 
350 415 245.01 
350 469 261.01 
350 481 261.01 
350 500 240.01 
298 118 275.01 
298 380 268.01 
298 460 277.01 
298 487 258.01 
298 492 273.01 
298 493 257.01 
298 500 266.01 
