0 154 23.009999999999998 
0 274 22.009999999999998 
0 334 35.01 
0 436 25.009999999999998 
0 464 31.009999999999998 
0 482 19.009999999999998 
0 499 36.01 
154 37 25.009999999999998 
154 237 23.009999999999998 
154 417 18.009999999999998 
154 434 26.009999999999998 
154 441 26.009999999999998 
154 449 27.009999999999998 
274 226 34.01 
274 437 30.009999999999998 
274 447 31.009999999999998 
274 450 29.009999999999998 
274 461 30.009999999999998 
274 471 29.009999999999998 
334 25 29.009999999999998 
334 202 23.009999999999998 
334 243 37.01 
334 349 28.009999999999998 
334 426 35.01 
334 482 22.009999999999998 
436 233 20.009999999999998 
436 258 26.009999999999998 
436 264 28.009999999999998 
436 407 21.009999999999998 
436 475 26.009999999999998 
436 484 26.009999999999998 
464 214 24.009999999999998 
464 280 35.01 
464 291 36.01 
464 446 31.009999999999998 
464 454 33.01 
464 478 33.01 
482 30 30.009999999999998 
482 400 42.01 
482 464 45.01 
482 473 28.009999999999998 
482 476 36.01 
482 486 31.009999999999998 
499 286 27.009999999999998 
499 291 40.01 
499 401 41.01 
499 487 38.01 
499 489 39.01 
499 498 26.009999999999998 
1 168 22.009999999999998 
1 294 30.009999999999998 
1 304 35.01 
1 403 34.01 
1 413 37.01 
1 494 27.009999999999998 
1 498 31.009999999999998 
168 13 33.01 
168 242 34.01 
168 361 33.01 
168 392 30.009999999999998 
168 411 34.01 
168 492 41.01 
294 97 31.009999999999998 
294 186 24.009999999999998 
294 260 15.01 
294 354 27.009999999999998 
294 374 29.009999999999998 
294 479 24.009999999999998 
304 234 40.01 
304 408 35.01 
304 412 29.009999999999998 
304 494 28.009999999999998 
304 497 23.009999999999998 
304 498 28.009999999999998 
403 129 32.01 
403 148 43.01 
403 238 36.01 
403 335 42.01 
403 408 32.01 
403 427 41.01 
413 143 31.009999999999998 
413 146 30.009999999999998 
413 191 32.01 
413 217 26.009999999999998 
413 439 33.01 
413 485 34.01 
494 214 29.009999999999998 
494 320 30.009999999999998 
494 335 40.01 
494 406 36.01 
494 408 35.01 
494 491 32.01 
498 414 27.009999999999998 
498 424 16.009999999999998 
498 430 31.009999999999998 
498 479 31.009999999999998 
498 485 32.01 
498 495 23.009999999999998 
2 26 29.009999999999998 
2 220 28.009999999999998 
2 273 21.009999999999998 
2 276 31.009999999999998 
2 354 31.009999999999998 
2 375 31.009999999999998 
2 432 26.009999999999998 
26 36 24.009999999999998 
26 182 40.01 
26 288 24.009999999999998 
26 387 25.009999999999998 
26 393 28.009999999999998 
26 397 33.01 
26 479 26.009999999999998 
220 112 38.01 
220 451 27.009999999999998 
220 465 36.01 
220 468 29.009999999999998 
220 477 33.01 
220 497 32.01 
273 326 31.009999999999998 
273 368 28.009999999999998 
273 411 31.009999999999998 
273 451 36.01 
273 469 23.009999999999998 
273 494 25.009999999999998 
276 33 24.009999999999998 
276 135 27.009999999999998 
276 296 23.009999999999998 
276 379 37.01 
276 484 35.01 
276 487 31.009999999999998 
354 209 39.01 
354 238 40.01 
354 416 39.01 
354 438 33.01 
354 459 33.01 
354 495 42.01 
375 161 21.009999999999998 
375 206 29.009999999999998 
375 346 28.009999999999998 
375 421 27.009999999999998 
375 474 29.009999999999998 
375 495 31.009999999999998 
432 188 44.01 
432 321 36.01 
432 459 42.01 
432 468 18.009999999999998 
432 472 34.01 
432 497 26.009999999999998 
3 88 30.009999999999998 
3 353 35.01 
3 380 20.009999999999998 
3 391 31.009999999999998 
3 461 24.009999999999998 
3 473 26.009999999999998 
3 478 29.009999999999998 
88 28 27.009999999999998 
88 71 30.009999999999998 
88 373 36.01 
88 450 29.009999999999998 
88 475 23.009999999999998 
88 484 30.009999999999998 
88 498 34.01 
353 55 24.009999999999998 
353 133 25.009999999999998 
353 199 37.01 
353 346 27.009999999999998 
353 467 36.01 
353 485 36.01 
380 200 25.009999999999998 
380 410 27.009999999999998 
380 413 42.01 
380 430 31.009999999999998 
380 485 32.01 
380 498 29.009999999999998 
391 7 31.009999999999998 
391 78 26.009999999999998 
391 342 37.01 
391 414 33.01 
391 430 34.01 
391 498 37.01 
461 72 23.009999999999998 
461 163 36.01 
461 191 32.01 
461 358 25.009999999999998 
461 482 21.009999999999998 
461 490 28.009999999999998 
473 56 29.009999999999998 
473 190 28.009999999999998 
473 212 34.01 
473 446 31.009999999999998 
473 478 41.01 
473 494 34.01 
478 9 33.01 
478 97 29.009999999999998 
478 334 17.009999999999998 
478 346 21.009999999999998 
478 358 27.009999999999998 
478 475 29.009999999999998 
4 127 25.009999999999998 
4 245 32.01 
4 259 30.009999999999998 
4 360 26.009999999999998 
4 445 35.01 
4 465 36.01 
4 481 37.01 
127 48 27.009999999999998 
127 109 30.009999999999998 
127 110 29.009999999999998 
127 412 21.009999999999998 
127 436 29.009999999999998 
127 490 19.009999999999998 
127 495 25.009999999999998 
245 94 27.009999999999998 
245 394 35.01 
245 436 28.009999999999998 
245 446 27.009999999999998 
245 485 28.009999999999998 
245 493 34.01 
259 106 32.01 
259 250 33.01 
259 342 40.01 
259 475 40.01 
259 480 34.01 
259 498 36.01 
360 155 28.009999999999998 
360 276 32.01 
360 379 26.009999999999998 
360 479 18.009999999999998 
360 493 24.009999999999998 
360 497 34.01 
445 298 26.009999999999998 
445 416 24.009999999999998 
445 439 29.009999999999998 
445 448 28.009999999999998 
445 459 25.009999999999998 
445 499 31.009999999999998 
465 19 37.01 
465 47 36.01 
465 67 30.009999999999998 
465 361 21.009999999999998 
465 426 32.01 
465 432 35.01 
481 185 23.009999999999998 
481 239 32.01 
481 482 29.009999999999998 
481 483 32.01 
481 486 26.009999999999998 
481 490 29.009999999999998 
5 295 29.009999999999998 
5 372 30.009999999999998 
5 429 25.009999999999998 
5 471 31.009999999999998 
5 490 26.009999999999998 
5 493 37.01 
5 498 33.01 
295 122 27.009999999999998 
295 360 35.01 
295 397 34.01 
295 460 25.009999999999998 
295 464 32.01 
295 488 33.01 
372 127 32.01 
372 192 33.01 
372 322 18.009999999999998 
372 405 26.009999999999998 
372 425 31.009999999999998 
372 453 30.009999999999998 
429 296 30.009999999999998 
429 433 30.009999999999998 
429 489 29.009999999999998 
429 492 24.009999999999998 
429 493 26.009999999999998 
429 499 28.009999999999998 
471 16 35.01 
471 85 22.009999999999998 
471 195 29.009999999999998 
471 201 26.009999999999998 
471 332 25.009999999999998 
471 351 23.009999999999998 
490 180 41.01 
490 205 34.01 
490 314 34.01 
490 380 31.009999999999998 
490 454 21.009999999999998 
490 480 29.009999999999998 
493 103 29.009999999999998 
493 236 28.009999999999998 
493 280 32.01 
493 284 34.01 
493 342 34.01 
493 485 33.01 
6 29 27.009999999999998 
6 128 25.009999999999998 
6 257 32.01 
6 269 32.01 
6 281 30.009999999999998 
6 403 34.01 
6 497 35.01 
29 113 29.009999999999998 
29 209 24.009999999999998 
29 364 35.01 
29 447 27.009999999999998 
29 464 26.009999999999998 
29 498 33.01 
29 499 33.01 
128 3 31.009999999999998 
128 213 23.009999999999998 
128 395 36.01 
128 402 29.009999999999998 
128 481 38.01 
128 487 39.01 
128 497 25.009999999999998 
257 119 34.01 
257 317 31.009999999999998 
257 344 29.009999999999998 
257 390 20.009999999999998 
257 456 30.009999999999998 
257 494 28.009999999999998 
269 70 30.009999999999998 
269 132 28.009999999999998 
269 323 26.009999999999998 
269 362 31.009999999999998 
269 494 28.009999999999998 
269 499 25.009999999999998 
281 139 37.01 
281 335 30.009999999999998 
281 377 30.009999999999998 
281 444 30.009999999999998 
281 473 31.009999999999998 
281 496 35.01 
497 8 17.009999999999998 
497 254 32.01 
497 296 28.009999999999998 
497 406 22.009999999999998 
497 474 32.01 
497 478 37.01 
7 8 19.009999999999998 
7 171 21.009999999999998 
7 298 26.009999999999998 
7 449 20.009999999999998 
7 480 31.009999999999998 
7 485 19.009999999999998 
7 492 21.009999999999998 
8 99 31.009999999999998 
8 181 34.01 
8 302 29.009999999999998 
8 382 32.01 
8 385 34.01 
8 456 28.009999999999998 
8 497 35.01 
171 75 33.01 
171 81 33.01 
171 203 53.01 
171 389 36.01 
171 416 34.01 
171 498 35.01 
298 230 18.009999999999998 
298 312 25.009999999999998 
298 336 30.009999999999998 
298 447 18.009999999999998 
298 461 29.009999999999998 
298 483 27.009999999999998 
449 12 34.01 
449 195 29.009999999999998 
449 371 38.01 
449 440 29.009999999999998 
449 487 43.01 
449 495 34.01 
480 5 38.01 
480 85 24.009999999999998 
480 256 26.009999999999998 
480 353 34.01 
480 493 28.009999999999998 
480 498 25.009999999999998 
485 308 34.01 
485 403 38.01 
485 406 26.009999999999998 
485 430 34.01 
485 461 27.009999999999998 
485 467 32.01 
492 41 21.009999999999998 
492 162 27.009999999999998 
492 270 27.009999999999998 
492 457 25.009999999999998 
492 490 24.009999999999998 
492 499 32.01 
99 5 40.01 
99 143 47.01 
99 189 36.01 
99 279 35.01 
99 344 39.01 
99 473 34.01 
99 498 29.009999999999998 
181 110 24.009999999999998 
181 391 28.009999999999998 
181 460 23.009999999999998 
181 464 23.009999999999998 
181 480 31.009999999999998 
181 498 30.009999999999998 
302 108 33.01 
302 156 33.01 
302 268 36.01 
302 350 39.01 
302 477 37.01 
302 493 32.01 
382 54 44.01 
382 184 26.009999999999998 
382 210 29.009999999999998 
382 258 25.009999999999998 
382 468 26.009999999999998 
382 479 28.009999999999998 
385 260 23.009999999999998 
385 320 25.009999999999998 
385 326 28.009999999999998 
385 332 32.01 
385 378 29.009999999999998 
385 390 27.009999999999998 
456 97 28.009999999999998 
456 137 37.01 
456 145 29.009999999999998 
456 374 37.01 
456 446 27.009999999999998 
456 483 34.01 
9 121 29.009999999999998 
9 442 34.01 
9 459 28.009999999999998 
9 460 19.009999999999998 
9 466 28.009999999999998 
9 475 24.009999999999998 
9 478 16.009999999999998 
121 15 28.009999999999998 
121 51 34.01 
121 206 25.009999999999998 
121 259 33.01 
121 471 26.009999999999998 
121 484 30.009999999999998 
121 488 26.009999999999998 
442 39 33.01 
442 271 24.009999999999998 
442 386 27.009999999999998 
442 431 28.009999999999998 
442 486 20.009999999999998 
442 496 31.009999999999998 
459 49 29.009999999999998 
459 178 29.009999999999998 
459 320 31.009999999999998 
459 413 32.01 
459 426 41.01 
459 431 34.01 
460 272 32.01 
460 412 16.009999999999998 
460 476 35.01 
460 488 26.009999999999998 
460 490 35.01 
460 498 32.01 
466 51 27.009999999999998 
466 137 28.009999999999998 
466 207 24.009999999999998 
466 401 20.009999999999998 
466 468 23.009999999999998 
466 496 35.01 
475 231 38.01 
475 327 33.01 
475 419 33.01 
475 439 34.01 
475 463 26.009999999999998 
475 473 29.009999999999998 
10 217 38.01 
10 248 32.01 
10 344 34.01 
10 404 28.009999999999998 
10 416 27.009999999999998 
10 481 31.009999999999998 
10 497 19.009999999999998 
217 248 31.009999999999998 
217 348 21.009999999999998 
217 460 30.009999999999998 
217 474 34.01 
217 495 22.009999999999998 
217 498 30.009999999999998 
248 17 30.009999999999998 
248 105 32.01 
248 225 38.01 
248 360 32.01 
248 411 39.01 
248 450 43.01 
344 332 30.009999999999998 
344 361 27.009999999999998 
344 449 26.009999999999998 
344 486 31.009999999999998 
344 489 31.009999999999998 
344 496 27.009999999999998 
404 83 38.01 
404 152 34.01 
404 191 37.01 
404 329 31.009999999999998 
404 362 29.009999999999998 
404 448 31.009999999999998 
416 1 27.009999999999998 
416 38 23.009999999999998 
416 54 33.01 
416 60 32.01 
416 443 30.009999999999998 
416 476 30.009999999999998 
11 43 28.009999999999998 
11 107 25.009999999999998 
11 119 24.009999999999998 
11 166 31.009999999999998 
11 247 30.009999999999998 
11 343 24.009999999999998 
11 487 34.01 
43 28 41.01 
43 63 29.009999999999998 
43 164 36.01 
43 244 32.01 
43 266 41.01 
43 289 38.01 
43 494 23.009999999999998 
107 101 19.009999999999998 
107 201 24.009999999999998 
107 323 34.01 
107 354 26.009999999999998 
107 443 33.01 
107 467 19.009999999999998 
107 474 24.009999999999998 
119 10 25.009999999999998 
119 198 33.01 
119 256 25.009999999999998 
119 361 26.009999999999998 
119 412 17.009999999999998 
119 437 20.009999999999998 
119 447 32.01 
166 428 26.009999999999998 
166 438 38.01 
166 461 36.01 
166 471 30.009999999999998 
166 479 27.009999999999998 
166 485 33.01 
247 104 40.01 
247 105 37.01 
247 449 29.009999999999998 
247 452 42.01 
247 456 39.01 
247 497 35.01 
343 13 40.01 
343 228 42.01 
343 344 39.01 
343 439 40.01 
343 472 33.01 
343 489 28.009999999999998 
487 81 29.009999999999998 
487 195 26.009999999999998 
487 254 33.01 
487 425 20.009999999999998 
487 485 20.009999999999998 
487 496 27.009999999999998 
12 186 26.009999999999998 
12 293 42.01 
12 373 34.01 
12 415 33.01 
12 418 38.01 
12 488 31.009999999999998 
12 499 39.01 
186 96 34.01 
186 297 31.009999999999998 
186 306 37.01 
186 379 36.01 
186 391 30.009999999999998 
186 456 37.01 
293 207 26.009999999999998 
293 221 32.01 
293 228 30.009999999999998 
293 264 33.01 
293 331 40.01 
293 478 34.01 
373 83 43.01 
373 125 50.01 
373 147 36.01 
373 408 37.01 
373 418 37.01 
373 467 38.01 
415 123 34.01 
415 175 41.01 
415 265 35.01 
415 452 34.01 
415 477 36.01 
415 498 36.01 
418 178 34.01 
418 216 34.01 
418 343 25.009999999999998 
418 345 31.009999999999998 
418 366 27.009999999999998 
418 410 29.009999999999998 
488 275 34.01 
488 328 30.009999999999998 
488 424 40.01 
488 465 33.01 
488 469 24.009999999999998 
488 495 38.01 
13 2 33.01 
13 174 31.009999999999998 
13 215 32.01 
13 384 33.01 
13 422 32.01 
13 473 30.009999999999998 
13 477 34.01 
174 2 39.01 
174 108 30.009999999999998 
174 145 26.009999999999998 
174 338 26.009999999999998 
174 495 34.01 
174 499 25.009999999999998 
215 136 31.009999999999998 
215 438 27.009999999999998 
215 452 27.009999999999998 
215 472 29.009999999999998 
215 485 30.009999999999998 
215 491 28.009999999999998 
384 238 28.009999999999998 
384 308 25.009999999999998 
384 357 28.009999999999998 
384 394 33.01 
384 402 35.01 
384 497 22.009999999999998 
422 24 24.009999999999998 
422 65 33.01 
422 209 33.01 
422 369 30.009999999999998 
422 465 26.009999999999998 
422 499 28.009999999999998 
477 159 28.009999999999998 
477 236 34.01 
477 277 36.01 
477 436 34.01 
477 455 30.009999999999998 
477 494 21.009999999999998 
14 131 36.01 
14 209 30.009999999999998 
14 301 34.01 
14 330 35.01 
14 406 35.01 
14 479 35.01 
14 480 36.01 
131 80 21.009999999999998 
131 204 25.009999999999998 
131 418 37.01 
131 428 39.01 
131 487 37.01 
131 496 32.01 
209 68 33.01 
209 331 33.01 
209 379 39.01 
209 393 32.01 
209 399 31.009999999999998 
209 475 28.009999999999998 
301 12 25.009999999999998 
301 106 25.009999999999998 
301 230 27.009999999999998 
301 294 27.009999999999998 
301 476 24.009999999999998 
301 489 32.01 
330 227 28.009999999999998 
330 317 31.009999999999998 
330 373 27.009999999999998 
330 418 38.01 
330 496 29.009999999999998 
330 498 23.009999999999998 
406 383 33.01 
406 411 41.01 
406 418 30.009999999999998 
406 428 35.01 
406 453 31.009999999999998 
406 492 36.01 
479 93 25.009999999999998 
479 282 32.01 
479 352 32.01 
479 477 34.01 
479 487 36.01 
479 489 34.01 
15 124 34.01 
15 142 19.009999999999998 
15 189 39.01 
15 210 29.009999999999998 
15 366 18.009999999999998 
15 465 32.01 
15 499 35.01 
124 285 26.009999999999998 
124 371 33.01 
124 409 26.009999999999998 
124 439 32.01 
124 487 29.009999999999998 
124 496 24.009999999999998 
124 499 24.009999999999998 
142 64 19.009999999999998 
142 113 23.009999999999998 
142 412 23.009999999999998 
142 425 23.009999999999998 
142 451 22.009999999999998 
142 498 29.009999999999998 
189 63 24.009999999999998 
189 185 20.009999999999998 
189 429 19.009999999999998 
189 462 38.01 
189 478 24.009999999999998 
189 481 31.009999999999998 
210 356 28.009999999999998 
210 382 26.009999999999998 
210 420 38.01 
210 435 31.009999999999998 
210 452 27.009999999999998 
210 497 27.009999999999998 
366 177 32.01 
366 207 30.009999999999998 
366 370 23.009999999999998 
366 482 21.009999999999998 
366 487 31.009999999999998 
366 498 24.009999999999998 
16 72 22.009999999999998 
16 407 26.009999999999998 
16 410 21.009999999999998 
16 442 25.009999999999998 
16 455 22.009999999999998 
16 491 23.009999999999998 
16 495 23.009999999999998 
72 164 27.009999999999998 
72 400 37.01 
72 421 22.009999999999998 
72 439 28.009999999999998 
72 461 32.01 
72 477 29.009999999999998 
72 489 37.01 
407 22 34.01 
407 294 32.01 
407 303 32.01 
407 444 29.009999999999998 
407 472 33.01 
407 494 29.009999999999998 
410 313 26.009999999999998 
410 390 20.009999999999998 
410 405 33.01 
410 435 25.009999999999998 
410 450 24.009999999999998 
410 479 18.009999999999998 
455 23 25.009999999999998 
455 53 22.009999999999998 
455 121 28.009999999999998 
455 407 38.01 
455 488 22.009999999999998 
455 491 35.01 
491 367 35.01 
491 375 32.01 
491 423 33.01 
491 468 34.01 
491 469 34.01 
491 476 40.01 
495 4 31.009999999999998 
495 175 42.01 
495 387 23.009999999999998 
495 452 36.01 
495 491 32.01 
495 498 30.009999999999998 
17 42 49.01 
17 165 39.01 
17 239 36.01 
17 357 40.01 
17 407 35.01 
17 439 49.01 
17 462 41.01 
42 101 30.009999999999998 
42 152 34.01 
42 373 29.009999999999998 
42 414 33.01 
42 465 29.009999999999998 
42 473 21.009999999999998 
42 486 24.009999999999998 
165 3 29.009999999999998 
165 23 33.01 
165 73 33.01 
165 378 34.01 
165 421 36.01 
165 438 31.009999999999998 
239 159 27.009999999999998 
239 398 35.01 
239 450 26.009999999999998 
239 451 27.009999999999998 
239 491 35.01 
239 496 33.01 
357 311 32.01 
357 400 29.009999999999998 
357 483 37.01 
357 487 32.01 
357 494 31.009999999999998 
357 497 26.009999999999998 
439 61 30.009999999999998 
439 289 28.009999999999998 
439 391 24.009999999999998 
439 464 37.01 
439 490 35.01 
439 493 28.009999999999998 
462 77 38.01 
462 102 32.01 
462 343 24.009999999999998 
462 410 29.009999999999998 
462 454 30.009999999999998 
462 486 27.009999999999998 
18 53 31.009999999999998 
18 183 34.01 
18 257 37.01 
18 285 24.009999999999998 
18 453 36.01 
18 473 30.009999999999998 
18 499 26.009999999999998 
53 247 40.01 
53 261 35.01 
53 392 38.01 
53 451 28.009999999999998 
53 473 32.01 
53 485 25.009999999999998 
53 496 31.009999999999998 
183 22 35.01 
183 117 35.01 
183 328 30.009999999999998 
183 407 23.009999999999998 
183 468 32.01 
183 497 24.009999999999998 
285 62 37.01 
285 420 29.009999999999998 
285 423 29.009999999999998 
285 471 27.009999999999998 
285 492 36.01 
285 497 36.01 
453 29 26.009999999999998 
453 40 36.01 
453 396 21.009999999999998 
453 431 22.009999999999998 
453 493 17.009999999999998 
453 494 15.01 
19 315 35.01 
19 388 42.01 
19 401 45.01 
19 448 35.01 
19 449 35.01 
19 488 43.01 
19 492 36.01 
315 381 21.009999999999998 
315 392 31.009999999999998 
315 398 36.01 
315 445 31.009999999999998 
315 484 32.01 
315 497 30.009999999999998 
388 77 35.01 
388 82 36.01 
388 294 28.009999999999998 
388 305 23.009999999999998 
388 446 23.009999999999998 
388 494 36.01 
401 239 25.009999999999998 
401 340 36.01 
401 381 37.01 
401 455 30.009999999999998 
401 496 34.01 
401 499 27.009999999999998 
448 21 17.009999999999998 
448 57 36.01 
448 129 44.01 
448 289 37.01 
448 319 32.01 
448 405 26.009999999999998 
20 160 26.009999999999998 
20 276 30.009999999999998 
20 295 29.009999999999998 
20 342 34.01 
20 369 21.009999999999998 
20 471 26.009999999999998 
20 496 21.009999999999998 
160 64 20.009999999999998 
160 89 36.01 
160 220 25.009999999999998 
160 284 42.01 
160 494 27.009999999999998 
160 499 39.01 
342 275 37.01 
342 430 30.009999999999998 
342 432 35.01 
342 461 35.01 
342 463 34.01 
342 484 27.009999999999998 
369 101 31.009999999999998 
369 171 38.01 
369 345 25.009999999999998 
369 401 36.01 
369 484 32.01 
369 495 37.01 
496 223 37.01 
496 286 33.01 
496 450 37.01 
496 466 33.01 
496 487 39.01 
496 491 35.01 
21 0 23.009999999999998 
21 287 34.01 
21 484 23.009999999999998 
21 490 30.009999999999998 
21 495 27.009999999999998 
21 496 25.009999999999998 
21 498 33.01 
287 9 24.009999999999998 
287 35 22.009999999999998 
287 158 39.01 
287 206 45.01 
287 381 28.009999999999998 
287 496 32.01 
484 270 23.009999999999998 
484 292 31.009999999999998 
484 304 31.009999999999998 
484 403 21.009999999999998 
484 425 21.009999999999998 
484 490 29.009999999999998 
22 282 42.01 
22 359 34.01 
22 377 35.01 
22 390 34.01 
22 478 25.009999999999998 
22 494 18.009999999999998 
22 496 29.009999999999998 
282 43 29.009999999999998 
282 223 23.009999999999998 
282 396 30.009999999999998 
282 420 35.01 
282 440 23.009999999999998 
282 496 34.01 
359 199 27.009999999999998 
359 224 26.009999999999998 
359 389 28.009999999999998 
359 439 42.01 
359 489 28.009999999999998 
359 499 29.009999999999998 
377 122 27.009999999999998 
377 197 36.01 
377 204 22.009999999999998 
377 384 36.01 
377 435 30.009999999999998 
377 451 31.009999999999998 
390 266 27.009999999999998 
390 311 33.01 
390 414 36.01 
390 444 27.009999999999998 
390 453 28.009999999999998 
390 482 26.009999999999998 
23 85 23.009999999999998 
23 128 29.009999999999998 
23 365 26.009999999999998 
23 434 28.009999999999998 
23 475 33.01 
23 495 36.01 
23 499 36.01 
85 8 19.009999999999998 
85 57 24.009999999999998 
85 157 30.009999999999998 
85 349 29.009999999999998 
85 465 36.01 
85 478 29.009999999999998 
85 490 30.009999999999998 
365 20 36.01 
365 81 25.009999999999998 
365 165 35.01 
365 399 37.01 
365 414 35.01 
365 496 30.009999999999998 
434 259 42.01 
434 332 39.01 
434 347 33.01 
434 388 30.009999999999998 
434 391 36.01 
434 498 40.01 
24 133 27.009999999999998 
24 233 24.009999999999998 
24 320 37.01 
24 342 16.009999999999998 
24 359 38.01 
24 362 28.009999999999998 
24 465 34.01 
133 222 35.01 
133 244 35.01 
133 280 38.01 
133 289 32.01 
133 378 42.01 
133 470 37.01 
233 196 26.009999999999998 
233 327 43.01 
233 330 24.009999999999998 
233 354 26.009999999999998 
233 414 35.01 
233 475 23.009999999999998 
320 86 31.009999999999998 
320 124 37.01 
320 293 38.01 
320 372 31.009999999999998 
320 462 24.009999999999998 
320 494 39.01 
362 56 29.009999999999998 
362 150 25.009999999999998 
362 234 31.009999999999998 
362 339 24.009999999999998 
362 448 21.009999999999998 
362 498 37.01 
25 59 22.009999999999998 
25 186 23.009999999999998 
25 273 28.009999999999998 
25 403 27.009999999999998 
25 452 27.009999999999998 
25 483 16.009999999999998 
25 486 22.009999999999998 
59 266 34.01 
59 300 31.009999999999998 
59 323 33.01 
59 367 37.01 
59 455 30.009999999999998 
59 472 27.009999999999998 
59 495 43.01 
452 123 36.01 
452 389 33.01 
452 399 18.009999999999998 
452 429 34.01 
452 446 33.01 
452 493 25.009999999999998 
483 112 23.009999999999998 
483 261 24.009999999999998 
483 455 31.009999999999998 
483 474 27.009999999999998 
483 480 23.009999999999998 
483 485 27.009999999999998 
486 257 35.01 
486 277 23.009999999999998 
486 283 29.009999999999998 
486 422 32.01 
486 482 31.009999999999998 
486 491 26.009999999999998 
36 154 25.009999999999998 
36 398 23.009999999999998 
36 427 32.01 
36 445 32.01 
36 458 22.009999999999998 
36 475 31.009999999999998 
36 483 37.01 
182 40 32.01 
182 242 25.009999999999998 
182 269 28.009999999999998 
182 386 38.01 
182 453 44.01 
182 473 29.009999999999998 
288 218 28.009999999999998 
288 339 32.01 
288 384 36.01 
288 454 22.009999999999998 
288 495 29.009999999999998 
288 497 34.01 
387 76 24.009999999999998 
387 127 21.009999999999998 
387 324 24.009999999999998 
387 430 21.009999999999998 
387 458 25.009999999999998 
387 476 30.009999999999998 
393 116 32.01 
393 252 25.009999999999998 
393 415 36.01 
393 430 37.01 
393 474 31.009999999999998 
393 498 39.01 
397 132 23.009999999999998 
397 297 23.009999999999998 
397 448 28.009999999999998 
397 467 30.009999999999998 
397 479 31.009999999999998 
397 495 25.009999999999998 
27 19 34.01 
27 299 30.009999999999998 
27 326 32.01 
27 352 39.01 
27 381 30.009999999999998 
27 458 25.009999999999998 
27 462 41.01 
299 129 34.01 
299 234 39.01 
299 253 32.01 
299 438 31.009999999999998 
299 483 34.01 
299 495 24.009999999999998 
326 161 29.009999999999998 
326 210 26.009999999999998 
326 256 32.01 
326 467 32.01 
326 481 40.01 
326 497 29.009999999999998 
352 300 30.009999999999998 
352 325 28.009999999999998 
352 374 27.009999999999998 
352 405 28.009999999999998 
352 445 18.009999999999998 
352 489 23.009999999999998 
381 277 34.01 
381 302 37.01 
381 383 43.01 
381 408 24.009999999999998 
381 478 23.009999999999998 
381 491 33.01 
458 84 31.009999999999998 
458 211 37.01 
458 337 29.009999999999998 
458 479 26.009999999999998 
458 482 28.009999999999998 
458 486 33.01 
28 212 26.009999999999998 
28 231 26.009999999999998 
28 318 26.009999999999998 
28 369 39.01 
28 415 37.01 
28 471 35.01 
28 497 26.009999999999998 
212 201 19.009999999999998 
212 205 32.01 
212 248 27.009999999999998 
212 323 27.009999999999998 
212 417 26.009999999999998 
212 444 27.009999999999998 
231 87 33.01 
231 247 39.01 
231 318 29.009999999999998 
231 429 19.009999999999998 
231 466 34.01 
231 497 21.009999999999998 
318 7 34.01 
318 192 29.009999999999998 
318 411 32.01 
318 444 37.01 
318 457 33.01 
318 496 33.01 
113 187 26.009999999999998 
113 200 29.009999999999998 
113 446 38.01 
113 461 26.009999999999998 
113 462 33.01 
113 470 32.01 
113 497 40.01 
364 201 22.009999999999998 
364 312 27.009999999999998 
364 408 33.01 
364 444 31.009999999999998 
364 497 32.01 
364 499 28.009999999999998 
447 164 42.01 
447 365 29.009999999999998 
447 435 33.01 
447 462 41.01 
447 474 35.01 
447 486 29.009999999999998 
30 14 39.01 
30 333 32.01 
30 335 34.01 
30 351 31.009999999999998 
30 431 30.009999999999998 
30 460 20.009999999999998 
30 464 29.009999999999998 
333 283 30.009999999999998 
333 367 28.009999999999998 
333 376 33.01 
333 387 30.009999999999998 
333 447 38.01 
333 448 33.01 
335 95 26.009999999999998 
335 319 30.009999999999998 
335 407 36.01 
335 449 33.01 
335 488 32.01 
335 494 34.01 
351 13 38.01 
351 157 30.009999999999998 
351 267 33.01 
351 299 31.009999999999998 
351 341 27.009999999999998 
351 385 35.01 
431 140 31.009999999999998 
431 268 28.009999999999998 
431 303 35.01 
431 394 36.01 
431 456 35.01 
431 498 32.01 
31 130 32.01 
31 168 28.009999999999998 
31 180 37.01 
31 251 28.009999999999998 
31 402 28.009999999999998 
31 461 33.01 
31 494 32.01 
130 288 20.009999999999998 
130 404 28.009999999999998 
130 431 31.009999999999998 
130 461 36.01 
130 481 36.01 
130 497 28.009999999999998 
180 428 31.009999999999998 
180 434 26.009999999999998 
180 481 32.01 
180 483 29.009999999999998 
180 485 25.009999999999998 
180 493 32.01 
251 279 34.01 
251 300 40.01 
251 316 34.01 
251 460 37.01 
251 464 47.01 
251 480 38.01 
402 31 44.01 
402 119 36.01 
402 445 36.01 
402 448 33.01 
402 488 37.01 
402 498 37.01 
32 215 47.01 
32 228 28.009999999999998 
32 240 33.01 
32 319 24.009999999999998 
32 463 42.01 
32 464 17.009999999999998 
32 495 34.01 
228 79 35.01 
228 339 22.009999999999998 
228 401 26.009999999999998 
228 447 30.009999999999998 
228 457 29.009999999999998 
228 494 22.009999999999998 
240 260 30.009999999999998 
240 287 36.01 
240 348 27.009999999999998 
240 403 28.009999999999998 
240 434 28.009999999999998 
240 495 32.01 
319 52 34.01 
319 408 38.01 
319 440 31.009999999999998 
319 441 32.01 
319 474 34.01 
319 488 28.009999999999998 
463 80 21.009999999999998 
463 134 24.009999999999998 
463 141 25.009999999999998 
463 208 24.009999999999998 
463 424 28.009999999999998 
463 494 19.009999999999998 
33 196 29.009999999999998 
33 345 28.009999999999998 
33 391 36.01 
33 476 32.01 
33 484 36.01 
33 491 31.009999999999998 
33 495 19.009999999999998 
196 15 27.009999999999998 
196 324 29.009999999999998 
196 356 20.009999999999998 
196 424 25.009999999999998 
196 486 18.009999999999998 
196 492 20.009999999999998 
345 68 36.01 
345 309 39.01 
345 318 36.01 
345 457 28.009999999999998 
345 461 41.01 
345 499 32.01 
476 271 27.009999999999998 
476 295 28.009999999999998 
476 378 24.009999999999998 
476 392 32.01 
476 396 25.009999999999998 
476 483 42.01 
34 66 28.009999999999998 
34 114 33.01 
34 300 25.009999999999998 
34 396 27.009999999999998 
34 439 21.009999999999998 
34 443 27.009999999999998 
34 490 34.01 
66 187 33.01 
66 368 23.009999999999998 
66 443 26.009999999999998 
66 471 36.01 
66 483 18.009999999999998 
66 486 28.009999999999998 
66 498 32.01 
114 416 23.009999999999998 
114 428 27.009999999999998 
114 460 28.009999999999998 
114 473 34.01 
114 492 37.01 
114 495 35.01 
114 498 40.01 
300 33 34.01 
300 41 27.009999999999998 
300 375 34.01 
300 402 31.009999999999998 
300 482 25.009999999999998 
300 493 43.01 
396 18 27.009999999999998 
396 43 25.009999999999998 
396 407 26.009999999999998 
396 482 19.009999999999998 
396 483 23.009999999999998 
396 498 27.009999999999998 
443 108 39.01 
443 455 42.01 
443 456 43.01 
443 459 28.009999999999998 
443 471 32.01 
443 494 30.009999999999998 
35 21 26.009999999999998 
35 237 36.01 
35 278 25.009999999999998 
35 338 39.01 
35 351 23.009999999999998 
35 362 27.009999999999998 
35 364 24.009999999999998 
237 166 32.01 
237 240 36.01 
237 436 42.01 
237 496 34.01 
237 497 47.01 
237 498 41.01 
278 98 23.009999999999998 
278 162 27.009999999999998 
278 336 32.01 
278 369 38.01 
278 425 38.01 
278 498 40.01 
338 310 32.01 
338 380 29.009999999999998 
338 392 26.009999999999998 
338 424 35.01 
338 458 28.009999999999998 
338 485 27.009999999999998 
398 118 39.01 
398 379 35.01 
398 402 28.009999999999998 
398 469 39.01 
398 483 31.009999999999998 
398 499 35.01 
427 82 37.01 
427 144 35.01 
427 216 28.009999999999998 
427 256 21.009999999999998 
427 481 35.01 
427 497 30.009999999999998 
37 88 34.01 
37 118 40.01 
37 302 36.01 
37 397 30.009999999999998 
37 441 38.01 
37 482 39.01 
37 484 41.01 
118 32 29.009999999999998 
118 90 33.01 
118 190 32.01 
118 300 34.01 
118 306 26.009999999999998 
118 360 20.009999999999998 
118 454 25.009999999999998 
441 67 33.01 
441 246 21.009999999999998 
441 348 20.009999999999998 
441 425 30.009999999999998 
441 446 32.01 
441 482 34.01 
38 214 24.009999999999998 
38 304 42.01 
38 347 30.009999999999998 
38 412 31.009999999999998 
38 467 40.01 
38 493 27.009999999999998 
38 498 32.01 
214 10 32.01 
214 232 31.009999999999998 
214 263 26.009999999999998 
214 409 18.009999999999998 
214 456 29.009999999999998 
214 489 35.01 
347 93 29.009999999999998 
347 136 23.009999999999998 
347 292 33.01 
347 397 28.009999999999998 
347 476 28.009999999999998 
347 498 32.01 
412 37 28.009999999999998 
412 350 31.009999999999998 
412 441 37.01 
412 442 30.009999999999998 
412 480 26.009999999999998 
412 490 32.01 
467 78 34.01 
467 326 35.01 
467 436 30.009999999999998 
467 442 32.01 
467 490 25.009999999999998 
467 491 38.01 
39 29 20.009999999999998 
39 83 40.01 
39 125 44.01 
39 384 30.009999999999998 
39 398 30.009999999999998 
39 400 31.009999999999998 
39 464 47.01 
83 75 33.01 
83 169 33.01 
83 243 28.009999999999998 
83 380 27.009999999999998 
83 423 33.01 
83 475 30.009999999999998 
83 497 29.009999999999998 
125 35 19.009999999999998 
125 258 22.009999999999998 
125 309 27.009999999999998 
125 392 28.009999999999998 
125 405 18.009999999999998 
125 478 31.009999999999998 
125 496 34.01 
400 217 27.009999999999998 
400 327 31.009999999999998 
400 409 32.01 
400 444 27.009999999999998 
400 452 28.009999999999998 
400 491 35.01 
40 86 28.009999999999998 
40 103 30.009999999999998 
40 226 27.009999999999998 
40 349 32.01 
40 386 19.009999999999998 
40 440 30.009999999999998 
40 471 39.01 
86 11 31.009999999999998 
86 430 32.01 
86 453 30.009999999999998 
86 470 34.01 
86 478 33.01 
86 494 27.009999999999998 
86 497 36.01 
103 217 25.009999999999998 
103 383 34.01 
103 389 34.01 
103 485 22.009999999999998 
103 490 26.009999999999998 
103 497 30.009999999999998 
103 498 34.01 
226 98 20.009999999999998 
226 333 26.009999999999998 
226 340 25.009999999999998 
226 370 28.009999999999998 
226 420 24.009999999999998 
226 476 19.009999999999998 
349 53 26.009999999999998 
349 176 29.009999999999998 
349 288 20.009999999999998 
349 465 38.01 
349 466 34.01 
349 496 26.009999999999998 
386 274 20.009999999999998 
386 406 24.009999999999998 
386 426 29.009999999999998 
386 473 28.009999999999998 
386 477 27.009999999999998 
386 484 23.009999999999998 
440 54 38.01 
440 73 30.009999999999998 
440 305 26.009999999999998 
440 375 34.01 
440 465 25.009999999999998 
440 486 33.01 
41 190 36.01 
41 285 26.009999999999998 
41 334 29.009999999999998 
41 376 38.01 
41 456 30.009999999999998 
41 487 38.01 
41 497 26.009999999999998 
190 28 37.01 
190 58 26.009999999999998 
190 266 36.01 
190 301 36.01 
190 415 43.01 
190 473 38.01 
376 229 32.01 
376 246 27.009999999999998 
376 291 31.009999999999998 
376 350 29.009999999999998 
376 395 36.01 
376 444 27.009999999999998 
101 173 38.01 
101 227 26.009999999999998 
101 339 32.01 
101 426 39.01 
101 458 32.01 
101 466 31.009999999999998 
101 482 30.009999999999998 
152 333 32.01 
152 429 30.009999999999998 
152 438 27.009999999999998 
152 468 25.009999999999998 
152 498 32.01 
152 499 34.01 
414 179 29.009999999999998 
414 212 33.01 
414 428 33.01 
414 487 42.01 
414 490 34.01 
414 493 18.009999999999998 
63 68 31.009999999999998 
63 212 35.01 
63 274 31.009999999999998 
63 376 35.01 
63 423 24.009999999999998 
63 480 37.01 
63 494 27.009999999999998 
164 179 33.01 
164 259 34.01 
164 351 27.009999999999998 
164 472 37.01 
164 479 33.01 
164 499 21.009999999999998 
244 11 37.01 
244 111 34.01 
244 307 32.01 
244 363 33.01 
244 379 35.01 
244 497 32.01 
266 32 37.01 
266 50 31.009999999999998 
266 232 28.009999999999998 
266 388 39.01 
266 472 37.01 
266 492 32.01 
289 221 38.01 
289 238 30.009999999999998 
289 404 23.009999999999998 
289 438 35.01 
289 466 33.01 
289 475 36.01 
44 3 29.009999999999998 
44 421 29.009999999999998 
44 450 25.009999999999998 
44 462 26.009999999999998 
44 467 24.009999999999998 
44 485 32.01 
44 498 27.009999999999998 
421 208 22.009999999999998 
421 372 24.009999999999998 
421 406 32.01 
421 408 24.009999999999998 
421 495 29.009999999999998 
421 498 24.009999999999998 
450 131 28.009999999999998 
450 182 33.01 
450 359 37.01 
450 364 30.009999999999998 
450 458 26.009999999999998 
450 466 27.009999999999998 
45 25 38.01 
45 181 31.009999999999998 
45 222 37.01 
45 372 29.009999999999998 
45 463 34.01 
45 475 23.009999999999998 
45 496 22.009999999999998 
222 138 20.009999999999998 
222 213 31.009999999999998 
222 216 30.009999999999998 
222 311 30.009999999999998 
222 485 30.009999999999998 
222 491 24.009999999999998 
46 354 23.009999999999998 
46 377 29.009999999999998 
46 383 36.01 
46 453 32.01 
46 456 24.009999999999998 
46 491 36.01 
46 496 27.009999999999998 
383 9 35.01 
383 301 26.009999999999998 
383 350 25.009999999999998 
383 440 36.01 
383 456 39.01 
383 478 37.01 
47 417 23.009999999999998 
47 418 29.009999999999998 
47 453 33.01 
47 458 36.01 
47 465 47.01 
47 470 43.01 
47 491 23.009999999999998 
417 95 29.009999999999998 
417 202 37.01 
417 291 46.01 
417 450 39.01 
417 489 37.01 
417 499 38.01 
470 117 35.01 
470 189 39.01 
470 312 22.009999999999998 
470 457 21.009999999999998 
470 468 34.01 
470 479 34.01 
48 26 30.009999999999998 
48 265 28.009999999999998 
48 303 32.01 
48 305 32.01 
48 308 24.009999999999998 
48 344 37.01 
48 433 29.009999999999998 
265 269 21.009999999999998 
265 295 28.009999999999998 
265 429 24.009999999999998 
265 431 29.009999999999998 
265 472 29.009999999999998 
265 496 25.009999999999998 
303 359 45.01 
303 390 47.01 
303 416 28.009999999999998 
303 432 49.01 
303 483 33.01 
303 491 31.009999999999998 
305 144 28.009999999999998 
305 155 36.01 
305 335 29.009999999999998 
305 413 34.01 
305 478 32.01 
305 497 38.01 
308 100 27.009999999999998 
308 368 40.01 
308 480 24.009999999999998 
308 489 29.009999999999998 
308 493 32.01 
308 494 31.009999999999998 
433 27 36.01 
433 219 32.01 
433 234 27.009999999999998 
433 388 37.01 
433 423 39.01 
433 462 21.009999999999998 
49 139 40.01 
49 280 39.01 
49 325 29.009999999999998 
49 353 31.009999999999998 
49 385 41.01 
49 451 40.01 
49 464 42.01 
139 4 39.01 
139 32 29.009999999999998 
139 272 24.009999999999998 
139 349 34.01 
139 393 33.01 
139 490 32.01 
280 94 30.009999999999998 
280 262 29.009999999999998 
280 412 24.009999999999998 
280 447 28.009999999999998 
280 470 20.009999999999998 
280 472 23.009999999999998 
325 26 33.01 
325 187 30.009999999999998 
325 461 42.01 
325 472 42.01 
325 479 39.01 
325 495 32.01 
451 219 22.009999999999998 
451 290 42.01 
451 368 37.01 
451 441 36.01 
451 490 29.009999999999998 
451 494 32.01 
50 71 28.009999999999998 
50 278 23.009999999999998 
50 306 30.009999999999998 
50 391 23.009999999999998 
50 482 27.009999999999998 
50 486 27.009999999999998 
50 499 23.009999999999998 
71 93 24.009999999999998 
71 115 33.01 
71 116 32.01 
71 243 31.009999999999998 
71 317 26.009999999999998 
71 338 34.01 
71 497 16.009999999999998 
306 249 27.009999999999998 
306 251 27.009999999999998 
306 283 40.01 
306 284 46.01 
306 435 29.009999999999998 
306 494 35.01 
51 162 39.01 
51 366 26.009999999999998 
51 466 32.01 
51 484 29.009999999999998 
51 488 27.009999999999998 
51 492 34.01 
51 499 28.009999999999998 
162 144 31.009999999999998 
162 193 41.01 
162 431 33.01 
162 493 33.01 
162 498 43.01 
162 499 34.01 
52 152 30.009999999999998 
52 193 38.01 
52 249 29.009999999999998 
52 413 26.009999999999998 
52 425 30.009999999999998 
52 488 39.01 
52 499 28.009999999999998 
193 170 30.009999999999998 
193 262 27.009999999999998 
193 366 23.009999999999998 
193 424 33.01 
193 459 30.009999999999998 
193 497 39.01 
249 76 21.009999999999998 
249 376 27.009999999999998 
249 429 26.009999999999998 
249 483 26.009999999999998 
249 492 29.009999999999998 
249 497 35.01 
425 75 35.01 
425 278 32.01 
425 359 42.01 
425 405 29.009999999999998 
425 443 21.009999999999998 
425 445 39.01 
261 334 33.01 
261 436 33.01 
261 450 30.009999999999998 
261 482 31.009999999999998 
261 494 25.009999999999998 
261 497 30.009999999999998 
392 299 28.009999999999998 
392 306 29.009999999999998 
392 400 27.009999999999998 
392 481 35.01 
392 487 38.01 
392 498 38.01 
54 56 32.01 
54 167 29.009999999999998 
54 328 35.01 
54 343 24.009999999999998 
54 364 31.009999999999998 
54 430 38.01 
54 455 34.01 
56 6 35.01 
56 31 35.01 
56 265 29.009999999999998 
56 341 22.009999999999998 
56 389 44.01 
56 456 34.01 
56 486 35.01 
167 12 24.009999999999998 
167 311 24.009999999999998 
167 377 25.009999999999998 
167 437 38.01 
167 492 29.009999999999998 
167 499 21.009999999999998 
328 51 38.01 
328 62 37.01 
328 354 31.009999999999998 
328 427 32.01 
328 476 20.009999999999998 
328 497 35.01 
430 14 33.01 
430 227 33.01 
430 460 19.009999999999998 
430 480 34.01 
430 493 37.01 
430 495 42.01 
55 138 24.009999999999998 
55 245 26.009999999999998 
55 369 31.009999999999998 
55 433 30.009999999999998 
55 434 29.009999999999998 
55 482 24.009999999999998 
55 499 27.009999999999998 
138 315 34.01 
138 322 27.009999999999998 
138 367 34.01 
138 402 37.01 
138 492 35.01 
138 499 35.01 
341 147 32.01 
341 374 24.009999999999998 
341 382 30.009999999999998 
341 433 33.01 
341 465 32.01 
341 472 31.009999999999998 
389 372 30.009999999999998 
389 469 32.01 
389 479 32.01 
389 490 28.009999999999998 
389 497 39.01 
389 498 28.009999999999998 
57 30 30.009999999999998 
57 140 36.01 
57 198 34.01 
57 286 35.01 
57 350 25.009999999999998 
57 375 29.009999999999998 
57 476 34.01 
140 115 30.009999999999998 
140 120 34.01 
140 386 35.01 
140 419 35.01 
140 433 42.01 
140 499 29.009999999999998 
198 299 30.009999999999998 
198 321 27.009999999999998 
198 361 28.009999999999998 
198 375 21.009999999999998 
198 454 25.009999999999998 
198 488 22.009999999999998 
286 89 33.01 
286 205 36.01 
286 381 25.009999999999998 
286 446 35.01 
286 489 33.01 
286 495 37.01 
350 116 27.009999999999998 
350 141 37.01 
350 337 36.01 
350 493 32.01 
350 495 36.01 
350 498 25.009999999999998 
58 146 36.01 
58 245 23.009999999999998 
58 404 33.01 
58 426 32.01 
58 435 33.01 
58 463 30.009999999999998 
58 499 31.009999999999998 
146 23 27.009999999999998 
146 241 35.01 
146 347 20.009999999999998 
146 370 34.01 
146 442 43.01 
146 482 26.009999999999998 
426 248 34.01 
426 331 40.01 
426 437 35.01 
426 452 25.009999999999998 
426 457 32.01 
426 479 35.01 
435 27 37.01 
435 255 39.01 
435 291 34.01 
435 378 39.01 
435 458 30.009999999999998 
435 477 39.01 
323 58 24.009999999999998 
323 198 26.009999999999998 
323 200 27.009999999999998 
323 331 32.01 
323 396 33.01 
323 457 23.009999999999998 
367 18 34.01 
367 274 28.009999999999998 
367 355 41.01 
367 440 36.01 
367 472 33.01 
367 475 42.01 
472 146 31.009999999999998 
472 327 30.009999999999998 
472 341 36.01 
472 367 36.01 
472 432 42.01 
472 480 32.01 
60 123 35.01 
60 292 29.009999999999998 
60 402 33.01 
60 435 19.009999999999998 
60 457 24.009999999999998 
60 470 30.009999999999998 
60 489 40.01 
123 19 30.009999999999998 
123 178 24.009999999999998 
123 230 27.009999999999998 
123 286 26.009999999999998 
123 419 23.009999999999998 
123 484 27.009999999999998 
123 493 32.01 
292 224 23.009999999999998 
292 341 29.009999999999998 
292 420 24.009999999999998 
292 463 32.01 
292 483 22.009999999999998 
292 491 30.009999999999998 
457 194 29.009999999999998 
457 321 33.01 
457 378 35.01 
457 418 39.01 
457 466 33.01 
457 499 36.01 
489 110 27.009999999999998 
489 292 33.01 
489 294 27.009999999999998 
489 476 28.009999999999998 
489 477 29.009999999999998 
489 497 28.009999999999998 
61 140 30.009999999999998 
61 167 29.009999999999998 
61 340 36.01 
61 342 33.01 
61 443 29.009999999999998 
61 482 32.01 
61 495 31.009999999999998 
340 24 29.009999999999998 
340 197 27.009999999999998 
340 226 40.01 
340 338 31.009999999999998 
340 487 30.009999999999998 
340 497 35.01 
62 10 36.01 
62 33 31.009999999999998 
62 305 26.009999999999998 
62 328 23.009999999999998 
62 384 36.01 
62 444 30.009999999999998 
62 481 33.01 
444 192 32.01 
444 352 33.01 
444 385 27.009999999999998 
444 453 36.01 
444 466 25.009999999999998 
444 484 26.009999999999998 
68 6 38.01 
68 235 33.01 
68 324 26.009999999999998 
68 337 27.009999999999998 
68 405 36.01 
68 452 34.01 
68 490 28.009999999999998 
423 69 30.009999999999998 
423 153 27.009999999999998 
423 348 28.009999999999998 
423 432 33.01 
423 454 33.01 
423 458 27.009999999999998 
64 182 31.009999999999998 
64 219 31.009999999999998 
64 315 31.009999999999998 
64 324 34.01 
64 357 27.009999999999998 
64 497 32.01 
64 498 28.009999999999998 
219 47 41.01 
219 350 36.01 
219 352 38.01 
219 448 43.01 
219 463 37.01 
219 489 36.01 
324 449 32.01 
324 462 29.009999999999998 
324 483 26.009999999999998 
324 488 29.009999999999998 
324 496 38.01 
324 499 37.01 
65 20 26.009999999999998 
65 168 29.009999999999998 
65 263 33.01 
65 442 34.01 
65 443 24.009999999999998 
65 492 33.01 
65 497 48.01 
263 50 37.01 
263 267 35.01 
263 448 30.009999999999998 
263 451 38.01 
263 460 31.009999999999998 
263 497 25.009999999999998 
187 92 23.009999999999998 
187 390 26.009999999999998 
187 417 29.009999999999998 
187 435 19.009999999999998 
187 450 24.009999999999998 
187 459 28.009999999999998 
368 24 25.009999999999998 
368 142 27.009999999999998 
368 386 29.009999999999998 
368 439 26.009999999999998 
368 471 22.009999999999998 
368 498 26.009999999999998 
67 55 24.009999999999998 
67 104 24.009999999999998 
67 185 20.009999999999998 
67 262 29.009999999999998 
67 400 31.009999999999998 
67 437 32.01 
67 499 20.009999999999998 
104 6 26.009999999999998 
104 180 43.01 
104 388 30.009999999999998 
104 476 30.009999999999998 
104 477 36.01 
104 486 34.01 
104 494 35.01 
185 314 30.009999999999998 
185 347 28.009999999999998 
185 419 30.009999999999998 
185 436 35.01 
185 474 38.01 
185 495 40.01 
262 45 32.01 
262 96 33.01 
262 142 23.009999999999998 
262 279 35.01 
262 399 24.009999999999998 
262 459 42.01 
437 203 31.009999999999998 
437 247 31.009999999999998 
437 423 29.009999999999998 
437 488 30.009999999999998 
437 493 32.01 
437 496 16.009999999999998 
235 39 27.009999999999998 
235 233 26.009999999999998 
235 250 28.009999999999998 
235 442 32.01 
235 454 32.01 
235 491 33.01 
337 79 28.009999999999998 
337 111 37.01 
337 188 41.01 
337 243 33.01 
337 433 33.01 
337 437 39.01 
405 103 30.009999999999998 
405 172 27.009999999999998 
405 242 25.009999999999998 
405 313 38.01 
405 486 22.009999999999998 
405 499 29.009999999999998 
69 18 33.01 
69 310 32.01 
69 356 36.01 
69 417 31.009999999999998 
69 465 36.01 
69 486 30.009999999999998 
69 492 24.009999999999998 
310 4 35.01 
310 60 38.01 
310 143 37.01 
310 232 34.01 
310 442 21.009999999999998 
310 496 38.01 
356 48 25.009999999999998 
356 155 27.009999999999998 
356 165 30.009999999999998 
356 268 24.009999999999998 
356 481 26.009999999999998 
356 483 23.009999999999998 
70 345 36.01 
70 401 29.009999999999998 
70 428 28.009999999999998 
70 432 31.009999999999998 
70 474 31.009999999999998 
70 488 36.01 
70 498 31.009999999999998 
428 170 26.009999999999998 
428 171 23.009999999999998 
428 336 31.009999999999998 
428 372 26.009999999999998 
428 434 24.009999999999998 
428 495 29.009999999999998 
474 34 32.01 
474 45 37.01 
474 173 28.009999999999998 
474 211 32.01 
474 261 31.009999999999998 
474 499 27.009999999999998 
93 130 32.01 
93 284 30.009999999999998 
93 336 35.01 
93 417 34.01 
93 470 30.009999999999998 
93 488 33.01 
93 497 36.01 
115 102 31.009999999999998 
115 213 31.009999999999998 
115 252 31.009999999999998 
115 427 28.009999999999998 
115 492 31.009999999999998 
115 493 35.01 
115 497 38.01 
116 348 28.009999999999998 
116 362 31.009999999999998 
116 412 19.009999999999998 
116 416 29.009999999999998 
116 489 32.01 
116 492 27.009999999999998 
116 498 31.009999999999998 
243 221 32.01 
243 285 20.009999999999998 
243 365 31.009999999999998 
243 366 36.01 
243 471 19.009999999999998 
243 497 19.009999999999998 
317 113 26.009999999999998 
317 154 27.009999999999998 
317 307 33.01 
317 388 22.009999999999998 
317 409 29.009999999999998 
317 459 17.009999999999998 
73 107 29.009999999999998 
73 135 30.009999999999998 
73 196 34.01 
73 223 29.009999999999998 
73 404 25.009999999999998 
73 434 30.009999999999998 
73 449 24.009999999999998 
135 198 28.009999999999998 
135 337 33.01 
135 402 30.009999999999998 
135 423 23.009999999999998 
135 453 38.01 
135 470 33.01 
223 151 25.009999999999998 
223 315 33.01 
223 420 24.009999999999998 
223 437 29.009999999999998 
223 492 24.009999999999998 
223 499 31.009999999999998 
74 172 27.009999999999998 
74 252 33.01 
74 307 26.009999999999998 
74 343 40.01 
74 386 33.01 
74 484 23.009999999999998 
74 489 38.01 
172 232 32.01 
172 279 35.01 
172 421 34.01 
172 441 30.009999999999998 
172 451 30.009999999999998 
172 471 26.009999999999998 
252 258 30.009999999999998 
252 382 34.01 
252 423 36.01 
252 441 30.009999999999998 
252 478 28.009999999999998 
252 484 28.009999999999998 
307 67 27.009999999999998 
307 158 25.009999999999998 
307 353 27.009999999999998 
307 462 37.01 
307 470 30.009999999999998 
307 479 22.009999999999998 
75 203 33.01 
75 218 34.01 
75 227 28.009999999999998 
75 302 24.009999999999998 
75 371 30.009999999999998 
75 468 29.009999999999998 
75 493 25.009999999999998 
203 38 29.009999999999998 
203 265 30.009999999999998 
203 413 36.01 
203 434 30.009999999999998 
203 465 30.009999999999998 
203 469 42.01 
218 11 38.01 
218 276 38.01 
218 292 30.009999999999998 
218 316 35.01 
218 357 32.01 
218 476 42.01 
227 70 35.01 
227 345 34.01 
227 460 21.009999999999998 
227 492 25.009999999999998 
227 493 24.009999999999998 
227 498 26.009999999999998 
371 447 28.009999999999998 
371 449 20.009999999999998 
371 454 21.009999999999998 
371 486 21.009999999999998 
371 494 21.009999999999998 
371 499 17.009999999999998 
468 410 35.01 
468 429 24.009999999999998 
468 474 33.01 
468 491 29.009999999999998 
468 492 41.01 
468 498 31.009999999999998 
76 126 31.009999999999998 
76 468 30.009999999999998 
76 469 31.009999999999998 
76 487 26.009999999999998 
76 489 41.01 
76 492 22.009999999999998 
76 499 34.01 
126 77 31.009999999999998 
126 384 36.01 
126 457 37.01 
126 479 32.01 
126 485 27.009999999999998 
126 487 39.01 
126 499 29.009999999999998 
469 87 29.009999999999998 
469 235 34.01 
469 383 40.01 
469 417 29.009999999999998 
469 422 20.009999999999998 
469 491 38.01 
77 229 34.01 
77 340 37.01 
77 380 25.009999999999998 
77 382 24.009999999999998 
77 395 27.009999999999998 
77 492 25.009999999999998 
77 499 28.009999999999998 
229 120 29.009999999999998 
229 197 36.01 
229 309 35.01 
229 394 27.009999999999998 
229 418 40.01 
229 499 36.01 
395 376 27.009999999999998 
395 493 27.009999999999998 
395 494 22.009999999999998 
395 496 19.009999999999998 
395 498 31.009999999999998 
395 499 28.009999999999998 
78 134 36.01 
78 176 41.01 
78 322 32.01 
78 349 40.01 
78 353 33.01 
78 480 24.009999999999998 
78 490 25.009999999999998 
134 66 19.009999999999998 
134 172 29.009999999999998 
134 249 26.009999999999998 
134 311 26.009999999999998 
134 432 31.009999999999998 
134 457 27.009999999999998 
176 193 41.01 
176 267 28.009999999999998 
176 403 30.009999999999998 
176 414 24.009999999999998 
176 422 33.01 
176 480 34.01 
322 105 34.01 
322 263 31.009999999999998 
322 278 20.009999999999998 
322 481 28.009999999999998 
322 484 30.009999999999998 
322 491 33.01 
79 228 36.01 
79 297 39.01 
79 322 27.009999999999998 
79 385 36.01 
79 483 36.01 
79 493 32.01 
79 496 30.009999999999998 
297 91 40.01 
297 210 25.009999999999998 
297 317 21.009999999999998 
297 485 12.01 
297 494 37.01 
297 497 30.009999999999998 
80 136 30.009999999999998 
80 281 31.009999999999998 
80 378 39.01 
80 383 28.009999999999998 
80 433 31.009999999999998 
80 462 43.01 
80 484 35.01 
136 40 37.01 
136 95 27.009999999999998 
136 448 26.009999999999998 
136 453 37.01 
136 470 37.01 
136 486 34.01 
378 1 21.009999999999998 
378 92 29.009999999999998 
378 220 33.01 
378 329 35.01 
378 443 25.009999999999998 
378 468 25.009999999999998 
81 215 25.009999999999998 
81 240 30.009999999999998 
81 328 33.01 
81 399 32.01 
81 454 33.01 
81 495 28.009999999999998 
81 499 34.01 
399 202 29.009999999999998 
399 321 28.009999999999998 
399 330 23.009999999999998 
399 365 28.009999999999998 
399 496 36.01 
399 499 38.01 
454 246 24.009999999999998 
454 308 30.009999999999998 
454 398 27.009999999999998 
454 421 33.01 
454 462 32.01 
454 496 28.009999999999998 
82 213 22.009999999999998 
82 222 36.01 
82 295 44.01 
82 330 29.009999999999998 
82 436 20.009999999999998 
82 451 32.01 
82 481 18.009999999999998 
213 25 26.009999999999998 
213 183 35.01 
213 293 28.009999999999998 
213 346 23.009999999999998 
213 367 26.009999999999998 
213 428 25.009999999999998 
169 125 39.01 
169 343 31.009999999999998 
169 401 22.009999999999998 
169 473 29.009999999999998 
169 477 26.009999999999998 
169 481 34.01 
84 46 31.009999999999998 
84 371 29.009999999999998 
84 440 32.01 
84 449 33.01 
84 474 35.01 
84 484 29.009999999999998 
84 495 45.01 
157 204 26.009999999999998 
157 254 29.009999999999998 
157 255 33.01 
157 270 30.009999999999998 
157 312 32.01 
157 370 28.009999999999998 
87 16 28.009999999999998 
87 99 35.01 
87 169 39.01 
87 223 37.01 
87 261 26.009999999999998 
87 441 39.01 
87 481 35.01 
89 84 29.009999999999998 
89 98 19.009999999999998 
89 199 30.009999999999998 
89 229 30.009999999999998 
89 469 25.009999999999998 
89 475 36.01 
89 494 20.009999999999998 
98 112 41.01 
98 139 42.01 
98 231 31.009999999999998 
98 233 27.009999999999998 
98 282 39.01 
98 356 35.01 
98 488 35.01 
199 0 27.009999999999998 
199 66 27.009999999999998 
199 373 22.009999999999998 
199 463 27.009999999999998 
199 488 30.009999999999998 
199 495 26.009999999999998 
90 443 31.009999999999998 
90 452 24.009999999999998 
90 454 32.01 
90 455 26.009999999999998 
90 481 35.01 
90 489 27.009999999999998 
90 496 31.009999999999998 
91 169 39.01 
91 357 44.01 
91 403 36.01 
91 435 33.01 
91 445 34.01 
91 447 37.01 
91 491 44.01 
92 111 30.009999999999998 
92 133 33.01 
92 218 31.009999999999998 
92 314 41.01 
92 387 34.01 
92 410 29.009999999999998 
92 464 33.01 
111 69 27.009999999999998 
111 99 38.01 
111 325 34.01 
111 453 26.009999999999998 
111 455 37.01 
111 458 24.009999999999998 
111 459 33.01 
314 194 29.009999999999998 
314 224 26.009999999999998 
314 370 31.009999999999998 
314 384 30.009999999999998 
314 436 29.009999999999998 
314 475 29.009999999999998 
284 156 32.01 
284 373 31.009999999999998 
284 448 37.01 
284 472 18.009999999999998 
284 490 27.009999999999998 
284 497 29.009999999999998 
336 316 35.01 
336 318 31.009999999999998 
336 347 30.009999999999998 
336 363 29.009999999999998 
336 410 35.01 
336 421 32.01 
94 114 22.009999999999998 
94 336 34.01 
94 353 29.009999999999998 
94 422 23.009999999999998 
94 441 33.01 
94 446 45.01 
94 458 28.009999999999998 
446 173 34.01 
446 313 27.009999999999998 
446 355 38.01 
446 424 39.01 
446 451 25.009999999999998 
446 482 28.009999999999998 
95 42 37.01 
95 167 35.01 
95 215 26.009999999999998 
95 251 37.01 
95 388 31.009999999999998 
95 467 27.009999999999998 
95 493 29.009999999999998 
96 74 33.01 
96 135 28.009999999999998 
96 150 26.009999999999998 
96 161 27.009999999999998 
96 287 27.009999999999998 
96 480 28.009999999999998 
96 489 21.009999999999998 
150 74 30.009999999999998 
150 321 25.009999999999998 
150 405 25.009999999999998 
150 422 32.01 
150 460 22.009999999999998 
150 461 26.009999999999998 
161 236 30.009999999999998 
161 382 28.009999999999998 
161 438 40.01 
161 480 26.009999999999998 
161 489 33.01 
161 496 24.009999999999998 
97 305 26.009999999999998 
97 358 28.009999999999998 
97 366 31.009999999999998 
97 404 25.009999999999998 
97 406 27.009999999999998 
97 458 30.009999999999998 
97 480 27.009999999999998 
358 225 33.01 
358 324 26.009999999999998 
358 351 30.009999999999998 
358 419 22.009999999999998 
358 427 23.009999999999998 
358 456 30.009999999999998 
112 100 32.01 
112 237 36.01 
112 257 32.01 
112 325 34.01 
112 441 33.01 
112 462 35.01 
112 463 28.009999999999998 
143 159 31.009999999999998 
143 290 28.009999999999998 
143 333 29.009999999999998 
143 374 31.009999999999998 
143 386 28.009999999999998 
143 473 36.01 
279 82 38.01 
279 160 35.01 
279 411 41.01 
279 481 33.01 
279 490 27.009999999999998 
279 497 43.01 
100 90 33.01 
100 174 26.009999999999998 
100 188 36.01 
100 467 41.01 
100 495 31.009999999999998 
100 498 35.01 
100 499 35.01 
188 59 23.009999999999998 
188 114 35.01 
188 397 36.01 
188 490 35.01 
188 493 28.009999999999998 
188 498 24.009999999999998 
173 0 29.009999999999998 
173 50 31.009999999999998 
173 271 32.01 
173 277 37.01 
173 393 32.01 
173 426 37.01 
339 104 36.01 
339 270 29.009999999999998 
339 385 34.01 
339 429 32.01 
339 476 27.009999999999998 
339 493 40.01 
102 88 37.01 
102 226 37.01 
102 316 35.01 
102 349 34.01 
102 382 30.009999999999998 
102 427 38.01 
102 455 36.01 
316 253 25.009999999999998 
316 267 37.01 
316 398 34.01 
316 467 32.01 
316 474 31.009999999999998 
316 477 22.009999999999998 
105 34 33.01 
105 36 31.009999999999998 
105 371 37.01 
105 415 42.01 
105 437 17.009999999999998 
105 465 31.009999999999998 
105 498 34.01 
106 355 36.01 
106 449 36.01 
106 466 33.01 
106 470 33.01 
106 492 32.01 
106 496 34.01 
106 499 30.009999999999998 
355 128 27.009999999999998 
355 147 31.009999999999998 
355 297 27.009999999999998 
355 370 35.01 
355 424 32.01 
355 482 41.01 
201 17 32.01 
201 84 32.01 
201 175 34.01 
201 471 26.009999999999998 
201 495 29.009999999999998 
201 499 30.009999999999998 
108 31 29.009999999999998 
108 87 27.009999999999998 
108 170 26.009999999999998 
108 184 25.009999999999998 
108 424 24.009999999999998 
108 438 37.01 
108 459 30.009999999999998 
170 65 30.009999999999998 
170 177 30.009999999999998 
170 208 25.009999999999998 
170 218 28.009999999999998 
170 244 27.009999999999998 
170 360 26.009999999999998 
184 61 33.01 
184 73 32.01 
184 327 29.009999999999998 
184 344 34.01 
184 427 35.01 
184 499 20.009999999999998 
424 48 32.01 
424 216 39.01 
424 358 36.01 
424 419 29.009999999999998 
424 495 32.01 
424 497 38.01 
438 166 27.009999999999998 
438 262 26.009999999999998 
438 304 36.01 
438 471 41.01 
438 489 46.01 
438 491 34.01 
109 92 39.01 
109 149 34.01 
109 282 33.01 
109 355 26.009999999999998 
109 381 30.009999999999998 
109 393 26.009999999999998 
109 496 34.01 
149 120 39.01 
149 148 38.01 
149 156 28.009999999999998 
149 452 29.009999999999998 
149 469 30.009999999999998 
149 477 29.009999999999998 
110 396 33.01 
110 451 40.01 
110 457 26.009999999999998 
110 474 34.01 
110 477 33.01 
110 479 35.01 
110 480 43.01 
200 153 27.009999999999998 
200 163 34.01 
200 303 35.01 
200 478 36.01 
200 485 31.009999999999998 
200 487 35.01 
348 70 31.009999999999998 
348 207 24.009999999999998 
348 368 31.009999999999998 
348 419 26.009999999999998 
348 475 28.009999999999998 
348 483 37.01 
117 150 33.01 
117 205 30.009999999999998 
117 225 31.009999999999998 
117 304 29.009999999999998 
117 444 37.01 
117 446 29.009999999999998 
117 499 40.01 
205 117 27.009999999999998 
205 347 26.009999999999998 
205 468 23.009999999999998 
205 469 28.009999999999998 
205 478 28.009999999999998 
205 491 30.009999999999998 
225 249 40.01 
225 252 35.01 
225 379 27.009999999999998 
225 466 29.009999999999998 
225 468 19.009999999999998 
225 499 30.009999999999998 
256 41 29.009999999999998 
256 160 28.009999999999998 
256 251 36.01 
256 310 32.01 
256 459 24.009999999999998 
256 467 23.009999999999998 
361 149 26.009999999999998 
361 337 42.01 
361 411 41.01 
361 467 31.009999999999998 
361 479 28.009999999999998 
361 495 33.01 
120 34 24.009999999999998 
120 72 27.009999999999998 
120 76 24.009999999999998 
120 79 35.01 
120 250 25.009999999999998 
120 313 32.01 
120 497 37.01 
250 121 21.009999999999998 
250 245 42.01 
250 281 29.009999999999998 
250 358 28.009999999999998 
250 363 34.01 
250 478 26.009999999999998 
313 55 29.009999999999998 
313 132 27.009999999999998 
313 269 25.009999999999998 
313 332 30.009999999999998 
313 369 22.009999999999998 
313 469 21.009999999999998 
206 78 37.01 
206 204 21.009999999999998 
206 326 34.01 
206 415 32.01 
206 445 37.01 
206 474 27.009999999999998 
122 316 34.01 
122 387 29.009999999999998 
122 411 36.01 
122 459 24.009999999999998 
122 475 30.009999999999998 
122 486 24.009999999999998 
122 499 27.009999999999998 
411 64 27.009999999999998 
411 346 28.009999999999998 
411 356 30.009999999999998 
411 404 23.009999999999998 
411 469 32.01 
411 489 29.009999999999998 
178 376 28.009999999999998 
178 385 35.01 
178 409 26.009999999999998 
178 466 34.01 
178 492 33.01 
178 496 33.01 
230 22 36.01 
230 220 33.01 
230 329 37.01 
230 340 28.009999999999998 
230 399 30.009999999999998 
230 415 20.009999999999998 
419 134 32.01 
419 230 30.009999999999998 
419 374 30.009999999999998 
419 400 39.01 
419 484 24.009999999999998 
419 488 35.01 
409 2 35.01 
409 174 35.01 
409 297 31.009999999999998 
409 339 28.009999999999998 
409 363 24.009999999999998 
409 413 28.009999999999998 
258 253 24.009999999999998 
258 346 25.009999999999998 
258 440 26.009999999999998 
258 473 26.009999999999998 
258 491 33.01 
258 493 29.009999999999998 
309 59 20.009999999999998 
309 151 17.009999999999998 
309 348 25.009999999999998 
309 394 22.009999999999998 
309 492 35.01 
309 493 30.009999999999998 
129 163 31.009999999999998 
129 302 32.01 
129 308 28.009999999999998 
129 310 24.009999999999998 
129 397 27.009999999999998 
129 467 29.009999999999998 
129 485 19.009999999999998 
163 49 29.009999999999998 
163 293 29.009999999999998 
163 383 20.009999999999998 
163 486 26.009999999999998 
163 493 20.009999999999998 
163 499 29.009999999999998 
204 231 24.009999999999998 
204 264 26.009999999999998 
204 275 40.01 
204 287 31.009999999999998 
204 487 29.009999999999998 
204 497 36.01 
132 35 21.009999999999998 
132 36 23.009999999999998 
132 157 26.009999999999998 
132 460 28.009999999999998 
132 489 21.009999999999998 
132 495 31.009999999999998 
311 273 32.01 
311 290 36.01 
311 413 27.009999999999998 
311 420 41.01 
311 471 25.009999999999998 
311 477 34.01 
137 15 29.009999999999998 
137 106 25.009999999999998 
137 145 37.01 
137 484 36.01 
137 487 38.01 
137 496 38.01 
145 27 32.01 
145 37 35.01 
145 235 40.01 
145 250 36.01 
145 456 31.009999999999998 
145 498 32.01 
272 253 30.009999999999998 
272 281 27.009999999999998 
272 320 25.009999999999998 
272 389 21.009999999999998 
272 434 31.009999999999998 
272 459 34.01 
141 7 34.01 
141 63 29.009999999999998 
141 275 27.009999999999998 
141 387 23.009999999999998 
141 441 34.01 
141 499 26.009999999999998 
275 69 27.009999999999998 
275 94 29.009999999999998 
275 288 23.009999999999998 
275 338 29.009999999999998 
275 427 27.009999999999998 
275 463 27.009999999999998 
159 203 40.01 
159 219 32.01 
159 331 41.01 
159 433 34.01 
159 434 30.009999999999998 
159 447 39.01 
290 44 29.009999999999998 
290 107 27.009999999999998 
290 122 32.01 
290 317 25.009999999999998 
290 431 28.009999999999998 
290 496 21.009999999999998 
374 60 26.009999999999998 
374 91 30.009999999999998 
374 246 19.009999999999998 
374 362 27.009999999999998 
374 409 33.01 
374 480 23.009999999999998 
144 5 33.01 
144 293 36.01 
144 341 28.009999999999998 
144 359 36.01 
144 497 27.009999999999998 
144 498 16.009999999999998 
241 153 29.009999999999998 
241 394 35.01 
241 416 27.009999999999998 
241 422 32.01 
241 452 28.009999999999998 
241 496 25.009999999999998 
370 74 29.009999999999998 
370 224 26.009999999999998 
370 368 34.01 
370 398 30.009999999999998 
370 470 30.009999999999998 
370 498 32.01 
147 126 26.009999999999998 
147 325 33.01 
147 443 31.009999999999998 
147 464 38.01 
147 486 32.01 
147 491 33.01 
148 44 26.009999999999998 
148 181 34.01 
148 380 31.009999999999998 
148 393 29.009999999999998 
148 443 23.009999999999998 
148 490 29.009999999999998 
156 89 34.01 
156 442 26.009999999999998 
156 464 33.01 
156 477 37.01 
156 482 30.009999999999998 
156 494 27.009999999999998 
321 457 26.009999999999998 
321 461 26.009999999999998 
321 487 35.01 
321 494 30.009999999999998 
321 496 25.009999999999998 
321 499 23.009999999999998 
151 16 25.009999999999998 
151 47 35.01 
151 138 24.009999999999998 
151 395 29.009999999999998 
151 463 34.01 
151 492 34.01 
153 264 30.009999999999998 
153 365 31.009999999999998 
153 419 30.009999999999998 
153 484 31.009999999999998 
153 498 29.009999999999998 
153 499 26.009999999999998 
264 44 41.01 
264 130 39.01 
264 194 36.01 
264 296 29.009999999999998 
264 310 37.01 
264 420 33.01 
155 299 31.009999999999998 
155 345 36.01 
155 449 26.009999999999998 
155 454 29.009999999999998 
155 455 33.01 
155 469 38.01 
254 38 28.009999999999998 
254 52 34.01 
254 211 33.01 
254 307 35.01 
254 399 32.01 
254 469 35.01 
255 229 31.009999999999998 
255 301 42.01 
255 356 30.009999999999998 
255 470 26.009999999999998 
255 489 29.009999999999998 
255 492 26.009999999999998 
270 208 30.009999999999998 
270 240 38.01 
270 254 35.01 
270 363 36.01 
270 393 38.01 
270 463 40.01 
312 90 40.01 
312 426 35.01 
312 462 33.01 
312 470 27.009999999999998 
312 477 35.01 
312 488 35.01 
158 137 32.01 
158 241 30.009999999999998 
158 360 23.009999999999998 
158 442 27.009999999999998 
158 476 17.009999999999998 
158 497 35.01 
331 109 29.009999999999998 
331 149 25.009999999999998 
331 377 30.009999999999998 
331 431 30.009999999999998 
331 435 30.009999999999998 
331 472 32.01 
236 49 28.009999999999998 
236 237 29.009999999999998 
236 314 33.01 
236 364 36.01 
236 394 30.009999999999998 
236 472 37.01 
179 58 30.009999999999998 
179 199 21.009999999999998 
179 290 34.01 
179 322 24.009999999999998 
179 329 25.009999999999998 
179 355 19.009999999999998 
242 296 30.009999999999998 
242 389 33.01 
242 445 30.009999999999998 
242 448 33.01 
242 457 30.009999999999998 
242 496 32.01 
177 330 39.01 
177 352 43.01 
177 437 43.01 
177 438 37.01 
177 468 38.01 
177 492 36.01 
208 260 32.01 
208 271 26.009999999999998 
208 313 25.009999999999998 
208 444 37.01 
208 450 34.01 
208 456 35.01 
232 115 30.009999999999998 
232 151 25.009999999999998 
232 409 25.009999999999998 
232 432 32.01 
232 473 26.009999999999998 
232 494 23.009999999999998 
271 100 42.01 
271 176 36.01 
271 179 29.009999999999998 
271 184 26.009999999999998 
271 268 36.01 
271 488 34.01 
277 141 31.009999999999998 
277 244 35.01 
277 298 36.01 
277 445 31.009999999999998 
277 492 29.009999999999998 
277 495 28.009999999999998 
175 46 38.01 
175 301 36.01 
175 303 31.009999999999998 
175 395 33.01 
175 481 40.01 
175 495 33.01 
267 272 29.009999999999998 
267 395 32.01 
267 425 28.009999999999998 
267 442 29.009999999999998 
267 476 33.01 
267 486 30.009999999999998 
329 102 36.01 
329 314 34.01 
329 377 25.009999999999998 
329 474 46.01 
329 481 28.009999999999998 
329 488 38.01 
327 1 24.009999999999998 
327 14 29.009999999999998 
327 86 26.009999999999998 
327 183 22.009999999999998 
327 484 23.009999999999998 
327 493 22.009999999999998 
379 57 31.009999999999998 
379 126 26.009999999999998 
379 222 29.009999999999998 
379 263 30.009999999999998 
379 440 29.009999999999998 
379 488 34.01 
191 235 31.009999999999998 
191 309 34.01 
191 414 24.009999999999998 
191 476 29.009999999999998 
191 494 26.009999999999998 
191 498 31.009999999999998 
192 158 36.01 
192 206 31.009999999999998 
192 315 24.009999999999998 
192 480 31.009999999999998 
192 481 29.009999999999998 
192 495 35.01 
194 80 23.009999999999998 
194 307 32.01 
194 425 29.009999999999998 
194 472 19.009999999999998 
194 486 11.01 
194 492 26.009999999999998 
195 42 40.01 
195 61 37.01 
195 255 34.01 
195 334 30.009999999999998 
195 390 31.009999999999998 
195 417 20.009999999999998 
197 221 40.01 
197 312 25.009999999999998 
197 318 24.009999999999998 
197 333 39.01 
197 428 23.009999999999998 
197 446 28.009999999999998 
221 148 39.01 
221 214 26.009999999999998 
221 404 25.009999999999998 
221 433 34.01 
221 467 30.009999999999998 
221 485 24.009999999999998 
202 39 18.009999999999998 
202 109 29.009999999999998 
202 392 26.009999999999998 
202 440 24.009999999999998 
202 450 21.009999999999998 
202 472 41.01 
207 225 36.01 
207 298 31.009999999999998 
207 365 27.009999999999998 
207 483 43.01 
207 485 37.01 
207 496 36.01 
260 17 25.009999999999998 
260 96 27.009999999999998 
260 463 33.01 
260 477 33.01 
260 479 27.009999999999998 
260 482 31.009999999999998 
420 273 35.01 
420 364 23.009999999999998 
420 445 34.01 
420 458 31.009999999999998 
420 464 26.009999999999998 
420 493 27.009999999999998 
211 20 33.01 
211 363 35.01 
211 396 34.01 
211 466 37.01 
211 494 29.009999999999998 
211 499 41.01 
363 45 29.009999999999998 
363 211 27.009999999999998 
363 409 28.009999999999998 
363 421 26.009999999999998 
363 488 36.01 
363 494 27.009999999999998 
346 272 29.009999999999998 
346 380 23.009999999999998 
346 387 37.01 
346 397 28.009999999999998 
346 406 22.009999999999998 
346 497 31.009999999999998 
216 65 40.01 
216 306 36.01 
216 319 32.01 
216 426 31.009999999999998 
216 455 33.01 
216 463 31.009999999999998 
224 91 35.01 
224 202 26.009999999999998 
224 447 33.01 
224 490 31.009999999999998 
224 492 35.01 
224 496 27.009999999999998 
394 131 21.009999999999998 
394 242 28.009999999999998 
394 351 34.01 
394 427 34.01 
394 457 30.009999999999998 
394 487 29.009999999999998 
234 239 40.01 
234 298 32.01 
234 323 35.01 
234 355 25.009999999999998 
234 371 39.01 
234 470 36.01 
238 460 23.009999999999998 
238 470 35.01 
238 483 30.009999999999998 
238 487 25.009999999999998 
238 493 31.009999999999998 
238 498 24.009999999999998 
296 200 35.01 
296 309 36.01 
296 319 29.009999999999998 
296 455 36.01 
296 481 35.01 
296 496 33.01 
246 30 29.009999999999998 
246 395 37.01 
246 410 33.01 
246 447 26.009999999999998 
246 463 28.009999999999998 
246 466 22.009999999999998 
253 62 27.009999999999998 
253 71 30.009999999999998 
253 118 36.01 
253 241 26.009999999999998 
253 483 37.01 
253 495 37.01 
268 124 31.009999999999998 
268 329 25.009999999999998 
268 361 32.01 
268 407 32.01 
268 474 36.01 
268 487 30.009999999999998 
283 46 32.01 
283 236 29.009999999999998 
283 381 27.009999999999998 
283 437 40.01 
283 460 36.01 
283 490 25.009999999999998 
291 52 26.009999999999998 
291 241 27.009999999999998 
291 358 34.01 
291 468 28.009999999999998 
291 483 28.009999999999998 
291 499 28.009999999999998 
408 255 36.01 
408 283 34.01 
408 352 37.01 
408 357 38.01 
408 422 32.01 
408 495 27.009999999999998 
332 21 24.009999999999998 
332 177 38.01 
332 415 29.009999999999998 
332 458 34.01 
332 469 38.01 
332 499 31.009999999999998 
