0 154 337.01 
0 274 282.01 
0 334 302.01 
0 436 336.01 
0 464 307.01 
0 482 325.01 
0 499 298.01 
154 37 300.01 
154 237 301.01 
154 417 306.01 
154 434 346.01 
154 441 328.01 
154 449 339.01 
274 226 288.01 
274 437 294.01 
274 447 266.01 
274 450 333.01 
274 461 315.01 
274 471 320.01 
334 25 296.01 
334 202 285.01 
334 243 306.01 
334 349 289.01 
334 426 317.01 
334 482 278.01 
436 233 299.01 
436 258 307.01 
436 264 333.01 
436 407 296.01 
436 475 307.01 
436 484 301.01 
464 214 318.01 
464 280 325.01 
464 291 329.01 
464 446 306.01 
464 454 324.01 
464 478 314.01 
482 30 305.01 
482 400 302.01 
482 464 319.01 
482 473 301.01 
482 476 303.01 
482 486 291.01 
499 286 267.01 
499 291 324.01 
499 401 278.01 
499 487 297.01 
499 489 325.01 
499 498 287.01 
1 168 309.01 
1 294 305.01 
1 304 311.01 
1 403 302.01 
1 413 321.01 
1 494 302.01 
1 498 307.01 
168 13 282.01 
168 242 297.01 
168 361 331.01 
168 392 316.01 
168 411 328.01 
168 492 303.01 
294 97 333.01 
294 186 336.01 
294 260 283.01 
294 354 311.01 
294 374 317.01 
294 479 288.01 
304 234 333.01 
304 408 292.01 
304 412 333.01 
304 494 323.01 
304 497 322.01 
304 498 331.01 
403 129 316.01 
403 148 324.01 
403 238 314.01 
403 335 281.01 
403 408 317.01 
403 427 327.01 
413 143 287.01 
413 146 314.01 
413 191 286.01 
413 217 299.01 
413 439 299.01 
413 485 279.01 
494 214 296.01 
494 320 282.01 
494 335 298.01 
494 406 311.01 
494 408 292.01 
494 491 278.01 
498 414 319.01 
498 424 285.01 
498 430 309.01 
498 479 308.01 
498 485 290.01 
498 495 293.01 
2 26 296.01 
2 220 309.01 
2 273 285.01 
2 276 313.01 
2 354 301.01 
2 375 318.01 
2 432 315.01 
26 36 313.01 
26 182 294.01 
26 288 320.01 
26 387 284.01 
26 393 297.01 
26 397 289.01 
26 479 329.01 
220 112 293.01 
220 451 297.01 
220 465 291.01 
220 468 298.01 
220 477 318.01 
220 497 309.01 
273 326 332.01 
273 368 326.01 
273 411 317.01 
273 451 314.01 
273 469 291.01 
273 494 297.01 
276 33 337.01 
276 135 346.01 
276 296 324.01 
276 379 323.01 
276 484 319.01 
276 487 320.01 
354 209 299.01 
354 238 281.01 
354 416 291.01 
354 438 332.01 
354 459 271.01 
354 495 285.01 
375 161 281.01 
375 206 317.01 
375 346 283.01 
375 421 282.01 
375 474 322.01 
375 495 280.01 
432 188 299.01 
432 321 314.01 
432 459 293.01 
432 468 317.01 
432 472 301.01 
432 497 275.01 
3 88 326.01 
3 353 305.01 
3 380 304.01 
3 391 332.01 
3 461 347.01 
3 473 317.01 
3 478 308.01 
88 28 287.01 
88 71 313.01 
88 373 286.01 
88 450 298.01 
88 475 314.01 
88 484 293.01 
88 498 286.01 
353 55 286.01 
353 133 268.01 
353 199 309.01 
353 346 297.01 
353 467 314.01 
353 485 306.01 
380 200 295.01 
380 410 304.01 
380 413 286.01 
380 430 314.01 
380 485 295.01 
380 498 299.01 
391 7 300.01 
391 78 286.01 
391 342 308.01 
391 414 312.01 
391 430 330.01 
391 498 299.01 
461 72 274.01 
461 163 310.01 
461 191 281.01 
461 358 306.01 
461 482 291.01 
461 490 291.01 
473 56 312.01 
473 190 319.01 
473 212 322.01 
473 446 312.01 
473 478 310.01 
473 494 310.01 
478 9 300.01 
478 97 294.01 
478 334 291.01 
478 346 273.01 
478 358 315.01 
478 475 319.01 
4 127 283.01 
4 245 277.01 
4 259 305.01 
4 360 299.01 
4 445 313.01 
4 465 280.01 
4 481 283.01 
127 48 294.01 
127 109 301.01 
127 110 292.01 
127 412 308.01 
127 436 281.01 
127 490 315.01 
127 495 328.01 
245 94 292.01 
245 394 309.01 
245 436 312.01 
245 446 346.01 
245 485 289.01 
245 493 293.01 
259 106 309.01 
259 250 345.01 
259 342 291.01 
259 475 304.01 
259 480 315.01 
259 498 314.01 
360 155 326.01 
360 276 339.01 
360 379 319.01 
360 479 322.01 
360 493 307.01 
360 497 314.01 
445 298 315.01 
445 416 315.01 
445 439 288.01 
445 448 309.01 
445 459 289.01 
445 499 284.01 
465 19 311.01 
465 47 328.01 
465 67 322.01 
465 361 322.01 
465 426 326.01 
465 432 333.01 
481 185 336.01 
481 239 292.01 
481 482 306.01 
481 483 318.01 
481 486 302.01 
481 490 312.01 
5 295 308.01 
5 372 299.01 
5 429 294.01 
5 471 307.01 
5 490 324.01 
5 493 289.01 
5 498 298.01 
295 122 270.01 
295 360 297.01 
295 397 273.01 
295 460 278.01 
295 464 313.01 
295 488 292.01 
372 127 281.01 
372 192 321.01 
372 322 288.01 
372 405 317.01 
372 425 315.01 
372 453 298.01 
429 296 324.01 
429 433 315.01 
429 489 332.01 
429 492 298.01 
429 493 309.01 
429 499 339.01 
471 16 338.01 
471 85 318.01 
471 195 336.01 
471 201 297.01 
471 332 322.01 
471 351 300.01 
490 180 307.01 
490 205 340.01 
490 314 322.01 
490 380 321.01 
490 454 291.01 
490 480 355.01 
493 103 332.01 
493 236 332.01 
493 280 303.01 
493 284 320.01 
493 342 329.01 
493 485 291.01 
6 29 290.01 
6 128 328.01 
6 257 298.01 
6 269 307.01 
6 281 303.01 
6 403 326.01 
6 497 278.01 
29 113 337.01 
29 209 319.01 
29 364 317.01 
29 447 288.01 
29 464 294.01 
29 498 365.01 
29 499 324.01 
128 3 301.01 
128 213 336.01 
128 395 344.01 
128 402 338.01 
128 481 320.01 
128 487 370.01 
128 497 356.01 
257 119 276.01 
257 317 324.01 
257 344 318.01 
257 390 336.01 
257 456 301.01 
257 494 326.01 
269 70 300.01 
269 132 341.01 
269 323 300.01 
269 362 292.01 
269 494 288.01 
269 499 310.01 
281 139 310.01 
281 335 298.01 
281 377 336.01 
281 444 305.01 
281 473 297.01 
281 496 320.01 
497 8 322.01 
497 254 287.01 
497 296 303.01 
497 406 293.01 
497 474 311.01 
497 478 302.01 
7 8 313.01 
7 171 331.01 
7 298 294.01 
7 449 304.01 
7 480 310.01 
7 485 297.01 
7 492 341.01 
8 99 315.01 
8 181 318.01 
8 302 334.01 
8 382 317.01 
8 385 322.01 
8 456 318.01 
8 497 302.01 
171 75 352.01 
171 81 303.01 
171 203 341.01 
171 389 317.01 
171 416 307.01 
171 498 334.01 
298 230 293.01 
298 312 317.01 
298 336 310.01 
298 447 301.01 
298 461 323.01 
298 483 333.01 
449 12 299.01 
449 195 336.01 
449 371 319.01 
449 440 336.01 
449 487 356.01 
449 495 333.01 
480 5 322.01 
480 85 302.01 
480 256 335.01 
480 353 320.01 
480 493 313.01 
480 498 324.01 
485 308 298.01 
485 403 288.01 
485 406 306.01 
485 430 310.01 
485 461 294.01 
485 467 322.01 
492 41 281.01 
492 162 316.01 
492 270 310.01 
492 457 283.01 
492 490 301.01 
492 499 300.01 
99 5 330.01 
99 143 311.01 
99 189 342.01 
99 279 338.01 
99 344 331.01 
99 473 307.01 
99 498 325.01 
181 110 284.01 
181 391 315.01 
181 460 317.01 
181 464 348.01 
181 480 313.01 
181 498 311.01 
302 108 299.01 
302 156 327.01 
302 268 309.01 
302 350 334.01 
302 477 334.01 
302 493 318.01 
382 54 302.01 
382 184 311.01 
382 210 287.01 
382 258 330.01 
382 468 294.01 
382 479 293.01 
385 260 309.01 
385 320 315.01 
385 326 309.01 
385 332 306.01 
385 378 298.01 
385 390 342.01 
456 97 342.01 
456 137 347.01 
456 145 354.01 
456 374 310.01 
456 446 298.01 
456 483 315.01 
9 121 309.01 
9 442 261.01 
9 459 283.01 
9 460 286.01 
9 466 288.01 
9 475 289.01 
9 478 304.01 
121 15 312.01 
121 51 326.01 
121 206 269.01 
121 259 343.01 
121 471 303.01 
121 484 349.01 
121 488 312.01 
442 39 363.01 
442 271 294.01 
442 386 292.01 
442 431 300.01 
442 486 300.01 
442 496 297.01 
459 49 322.01 
459 178 289.01 
459 320 316.01 
459 413 297.01 
459 426 337.01 
459 431 292.01 
460 272 339.01 
460 412 329.01 
460 476 317.01 
460 488 301.01 
460 490 338.01 
460 498 338.01 
466 51 329.01 
466 137 314.01 
466 207 315.01 
466 401 336.01 
466 468 274.01 
466 496 310.01 
475 231 301.01 
475 327 328.01 
475 419 328.01 
475 439 306.01 
475 463 305.01 
475 473 289.01 
10 217 337.01 
10 248 342.01 
10 344 325.01 
10 404 308.01 
10 416 316.01 
10 481 314.01 
10 497 314.01 
217 248 329.01 
217 348 298.01 
217 460 285.01 
217 474 311.01 
217 495 303.01 
217 498 309.01 
248 17 339.01 
248 105 321.01 
248 225 317.01 
248 360 315.01 
248 411 326.01 
248 450 320.01 
344 332 328.01 
344 361 343.01 
344 449 344.01 
344 486 327.01 
344 489 305.01 
344 496 323.01 
404 83 288.01 
404 152 294.01 
404 191 290.01 
404 329 307.01 
404 362 302.01 
404 448 297.01 
416 1 324.01 
416 38 323.01 
416 54 308.01 
416 60 303.01 
416 443 293.01 
416 476 308.01 
11 43 272.01 
11 107 296.01 
11 119 285.01 
11 166 308.01 
11 247 284.01 
11 343 292.01 
11 487 327.01 
43 28 346.01 
43 63 291.01 
43 164 307.01 
43 244 298.01 
43 266 310.01 
43 289 313.01 
43 494 261.01 
107 101 313.01 
107 201 333.01 
107 323 302.01 
107 354 328.01 
107 443 285.01 
107 467 332.01 
107 474 269.01 
119 10 333.01 
119 198 313.01 
119 256 335.01 
119 361 347.01 
119 412 327.01 
119 437 319.01 
119 447 301.01 
166 428 299.01 
166 438 344.01 
166 461 334.01 
166 471 346.01 
166 479 321.01 
166 485 310.01 
247 104 318.01 
247 105 317.01 
247 449 274.01 
247 452 283.01 
247 456 297.01 
247 497 311.01 
343 13 304.01 
343 228 319.01 
343 344 305.01 
343 439 310.01 
343 472 338.01 
343 489 310.01 
487 81 316.01 
487 195 328.01 
487 254 284.01 
487 425 308.01 
487 485 301.01 
487 496 298.01 
12 186 315.01 
12 293 303.01 
12 373 321.01 
12 415 314.01 
12 418 293.01 
12 488 329.01 
12 499 323.01 
186 96 323.01 
186 297 349.01 
186 306 307.01 
186 379 324.01 
186 391 354.01 
186 456 339.01 
293 207 304.01 
293 221 307.01 
293 228 305.01 
293 264 305.01 
293 331 291.01 
293 478 277.01 
373 83 327.01 
373 125 354.01 
373 147 300.01 
373 408 290.01 
373 418 319.01 
373 467 318.01 
415 123 346.01 
415 175 318.01 
415 265 315.01 
415 452 347.01 
415 477 284.01 
415 498 328.01 
418 178 328.01 
418 216 281.01 
418 343 289.01 
418 345 334.01 
418 366 321.01 
418 410 325.01 
488 275 319.01 
488 328 315.01 
488 424 281.01 
488 465 297.01 
488 469 303.01 
488 495 322.01 
13 2 383.01 
13 174 369.01 
13 215 324.01 
13 384 290.01 
13 422 269.01 
13 473 325.01 
13 477 318.01 
174 2 367.01 
174 108 302.01 
174 145 300.01 
174 338 278.01 
174 495 291.01 
174 499 332.01 
215 136 270.01 
215 438 280.01 
215 452 319.01 
215 472 280.01 
215 485 265.01 
215 491 293.01 
384 238 311.01 
384 308 308.01 
384 357 314.01 
384 394 332.01 
384 402 305.01 
384 497 278.01 
422 24 315.01 
422 65 332.01 
422 209 332.01 
422 369 328.01 
422 465 326.01 
422 499 310.01 
477 159 307.01 
477 236 319.01 
477 277 330.01 
477 436 348.01 
477 455 350.01 
477 494 330.01 
14 131 322.01 
14 209 341.01 
14 301 325.01 
14 330 293.01 
14 406 311.01 
14 479 321.01 
14 480 315.01 
131 80 321.01 
131 204 347.01 
131 418 326.01 
131 428 318.01 
131 487 312.01 
131 496 310.01 
209 68 323.01 
209 331 315.01 
209 379 329.01 
209 393 297.01 
209 399 328.01 
209 475 297.01 
301 12 312.01 
301 106 311.01 
301 230 295.01 
301 294 335.01 
301 476 319.01 
301 489 334.01 
330 227 299.01 
330 317 329.01 
330 373 310.01 
330 418 308.01 
330 496 312.01 
330 498 292.01 
406 383 297.01 
406 411 280.01 
406 418 289.01 
406 428 297.01 
406 453 309.01 
406 492 297.01 
479 93 289.01 
479 282 313.01 
479 352 318.01 
479 477 315.01 
479 487 320.01 
479 489 290.01 
15 124 324.01 
15 142 340.01 
15 189 317.01 
15 210 309.01 
15 366 312.01 
15 465 330.01 
15 499 304.01 
124 285 321.01 
124 371 318.01 
124 409 315.01 
124 439 312.01 
124 487 348.01 
124 496 298.01 
124 499 337.01 
142 64 291.01 
142 113 305.01 
142 412 301.01 
142 425 310.01 
142 451 291.01 
142 498 312.01 
189 63 268.01 
189 185 338.01 
189 429 283.01 
189 462 274.01 
189 478 307.01 
189 481 298.01 
210 356 288.01 
210 382 320.01 
210 420 308.01 
210 435 296.01 
210 452 329.01 
210 497 339.01 
366 177 325.01 
366 207 337.01 
366 370 311.01 
366 482 336.01 
366 487 331.01 
366 498 320.01 
16 72 308.01 
16 407 333.01 
16 410 268.01 
16 442 314.01 
16 455 292.01 
16 491 304.01 
16 495 307.01 
72 164 315.01 
72 400 302.01 
72 421 325.01 
72 439 313.01 
72 461 321.01 
72 477 308.01 
72 489 318.01 
407 22 332.01 
407 294 329.01 
407 303 322.01 
407 444 286.01 
407 472 284.01 
407 494 294.01 
410 313 334.01 
410 390 352.01 
410 405 332.01 
410 435 294.01 
410 450 346.01 
410 479 327.01 
455 23 286.01 
455 53 276.01 
455 121 302.01 
455 407 323.01 
455 488 294.01 
455 491 285.01 
491 367 334.01 
491 375 315.01 
491 423 314.01 
491 468 316.01 
491 469 302.01 
491 476 316.01 
495 4 319.01 
495 175 340.01 
495 387 293.01 
495 452 315.01 
495 491 288.01 
495 498 319.01 
17 42 318.01 
17 165 302.01 
17 239 322.01 
17 357 307.01 
17 407 301.01 
17 439 312.01 
17 462 334.01 
42 101 314.01 
42 152 304.01 
42 373 283.01 
42 414 297.01 
42 465 316.01 
42 473 291.01 
42 486 324.01 
165 3 306.01 
165 23 288.01 
165 73 322.01 
165 378 314.01 
165 421 333.01 
165 438 298.01 
239 159 299.01 
239 398 334.01 
239 450 336.01 
239 451 332.01 
239 491 311.01 
239 496 326.01 
357 311 302.01 
357 400 284.01 
357 483 290.01 
357 487 304.01 
357 494 260.01 
357 497 280.01 
439 61 297.01 
439 289 287.01 
439 391 324.01 
439 464 353.01 
439 490 318.01 
439 493 319.01 
462 77 304.01 
462 102 317.01 
462 343 324.01 
462 410 328.01 
462 454 320.01 
462 486 298.01 
18 53 280.01 
18 183 326.01 
18 257 301.01 
18 285 313.01 
18 453 295.01 
18 473 286.01 
18 499 304.01 
53 247 317.01 
53 261 311.01 
53 392 311.01 
53 451 313.01 
53 473 292.01 
53 485 299.01 
53 496 323.01 
183 22 340.01 
183 117 357.01 
183 328 309.01 
183 407 331.01 
183 468 320.01 
183 497 332.01 
285 62 304.01 
285 420 295.01 
285 423 332.01 
285 471 319.01 
285 492 304.01 
285 497 308.01 
453 29 271.01 
453 40 367.01 
453 396 304.01 
453 431 275.01 
453 493 293.01 
453 494 278.01 
19 315 314.01 
19 388 297.01 
19 401 320.01 
19 448 312.01 
19 449 326.01 
19 488 299.01 
19 492 339.01 
315 381 333.01 
315 392 323.01 
315 398 312.01 
315 445 299.01 
315 484 326.01 
315 497 316.01 
388 77 320.01 
388 82 321.01 
388 294 326.01 
388 305 354.01 
388 446 342.01 
388 494 326.01 
401 239 303.01 
401 340 300.01 
401 381 297.01 
401 455 303.01 
401 496 318.01 
401 499 302.01 
448 21 330.01 
448 57 301.01 
448 129 315.01 
448 289 285.01 
448 319 314.01 
448 405 311.01 
20 160 278.01 
20 276 335.01 
20 295 324.01 
20 342 317.01 
20 369 302.01 
20 471 307.01 
20 496 298.01 
160 64 285.01 
160 89 282.01 
160 220 286.01 
160 284 325.01 
160 494 300.01 
160 499 300.01 
342 275 364.01 
342 430 325.01 
342 432 309.01 
342 461 338.01 
342 463 281.01 
342 484 309.01 
369 101 337.01 
369 171 342.01 
369 345 324.01 
369 401 330.01 
369 484 306.01 
369 495 332.01 
496 223 324.01 
496 286 271.01 
496 450 320.01 
496 466 300.01 
496 487 326.01 
496 491 295.01 
21 0 310.01 
21 287 354.01 
21 484 309.01 
21 490 326.01 
21 495 293.01 
21 496 312.01 
21 498 357.01 
287 9 305.01 
287 35 345.01 
287 158 354.01 
287 206 336.01 
287 381 301.01 
287 496 309.01 
484 270 314.01 
484 292 306.01 
484 304 292.01 
484 403 318.01 
484 425 294.01 
484 490 307.01 
22 282 301.01 
22 359 362.01 
22 377 343.01 
22 390 353.01 
22 478 304.01 
22 494 298.01 
22 496 327.01 
282 43 332.01 
282 223 317.01 
282 396 360.01 
282 420 292.01 
282 440 291.01 
282 496 344.01 
359 199 296.01 
359 224 308.01 
359 389 332.01 
359 439 313.01 
359 489 316.01 
359 499 309.01 
377 122 299.01 
377 197 311.01 
377 204 318.01 
377 384 295.01 
377 435 321.01 
377 451 315.01 
390 266 284.01 
390 311 282.01 
390 414 291.01 
390 444 333.01 
390 453 308.01 
390 482 316.01 
23 85 314.01 
23 128 353.01 
23 365 330.01 
23 434 316.01 
23 475 331.01 
23 495 321.01 
23 499 335.01 
85 8 313.01 
85 57 287.01 
85 157 321.01 
85 349 264.01 
85 465 304.01 
85 478 309.01 
85 490 302.01 
365 20 299.01 
365 81 323.01 
365 165 324.01 
365 399 339.01 
365 414 320.01 
365 496 313.01 
434 259 342.01 
434 332 306.01 
434 347 291.01 
434 388 290.01 
434 391 299.01 
434 498 290.01 
24 133 286.01 
24 233 316.01 
24 320 283.01 
24 342 308.01 
24 359 304.01 
24 362 302.01 
24 465 285.01 
133 222 281.01 
133 244 312.01 
133 280 305.01 
133 289 302.01 
133 378 301.01 
133 470 337.01 
233 196 312.01 
233 327 327.01 
233 330 314.01 
233 354 347.01 
233 414 321.01 
233 475 342.01 
320 86 324.01 
320 124 295.01 
320 293 299.01 
320 372 286.01 
320 462 305.01 
320 494 291.01 
362 56 318.01 
362 150 299.01 
362 234 321.01 
362 339 317.01 
362 448 290.01 
362 498 312.01 
25 59 315.01 
25 186 313.01 
25 273 296.01 
25 403 315.01 
25 452 316.01 
25 483 332.01 
25 486 312.01 
59 266 296.01 
59 300 307.01 
59 323 302.01 
59 367 339.01 
59 455 316.01 
59 472 327.01 
59 495 295.01 
452 123 375.01 
452 389 284.01 
452 399 296.01 
452 429 327.01 
452 446 291.01 
452 493 327.01 
483 112 318.01 
483 261 364.01 
483 455 352.01 
483 474 321.01 
483 480 296.01 
483 485 341.01 
486 257 314.01 
486 277 304.01 
486 283 332.01 
486 422 301.01 
486 482 291.01 
486 491 307.01 
36 154 330.01 
36 398 306.01 
36 427 330.01 
36 445 328.01 
36 458 333.01 
36 475 320.01 
36 483 337.01 
182 40 372.01 
182 242 322.01 
182 269 281.01 
182 386 293.01 
182 453 339.01 
182 473 329.01 
288 218 299.01 
288 339 306.01 
288 384 314.01 
288 454 295.01 
288 495 300.01 
288 497 268.01 
387 76 320.01 
387 127 277.01 
387 324 328.01 
387 430 301.01 
387 458 317.01 
387 476 287.01 
393 116 301.01 
393 252 330.01 
393 415 329.01 
393 430 332.01 
393 474 352.01 
393 498 332.01 
397 132 329.01 
397 297 297.01 
397 448 301.01 
397 467 311.01 
397 479 318.01 
397 495 310.01 
27 19 294.01 
27 299 302.01 
27 326 279.01 
27 352 330.01 
27 381 305.01 
27 458 279.01 
27 462 283.01 
299 129 288.01 
299 234 292.01 
299 253 306.01 
299 438 276.01 
299 483 318.01 
299 495 326.01 
326 161 293.01 
326 210 278.01 
326 256 348.01 
326 467 299.01 
326 481 333.01 
326 497 316.01 
352 300 301.01 
352 325 279.01 
352 374 306.01 
352 405 320.01 
352 445 309.01 
352 489 296.01 
381 277 288.01 
381 302 281.01 
381 383 311.01 
381 408 279.01 
381 478 284.01 
381 491 315.01 
458 84 315.01 
458 211 276.01 
458 337 286.01 
458 479 303.01 
458 482 306.01 
458 486 320.01 
28 212 340.01 
28 231 307.01 
28 318 334.01 
28 369 325.01 
28 415 318.01 
28 471 324.01 
28 497 326.01 
212 201 320.01 
212 205 293.01 
212 248 324.01 
212 323 311.01 
212 417 306.01 
212 444 318.01 
231 87 305.01 
231 247 297.01 
231 318 351.01 
231 429 282.01 
231 466 312.01 
231 497 286.01 
318 7 293.01 
318 192 328.01 
318 411 307.01 
318 444 345.01 
318 457 310.01 
318 496 286.01 
113 187 321.01 
113 200 308.01 
113 446 320.01 
113 461 338.01 
113 462 329.01 
113 470 315.01 
113 497 293.01 
364 201 305.01 
364 312 312.01 
364 408 300.01 
364 444 332.01 
364 497 302.01 
364 499 328.01 
447 164 295.01 
447 365 323.01 
447 435 320.01 
447 462 288.01 
447 474 269.01 
447 486 301.01 
30 14 303.01 
30 333 280.01 
30 335 278.01 
30 351 309.01 
30 431 317.01 
30 460 324.01 
30 464 337.01 
333 283 302.01 
333 367 304.01 
333 376 284.01 
333 387 293.01 
333 447 303.01 
333 448 317.01 
335 95 294.01 
335 319 312.01 
335 407 315.01 
335 449 325.01 
335 488 315.01 
335 494 315.01 
351 13 316.01 
351 157 312.01 
351 267 305.01 
351 299 294.01 
351 341 304.01 
351 385 323.01 
431 140 293.01 
431 268 289.01 
431 303 307.01 
431 394 317.01 
431 456 287.01 
431 498 314.01 
31 130 303.01 
31 168 308.01 
31 180 328.01 
31 251 316.01 
31 402 315.01 
31 461 268.01 
31 494 312.01 
130 288 308.01 
130 404 320.01 
130 431 305.01 
130 461 306.01 
130 481 304.01 
130 497 269.01 
180 428 288.01 
180 434 314.01 
180 481 294.01 
180 483 340.01 
180 485 306.01 
180 493 333.01 
251 279 336.01 
251 300 294.01 
251 316 319.01 
251 460 321.01 
251 464 286.01 
251 480 309.01 
402 31 305.01 
402 119 274.01 
402 445 311.01 
402 448 321.01 
402 488 304.01 
402 498 287.01 
32 215 286.01 
32 228 303.01 
32 240 321.01 
32 319 296.01 
32 463 308.01 
32 464 291.01 
32 495 317.01 
228 79 331.01 
228 339 311.01 
228 401 324.01 
228 447 322.01 
228 457 345.01 
228 494 337.01 
240 260 295.01 
240 287 320.01 
240 348 310.01 
240 403 311.01 
240 434 303.01 
240 495 305.01 
319 52 299.01 
319 408 307.01 
319 440 308.01 
319 441 329.01 
319 474 311.01 
319 488 346.01 
463 80 302.01 
463 134 285.01 
463 141 283.01 
463 208 325.01 
463 424 297.01 
463 494 273.01 
33 196 315.01 
33 345 360.01 
33 391 301.01 
33 476 307.01 
33 484 302.01 
33 491 325.01 
33 495 323.01 
196 15 299.01 
196 324 303.01 
196 356 293.01 
196 424 294.01 
196 486 326.01 
196 492 273.01 
345 68 308.01 
345 309 359.01 
345 318 318.01 
345 457 308.01 
345 461 290.01 
345 499 301.01 
476 271 293.01 
476 295 322.01 
476 378 334.01 
476 392 313.01 
476 396 328.01 
476 483 311.01 
34 66 309.01 
34 114 327.01 
34 300 298.01 
34 396 304.01 
34 439 300.01 
34 443 319.01 
34 490 298.01 
66 187 300.01 
66 368 313.01 
66 443 337.01 
66 471 327.01 
66 483 291.01 
66 486 287.01 
66 498 282.01 
114 416 299.01 
114 428 306.01 
114 460 323.01 
114 473 308.01 
114 492 306.01 
114 495 295.01 
114 498 300.01 
300 33 300.01 
300 41 286.01 
300 375 318.01 
300 402 330.01 
300 482 328.01 
300 493 333.01 
396 18 308.01 
396 43 324.01 
396 407 293.01 
396 482 281.01 
396 483 296.01 
396 498 266.01 
443 108 331.01 
443 455 337.01 
443 456 336.01 
443 459 324.01 
443 471 306.01 
443 494 319.01 
35 21 350.01 
35 237 294.01 
35 278 311.01 
35 338 288.01 
35 351 297.01 
35 362 301.01 
35 364 323.01 
237 166 299.01 
237 240 325.01 
237 436 310.01 
237 496 295.01 
237 497 326.01 
237 498 321.01 
278 98 353.01 
278 162 314.01 
278 336 326.01 
278 369 316.01 
278 425 325.01 
278 498 307.01 
338 310 305.01 
338 380 322.01 
338 392 311.01 
338 424 294.01 
338 458 309.01 
338 485 277.01 
398 118 290.01 
398 379 336.01 
398 402 376.01 
398 469 333.01 
398 483 341.01 
398 499 313.01 
427 82 349.01 
427 144 304.01 
427 216 304.01 
427 256 336.01 
427 481 347.01 
427 497 317.01 
37 88 316.01 
37 118 306.01 
37 302 295.01 
37 397 304.01 
37 441 289.01 
37 482 305.01 
37 484 318.01 
118 32 313.01 
118 90 329.01 
118 190 293.01 
118 300 309.01 
118 306 299.01 
118 360 314.01 
118 454 316.01 
441 67 351.01 
441 246 313.01 
441 348 333.01 
441 425 314.01 
441 446 317.01 
441 482 295.01 
38 214 341.01 
38 304 297.01 
38 347 285.01 
38 412 322.01 
38 467 338.01 
38 493 340.01 
38 498 326.01 
214 10 312.01 
214 232 308.01 
214 263 300.01 
214 409 320.01 
214 456 318.01 
214 489 338.01 
347 93 286.01 
347 136 302.01 
347 292 297.01 
347 397 291.01 
347 476 273.01 
347 498 281.01 
412 37 302.01 
412 350 313.01 
412 441 273.01 
412 442 304.01 
412 480 300.01 
412 490 323.01 
467 78 287.01 
467 326 309.01 
467 436 304.01 
467 442 298.01 
467 490 285.01 
467 491 278.01 
39 29 291.01 
39 83 323.01 
39 125 369.01 
39 384 286.01 
39 398 302.01 
39 400 299.01 
39 464 328.01 
83 75 292.01 
83 169 322.01 
83 243 291.01 
83 380 293.01 
83 423 304.01 
83 475 307.01 
83 497 317.01 
125 35 313.01 
125 258 265.01 
125 309 331.01 
125 392 325.01 
125 405 316.01 
125 478 296.01 
125 496 323.01 
400 217 303.01 
400 327 311.01 
400 409 293.01 
400 444 312.01 
400 452 302.01 
400 491 281.01 
40 86 307.01 
40 103 312.01 
40 226 320.01 
40 349 288.01 
40 386 283.01 
40 440 290.01 
40 471 300.01 
86 11 329.01 
86 430 306.01 
86 453 320.01 
86 470 324.01 
86 478 303.01 
86 494 303.01 
86 497 319.01 
103 217 318.01 
103 383 280.01 
103 389 286.01 
103 485 294.01 
103 490 310.01 
103 497 301.01 
103 498 291.01 
226 98 320.01 
226 333 297.01 
226 340 285.01 
226 370 287.01 
226 420 322.01 
226 476 294.01 
349 53 264.01 
349 176 322.01 
349 288 317.01 
349 465 304.01 
349 466 324.01 
349 496 285.01 
386 274 295.01 
386 406 307.01 
386 426 319.01 
386 473 345.01 
386 477 309.01 
386 484 319.01 
440 54 330.01 
440 73 311.01 
440 305 318.01 
440 375 322.01 
440 465 352.01 
440 486 294.01 
41 190 338.01 
41 285 330.01 
41 334 275.01 
41 376 294.01 
41 456 306.01 
41 487 296.01 
41 497 277.01 
190 28 333.01 
190 58 326.01 
190 266 362.01 
190 301 333.01 
190 415 338.01 
190 473 296.01 
376 229 331.01 
376 246 345.01 
376 291 331.01 
376 350 314.01 
376 395 303.01 
376 444 310.01 
101 173 299.01 
101 227 286.01 
101 339 301.01 
101 426 301.01 
101 458 304.01 
101 466 311.01 
101 482 318.01 
152 333 292.01 
152 429 333.01 
152 438 312.01 
152 468 287.01 
152 498 270.01 
152 499 295.01 
414 179 328.01 
414 212 304.01 
414 428 306.01 
414 487 309.01 
414 490 297.01 
414 493 331.01 
63 68 311.01 
63 212 300.01 
63 274 291.01 
63 376 314.01 
63 423 288.01 
63 480 318.01 
63 494 300.01 
164 179 314.01 
164 259 312.01 
164 351 269.01 
164 472 295.01 
164 479 331.01 
164 499 296.01 
244 11 317.01 
244 111 328.01 
244 307 306.01 
244 363 327.01 
244 379 324.01 
244 497 315.01 
266 32 259.01 
266 50 303.01 
266 232 307.01 
266 388 288.01 
266 472 301.01 
266 492 290.01 
289 221 309.01 
289 238 286.01 
289 404 300.01 
289 438 281.01 
289 466 309.01 
289 475 274.01 
44 3 306.01 
44 421 286.01 
44 450 315.01 
44 462 307.01 
44 467 305.01 
44 485 297.01 
44 498 324.01 
421 208 321.01 
421 372 250.01 
421 406 325.01 
421 408 284.01 
421 495 314.01 
421 498 302.01 
450 131 333.01 
450 182 302.01 
450 359 296.01 
450 364 333.01 
450 458 321.01 
450 466 342.01 
45 25 288.01 
45 181 302.01 
45 222 278.01 
45 372 293.01 
45 463 318.01 
45 475 342.01 
45 496 304.01 
222 138 292.01 
222 213 295.01 
222 216 304.01 
222 311 312.01 
222 485 321.01 
222 491 310.01 
46 354 336.01 
46 377 347.01 
46 383 325.01 
46 453 354.01 
46 456 351.01 
46 491 321.01 
46 496 330.01 
383 9 337.01 
383 301 333.01 
383 350 351.01 
383 440 326.01 
383 456 322.01 
383 478 346.01 
47 417 304.01 
47 418 305.01 
47 453 308.01 
47 458 313.01 
47 465 319.01 
47 470 326.01 
47 491 317.01 
417 95 311.01 
417 202 274.01 
417 291 331.01 
417 450 311.01 
417 489 309.01 
417 499 334.01 
470 117 348.01 
470 189 333.01 
470 312 324.01 
470 457 321.01 
470 468 321.01 
470 479 340.01 
48 26 303.01 
48 265 317.01 
48 303 289.01 
48 305 328.01 
48 308 311.01 
48 344 314.01 
48 433 347.01 
265 269 286.01 
265 295 305.01 
265 429 289.01 
265 431 266.01 
265 472 281.01 
265 496 298.01 
303 359 312.01 
303 390 305.01 
303 416 314.01 
303 432 301.01 
303 483 285.01 
303 491 310.01 
305 144 290.01 
305 155 325.01 
305 335 291.01 
305 413 282.01 
305 478 261.01 
305 497 294.01 
308 100 324.01 
308 368 298.01 
308 480 289.01 
308 489 309.01 
308 493 311.01 
308 494 311.01 
433 27 313.01 
433 219 318.01 
433 234 302.01 
433 388 301.01 
433 423 309.01 
433 462 323.01 
49 139 327.01 
49 280 321.01 
49 325 291.01 
49 353 326.01 
49 385 307.01 
49 451 313.01 
49 464 326.01 
139 4 312.01 
139 32 300.01 
139 272 304.01 
139 349 260.01 
139 393 303.01 
139 490 302.01 
280 94 308.01 
280 262 282.01 
280 412 311.01 
280 447 317.01 
280 470 331.01 
280 472 323.01 
325 26 323.01 
325 187 323.01 
325 461 337.01 
325 472 308.01 
325 479 316.01 
325 495 288.01 
451 219 317.01 
451 290 327.01 
451 368 334.01 
451 441 290.01 
451 490 304.01 
451 494 312.01 
50 71 317.01 
50 278 314.01 
50 306 299.01 
50 391 294.01 
50 482 317.01 
50 486 296.01 
50 499 307.01 
71 93 292.01 
71 115 284.01 
71 116 270.01 
71 243 306.01 
71 317 316.01 
71 338 288.01 
71 497 325.01 
306 249 292.01 
306 251 332.01 
306 283 327.01 
306 284 315.01 
306 435 337.01 
306 494 282.01 
51 162 317.01 
51 366 277.01 
51 466 327.01 
51 484 310.01 
51 488 304.01 
51 492 339.01 
51 499 301.01 
162 144 302.01 
162 193 326.01 
162 431 286.01 
162 493 305.01 
162 498 318.01 
162 499 326.01 
52 152 331.01 
52 193 337.01 
52 249 311.01 
52 413 307.01 
52 425 327.01 
52 488 320.01 
52 499 296.01 
193 170 317.01 
193 262 308.01 
193 366 312.01 
193 424 301.01 
193 459 333.01 
193 497 314.01 
249 76 308.01 
249 376 310.01 
249 429 291.01 
249 483 298.01 
249 492 293.01 
249 497 299.01 
425 75 326.01 
425 278 304.01 
425 359 332.01 
425 405 329.01 
425 443 309.01 
425 445 322.01 
261 334 327.01 
261 436 338.01 
261 450 316.01 
261 482 327.01 
261 494 298.01 
261 497 355.01 
392 299 273.01 
392 306 285.01 
392 400 280.01 
392 481 289.01 
392 487 305.01 
392 498 300.01 
54 56 319.01 
54 167 324.01 
54 328 280.01 
54 343 289.01 
54 364 322.01 
54 430 320.01 
54 455 308.01 
56 6 311.01 
56 31 293.01 
56 265 340.01 
56 341 276.01 
56 389 299.01 
56 456 322.01 
56 486 274.01 
167 12 325.01 
167 311 285.01 
167 377 306.01 
167 437 301.01 
167 492 314.01 
167 499 288.01 
328 51 300.01 
328 62 316.01 
328 354 316.01 
328 427 313.01 
328 476 312.01 
328 497 334.01 
430 14 333.01 
430 227 303.01 
430 460 306.01 
430 480 314.01 
430 493 309.01 
430 495 320.01 
55 138 304.01 
55 245 320.01 
55 369 335.01 
55 433 304.01 
55 434 334.01 
55 482 330.01 
55 499 291.01 
138 315 307.01 
138 322 299.01 
138 367 325.01 
138 402 321.01 
138 492 293.01 
138 499 303.01 
341 147 304.01 
341 374 317.01 
341 382 321.01 
341 433 270.01 
341 465 310.01 
341 472 318.01 
389 372 294.01 
389 469 301.01 
389 479 294.01 
389 490 297.01 
389 497 309.01 
389 498 322.01 
57 30 285.01 
57 140 295.01 
57 198 282.01 
57 286 283.01 
57 350 309.01 
57 375 325.01 
57 476 301.01 
140 115 302.01 
140 120 333.01 
140 386 289.01 
140 419 286.01 
140 433 338.01 
140 499 313.01 
198 299 317.01 
198 321 310.01 
198 361 365.01 
198 375 365.01 
198 454 329.01 
198 488 319.01 
286 89 285.01 
286 205 317.01 
286 381 323.01 
286 446 288.01 
286 489 285.01 
286 495 302.01 
350 116 276.01 
350 141 315.01 
350 337 290.01 
350 493 299.01 
350 495 280.01 
350 498 324.01 
58 146 298.01 
58 245 315.01 
58 404 316.01 
58 426 323.01 
58 435 313.01 
58 463 305.01 
58 499 318.01 
146 23 274.01 
146 241 310.01 
146 347 302.01 
146 370 286.01 
146 442 301.01 
146 482 330.01 
426 248 347.01 
426 331 308.01 
426 437 320.01 
426 452 289.01 
426 457 317.01 
426 479 319.01 
435 27 304.01 
435 255 329.01 
435 291 319.01 
435 378 295.01 
435 458 344.01 
435 477 314.01 
323 58 277.01 
323 198 287.01 
323 200 292.01 
323 331 289.01 
323 396 316.01 
323 457 306.01 
367 18 302.01 
367 274 292.01 
367 355 292.01 
367 440 306.01 
367 472 300.01 
367 475 289.01 
472 146 305.01 
472 327 312.01 
472 341 313.01 
472 367 355.01 
472 432 330.01 
472 480 347.01 
60 123 329.01 
60 292 322.01 
60 402 351.01 
60 435 324.01 
60 457 332.01 
60 470 352.01 
60 489 346.01 
123 19 292.01 
123 178 300.01 
123 230 311.01 
123 286 295.01 
123 419 299.01 
123 484 305.01 
123 493 304.01 
292 224 296.01 
292 341 312.01 
292 420 268.01 
292 463 306.01 
292 483 310.01 
292 491 311.01 
457 194 288.01 
457 321 275.01 
457 378 319.01 
457 418 319.01 
457 466 319.01 
457 499 348.01 
489 110 308.01 
489 292 318.01 
489 294 319.01 
489 476 310.01 
489 477 270.01 
489 497 298.01 
61 140 307.01 
61 167 310.01 
61 340 310.01 
61 342 317.01 
61 443 307.01 
61 482 299.01 
61 495 315.01 
340 24 341.01 
340 197 327.01 
340 226 298.01 
340 338 287.01 
340 487 291.01 
340 497 318.01 
62 10 315.01 
62 33 316.01 
62 305 306.01 
62 328 313.01 
62 384 313.01 
62 444 297.01 
62 481 311.01 
444 192 367.01 
444 352 304.01 
444 385 321.01 
444 453 322.01 
444 466 312.01 
444 484 299.01 
68 6 311.01 
68 235 315.01 
68 324 296.01 
68 337 296.01 
68 405 341.01 
68 452 298.01 
68 490 301.01 
423 69 319.01 
423 153 326.01 
423 348 284.01 
423 432 329.01 
423 454 299.01 
423 458 330.01 
64 182 304.01 
64 219 329.01 
64 315 312.01 
64 324 313.01 
64 357 325.01 
64 497 332.01 
64 498 321.01 
219 47 308.01 
219 350 313.01 
219 352 341.01 
219 448 310.01 
219 463 305.01 
219 489 314.01 
324 449 344.01 
324 462 321.01 
324 483 322.01 
324 488 332.01 
324 496 321.01 
324 499 323.01 
65 20 281.01 
65 168 302.01 
65 263 324.01 
65 442 323.01 
65 443 335.01 
65 492 349.01 
65 497 309.01 
263 50 304.01 
263 267 343.01 
263 448 337.01 
263 451 319.01 
263 460 286.01 
263 497 309.01 
187 92 290.01 
187 390 318.01 
187 417 308.01 
187 435 310.01 
187 450 326.01 
187 459 306.01 
368 24 312.01 
368 142 320.01 
368 386 292.01 
368 439 317.01 
368 471 305.01 
368 498 291.01 
67 55 311.01 
67 104 319.01 
67 185 309.01 
67 262 297.01 
67 400 304.01 
67 437 333.01 
67 499 350.01 
104 6 308.01 
104 180 320.01 
104 388 314.01 
104 476 317.01 
104 477 320.01 
104 486 314.01 
104 494 300.01 
185 314 326.01 
185 347 286.01 
185 419 300.01 
185 436 312.01 
185 474 314.01 
185 495 327.01 
262 45 305.01 
262 96 332.01 
262 142 328.01 
262 279 340.01 
262 399 334.01 
262 459 312.01 
437 203 303.01 
437 247 288.01 
437 423 312.01 
437 488 316.01 
437 493 297.01 
437 496 294.01 
235 39 336.01 
235 233 305.01 
235 250 349.01 
235 442 343.01 
235 454 301.01 
235 491 311.01 
337 79 308.01 
337 111 321.01 
337 188 269.01 
337 243 299.01 
337 433 298.01 
337 437 313.01 
405 103 310.01 
405 172 321.01 
405 242 324.01 
405 313 293.01 
405 486 310.01 
405 499 307.01 
69 18 285.01 
69 310 286.01 
69 356 308.01 
69 417 291.01 
69 465 315.01 
69 486 336.01 
69 492 257.01 
310 4 327.01 
310 60 301.01 
310 143 302.01 
310 232 302.01 
310 442 304.01 
310 496 307.01 
356 48 333.01 
356 155 306.01 
356 165 293.01 
356 268 311.01 
356 481 317.01 
356 483 330.01 
70 345 331.01 
70 401 348.01 
70 428 311.01 
70 432 313.01 
70 474 337.01 
70 488 329.01 
70 498 297.01 
428 170 309.01 
428 171 343.01 
428 336 317.01 
428 372 284.01 
428 434 326.01 
428 495 318.01 
474 34 311.01 
474 45 328.01 
474 173 277.01 
474 211 285.01 
474 261 304.01 
474 499 248.01 
93 130 309.01 
93 284 312.01 
93 336 338.01 
93 417 323.01 
93 470 319.01 
93 488 324.01 
93 497 300.01 
115 102 341.01 
115 213 343.01 
115 252 322.01 
115 427 339.01 
115 492 282.01 
115 493 342.01 
115 497 285.01 
116 348 330.01 
116 362 280.01 
116 412 316.01 
116 416 321.01 
116 489 292.01 
116 492 333.01 
116 498 335.01 
243 221 271.01 
243 285 316.01 
243 365 314.01 
243 366 294.01 
243 471 285.01 
243 497 350.01 
317 113 312.01 
317 154 315.01 
317 307 325.01 
317 388 311.01 
317 409 336.01 
317 459 308.01 
73 107 324.01 
73 135 335.01 
73 196 315.01 
73 223 317.01 
73 404 295.01 
73 434 281.01 
73 449 303.01 
135 198 287.01 
135 337 307.01 
135 402 298.01 
135 423 314.01 
135 453 319.01 
135 470 296.01 
223 151 329.01 
223 315 329.01 
223 420 341.01 
223 437 299.01 
223 492 320.01 
223 499 320.01 
74 172 325.01 
74 252 335.01 
74 307 310.01 
74 343 320.01 
74 386 295.01 
74 484 314.01 
74 489 308.01 
172 232 338.01 
172 279 330.01 
172 421 342.01 
172 441 305.01 
172 451 304.01 
172 471 328.01 
252 258 336.01 
252 382 320.01 
252 423 308.01 
252 441 303.01 
252 478 267.01 
252 484 283.01 
307 67 328.01 
307 158 314.01 
307 353 309.01 
307 462 320.01 
307 470 329.01 
307 479 307.01 
75 203 321.01 
75 218 305.01 
75 227 302.01 
75 302 305.01 
75 371 314.01 
75 468 294.01 
75 493 291.01 
203 38 315.01 
203 265 317.01 
203 413 318.01 
203 434 306.01 
203 465 305.01 
203 469 329.01 
218 11 306.01 
218 276 312.01 
218 292 350.01 
218 316 307.01 
218 357 296.01 
218 476 307.01 
227 70 301.01 
227 345 352.01 
227 460 348.01 
227 492 291.01 
227 493 343.01 
227 498 323.01 
371 447 296.01 
371 449 303.01 
371 454 321.01 
371 486 298.01 
371 494 283.01 
371 499 341.01 
468 410 303.01 
468 429 331.01 
468 474 346.01 
468 491 321.01 
468 492 289.01 
468 498 318.01 
76 126 306.01 
76 468 318.01 
76 469 322.01 
76 487 323.01 
76 489 337.01 
76 492 299.01 
76 499 321.01 
126 77 321.01 
126 384 306.01 
126 457 286.01 
126 479 309.01 
126 485 293.01 
126 487 291.01 
126 499 305.01 
469 87 300.01 
469 235 323.01 
469 383 302.01 
469 417 314.01 
469 422 343.01 
469 491 316.01 
77 229 339.01 
77 340 323.01 
77 380 313.01 
77 382 320.01 
77 395 351.01 
77 492 276.01 
77 499 317.01 
229 120 340.01 
229 197 307.01 
229 309 348.01 
229 394 332.01 
229 418 317.01 
229 499 312.01 
395 376 282.01 
395 493 316.01 
395 494 304.01 
395 496 296.01 
395 498 297.01 
395 499 316.01 
78 134 268.01 
78 176 330.01 
78 322 290.01 
78 349 295.01 
78 353 314.01 
78 480 323.01 
78 490 331.01 
134 66 317.01 
134 172 329.01 
134 249 323.01 
134 311 335.01 
134 432 329.01 
134 457 304.01 
176 193 340.01 
176 267 313.01 
176 403 307.01 
176 414 298.01 
176 422 301.01 
176 480 324.01 
322 105 335.01 
322 263 345.01 
322 278 316.01 
322 481 295.01 
322 484 324.01 
322 491 295.01 
79 228 321.01 
79 297 343.01 
79 322 302.01 
79 385 326.01 
79 483 347.01 
79 493 300.01 
79 496 323.01 
297 91 300.01 
297 210 278.01 
297 317 296.01 
297 485 303.01 
297 494 311.01 
297 497 302.01 
80 136 292.01 
80 281 319.01 
80 378 310.01 
80 383 302.01 
80 433 315.01 
80 462 279.01 
80 484 291.01 
136 40 355.01 
136 95 319.01 
136 448 311.01 
136 453 345.01 
136 470 332.01 
136 486 324.01 
378 1 316.01 
378 92 308.01 
378 220 310.01 
378 329 319.01 
378 443 294.01 
378 468 304.01 
81 215 295.01 
81 240 321.01 
81 328 302.01 
81 399 328.01 
81 454 280.01 
81 495 295.01 
81 499 303.01 
399 202 283.01 
399 321 302.01 
399 330 288.01 
399 365 303.01 
399 496 324.01 
399 499 321.01 
454 246 318.01 
454 308 327.01 
454 398 293.01 
454 421 309.01 
454 462 311.01 
454 496 322.01 
82 213 306.01 
82 222 310.01 
82 295 310.01 
82 330 301.01 
82 436 303.01 
82 451 323.01 
82 481 287.01 
213 25 321.01 
213 183 348.01 
213 293 334.01 
213 346 330.01 
213 367 312.01 
213 428 323.01 
169 125 318.01 
169 343 288.01 
169 401 325.01 
169 473 318.01 
169 477 286.01 
169 481 290.01 
84 46 334.01 
84 371 345.01 
84 440 338.01 
84 449 332.01 
84 474 351.01 
84 484 300.01 
84 495 330.01 
157 204 335.01 
157 254 307.01 
157 255 336.01 
157 270 316.01 
157 312 313.01 
157 370 290.01 
87 16 312.01 
87 99 279.01 
87 169 298.01 
87 223 284.01 
87 261 320.01 
87 441 319.01 
87 481 294.01 
89 84 286.01 
89 98 339.01 
89 199 310.01 
89 229 353.01 
89 469 313.01 
89 475 322.01 
89 494 337.01 
98 112 299.01 
98 139 314.01 
98 231 303.01 
98 233 285.01 
98 282 302.01 
98 356 295.01 
98 488 316.01 
199 0 322.01 
199 66 309.01 
199 373 315.01 
199 463 317.01 
199 488 322.01 
199 495 271.01 
90 443 328.01 
90 452 307.01 
90 454 300.01 
90 455 307.01 
90 481 308.01 
90 489 319.01 
90 496 278.01 
91 169 317.01 
91 357 280.01 
91 403 292.01 
91 435 298.01 
91 445 313.01 
91 447 289.01 
91 491 296.01 
92 111 318.01 
92 133 286.01 
92 218 326.01 
92 314 303.01 
92 387 289.01 
92 410 305.01 
92 464 324.01 
111 69 312.01 
111 99 276.01 
111 325 280.01 
111 453 303.01 
111 455 325.01 
111 458 325.01 
111 459 288.01 
314 194 301.01 
314 224 339.01 
314 370 325.01 
314 384 290.01 
314 436 319.01 
314 475 338.01 
284 156 315.01 
284 373 265.01 
284 448 293.01 
284 472 310.01 
284 490 271.01 
284 497 304.01 
336 316 318.01 
336 318 289.01 
336 347 286.01 
336 363 315.01 
336 410 289.01 
336 421 311.01 
94 114 317.01 
94 336 335.01 
94 353 298.01 
94 422 312.01 
94 441 309.01 
94 446 313.01 
94 458 316.01 
446 173 317.01 
446 313 318.01 
446 355 317.01 
446 424 306.01 
446 451 324.01 
446 482 321.01 
95 42 345.01 
95 167 325.01 
95 215 314.01 
95 251 336.01 
95 388 288.01 
95 467 306.01 
95 493 310.01 
96 74 326.01 
96 135 310.01 
96 150 350.01 
96 161 314.01 
96 287 338.01 
96 480 309.01 
96 489 314.01 
150 74 319.01 
150 321 317.01 
150 405 313.01 
150 422 312.01 
150 460 327.01 
150 461 302.01 
161 236 323.01 
161 382 307.01 
161 438 313.01 
161 480 295.01 
161 489 306.01 
161 496 314.01 
97 305 305.01 
97 358 290.01 
97 366 298.01 
97 404 297.01 
97 406 296.01 
97 458 336.01 
97 480 269.01 
358 225 301.01 
358 324 305.01 
358 351 280.01 
358 419 312.01 
358 427 328.01 
358 456 289.01 
112 100 310.01 
112 237 317.01 
112 257 306.01 
112 325 262.01 
112 441 309.01 
112 462 276.01 
112 463 298.01 
143 159 333.01 
143 290 307.01 
143 333 302.01 
143 374 337.01 
143 386 302.01 
143 473 337.01 
279 82 354.01 
279 160 311.01 
279 411 309.01 
279 481 311.01 
279 490 317.01 
279 497 278.01 
100 90 307.01 
100 174 260.01 
100 188 295.01 
100 467 307.01 
100 495 270.01 
100 498 285.01 
100 499 306.01 
188 59 313.01 
188 114 333.01 
188 397 357.01 
188 490 326.01 
188 493 344.01 
188 498 326.01 
173 0 301.01 
173 50 301.01 
173 271 308.01 
173 277 313.01 
173 393 312.01 
173 426 304.01 
339 104 332.01 
339 270 313.01 
339 385 324.01 
339 429 311.01 
339 476 304.01 
339 493 291.01 
102 88 299.01 
102 226 307.01 
102 316 287.01 
102 349 298.01 
102 382 318.01 
102 427 293.01 
102 455 294.01 
316 253 324.01 
316 267 306.01 
316 398 332.01 
316 467 322.01 
316 474 340.01 
316 477 328.01 
105 34 313.01 
105 36 273.01 
105 371 314.01 
105 415 298.01 
105 437 277.01 
105 465 326.01 
105 498 296.01 
106 355 278.01 
106 449 310.01 
106 466 291.01 
106 470 309.01 
106 492 301.01 
106 496 306.01 
106 499 332.01 
355 128 346.01 
355 147 295.01 
355 297 312.01 
355 370 316.01 
355 424 318.01 
355 482 284.01 
201 17 339.01 
201 84 303.01 
201 175 342.01 
201 471 311.01 
201 495 335.01 
201 499 313.01 
108 31 296.01 
108 87 295.01 
108 170 318.01 
108 184 324.01 
108 424 304.01 
108 438 310.01 
108 459 325.01 
170 65 294.01 
170 177 308.01 
170 208 325.01 
170 218 310.01 
170 244 293.01 
170 360 306.01 
184 61 306.01 
184 73 325.01 
184 327 312.01 
184 344 307.01 
184 427 292.01 
184 499 277.01 
424 48 338.01 
424 216 302.01 
424 358 291.01 
424 419 321.01 
424 495 305.01 
424 497 301.01 
438 166 295.01 
438 262 268.01 
438 304 285.01 
438 471 297.01 
438 489 295.01 
438 491 305.01 
109 92 323.01 
109 149 327.01 
109 282 288.01 
109 355 293.01 
109 381 296.01 
109 393 287.01 
109 496 293.01 
149 120 325.01 
149 148 325.01 
149 156 304.01 
149 452 276.01 
149 469 303.01 
149 477 317.01 
110 396 301.01 
110 451 315.01 
110 457 343.01 
110 474 332.01 
110 477 306.01 
110 479 308.01 
110 480 309.01 
200 153 322.01 
200 163 330.01 
200 303 326.01 
200 478 341.01 
200 485 303.01 
200 487 306.01 
348 70 307.01 
348 207 317.01 
348 368 318.01 
348 419 305.01 
348 475 324.01 
348 483 303.01 
117 150 311.01 
117 205 326.01 
117 225 298.01 
117 304 295.01 
117 444 297.01 
117 446 309.01 
117 499 303.01 
205 117 326.01 
205 347 300.01 
205 468 308.01 
205 469 315.01 
205 478 305.01 
205 491 314.01 
225 249 321.01 
225 252 314.01 
225 379 315.01 
225 466 329.01 
225 468 305.01 
225 499 317.01 
256 41 279.01 
256 160 317.01 
256 251 339.01 
256 310 306.01 
256 459 283.01 
256 467 342.01 
361 149 299.01 
361 337 289.01 
361 411 279.01 
361 467 297.01 
361 479 302.01 
361 495 300.01 
120 34 319.01 
120 72 298.01 
120 76 308.01 
120 79 337.01 
120 250 325.01 
120 313 344.01 
120 497 321.01 
250 121 331.01 
250 245 279.01 
250 281 293.01 
250 358 321.01 
250 363 270.01 
250 478 330.01 
313 55 355.01 
313 132 344.01 
313 269 343.01 
313 332 341.01 
313 369 359.01 
313 469 293.01 
206 78 300.01 
206 204 307.01 
206 326 356.01 
206 415 302.01 
206 445 352.01 
206 474 346.01 
122 316 291.01 
122 387 296.01 
122 411 304.01 
122 459 311.01 
122 475 336.01 
122 486 319.01 
122 499 307.01 
411 64 298.01 
411 346 294.01 
411 356 282.01 
411 404 309.01 
411 469 307.01 
411 489 298.01 
178 376 284.01 
178 385 314.01 
178 409 266.01 
178 466 308.01 
178 492 281.01 
178 496 330.01 
230 22 292.01 
230 220 327.01 
230 329 307.01 
230 340 318.01 
230 399 318.01 
230 415 302.01 
419 134 314.01 
419 230 335.01 
419 374 314.01 
419 400 301.01 
419 484 326.01 
419 488 358.01 
409 2 353.01 
409 174 355.01 
409 297 303.01 
409 339 290.01 
409 363 293.01 
409 413 317.01 
258 253 315.01 
258 346 301.01 
258 440 335.01 
258 473 310.01 
258 491 308.01 
258 493 285.01 
309 59 312.01 
309 151 356.01 
309 348 299.01 
309 394 323.01 
309 492 333.01 
309 493 314.01 
129 163 330.01 
129 302 324.01 
129 308 334.01 
129 310 321.01 
129 397 327.01 
129 467 306.01 
129 485 343.01 
163 49 322.01 
163 293 306.01 
163 383 280.01 
163 486 291.01 
163 493 307.01 
163 499 310.01 
204 231 296.01 
204 264 327.01 
204 275 341.01 
204 287 354.01 
204 487 337.01 
204 497 316.01 
132 35 314.01 
132 36 278.01 
132 157 296.01 
132 460 320.01 
132 489 313.01 
132 495 297.01 
311 273 316.01 
311 290 323.01 
311 413 320.01 
311 420 316.01 
311 471 310.01 
311 477 291.01 
137 15 291.01 
137 106 305.01 
137 145 334.01 
137 484 276.01 
137 487 307.01 
137 496 315.01 
145 27 303.01 
145 37 297.01 
145 235 330.01 
145 250 343.01 
145 456 281.01 
145 498 302.01 
272 253 323.01 
272 281 285.01 
272 320 322.01 
272 389 333.01 
272 434 301.01 
272 459 333.01 
141 7 323.01 
141 63 305.01 
141 275 334.01 
141 387 313.01 
141 441 317.01 
141 499 300.01 
275 69 295.01 
275 94 280.01 
275 288 305.01 
275 338 301.01 
275 427 313.01 
275 463 326.01 
159 203 323.01 
159 219 339.01 
159 331 332.01 
159 433 349.01 
159 434 315.01 
159 447 279.01 
290 44 327.01 
290 107 294.01 
290 122 285.01 
290 317 288.01 
290 431 317.01 
290 496 315.01 
374 60 310.01 
374 91 282.01 
374 246 304.01 
374 362 318.01 
374 409 282.01 
374 480 297.01 
144 5 341.01 
144 293 313.01 
144 341 303.01 
144 359 298.01 
144 497 302.01 
144 498 337.01 
241 153 336.01 
241 394 333.01 
241 416 336.01 
241 422 334.01 
241 452 325.01 
241 496 311.01 
370 74 304.01 
370 224 326.01 
370 368 322.01 
370 398 338.01 
370 470 336.01 
370 498 293.01 
147 126 274.01 
147 325 285.01 
147 443 287.01 
147 464 269.01 
147 486 282.01 
147 491 308.01 
148 44 329.01 
148 181 316.01 
148 380 310.01 
148 393 309.01 
148 443 337.01 
148 490 322.01 
156 89 287.01 
156 442 305.01 
156 464 347.01 
156 477 345.01 
156 482 330.01 
156 494 304.01 
321 457 294.01 
321 461 310.01 
321 487 312.01 
321 494 298.01 
321 496 290.01 
321 499 312.01 
151 16 316.01 
151 47 306.01 
151 138 306.01 
151 395 296.01 
151 463 306.01 
151 492 344.01 
153 264 319.01 
153 365 316.01 
153 419 275.01 
153 484 285.01 
153 498 323.01 
153 499 324.01 
264 44 326.01 
264 130 306.01 
264 194 300.01 
264 296 319.01 
264 310 297.01 
264 420 304.01 
155 299 308.01 
155 345 321.01 
155 449 291.01 
155 454 344.01 
155 455 330.01 
155 469 303.01 
254 38 321.01 
254 52 308.01 
254 211 317.01 
254 307 317.01 
254 399 326.01 
254 469 316.01 
255 229 309.01 
255 301 311.01 
255 356 294.01 
255 470 306.01 
255 489 296.01 
255 492 309.01 
270 208 338.01 
270 240 327.01 
270 254 321.01 
270 363 297.01 
270 393 303.01 
270 463 321.01 
312 90 317.01 
312 426 319.01 
312 462 301.01 
312 470 313.01 
312 477 302.01 
312 488 306.01 
158 137 299.01 
158 241 321.01 
158 360 324.01 
158 442 293.01 
158 476 283.01 
158 497 348.01 
331 109 317.01 
331 149 340.01 
331 377 327.01 
331 431 309.01 
331 435 338.01 
331 472 286.01 
236 49 311.01 
236 237 312.01 
236 314 305.01 
236 364 321.01 
236 394 322.01 
236 472 295.01 
179 58 305.01 
179 199 313.01 
179 290 335.01 
179 322 309.01 
179 329 310.01 
179 355 301.01 
242 296 299.01 
242 389 292.01 
242 445 289.01 
242 448 304.01 
242 457 282.01 
242 496 310.01 
177 330 318.01 
177 352 300.01 
177 437 326.01 
177 438 303.01 
177 468 282.01 
177 492 318.01 
208 260 305.01 
208 271 300.01 
208 313 304.01 
208 444 316.01 
208 450 309.01 
208 456 295.01 
232 115 298.01 
232 151 335.01 
232 409 326.01 
232 432 310.01 
232 473 297.01 
232 494 293.01 
271 100 314.01 
271 176 313.01 
271 179 315.01 
271 184 336.01 
271 268 307.01 
271 488 300.01 
277 141 298.01 
277 244 316.01 
277 298 294.01 
277 445 305.01 
277 492 306.01 
277 495 324.01 
175 46 326.01 
175 301 338.01 
175 303 321.01 
175 395 307.01 
175 481 301.01 
175 495 319.01 
267 272 320.01 
267 395 330.01 
267 425 297.01 
267 442 290.01 
267 476 304.01 
267 486 300.01 
329 102 318.01 
329 314 332.01 
329 377 310.01 
329 474 316.01 
329 481 329.01 
329 488 302.01 
327 1 289.01 
327 14 282.01 
327 86 341.01 
327 183 325.01 
327 484 323.01 
327 493 316.01 
379 57 304.01 
379 126 277.01 
379 222 311.01 
379 263 301.01 
379 440 299.01 
379 488 294.01 
191 235 313.01 
191 309 319.01 
191 414 325.01 
191 476 303.01 
191 494 310.01 
191 498 319.01 
192 158 352.01 
192 206 317.01 
192 315 303.01 
192 480 327.01 
192 481 276.01 
192 495 299.01 
194 80 311.01 
194 307 291.01 
194 425 326.01 
194 472 312.01 
194 486 309.01 
194 492 310.01 
195 42 322.01 
195 61 334.01 
195 255 308.01 
195 334 296.01 
195 390 318.01 
195 417 306.01 
197 221 300.01 
197 312 310.01 
197 318 325.01 
197 333 274.01 
197 428 305.01 
197 446 331.01 
221 148 316.01 
221 214 315.01 
221 404 287.01 
221 433 288.01 
221 467 316.01 
221 485 299.01 
202 39 311.01 
202 109 321.01 
202 392 335.01 
202 440 302.01 
202 450 341.01 
202 472 299.01 
207 225 321.01 
207 298 325.01 
207 365 310.01 
207 483 334.01 
207 485 301.01 
207 496 326.01 
260 17 344.01 
260 96 328.01 
260 463 283.01 
260 477 317.01 
260 479 319.01 
260 482 319.01 
420 273 326.01 
420 364 317.01 
420 445 283.01 
420 458 301.01 
420 464 316.01 
420 493 311.01 
211 20 295.01 
211 363 285.01 
211 396 309.01 
211 466 282.01 
211 494 306.01 
211 499 307.01 
363 45 324.01 
363 211 342.01 
363 409 317.01 
363 421 298.01 
363 488 325.01 
363 494 319.01 
346 272 302.01 
346 380 334.01 
346 387 282.01 
346 397 321.01 
346 406 306.01 
346 497 315.01 
216 65 297.01 
216 306 311.01 
216 319 323.01 
216 426 324.01 
216 455 325.01 
216 463 317.01 
224 91 315.01 
224 202 269.01 
224 447 330.01 
224 490 285.01 
224 492 305.01 
224 496 285.01 
394 131 315.01 
394 242 315.01 
394 351 303.01 
394 427 318.01 
394 457 301.01 
394 487 324.01 
234 239 281.01 
234 298 287.01 
234 323 288.01 
234 355 282.01 
234 371 330.01 
234 470 310.01 
238 460 305.01 
238 470 282.01 
238 483 346.01 
238 487 329.01 
238 493 311.01 
238 498 331.01 
296 200 299.01 
296 309 300.01 
296 319 303.01 
296 455 305.01 
296 481 293.01 
296 496 307.01 
246 30 308.01 
246 395 294.01 
246 410 303.01 
246 447 318.01 
246 463 299.01 
246 466 260.01 
253 62 319.01 
253 71 321.01 
253 118 323.01 
253 241 329.01 
253 483 317.01 
253 495 303.01 
268 124 298.01 
268 329 284.01 
268 361 284.01 
268 407 297.01 
268 474 341.01 
268 487 288.01 
283 46 312.01 
283 236 298.01 
283 381 343.01 
283 437 288.01 
283 460 296.01 
283 490 301.01 
291 52 296.01 
291 241 289.01 
291 358 306.01 
291 468 298.01 
291 483 308.01 
291 499 307.01 
408 255 298.01 
408 283 359.01 
408 352 300.01 
408 357 314.01 
408 422 303.01 
408 495 319.01 
332 21 355.01 
332 177 330.01 
332 415 305.01 
332 458 300.01 
332 469 301.01 
332 499 328.01 
