1 2 306.01 
1 48 275.01 
1 50 272.01 
1 75 255.01 
1 84 240.01 
1 98 271.01 
1 400 293.01 
1 474 260.01 
1 479 292.01 
1 487 250.01 
1 492 294.01 
1 500 270.01 
2 23 252.01 
2 66 259.01 
2 108 284.01 
2 147 258.01 
2 293 269.01 
2 372 267.01 
2 430 288.01 
2 436 276.01 
2 447 282.01 
2 455 276.01 
2 458 285.01 
2 461 279.01 
48 108 249.01 
48 243 281.01 
48 295 245.01 
48 303 264.01 
48 325 288.01 
48 353 271.01 
48 359 257.01 
48 445 262.01 
48 464 296.01 
48 471 273.01 
48 488 259.01 
48 500 259.01 
50 150 307.01 
50 155 286.01 
50 215 274.01 
50 234 281.01 
50 362 248.01 
50 378 298.01 
50 380 283.01 
50 390 309.01 
50 485 292.01 
50 487 312.01 
50 497 262.01 
50 500 243.01 
75 93 295.01 
75 148 270.01 
75 221 277.01 
75 280 300.01 
75 304 281.01 
75 307 276.01 
75 373 303.01 
75 389 267.01 
75 398 276.01 
75 460 286.01 
75 477 274.01 
75 500 271.01 
84 93 298.01 
84 169 283.01 
84 183 256.01 
84 232 284.01 
84 308 264.01 
84 347 294.01 
84 389 289.01 
84 402 259.01 
84 464 278.01 
84 482 288.01 
84 493 252.01 
84 500 282.01 
98 1 267.01 
98 47 273.01 
98 110 270.01 
98 189 263.01 
98 211 248.01 
98 220 257.01 
98 343 270.01 
98 402 240.01 
98 485 257.01 
98 486 255.01 
98 496 236.01 
98 500 270.01 
400 87 253.01 
400 223 290.01 
400 274 287.01 
400 312 292.01 
400 450 291.01 
400 468 278.01 
400 478 262.01 
400 484 278.01 
400 488 294.01 
400 489 256.01 
400 490 301.01 
474 99 292.01 
474 200 270.01 
474 209 280.01 
474 282 282.01 
474 352 271.01 
474 379 285.01 
474 432 303.01 
474 480 254.01 
474 482 296.01 
474 495 280.01 
474 500 274.01 
479 151 249.01 
479 170 275.01 
479 273 247.01 
479 284 268.01 
479 309 249.01 
479 322 268.01 
479 335 264.01 
479 380 274.01 
479 485 273.01 
479 495 276.01 
479 500 284.01 
487 80 288.01 
487 95 294.01 
487 131 305.01 
487 385 262.01 
487 438 281.01 
487 441 256.01 
487 452 259.01 
487 480 270.01 
487 485 263.01 
487 490 265.01 
487 500 254.01 
492 29 272.01 
492 110 265.01 
492 120 272.01 
492 243 293.01 
492 265 268.01 
492 328 267.01 
492 403 292.01 
492 449 272.01 
492 453 268.01 
492 455 293.01 
492 500 250.01 
500 137 270.01 
500 170 238.01 
500 171 269.01 
500 175 265.01 
500 265 288.01 
500 343 297.01 
500 407 277.01 
500 436 256.01 
500 464 294.01 
500 484 237.01 
500 498 239.01 
23 122 278.01 
23 256 261.01 
23 311 283.01 
23 334 286.01 
23 376 287.01 
23 475 298.01 
23 476 297.01 
23 478 290.01 
23 481 273.01 
23 493 287.01 
23 498 275.01 
23 499 282.01 
66 42 294.01 
66 260 276.01 
66 280 279.01 
66 292 269.01 
66 353 289.01 
66 388 280.01 
66 399 294.01 
66 445 278.01 
66 480 306.01 
66 495 268.01 
66 498 277.01 
66 499 274.01 
108 176 276.01 
108 191 267.01 
108 209 303.01 
108 352 268.01 
108 353 281.01 
108 401 270.01 
108 412 272.01 
108 475 299.01 
108 481 275.01 
108 496 278.01 
108 497 279.01 
108 498 277.01 
147 136 297.01 
147 155 279.01 
147 253 315.01 
147 347 263.01 
147 349 294.01 
147 350 297.01 
147 365 265.01 
147 403 298.01 
147 412 291.01 
147 435 275.01 
147 492 275.01 
147 500 262.01 
293 9 294.01 
293 70 264.01 
293 75 266.01 
293 83 275.01 
293 175 266.01 
293 256 264.01 
293 259 265.01 
293 265 304.01 
293 319 280.01 
293 464 265.01 
293 465 236.01 
372 10 258.01 
372 80 309.01 
372 269 295.01 
372 285 273.01 
372 298 292.01 
372 326 273.01 
372 330 298.01 
372 453 292.01 
372 488 296.01 
372 491 296.01 
372 492 294.01 
430 55 307.01 
430 164 277.01 
430 222 260.01 
430 225 294.01 
430 320 275.01 
430 361 287.01 
430 372 284.01 
430 438 270.01 
430 442 302.01 
430 484 269.01 
430 491 267.01 
436 46 301.01 
436 225 278.01 
436 256 271.01 
436 264 288.01 
436 281 266.01 
436 312 284.01 
436 393 288.01 
436 404 274.01 
436 424 293.01 
436 495 267.01 
436 500 276.01 
447 129 290.01 
447 133 314.01 
447 135 259.01 
447 187 267.01 
447 392 279.01 
447 408 323.01 
447 412 280.01 
447 429 306.01 
447 488 263.01 
447 499 287.01 
447 500 281.01 
455 93 286.01 
455 141 283.01 
455 147 312.01 
455 173 293.01 
455 201 279.01 
455 258 289.01 
455 304 262.01 
455 461 264.01 
455 465 291.01 
455 472 312.01 
455 490 296.01 
458 61 302.01 
458 194 256.01 
458 318 271.01 
458 349 261.01 
458 364 300.01 
458 387 310.01 
458 460 282.01 
458 462 274.01 
458 479 289.01 
458 490 288.01 
458 492 280.01 
461 54 240.01 
461 174 255.01 
461 233 284.01 
461 245 274.01 
461 325 258.01 
461 329 283.01 
461 349 302.01 
461 475 245.01 
461 485 265.01 
461 491 273.01 
461 500 246.01 
3 22 282.01 
3 188 275.01 
3 339 271.01 
3 379 283.01 
3 410 273.01 
3 476 288.01 
3 478 270.01 
3 493 287.01 
3 495 263.01 
3 496 251.01 
3 497 265.01 
3 499 294.01 
22 50 290.01 
22 66 264.01 
22 91 282.01 
22 140 291.01 
22 237 290.01 
22 399 274.01 
22 432 280.01 
22 493 280.01 
22 495 266.01 
22 497 275.01 
22 498 277.01 
22 499 275.01 
188 20 300.01 
188 178 264.01 
188 209 280.01 
188 412 282.01 
188 419 290.01 
188 446 309.01 
188 478 294.01 
188 480 281.01 
188 493 324.01 
188 495 292.01 
188 499 312.01 
188 500 272.01 
339 59 269.01 
339 79 301.01 
339 131 306.01 
339 188 264.01 
339 223 286.01 
339 273 284.01 
339 361 283.01 
339 375 284.01 
339 472 263.01 
339 496 261.01 
339 499 277.01 
379 118 265.01 
379 223 283.01 
379 255 308.01 
379 283 311.01 
379 411 323.01 
379 432 298.01 
379 443 307.01 
379 478 311.01 
379 496 277.01 
379 498 257.01 
379 499 282.01 
410 79 290.01 
410 101 288.01 
410 214 244.01 
410 282 279.01 
410 355 288.01 
410 362 271.01 
410 371 279.01 
410 493 283.01 
410 495 254.01 
410 497 281.01 
410 499 277.01 
476 11 292.01 
476 37 279.01 
476 109 269.01 
476 143 282.01 
476 208 295.01 
476 251 274.01 
476 270 327.01 
476 327 306.01 
476 345 276.01 
476 496 286.01 
476 499 268.01 
478 238 298.01 
478 327 282.01 
478 353 278.01 
478 357 286.01 
478 412 284.01 
478 443 286.01 
478 481 295.01 
478 484 286.01 
478 493 267.01 
478 495 277.01 
478 499 285.01 
493 192 250.01 
493 239 269.01 
493 406 310.01 
493 410 271.01 
493 411 261.01 
493 413 261.01 
493 443 284.01 
493 475 271.01 
493 476 295.01 
493 488 252.01 
493 498 262.01 
495 227 257.01 
495 311 306.01 
495 374 284.01 
495 410 279.01 
495 451 276.01 
495 457 273.01 
495 463 261.01 
495 476 290.01 
495 480 255.01 
495 496 279.01 
495 497 276.01 
496 3 295.01 
496 74 267.01 
496 121 284.01 
496 178 287.01 
496 277 270.01 
496 296 274.01 
496 311 251.01 
496 459 293.01 
496 468 261.01 
496 482 280.01 
496 493 254.01 
497 5 285.01 
497 26 269.01 
497 99 289.01 
497 159 311.01 
497 351 298.01 
497 450 287.01 
497 476 297.01 
497 495 263.01 
497 496 279.01 
497 499 304.01 
497 500 238.01 
499 17 248.01 
499 31 312.01 
499 199 268.01 
499 239 259.01 
499 307 231.01 
499 399 277.01 
499 493 249.01 
499 496 292.01 
499 497 296.01 
499 498 282.01 
499 500 284.01 
4 53 278.01 
4 57 276.01 
4 132 288.01 
4 151 282.01 
4 258 282.01 
4 322 262.01 
4 400 246.01 
4 447 252.01 
4 472 289.01 
4 485 278.01 
4 489 244.01 
4 500 254.01 
53 142 286.01 
53 225 294.01 
53 303 287.01 
53 306 280.01 
53 360 269.01 
53 419 295.01 
53 423 271.01 
53 427 276.01 
53 484 287.01 
53 487 252.01 
53 496 270.01 
53 500 286.01 
57 192 251.01 
57 204 276.01 
57 237 262.01 
57 249 288.01 
57 318 277.01 
57 367 286.01 
57 368 274.01 
57 456 275.01 
57 465 289.01 
57 485 287.01 
57 492 292.01 
57 500 257.01 
132 10 290.01 
132 157 259.01 
132 395 270.01 
132 396 280.01 
132 445 268.01 
132 447 273.01 
132 460 288.01 
132 464 287.01 
132 473 281.01 
132 487 261.01 
132 499 233.01 
132 500 295.01 
151 12 270.01 
151 21 262.01 
151 303 277.01 
151 365 279.01 
151 375 294.01 
151 392 271.01 
151 456 290.01 
151 471 254.01 
151 473 270.01 
151 484 247.01 
151 486 285.01 
151 500 270.01 
258 120 269.01 
258 126 291.01 
258 169 290.01 
258 182 296.01 
258 393 273.01 
258 423 306.01 
258 424 287.01 
258 450 286.01 
258 491 270.01 
258 492 265.01 
258 493 299.01 
322 46 287.01 
322 359 272.01 
322 378 310.01 
322 412 266.01 
322 421 276.01 
322 433 263.01 
322 453 280.01 
322 455 246.01 
322 478 283.01 
322 496 271.01 
322 498 295.01 
472 32 260.01 
472 83 264.01 
472 105 269.01 
472 259 280.01 
472 419 274.01 
472 448 293.01 
472 456 285.01 
472 463 284.01 
472 491 253.01 
472 493 278.01 
472 500 257.01 
485 166 271.01 
485 231 300.01 
485 276 275.01 
485 311 264.01 
485 337 288.01 
485 359 277.01 
485 416 239.01 
485 425 294.01 
485 486 274.01 
485 489 267.01 
485 491 271.01 
489 25 267.01 
489 38 279.01 
489 77 285.01 
489 102 280.01 
489 218 261.01 
489 253 286.01 
489 276 290.01 
489 357 254.01 
489 375 268.01 
489 469 268.01 
489 500 266.01 
5 89 277.01 
5 121 268.01 
5 191 320.01 
5 270 284.01 
5 379 270.01 
5 411 253.01 
5 459 278.01 
5 476 267.01 
5 495 297.01 
5 497 314.01 
5 498 279.01 
5 499 293.01 
89 33 288.01 
89 220 262.01 
89 275 237.01 
89 374 298.01 
89 395 269.01 
89 418 266.01 
89 457 266.01 
89 481 264.01 
89 495 278.01 
89 496 235.01 
89 498 245.01 
89 499 286.01 
121 49 278.01 
121 60 293.01 
121 223 257.01 
121 262 271.01 
121 273 262.01 
121 274 274.01 
121 277 261.01 
121 339 261.01 
121 342 261.01 
121 376 260.01 
121 480 272.01 
121 499 291.01 
191 114 302.01 
191 251 297.01 
191 435 301.01 
191 454 315.01 
191 473 271.01 
191 474 267.01 
191 480 288.01 
191 493 294.01 
191 496 257.01 
191 497 275.01 
191 498 282.01 
191 499 306.01 
270 31 286.01 
270 199 321.01 
270 261 295.01 
270 353 284.01 
270 418 303.01 
270 431 296.01 
270 459 296.01 
270 478 279.01 
270 495 277.01 
270 497 320.01 
270 499 285.01 
411 160 259.01 
411 193 250.01 
411 223 277.01 
411 255 309.01 
411 374 279.01 
411 451 277.01 
411 474 288.01 
411 495 278.01 
411 497 272.01 
411 499 271.01 
411 500 255.01 
459 5 276.01 
459 109 254.01 
459 145 243.01 
459 363 239.01 
459 418 258.01 
459 474 264.01 
459 477 258.01 
459 495 259.01 
459 498 254.01 
459 499 258.01 
459 500 286.01 
498 108 264.01 
498 160 276.01 
498 212 279.01 
498 215 292.01 
498 457 281.01 
498 480 282.01 
498 493 269.01 
498 496 295.01 
498 497 269.01 
498 499 255.01 
498 500 239.01 
6 199 271.01 
6 327 266.01 
6 426 284.01 
6 443 276.01 
6 457 284.01 
6 475 268.01 
6 476 278.01 
6 481 263.01 
6 493 273.01 
6 496 262.01 
6 497 286.01 
6 499 294.01 
199 20 280.01 
199 23 268.01 
199 205 288.01 
199 312 286.01 
199 340 290.01 
199 457 259.01 
199 459 312.01 
199 493 257.01 
199 497 267.01 
199 498 271.01 
199 499 268.01 
199 500 269.01 
327 5 279.01 
327 146 305.01 
327 158 280.01 
327 321 274.01 
327 432 258.01 
327 467 276.01 
327 481 274.01 
327 493 288.01 
327 497 280.01 
327 498 305.01 
327 499 271.01 
426 277 258.01 
426 318 263.01 
426 333 247.01 
426 406 283.01 
426 422 262.01 
426 476 291.01 
426 480 293.01 
426 481 256.01 
426 490 260.01 
426 493 280.01 
426 499 271.01 
443 143 310.01 
443 242 277.01 
443 262 292.01 
443 283 297.01 
443 289 298.01 
443 446 298.01 
443 475 259.01 
443 481 311.01 
443 493 305.01 
443 497 290.01 
443 499 285.01 
457 231 263.01 
457 342 266.01 
457 388 272.01 
457 426 293.01 
457 440 282.01 
457 475 299.01 
457 479 300.01 
457 493 279.01 
457 495 291.01 
457 497 267.01 
457 500 276.01 
475 18 267.01 
475 108 257.01 
475 195 293.01 
475 339 257.01 
475 420 255.01 
475 434 280.01 
475 474 262.01 
475 478 246.01 
475 494 263.01 
475 498 269.01 
475 499 267.01 
481 67 270.01 
481 94 260.01 
481 209 290.01 
481 336 260.01 
481 339 315.01 
481 413 286.01 
481 420 297.01 
481 432 294.01 
481 443 272.01 
481 466 262.01 
481 499 294.01 
7 72 305.01 
7 74 284.01 
7 226 307.01 
7 247 295.01 
7 317 271.01 
7 366 295.01 
7 455 282.01 
7 474 298.01 
7 491 294.01 
7 492 272.01 
7 494 264.01 
7 498 271.01 
72 224 242.01 
72 272 258.01 
72 287 262.01 
72 290 267.01 
72 309 257.01 
72 402 278.01 
72 403 270.01 
72 428 256.01 
72 443 288.01 
72 483 271.01 
72 487 268.01 
72 500 261.01 
74 16 254.01 
74 79 310.01 
74 248 254.01 
74 288 309.01 
74 420 259.01 
74 429 268.01 
74 459 268.01 
74 478 233.01 
74 494 266.01 
74 495 270.01 
74 496 273.01 
74 497 323.01 
226 81 287.01 
226 211 302.01 
226 281 268.01 
226 304 274.01 
226 366 260.01 
226 383 291.01 
226 423 295.01 
226 472 273.01 
226 489 287.01 
226 491 281.01 
226 499 250.01 
226 500 277.01 
247 129 261.01 
247 157 272.01 
247 248 283.01 
247 346 273.01 
247 354 290.01 
247 389 257.01 
247 394 281.01 
247 465 263.01 
247 467 313.01 
247 494 293.01 
247 498 255.01 
317 28 243.01 
317 291 284.01 
317 336 306.01 
317 348 275.01 
317 393 269.01 
317 402 273.01 
317 404 281.01 
317 458 288.01 
317 470 299.01 
317 490 252.01 
317 500 298.01 
366 2 261.01 
366 72 288.01 
366 98 299.01 
366 133 295.01 
366 240 302.01 
366 378 278.01 
366 397 284.01 
366 430 281.01 
366 486 276.01 
366 487 271.01 
366 492 307.01 
491 56 256.01 
491 148 265.01 
491 165 295.01 
491 292 268.01 
491 332 271.01 
491 358 276.01 
491 398 277.01 
491 403 255.01 
491 439 299.01 
491 441 273.01 
491 468 270.01 
494 7 275.01 
494 19 281.01 
494 82 291.01 
494 90 295.01 
494 111 276.01 
494 119 281.01 
494 320 280.01 
494 331 287.01 
494 332 266.01 
494 340 276.01 
494 391 280.01 
8 1 250.01 
8 73 271.01 
8 129 265.01 
8 394 250.01 
8 428 264.01 
8 430 263.01 
8 470 286.01 
8 472 289.01 
8 477 279.01 
8 479 276.01 
8 499 263.01 
8 500 275.01 
73 51 280.01 
73 106 261.01 
73 275 269.01 
73 293 265.01 
73 403 285.01 
73 419 227.01 
73 445 250.01 
73 448 257.01 
73 455 243.01 
73 468 257.01 
73 484 252.01 
73 500 249.01 
129 218 259.01 
129 236 269.01 
129 301 292.01 
129 322 304.01 
129 349 281.01 
129 378 269.01 
129 455 258.01 
129 460 283.01 
129 462 265.01 
129 484 293.01 
129 488 282.01 
129 500 262.01 
394 10 290.01 
394 126 283.01 
394 160 291.01 
394 239 288.01 
394 292 278.01 
394 336 307.01 
394 416 286.01 
394 478 281.01 
394 482 262.01 
394 486 298.01 
394 500 296.01 
428 85 241.01 
428 102 278.01 
428 179 266.01 
428 183 271.01 
428 222 280.01 
428 255 282.01 
428 283 289.01 
428 286 258.01 
428 448 274.01 
428 458 271.01 
428 486 276.01 
470 8 268.01 
470 37 288.01 
470 356 282.01 
470 373 267.01 
470 408 275.01 
470 440 285.01 
470 441 286.01 
470 446 256.01 
470 452 283.01 
470 464 268.01 
470 500 275.01 
477 153 273.01 
477 164 269.01 
477 245 283.01 
477 285 302.01 
477 292 270.01 
477 319 302.01 
477 465 298.01 
477 467 311.01 
477 468 262.01 
477 483 316.01 
477 500 268.01 
9 44 287.01 
9 82 302.01 
9 140 289.01 
9 165 245.01 
9 194 270.01 
9 247 281.01 
9 404 327.01 
9 405 281.01 
9 423 319.01 
9 456 279.01 
9 460 284.01 
9 465 293.01 
44 9 268.01 
44 87 261.01 
44 161 280.01 
44 186 255.01 
44 211 270.01 
44 417 246.01 
44 421 262.01 
44 441 263.01 
44 489 259.01 
44 492 285.01 
44 498 270.01 
44 499 260.01 
82 144 288.01 
82 185 260.01 
82 204 292.01 
82 247 284.01 
82 290 264.01 
82 291 268.01 
82 304 269.01 
82 324 277.01 
82 343 273.01 
82 429 287.01 
82 461 284.01 
82 500 277.01 
140 48 257.01 
140 61 266.01 
140 191 274.01 
140 351 245.01 
140 352 258.01 
140 384 272.01 
140 457 261.01 
140 459 271.01 
140 493 292.01 
140 497 269.01 
140 498 269.01 
140 499 292.01 
165 52 288.01 
165 70 284.01 
165 122 260.01 
165 133 282.01 
165 147 279.01 
165 235 278.01 
165 310 270.01 
165 396 286.01 
165 404 284.01 
165 459 281.01 
165 492 269.01 
165 493 274.01 
194 103 285.01 
194 150 279.01 
194 162 249.01 
194 245 282.01 
194 258 272.01 
194 344 273.01 
194 396 266.01 
194 420 249.01 
194 461 262.01 
194 480 249.01 
194 489 271.01 
194 500 255.01 
404 21 255.01 
404 117 291.01 
404 197 223.01 
404 293 271.01 
404 297 289.01 
404 346 292.01 
404 413 270.01 
404 472 303.01 
404 488 274.01 
404 494 286.01 
404 500 257.01 
405 256 267.01 
405 269 292.01 
405 305 299.01 
405 307 286.01 
405 382 281.01 
405 430 257.01 
405 436 270.01 
405 461 285.01 
405 480 280.01 
405 491 294.01 
405 500 257.01 
423 150 288.01 
423 152 288.01 
423 293 294.01 
423 307 293.01 
423 404 273.01 
423 405 313.01 
423 428 281.01 
423 438 308.01 
423 449 266.01 
423 490 274.01 
423 494 296.01 
456 210 306.01 
456 353 301.01 
456 441 288.01 
456 455 272.01 
456 464 228.01 
456 482 310.01 
456 483 289.01 
456 490 260.01 
456 493 265.01 
456 497 268.01 
456 500 259.01 
460 60 256.01 
460 85 300.01 
460 100 249.01 
460 200 269.01 
460 261 288.01 
460 284 241.01 
460 477 281.01 
460 486 288.01 
460 489 275.01 
460 499 250.01 
460 500 295.01 
465 63 276.01 
465 171 265.01 
465 322 276.01 
465 331 292.01 
465 347 286.01 
465 362 299.01 
465 383 286.01 
465 425 292.01 
465 440 285.01 
465 458 293.01 
465 487 275.01 
10 113 282.01 
10 246 287.01 
10 280 267.01 
10 288 264.01 
10 409 286.01 
10 417 275.01 
10 460 263.01 
10 464 294.01 
10 482 268.01 
10 487 290.01 
10 495 264.01 
10 500 254.01 
113 79 285.01 
113 132 280.01 
113 328 291.01 
113 331 274.01 
113 425 295.01 
113 431 268.01 
113 468 257.01 
113 483 270.01 
113 486 270.01 
113 496 271.01 
113 498 290.01 
113 500 276.01 
246 142 294.01 
246 155 293.01 
246 164 263.01 
246 226 277.01 
246 285 259.01 
246 363 261.01 
246 439 314.01 
246 465 294.01 
246 479 258.01 
246 494 282.01 
246 499 286.01 
280 82 291.01 
280 97 300.01 
280 203 288.01 
280 316 288.01 
280 323 299.01 
280 337 275.01 
280 369 283.01 
280 391 289.01 
280 438 268.01 
280 487 287.01 
280 500 262.01 
288 32 255.01 
288 35 288.01 
288 107 294.01 
288 232 261.01 
288 249 266.01 
288 484 254.01 
288 485 292.01 
288 486 270.01 
288 491 270.01 
288 494 269.01 
288 500 282.01 
409 308 287.01 
409 351 280.01 
409 371 273.01 
409 380 264.01 
409 400 292.01 
409 441 269.01 
409 445 254.01 
409 469 265.01 
409 473 308.01 
409 498 247.01 
409 500 280.01 
417 2 298.01 
417 14 276.01 
417 55 306.01 
417 159 262.01 
417 349 299.01 
417 434 287.01 
417 447 303.01 
417 467 282.01 
417 485 292.01 
417 490 284.01 
417 491 277.01 
464 1 253.01 
464 59 266.01 
464 175 238.01 
464 229 274.01 
464 298 227.01 
464 408 276.01 
464 445 280.01 
464 484 283.01 
464 490 251.01 
464 499 243.01 
464 500 273.01 
482 149 279.01 
482 156 280.01 
482 269 270.01 
482 279 291.01 
482 396 284.01 
482 402 261.01 
482 448 304.01 
482 450 259.01 
482 490 231.01 
482 495 277.01 
482 496 286.01 
11 205 259.01 
11 345 264.01 
11 424 266.01 
11 427 270.01 
11 451 251.01 
11 472 289.01 
11 474 229.01 
11 478 275.01 
11 483 276.01 
11 493 311.01 
11 498 276.01 
11 499 294.01 
205 114 278.01 
205 154 267.01 
205 166 251.01 
205 282 283.01 
205 376 264.01 
205 480 271.01 
205 494 254.01 
205 496 292.01 
205 497 285.01 
205 498 255.01 
205 499 263.01 
205 500 240.01 
345 80 279.01 
345 127 278.01 
345 157 255.01 
345 287 281.01 
345 332 279.01 
345 385 311.01 
345 421 271.01 
345 468 276.01 
345 469 283.01 
345 498 290.01 
345 500 285.01 
424 125 305.01 
424 236 274.01 
424 244 316.01 
424 344 277.01 
424 461 312.01 
424 463 296.01 
424 468 261.01 
424 471 279.01 
424 483 300.01 
424 491 304.01 
424 496 270.01 
427 49 287.01 
427 268 297.01 
427 357 261.01 
427 408 282.01 
427 409 254.01 
427 451 273.01 
427 476 293.01 
427 496 312.01 
427 498 236.01 
427 499 277.01 
427 500 273.01 
451 78 273.01 
451 267 299.01 
451 351 284.01 
451 357 278.01 
451 371 296.01 
451 388 256.01 
451 394 281.01 
451 432 251.01 
451 446 308.01 
451 480 307.01 
451 495 266.01 
483 136 273.01 
483 137 251.01 
483 253 291.01 
483 319 262.01 
483 360 268.01 
483 442 252.01 
483 463 263.01 
483 470 279.01 
483 492 269.01 
483 495 251.01 
483 499 279.01 
12 186 228.01 
12 216 268.01 
12 222 270.01 
12 246 257.01 
12 346 270.01 
12 461 241.01 
12 463 280.01 
12 465 267.01 
12 492 258.01 
12 494 249.01 
12 496 260.01 
12 499 261.01 
186 2 277.01 
186 117 282.01 
186 169 259.01 
186 306 279.01 
186 312 259.01 
186 391 279.01 
186 398 258.01 
186 436 266.01 
186 465 292.01 
186 481 275.01 
186 483 258.01 
186 494 276.01 
216 63 316.01 
216 125 263.01 
216 188 295.01 
216 218 291.01 
216 266 312.01 
216 271 323.01 
216 329 307.01 
216 393 326.01 
216 467 269.01 
216 469 299.01 
216 492 282.01 
216 494 324.01 
222 59 269.01 
222 173 276.01 
222 184 286.01 
222 232 299.01 
222 279 299.01 
222 291 259.01 
222 303 242.01 
222 345 253.01 
222 434 319.01 
222 470 270.01 
222 497 241.01 
222 500 267.01 
346 12 260.01 
346 163 294.01 
346 184 277.01 
346 240 299.01 
346 272 282.01 
346 300 289.01 
346 398 288.01 
346 438 285.01 
346 455 290.01 
346 492 280.01 
346 494 254.01 
463 89 281.01 
463 184 263.01 
463 225 259.01 
463 248 264.01 
463 335 294.01 
463 357 244.01 
463 385 294.01 
463 452 292.01 
463 487 268.01 
463 499 285.01 
463 500 268.01 
13 86 294.01 
13 280 278.01 
13 338 275.01 
13 345 295.01 
13 369 278.01 
13 383 281.01 
13 398 301.01 
13 419 289.01 
13 439 306.01 
13 461 263.01 
13 487 281.01 
13 488 265.01 
86 31 270.01 
86 65 254.01 
86 230 297.01 
86 373 288.01 
86 400 266.01 
86 414 283.01 
86 458 282.01 
86 464 266.01 
86 467 278.01 
86 488 286.01 
86 493 282.01 
86 500 274.01 
338 39 283.01 
338 41 270.01 
338 83 283.01 
338 206 295.01 
338 246 298.01 
338 285 285.01 
338 341 271.01 
338 344 259.01 
338 349 295.01 
338 414 270.01 
338 442 265.01 
369 76 262.01 
369 152 282.01 
369 243 299.01 
369 293 306.01 
369 404 262.01 
369 438 265.01 
369 452 257.01 
369 457 279.01 
369 467 277.01 
369 492 286.01 
369 500 254.01 
383 12 274.01 
383 227 289.01 
383 264 282.01 
383 269 304.01 
383 294 287.01 
383 358 272.01 
383 463 298.01 
383 470 280.01 
383 498 287.01 
383 499 273.01 
383 500 297.01 
398 62 290.01 
398 249 296.01 
398 320 266.01 
398 323 280.01 
398 414 291.01 
398 429 288.01 
398 438 269.01 
398 449 282.01 
398 467 297.01 
398 485 265.01 
398 500 309.01 
419 146 276.01 
419 245 281.01 
419 306 257.01 
419 345 269.01 
419 358 274.01 
419 409 257.01 
419 433 289.01 
419 463 267.01 
419 487 274.01 
419 496 291.01 
419 500 277.01 
439 13 267.01 
439 85 269.01 
439 136 265.01 
439 207 279.01 
439 336 315.01 
439 401 288.01 
439 433 286.01 
439 467 284.01 
439 483 284.01 
439 492 331.01 
439 494 290.01 
488 33 266.01 
488 179 290.01 
488 222 304.01 
488 230 296.01 
488 267 253.01 
488 337 252.01 
488 346 272.01 
488 447 267.01 
488 468 287.01 
488 484 287.01 
488 496 239.01 
14 56 309.01 
14 93 280.01 
14 204 287.01 
14 233 283.01 
14 364 279.01 
14 383 284.01 
14 414 287.01 
14 450 282.01 
14 464 290.01 
14 482 289.01 
14 488 267.01 
14 500 266.01 
56 34 296.01 
56 61 287.01 
56 235 278.01 
56 258 274.01 
56 266 318.01 
56 305 271.01 
56 342 269.01 
56 361 276.01 
56 373 283.01 
56 427 277.01 
56 455 322.01 
56 491 268.01 
93 86 279.01 
93 180 274.01 
93 229 274.01 
93 250 260.01 
93 297 270.01 
93 306 297.01 
93 362 268.01 
93 432 264.01 
93 444 252.01 
93 480 272.01 
93 486 283.01 
93 489 260.01 
204 110 290.01 
204 263 265.01 
204 326 297.01 
204 331 236.01 
204 439 265.01 
204 459 268.01 
204 462 297.01 
204 465 241.01 
204 466 262.01 
204 471 248.01 
204 484 278.01 
204 490 268.01 
233 58 283.01 
233 99 249.01 
233 137 269.01 
233 187 267.01 
233 194 253.01 
233 319 274.01 
233 341 267.01 
233 354 262.01 
233 420 300.01 
233 456 267.01 
233 475 263.01 
233 500 277.01 
364 50 262.01 
364 113 277.01 
364 250 282.01 
364 294 287.01 
364 326 250.01 
364 375 267.01 
364 442 274.01 
364 454 303.01 
364 496 277.01 
364 497 282.01 
364 500 289.01 
414 181 274.01 
414 190 268.01 
414 196 263.01 
414 257 293.01 
414 287 263.01 
414 380 252.01 
414 426 287.01 
414 470 267.01 
414 472 285.01 
414 495 272.01 
414 500 294.01 
450 164 278.01 
450 220 295.01 
450 267 266.01 
450 429 264.01 
450 434 305.01 
450 442 262.01 
450 473 274.01 
450 482 253.01 
450 486 292.01 
450 494 269.01 
450 500 266.01 
15 9 245.01 
15 52 287.01 
15 194 279.01 
15 256 259.01 
15 293 286.01 
15 380 284.01 
15 403 274.01 
15 426 266.01 
15 469 286.01 
15 476 237.01 
15 491 285.01 
15 494 274.01 
52 265 281.01 
52 281 288.01 
52 304 274.01 
52 349 291.01 
52 411 287.01 
52 436 298.01 
52 438 286.01 
52 461 268.01 
52 464 289.01 
52 489 260.01 
52 491 280.01 
52 492 307.01 
256 35 269.01 
256 76 265.01 
256 145 269.01 
256 274 282.01 
256 313 288.01 
256 420 297.01 
256 438 270.01 
256 469 274.01 
256 491 299.01 
256 494 262.01 
256 499 275.01 
380 28 263.01 
380 189 270.01 
380 373 254.01 
380 382 257.01 
380 427 294.01 
380 442 281.01 
380 456 273.01 
380 468 290.01 
380 491 242.01 
380 496 257.01 
380 500 245.01 
403 5 262.01 
403 24 265.01 
403 33 266.01 
403 120 275.01 
403 207 285.01 
403 416 260.01 
403 419 258.01 
403 441 285.01 
403 447 288.01 
403 453 266.01 
403 495 276.01 
469 52 263.01 
469 216 272.01 
469 294 314.01 
469 356 286.01 
469 359 294.01 
469 402 289.01 
469 452 260.01 
469 476 270.01 
469 487 252.01 
469 492 280.01 
469 500 256.01 
16 74 294.01 
16 122 265.01 
16 144 288.01 
16 348 290.01 
16 352 242.01 
16 412 297.01 
16 431 285.01 
16 475 280.01 
16 476 282.01 
16 481 262.01 
16 498 302.01 
16 499 256.01 
122 25 293.01 
122 160 314.01 
122 167 275.01 
122 365 282.01 
122 371 286.01 
122 395 307.01 
122 451 283.01 
122 495 306.01 
122 496 280.01 
122 497 285.01 
122 498 297.01 
122 499 291.01 
144 22 249.01 
144 95 289.01 
144 348 287.01 
144 357 287.01 
144 386 250.01 
144 399 265.01 
144 410 270.01 
144 422 295.01 
144 482 295.01 
144 497 307.01 
144 498 273.01 
144 499 278.01 
348 94 311.01 
348 146 275.01 
348 273 261.01 
348 375 307.01 
348 411 296.01 
348 422 273.01 
348 475 252.01 
348 486 292.01 
348 495 281.01 
348 496 296.01 
348 499 283.01 
352 239 272.01 
352 268 247.01 
352 289 312.01 
352 420 294.01 
352 479 289.01 
352 480 290.01 
352 493 300.01 
352 496 304.01 
352 497 304.01 
352 498 276.01 
352 499 307.01 
412 37 275.01 
412 154 269.01 
412 167 255.01 
412 224 252.01 
412 251 260.01 
412 257 274.01 
412 277 278.01 
412 448 265.01 
412 478 263.01 
412 497 305.01 
412 499 276.01 
431 1 255.01 
431 50 251.01 
431 121 268.01 
431 352 273.01 
431 415 257.01 
431 435 290.01 
431 452 272.01 
431 466 256.01 
431 486 270.01 
431 498 269.01 
431 500 263.01 
17 88 274.01 
17 260 270.01 
17 277 242.01 
17 319 300.01 
17 356 282.01 
17 377 303.01 
17 471 290.01 
17 483 307.01 
17 484 288.01 
17 489 308.01 
17 492 318.01 
17 497 254.01 
88 138 311.01 
88 177 306.01 
88 245 270.01 
88 262 281.01 
88 271 293.01 
88 335 295.01 
88 407 275.01 
88 423 241.01 
88 449 287.01 
88 465 268.01 
88 484 289.01 
88 500 298.01 
260 67 241.01 
260 140 270.01 
260 180 278.01 
260 210 298.01 
260 270 297.01 
260 299 281.01 
260 368 264.01 
260 412 300.01 
260 496 260.01 
260 498 286.01 
260 499 292.01 
277 166 296.01 
277 201 247.01 
277 282 304.01 
277 348 319.01 
277 415 267.01 
277 448 271.01 
277 459 283.01 
277 476 265.01 
277 493 263.01 
277 495 288.01 
277 499 271.01 
319 19 266.01 
319 291 270.01 
319 307 254.01 
319 396 272.01 
319 443 268.01 
319 472 263.01 
319 474 253.01 
319 480 295.01 
319 484 278.01 
319 485 286.01 
319 500 261.01 
356 98 276.01 
356 147 264.01 
356 252 292.01 
356 300 280.01 
356 338 274.01 
356 452 241.01 
356 460 283.01 
356 468 284.01 
356 485 283.01 
356 489 257.01 
356 490 296.01 
377 26 256.01 
377 89 267.01 
377 127 278.01 
377 227 262.01 
377 237 260.01 
377 278 291.01 
377 310 253.01 
377 341 280.01 
377 450 238.01 
377 469 290.01 
377 488 243.01 
471 53 247.01 
471 54 250.01 
471 226 280.01 
471 234 257.01 
471 386 265.01 
471 391 274.01 
471 444 258.01 
471 456 295.01 
471 489 260.01 
471 499 257.01 
471 500 255.01 
484 142 260.01 
484 218 287.01 
484 396 295.01 
484 399 301.01 
484 406 272.01 
484 431 305.01 
484 436 279.01 
484 444 293.01 
484 479 298.01 
484 483 302.01 
484 488 270.01 
18 23 279.01 
18 140 254.01 
18 262 294.01 
18 295 256.01 
18 363 285.01 
18 366 289.01 
18 436 249.01 
18 478 289.01 
18 481 285.01 
18 497 277.01 
18 498 257.01 
18 499 278.01 
262 341 267.01 
262 374 269.01 
262 420 279.01 
262 451 277.01 
262 476 289.01 
262 480 262.01 
262 493 273.01 
262 496 282.01 
262 497 278.01 
262 498 272.01 
262 499 273.01 
295 124 307.01 
295 127 287.01 
295 184 280.01 
295 201 297.01 
295 231 290.01 
295 288 279.01 
295 414 245.01 
295 444 305.01 
295 450 271.01 
295 479 312.01 
295 500 277.01 
363 101 274.01 
363 185 284.01 
363 255 293.01 
363 354 280.01 
363 413 278.01 
363 446 274.01 
363 481 305.01 
363 496 265.01 
363 497 306.01 
363 498 268.01 
363 500 276.01 
19 125 257.01 
19 215 282.01 
19 315 290.01 
19 345 296.01 
19 348 270.01 
19 460 267.01 
19 468 295.01 
19 469 284.01 
19 473 282.01 
19 484 289.01 
19 492 289.01 
19 500 285.01 
125 112 291.01 
125 139 282.01 
125 181 277.01 
125 183 281.01 
125 392 293.01 
125 400 268.01 
125 420 299.01 
125 430 294.01 
125 436 299.01 
125 491 270.01 
125 492 287.01 
125 500 275.01 
215 14 256.01 
215 126 251.01 
215 138 286.01 
215 176 297.01 
215 214 309.01 
215 287 245.01 
215 343 248.01 
215 424 254.01 
215 453 272.01 
215 482 295.01 
215 489 258.01 
215 500 264.01 
315 166 287.01 
315 310 286.01 
315 420 279.01 
315 447 261.01 
315 464 269.01 
315 471 263.01 
315 478 294.01 
315 480 267.01 
315 493 273.01 
315 498 281.01 
315 499 284.01 
468 166 257.01 
468 231 287.01 
468 289 272.01 
468 307 262.01 
468 426 245.01 
468 460 276.01 
468 463 283.01 
468 472 284.01 
468 488 276.01 
468 496 263.01 
468 500 270.01 
473 17 265.01 
473 71 272.01 
473 167 270.01 
473 345 256.01 
473 391 261.01 
473 414 273.01 
473 421 274.01 
473 426 264.01 
473 483 270.01 
473 490 281.01 
473 500 243.01 
20 6 314.01 
20 84 259.01 
20 144 271.01 
20 220 292.01 
20 311 299.01 
20 475 300.01 
20 478 303.01 
20 489 293.01 
20 493 315.01 
20 497 264.01 
20 498 283.01 
20 499 312.01 
220 8 275.01 
220 132 265.01 
220 180 272.01 
220 413 288.01 
220 420 292.01 
220 443 283.01 
220 452 255.01 
220 484 279.01 
220 493 292.01 
220 495 265.01 
220 498 296.01 
220 499 279.01 
311 159 279.01 
311 217 272.01 
311 248 264.01 
311 324 283.01 
311 330 295.01 
311 342 275.01 
311 384 300.01 
311 493 284.01 
311 497 279.01 
311 498 280.01 
311 499 280.01 
21 8 278.01 
21 58 284.01 
21 202 298.01 
21 281 299.01 
21 393 297.01 
21 398 271.01 
21 433 302.01 
21 489 286.01 
21 491 265.01 
21 492 276.01 
21 495 289.01 
21 500 294.01 
58 112 229.01 
58 119 265.01 
58 163 289.01 
58 234 275.01 
58 279 271.01 
58 325 301.01 
58 377 264.01 
58 379 251.01 
58 398 244.01 
58 462 296.01 
58 491 305.01 
58 492 292.01 
202 27 267.01 
202 110 290.01 
202 246 269.01 
202 333 273.01 
202 338 308.01 
202 370 275.01 
202 380 276.01 
202 397 304.01 
202 407 296.01 
202 473 280.01 
202 490 277.01 
202 500 279.01 
281 13 292.01 
281 21 265.01 
281 228 297.01 
281 244 295.01 
281 350 265.01 
281 369 277.01 
281 413 274.01 
281 449 273.01 
281 461 278.01 
281 477 263.01 
281 488 302.01 
393 162 267.01 
393 218 233.01 
393 235 284.01 
393 242 282.01 
393 265 311.01 
393 346 289.01 
393 373 278.01 
393 423 272.01 
393 458 264.01 
393 491 269.01 
393 498 272.01 
433 62 292.01 
433 174 252.01 
433 383 306.01 
433 437 277.01 
433 449 307.01 
433 485 296.01 
433 487 256.01 
433 491 275.01 
433 492 293.01 
433 494 266.01 
433 500 264.01 
91 42 299.01 
91 238 282.01 
91 266 272.01 
91 283 291.01 
91 355 284.01 
91 476 295.01 
91 478 294.01 
91 479 266.01 
91 495 281.01 
91 496 289.01 
91 498 284.01 
91 499 293.01 
237 23 271.01 
237 41 291.01 
237 233 283.01 
237 244 265.01 
237 298 246.01 
237 328 287.01 
237 377 295.01 
237 382 286.01 
237 397 284.01 
237 485 281.01 
237 493 278.01 
237 500 272.01 
399 25 275.01 
399 42 295.01 
399 108 267.01 
399 122 261.01 
399 371 280.01 
399 384 265.01 
399 426 284.01 
399 451 283.01 
399 474 282.01 
399 475 281.01 
399 497 270.01 
432 25 276.01 
432 143 271.01 
432 178 310.01 
432 212 273.01 
432 238 284.01 
432 459 290.01 
432 475 308.01 
432 495 274.01 
432 496 294.01 
432 497 278.01 
432 499 284.01 
334 132 267.01 
334 301 254.01 
334 321 268.01 
334 407 256.01 
334 410 261.01 
334 425 256.01 
334 460 269.01 
334 484 265.01 
334 489 274.01 
334 499 264.01 
334 500 254.01 
376 67 270.01 
376 296 291.01 
376 312 254.01 
376 371 289.01 
376 422 284.01 
376 443 287.01 
376 470 283.01 
376 495 260.01 
376 497 296.01 
376 498 284.01 
376 499 268.01 
24 34 307.01 
24 150 279.01 
24 171 273.01 
24 279 272.01 
24 328 293.01 
24 335 303.01 
24 358 311.01 
24 423 276.01 
24 439 295.01 
24 448 294.01 
24 482 305.01 
24 486 247.01 
34 90 277.01 
34 117 280.01 
34 246 291.01 
34 254 274.01 
34 366 272.01 
34 417 240.01 
34 433 303.01 
34 467 298.01 
34 481 277.01 
34 487 280.01 
34 496 254.01 
34 498 277.01 
150 28 271.01 
150 30 294.01 
150 158 285.01 
150 214 275.01 
150 267 274.01 
150 327 294.01 
150 337 258.01 
150 359 290.01 
150 432 284.01 
150 444 262.01 
150 469 317.01 
150 488 286.01 
171 250 267.01 
171 259 270.01 
171 393 252.01 
171 431 264.01 
171 450 270.01 
171 452 265.01 
171 461 280.01 
171 477 261.01 
171 483 234.01 
171 486 306.01 
171 489 293.01 
171 500 261.01 
279 184 269.01 
279 299 267.01 
279 340 272.01 
279 414 274.01 
279 468 279.01 
279 478 285.01 
279 481 278.01 
279 485 270.01 
279 492 256.01 
279 493 317.01 
279 500 263.01 
328 27 272.01 
328 60 274.01 
328 117 268.01 
328 135 266.01 
328 298 263.01 
328 316 265.01 
328 368 223.01 
328 452 285.01 
328 453 294.01 
328 466 264.01 
328 500 256.01 
335 73 248.01 
335 138 287.01 
335 185 267.01 
335 229 258.01 
335 424 265.01 
335 435 285.01 
335 445 259.01 
335 473 274.01 
335 482 284.01 
335 484 267.01 
335 500 263.01 
358 78 263.01 
358 172 276.01 
358 230 259.01 
358 251 262.01 
358 371 274.01 
358 437 289.01 
358 471 274.01 
358 477 242.01 
358 483 299.01 
358 494 294.01 
358 500 258.01 
448 32 247.01 
448 233 292.01 
448 281 280.01 
448 299 267.01 
448 367 318.01 
448 390 269.01 
448 417 274.01 
448 486 255.01 
448 487 299.01 
448 490 309.01 
448 500 285.01 
486 106 259.01 
486 143 286.01 
486 221 252.01 
486 231 265.01 
486 287 267.01 
486 385 271.01 
486 392 270.01 
486 433 269.01 
486 463 248.01 
486 479 277.01 
486 487 286.01 
25 18 284.01 
25 31 313.01 
25 134 295.01 
25 205 292.01 
25 241 248.01 
25 454 253.01 
25 455 264.01 
25 466 264.01 
25 480 272.01 
25 493 288.01 
25 495 306.01 
25 499 282.01 
31 248 259.01 
31 310 268.01 
31 315 277.01 
31 355 280.01 
31 371 278.01 
31 427 275.01 
31 472 271.01 
31 474 268.01 
31 476 255.01 
31 477 257.01 
31 493 285.01 
31 499 311.01 
134 109 255.01 
134 128 282.01 
134 239 253.01 
134 284 276.01 
134 318 294.01 
134 393 298.01 
134 493 272.01 
134 495 265.01 
134 496 279.01 
134 498 268.01 
134 499 292.01 
134 500 267.01 
241 205 255.01 
241 335 274.01 
241 354 277.01 
241 386 279.01 
241 387 272.01 
241 422 279.01 
241 432 256.01 
241 459 269.01 
241 480 290.01 
241 495 293.01 
241 496 281.01 
241 499 276.01 
454 11 272.01 
454 207 306.01 
454 230 284.01 
454 260 268.01 
454 305 284.01 
454 387 293.01 
454 411 242.01 
454 434 274.01 
454 487 278.01 
454 489 305.01 
454 500 278.01 
466 61 252.01 
466 64 254.01 
466 170 277.01 
466 439 271.01 
466 458 292.01 
466 463 264.01 
466 472 268.01 
466 480 271.01 
466 489 268.01 
466 499 263.01 
466 500 285.01 
480 3 306.01 
480 45 275.01 
480 118 260.01 
480 167 276.01 
480 242 280.01 
480 335 302.01 
480 359 296.01 
480 459 271.01 
480 472 290.01 
480 498 264.01 
480 499 288.01 
26 141 289.01 
26 374 281.01 
26 388 278.01 
26 438 264.01 
26 440 278.01 
26 481 278.01 
26 493 277.01 
26 495 249.01 
26 496 260.01 
26 497 280.01 
26 499 287.01 
26 500 276.01 
141 15 295.01 
141 35 293.01 
141 126 291.01 
141 149 296.01 
141 280 284.01 
141 336 293.01 
141 350 284.01 
141 360 275.01 
141 431 265.01 
141 433 287.01 
141 479 285.01 
141 483 285.01 
374 159 294.01 
374 178 280.01 
374 376 304.01 
374 406 252.01 
374 425 280.01 
374 449 277.01 
374 457 288.01 
374 470 276.01 
374 475 262.01 
374 481 272.01 
374 498 262.01 
388 153 277.01 
388 191 271.01 
388 252 297.01 
388 255 284.01 
388 352 280.01 
388 418 302.01 
388 459 277.01 
388 493 271.01 
388 496 314.01 
388 497 280.01 
388 499 298.01 
438 96 288.01 
438 133 286.01 
438 181 271.01 
438 187 280.01 
438 274 278.01 
438 372 309.01 
438 408 289.01 
438 455 256.01 
438 473 284.01 
438 494 293.01 
438 500 293.01 
440 7 292.01 
440 9 249.01 
440 24 303.01 
440 365 259.01 
440 372 253.01 
440 393 257.01 
440 425 269.01 
440 436 269.01 
440 462 313.01 
440 467 289.01 
440 500 287.01 
27 148 270.01 
27 254 257.01 
27 320 277.01 
27 383 275.01 
27 392 285.01 
27 416 274.01 
27 441 255.01 
27 479 247.01 
27 482 289.01 
27 483 308.01 
27 488 281.01 
27 500 273.01 
148 131 285.01 
148 176 280.01 
148 238 284.01 
148 300 268.01 
148 350 295.01 
148 358 286.01 
148 394 306.01 
148 435 296.01 
148 465 276.01 
148 472 276.01 
148 494 302.01 
148 500 296.01 
254 107 282.01 
254 149 279.01 
254 161 292.01 
254 230 281.01 
254 278 306.01 
254 401 276.01 
254 404 263.01 
254 421 281.01 
254 439 245.01 
254 488 293.01 
254 499 275.01 
320 73 284.01 
320 189 279.01 
320 192 272.01 
320 196 280.01 
320 210 312.01 
320 313 258.01 
320 316 300.01 
320 328 297.01 
320 436 265.01 
320 486 285.01 
320 494 282.01 
392 49 286.01 
392 54 282.01 
392 151 294.01 
392 152 287.01 
392 350 267.01 
392 389 255.01 
392 401 263.01 
392 437 280.01 
392 442 285.01 
392 491 266.01 
392 499 283.01 
416 148 261.01 
416 182 267.01 
416 225 283.01 
416 286 244.01 
416 354 285.01 
416 373 303.01 
416 380 274.01 
416 483 274.01 
416 493 268.01 
416 499 268.01 
416 500 261.01 
441 33 265.01 
441 214 272.01 
441 228 278.01 
441 243 264.01 
441 271 275.01 
441 387 276.01 
441 461 289.01 
441 472 266.01 
441 483 257.01 
441 498 272.01 
441 500 272.01 
28 19 243.01 
28 68 282.01 
28 91 273.01 
28 218 273.01 
28 232 275.01 
28 359 265.01 
28 370 272.01 
28 438 284.01 
28 441 280.01 
28 483 253.01 
28 490 272.01 
28 500 259.01 
68 80 285.01 
68 112 263.01 
68 216 267.01 
68 307 278.01 
68 341 254.01 
68 360 272.01 
68 372 284.01 
68 479 271.01 
68 485 290.01 
68 488 289.01 
68 489 255.01 
68 500 259.01 
218 48 274.01 
218 286 251.01 
218 357 243.01 
218 389 282.01 
218 397 256.01 
218 401 273.01 
218 421 269.01 
218 428 256.01 
218 433 275.01 
218 444 268.01 
218 465 271.01 
218 491 283.01 
232 63 288.01 
232 249 302.01 
232 278 277.01 
232 305 299.01 
232 386 272.01 
232 425 270.01 
232 444 274.01 
232 469 250.01 
232 486 274.01 
232 491 307.01 
232 497 263.01 
232 500 299.01 
359 176 267.01 
359 247 289.01 
359 318 259.01 
359 336 287.01 
359 339 268.01 
359 364 260.01 
359 377 262.01 
359 423 304.01 
359 435 254.01 
359 488 264.01 
359 492 290.01 
370 5 258.01 
370 177 300.01 
370 458 283.01 
370 464 289.01 
370 471 266.01 
370 479 286.01 
370 482 247.01 
370 484 273.01 
370 487 260.01 
370 499 270.01 
370 500 251.01 
490 60 246.01 
490 165 250.01 
490 221 249.01 
490 362 266.01 
490 386 257.01 
490 390 266.01 
490 425 249.01 
490 434 245.01 
490 489 262.01 
490 492 274.01 
490 500 252.01 
29 100 289.01 
29 215 272.01 
29 237 289.01 
29 239 280.01 
29 243 279.01 
29 309 244.01 
29 314 280.01 
29 454 313.01 
29 489 278.01 
29 491 298.01 
29 499 287.01 
29 500 273.01 
100 34 264.01 
100 115 294.01 
100 340 276.01 
100 428 291.01 
100 451 286.01 
100 470 279.01 
100 471 270.01 
100 479 260.01 
100 482 271.01 
100 496 238.01 
100 499 280.01 
100 500 260.01 
239 3 269.01 
239 91 275.01 
239 242 279.01 
239 257 263.01 
239 260 301.01 
239 284 259.01 
239 289 303.01 
239 410 265.01 
239 426 288.01 
239 481 263.01 
239 496 287.01 
239 499 278.01 
243 142 291.01 
243 172 260.01 
243 192 252.01 
243 326 269.01 
243 356 300.01 
243 429 250.01 
243 442 286.01 
243 447 243.01 
243 471 274.01 
243 472 251.01 
243 485 264.01 
243 490 260.01 
309 68 285.01 
309 104 266.01 
309 142 286.01 
309 320 273.01 
309 385 278.01 
309 423 274.01 
309 434 262.01 
309 462 294.01 
309 482 281.01 
309 492 288.01 
309 500 268.01 
314 102 270.01 
314 163 285.01 
314 272 262.01 
314 279 286.01 
314 349 317.01 
314 364 259.01 
314 381 281.01 
314 415 265.01 
314 419 279.01 
314 442 276.01 
314 490 263.01 
30 115 267.01 
30 197 240.01 
30 244 247.01 
30 318 255.01 
30 328 255.01 
30 351 286.01 
30 400 267.01 
30 434 278.01 
30 448 290.01 
30 486 283.01 
30 498 261.01 
30 500 265.01 
115 109 257.01 
115 123 294.01 
115 206 291.01 
115 228 282.01 
115 343 283.01 
115 364 304.01 
115 428 290.01 
115 431 276.01 
115 464 260.01 
115 486 282.01 
115 488 258.01 
115 499 274.01 
197 174 258.01 
197 236 273.01 
197 338 277.01 
197 360 268.01 
197 361 295.01 
197 398 275.01 
197 437 291.01 
197 445 277.01 
197 466 268.01 
197 473 235.01 
197 492 274.01 
197 494 276.01 
244 57 258.01 
244 168 276.01 
244 177 296.01 
244 203 267.01 
244 321 277.01 
244 349 293.01 
244 367 294.01 
244 407 252.01 
244 428 282.01 
244 471 272.01 
244 473 294.01 
244 500 278.01 
318 24 275.01 
318 199 264.01 
318 217 268.01 
318 269 282.01 
318 299 263.01 
318 323 255.01 
318 341 273.01 
318 385 278.01 
318 490 285.01 
318 495 260.01 
318 500 286.01 
351 42 276.01 
351 85 229.01 
351 94 271.01 
351 116 288.01 
351 347 279.01 
351 410 274.01 
351 413 250.01 
351 427 294.01 
351 459 258.01 
351 498 272.01 
351 499 261.01 
434 72 280.01 
434 103 265.01 
434 149 278.01 
434 313 263.01 
434 341 281.01 
434 416 266.01 
434 435 302.01 
434 474 286.01 
434 487 272.01 
434 489 303.01 
434 500 253.01 
248 37 297.01 
248 66 290.01 
248 339 284.01 
248 367 280.01 
248 410 279.01 
248 411 260.01 
248 481 291.01 
248 494 283.01 
248 495 295.01 
248 498 260.01 
248 499 302.01 
310 51 250.01 
310 95 289.01 
310 268 292.01 
310 327 277.01 
310 415 305.01 
310 474 287.01 
310 475 278.01 
310 494 264.01 
310 497 270.01 
310 498 286.01 
310 500 263.01 
355 22 301.01 
355 26 270.01 
355 174 266.01 
355 257 264.01 
355 268 296.01 
355 404 291.01 
355 474 301.01 
355 495 279.01 
355 497 297.01 
355 498 309.01 
355 499 282.01 
371 67 286.01 
371 115 282.01 
371 138 293.01 
371 220 301.01 
371 342 281.01 
371 350 259.01 
371 451 277.01 
371 486 296.01 
371 497 260.01 
371 498 268.01 
371 499 247.01 
32 4 261.01 
32 154 271.01 
32 198 285.01 
32 271 288.01 
32 321 261.01 
32 341 310.01 
32 361 281.01 
32 409 265.01 
32 441 275.01 
32 461 278.01 
32 484 289.01 
32 500 287.01 
154 23 279.01 
154 46 283.01 
154 283 293.01 
154 386 286.01 
154 457 284.01 
154 470 277.01 
154 475 290.01 
154 493 297.01 
154 495 302.01 
154 496 299.01 
154 498 288.01 
154 499 299.01 
198 6 276.01 
198 97 258.01 
198 140 270.01 
198 383 262.01 
198 388 272.01 
198 390 293.01 
198 414 281.01 
198 443 261.01 
198 487 279.01 
198 488 278.01 
198 490 271.01 
198 500 239.01 
271 273 287.01 
271 275 268.01 
271 321 286.01 
271 387 298.01 
271 463 302.01 
271 487 292.01 
271 489 282.01 
271 490 259.01 
271 495 295.01 
271 497 260.01 
271 500 283.01 
321 24 269.01 
321 46 269.01 
321 269 269.01 
321 302 291.01 
321 336 266.01 
321 444 255.01 
321 461 258.01 
321 463 274.01 
321 487 289.01 
321 499 266.01 
321 500 264.01 
341 287 257.01 
341 317 258.01 
341 395 295.01 
341 406 299.01 
341 482 287.01 
341 483 277.01 
341 485 269.01 
341 487 313.01 
341 496 267.01 
341 497 259.01 
341 500 270.01 
361 129 279.01 
361 141 295.01 
361 246 273.01 
361 254 285.01 
361 306 295.01 
361 367 290.01 
361 417 308.01 
361 421 300.01 
361 432 278.01 
361 433 281.01 
361 478 299.01 
33 68 264.01 
33 125 296.01 
33 187 270.01 
33 188 267.01 
33 271 259.01 
33 381 254.01 
33 408 270.01 
33 446 290.01 
33 460 274.01 
33 489 267.01 
33 491 278.01 
33 500 268.01 
187 13 266.01 
187 64 277.01 
187 167 263.01 
187 333 280.01 
187 337 294.01 
187 458 239.01 
187 463 275.01 
187 467 284.01 
187 484 296.01 
187 485 273.01 
187 498 253.01 
187 500 263.01 
381 39 256.01 
381 53 240.01 
381 75 270.01 
381 156 267.01 
381 291 236.01 
381 315 292.01 
381 462 268.01 
381 488 250.01 
381 493 273.01 
381 497 260.01 
381 500 249.01 
408 28 285.01 
408 105 265.01 
408 208 258.01 
408 297 271.01 
408 448 269.01 
408 449 291.01 
408 452 261.01 
408 486 267.01 
408 490 275.01 
408 493 247.01 
408 500 282.01 
446 16 276.01 
446 241 314.01 
446 384 279.01 
446 395 294.01 
446 422 296.01 
446 480 292.01 
446 485 305.01 
446 496 313.01 
446 497 301.01 
446 498 277.01 
446 499 319.01 
90 131 282.01 
90 177 293.01 
90 179 299.01 
90 297 269.01 
90 323 265.01 
90 400 318.01 
90 462 285.01 
90 479 290.01 
90 487 290.01 
90 489 277.01 
90 494 279.01 
90 500 337.01 
117 20 317.01 
117 229 276.01 
117 253 320.01 
117 312 270.01 
117 391 292.01 
117 433 288.01 
117 462 265.01 
117 464 289.01 
117 491 274.01 
117 492 278.01 
117 494 301.01 
117 500 266.01 
467 123 253.01 
467 148 271.01 
467 285 293.01 
467 424 285.01 
467 437 278.01 
467 453 296.01 
467 458 285.01 
467 464 262.01 
467 486 266.01 
467 491 271.01 
467 500 289.01 
35 76 281.01 
35 126 278.01 
35 303 279.01 
35 329 260.01 
35 385 290.01 
35 417 288.01 
35 429 289.01 
35 453 319.01 
35 465 308.01 
35 471 257.01 
35 487 272.01 
35 494 285.01 
76 21 258.01 
76 96 307.01 
76 157 269.01 
76 221 273.01 
76 266 269.01 
76 327 290.01 
76 352 282.01 
76 394 258.01 
76 480 311.01 
76 481 259.01 
76 492 232.01 
76 494 285.01 
126 15 265.01 
126 19 299.01 
126 370 278.01 
126 392 304.01 
126 397 257.01 
126 438 286.01 
126 444 267.01 
126 445 260.01 
126 446 276.01 
126 479 294.01 
126 494 278.01 
126 500 286.01 
303 162 257.01 
303 196 262.01 
303 222 251.01 
303 269 271.01 
303 354 286.01 
303 363 285.01 
303 439 275.01 
303 469 284.01 
303 490 268.01 
303 499 254.01 
303 500 281.01 
329 15 299.01 
329 278 283.01 
329 294 292.01 
329 301 289.01 
329 334 259.01 
329 350 307.01 
329 364 293.01 
329 374 292.01 
329 433 288.01 
329 449 277.01 
329 494 287.01 
385 177 256.01 
385 190 274.01 
385 202 272.01 
385 308 286.01 
385 366 249.01 
385 409 274.01 
385 471 265.01 
385 472 265.01 
385 475 270.01 
385 478 248.01 
385 500 267.01 
429 120 262.01 
429 231 281.01 
429 280 290.01 
429 290 295.01 
429 294 297.01 
429 308 285.01 
429 377 263.01 
429 462 284.01 
429 473 232.01 
429 494 283.01 
429 500 310.01 
453 58 264.01 
453 127 291.01 
453 205 240.01 
453 211 261.01 
453 228 299.01 
453 290 288.01 
453 391 260.01 
453 430 270.01 
453 468 265.01 
453 492 275.01 
453 494 301.01 
36 107 303.01 
36 276 285.01 
36 285 276.01 
36 297 274.01 
36 326 274.01 
36 350 309.01 
36 360 283.01 
36 430 290.01 
36 437 279.01 
36 447 259.01 
36 494 280.01 
36 500 287.01 
107 130 263.01 
107 204 263.01 
107 281 284.01 
107 314 260.01 
107 439 278.01 
107 453 292.01 
107 466 258.01 
107 467 275.01 
107 491 279.01 
107 494 255.01 
107 496 263.01 
107 500 262.01 
276 39 280.01 
276 103 270.01 
276 123 261.01 
276 378 287.01 
276 394 251.01 
276 460 294.01 
276 461 301.01 
276 473 292.01 
276 483 257.01 
276 498 275.01 
276 500 254.01 
285 65 277.01 
285 182 286.01 
285 298 280.01 
285 302 264.01 
285 424 297.01 
285 435 269.01 
285 436 279.01 
285 454 287.01 
285 455 279.01 
285 490 289.01 
285 500 270.01 
297 347 285.01 
297 372 273.01 
297 403 289.01 
297 423 269.01 
297 442 256.01 
297 459 259.01 
297 485 281.01 
297 489 252.01 
297 491 253.01 
297 492 267.01 
297 494 271.01 
326 12 295.01 
326 168 301.01 
326 204 270.01 
326 319 299.01 
326 408 306.01 
326 429 282.01 
326 453 310.01 
326 466 269.01 
326 467 265.01 
326 477 271.01 
326 492 278.01 
350 41 290.01 
350 129 284.01 
350 245 289.01 
350 326 283.01 
350 362 288.01 
350 370 310.01 
350 416 282.01 
350 447 302.01 
350 462 277.01 
350 475 269.01 
350 492 297.01 
360 151 278.01 
360 189 260.01 
360 309 227.01 
360 365 290.01 
360 370 257.01 
360 411 271.01 
360 415 265.01 
360 430 276.01 
360 482 267.01 
360 494 276.01 
360 500 256.01 
437 106 243.01 
437 197 270.01 
437 206 258.01 
437 384 283.01 
437 390 268.01 
437 436 273.01 
437 438 277.01 
437 465 302.01 
437 476 263.01 
437 481 266.01 
437 494 298.01 
37 45 308.01 
37 99 304.01 
37 153 272.01 
37 341 270.01 
37 384 281.01 
37 426 269.01 
37 432 321.01 
37 493 282.01 
37 497 327.01 
37 498 259.01 
37 499 272.01 
37 500 255.01 
45 71 272.01 
45 94 271.01 
45 134 279.01 
45 160 250.01 
45 208 265.01 
45 248 280.01 
45 343 282.01 
45 474 237.01 
45 484 254.01 
45 497 277.01 
45 498 253.01 
45 499 275.01 
99 136 249.01 
99 181 287.01 
99 236 275.01 
99 418 258.01 
99 456 292.01 
99 457 246.01 
99 475 298.01 
99 476 283.01 
99 493 279.01 
99 495 268.01 
99 498 271.01 
99 499 262.01 
153 31 301.01 
153 166 290.01 
153 224 266.01 
153 283 275.01 
153 355 271.01 
153 457 267.01 
153 474 262.01 
153 483 257.01 
153 487 280.01 
153 494 260.01 
153 499 280.01 
153 500 266.01 
384 11 288.01 
384 36 297.01 
384 120 251.01 
384 139 270.01 
384 144 284.01 
384 451 294.01 
384 491 274.01 
384 495 273.01 
384 497 271.01 
384 498 281.01 
384 499 269.01 
38 112 298.01 
38 324 258.01 
38 351 265.01 
38 378 330.01 
38 421 262.01 
38 450 280.01 
38 456 257.01 
38 470 274.01 
38 477 282.01 
38 482 284.01 
38 485 296.01 
38 500 283.01 
112 47 252.01 
112 280 294.01 
112 296 279.01 
112 374 283.01 
112 396 328.01 
112 429 294.01 
112 440 300.01 
112 476 269.01 
112 489 309.01 
112 490 273.01 
112 494 267.01 
112 495 253.01 
324 51 259.01 
324 61 263.01 
324 176 270.01 
324 377 256.01 
324 382 268.01 
324 452 250.01 
324 457 286.01 
324 458 269.01 
324 483 257.01 
324 487 247.01 
324 499 283.01 
378 71 293.01 
378 267 287.01 
378 355 278.01 
378 361 299.01 
378 366 288.01 
378 391 235.01 
378 414 287.01 
378 456 281.01 
378 469 267.01 
378 491 273.01 
378 492 301.01 
421 170 281.01 
421 206 269.01 
421 215 283.01 
421 222 282.01 
421 228 295.01 
421 265 273.01 
421 274 263.01 
421 424 262.01 
421 467 285.01 
421 490 291.01 
421 500 258.01 
39 168 284.01 
39 253 297.01 
39 295 248.01 
39 296 276.01 
39 309 251.01 
39 344 258.01 
39 382 253.01 
39 442 263.01 
39 457 265.01 
39 465 280.01 
39 482 296.01 
39 487 246.01 
168 76 272.01 
168 135 242.01 
168 203 266.01 
168 323 307.01 
168 397 280.01 
168 415 269.01 
168 434 281.01 
168 437 283.01 
168 464 266.01 
168 476 230.01 
168 481 290.01 
168 498 255.01 
253 24 301.01 
253 229 271.01 
253 271 260.01 
253 305 289.01 
253 358 284.01 
253 427 267.01 
253 473 282.01 
253 481 293.01 
253 490 272.01 
253 491 266.01 
253 500 271.01 
296 185 266.01 
296 224 278.01 
296 257 275.01 
296 317 255.01 
296 352 295.01 
296 417 272.01 
296 471 283.01 
296 474 289.01 
296 478 283.01 
296 496 262.01 
296 499 268.01 
344 30 269.01 
344 42 259.01 
344 170 278.01 
344 251 282.01 
344 303 267.01 
344 439 287.01 
344 473 312.01 
344 488 283.01 
344 490 269.01 
344 494 274.01 
344 500 267.01 
382 16 267.01 
382 29 288.01 
382 40 265.01 
382 179 276.01 
382 198 278.01 
382 364 282.01 
382 410 242.01 
382 484 277.01 
382 489 274.01 
382 496 244.01 
382 500 270.01 
442 73 291.01 
442 337 293.01 
442 338 296.01 
442 388 262.01 
442 411 280.01 
442 435 276.01 
442 441 264.01 
442 471 259.01 
442 485 280.01 
442 487 269.01 
442 500 284.01 
40 48 281.01 
40 88 274.01 
40 193 248.01 
40 206 266.01 
40 343 302.01 
40 403 280.01 
40 455 271.01 
40 471 277.01 
40 485 279.01 
40 488 290.01 
40 492 294.01 
40 500 264.01 
193 163 296.01 
193 187 266.01 
193 254 277.01 
193 297 267.01 
193 302 278.01 
193 335 272.01 
193 359 277.01 
193 469 281.01 
193 472 271.01 
193 484 283.01 
193 486 265.01 
193 500 266.01 
206 43 285.01 
206 158 292.01 
206 203 251.01 
206 204 267.01 
206 236 253.01 
206 299 247.01 
206 311 279.01 
206 312 294.01 
206 338 292.01 
206 423 265.01 
206 491 282.01 
206 492 273.01 
343 94 279.01 
343 148 275.01 
343 217 277.01 
343 294 284.01 
343 394 275.01 
343 458 260.01 
343 476 321.01 
343 489 265.01 
343 496 268.01 
343 497 278.01 
343 500 279.01 
41 64 295.01 
41 112 264.01 
41 158 272.01 
41 207 329.01 
41 405 305.01 
41 428 305.01 
41 438 295.01 
41 473 292.01 
41 484 285.01 
41 488 294.01 
41 492 269.01 
41 500 280.01 
64 84 275.01 
64 196 283.01 
64 279 291.01 
64 292 269.01 
64 322 251.01 
64 358 287.01 
64 367 269.01 
64 390 253.01 
64 445 280.01 
64 454 277.01 
64 474 248.01 
64 500 282.01 
158 13 258.01 
158 47 271.01 
158 232 280.01 
158 334 286.01 
158 346 269.01 
158 369 260.01 
158 423 264.01 
158 430 270.01 
158 467 287.01 
158 492 262.01 
158 493 261.01 
158 494 269.01 
207 4 277.01 
207 184 246.01 
207 291 276.01 
207 329 290.01 
207 372 258.01 
207 405 273.01 
207 417 274.01 
207 430 284.01 
207 458 280.01 
207 485 258.01 
207 494 239.01 
207 500 244.01 
42 6 275.01 
42 208 292.01 
42 219 289.01 
42 252 291.01 
42 265 298.01 
42 289 272.01 
42 369 283.01 
42 388 293.01 
42 478 257.01 
42 488 311.01 
42 495 274.01 
42 499 276.01 
208 153 312.01 
208 257 280.01 
208 276 281.01 
208 318 247.01 
208 376 282.01 
208 379 281.01 
208 384 292.01 
208 388 283.01 
208 412 278.01 
208 427 308.01 
208 493 284.01 
208 499 287.01 
219 78 262.01 
219 149 277.01 
219 197 257.01 
219 211 303.01 
219 280 288.01 
219 299 238.01 
219 331 270.01 
219 430 258.01 
219 471 255.01 
219 494 292.01 
219 497 258.01 
219 500 289.01 
252 45 297.01 
252 224 274.01 
252 323 293.01 
252 363 285.01 
252 409 266.01 
252 448 263.01 
252 481 275.01 
252 482 277.01 
252 493 268.01 
252 496 275.01 
252 499 258.01 
265 3 279.01 
265 47 295.01 
265 186 257.01 
265 263 289.01 
265 286 272.01 
265 375 315.01 
265 392 284.01 
265 472 305.01 
265 489 280.01 
265 490 280.01 
265 495 265.01 
289 51 285.01 
289 89 298.01 
289 128 259.01 
289 353 276.01 
289 396 262.01 
289 406 279.01 
289 446 284.01 
289 482 279.01 
289 486 286.01 
289 497 280.01 
289 499 251.01 
43 60 297.01 
43 313 275.01 
43 343 277.01 
43 354 278.01 
43 397 274.01 
43 407 261.01 
43 415 280.01 
43 437 282.01 
43 448 303.01 
43 466 291.01 
43 489 296.01 
43 500 282.01 
60 257 247.01 
60 281 289.01 
60 344 263.01 
60 375 273.01 
60 384 280.01 
60 408 271.01 
60 461 279.01 
60 470 273.01 
60 479 264.01 
60 482 292.01 
60 487 281.01 
60 500 264.01 
313 92 273.01 
313 100 247.01 
313 117 259.01 
313 227 239.01 
313 301 275.01 
313 361 301.01 
313 417 291.01 
313 429 257.01 
313 435 274.01 
313 449 275.01 
313 498 263.01 
354 57 252.01 
354 71 290.01 
354 77 268.01 
354 186 243.01 
354 249 281.01 
354 278 305.01 
354 318 287.01 
354 334 268.01 
354 431 283.01 
354 492 280.01 
354 496 270.01 
397 46 296.01 
397 132 279.01 
397 201 276.01 
397 338 289.01 
397 398 266.01 
397 404 267.01 
397 430 295.01 
397 444 273.01 
397 449 263.01 
397 460 294.01 
397 462 303.01 
407 87 270.01 
407 287 281.01 
407 302 260.01 
407 305 299.01 
407 325 291.01 
407 340 289.01 
407 367 315.01 
407 422 288.01 
407 445 294.01 
407 497 255.01 
407 500 271.01 
415 14 286.01 
415 115 273.01 
415 234 286.01 
415 275 268.01 
415 314 252.01 
415 329 274.01 
415 426 257.01 
415 432 278.01 
415 450 285.01 
415 458 255.01 
415 477 246.01 
87 9 293.01 
87 83 277.01 
87 113 283.01 
87 144 225.01 
87 302 272.01 
87 307 258.01 
87 308 274.01 
87 405 312.01 
87 419 272.01 
87 442 281.01 
87 458 269.01 
87 500 267.01 
161 20 286.01 
161 58 282.01 
161 90 274.01 
161 102 279.01 
161 320 249.01 
161 462 271.01 
161 471 266.01 
161 492 287.01 
161 493 282.01 
161 497 255.01 
161 498 281.01 
161 500 272.01 
211 36 303.01 
211 189 295.01 
211 198 278.01 
211 293 325.01 
211 301 293.01 
211 338 280.01 
211 392 304.01 
211 436 297.01 
211 461 236.01 
211 474 284.01 
211 491 290.01 
211 499 274.01 
71 78 276.01 
71 314 288.01 
71 337 300.01 
71 398 309.01 
71 416 261.01 
71 440 277.01 
71 469 259.01 
71 485 277.01 
71 489 266.01 
71 490 268.01 
71 494 267.01 
71 500 251.01 
94 122 281.01 
94 308 277.01 
94 395 282.01 
94 399 282.01 
94 400 279.01 
94 426 263.01 
94 427 266.01 
94 446 309.01 
94 495 303.01 
94 496 280.01 
94 497 273.01 
94 499 279.01 
160 74 298.01 
160 180 299.01 
160 212 280.01 
160 416 273.01 
160 474 291.01 
160 476 299.01 
160 486 269.01 
160 496 260.01 
160 497 276.01 
160 498 284.01 
160 499 274.01 
160 500 249.01 
46 56 294.01 
46 65 282.01 
46 116 244.01 
46 141 271.01 
46 232 261.01 
46 314 265.01 
46 350 261.01 
46 461 286.01 
46 485 305.01 
46 491 294.01 
46 494 263.01 
46 499 270.01 
65 155 260.01 
65 168 324.01 
65 173 286.01 
65 186 232.01 
65 203 275.01 
65 361 288.01 
65 402 273.01 
65 415 307.01 
65 440 300.01 
65 445 302.01 
65 447 274.01 
65 481 273.01 
116 131 292.01 
116 139 276.01 
116 356 261.01 
116 362 283.01 
116 464 285.01 
116 469 285.01 
116 482 288.01 
116 484 266.01 
116 487 275.01 
116 488 264.01 
116 497 271.01 
116 500 282.01 
47 149 275.01 
47 240 262.01 
47 247 275.01 
47 304 281.01 
47 313 277.01 
47 316 294.01 
47 347 263.01 
47 409 255.01 
47 453 275.01 
47 467 278.01 
47 488 273.01 
47 500 255.01 
149 1 279.01 
149 105 264.01 
149 263 275.01 
149 324 272.01 
149 325 277.01 
149 326 279.01 
149 378 279.01 
149 437 284.01 
149 449 273.01 
149 494 307.01 
149 495 270.01 
149 500 257.01 
240 44 293.01 
240 228 283.01 
240 229 258.01 
240 254 248.01 
240 274 303.01 
240 316 285.01 
240 412 266.01 
240 430 266.01 
240 447 290.01 
240 479 280.01 
240 489 272.01 
240 491 309.01 
304 153 269.01 
304 161 283.01 
304 236 235.01 
304 331 278.01 
304 346 259.01 
304 404 272.01 
304 455 243.01 
304 465 277.01 
304 475 261.01 
304 482 281.01 
304 492 299.01 
316 36 297.01 
316 90 275.01 
316 104 269.01 
316 201 309.01 
316 219 244.01 
316 271 286.01 
316 323 307.01 
316 366 273.01 
316 436 299.01 
316 483 270.01 
316 487 283.01 
347 96 309.01 
347 228 286.01 
347 309 253.01 
347 343 319.01 
347 373 293.01 
347 440 299.01 
347 465 282.01 
347 489 272.01 
347 492 274.01 
347 498 285.01 
347 499 263.01 
325 34 302.01 
325 279 265.01 
325 342 292.01 
325 389 302.01 
325 395 273.01 
325 421 287.01 
325 462 313.01 
325 465 245.01 
325 467 295.01 
325 468 271.01 
325 500 260.01 
353 59 286.01 
353 221 277.01 
353 260 288.01 
353 337 279.01 
353 395 267.01 
353 451 243.01 
353 481 267.01 
353 488 267.01 
353 495 242.01 
353 496 261.01 
353 499 307.01 
445 150 266.01 
445 162 278.01 
445 250 273.01 
445 314 273.01 
445 381 280.01 
445 444 259.01 
445 449 282.01 
445 459 290.01 
445 467 254.01 
445 488 293.01 
445 500 276.01 
49 22 263.01 
49 106 253.01 
49 208 248.01 
49 268 258.01 
49 296 274.01 
49 427 245.01 
49 438 259.01 
49 453 273.01 
49 493 272.01 
49 495 243.01 
49 498 240.01 
49 499 278.01 
106 8 274.01 
106 88 275.01 
106 164 280.01 
106 263 271.01 
106 286 254.01 
106 383 297.01 
106 396 270.01 
106 425 277.01 
106 442 292.01 
106 497 312.01 
106 498 264.01 
106 500 266.01 
268 32 240.01 
268 82 255.01 
268 145 268.01 
268 260 261.01 
268 371 292.01 
268 376 288.01 
268 412 268.01 
268 495 253.01 
268 496 249.01 
268 497 257.01 
268 498 273.01 
155 197 222.01 
155 249 291.01 
155 263 265.01 
155 361 278.01 
155 421 273.01 
155 424 276.01 
155 429 266.01 
155 449 285.01 
155 484 275.01 
155 491 268.01 
155 496 304.01 
155 499 273.01 
234 78 277.01 
234 259 260.01 
234 264 292.01 
234 317 280.01 
234 372 292.01 
234 382 265.01 
234 387 304.01 
234 453 282.01 
234 475 299.01 
234 482 295.01 
234 492 256.01 
234 500 284.01 
362 215 256.01 
362 332 272.01 
362 368 263.01 
362 404 259.01 
362 406 241.01 
362 469 269.01 
362 470 257.01 
362 476 262.01 
362 489 291.01 
362 490 271.01 
362 493 266.01 
390 282 280.01 
390 345 251.01 
390 383 264.01 
390 433 301.01 
390 450 262.01 
390 471 270.01 
390 477 262.01 
390 486 272.01 
390 497 290.01 
390 499 264.01 
390 500 265.01 
51 54 282.01 
51 69 293.01 
51 140 308.01 
51 195 271.01 
51 198 310.01 
51 298 274.01 
51 310 269.01 
51 443 264.01 
51 451 306.01 
51 496 265.01 
51 497 277.01 
51 499 297.01 
54 32 249.01 
54 36 280.01 
54 175 286.01 
54 213 307.01 
54 214 257.01 
54 250 268.01 
54 320 252.01 
54 347 271.01 
54 429 277.01 
54 461 293.01 
54 465 280.01 
54 495 258.01 
69 29 263.01 
69 180 282.01 
69 241 285.01 
69 251 282.01 
69 379 288.01 
69 399 304.01 
69 422 285.01 
69 478 267.01 
69 494 270.01 
69 496 287.01 
69 498 259.01 
69 499 307.01 
195 66 271.01 
195 172 274.01 
195 282 272.01 
195 379 292.01 
195 450 275.01 
195 457 286.01 
195 474 247.01 
195 481 241.01 
195 495 269.01 
195 496 267.01 
195 498 270.01 
195 499 292.01 
298 198 291.01 
298 240 274.01 
298 259 268.01 
298 264 286.01 
298 378 296.01 
298 394 282.01 
298 429 264.01 
298 479 274.01 
298 487 277.01 
298 488 305.01 
298 490 307.01 
349 52 268.01 
349 250 263.01 
349 325 290.01 
349 338 233.01 
349 447 235.01 
349 463 263.01 
349 465 255.01 
349 470 266.01 
349 485 272.01 
349 491 230.01 
349 500 250.01 
142 55 291.01 
142 214 270.01 
142 223 274.01 
142 230 266.01 
142 302 273.01 
142 308 248.01 
142 324 316.01 
142 395 278.01 
142 445 272.01 
142 454 259.01 
142 466 258.01 
142 472 280.01 
225 44 258.01 
225 64 271.01 
225 100 241.01 
225 178 284.01 
225 202 261.01 
225 318 284.01 
225 377 305.01 
225 413 271.01 
225 434 254.01 
225 466 281.01 
225 483 291.01 
225 500 241.01 
306 86 279.01 
306 113 270.01 
306 244 274.01 
306 317 258.01 
306 446 283.01 
306 464 280.01 
306 479 261.01 
306 488 248.01 
306 495 282.01 
306 496 263.01 
306 500 258.01 
175 34 290.01 
175 183 278.01 
175 213 259.01 
175 217 257.01 
175 219 271.01 
175 230 298.01 
175 258 278.01 
175 263 293.01 
175 453 285.01 
175 467 278.01 
175 479 260.01 
175 492 268.01 
213 7 264.01 
213 41 274.01 
213 128 273.01 
213 130 277.01 
213 156 278.01 
213 235 263.01 
213 246 280.01 
213 268 283.01 
213 440 304.01 
213 449 266.01 
213 455 270.01 
213 491 259.01 
214 14 290.01 
214 39 274.01 
214 97 268.01 
214 192 272.01 
214 323 279.01 
214 375 290.01 
214 451 254.01 
214 463 245.01 
214 469 242.01 
214 470 286.01 
214 499 254.01 
214 500 275.01 
250 68 290.01 
250 182 292.01 
250 336 278.01 
250 354 266.01 
250 386 296.01 
250 387 296.01 
250 401 262.01 
250 466 283.01 
250 490 290.01 
250 497 272.01 
250 500 289.01 
55 15 245.01 
55 28 263.01 
55 62 293.01 
55 173 262.01 
55 322 266.01 
55 405 280.01 
55 437 265.01 
55 477 241.01 
55 480 253.01 
55 484 277.01 
55 494 290.01 
55 500 263.01 
62 224 251.01 
62 226 289.01 
62 258 287.01 
62 329 299.01 
62 331 268.01 
62 349 268.01 
62 369 252.01 
62 398 264.01 
62 407 255.01 
62 440 259.01 
62 492 266.01 
62 493 262.01 
173 68 258.01 
173 127 296.01 
173 165 287.01 
173 174 263.01 
173 182 288.01 
173 191 285.01 
173 254 266.01 
173 290 264.01 
173 447 288.01 
173 468 273.01 
173 491 308.01 
173 492 257.01 
61 86 270.01 
61 92 290.01 
61 305 290.01 
61 319 289.01 
61 332 271.01 
61 365 262.01 
61 441 270.01 
61 451 257.01 
61 475 269.01 
61 485 279.01 
61 494 275.01 
61 500 244.01 
235 157 261.01 
235 175 267.01 
235 322 264.01 
235 368 246.01 
235 378 280.01 
235 381 257.01 
235 424 280.01 
235 440 265.01 
235 481 255.01 
235 486 273.01 
235 491 268.01 
235 494 279.01 
266 30 273.01 
266 37 271.01 
266 63 263.01 
266 82 266.01 
266 364 296.01 
266 387 295.01 
266 438 283.01 
266 449 277.01 
266 469 283.01 
266 491 269.01 
266 494 279.01 
305 292 279.01 
305 330 262.01 
305 360 301.01 
305 408 279.01 
305 416 298.01 
305 418 290.01 
305 437 295.01 
305 471 275.01 
305 472 317.01 
305 488 316.01 
305 493 297.01 
342 156 273.01 
342 188 286.01 
342 262 294.01 
342 273 273.01 
342 358 283.01 
342 395 277.01 
342 442 277.01 
342 481 265.01 
342 497 299.01 
342 498 255.01 
342 499 265.01 
373 2 281.01 
373 81 265.01 
373 142 264.01 
373 356 281.01 
373 381 262.01 
373 389 295.01 
373 416 235.01 
373 417 293.01 
373 425 290.01 
373 489 278.01 
373 500 240.01 
192 171 268.01 
192 173 296.01 
192 263 291.01 
192 289 291.01 
192 300 258.01 
192 306 275.01 
192 332 258.01 
192 344 261.01 
192 425 286.01 
192 489 270.01 
192 497 312.01 
192 500 288.01 
249 47 272.01 
249 174 290.01 
249 234 278.01 
249 333 277.01 
249 381 279.01 
249 433 258.01 
249 469 257.01 
249 472 282.01 
249 479 300.01 
249 483 253.01 
249 500 285.01 
367 344 238.01 
367 386 291.01 
367 434 293.01 
367 435 277.01 
367 481 291.01 
367 483 261.01 
367 486 268.01 
367 487 299.01 
367 492 282.01 
367 494 264.01 
367 500 267.01 
368 85 281.01 
368 124 288.01 
368 154 237.01 
368 286 267.01 
368 384 275.01 
368 460 272.01 
368 473 273.01 
368 485 299.01 
368 488 284.01 
368 490 261.01 
368 500 264.01 
119 38 289.01 
119 145 270.01 
119 147 289.01 
119 168 295.01 
119 219 279.01 
119 290 310.01 
119 385 311.01 
119 393 285.01 
119 403 304.01 
119 453 298.01 
119 494 266.01 
119 500 290.01 
163 104 278.01 
163 171 284.01 
163 194 268.01 
163 222 265.01 
163 227 242.01 
163 268 269.01 
163 418 259.01 
163 449 307.01 
163 456 289.01 
163 467 272.01 
163 477 247.01 
163 483 305.01 
462 181 291.01 
462 322 293.01 
462 356 301.01 
462 366 304.01 
462 402 269.01 
462 428 261.01 
462 453 267.01 
462 457 272.01 
462 494 273.01 
462 495 272.01 
462 500 259.01 
59 18 276.01 
59 154 268.01 
59 212 278.01 
59 252 305.01 
59 270 301.01 
59 295 281.01 
59 348 297.01 
59 374 290.01 
59 422 283.01 
59 446 316.01 
59 480 314.01 
59 498 309.01 
212 262 313.01 
212 291 278.01 
212 351 309.01 
212 374 278.01 
212 376 305.01 
212 418 296.01 
212 445 280.01 
212 446 291.01 
212 473 268.01 
212 478 245.01 
212 497 286.01 
212 499 266.01 
422 185 281.01 
422 208 283.01 
422 330 264.01 
422 348 237.01 
422 420 271.01 
422 459 291.01 
422 474 289.01 
422 495 260.01 
422 496 254.01 
422 497 291.01 
422 499 294.01 
257 59 302.01 
257 118 270.01 
257 252 265.01 
257 353 288.01 
257 412 300.01 
257 443 274.01 
257 476 267.01 
257 477 263.01 
257 496 277.01 
257 498 271.01 
257 499 291.01 
375 4 267.01 
375 90 281.01 
375 92 297.01 
375 130 261.01 
375 137 260.01 
375 288 268.01 
375 396 293.01 
375 454 287.01 
375 490 296.01 
375 499 280.01 
375 500 279.01 
92 27 263.01 
92 119 298.01 
92 244 256.01 
92 290 285.01 
92 294 266.01 
92 368 265.01 
92 400 277.01 
92 456 264.01 
92 465 297.01 
92 471 277.01 
92 489 307.01 
92 500 272.01 
332 63 262.01 
332 124 293.01 
332 295 261.01 
332 428 261.01 
332 430 279.01 
332 466 264.01 
332 468 268.01 
332 477 249.01 
332 479 272.01 
332 487 281.01 
332 494 279.01 
365 130 291.01 
365 196 273.01 
365 277 241.01 
365 278 280.01 
365 330 258.01 
365 422 286.01 
365 463 315.01 
365 469 277.01 
365 488 303.01 
365 499 254.01 
365 500 269.01 
224 6 274.01 
224 11 291.01 
224 74 290.01 
224 123 271.01 
224 251 299.01 
224 284 280.01 
224 315 289.01 
224 355 255.01 
224 412 258.01 
224 471 245.01 
224 492 236.01 
224 499 307.01 
331 272 283.01 
331 275 280.01 
331 316 269.01 
331 405 273.01 
331 425 266.01 
331 433 286.01 
331 437 259.01 
331 470 276.01 
331 492 291.01 
331 499 296.01 
331 500 265.01 
63 158 303.01 
63 190 279.01 
63 297 277.01 
63 300 246.01 
63 326 281.01 
63 356 277.01 
63 389 279.01 
63 401 285.01 
63 404 270.01 
63 433 279.01 
63 492 255.01 
63 500 278.01 
190 77 290.01 
190 213 284.01 
190 330 285.01 
190 376 286.01 
190 387 265.01 
190 396 252.01 
190 472 284.01 
190 486 267.01 
190 489 293.01 
190 490 254.01 
190 492 283.01 
190 500 255.01 
300 103 295.01 
300 255 255.01 
300 340 281.01 
300 380 293.01 
300 384 290.01 
300 402 260.01 
300 405 297.01 
300 414 278.01 
300 485 292.01 
300 497 285.01 
300 500 240.01 
389 70 273.01 
389 175 287.01 
389 181 257.01 
389 202 298.01 
389 367 285.01 
389 397 296.01 
389 429 272.01 
389 460 253.01 
389 465 305.01 
389 492 275.01 
389 500 314.01 
401 320 281.01 
401 372 266.01 
401 397 296.01 
401 423 279.01 
401 439 283.01 
401 453 305.01 
401 455 270.01 
401 487 259.01 
401 489 287.01 
401 491 292.01 
401 498 257.01 
196 200 263.01 
196 212 245.01 
196 283 297.01 
196 292 294.01 
196 334 294.01 
196 365 266.01 
196 382 265.01 
196 459 274.01 
196 473 267.01 
196 479 288.01 
196 497 290.01 
196 500 255.01 
292 6 296.01 
292 30 301.01 
292 161 273.01 
292 278 289.01 
292 334 267.01 
292 368 271.01 
292 409 258.01 
292 434 281.01 
292 466 270.01 
292 488 281.01 
292 497 285.01 
203 65 247.01 
203 135 263.01 
203 158 281.01 
203 200 257.01 
203 218 269.01 
203 235 270.01 
203 266 254.01 
203 390 274.01 
203 451 264.01 
203 477 256.01 
203 489 278.01 
203 500 261.01 
402 43 275.01 
402 139 285.01 
402 288 275.01 
402 309 298.01 
402 317 289.01 
402 320 251.01 
402 415 302.01 
402 478 249.01 
402 488 278.01 
402 491 270.01 
402 500 278.01 
67 25 290.01 
67 69 277.01 
67 145 265.01 
67 220 263.01 
67 277 247.01 
67 463 264.01 
67 467 272.01 
67 477 255.01 
67 481 276.01 
67 494 271.01 
67 495 278.01 
67 499 297.01 
145 16 275.01 
145 44 288.01 
145 195 285.01 
145 270 297.01 
145 289 313.01 
145 351 296.01 
145 364 300.01 
145 435 291.01 
145 479 291.01 
145 493 279.01 
145 498 249.01 
145 499 301.01 
80 27 258.01 
80 235 304.01 
80 282 299.01 
80 332 284.01 
80 400 284.01 
80 428 275.01 
80 436 293.01 
80 437 292.01 
80 485 267.01 
80 488 285.01 
80 490 285.01 
80 500 264.01 
307 92 272.01 
307 190 290.01 
307 238 260.01 
307 241 230.01 
307 281 265.01 
307 381 277.01 
307 419 268.01 
307 434 260.01 
307 445 269.01 
307 485 303.01 
307 500 248.01 
180 69 274.01 
180 315 286.01 
180 370 248.01 
180 411 290.01 
180 418 238.01 
180 454 271.01 
180 458 237.01 
180 464 301.01 
180 480 263.01 
180 497 270.01 
180 498 287.01 
180 499 296.01 
251 118 249.01 
251 238 244.01 
251 315 283.01 
251 351 258.01 
251 356 257.01 
251 431 287.01 
251 451 283.01 
251 466 284.01 
251 468 284.01 
251 498 269.01 
251 499 282.01 
70 55 290.01 
70 56 311.01 
70 84 262.01 
70 113 267.01 
70 125 289.01 
70 237 279.01 
70 262 288.01 
70 317 275.01 
70 369 288.01 
70 403 285.01 
70 424 307.01 
70 462 283.01 
78 314 280.01 
78 333 242.01 
78 456 277.01 
78 462 252.01 
78 466 259.01 
78 472 270.01 
78 473 269.01 
78 477 281.01 
78 478 240.01 
78 486 300.01 
78 494 268.01 
78 500 247.01 
337 30 275.01 
337 111 255.01 
337 213 257.01 
337 235 284.01 
337 324 248.01 
337 333 273.01 
337 346 278.01 
337 398 268.01 
337 414 278.01 
337 470 294.01 
337 482 266.01 
272 36 300.01 
272 65 278.01 
272 93 294.01 
272 303 287.01 
272 439 278.01 
272 469 293.01 
272 487 276.01 
272 488 279.01 
272 491 292.01 
272 492 266.01 
272 494 274.01 
287 43 292.01 
287 45 278.01 
287 75 266.01 
287 179 265.01 
287 193 302.01 
287 241 274.01 
287 382 287.01 
287 394 269.01 
287 487 269.01 
287 499 268.01 
287 500 283.01 
290 62 291.01 
290 209 279.01 
290 314 241.01 
290 316 253.01 
290 325 282.01 
290 417 258.01 
290 418 246.01 
290 445 253.01 
290 460 257.01 
290 490 279.01 
290 493 288.01 
275 19 279.01 
275 38 303.01 
275 69 262.01 
275 110 281.01 
275 335 269.01 
275 385 259.01 
275 450 297.01 
275 476 276.01 
275 489 261.01 
275 498 265.01 
275 500 264.01 
79 134 272.01 
79 250 257.01 
79 261 278.01 
79 311 301.01 
79 406 266.01 
79 426 290.01 
79 443 247.01 
79 474 272.01 
79 476 253.01 
79 495 269.01 
79 498 291.01 
79 499 267.01 
420 388 283.01 
420 399 298.01 
420 413 279.01 
420 432 279.01 
420 474 257.01 
420 478 285.01 
420 486 288.01 
420 495 274.01 
420 498 288.01 
420 499 273.01 
420 500 271.01 
221 55 292.01 
221 97 257.01 
221 111 264.01 
221 132 274.01 
221 202 288.01 
221 313 259.01 
221 328 283.01 
221 451 274.01 
221 474 264.01 
221 477 297.01 
221 489 287.01 
221 500 274.01 
96 53 268.01 
96 155 285.01 
96 327 262.01 
96 388 260.01 
96 389 291.01 
96 409 285.01 
96 421 255.01 
96 423 263.01 
96 437 302.01 
96 454 255.01 
96 461 279.01 
96 476 276.01 
157 35 264.01 
157 40 259.01 
157 44 271.01 
157 72 303.01 
157 96 282.01 
157 107 313.01 
157 234 275.01 
157 305 276.01 
157 439 278.01 
157 443 269.01 
157 477 274.01 
157 490 272.01 
77 38 286.01 
77 190 261.01 
77 285 303.01 
77 298 311.01 
77 386 298.01 
77 410 264.01 
77 413 261.01 
77 419 274.01 
77 431 277.01 
77 448 275.01 
77 479 301.01 
77 500 318.01 
386 18 282.01 
386 26 247.01 
386 267 279.01 
386 441 280.01 
386 448 262.01 
386 466 293.01 
386 473 280.01 
386 485 270.01 
386 486 277.01 
386 498 252.01 
386 500 279.01 
413 89 293.01 
413 328 266.01 
413 340 260.01 
413 416 252.01 
413 427 286.01 
413 476 256.01 
413 480 263.01 
413 493 285.01 
413 497 294.01 
413 498 282.01 
413 499 264.01 
333 13 267.01 
333 92 283.01 
333 98 293.01 
333 107 284.01 
333 308 290.01 
333 405 294.01 
333 468 280.01 
333 469 293.01 
333 470 282.01 
333 488 297.01 
333 500 277.01 
261 252 274.01 
261 284 282.01 
261 331 266.01 
261 337 267.01 
261 352 242.01 
261 399 264.01 
261 413 295.01 
261 427 281.01 
261 446 296.01 
261 454 272.01 
261 498 276.01 
406 51 274.01 
406 103 292.01 
406 114 267.01 
406 128 273.01 
406 212 272.01 
406 357 275.01 
406 410 277.01 
406 411 243.01 
406 441 268.01 
406 451 272.01 
406 499 268.01 
282 101 289.01 
282 273 275.01 
282 315 295.01 
282 363 243.01 
282 422 257.01 
282 457 297.01 
282 470 256.01 
282 476 277.01 
282 489 253.01 
282 498 291.01 
282 499 273.01 
81 39 266.01 
81 130 246.01 
81 209 258.01 
81 219 256.01 
81 259 262.01 
81 391 282.01 
81 393 280.01 
81 447 240.01 
81 470 283.01 
81 482 273.01 
81 490 255.01 
81 497 264.01 
130 147 261.01 
130 159 274.01 
130 313 257.01 
130 450 311.01 
130 462 271.01 
130 467 267.01 
130 486 304.01 
130 491 270.01 
130 492 277.01 
130 494 278.01 
130 496 229.01 
130 500 283.01 
209 77 258.01 
209 144 261.01 
209 238 265.01 
209 287 251.01 
209 342 260.01 
209 379 253.01 
209 401 247.01 
209 426 249.01 
209 474 265.01 
209 496 278.01 
209 499 260.01 
209 500 257.01 
259 293 293.01 
259 299 316.01 
259 334 273.01 
259 363 258.01 
259 402 263.01 
259 441 296.01 
259 458 327.01 
259 486 275.01 
259 489 287.01 
259 490 315.01 
259 495 279.01 
391 81 289.01 
391 201 318.01 
391 264 285.01 
391 274 264.01 
391 301 261.01 
391 323 276.01 
391 397 280.01 
391 401 285.01 
391 440 288.01 
391 450 284.01 
391 500 284.01 
185 138 251.01 
185 167 266.01 
185 261 285.01 
185 457 281.01 
185 480 303.01 
185 481 288.01 
185 490 271.01 
185 495 259.01 
185 496 268.01 
185 497 265.01 
185 498 304.01 
185 499 261.01 
291 114 305.01 
291 195 256.01 
291 286 271.01 
291 383 286.01 
291 394 271.01 
291 471 289.01 
291 477 267.01 
291 486 291.01 
291 488 270.01 
291 499 287.01 
291 500 297.01 
83 136 282.01 
83 226 284.01 
83 309 250.01 
83 321 257.01 
83 329 310.01 
83 444 273.01 
83 462 256.01 
83 475 257.01 
83 490 289.01 
83 492 292.01 
83 494 282.01 
83 499 281.01 
136 27 287.01 
136 135 307.01 
136 329 268.01 
136 347 278.01 
136 391 262.01 
136 423 280.01 
136 424 278.01 
136 431 266.01 
136 447 277.01 
136 455 277.01 
136 459 268.01 
136 478 260.01 
444 70 273.01 
444 161 285.01 
444 192 241.01 
444 221 272.01 
444 227 235.01 
444 390 284.01 
444 442 268.01 
444 454 292.01 
444 485 291.01 
444 496 262.01 
444 500 282.01 
169 45 291.01 
169 210 303.01 
169 221 261.01 
169 302 270.01 
169 326 284.01 
169 329 311.01 
169 332 281.01 
169 362 270.01 
169 409 270.01 
169 486 282.01 
169 498 257.01 
169 500 275.01 
183 16 285.01 
183 29 285.01 
183 97 268.01 
183 98 303.01 
183 243 295.01 
183 348 244.01 
183 367 264.01 
183 408 278.01 
183 457 310.01 
183 472 301.01 
183 479 271.01 
183 497 284.01 
308 102 292.01 
308 114 258.01 
308 200 278.01 
308 231 275.01 
308 290 284.01 
308 355 273.01 
308 448 287.01 
308 480 231.01 
308 482 296.01 
308 485 292.01 
308 489 273.01 
85 116 287.01 
85 124 286.01 
85 197 289.01 
85 285 268.01 
85 291 269.01 
85 324 271.01 
85 346 280.01 
85 407 270.01 
85 454 293.01 
85 465 276.01 
85 483 305.01 
85 488 282.01 
124 87 280.01 
124 135 261.01 
124 352 260.01 
124 416 247.01 
124 428 287.01 
124 444 267.01 
124 463 273.01 
124 468 297.01 
124 469 261.01 
124 479 262.01 
124 496 261.01 
124 500 262.01 
230 53 262.01 
230 183 241.01 
230 187 233.01 
230 225 310.01 
230 242 259.01 
230 249 277.01 
230 377 263.01 
230 427 268.01 
230 431 266.01 
230 483 259.01 
230 487 286.01 
230 498 275.01 
302 15 272.01 
302 137 280.01 
302 183 289.01 
302 354 288.01 
302 356 299.01 
302 463 282.01 
302 477 264.01 
302 490 284.01 
302 494 251.01 
302 498 290.01 
302 500 263.01 
138 198 290.01 
138 202 285.01 
138 245 280.01 
138 354 291.01 
138 366 282.01 
138 416 243.01 
138 441 263.01 
138 474 283.01 
138 489 273.01 
138 492 281.01 
138 495 275.01 
138 500 300.01 
177 77 280.01 
177 106 274.01 
177 138 312.01 
177 232 273.01 
177 236 274.01 
177 339 267.01 
177 444 259.01 
177 483 302.01 
177 484 272.01 
177 488 264.01 
177 499 268.01 
177 500 287.01 
245 33 284.01 
245 191 260.01 
245 347 306.01 
245 387 302.01 
245 418 274.01 
245 431 286.01 
245 454 269.01 
245 456 253.01 
245 468 308.01 
245 490 282.01 
245 495 275.01 
245 500 252.01 
449 57 268.01 
449 88 260.01 
449 105 273.01 
449 240 295.01 
449 401 277.01 
449 417 280.01 
449 439 264.01 
449 440 265.01 
449 485 273.01 
449 489 338.01 
449 491 248.01 
395 69 297.01 
395 86 282.01 
395 146 313.01 
395 199 289.01 
395 239 279.01 
395 385 292.01 
395 482 303.01 
395 494 290.01 
395 495 305.01 
395 497 301.01 
395 498 319.01 
418 199 296.01 
418 296 287.01 
418 357 276.01 
418 475 265.01 
418 482 267.01 
418 489 242.01 
418 496 268.01 
418 497 280.01 
418 498 263.01 
418 499 317.01 
418 500 242.01 
131 359 275.01 
131 362 251.01 
131 369 288.01 
131 405 280.01 
131 436 262.01 
131 456 263.01 
131 471 263.01 
131 477 269.01 
131 479 301.01 
131 486 263.01 
131 495 271.01 
131 500 280.01 
179 96 283.01 
179 163 277.01 
179 176 279.01 
179 279 275.01 
179 361 291.01 
179 370 278.01 
179 400 274.01 
179 464 285.01 
179 466 292.01 
179 470 302.01 
179 493 245.01 
179 500 279.01 
323 146 275.01 
323 151 252.01 
323 182 283.01 
323 206 285.01 
323 297 274.01 
323 302 270.01 
323 371 253.01 
323 405 278.01 
323 439 263.01 
323 462 281.01 
323 491 281.01 
238 20 314.01 
238 134 301.01 
238 255 310.01 
238 260 299.01 
238 273 325.01 
238 315 293.01 
238 348 300.01 
238 427 282.01 
238 484 300.01 
238 495 295.01 
238 498 278.01 
238 499 284.01 
283 11 277.01 
283 357 272.01 
283 406 265.01 
283 420 288.01 
283 457 282.01 
283 473 293.01 
283 493 278.01 
283 497 270.01 
283 498 262.01 
283 499 269.01 
283 500 257.01 
294 17 275.01 
294 355 249.01 
294 380 285.01 
294 400 256.01 
294 415 241.01 
294 421 258.01 
294 435 285.01 
294 464 271.01 
294 489 261.01 
294 499 243.01 
294 500 271.01 
229 40 283.01 
229 71 276.01 
229 253 304.01 
229 289 284.01 
229 368 238.01 
229 399 246.01 
229 432 260.01 
229 473 255.01 
229 482 264.01 
229 484 251.01 
229 487 266.01 
229 500 273.01 
95 66 272.01 
95 134 246.01 
95 143 240.01 
95 241 262.01 
95 342 280.01 
95 425 262.01 
95 434 266.01 
95 459 286.01 
95 475 280.01 
95 492 281.01 
95 496 271.01 
95 499 279.01 
143 154 249.01 
143 224 272.01 
143 382 277.01 
143 413 275.01 
143 418 247.01 
143 446 258.01 
143 480 281.01 
143 481 284.01 
143 493 293.01 
143 496 254.01 
143 499 261.01 
143 500 275.01 
425 193 273.01 
425 244 268.01 
425 314 260.01 
425 390 275.01 
425 407 301.01 
425 422 271.01 
425 458 290.01 
425 482 285.01 
425 483 280.01 
425 484 285.01 
425 489 254.01 
97 40 293.01 
97 87 265.01 
97 169 269.01 
97 226 296.01 
97 381 288.01 
97 408 273.01 
97 442 292.01 
97 479 287.01 
97 484 262.01 
97 486 272.01 
97 493 277.01 
97 500 255.01 
110 10 286.01 
110 169 305.01 
110 193 285.01 
110 333 309.01 
110 334 270.01 
110 381 276.01 
110 386 269.01 
110 454 284.01 
110 466 274.01 
110 478 276.01 
110 490 281.01 
110 500 269.01 
189 62 278.01 
189 190 276.01 
189 233 257.01 
189 301 290.01 
189 379 253.01 
189 454 268.01 
189 468 270.01 
189 472 293.01 
189 487 245.01 
189 489 256.01 
189 490 277.01 
189 491 262.01 
181 136 260.01 
181 150 283.01 
181 161 273.01 
181 173 280.01 
181 272 257.01 
181 313 255.01 
181 407 285.01 
181 421 279.01 
181 482 267.01 
181 492 272.01 
181 494 266.01 
181 497 260.01 
236 54 270.01 
236 141 288.01 
236 168 311.01 
236 216 233.01 
236 219 291.01 
236 252 279.01 
236 369 319.01 
236 444 295.01 
236 452 272.01 
236 463 307.01 
236 494 261.01 
236 500 291.01 
340 4 287.01 
340 207 313.01 
340 274 278.01 
340 336 256.01 
340 376 265.01 
340 454 300.01 
340 458 332.01 
340 468 297.01 
340 486 290.01 
340 497 280.01 
340 500 270.01 
101 188 241.01 
101 288 273.01 
101 296 242.01 
101 379 279.01 
101 384 281.01 
101 388 264.01 
101 418 264.01 
101 491 245.01 
101 496 271.01 
101 497 311.01 
101 498 258.01 
101 499 267.01 
102 18 263.01 
102 104 268.01 
102 109 273.01 
102 278 266.01 
102 431 274.01 
102 435 275.01 
102 463 260.01 
102 468 278.01 
102 474 274.01 
102 481 297.01 
102 490 253.01 
102 500 258.01 
104 70 254.01 
104 80 261.01 
104 84 269.01 
104 219 269.01 
104 261 282.01 
104 292 289.01 
104 367 278.01 
104 374 301.01 
104 431 297.01 
104 445 288.01 
104 458 273.01 
104 500 300.01 
109 172 280.01 
109 261 311.01 
109 327 284.01 
109 363 280.01 
109 380 292.01 
109 443 295.01 
109 446 277.01 
109 448 267.01 
109 456 245.01 
109 496 288.01 
109 497 254.01 
109 498 249.01 
278 17 292.01 
278 275 260.01 
278 294 300.01 
278 303 257.01 
278 350 271.01 
278 450 271.01 
278 460 257.01 
278 470 279.01 
278 477 262.01 
278 491 272.01 
278 500 258.01 
435 247 270.01 
435 288 271.01 
435 295 252.01 
435 330 271.01 
435 383 249.01 
435 419 252.01 
435 424 266.01 
435 450 303.01 
435 456 273.01 
435 462 255.01 
435 463 292.01 
103 116 264.01 
103 152 270.01 
103 179 284.01 
103 229 261.01 
103 284 291.01 
103 300 240.01 
103 315 283.01 
103 415 238.01 
103 469 286.01 
103 488 294.01 
103 497 264.01 
103 500 268.01 
152 119 285.01 
152 171 242.01 
152 321 282.01 
152 366 276.01 
152 378 297.01 
152 397 252.01 
152 401 294.01 
152 421 263.01 
152 461 260.01 
152 483 264.01 
152 485 265.01 
152 500 282.01 
284 316 272.01 
284 351 267.01 
284 359 279.01 
284 406 241.01 
284 446 268.01 
284 480 294.01 
284 485 286.01 
284 493 269.01 
284 495 306.01 
284 496 293.01 
284 498 288.01 
105 40 296.01 
105 48 289.01 
105 115 283.01 
105 134 296.01 
105 282 275.01 
105 298 271.01 
105 321 257.01 
105 330 293.01 
105 454 310.01 
105 477 296.01 
105 495 296.01 
105 500 271.01 
330 14 281.01 
330 116 273.01 
330 234 284.01 
330 402 278.01 
330 428 253.01 
330 439 254.01 
330 470 310.01 
330 484 281.01 
330 488 313.01 
330 499 271.01 
330 500 286.01 
164 3 283.01 
164 67 262.01 
164 156 279.01 
164 225 286.01 
164 340 265.01 
164 368 248.01 
164 377 255.01 
164 414 265.01 
164 460 289.01 
164 487 270.01 
164 491 244.01 
164 493 286.01 
263 152 270.01 
263 226 264.01 
263 233 275.01 
263 382 251.01 
263 419 296.01 
263 440 263.01 
263 452 253.01 
263 485 254.01 
263 486 251.01 
263 488 255.01 
263 494 263.01 
286 29 260.01 
286 237 275.01 
286 276 272.01 
286 300 247.01 
286 401 223.01 
286 455 260.01 
286 471 286.01 
286 484 285.01 
286 488 266.01 
286 499 278.01 
286 500 284.01 
396 275 261.01 
396 276 299.01 
396 360 286.01 
396 364 295.01 
396 375 301.01 
396 377 283.01 
396 446 291.01 
396 453 275.01 
396 480 315.01 
396 488 286.01 
396 500 268.01 
176 10 280.01 
176 88 277.01 
176 172 272.01 
176 211 269.01 
176 266 272.01 
176 275 251.01 
176 276 266.01 
176 370 263.01 
176 399 253.01 
176 408 269.01 
176 409 266.01 
176 500 245.01 
172 35 260.01 
172 57 274.01 
172 111 278.01 
172 164 273.01 
172 227 268.01 
172 264 288.01 
172 375 270.01 
172 462 256.01 
172 466 262.01 
172 484 270.01 
172 495 266.01 
172 500 277.01 
111 101 281.01 
111 210 321.01 
111 317 301.01 
111 372 262.01 
111 382 271.01 
111 435 284.01 
111 452 265.01 
111 466 254.01 
111 477 284.01 
111 489 290.01 
111 493 283.01 
111 500 283.01 
210 76 247.01 
210 270 260.01 
210 295 257.01 
210 370 265.01 
210 428 254.01 
210 450 240.01 
210 452 298.01 
210 466 272.01 
210 470 274.01 
210 473 257.01 
210 487 269.01 
210 500 263.01 
452 233 267.01 
452 259 259.01 
452 267 282.01 
452 277 247.01 
452 295 268.01 
452 425 265.01 
452 446 244.01 
452 448 262.01 
452 473 249.01 
452 477 248.01 
452 485 263.01 
114 95 243.01 
114 178 318.01 
114 427 268.01 
114 481 279.01 
114 484 273.01 
114 487 300.01 
114 488 273.01 
114 491 250.01 
114 493 295.01 
114 495 276.01 
114 496 273.01 
114 499 264.01 
178 283 256.01 
178 339 254.01 
178 353 278.01 
178 363 262.01 
178 406 306.01 
178 422 289.01 
178 451 269.01 
178 474 275.01 
178 478 272.01 
178 493 259.01 
178 498 240.01 
178 499 313.01 
123 22 247.01 
123 50 274.01 
123 237 274.01 
123 296 279.01 
123 345 276.01 
123 369 251.01 
123 390 288.01 
123 475 259.01 
123 486 262.01 
123 488 283.01 
123 490 276.01 
123 500 267.01 
228 124 292.01 
228 165 259.01 
228 177 275.01 
228 213 276.01 
228 319 256.01 
228 368 261.01 
228 417 259.01 
228 447 267.01 
228 483 264.01 
228 492 289.01 
228 494 293.01 
228 500 283.01 
139 38 294.01 
139 409 251.01 
139 438 273.01 
139 454 274.01 
139 460 285.01 
139 464 270.01 
139 469 287.01 
139 482 282.01 
139 491 277.01 
139 498 261.01 
139 499 284.01 
139 500 293.01 
312 81 257.01 
312 216 265.01 
312 392 263.01 
312 393 262.01 
312 424 261.01 
312 437 250.01 
312 465 269.01 
312 486 248.01 
312 492 266.01 
312 498 276.01 
312 500 253.01 
118 121 286.01 
118 145 264.01 
118 205 289.01 
118 306 297.01 
118 355 261.01 
118 381 260.01 
118 407 276.01 
118 410 273.01 
118 426 274.01 
118 464 246.01 
118 474 309.01 
118 495 291.01 
120 52 265.01 
120 258 274.01 
120 266 268.01 
120 272 266.01 
120 333 251.01 
120 456 282.01 
120 463 276.01 
120 467 265.01 
120 480 277.01 
120 484 245.01 
120 494 292.01 
120 498 238.01 
223 26 277.01 
223 128 302.01 
223 261 314.01 
223 381 281.01 
223 406 283.01 
223 469 296.01 
223 480 258.01 
223 493 292.01 
223 496 293.01 
223 497 264.01 
223 498 298.01 
223 499 297.01 
273 242 270.01 
273 276 260.01 
273 310 254.01 
273 348 244.01 
273 411 278.01 
273 432 294.01 
273 484 272.01 
273 490 273.01 
273 496 273.01 
273 499 271.01 
273 500 259.01 
274 81 295.01 
274 99 282.01 
274 119 275.01 
274 157 256.01 
274 316 268.01 
274 325 294.01 
274 447 252.01 
274 453 289.01 
274 460 282.01 
274 492 279.01 
274 495 265.01 
167 49 307.01 
167 153 298.01 
167 159 279.01 
167 242 289.01 
167 376 309.01 
167 418 282.01 
167 478 268.01 
167 493 283.01 
167 495 257.01 
167 496 280.01 
167 497 311.01 
167 499 254.01 
135 216 268.01 
135 247 251.01 
135 304 264.01 
135 312 255.01 
135 322 289.01 
135 389 259.01 
135 390 276.01 
135 440 276.01 
135 462 274.01 
135 483 277.01 
135 490 266.01 
135 494 273.01 
127 100 249.01 
127 156 278.01 
127 194 252.01 
127 203 273.01 
127 217 271.01 
127 272 275.01 
127 424 241.01 
127 483 240.01 
127 487 278.01 
127 490 294.01 
127 499 269.01 
127 500 244.01 
156 7 313.01 
156 139 284.01 
156 193 287.01 
156 301 264.01 
156 324 275.01 
156 333 300.01 
156 385 282.01 
156 422 267.01 
156 431 273.01 
156 467 262.01 
156 485 270.01 
156 500 270.01 
217 7 284.01 
217 170 287.01 
217 196 283.01 
217 288 248.01 
217 325 274.01 
217 360 259.01 
217 402 279.01 
217 434 278.01 
217 442 268.01 
217 466 292.01 
217 487 272.01 
217 499 259.01 
128 101 260.01 
128 223 284.01 
128 248 273.01 
128 284 272.01 
128 310 275.01 
128 332 261.01 
128 355 289.01 
128 475 276.01 
128 495 277.01 
128 496 292.01 
128 498 261.01 
128 499 307.01 
301 41 306.01 
301 213 250.01 
301 331 315.01 
301 377 299.01 
301 437 296.01 
301 439 277.01 
301 452 279.01 
301 456 272.01 
301 479 263.01 
301 491 271.01 
301 494 276.01 
159 4 285.01 
159 180 260.01 
159 185 290.01 
159 241 276.01 
159 395 276.01 
159 407 281.01 
159 475 275.01 
159 478 294.01 
159 495 265.01 
159 497 289.01 
159 498 287.01 
159 499 293.01 
133 118 262.01 
133 155 263.01 
133 379 273.01 
133 392 309.01 
133 405 306.01 
133 483 253.01 
133 487 239.01 
133 490 267.01 
133 491 250.01 
133 494 273.01 
133 496 293.01 
133 500 294.01 
137 152 283.01 
137 306 278.01 
137 330 274.01 
137 419 301.01 
137 443 270.01 
137 452 290.01 
137 462 249.01 
137 470 286.01 
137 473 277.01 
137 477 288.01 
137 499 270.01 
137 500 259.01 
336 8 294.01 
336 73 309.01 
336 162 266.01 
336 304 288.01 
336 340 277.01 
336 373 289.01 
336 448 266.01 
336 484 289.01 
336 498 244.01 
336 499 302.01 
336 500 278.01 
357 146 289.01 
357 327 271.01 
357 339 271.01 
357 380 267.01 
357 480 300.01 
357 481 280.01 
357 490 266.01 
357 493 280.01 
357 496 264.01 
357 499 273.01 
357 500 267.01 
146 137 271.01 
146 143 253.01 
146 195 305.01 
146 220 279.01 
146 399 279.01 
146 426 287.01 
146 457 265.01 
146 468 258.01 
146 475 285.01 
146 493 303.01 
146 494 276.01 
146 499 300.01 
267 79 265.01 
267 105 276.01 
267 353 290.01 
267 362 263.01 
267 365 278.01 
267 373 272.01 
267 375 292.01 
267 471 269.01 
267 481 289.01 
267 482 267.01 
267 500 269.01 
166 91 283.01 
166 95 268.01 
166 121 245.01 
166 387 301.01 
166 443 285.01 
166 458 303.01 
166 478 273.01 
166 480 278.01 
166 495 276.01 
166 497 277.01 
166 498 298.01 
166 499 301.01 
162 43 275.01 
162 253 287.01 
162 299 245.01 
162 317 283.01 
162 386 288.01 
162 444 265.01 
162 456 289.01 
162 483 283.01 
162 488 282.01 
162 490 245.01 
162 491 269.01 
162 500 255.01 
299 56 281.01 
299 104 282.01 
299 139 266.01 
299 163 280.01 
299 195 290.01 
299 452 273.01 
299 466 290.01 
299 479 292.01 
299 482 271.01 
299 491 282.01 
299 500 265.01 
227 43 279.01 
227 49 284.01 
227 133 263.01 
227 162 277.01 
227 210 278.01 
227 256 242.01 
227 264 311.01 
227 415 298.01 
227 425 273.01 
227 428 292.01 
227 484 292.01 
227 500 289.01 
387 160 276.01 
387 217 275.01 
387 240 276.01 
387 334 269.01 
387 344 278.01 
387 455 262.01 
387 459 270.01 
387 472 279.01 
387 479 294.01 
387 485 280.01 
387 500 291.01 
242 311 322.01 
242 363 293.01 
242 403 269.01 
242 411 285.01 
242 413 289.01 
242 420 322.01 
242 478 274.01 
242 481 292.01 
242 495 301.01 
242 498 291.01 
242 499 299.01 
242 500 267.01 
170 91 303.01 
170 165 309.01 
170 391 294.01 
170 434 282.01 
170 454 302.01 
170 466 267.01 
170 484 268.01 
170 486 273.01 
170 487 268.01 
170 490 264.01 
170 495 289.01 
170 500 277.01 
264 72 288.01 
264 200 287.01 
264 217 257.01 
264 358 283.01 
264 360 274.01 
264 365 255.01 
264 376 276.01 
264 456 273.01 
264 490 245.01 
264 498 233.01 
264 500 295.01 
174 12 256.01 
174 83 274.01 
174 133 284.01 
174 207 273.01 
174 358 290.01 
174 392 296.01 
174 448 301.01 
174 455 279.01 
174 461 284.01 
174 492 295.01 
174 494 288.01 
174 500 256.01 
182 240 309.01 
182 243 269.01 
182 254 288.01 
182 389 301.01 
182 414 288.01 
182 429 278.01 
182 440 272.01 
182 473 257.01 
182 482 264.01 
182 486 290.01 
182 491 262.01 
182 494 262.01 
184 172 262.01 
184 300 256.01 
184 324 284.01 
184 328 291.01 
184 365 289.01 
184 394 284.01 
184 430 279.01 
184 435 256.01 
184 457 256.01 
184 473 247.01 
184 477 274.01 
184 500 281.01 
200 64 296.01 
200 169 267.01 
200 189 274.01 
200 319 272.01 
200 440 244.01 
200 444 278.01 
200 449 261.01 
200 468 247.01 
200 477 262.01 
200 487 261.01 
200 498 259.01 
200 500 273.01 
201 21 255.01 
201 58 299.01 
201 256 264.01 
201 270 302.01 
201 335 300.01 
201 342 293.01 
201 344 268.01 
201 378 295.01 
201 403 301.01 
201 460 271.01 
201 470 251.01 
201 491 287.01 
231 17 286.01 
231 75 271.01 
231 111 280.01 
231 123 279.01 
231 141 305.01 
231 151 298.01 
231 321 278.01 
231 437 307.01 
231 460 283.01 
231 479 288.01 
231 483 306.01 
231 489 286.01 
255 310 262.01 
255 432 290.01 
255 441 281.01 
255 475 280.01 
255 476 283.01 
255 481 267.01 
255 493 254.01 
255 495 292.01 
255 496 288.01 
255 498 298.01 
255 499 284.01 
269 186 237.01 
269 286 293.01 
269 370 275.01 
269 415 216.01 
269 419 259.01 
269 433 279.01 
269 471 253.01 
269 477 287.01 
269 485 265.01 
269 499 277.01 
269 500 266.01 
