1 66 310.01 
1 148 294.01 
1 190 262.01 
1 270 246.01 
1 289 262.01 
1 326 304.01 
1 377 263.01 
1 387 313.01 
1 390 246.01 
1 456 269.01 
1 468 300.01 
1 492 305.01 
66 128 277.01 
66 263 320.01 
66 327 278.01 
66 374 287.01 
66 391 280.01 
66 418 284.01 
66 439 287.01 
66 442 299.01 
66 447 311.01 
66 451 291.01 
66 456 268.01 
66 499 294.01 
148 147 308.01 
148 263 301.01 
148 325 295.01 
148 379 275.01 
148 393 301.01 
148 425 292.01 
148 436 282.01 
148 445 303.01 
148 471 313.01 
148 473 328.01 
148 497 313.01 
148 499 294.01 
190 97 284.01 
190 143 317.01 
190 361 313.01 
190 383 304.01 
190 385 302.01 
190 448 274.01 
190 459 258.01 
190 473 291.01 
190 485 313.01 
190 491 297.01 
190 497 293.01 
190 499 294.01 
270 23 307.01 
270 173 259.01 
270 273 300.01 
270 284 281.01 
270 347 281.01 
270 379 268.01 
270 449 272.01 
270 458 253.01 
270 469 289.01 
270 494 273.01 
270 497 299.01 
289 65 282.01 
289 70 287.01 
289 158 275.01 
289 228 308.01 
289 305 259.01 
289 313 271.01 
289 317 290.01 
289 409 275.01 
289 442 318.01 
289 446 314.01 
289 456 307.01 
326 65 273.01 
326 76 294.01 
326 242 318.01 
326 256 285.01 
326 275 305.01 
326 341 305.01 
326 377 299.01 
326 417 285.01 
326 435 329.01 
326 476 314.01 
326 500 309.01 
377 33 324.01 
377 73 284.01 
377 82 289.01 
377 256 308.01 
377 276 295.01 
377 369 279.01 
377 373 287.01 
377 395 282.01 
377 435 281.01 
377 456 294.01 
377 459 308.01 
387 32 270.01 
387 173 292.01 
387 354 277.01 
387 365 254.01 
387 378 287.01 
387 414 268.01 
387 441 275.01 
387 453 265.01 
387 454 279.01 
387 481 267.01 
387 492 276.01 
390 88 288.01 
390 173 255.01 
390 260 316.01 
390 323 289.01 
390 388 300.01 
390 399 281.01 
390 446 307.01 
390 477 293.01 
390 489 273.01 
390 497 289.01 
390 500 284.01 
456 6 305.01 
456 51 277.01 
456 90 290.01 
456 193 299.01 
456 272 284.01 
456 317 277.01 
456 365 257.01 
456 385 273.01 
456 442 319.01 
456 445 280.01 
456 446 318.01 
468 87 265.01 
468 89 278.01 
468 133 318.01 
468 145 293.01 
468 225 285.01 
468 230 285.01 
468 422 291.01 
468 477 264.01 
468 481 285.01 
468 489 296.01 
468 500 283.01 
492 80 276.01 
492 224 254.01 
492 261 298.01 
492 345 295.01 
492 379 275.01 
492 407 273.01 
492 433 299.01 
492 457 284.01 
492 467 270.01 
492 476 265.01 
492 500 290.01 
2 53 275.01 
2 195 322.01 
2 231 264.01 
2 264 290.01 
2 374 303.01 
2 407 295.01 
2 432 307.01 
2 438 256.01 
2 461 301.01 
2 490 301.01 
2 498 316.01 
2 499 279.01 
53 79 283.01 
53 132 290.01 
53 190 300.01 
53 219 289.01 
53 344 291.01 
53 382 294.01 
53 420 285.01 
53 471 322.01 
53 490 245.01 
53 494 304.01 
53 498 303.01 
53 500 326.01 
195 108 307.01 
195 169 286.01 
195 251 280.01 
195 274 272.01 
195 279 282.01 
195 322 288.01 
195 378 281.01 
195 432 304.01 
195 436 296.01 
195 455 279.01 
195 476 296.01 
195 484 283.01 
231 11 311.01 
231 123 298.01 
231 253 269.01 
231 282 304.01 
231 392 306.01 
231 429 286.01 
231 441 277.01 
231 449 288.01 
231 451 308.01 
231 461 317.01 
231 500 286.01 
264 60 291.01 
264 112 278.01 
264 182 301.01 
264 209 300.01 
264 269 298.01 
264 358 292.01 
264 421 312.01 
264 426 313.01 
264 437 287.01 
264 457 274.01 
264 494 325.01 
374 110 296.01 
374 153 314.01 
374 199 293.01 
374 272 312.01 
374 279 299.01 
374 315 258.01 
374 336 279.01 
374 375 294.01 
374 407 289.01 
374 444 302.01 
374 480 263.01 
407 69 281.01 
407 89 272.01 
407 110 278.01 
407 138 287.01 
407 297 267.01 
407 329 309.01 
407 345 280.01 
407 356 288.01 
407 379 282.01 
407 383 310.01 
407 472 288.01 
432 26 309.01 
432 116 296.01 
432 354 287.01 
432 383 267.01 
432 441 324.01 
432 477 308.01 
432 484 291.01 
432 487 300.01 
432 490 293.01 
432 491 264.01 
432 498 279.01 
438 70 297.01 
438 93 276.01 
438 135 273.01 
438 172 271.01 
438 186 295.01 
438 317 303.01 
438 350 315.01 
438 474 315.01 
438 480 293.01 
438 496 286.01 
438 500 273.01 
461 179 257.01 
461 195 296.01 
461 226 286.01 
461 266 284.01 
461 292 318.01 
461 300 257.01 
461 306 291.01 
461 401 310.01 
461 443 275.01 
461 448 283.01 
461 490 321.01 
490 57 305.01 
490 259 280.01 
490 374 309.01 
490 409 323.01 
490 419 324.01 
490 437 288.01 
490 474 286.01 
490 484 297.01 
490 489 293.01 
490 493 292.01 
490 500 295.01 
498 139 290.01 
498 261 299.01 
498 329 288.01 
498 344 274.01 
498 373 283.01 
498 417 308.01 
498 450 279.01 
498 462 292.01 
498 486 273.01 
498 490 258.01 
498 494 270.01 
499 114 321.01 
499 188 318.01 
499 211 297.01 
499 213 303.01 
499 337 299.01 
499 446 282.01 
499 456 244.01 
499 460 304.01 
499 474 258.01 
499 493 250.01 
499 497 317.01 
3 82 289.01 
3 283 288.01 
3 292 300.01 
3 311 341.01 
3 313 313.01 
3 365 285.01 
3 386 296.01 
3 406 319.01 
3 424 306.01 
3 435 295.01 
3 438 329.01 
3 493 307.01 
82 90 300.01 
82 178 295.01 
82 189 313.01 
82 208 308.01 
82 233 324.01 
82 332 318.01 
82 336 289.01 
82 378 300.01 
82 436 296.01 
82 443 285.01 
82 447 300.01 
82 492 302.01 
283 17 298.01 
283 169 244.01 
283 180 280.01 
283 330 282.01 
283 384 258.01 
283 387 261.01 
283 416 287.01 
283 428 286.01 
283 457 279.01 
283 474 267.01 
283 486 307.01 
292 47 283.01 
292 201 286.01 
292 351 298.01 
292 360 285.01 
292 395 318.01 
292 414 297.01 
292 424 308.01 
292 447 302.01 
292 464 288.01 
292 493 306.01 
292 494 317.01 
311 23 268.01 
311 39 270.01 
311 73 280.01 
311 165 273.01 
311 179 288.01 
311 189 297.01 
311 357 260.01 
311 382 265.01 
311 402 269.01 
311 431 281.01 
311 493 268.01 
313 17 271.01 
313 27 295.01 
313 41 292.01 
313 267 307.01 
313 269 290.01 
313 405 287.01 
313 446 267.01 
313 457 279.01 
313 480 269.01 
313 486 280.01 
313 494 326.01 
365 183 261.01 
365 198 327.01 
365 326 268.01 
365 418 301.01 
365 422 273.01 
365 442 276.01 
365 447 276.01 
365 456 277.01 
365 471 272.01 
365 494 263.01 
365 496 285.01 
386 55 293.01 
386 136 273.01 
386 183 270.01 
386 193 271.01 
386 274 260.01 
386 292 302.01 
386 404 275.01 
386 454 296.01 
386 459 286.01 
386 486 275.01 
386 494 290.01 
406 18 279.01 
406 125 301.01 
406 138 281.01 
406 175 292.01 
406 232 297.01 
406 412 337.01 
406 443 286.01 
406 478 307.01 
406 486 314.01 
406 489 295.01 
406 494 288.01 
424 22 307.01 
424 117 290.01 
424 166 272.01 
424 292 307.01 
424 301 294.01 
424 311 340.01 
424 416 328.01 
424 478 319.01 
424 486 292.01 
424 493 279.01 
424 500 282.01 
435 126 307.01 
435 168 292.01 
435 277 310.01 
435 347 298.01 
435 400 280.01 
435 438 308.01 
435 458 287.01 
435 475 281.01 
435 493 276.01 
435 496 316.01 
435 500 297.01 
493 311 322.01 
493 313 303.01 
493 404 269.01 
493 406 290.01 
493 423 293.01 
493 424 276.01 
493 428 289.01 
493 452 279.01 
493 485 286.01 
493 497 269.01 
493 500 256.01 
4 70 299.01 
4 95 299.01 
4 180 300.01 
4 330 312.01 
4 358 290.01 
4 415 286.01 
4 431 301.01 
4 438 284.01 
4 449 292.01 
4 451 282.01 
4 459 291.01 
4 483 305.01 
70 42 315.01 
70 135 287.01 
70 273 305.01 
70 278 280.01 
70 323 288.01 
70 389 266.01 
70 407 286.01 
70 454 265.01 
70 458 289.01 
70 483 288.01 
70 484 296.01 
70 487 283.01 
95 243 305.01 
95 245 305.01 
95 304 306.01 
95 332 323.01 
95 356 281.01 
95 380 318.01 
95 433 286.01 
95 473 284.01 
95 492 279.01 
95 498 273.01 
95 499 272.01 
95 500 270.01 
180 56 268.01 
180 130 281.01 
180 302 268.01 
180 316 283.01 
180 319 253.01 
180 325 306.01 
180 350 265.01 
180 395 282.01 
180 398 271.01 
180 420 284.01 
180 444 291.01 
180 483 287.01 
330 36 287.01 
330 45 298.01 
330 104 288.01 
330 316 291.01 
330 385 293.01 
330 424 309.01 
330 426 281.01 
330 444 321.01 
330 486 299.01 
330 490 286.01 
330 498 279.01 
358 110 264.01 
358 130 266.01 
358 171 274.01 
358 206 287.01 
358 302 276.01 
358 347 286.01 
358 362 299.01 
358 363 301.01 
358 371 303.01 
358 413 275.01 
358 487 255.01 
415 245 307.01 
415 310 257.01 
415 346 290.01 
415 420 310.01 
415 453 304.01 
415 471 273.01 
415 481 313.01 
415 485 305.01 
415 497 312.01 
415 499 264.01 
415 500 254.01 
431 121 314.01 
431 142 301.01 
431 178 290.01 
431 267 311.01 
431 344 276.01 
431 406 311.01 
431 425 325.01 
431 429 306.01 
431 458 284.01 
431 464 289.01 
431 483 300.01 
449 59 281.01 
449 141 307.01 
449 185 305.01 
449 186 302.01 
449 258 314.01 
449 267 303.01 
449 358 305.01 
449 396 311.01 
449 458 293.01 
449 471 308.01 
449 488 303.01 
451 70 295.01 
451 145 305.01 
451 332 284.01 
451 341 310.01 
451 371 300.01 
451 396 315.01 
451 414 285.01 
451 429 297.01 
451 446 247.01 
451 464 264.01 
451 487 286.01 
459 17 299.01 
459 226 292.01 
459 326 300.01 
459 336 260.01 
459 341 318.01 
459 359 288.01 
459 403 324.01 
459 410 327.01 
459 411 269.01 
459 467 318.01 
459 492 271.01 
483 11 262.01 
483 35 268.01 
483 100 277.01 
483 332 264.01 
483 363 266.01 
483 420 256.01 
483 429 293.01 
483 437 299.01 
483 438 292.01 
483 480 289.01 
483 488 260.01 
5 191 288.01 
5 239 304.01 
5 291 309.01 
5 403 297.01 
5 425 290.01 
5 432 283.01 
5 433 296.01 
5 445 278.01 
5 471 275.01 
5 496 302.01 
5 497 307.01 
5 499 298.01 
191 96 288.01 
191 203 293.01 
191 309 288.01 
191 348 306.01 
191 355 280.01 
191 361 277.01 
191 366 288.01 
191 430 306.01 
191 453 278.01 
191 473 266.01 
191 497 286.01 
191 500 324.01 
239 113 292.01 
239 141 279.01 
239 215 276.01 
239 278 275.01 
239 314 292.01 
239 319 291.01 
239 348 296.01 
239 394 291.01 
239 412 289.01 
239 437 275.01 
239 490 291.01 
291 245 309.01 
291 254 304.01 
291 268 341.01 
291 315 255.01 
291 331 273.01 
291 380 314.01 
291 430 277.01 
291 439 322.01 
291 473 264.01 
291 479 334.01 
291 499 298.01 
403 102 286.01 
403 204 280.01 
403 208 294.01 
403 236 330.01 
403 322 288.01 
403 426 313.01 
403 438 288.01 
403 470 301.01 
403 495 274.01 
403 496 310.01 
403 500 286.01 
425 150 307.01 
425 307 290.01 
425 368 279.01 
425 410 285.01 
425 435 308.01 
425 441 274.01 
425 446 310.01 
425 473 302.01 
425 485 319.01 
425 497 290.01 
425 499 322.01 
433 36 302.01 
433 275 286.01 
433 337 294.01 
433 395 256.01 
433 425 300.01 
433 439 283.01 
433 441 273.01 
433 466 303.01 
433 471 309.01 
433 479 277.01 
433 500 262.01 
445 177 331.01 
445 237 290.01 
445 243 296.01 
445 332 281.01 
445 335 299.01 
445 361 283.01 
445 407 270.01 
445 415 288.01 
445 485 269.01 
445 497 312.01 
445 499 314.01 
471 36 327.01 
471 78 303.01 
471 106 317.01 
471 147 294.01 
471 161 282.01 
471 339 312.01 
471 440 278.01 
471 473 311.01 
471 479 285.01 
471 497 303.01 
471 499 301.01 
496 163 284.01 
496 176 282.01 
496 227 280.01 
496 256 294.01 
496 316 299.01 
496 329 261.01 
496 357 301.01 
496 414 294.01 
496 443 250.01 
496 474 275.01 
496 499 262.01 
497 60 298.01 
497 91 335.01 
497 148 295.01 
497 165 283.01 
497 213 315.01 
497 233 310.01 
497 304 300.01 
497 325 326.01 
497 381 313.01 
497 471 305.01 
497 473 302.01 
6 47 300.01 
6 51 295.01 
6 255 292.01 
6 287 283.01 
6 412 320.01 
6 428 297.01 
6 436 318.01 
6 444 268.01 
6 445 306.01 
6 476 293.01 
6 478 294.01 
6 494 284.01 
47 144 300.01 
47 252 301.01 
47 311 298.01 
47 342 294.01 
47 384 268.01 
47 392 275.01 
47 397 281.01 
47 410 322.01 
47 457 272.01 
47 478 316.01 
47 486 277.01 
47 491 308.01 
51 68 303.01 
51 165 282.01 
51 216 304.01 
51 274 290.01 
51 312 298.01 
51 352 309.01 
51 422 281.01 
51 454 251.01 
51 473 296.01 
51 491 302.01 
51 495 274.01 
51 500 275.01 
255 62 303.01 
255 191 271.01 
255 310 242.01 
255 328 297.01 
255 344 295.01 
255 409 281.01 
255 430 319.01 
255 433 291.01 
255 435 300.01 
255 460 322.01 
255 479 289.01 
287 16 323.01 
287 65 271.01 
287 167 296.01 
287 330 337.01 
287 369 316.01 
287 391 265.01 
287 397 287.01 
287 403 283.01 
287 455 317.01 
287 467 323.01 
287 500 325.01 
412 96 295.01 
412 241 296.01 
412 333 287.01 
412 376 289.01 
412 382 300.01 
412 416 303.01 
412 423 323.01 
412 467 265.01 
412 478 326.01 
412 482 302.01 
412 486 302.01 
428 10 293.01 
428 97 280.01 
428 271 249.01 
428 320 271.01 
428 362 253.01 
428 369 295.01 
428 404 278.01 
428 476 308.01 
428 493 293.01 
428 496 286.01 
428 499 299.01 
436 85 252.01 
436 200 267.01 
436 324 253.01 
436 373 281.01 
436 374 320.01 
436 401 270.01 
436 456 262.01 
436 467 258.01 
436 491 295.01 
436 498 277.01 
436 500 308.01 
444 57 318.01 
444 71 310.01 
444 104 300.01 
444 222 278.01 
444 326 341.01 
444 356 300.01 
444 407 296.01 
444 459 308.01 
444 475 280.01 
444 481 286.01 
444 490 290.01 
476 147 306.01 
476 225 266.01 
476 357 304.01 
476 363 292.01 
476 400 284.01 
476 449 308.01 
476 465 257.01 
476 472 301.01 
476 481 272.01 
476 487 288.01 
476 496 291.01 
478 9 289.01 
478 92 315.01 
478 183 302.01 
478 204 270.01 
478 235 283.01 
478 290 275.01 
478 388 263.01 
478 413 281.01 
478 444 272.01 
478 457 279.01 
478 494 280.01 
494 105 294.01 
494 235 289.01 
494 271 301.01 
494 282 318.01 
494 387 284.01 
494 416 284.01 
494 452 290.01 
494 471 277.01 
494 490 285.01 
494 493 294.01 
494 499 265.01 
7 90 306.01 
7 150 274.01 
7 241 300.01 
7 337 302.01 
7 404 297.01 
7 433 302.01 
7 445 299.01 
7 463 282.01 
7 469 278.01 
7 470 295.01 
7 497 321.01 
7 499 266.01 
90 87 255.01 
90 189 304.01 
90 210 274.01 
90 362 291.01 
90 369 278.01 
90 449 268.01 
90 454 295.01 
90 456 280.01 
90 490 295.01 
90 492 263.01 
90 493 283.01 
90 500 294.01 
150 40 306.01 
150 67 302.01 
150 99 278.01 
150 161 286.01 
150 339 297.01 
150 380 298.01 
150 403 325.01 
150 453 311.01 
150 485 317.01 
150 495 275.01 
150 499 282.01 
150 500 302.01 
241 155 269.01 
241 256 266.01 
241 310 283.01 
241 361 301.01 
241 366 274.01 
241 430 288.01 
241 474 262.01 
241 488 310.01 
241 497 273.01 
241 498 285.01 
241 499 286.01 
337 201 258.01 
337 308 277.01 
337 439 263.01 
337 453 277.01 
337 460 298.01 
337 465 284.01 
337 470 297.01 
337 473 286.01 
337 485 279.01 
337 492 268.01 
337 497 277.01 
404 27 319.01 
404 204 308.01 
404 268 308.01 
404 269 272.01 
404 288 296.01 
404 289 284.01 
404 424 305.01 
404 486 263.01 
404 493 304.01 
404 494 274.01 
404 497 312.01 
463 28 303.01 
463 49 285.01 
463 119 266.01 
463 284 305.01 
463 294 267.01 
463 295 293.01 
463 421 280.01 
463 454 257.01 
463 475 306.01 
463 492 268.01 
463 494 290.01 
469 15 304.01 
469 60 302.01 
469 150 292.01 
469 177 336.01 
469 240 269.01 
469 243 287.01 
469 425 307.01 
469 484 277.01 
469 485 301.01 
469 496 295.01 
469 499 291.01 
470 61 314.01 
470 84 306.01 
470 95 266.01 
470 115 311.01 
470 155 273.01 
470 334 299.01 
470 425 307.01 
470 431 262.01 
470 460 309.01 
470 493 303.01 
470 497 292.01 
8 35 300.01 
8 268 276.01 
8 321 323.01 
8 373 271.01 
8 375 293.01 
8 399 264.01 
8 408 305.01 
8 437 297.01 
8 446 286.01 
8 483 281.01 
8 490 277.01 
8 498 282.01 
35 99 280.01 
35 180 276.01 
35 239 276.01 
35 273 304.01 
35 293 308.01 
35 306 283.01 
35 368 277.01 
35 421 294.01 
35 456 299.01 
35 483 293.01 
35 488 283.01 
35 497 267.01 
268 34 297.01 
268 103 269.01 
268 114 307.01 
268 136 284.01 
268 225 312.01 
268 250 311.01 
268 273 274.01 
268 355 304.01 
268 485 304.01 
268 497 248.01 
268 499 304.01 
321 111 296.01 
321 281 296.01 
321 317 298.01 
321 357 288.01 
321 389 278.01 
321 423 285.01 
321 425 286.01 
321 434 294.01 
321 466 301.01 
321 473 276.01 
321 494 284.01 
373 167 287.01 
373 293 276.01 
373 375 272.01 
373 419 259.01 
373 437 285.01 
373 460 278.01 
373 462 300.01 
373 466 309.01 
373 482 304.01 
373 486 289.01 
373 498 292.01 
375 47 254.01 
375 115 299.01 
375 330 293.01 
375 345 257.01 
375 352 293.01 
375 371 300.01 
375 373 326.01 
375 441 295.01 
375 488 295.01 
375 496 280.01 
375 498 278.01 
399 115 287.01 
399 178 316.01 
399 214 299.01 
399 417 267.01 
399 436 312.01 
399 444 279.01 
399 447 288.01 
399 485 274.01 
399 493 309.01 
399 496 290.01 
399 498 267.01 
408 159 274.01 
408 279 280.01 
408 296 274.01 
408 306 271.01 
408 399 289.01 
408 411 252.01 
408 429 259.01 
408 447 297.01 
408 457 295.01 
408 483 269.01 
408 490 283.01 
437 19 283.01 
437 22 286.01 
437 69 300.01 
437 109 280.01 
437 148 313.01 
437 285 294.01 
437 300 317.01 
437 367 305.01 
437 393 288.01 
437 408 294.01 
437 443 303.01 
446 211 282.01 
446 262 264.01 
446 323 285.01 
446 325 274.01 
446 434 291.01 
446 437 271.01 
446 456 284.01 
446 461 288.01 
446 469 264.01 
446 492 289.01 
446 496 252.01 
9 61 299.01 
9 96 302.01 
9 109 282.01 
9 204 292.01 
9 260 297.01 
9 281 287.01 
9 382 287.01 
9 384 286.01 
9 426 311.01 
9 464 279.01 
9 493 303.01 
9 494 295.01 
61 235 265.01 
61 259 252.01 
61 269 303.01 
61 294 315.01 
61 295 284.01 
61 411 286.01 
61 441 285.01 
61 442 294.01 
61 457 305.01 
61 464 244.01 
61 483 265.01 
61 486 267.01 
96 6 280.01 
96 9 287.01 
96 21 293.01 
96 93 283.01 
96 189 287.01 
96 204 283.01 
96 227 274.01 
96 270 289.01 
96 292 320.01 
96 302 286.01 
96 310 285.01 
96 433 272.01 
109 101 305.01 
109 113 283.01 
109 125 270.01 
109 231 309.01 
109 326 289.01 
109 380 326.01 
109 390 286.01 
109 413 262.01 
109 420 289.01 
109 466 301.01 
109 483 279.01 
109 487 322.01 
204 3 303.01 
204 10 268.01 
204 34 289.01 
204 197 309.01 
204 251 281.01 
204 257 293.01 
204 386 311.01 
204 404 276.01 
204 438 309.01 
204 478 288.01 
204 484 236.01 
204 493 301.01 
260 50 265.01 
260 152 293.01 
260 198 299.01 
260 211 321.01 
260 240 286.01 
260 365 279.01 
260 446 318.01 
260 455 293.01 
260 468 294.01 
260 474 275.01 
260 475 275.01 
281 20 328.01 
281 25 292.01 
281 141 257.01 
281 359 285.01 
281 366 285.01 
281 406 277.01 
281 458 286.01 
281 463 320.01 
281 480 295.01 
281 489 288.01 
281 500 296.01 
382 52 270.01 
382 207 332.01 
382 305 289.01 
382 372 268.01 
382 386 281.01 
382 402 265.01 
382 452 300.01 
382 478 310.01 
382 493 298.01 
382 497 287.01 
382 500 301.01 
384 76 274.01 
384 105 279.01 
384 118 292.01 
384 127 292.01 
384 397 292.01 
384 402 295.01 
384 436 315.01 
384 447 273.01 
384 486 287.01 
384 495 297.01 
384 498 286.01 
426 64 295.01 
426 114 292.01 
426 207 286.01 
426 229 303.01 
426 230 277.01 
426 267 272.01 
426 296 296.01 
426 454 282.01 
426 475 292.01 
426 489 282.01 
426 496 287.01 
464 149 292.01 
464 217 316.01 
464 231 301.01 
464 244 305.01 
464 248 292.01 
464 356 270.01 
464 401 282.01 
464 458 259.01 
464 484 295.01 
464 487 262.01 
464 500 283.01 
10 18 286.01 
10 48 292.01 
10 192 312.01 
10 252 287.01 
10 287 272.01 
10 308 266.01 
10 376 302.01 
10 392 286.01 
10 401 306.01 
10 461 277.01 
10 470 266.01 
10 494 288.01 
18 83 264.01 
18 92 325.01 
18 160 273.01 
18 202 284.01 
18 220 293.01 
18 283 306.01 
18 322 277.01 
18 412 290.01 
18 477 268.01 
18 478 299.01 
18 487 272.01 
18 494 280.01 
48 109 270.01 
48 121 317.01 
48 207 284.01 
48 265 308.01 
48 320 285.01 
48 376 304.01 
48 382 292.01 
48 386 284.01 
48 457 310.01 
48 486 316.01 
48 494 308.01 
48 498 269.01 
192 182 286.01 
192 206 294.01 
192 252 335.01 
192 292 285.01 
192 412 319.01 
192 429 314.01 
192 445 279.01 
192 452 293.01 
192 454 272.01 
192 459 265.01 
192 486 302.01 
192 494 285.01 
252 47 281.01 
252 79 300.01 
252 138 289.01 
252 164 289.01 
252 216 299.01 
252 416 295.01 
252 443 262.01 
252 448 298.01 
252 493 270.01 
252 494 293.01 
252 500 292.01 
308 85 276.01 
308 132 308.01 
308 188 280.01 
308 196 288.01 
308 338 288.01 
308 345 312.01 
308 359 279.01 
308 399 286.01 
308 416 301.01 
308 437 302.01 
308 452 286.01 
376 3 328.01 
376 257 308.01 
376 282 312.01 
376 306 284.01 
376 375 285.01 
376 393 271.01 
376 447 272.01 
376 450 285.01 
376 460 285.01 
376 493 308.01 
376 494 262.01 
392 113 277.01 
392 144 286.01 
392 175 296.01 
392 180 311.01 
392 187 286.01 
392 201 268.01 
392 206 276.01 
392 332 267.01 
392 444 300.01 
392 462 291.01 
392 466 323.01 
401 196 274.01 
401 222 276.01 
401 308 292.01 
401 373 296.01 
401 453 290.01 
401 467 289.01 
401 479 263.01 
401 489 265.01 
401 490 281.01 
401 498 272.01 
401 500 267.01 
11 156 298.01 
11 275 296.01 
11 298 313.01 
11 319 296.01 
11 371 292.01 
11 373 293.01 
11 409 283.01 
11 420 285.01 
11 427 275.01 
11 466 309.01 
11 483 288.01 
11 500 288.01 
156 14 291.01 
156 241 281.01 
156 328 297.01 
156 415 289.01 
156 421 302.01 
156 445 313.01 
156 471 285.01 
156 472 280.01 
156 473 263.01 
156 485 306.01 
156 497 299.01 
156 499 326.01 
275 28 314.01 
275 199 285.01 
275 224 294.01 
275 228 297.01 
275 363 273.01 
275 419 278.01 
275 454 280.01 
275 476 309.01 
275 489 285.01 
275 495 288.01 
275 500 275.01 
298 133 293.01 
298 260 294.01 
298 334 238.01 
298 361 299.01 
298 398 257.01 
298 413 271.01 
298 431 263.01 
298 449 253.01 
298 451 292.01 
298 466 287.01 
298 499 275.01 
319 107 300.01 
319 175 293.01 
319 220 298.01 
319 314 316.01 
319 393 301.01 
319 415 292.01 
319 421 271.01 
319 449 293.01 
319 487 301.01 
319 489 273.01 
319 498 279.01 
371 119 294.01 
371 130 307.01 
371 217 268.01 
371 288 287.01 
371 314 291.01 
371 379 283.01 
371 424 267.01 
371 431 266.01 
371 449 295.01 
371 487 265.01 
371 496 273.01 
409 159 260.01 
409 257 266.01 
409 337 273.01 
409 374 286.01 
409 398 284.01 
409 413 290.01 
409 417 278.01 
409 427 299.01 
409 482 312.01 
409 484 312.01 
409 498 274.01 
420 53 261.01 
420 109 302.01 
420 149 282.01 
420 202 305.01 
420 217 275.01 
420 349 281.01 
420 391 269.01 
420 421 278.01 
420 422 282.01 
420 429 269.01 
420 476 272.01 
427 124 273.01 
427 144 296.01 
427 246 296.01 
427 267 310.01 
427 394 271.01 
427 413 285.01 
427 450 286.01 
427 473 272.01 
427 483 294.01 
427 495 234.01 
427 500 256.01 
466 14 268.01 
466 43 272.01 
466 74 293.01 
466 101 312.01 
466 218 286.01 
466 303 330.01 
466 358 307.01 
466 422 295.01 
466 458 306.01 
466 468 274.01 
466 498 268.01 
500 227 279.01 
500 293 288.01 
500 295 294.01 
500 348 307.01 
500 353 283.01 
500 397 303.01 
500 459 278.01 
500 468 273.01 
500 472 304.01 
500 474 282.01 
500 496 291.01 
12 62 312.01 
12 81 326.01 
12 266 319.01 
12 351 322.01 
12 357 280.01 
12 381 310.01 
12 385 293.01 
12 405 297.01 
12 423 310.01 
12 476 324.01 
12 496 304.01 
12 500 308.01 
62 117 302.01 
62 121 302.01 
62 260 294.01 
62 318 286.01 
62 401 269.01 
62 435 324.01 
62 479 281.01 
62 489 273.01 
62 491 317.01 
62 495 294.01 
62 497 278.01 
62 500 276.01 
81 63 295.01 
81 107 288.01 
81 259 237.01 
81 266 277.01 
81 335 284.01 
81 463 293.01 
81 465 296.01 
81 467 288.01 
81 476 300.01 
81 489 275.01 
81 499 283.01 
81 500 302.01 
266 100 301.01 
266 362 299.01 
266 403 298.01 
266 426 296.01 
266 440 243.01 
266 463 291.01 
266 488 295.01 
266 489 285.01 
266 490 286.01 
266 492 285.01 
266 497 320.01 
351 134 287.01 
351 349 299.01 
351 415 301.01 
351 433 286.01 
351 453 304.01 
351 458 290.01 
351 469 294.01 
351 479 282.01 
351 485 309.01 
351 497 262.01 
351 499 335.01 
357 199 265.01 
357 320 267.01 
357 322 278.01 
357 424 281.01 
357 438 307.01 
357 450 286.01 
357 453 281.01 
357 463 315.01 
357 474 292.01 
357 479 255.01 
357 500 292.01 
381 65 287.01 
381 137 322.01 
381 205 301.01 
381 350 315.01 
381 368 306.01 
381 459 288.01 
381 464 266.01 
381 480 295.01 
381 487 331.01 
381 495 306.01 
381 500 304.01 
385 71 342.01 
385 195 267.01 
385 263 292.01 
385 407 280.01 
385 417 287.01 
385 441 287.01 
385 447 260.01 
385 471 307.01 
385 475 307.01 
385 490 286.01 
385 498 284.01 
405 37 268.01 
405 181 270.01 
405 223 291.01 
405 294 283.01 
405 335 291.01 
405 479 241.01 
405 488 293.01 
405 489 268.01 
405 495 284.01 
405 498 259.01 
405 500 273.01 
423 55 312.01 
423 112 309.01 
423 284 279.01 
423 287 296.01 
423 347 263.01 
423 389 296.01 
423 391 293.01 
423 430 275.01 
423 480 265.01 
423 490 262.01 
423 500 291.01 
13 69 300.01 
13 107 289.01 
13 128 274.01 
13 218 271.01 
13 285 277.01 
13 363 280.01 
13 410 320.01 
13 411 241.01 
13 415 306.01 
13 468 300.01 
13 474 259.01 
13 500 273.01 
69 90 295.01 
69 110 294.01 
69 272 314.01 
69 385 290.01 
69 398 274.01 
69 402 272.01 
69 417 290.01 
69 435 283.01 
69 461 320.01 
69 484 266.01 
69 498 292.01 
69 499 271.01 
107 13 270.01 
107 20 277.01 
107 136 304.01 
107 139 316.01 
107 159 270.01 
107 277 295.01 
107 364 281.01 
107 426 276.01 
107 491 280.01 
107 494 284.01 
107 495 305.01 
107 500 322.01 
128 202 306.01 
128 278 313.01 
128 355 298.01 
128 383 267.01 
128 412 269.01 
128 452 295.01 
128 472 314.01 
128 481 287.01 
128 493 302.01 
128 495 283.01 
128 497 287.01 
128 499 278.01 
218 113 294.01 
218 275 279.01 
218 333 310.01 
218 348 286.01 
218 357 290.01 
218 448 296.01 
218 482 291.01 
218 489 311.01 
218 495 299.01 
218 499 283.01 
218 500 307.01 
285 77 270.01 
285 115 287.01 
285 154 292.01 
285 228 279.01 
285 300 285.01 
285 329 306.01 
285 408 318.01 
285 437 282.01 
285 444 298.01 
285 450 291.01 
285 471 297.01 
363 29 258.01 
363 281 281.01 
363 331 300.01 
363 338 306.01 
363 349 308.01 
363 358 280.01 
363 362 324.01 
363 434 274.01 
363 463 295.01 
363 494 294.01 
363 500 300.01 
410 44 255.01 
410 51 249.01 
410 73 302.01 
410 170 260.01 
410 199 279.01 
410 200 273.01 
410 208 288.01 
410 322 286.01 
410 487 315.01 
410 499 305.01 
410 500 292.01 
411 224 264.01 
411 249 310.01 
411 324 283.01 
411 331 259.01 
411 400 299.01 
411 405 305.01 
411 415 271.01 
411 429 308.01 
411 455 305.01 
411 466 273.01 
411 489 276.01 
474 146 278.01 
474 173 277.01 
474 266 288.01 
474 331 274.01 
474 341 295.01 
474 350 283.01 
474 352 291.01 
474 419 297.01 
474 440 279.01 
474 487 274.01 
474 488 287.01 
14 146 279.01 
14 149 283.01 
14 160 297.01 
14 177 297.01 
14 289 250.01 
14 303 269.01 
14 379 270.01 
14 394 289.01 
14 398 276.01 
14 402 293.01 
14 405 267.01 
14 493 280.01 
146 117 296.01 
146 251 280.01 
146 256 269.01 
146 331 260.01 
146 425 281.01 
146 448 283.01 
146 453 286.01 
146 475 278.01 
146 493 296.01 
146 496 302.01 
146 498 281.01 
146 500 275.01 
149 83 268.01 
149 119 279.01 
149 131 294.01 
149 195 267.01 
149 290 280.01 
149 302 253.01 
149 394 274.01 
149 395 306.01 
149 437 289.01 
149 483 310.01 
149 485 306.01 
149 500 275.01 
160 109 268.01 
160 170 276.01 
160 180 280.01 
160 298 321.01 
160 307 295.01 
160 314 301.01 
160 394 282.01 
160 397 288.01 
160 427 303.01 
160 487 281.01 
160 492 261.01 
160 494 290.01 
177 7 279.01 
177 48 279.01 
177 151 277.01 
177 234 283.01 
177 243 304.01 
177 268 288.01 
177 328 286.01 
177 445 327.01 
177 453 294.01 
177 485 321.01 
177 497 297.01 
177 499 287.01 
303 74 272.01 
303 202 290.01 
303 314 296.01 
303 383 289.01 
303 420 280.01 
303 451 276.01 
303 454 273.01 
303 472 270.01 
303 487 285.01 
303 489 306.01 
303 500 266.01 
379 229 294.01 
379 236 280.01 
379 256 268.01 
379 358 269.01 
379 383 289.01 
379 418 288.01 
379 429 278.01 
379 431 301.01 
379 451 280.01 
379 456 278.01 
379 465 310.01 
394 66 311.01 
394 113 287.01 
394 120 261.01 
394 149 268.01 
394 343 284.01 
394 451 313.01 
394 464 304.01 
394 473 290.01 
394 498 268.01 
394 499 263.01 
394 500 279.01 
398 120 268.01 
398 154 299.01 
398 278 294.01 
398 285 285.01 
398 307 306.01 
398 396 317.01 
398 440 283.01 
398 455 273.01 
398 481 275.01 
398 483 310.01 
398 500 300.01 
402 43 298.01 
402 58 283.01 
402 114 317.01 
402 118 315.01 
402 232 319.01 
402 247 272.01 
402 374 302.01 
402 406 294.01 
402 428 300.01 
402 440 280.01 
402 493 314.01 
15 45 290.01 
15 79 273.01 
15 114 296.01 
15 161 307.01 
15 203 297.01 
15 317 263.01 
15 353 290.01 
15 430 285.01 
15 433 302.01 
15 471 286.01 
15 499 317.01 
15 500 298.01 
45 89 265.01 
45 231 299.01 
45 244 282.01 
45 304 285.01 
45 388 287.01 
45 425 291.01 
45 460 296.01 
45 469 270.01 
45 471 319.01 
45 479 299.01 
45 496 271.01 
45 499 285.01 
79 138 285.01 
79 176 277.01 
79 250 276.01 
79 393 251.01 
79 402 314.01 
79 416 303.01 
79 442 268.01 
79 452 299.01 
79 459 283.01 
79 464 259.01 
79 493 282.01 
79 500 249.01 
114 30 295.01 
114 163 320.01 
114 188 297.01 
114 355 280.01 
114 359 276.01 
114 465 300.01 
114 468 284.01 
114 469 301.01 
114 470 312.01 
114 490 303.01 
114 491 269.01 
114 499 266.01 
161 5 288.01 
161 41 281.01 
161 78 298.01 
161 141 302.01 
161 156 276.01 
161 190 295.01 
161 268 261.01 
161 346 288.01 
161 460 297.01 
161 480 284.01 
161 497 297.01 
161 499 297.01 
203 95 305.01 
203 245 316.01 
203 255 304.01 
203 291 297.01 
203 300 286.01 
203 328 328.01 
203 409 294.01 
203 468 319.01 
203 471 280.01 
203 472 312.01 
203 476 313.01 
203 497 312.01 
317 198 279.01 
317 205 310.01 
317 230 301.01 
317 287 272.01 
317 330 283.01 
317 368 276.01 
317 451 306.01 
317 468 341.01 
317 481 310.01 
317 492 283.01 
317 500 285.01 
353 46 278.01 
353 160 287.01 
353 169 296.01 
353 223 293.01 
353 306 284.01 
353 375 303.01 
353 399 269.01 
353 441 303.01 
353 482 293.01 
353 485 306.01 
353 498 283.01 
430 278 280.01 
430 399 276.01 
430 415 270.01 
430 433 304.01 
430 435 318.01 
430 439 292.01 
430 459 271.01 
430 470 277.01 
430 485 284.01 
430 497 293.01 
430 499 293.01 
16 156 291.01 
16 244 309.01 
16 269 285.01 
16 342 310.01 
16 354 293.01 
16 400 294.01 
16 403 283.01 
16 434 277.01 
16 459 277.01 
16 485 333.01 
16 496 329.01 
16 500 302.01 
244 111 276.01 
244 132 291.01 
244 214 312.01 
244 255 305.01 
244 259 278.01 
244 318 265.01 
244 434 296.01 
244 436 287.01 
244 472 319.01 
244 495 304.01 
244 500 309.01 
269 3 305.01 
269 124 275.01 
269 187 284.01 
269 201 270.01 
269 264 311.01 
269 321 285.01 
269 387 277.01 
269 396 280.01 
269 452 315.01 
269 486 303.01 
269 493 298.01 
342 32 285.01 
342 395 280.01 
342 404 305.01 
342 409 310.01 
342 426 278.01 
342 448 276.01 
342 449 270.01 
342 478 285.01 
342 495 323.01 
342 496 294.01 
342 500 291.01 
354 72 282.01 
354 97 273.01 
354 111 306.01 
354 342 317.01 
354 405 291.01 
354 409 297.01 
354 440 289.01 
354 462 282.01 
354 463 286.01 
354 466 290.01 
354 500 292.01 
400 11 293.01 
400 223 331.01 
400 245 285.01 
400 264 314.01 
400 275 308.01 
400 417 278.01 
400 435 328.01 
400 455 272.01 
400 465 283.01 
400 475 295.01 
400 499 265.01 
434 119 266.01 
434 218 291.01 
434 331 256.01 
434 426 291.01 
434 435 314.01 
434 437 298.01 
434 448 301.01 
434 480 289.01 
434 483 301.01 
434 489 285.01 
434 495 299.01 
485 3 294.01 
485 45 291.01 
485 203 295.01 
485 255 275.01 
485 287 302.01 
485 325 309.01 
485 328 306.01 
485 337 307.01 
485 460 285.01 
485 477 302.01 
485 489 300.01 
17 38 331.01 
17 164 299.01 
17 172 275.01 
17 219 299.01 
17 222 306.01 
17 376 305.01 
17 382 307.01 
17 412 313.01 
17 452 275.01 
17 461 301.01 
17 483 300.01 
17 486 296.01 
38 207 279.01 
38 264 264.01 
38 370 284.01 
38 397 279.01 
38 457 273.01 
38 459 285.01 
38 472 275.01 
38 477 253.01 
38 481 278.01 
38 486 274.01 
38 493 269.01 
38 499 268.01 
164 247 301.01 
164 360 301.01 
164 369 294.01 
164 391 318.01 
164 484 342.01 
164 486 280.01 
164 487 255.01 
164 489 312.01 
164 491 262.01 
164 495 318.01 
164 496 309.01 
164 500 293.01 
172 50 257.01 
172 101 277.01 
172 107 295.01 
172 199 275.01 
172 281 299.01 
172 299 271.01 
172 366 277.01 
172 438 264.01 
172 459 264.01 
172 488 287.01 
172 494 251.01 
172 500 266.01 
219 10 317.01 
219 111 283.01 
219 235 268.01 
219 252 303.01 
219 304 290.01 
219 353 304.01 
219 363 285.01 
219 404 291.01 
219 412 287.01 
219 483 265.01 
219 486 278.01 
222 33 307.01 
222 85 289.01 
222 260 272.01 
222 283 278.01 
222 323 304.01 
222 340 299.01 
222 370 284.01 
222 408 272.01 
222 432 284.01 
222 484 277.01 
222 498 258.01 
452 179 304.01 
452 264 290.01 
452 328 310.01 
452 341 343.01 
452 384 321.01 
452 426 272.01 
452 440 293.01 
452 445 281.01 
452 479 304.01 
452 494 291.01 
452 500 262.01 
486 24 297.01 
486 122 287.01 
486 193 314.01 
486 209 283.01 
486 311 325.01 
486 384 282.01 
486 428 300.01 
486 448 282.01 
486 467 281.01 
486 493 273.01 
486 500 261.01 
83 53 267.01 
83 209 296.01 
83 283 282.01 
83 305 270.01 
83 428 295.01 
83 431 302.01 
83 434 301.01 
83 452 269.01 
83 457 296.01 
83 482 290.01 
83 488 289.01 
83 494 292.01 
92 64 290.01 
92 76 282.01 
92 87 277.01 
92 166 274.01 
92 183 305.01 
92 357 278.01 
92 376 312.01 
92 412 298.01 
92 482 254.01 
92 493 296.01 
92 494 269.01 
92 497 274.01 
202 56 275.01 
202 145 291.01 
202 309 327.01 
202 347 277.01 
202 367 318.01 
202 369 281.01 
202 376 284.01 
202 402 288.01 
202 433 311.01 
202 456 276.01 
202 468 285.01 
202 478 303.01 
220 327 289.01 
220 352 281.01 
220 358 268.01 
220 368 262.01 
220 372 277.01 
220 391 296.01 
220 414 297.01 
220 438 256.01 
220 474 266.01 
220 482 295.01 
220 489 289.01 
322 48 285.01 
322 62 298.01 
322 68 306.01 
322 177 286.01 
322 407 272.01 
322 449 329.01 
322 450 290.01 
322 463 313.01 
322 476 323.01 
322 495 308.01 
322 500 289.01 
477 52 279.01 
477 108 287.01 
477 254 299.01 
477 321 304.01 
477 360 301.01 
477 378 318.01 
477 424 294.01 
477 489 294.01 
477 492 290.01 
477 493 281.01 
477 500 278.01 
487 99 283.01 
487 194 298.01 
487 217 304.01 
487 272 251.01 
487 278 262.01 
487 315 274.01 
487 400 249.01 
487 412 265.01 
487 422 277.01 
487 464 280.01 
487 500 252.01 
19 23 278.01 
19 163 310.01 
19 222 274.01 
19 296 277.01 
19 338 303.01 
19 353 291.01 
19 361 288.01 
19 401 324.01 
19 443 305.01 
19 486 314.01 
19 489 302.01 
19 498 332.01 
23 30 298.01 
23 86 299.01 
23 142 306.01 
23 206 301.01 
23 301 290.01 
23 343 298.01 
23 396 279.01 
23 427 310.01 
23 436 295.01 
23 449 291.01 
23 466 275.01 
23 499 279.01 
163 7 291.01 
163 98 303.01 
163 134 274.01 
163 151 257.01 
163 238 292.01 
163 248 299.01 
163 254 296.01 
163 408 304.01 
163 423 288.01 
163 458 264.01 
163 460 262.01 
163 499 300.01 
296 22 287.01 
296 155 274.01 
296 157 302.01 
296 340 271.01 
296 353 304.01 
296 364 330.01 
296 419 256.01 
296 423 273.01 
296 424 283.01 
296 428 288.01 
296 462 305.01 
338 39 287.01 
338 69 297.01 
338 142 318.01 
338 178 303.01 
338 244 261.01 
338 261 331.01 
338 375 290.01 
338 441 277.01 
338 455 302.01 
338 482 288.01 
338 493 271.01 
361 104 294.01 
361 368 313.01 
361 374 300.01 
361 425 313.01 
361 453 294.01 
361 470 311.01 
361 471 300.01 
361 473 299.01 
361 497 290.01 
361 498 267.01 
361 499 280.01 
443 17 280.01 
443 22 277.01 
443 128 277.01 
443 274 282.01 
443 308 291.01 
443 407 281.01 
443 429 303.01 
443 436 310.01 
443 461 290.01 
443 492 282.01 
443 498 284.01 
489 162 294.01 
489 204 281.01 
489 239 290.01 
489 327 287.01 
489 411 270.01 
489 434 254.01 
489 438 283.01 
489 467 286.01 
489 471 288.01 
489 480 279.01 
489 488 268.01 
20 74 305.01 
20 106 304.01 
20 127 309.01 
20 161 303.01 
20 284 276.01 
20 410 284.01 
20 454 273.01 
20 469 289.01 
20 474 327.01 
20 490 295.01 
20 496 326.01 
20 500 307.01 
74 3 308.01 
74 94 284.01 
74 121 294.01 
74 127 292.01 
74 215 286.01 
74 293 295.01 
74 392 284.01 
74 395 312.01 
74 422 270.01 
74 461 302.01 
74 464 322.01 
74 492 284.01 
106 40 264.01 
106 143 329.01 
106 311 303.01 
106 405 293.01 
106 415 290.01 
106 439 305.01 
106 451 284.01 
106 479 290.01 
106 489 289.01 
106 492 278.01 
106 497 281.01 
106 499 289.01 
127 287 313.01 
127 294 287.01 
127 321 278.01 
127 363 316.01 
127 367 294.01 
127 395 288.01 
127 465 300.01 
127 467 286.01 
127 473 275.01 
127 488 285.01 
127 496 268.01 
127 500 313.01 
284 150 261.01 
284 210 297.01 
284 218 295.01 
284 294 276.01 
284 300 304.01 
284 438 303.01 
284 487 248.01 
284 488 279.01 
284 491 315.01 
284 495 281.01 
284 500 289.01 
454 31 292.01 
454 72 282.01 
454 240 293.01 
454 254 287.01 
454 305 290.01 
454 335 301.01 
454 346 284.01 
454 381 311.01 
454 455 313.01 
454 478 286.01 
454 500 277.01 
21 24 263.01 
21 256 282.01 
21 327 279.01 
21 401 291.01 
21 408 330.01 
21 418 283.01 
21 432 276.01 
21 452 311.01 
21 455 281.01 
21 456 288.01 
21 486 317.01 
21 497 280.01 
24 38 290.01 
24 203 298.01 
24 280 265.01 
24 292 233.01 
24 369 291.01 
24 388 291.01 
24 438 282.01 
24 447 262.01 
24 477 301.01 
24 481 313.01 
24 492 274.01 
24 500 273.01 
256 176 284.01 
256 274 305.01 
256 284 269.01 
256 309 258.01 
256 331 299.01 
256 335 317.01 
256 391 293.01 
256 440 239.01 
256 454 283.01 
256 457 297.01 
256 500 280.01 
327 7 276.01 
327 39 295.01 
327 102 293.01 
327 112 274.01 
327 197 285.01 
327 227 273.01 
327 299 312.01 
327 312 289.01 
327 422 286.01 
327 459 274.01 
327 496 314.01 
418 150 268.01 
418 174 287.01 
418 312 275.01 
418 323 296.01 
418 365 247.01 
418 394 263.01 
418 426 259.01 
418 473 278.01 
418 477 303.01 
418 491 301.01 
418 492 285.01 
455 42 280.01 
455 170 291.01 
455 196 286.01 
455 259 274.01 
455 349 278.01 
455 417 284.01 
455 434 269.01 
455 467 269.01 
455 487 310.01 
455 496 297.01 
455 500 300.01 
22 87 302.01 
22 105 312.01 
22 187 301.01 
22 226 280.01 
22 253 281.01 
22 278 289.01 
22 285 327.01 
22 316 269.01 
22 394 267.01 
22 425 284.01 
22 461 301.01 
22 498 279.01 
87 94 288.01 
87 260 311.01 
87 289 295.01 
87 295 279.01 
87 323 275.01 
87 372 318.01 
87 388 294.01 
87 391 304.01 
87 474 311.01 
87 481 296.01 
87 495 292.01 
87 498 271.01 
105 144 273.01 
105 166 289.01 
105 213 298.01 
105 257 289.01 
105 319 306.01 
105 416 311.01 
105 429 299.01 
105 478 283.01 
105 486 300.01 
105 490 288.01 
105 494 290.01 
105 497 265.01 
187 74 327.01 
187 112 272.01 
187 131 272.01 
187 297 307.01 
187 324 274.01 
187 330 310.01 
187 338 285.01 
187 389 283.01 
187 476 270.01 
187 490 281.01 
187 492 301.01 
187 498 283.01 
226 132 284.01 
226 194 266.01 
226 284 285.01 
226 401 276.01 
226 409 263.01 
226 419 300.01 
226 482 274.01 
226 486 299.01 
226 490 292.01 
226 498 282.01 
226 500 306.01 
253 8 279.01 
253 58 285.01 
253 158 299.01 
253 243 287.01 
253 285 277.01 
253 406 259.01 
253 438 244.01 
253 441 260.01 
253 443 253.01 
253 490 284.01 
253 497 259.01 
278 28 286.01 
278 86 330.01 
278 154 302.01 
278 245 272.01 
278 370 288.01 
278 395 301.01 
278 398 325.01 
278 404 290.01 
278 421 289.01 
278 449 318.01 
278 466 282.01 
316 44 292.01 
316 117 260.01 
316 238 297.01 
316 370 274.01 
316 401 279.01 
316 418 284.01 
316 428 273.01 
316 444 287.01 
316 450 267.01 
316 462 308.01 
316 492 262.01 
30 5 315.01 
30 72 297.01 
30 101 282.01 
30 151 262.01 
30 172 304.01 
30 185 282.01 
30 339 299.01 
30 463 296.01 
30 470 305.01 
30 471 285.01 
30 497 287.01 
30 499 275.01 
86 21 279.01 
86 296 280.01 
86 333 282.01 
86 349 280.01 
86 356 289.01 
86 427 261.01 
86 463 290.01 
86 480 268.01 
86 488 269.01 
86 490 300.01 
86 495 274.01 
86 500 306.01 
142 19 281.01 
142 56 282.01 
142 59 275.01 
142 279 307.01 
142 344 303.01 
142 407 288.01 
142 417 288.01 
142 441 321.01 
142 482 301.01 
142 489 294.01 
142 490 316.01 
142 500 296.01 
206 23 307.01 
206 136 316.01 
206 251 276.01 
206 261 287.01 
206 293 310.01 
206 307 293.01 
206 427 262.01 
206 449 319.01 
206 471 287.01 
206 487 274.01 
206 488 304.01 
206 500 277.01 
301 46 296.01 
301 391 298.01 
301 425 284.01 
301 445 274.01 
301 454 247.01 
301 474 255.01 
301 475 303.01 
301 477 272.01 
301 481 294.01 
301 491 271.01 
301 500 307.01 
343 184 286.01 
343 306 298.01 
343 307 294.01 
343 315 299.01 
343 332 289.01 
343 393 276.01 
343 418 290.01 
343 421 303.01 
343 463 285.01 
343 487 301.01 
343 496 278.01 
396 35 284.01 
396 270 309.01 
396 390 270.01 
396 395 323.01 
396 408 291.01 
396 421 322.01 
396 458 288.01 
396 470 314.01 
396 477 282.01 
396 495 300.01 
396 500 296.01 
280 1 302.01 
280 110 325.01 
280 195 276.01 
280 202 295.01 
280 211 306.01 
280 263 311.01 
280 288 320.01 
280 463 314.01 
280 480 277.01 
280 481 284.01 
280 497 285.01 
369 31 292.01 
369 59 289.01 
369 90 317.01 
369 122 266.01 
369 219 306.01 
369 228 274.01 
369 243 289.01 
369 262 295.01 
369 475 273.01 
369 480 302.01 
369 500 287.01 
388 28 294.01 
388 139 277.01 
388 212 310.01 
388 224 277.01 
388 263 310.01 
388 333 291.01 
388 342 294.01 
388 392 283.01 
388 450 300.01 
388 493 300.01 
388 499 278.01 
447 21 322.01 
447 25 291.01 
447 82 290.01 
447 202 281.01 
447 216 302.01 
447 279 307.01 
447 318 284.01 
447 350 284.01 
447 361 293.01 
447 477 281.01 
447 481 312.01 
481 131 308.01 
481 221 313.01 
481 228 299.01 
481 259 282.01 
481 372 305.01 
481 381 299.01 
481 390 318.01 
481 442 311.01 
481 492 289.01 
481 497 296.01 
481 498 288.01 
25 168 286.01 
25 223 297.01 
25 318 265.01 
25 327 310.01 
25 387 294.01 
25 434 286.01 
25 455 305.01 
25 480 303.01 
25 490 288.01 
25 495 312.01 
25 496 298.01 
25 500 303.01 
168 50 317.01 
168 113 287.01 
168 223 276.01 
168 342 278.01 
168 359 262.01 
168 396 288.01 
168 405 318.01 
168 419 303.01 
168 454 300.01 
168 487 263.01 
168 489 254.01 
168 500 294.01 
223 197 320.01 
223 234 280.01 
223 296 304.01 
223 349 263.01 
223 354 336.01 
223 426 269.01 
223 440 293.01 
223 455 304.01 
223 475 299.01 
223 496 294.01 
223 499 278.01 
318 300 289.01 
318 314 290.01 
318 435 275.01 
318 440 305.01 
318 463 292.01 
318 467 311.01 
318 475 279.01 
318 491 311.01 
318 495 301.01 
318 496 282.01 
318 500 285.01 
480 67 331.01 
480 98 274.01 
480 185 292.01 
480 229 279.01 
480 333 322.01 
480 342 295.01 
480 411 292.01 
480 443 297.01 
480 455 287.01 
480 458 298.01 
480 495 284.01 
495 78 296.01 
495 179 257.01 
495 237 294.01 
495 249 316.01 
495 298 302.01 
495 348 292.01 
495 359 311.01 
495 376 269.01 
495 472 290.01 
495 489 316.01 
495 496 298.01 
26 27 305.01 
26 80 305.01 
26 262 280.01 
26 274 275.01 
26 308 277.01 
26 337 291.01 
26 374 277.01 
26 375 275.01 
26 461 290.01 
26 475 298.01 
26 484 275.01 
26 498 292.01 
27 9 306.01 
27 61 293.01 
27 138 307.01 
27 283 284.01 
27 292 297.01 
27 295 313.01 
27 303 321.01 
27 342 287.01 
27 455 282.01 
27 460 270.01 
27 493 290.01 
27 495 275.01 
80 189 280.01 
80 209 273.01 
80 248 270.01 
80 271 284.01 
80 335 288.01 
80 336 302.01 
80 396 288.01 
80 401 292.01 
80 442 301.01 
80 447 311.01 
80 468 299.01 
80 477 306.01 
262 77 270.01 
262 184 306.01 
262 324 304.01 
262 347 295.01 
262 362 277.01 
262 405 306.01 
262 424 284.01 
262 442 258.01 
262 475 302.01 
262 488 278.01 
262 500 286.01 
274 210 298.01 
274 253 294.01 
274 284 309.01 
274 306 280.01 
274 315 286.01 
274 325 301.01 
274 345 294.01 
274 461 288.01 
274 462 309.01 
274 482 299.01 
274 498 314.01 
475 38 283.01 
475 200 299.01 
475 312 285.01 
475 411 295.01 
475 414 302.01 
475 423 307.01 
475 425 279.01 
475 449 269.01 
475 496 260.01 
475 498 283.01 
475 500 272.01 
484 75 272.01 
484 142 317.01 
484 162 289.01 
484 212 283.01 
484 274 303.01 
484 330 290.01 
484 385 347.01 
484 460 262.01 
484 482 319.01 
484 490 320.01 
484 495 288.01 
138 19 276.01 
138 166 277.01 
138 192 312.01 
138 290 318.01 
138 386 283.01 
138 397 309.01 
138 446 292.01 
138 448 303.01 
138 452 325.01 
138 482 307.01 
138 493 276.01 
138 494 288.01 
295 171 288.01 
295 181 272.01 
295 191 262.01 
295 201 271.01 
295 217 253.01 
295 406 289.01 
295 424 304.01 
295 483 263.01 
295 486 271.01 
295 493 292.01 
295 494 284.01 
460 19 291.01 
460 265 298.01 
460 344 280.01 
460 346 325.01 
460 350 275.01 
460 386 314.01 
460 430 326.01 
460 439 290.01 
460 473 281.01 
460 497 303.01 
460 499 297.01 
28 64 272.01 
28 117 268.01 
28 197 300.01 
28 210 270.01 
28 400 299.01 
28 411 266.01 
28 414 277.01 
28 455 299.01 
28 465 285.01 
28 488 271.01 
28 496 269.01 
28 500 266.01 
64 9 277.01 
64 18 283.01 
64 220 304.01 
64 234 298.01 
64 287 274.01 
64 349 288.01 
64 410 262.01 
64 414 262.01 
64 478 284.01 
64 495 293.01 
64 496 290.01 
64 500 259.01 
117 186 268.01 
117 212 305.01 
117 254 297.01 
117 339 257.01 
117 347 284.01 
117 352 340.01 
117 382 268.01 
117 423 299.01 
117 467 307.01 
117 488 280.01 
117 498 286.01 
117 500 291.01 
197 25 312.01 
197 241 314.01 
197 263 314.01 
197 276 295.01 
197 301 301.01 
197 425 316.01 
197 440 281.01 
197 456 295.01 
197 472 264.01 
197 479 287.01 
197 491 302.01 
197 500 319.01 
210 13 297.01 
210 16 291.01 
210 236 291.01 
210 262 271.01 
210 363 289.01 
210 408 300.01 
210 463 290.01 
210 475 289.01 
210 480 300.01 
210 491 301.01 
210 500 299.01 
414 172 293.01 
414 223 299.01 
414 248 266.01 
414 276 276.01 
414 332 297.01 
414 354 275.01 
414 365 279.01 
414 468 296.01 
414 491 298.01 
414 495 298.01 
414 500 291.01 
465 1 296.01 
465 67 299.01 
465 136 305.01 
465 405 311.01 
465 426 296.01 
465 450 311.01 
465 459 286.01 
465 460 288.01 
465 475 266.01 
465 495 307.01 
465 500 292.01 
488 249 276.01 
488 303 271.01 
488 321 309.01 
488 363 287.01 
488 434 292.01 
488 444 291.01 
488 454 273.01 
488 480 302.01 
488 491 291.01 
488 495 280.01 
488 499 268.01 
29 57 308.01 
29 167 288.01 
29 178 295.01 
29 236 255.01 
29 253 299.01 
29 297 281.01 
29 399 325.01 
29 436 275.01 
29 448 287.01 
29 460 290.01 
29 465 291.01 
29 490 254.01 
57 71 360.01 
57 167 342.01 
57 266 279.01 
57 298 294.01 
57 306 270.01 
57 316 290.01 
57 333 288.01 
57 400 285.01 
57 454 291.01 
57 462 292.01 
57 484 299.01 
57 498 299.01 
167 52 326.01 
167 60 259.01 
167 132 272.01 
167 251 290.01 
167 277 286.01 
167 297 287.01 
167 344 277.01 
167 407 271.01 
167 443 279.01 
167 494 302.01 
167 498 273.01 
167 499 250.01 
178 2 283.01 
178 142 280.01 
178 381 289.01 
178 385 296.01 
178 439 280.01 
178 443 271.01 
178 453 293.01 
178 474 281.01 
178 484 274.01 
178 490 289.01 
178 498 298.01 
178 500 284.01 
236 12 296.01 
236 26 288.01 
236 277 305.01 
236 281 311.01 
236 350 292.01 
236 365 282.01 
236 435 291.01 
236 449 269.01 
236 479 289.01 
236 495 315.01 
236 496 296.01 
297 37 283.01 
297 43 291.01 
297 44 290.01 
297 75 319.01 
297 140 300.01 
297 355 309.01 
297 356 293.01 
297 385 301.01 
297 417 315.01 
297 437 291.01 
297 470 277.01 
448 111 242.01 
448 125 273.01 
448 240 286.01 
448 258 293.01 
448 301 283.01 
448 407 284.01 
448 459 286.01 
448 465 299.01 
448 491 297.01 
448 493 249.01 
448 494 249.01 
72 36 335.01 
72 108 297.01 
72 162 279.01 
72 172 300.01 
72 214 288.01 
72 221 306.01 
72 247 272.01 
72 266 296.01 
72 359 289.01 
72 406 287.01 
72 459 296.01 
72 500 295.01 
101 42 301.01 
101 231 298.01 
101 343 291.01 
101 352 262.01 
101 368 254.01 
101 396 323.01 
101 420 282.01 
101 464 291.01 
101 485 300.01 
101 487 299.01 
101 488 296.01 
101 493 279.01 
151 147 305.01 
151 149 270.01 
151 203 299.01 
151 291 281.01 
151 335 268.01 
151 378 316.01 
151 434 289.01 
151 460 287.01 
151 470 292.01 
151 485 297.01 
151 491 260.01 
151 499 262.01 
185 14 301.01 
185 85 289.01 
185 121 313.01 
185 282 299.01 
185 293 299.01 
185 323 297.01 
185 331 259.01 
185 464 311.01 
185 483 263.01 
185 487 288.01 
185 494 282.01 
185 499 313.01 
339 67 290.01 
339 248 307.01 
339 310 272.01 
339 404 299.01 
339 412 259.01 
339 453 255.01 
339 464 261.01 
339 473 297.01 
339 478 289.01 
339 497 271.01 
339 499 299.01 
31 66 310.01 
31 205 292.01 
31 260 286.01 
31 378 287.01 
31 389 264.01 
31 418 313.01 
31 442 302.01 
31 463 288.01 
31 475 304.01 
31 480 288.01 
31 481 335.01 
31 495 294.01 
205 82 305.01 
205 208 280.01 
205 221 293.01 
205 390 294.01 
205 417 262.01 
205 444 281.01 
205 447 318.01 
205 477 299.01 
205 481 298.01 
205 485 305.01 
205 493 311.01 
205 499 296.01 
378 135 287.01 
378 193 301.01 
378 232 308.01 
378 280 310.01 
378 281 293.01 
378 314 282.01 
378 336 284.01 
378 388 283.01 
378 402 278.01 
378 477 275.01 
378 492 278.01 
389 78 280.01 
389 149 268.01 
389 247 266.01 
389 253 316.01 
389 361 308.01 
389 381 303.01 
389 438 269.01 
389 476 307.01 
389 477 291.01 
389 495 308.01 
389 496 263.01 
442 12 292.01 
442 105 301.01 
442 134 290.01 
442 140 303.01 
442 225 292.01 
442 366 290.01 
442 378 309.01 
442 460 288.01 
442 477 325.01 
442 481 278.01 
442 484 294.01 
32 98 299.01 
32 232 286.01 
32 235 289.01 
32 299 296.01 
32 309 294.01 
32 359 259.01 
32 360 272.01 
32 405 288.01 
32 411 303.01 
32 496 319.01 
32 499 297.01 
32 500 306.01 
98 62 307.01 
98 117 298.01 
98 286 272.01 
98 299 288.01 
98 350 266.01 
98 379 271.01 
98 383 289.01 
98 389 287.01 
98 419 294.01 
98 423 290.01 
98 433 293.01 
98 489 275.01 
232 76 296.01 
232 118 311.01 
232 179 295.01 
232 271 299.01 
232 313 289.01 
232 319 296.01 
232 329 301.01 
232 395 302.01 
232 457 285.01 
232 493 289.01 
232 500 296.01 
235 144 314.01 
235 209 268.01 
235 237 320.01 
235 242 327.01 
235 397 296.01 
235 404 295.01 
235 420 294.01 
235 427 277.01 
235 474 265.01 
235 478 317.01 
235 494 305.01 
299 92 294.01 
299 119 272.01 
299 133 271.01 
299 341 317.01 
299 382 285.01 
299 480 288.01 
299 489 285.01 
299 491 312.01 
299 495 286.01 
299 496 288.01 
299 500 284.01 
309 87 301.01 
309 128 292.01 
309 129 304.01 
309 225 298.01 
309 257 310.01 
309 367 288.01 
309 378 296.01 
309 382 314.01 
309 428 281.01 
309 475 304.01 
309 492 324.01 
359 136 312.01 
359 157 283.01 
359 184 288.01 
359 262 279.01 
359 410 304.01 
359 447 289.01 
359 476 281.01 
359 483 255.01 
359 494 268.01 
359 495 263.01 
359 500 288.01 
360 30 278.01 
360 39 299.01 
360 349 300.01 
360 366 289.01 
360 434 302.01 
360 435 268.01 
360 462 309.01 
360 463 305.01 
360 476 258.01 
360 477 299.01 
360 500 272.01 
33 29 304.01 
33 129 266.01 
33 222 331.01 
33 265 294.01 
33 327 300.01 
33 403 299.01 
33 412 263.01 
33 448 285.01 
33 476 311.01 
33 480 305.01 
33 490 289.01 
33 496 300.01 
129 154 268.01 
129 236 307.01 
129 275 295.01 
129 277 320.01 
129 291 291.01 
129 348 308.01 
129 392 300.01 
129 468 311.01 
129 469 288.01 
129 472 285.01 
129 495 285.01 
129 500 280.01 
265 146 253.01 
265 183 285.01 
265 247 280.01 
265 248 301.01 
265 430 327.01 
265 433 311.01 
265 445 306.01 
265 464 278.01 
265 471 322.01 
265 497 277.01 
265 499 309.01 
34 264 288.01 
34 402 298.01 
34 404 340.01 
34 412 290.01 
34 424 305.01 
34 435 270.01 
34 474 303.01 
34 475 288.01 
34 485 276.01 
34 490 277.01 
34 493 282.01 
34 494 282.01 
99 88 288.01 
99 120 287.01 
99 315 296.01 
99 343 309.01 
99 399 280.01 
99 431 288.01 
99 435 284.01 
99 443 279.01 
99 451 280.01 
99 458 296.01 
99 483 283.01 
99 491 278.01 
273 4 274.01 
273 160 296.01 
273 379 259.01 
273 394 288.01 
273 413 293.01 
273 416 288.01 
273 427 277.01 
273 433 301.01 
273 466 265.01 
273 473 277.01 
273 484 273.01 
293 358 306.01 
293 367 288.01 
293 371 305.01 
293 393 288.01 
293 427 298.01 
293 439 276.01 
293 449 300.01 
293 451 298.01 
293 479 288.01 
293 483 272.01 
293 494 248.01 
306 2 291.01 
306 52 259.01 
306 217 303.01 
306 224 288.01 
306 297 305.01 
306 364 274.01 
306 428 289.01 
306 436 250.01 
306 473 271.01 
306 490 291.01 
306 498 289.01 
368 5 286.01 
368 67 318.01 
368 91 290.01 
368 95 288.01 
368 329 285.01 
368 416 270.01 
368 469 337.01 
368 495 294.01 
368 497 280.01 
368 498 300.01 
368 499 296.01 
421 5 288.01 
421 74 290.01 
421 194 316.01 
421 228 290.01 
421 249 322.01 
421 270 279.01 
421 392 292.01 
421 413 288.01 
421 491 288.01 
421 492 271.01 
421 498 272.01 
36 32 304.01 
36 188 278.01 
36 291 290.01 
36 299 295.01 
36 334 261.01 
36 346 309.01 
36 351 286.01 
36 445 283.01 
36 457 263.01 
36 460 301.01 
36 479 294.01 
36 481 272.01 
188 24 278.01 
188 64 312.01 
188 190 281.01 
188 191 304.01 
188 238 280.01 
188 250 293.01 
188 396 303.01 
188 415 307.01 
188 439 282.01 
188 487 259.01 
188 496 307.01 
188 499 302.01 
334 30 297.01 
334 351 320.01 
334 402 272.01 
334 433 297.01 
334 439 283.01 
334 479 296.01 
334 487 292.01 
334 490 278.01 
334 497 296.01 
334 498 291.01 
334 499 300.01 
346 50 284.01 
346 176 271.01 
346 334 296.01 
346 445 298.01 
346 453 323.01 
346 469 297.01 
346 470 309.01 
346 488 287.01 
346 496 302.01 
346 497 266.01 
346 499 312.01 
457 38 305.01 
457 48 290.01 
457 297 298.01 
457 402 312.01 
457 410 293.01 
457 431 262.01 
457 478 280.01 
457 483 299.01 
457 486 325.01 
457 494 306.01 
457 498 301.01 
479 7 268.01 
479 351 274.01 
479 354 276.01 
479 415 285.01 
479 439 294.01 
479 445 274.01 
479 453 285.01 
479 456 261.01 
479 460 286.01 
479 472 270.01 
479 497 284.01 
37 57 281.01 
37 88 306.01 
37 140 348.01 
37 319 272.01 
37 367 294.01 
37 432 287.01 
37 446 285.01 
37 456 302.01 
37 468 310.01 
37 482 286.01 
37 491 291.01 
37 492 317.01 
88 20 287.01 
88 54 296.01 
88 164 282.01 
88 207 297.01 
88 226 295.01 
88 372 283.01 
88 414 268.01 
88 442 285.01 
88 456 320.01 
88 467 323.01 
88 468 277.01 
88 498 305.01 
140 126 275.01 
140 139 289.01 
140 205 299.01 
140 261 326.01 
140 280 284.01 
140 305 284.01 
140 359 262.01 
140 446 274.01 
140 477 296.01 
140 490 291.01 
140 493 283.01 
140 498 277.01 
367 42 270.01 
367 96 300.01 
367 158 282.01 
367 277 302.01 
367 303 276.01 
367 328 302.01 
367 411 297.01 
367 454 308.01 
367 481 265.01 
367 495 262.01 
367 497 261.01 
482 116 311.01 
482 238 294.01 
482 351 303.01 
482 352 275.01 
482 353 295.01 
482 385 280.01 
482 407 286.01 
482 419 301.01 
482 437 296.01 
482 450 328.01 
482 462 331.01 
491 190 267.01 
491 294 276.01 
491 301 288.01 
491 346 284.01 
491 364 263.01 
491 400 279.01 
491 440 282.01 
491 488 285.01 
491 492 260.01 
491 495 283.01 
491 500 276.01 
207 40 293.01 
207 102 298.01 
207 184 276.01 
207 199 247.01 
207 249 278.01 
207 268 280.01 
207 295 320.01 
207 339 320.01 
207 379 264.01 
207 406 321.01 
207 478 272.01 
207 493 298.01 
370 26 293.01 
370 104 270.01 
370 251 324.01 
370 378 273.01 
370 401 270.01 
370 444 300.01 
370 480 283.01 
370 488 301.01 
370 490 282.01 
370 498 321.01 
370 500 300.01 
397 55 304.01 
397 122 298.01 
397 162 270.01 
397 219 298.01 
397 283 320.01 
397 360 304.01 
397 411 272.01 
397 424 310.01 
397 440 291.01 
397 491 262.01 
397 492 287.01 
472 2 273.01 
472 86 295.01 
472 125 275.01 
472 153 284.01 
472 186 264.01 
472 262 261.01 
472 426 294.01 
472 432 302.01 
472 477 290.01 
472 491 278.01 
472 495 259.01 
39 95 284.01 
39 269 252.01 
39 372 295.01 
39 410 272.01 
39 428 263.01 
39 459 301.01 
39 472 266.01 
39 474 271.01 
39 488 252.01 
39 495 254.01 
39 496 312.01 
39 500 306.01 
372 128 267.01 
372 152 306.01 
372 241 298.01 
372 317 294.01 
372 419 290.01 
372 440 283.01 
372 447 278.01 
372 463 290.01 
372 468 305.01 
372 477 292.01 
372 496 309.01 
40 71 269.01 
40 255 273.01 
40 304 304.01 
40 415 296.01 
40 433 320.01 
40 470 288.01 
40 480 256.01 
40 482 300.01 
40 485 314.01 
40 490 284.01 
40 497 307.01 
40 499 296.01 
71 44 282.01 
71 157 310.01 
71 211 288.01 
71 353 294.01 
71 383 271.01 
71 437 281.01 
71 443 303.01 
71 444 280.01 
71 461 280.01 
71 472 300.01 
71 492 301.01 
71 500 275.01 
304 148 305.01 
304 177 301.01 
304 254 310.01 
304 258 303.01 
304 404 281.01 
304 408 298.01 
304 471 298.01 
304 475 273.01 
304 485 307.01 
304 499 289.01 
304 500 263.01 
41 84 312.01 
41 116 287.01 
41 120 267.01 
41 145 284.01 
41 317 263.01 
41 361 282.01 
41 385 271.01 
41 387 260.01 
41 390 266.01 
41 452 308.01 
41 492 270.01 
41 496 285.01 
84 62 286.01 
84 80 277.01 
84 89 284.01 
84 143 301.01 
84 246 277.01 
84 310 263.01 
84 363 267.01 
84 380 290.01 
84 400 260.01 
84 473 266.01 
84 497 273.01 
84 499 321.01 
116 2 288.01 
116 35 301.01 
116 178 287.01 
116 196 273.01 
116 272 260.01 
116 353 292.01 
116 385 301.01 
116 432 295.01 
116 450 288.01 
116 461 265.01 
116 496 266.01 
116 499 281.01 
120 230 288.01 
120 273 288.01 
120 298 304.01 
120 381 300.01 
120 392 325.01 
120 422 274.01 
120 449 299.01 
120 466 290.01 
120 487 295.01 
120 488 301.01 
120 489 301.01 
120 500 297.01 
145 162 286.01 
145 211 279.01 
145 305 253.01 
145 309 315.01 
145 355 295.01 
145 362 296.01 
145 367 324.01 
145 399 289.01 
145 421 262.01 
145 447 292.01 
145 456 304.01 
145 458 323.01 
42 170 285.01 
42 301 275.01 
42 319 319.01 
42 397 287.01 
42 398 275.01 
42 431 298.01 
42 464 306.01 
42 466 324.01 
42 486 267.01 
42 487 291.01 
42 496 276.01 
42 497 281.01 
170 20 279.01 
170 184 289.01 
170 211 310.01 
170 265 286.01 
170 354 301.01 
170 362 289.01 
170 435 311.01 
170 476 286.01 
170 480 296.01 
170 494 271.01 
170 496 297.01 
170 500 260.01 
43 25 283.01 
43 158 293.01 
43 324 283.01 
43 384 295.01 
43 406 292.01 
43 409 287.01 
43 440 285.01 
43 448 270.01 
43 450 296.01 
43 482 297.01 
43 484 301.01 
43 490 301.01 
158 19 275.01 
158 29 297.01 
158 79 287.01 
158 115 290.01 
158 372 295.01 
158 409 313.01 
158 462 301.01 
158 482 311.01 
158 486 296.01 
158 490 309.01 
158 498 300.01 
158 499 299.01 
324 15 308.01 
324 112 281.01 
324 158 306.01 
324 226 299.01 
324 318 272.01 
324 330 286.01 
324 344 289.01 
324 351 311.01 
324 441 289.01 
324 463 284.01 
324 484 299.01 
440 247 275.01 
440 280 311.01 
440 308 295.01 
440 322 303.01 
440 326 300.01 
440 357 338.01 
440 469 300.01 
440 472 282.01 
440 488 300.01 
440 491 283.01 
440 495 276.01 
450 159 250.01 
450 242 317.01 
450 296 302.01 
450 432 265.01 
450 478 316.01 
450 482 280.01 
450 485 287.01 
450 490 291.01 
450 495 303.01 
450 498 274.01 
450 500 298.01 
44 29 241.01 
44 31 285.01 
44 43 317.01 
44 296 302.01 
44 313 261.01 
44 338 306.01 
44 345 303.01 
44 356 302.01 
44 376 281.01 
44 458 255.01 
44 484 299.01 
44 500 277.01 
345 43 311.01 
345 153 285.01 
345 182 291.01 
345 187 268.01 
345 370 286.01 
345 371 287.01 
345 394 266.01 
345 399 261.01 
345 427 270.01 
345 484 284.01 
345 489 301.01 
356 142 292.01 
356 158 272.01 
356 271 284.01 
356 408 289.01 
356 436 301.01 
356 441 292.01 
356 443 283.01 
356 447 278.01 
356 455 302.01 
356 481 306.01 
356 496 314.01 
458 72 284.01 
458 154 298.01 
458 213 311.01 
458 225 280.01 
458 392 299.01 
458 395 297.01 
458 403 290.01 
458 422 270.01 
458 429 291.01 
458 451 275.01 
458 497 281.01 
89 97 273.01 
89 231 264.01 
89 355 274.01 
89 380 294.01 
89 404 287.01 
89 425 314.01 
89 438 276.01 
89 479 298.01 
89 485 269.01 
89 497 309.01 
89 498 293.01 
89 499 282.01 
46 50 311.01 
46 98 305.01 
46 326 283.01 
46 389 269.01 
46 453 282.01 
46 463 303.01 
46 467 306.01 
46 490 270.01 
46 491 322.01 
46 497 285.01 
46 499 290.01 
46 500 296.01 
50 198 253.01 
50 224 264.01 
50 346 295.01 
50 389 266.01 
50 437 279.01 
50 463 280.01 
50 465 292.01 
50 482 275.01 
50 489 304.01 
50 491 310.01 
50 496 322.01 
50 500 282.01 
453 36 307.01 
453 277 267.01 
453 355 323.01 
453 439 294.01 
453 471 316.01 
453 473 304.01 
453 485 317.01 
453 494 267.01 
453 495 303.01 
453 497 309.01 
453 499 298.01 
467 163 294.01 
467 215 296.01 
467 242 300.01 
467 262 291.01 
467 321 301.01 
467 442 271.01 
467 475 325.01 
467 480 284.01 
467 488 280.01 
467 493 284.01 
467 500 285.01 
144 57 279.01 
144 77 271.01 
144 155 304.01 
144 219 310.01 
144 329 277.01 
144 386 317.01 
144 397 305.01 
144 468 288.01 
144 478 289.01 
144 486 302.01 
144 493 286.01 
144 494 281.01 
121 103 274.01 
121 239 279.01 
121 273 292.01 
121 348 276.01 
121 421 290.01 
121 430 285.01 
121 431 289.01 
121 462 284.01 
121 464 276.01 
121 468 270.01 
121 487 262.01 
121 497 274.01 
320 93 298.01 
320 183 302.01 
320 223 287.01 
320 271 290.01 
320 402 316.01 
320 428 311.01 
320 433 290.01 
320 442 274.01 
320 469 286.01 
320 478 266.01 
320 493 289.01 
49 176 282.01 
49 244 284.01 
49 286 311.01 
49 288 287.01 
49 380 288.01 
49 381 300.01 
49 448 294.01 
49 459 272.01 
49 465 303.01 
49 480 311.01 
49 489 302.01 
49 496 308.01 
176 32 278.01 
176 73 271.01 
176 130 285.01 
176 152 291.01 
176 318 295.01 
176 338 302.01 
176 347 297.01 
176 412 273.01 
176 435 298.01 
176 439 265.01 
176 496 297.01 
176 500 283.01 
286 165 278.01 
286 170 293.01 
286 249 305.01 
286 259 268.01 
286 375 269.01 
286 421 268.01 
286 426 246.01 
286 454 262.01 
286 465 318.01 
286 492 273.01 
286 496 304.01 
288 41 305.01 
288 44 266.01 
288 94 309.01 
288 137 297.01 
288 145 303.01 
288 286 308.01 
288 415 314.01 
288 468 306.01 
288 469 280.01 
288 478 320.01 
288 492 284.01 
380 118 303.01 
380 262 275.01 
380 265 289.01 
380 339 297.01 
380 351 294.01 
380 360 318.01 
380 361 298.01 
380 430 308.01 
380 479 318.01 
380 488 308.01 
380 499 273.01 
198 123 276.01 
198 212 305.01 
198 246 279.01 
198 364 271.01 
198 387 285.01 
198 388 298.01 
198 392 306.01 
198 431 276.01 
198 446 292.01 
198 468 280.01 
198 492 297.01 
198 499 259.01 
224 10 304.01 
224 181 297.01 
224 281 308.01 
224 334 271.01 
224 454 284.01 
224 476 264.01 
224 489 282.01 
224 491 303.01 
224 495 280.01 
224 499 303.01 
224 500 314.01 
68 27 262.01 
68 124 297.01 
68 168 309.01 
68 184 297.01 
68 195 264.01 
68 348 292.01 
68 377 298.01 
68 414 257.01 
68 474 261.01 
68 483 323.01 
68 498 283.01 
68 500 288.01 
165 81 290.01 
165 192 278.01 
165 226 285.01 
165 242 285.01 
165 322 296.01 
165 423 298.01 
165 440 279.01 
165 469 297.01 
165 482 277.01 
165 484 293.01 
165 488 292.01 
165 500 290.01 
216 8 276.01 
216 21 311.01 
216 31 306.01 
216 169 282.01 
216 266 295.01 
216 295 313.01 
216 309 284.01 
216 365 290.01 
216 418 279.01 
216 498 295.01 
216 499 267.01 
312 127 290.01 
312 287 301.01 
312 333 279.01 
312 339 319.01 
312 389 305.01 
312 423 341.01 
312 488 284.01 
312 489 268.01 
312 491 287.01 
312 495 241.01 
312 500 305.01 
352 16 335.01 
352 72 261.01 
352 127 301.01 
352 335 316.01 
352 377 308.01 
352 440 251.01 
352 467 302.01 
352 480 286.01 
352 488 314.01 
352 489 303.01 
352 500 286.01 
422 16 298.01 
422 81 329.01 
422 159 251.01 
422 168 287.01 
422 217 306.01 
422 302 302.01 
422 371 317.01 
422 420 312.01 
422 466 279.01 
422 487 272.01 
422 496 297.01 
473 60 296.01 
473 325 300.01 
473 331 269.01 
473 368 305.01 
473 434 267.01 
473 439 300.01 
473 470 298.01 
473 496 283.01 
473 498 296.01 
473 499 304.01 
473 500 273.01 
52 88 339.01 
52 111 297.01 
52 157 303.01 
52 300 292.01 
52 320 273.01 
52 340 297.01 
52 385 306.01 
52 399 324.01 
52 430 322.01 
52 444 285.01 
52 475 298.01 
52 498 300.01 
111 255 287.01 
111 259 295.01 
111 301 277.01 
111 347 267.01 
111 381 301.01 
111 421 278.01 
111 439 307.01 
111 452 308.01 
111 455 291.01 
111 491 300.01 
111 496 290.01 
111 500 309.01 
157 29 284.01 
157 120 260.01 
157 318 282.01 
157 329 272.01 
157 330 320.01 
157 383 286.01 
157 419 309.01 
157 440 294.01 
157 443 268.01 
157 450 301.01 
157 461 287.01 
157 484 255.01 
300 8 258.01 
300 139 299.01 
300 316 311.01 
300 353 300.01 
300 373 317.01 
300 461 291.01 
300 465 266.01 
300 490 297.01 
300 491 295.01 
300 495 303.01 
300 498 260.01 
340 77 283.01 
340 138 287.01 
340 279 275.01 
340 298 273.01 
340 324 299.01 
340 344 263.01 
340 375 272.01 
340 409 285.01 
340 470 269.01 
340 471 288.01 
340 490 299.01 
132 4 309.01 
132 58 282.01 
132 94 297.01 
132 251 289.01 
132 308 283.01 
132 356 268.01 
132 432 300.01 
132 441 293.01 
132 443 293.01 
132 453 268.01 
132 490 268.01 
132 500 285.01 
344 210 303.01 
344 219 301.01 
344 253 313.01 
344 270 258.01 
344 338 282.01 
344 340 310.01 
344 364 286.01 
344 432 279.01 
344 482 326.01 
344 498 315.01 
344 500 277.01 
54 37 269.01 
54 68 293.01 
54 124 273.01 
54 140 304.01 
54 171 282.01 
54 173 271.01 
54 212 293.01 
54 245 318.01 
54 291 291.01 
54 305 281.01 
54 415 288.01 
54 486 284.01 
124 21 296.01 
124 49 261.01 
124 66 329.01 
124 68 299.01 
124 189 295.01 
124 380 268.01 
124 387 290.01 
124 447 323.01 
124 467 288.01 
124 477 305.01 
124 489 284.01 
124 492 302.01 
171 6 299.01 
171 134 295.01 
171 216 292.01 
171 225 286.01 
171 228 310.01 
171 317 293.01 
171 386 307.01 
171 436 289.01 
171 460 314.01 
171 477 283.01 
171 478 299.01 
171 497 287.01 
173 54 282.01 
173 205 314.01 
173 289 300.01 
173 343 292.01 
173 372 292.01 
173 388 303.01 
173 410 252.01 
173 431 285.01 
173 477 327.01 
173 492 254.01 
173 495 274.01 
173 496 283.01 
212 234 277.01 
212 263 304.01 
212 288 315.01 
212 378 309.01 
212 394 285.01 
212 401 328.01 
212 418 310.01 
212 446 273.01 
212 474 278.01 
212 476 290.01 
212 492 282.01 
245 147 289.01 
245 151 293.01 
245 254 299.01 
245 304 264.01 
245 337 278.01 
245 443 282.01 
245 476 272.01 
245 480 272.01 
245 488 268.01 
245 491 274.01 
245 497 283.01 
305 37 281.01 
305 65 280.01 
305 103 299.01 
305 191 287.01 
305 280 296.01 
305 309 284.01 
305 396 291.01 
305 447 290.01 
305 461 272.01 
305 466 298.01 
305 499 249.01 
55 18 267.01 
55 34 267.01 
55 102 275.01 
55 176 267.01 
55 294 259.01 
55 400 292.01 
55 416 303.01 
55 424 321.01 
55 441 280.01 
55 478 318.01 
55 483 277.01 
55 494 263.01 
102 4 283.01 
102 182 290.01 
102 207 301.01 
102 339 323.01 
102 384 291.01 
102 424 273.01 
102 457 297.01 
102 479 273.01 
102 486 292.01 
102 487 297.01 
102 493 304.01 
102 497 281.01 
294 235 301.01 
294 280 276.01 
294 286 307.01 
294 354 310.01 
294 365 284.01 
294 403 295.01 
294 423 290.01 
294 472 301.01 
294 485 279.01 
294 491 304.01 
294 500 271.01 
416 20 281.01 
416 84 275.01 
416 93 306.01 
416 118 309.01 
416 257 287.01 
416 275 310.01 
416 313 269.01 
416 406 283.01 
416 457 282.01 
416 461 301.01 
416 486 302.01 
441 281 290.01 
441 347 295.01 
441 370 283.01 
441 409 300.01 
441 436 294.01 
441 450 298.01 
441 460 309.01 
441 461 267.01 
441 462 289.01 
441 490 317.01 
441 496 297.01 
56 85 280.01 
56 134 308.01 
56 237 325.01 
56 288 284.01 
56 302 281.01 
56 390 281.01 
56 414 289.01 
56 477 288.01 
56 479 274.01 
56 481 295.01 
56 491 318.01 
56 492 271.01 
85 112 278.01 
85 153 298.01 
85 214 272.01 
85 222 297.01 
85 272 286.01 
85 320 281.01 
85 399 294.01 
85 407 306.01 
85 410 284.01 
85 444 294.01 
85 448 287.01 
85 484 323.01 
134 131 283.01 
134 133 299.01 
134 135 268.01 
134 139 309.01 
134 227 285.01 
134 271 287.01 
134 369 318.01 
134 389 293.01 
134 446 298.01 
134 462 313.01 
134 463 281.01 
134 487 312.01 
237 91 295.01 
237 114 282.01 
237 216 290.01 
237 233 296.01 
237 283 312.01 
237 413 310.01 
237 481 307.01 
237 492 294.01 
237 493 269.01 
237 494 294.01 
237 500 292.01 
302 4 285.01 
302 11 278.01 
302 15 288.01 
302 198 300.01 
302 231 295.01 
302 379 277.01 
302 384 273.01 
302 396 309.01 
302 483 311.01 
302 487 276.01 
302 488 275.01 
333 116 307.01 
333 162 306.01 
333 229 312.01 
333 328 289.01 
333 369 289.01 
333 414 281.01 
333 458 312.01 
333 472 301.01 
333 487 312.01 
333 489 298.01 
333 496 298.01 
462 135 287.01 
462 353 295.01 
462 383 268.01 
462 389 289.01 
462 401 283.01 
462 436 291.01 
462 437 296.01 
462 477 258.01 
462 482 296.01 
462 492 282.01 
462 498 293.01 
58 75 290.01 
58 155 267.01 
58 187 301.01 
58 285 290.01 
58 374 296.01 
58 444 312.01 
58 450 321.01 
58 478 284.01 
58 485 284.01 
58 491 308.01 
58 492 297.01 
58 498 298.01 
75 129 306.01 
75 276 291.01 
75 370 345.01 
75 382 280.01 
75 417 296.01 
75 433 304.01 
75 450 326.01 
75 465 294.01 
75 482 304.01 
75 484 316.01 
75 490 286.01 
75 498 277.01 
155 98 295.01 
155 156 288.01 
155 181 262.01 
155 250 268.01 
155 265 275.01 
155 453 296.01 
155 469 269.01 
155 473 283.01 
155 495 288.01 
155 497 272.01 
155 499 269.01 
155 500 294.01 
59 174 267.01 
59 200 293.01 
59 206 300.01 
59 215 285.01 
59 350 317.01 
59 359 287.01 
59 379 283.01 
59 388 299.01 
59 420 317.01 
59 422 302.01 
59 427 281.01 
59 483 286.01 
174 14 288.01 
174 41 295.01 
174 124 291.01 
174 133 320.01 
174 197 285.01 
174 265 316.01 
174 313 314.01 
174 424 287.01 
174 439 292.01 
174 468 314.01 
174 486 306.01 
174 492 274.01 
200 145 286.01 
200 164 305.01 
200 192 295.01 
200 224 293.01 
200 229 318.01 
200 366 269.01 
200 373 289.01 
200 389 327.01 
200 438 275.01 
200 466 268.01 
200 498 292.01 
200 500 305.01 
215 4 288.01 
215 54 282.01 
215 116 318.01 
215 123 264.01 
215 146 300.01 
215 278 272.01 
215 279 265.01 
215 393 241.01 
215 458 275.01 
215 466 303.01 
215 487 293.01 
350 210 282.01 
350 221 296.01 
350 323 288.01 
350 333 310.01 
350 342 285.01 
350 432 274.01 
350 454 301.01 
350 480 289.01 
350 496 288.01 
350 499 280.01 
350 500 277.01 
60 97 283.01 
60 156 293.01 
60 248 294.01 
60 250 296.01 
60 283 293.01 
60 377 293.01 
60 425 287.01 
60 460 318.01 
60 469 303.01 
60 477 276.01 
60 490 273.01 
60 499 265.01 
97 2 294.01 
97 106 315.01 
97 143 336.01 
97 155 276.01 
97 190 295.01 
97 368 313.01 
97 442 301.01 
97 445 306.01 
97 452 304.01 
97 476 292.01 
97 479 280.01 
97 499 289.01 
248 54 288.01 
248 148 285.01 
248 163 284.01 
248 291 282.01 
248 346 241.01 
248 351 271.01 
248 445 290.01 
248 452 270.01 
248 469 293.01 
248 470 270.01 
248 499 275.01 
250 15 302.01 
250 157 299.01 
250 357 317.01 
250 368 321.01 
250 415 311.01 
250 479 309.01 
250 480 283.01 
250 485 304.01 
250 495 301.01 
250 497 283.01 
250 499 279.01 
259 51 284.01 
259 81 298.01 
259 236 298.01 
259 275 293.01 
259 318 298.01 
259 378 302.01 
259 428 301.01 
259 446 287.01 
259 486 285.01 
259 495 281.01 
259 500 299.01 
63 46 280.01 
63 213 305.01 
63 277 296.01 
63 348 306.01 
63 360 299.01 
63 364 270.01 
63 411 244.01 
63 450 290.01 
63 464 283.01 
63 467 287.01 
63 474 299.01 
63 500 293.01 
213 30 307.01 
213 177 309.01 
213 185 296.01 
213 207 306.01 
213 334 312.01 
213 343 298.01 
213 351 320.01 
213 460 304.01 
213 469 312.01 
213 491 297.01 
213 497 275.01 
277 99 278.01 
277 127 305.01 
277 317 307.01 
277 341 301.01 
277 342 266.01 
277 378 277.01 
277 386 314.01 
277 410 306.01 
277 465 343.01 
277 497 283.01 
277 500 309.01 
348 51 302.01 
348 83 270.01 
348 168 280.01 
348 214 276.01 
348 276 274.01 
348 423 320.01 
348 432 272.01 
348 438 307.01 
348 448 256.01 
348 483 292.01 
348 488 258.01 
364 157 295.01 
364 159 250.01 
364 186 245.01 
364 226 290.01 
364 296 305.01 
364 377 294.01 
364 449 266.01 
364 467 273.01 
364 482 328.01 
364 498 316.01 
364 500 308.01 
234 49 274.01 
234 203 307.01 
234 218 277.01 
234 240 286.01 
234 244 300.01 
234 457 297.01 
234 488 278.01 
234 489 281.01 
234 491 272.01 
234 492 266.01 
234 500 266.01 
349 10 298.01 
349 150 283.01 
349 212 302.01 
349 352 272.01 
349 454 263.01 
349 463 288.01 
349 465 286.01 
349 475 290.01 
349 476 268.01 
349 492 289.01 
349 500 283.01 
65 129 323.01 
65 131 286.01 
65 240 300.01 
65 246 298.01 
65 298 280.01 
65 327 302.01 
65 374 322.01 
65 414 292.01 
65 448 296.01 
65 472 278.01 
65 491 279.01 
65 494 299.01 
131 24 302.01 
131 56 282.01 
131 130 332.01 
131 208 313.01 
131 229 304.01 
131 230 301.01 
131 333 313.01 
131 367 305.01 
131 371 277.01 
131 388 294.01 
131 479 314.01 
131 488 271.01 
240 12 299.01 
240 118 308.01 
240 214 286.01 
240 227 285.01 
240 273 330.01 
240 284 304.01 
240 448 280.01 
240 475 294.01 
240 484 309.01 
240 494 298.01 
240 500 296.01 
246 46 313.01 
246 175 301.01 
246 290 298.01 
246 341 300.01 
246 392 307.01 
246 395 301.01 
246 434 311.01 
246 483 291.01 
246 487 289.01 
246 495 282.01 
246 500 309.01 
263 12 287.01 
263 137 293.01 
263 187 317.01 
263 220 273.01 
263 286 277.01 
263 303 309.01 
263 307 291.01 
263 365 270.01 
263 418 340.01 
263 446 320.01 
263 477 280.01 
391 22 267.01 
391 69 307.01 
391 200 276.01 
391 242 324.01 
391 333 287.01 
391 358 269.01 
391 360 262.01 
391 455 322.01 
391 472 296.01 
391 476 287.01 
391 500 246.01 
439 104 279.01 
439 191 316.01 
439 254 268.01 
439 361 315.01 
439 398 312.01 
439 425 268.01 
439 453 298.01 
439 470 289.01 
439 497 281.01 
439 499 291.01 
439 500 282.01 
67 148 281.01 
67 166 279.01 
67 297 253.01 
67 334 278.01 
67 390 322.01 
67 423 259.01 
67 430 313.01 
67 451 291.01 
67 469 287.01 
67 479 320.01 
67 485 322.01 
67 499 299.01 
166 8 265.01 
166 34 320.01 
166 151 273.01 
166 156 282.01 
166 193 282.01 
166 276 276.01 
166 340 284.01 
166 382 267.01 
166 397 324.01 
166 416 286.01 
166 457 261.01 
166 462 284.01 
184 39 305.01 
184 78 286.01 
184 164 316.01 
184 181 272.01 
184 210 282.01 
184 321 283.01 
184 354 309.01 
184 360 298.01 
184 377 266.01 
184 489 278.01 
184 496 309.01 
184 500 302.01 
110 52 298.01 
110 195 304.01 
110 267 274.01 
110 300 298.01 
110 373 295.01 
110 374 292.01 
110 430 308.01 
110 462 306.01 
110 463 295.01 
110 491 287.01 
110 498 294.01 
110 500 278.01 
272 116 308.01 
272 167 299.01 
272 222 306.01 
272 234 286.01 
272 299 266.01 
272 324 276.01 
272 370 308.01 
272 402 305.01 
272 403 289.01 
272 408 299.01 
272 432 307.01 
417 26 297.01 
417 128 270.01 
417 205 297.01 
417 329 272.01 
417 377 298.01 
417 432 306.01 
417 442 277.01 
417 462 324.01 
417 467 277.01 
417 484 274.01 
417 498 306.01 
135 31 304.01 
135 196 267.01 
135 208 294.01 
135 237 275.01 
135 258 313.01 
135 419 284.01 
135 442 293.01 
135 450 276.01 
135 456 281.01 
135 468 284.01 
135 488 271.01 
135 491 302.01 
323 1 291.01 
323 103 283.01 
323 107 308.01 
323 182 309.01 
323 219 314.01 
323 221 321.01 
323 252 280.01 
323 418 290.01 
323 471 268.01 
323 481 320.01 
323 492 244.01 
211 37 266.01 
211 137 260.01 
211 261 297.01 
211 288 313.01 
211 336 268.01 
211 399 268.01 
211 400 280.01 
211 470 271.01 
211 481 334.01 
211 492 292.01 
211 500 268.01 
383 229 274.01 
383 302 300.01 
383 360 265.01 
383 409 286.01 
383 419 270.01 
383 436 271.01 
383 441 296.01 
383 462 321.01 
383 466 302.01 
383 482 277.01 
383 484 313.01 
108 13 313.01 
108 80 286.01 
108 94 293.01 
108 193 306.01 
108 212 287.01 
108 363 316.01 
108 390 275.01 
108 469 293.01 
108 473 296.01 
108 481 270.01 
108 492 288.01 
108 500 274.01 
162 146 285.01 
162 165 274.01 
162 174 286.01 
162 252 305.01 
162 340 296.01 
162 400 282.01 
162 410 292.01 
162 417 304.01 
162 426 319.01 
162 465 278.01 
162 491 291.01 
162 500 274.01 
214 234 291.01 
214 302 272.01 
214 326 293.01 
214 354 280.01 
214 384 283.01 
214 441 291.01 
214 457 293.01 
214 475 313.01 
214 488 260.01 
214 491 312.01 
214 494 311.01 
221 106 286.01 
221 108 295.01 
221 137 305.01 
221 174 264.01 
221 202 289.01 
221 260 316.01 
221 304 297.01 
221 353 287.01 
221 464 318.01 
221 496 281.01 
221 500 276.01 
247 12 301.01 
247 64 301.01 
247 258 322.01 
247 345 284.01 
247 352 286.01 
247 403 290.01 
247 476 311.01 
247 491 290.01 
247 497 281.01 
247 498 296.01 
247 500 295.01 
73 13 334.01 
73 126 335.01 
73 205 283.01 
73 258 297.01 
73 286 316.01 
73 381 328.01 
73 416 302.01 
73 459 300.01 
73 465 278.01 
73 472 287.01 
73 476 296.01 
73 496 292.01 
126 179 286.01 
126 220 289.01 
126 258 306.01 
126 321 315.01 
126 366 296.01 
126 405 263.01 
126 408 292.01 
126 448 279.01 
126 490 284.01 
126 491 297.01 
126 496 292.01 
126 500 300.01 
258 58 274.01 
258 61 307.01 
258 63 297.01 
258 318 315.01 
258 367 318.01 
258 438 329.01 
258 448 287.01 
258 488 279.01 
258 493 299.01 
258 495 306.01 
258 500 285.01 
94 41 298.01 
94 54 303.01 
94 103 318.01 
94 261 306.01 
94 280 286.01 
94 349 279.01 
94 355 300.01 
94 420 277.01 
94 464 266.01 
94 468 300.01 
94 477 283.01 
94 495 293.01 
395 160 309.01 
395 194 292.01 
395 334 279.01 
395 427 272.01 
395 429 285.01 
395 449 303.01 
395 459 255.01 
395 466 294.01 
395 482 266.01 
395 483 291.01 
395 500 280.01 
276 46 311.01 
276 137 305.01 
276 280 263.01 
276 305 298.01 
276 322 276.01 
276 326 272.01 
276 448 292.01 
276 457 266.01 
276 474 290.01 
276 488 295.01 
276 500 288.01 
76 40 301.01 
76 264 261.01 
76 271 305.01 
76 282 292.01 
76 290 305.01 
76 295 289.01 
76 322 291.01 
76 406 298.01 
76 452 275.01 
76 484 275.01 
76 490 265.01 
76 494 306.01 
271 17 301.01 
271 182 292.01 
271 197 281.01 
271 201 282.01 
271 334 284.01 
271 386 282.01 
271 412 306.01 
271 465 308.01 
271 474 289.01 
271 478 272.01 
271 499 308.01 
282 27 324.01 
282 83 274.01 
282 102 277.01 
282 232 320.01 
282 239 328.01 
282 404 306.01 
282 474 295.01 
282 485 287.01 
282 486 329.01 
282 487 276.01 
282 495 295.01 
290 14 288.01 
290 289 263.01 
290 315 286.01 
290 341 275.01 
290 418 272.01 
290 431 289.01 
290 451 282.01 
290 469 272.01 
290 478 272.01 
290 483 313.01 
290 487 281.01 
77 92 301.01 
77 108 285.01 
77 263 281.01 
77 291 280.01 
77 324 334.01 
77 364 284.01 
77 408 302.01 
77 430 280.01 
77 437 293.01 
77 444 315.01 
77 482 297.01 
77 498 301.01 
78 28 269.01 
78 32 307.01 
78 208 261.01 
78 266 281.01 
78 270 250.01 
78 312 271.01 
78 357 283.01 
78 360 282.01 
78 387 264.01 
78 394 269.01 
78 476 317.01 
78 500 311.01 
208 1 302.01 
208 7 272.01 
208 123 250.01 
208 206 280.01 
208 336 264.01 
208 362 283.01 
208 369 306.01 
208 387 283.01 
208 398 273.01 
208 413 278.01 
208 471 303.01 
208 499 262.01 
393 185 308.01 
393 188 332.01 
393 200 294.01 
393 203 297.01 
393 250 293.01 
393 270 282.01 
393 314 311.01 
393 319 266.01 
393 379 300.01 
393 394 282.01 
393 429 308.01 
189 81 327.01 
189 134 300.01 
189 174 273.01 
189 237 325.01 
189 289 288.01 
189 299 266.01 
189 356 287.01 
189 357 268.01 
189 446 304.01 
189 447 258.01 
189 451 272.01 
189 462 256.01 
209 38 276.01 
209 48 305.01 
209 242 300.01 
209 257 310.01 
209 311 282.01 
209 320 263.01 
209 328 281.01 
209 367 275.01 
209 439 294.01 
209 491 263.01 
209 494 278.01 
335 86 294.01 
335 352 283.01 
335 359 276.01 
335 377 272.01 
335 411 275.01 
335 434 281.01 
335 435 287.01 
335 467 271.01 
335 472 280.01 
335 488 294.01 
335 500 294.01 
336 75 296.01 
336 154 276.01 
336 214 268.01 
336 292 288.01 
336 294 288.01 
336 299 302.01 
336 327 288.01 
336 354 305.01 
336 372 278.01 
336 387 309.01 
336 492 274.01 
233 11 278.01 
233 16 290.01 
233 147 275.01 
233 312 278.01 
233 336 276.01 
233 337 305.01 
233 390 286.01 
233 413 315.01 
233 488 274.01 
233 489 294.01 
233 492 267.01 
332 34 272.01 
332 99 285.01 
332 160 286.01 
332 267 315.01 
332 331 330.01 
332 371 321.01 
332 393 268.01 
332 396 293.01 
332 411 294.01 
332 445 306.01 
332 455 300.01 
143 9 285.01 
143 15 312.01 
143 40 299.01 
143 84 295.01 
143 206 274.01 
143 307 279.01 
143 390 291.01 
143 415 315.01 
143 471 279.01 
143 484 307.01 
143 497 270.01 
143 499 284.01 
310 45 275.01 
310 47 306.01 
310 63 291.01 
310 268 301.01 
310 370 321.01 
310 422 257.01 
310 433 286.01 
310 439 323.01 
310 470 293.01 
310 479 297.01 
310 499 299.01 
112 308 288.01 
112 356 302.01 
112 382 310.01 
112 393 295.01 
112 427 287.01 
112 432 278.01 
112 436 287.01 
112 441 290.01 
112 443 299.01 
112 483 281.01 
112 496 280.01 
112 498 279.01 
153 8 289.01 
153 297 297.01 
153 306 295.01 
153 320 308.01 
153 344 294.01 
153 356 285.01 
153 364 317.01 
153 419 293.01 
153 466 271.01 
153 481 278.01 
153 491 304.01 
153 493 312.01 
355 213 321.01 
355 241 332.01 
355 334 270.01 
355 337 309.01 
355 339 303.01 
355 390 299.01 
355 405 269.01 
355 423 320.01 
355 445 265.01 
355 469 345.01 
355 499 316.01 
362 33 307.01 
362 253 286.01 
362 312 273.01 
362 377 299.01 
362 410 276.01 
362 455 281.01 
362 475 294.01 
362 484 309.01 
362 491 305.01 
362 499 285.01 
362 500 316.01 
91 163 300.01 
91 238 318.01 
91 241 288.01 
91 265 249.01 
91 282 300.01 
91 406 287.01 
91 457 267.01 
91 468 308.01 
91 470 309.01 
91 472 291.01 
91 479 297.01 
91 499 292.01 
238 73 299.01 
238 89 276.01 
238 106 291.01 
238 255 320.01 
238 325 272.01 
238 343 276.01 
238 387 248.01 
238 420 272.01 
238 430 308.01 
238 497 281.01 
238 499 309.01 
183 92 280.01 
183 105 297.01 
183 295 298.01 
183 345 297.01 
183 346 276.01 
183 366 292.01 
183 384 289.01 
183 406 290.01 
183 428 300.01 
183 436 296.01 
183 493 287.01 
183 494 269.01 
93 55 293.01 
93 96 288.01 
93 141 285.01 
93 168 312.01 
93 192 279.01 
93 194 277.01 
93 289 288.01 
93 340 294.01 
93 426 274.01 
93 470 278.01 
93 475 305.01 
93 493 276.01 
141 239 284.01 
141 256 306.01 
141 313 265.01 
141 348 260.01 
141 393 277.01 
141 398 305.01 
141 413 287.01 
141 422 309.01 
141 442 276.01 
141 458 323.01 
141 464 281.01 
141 472 281.01 
194 109 287.01 
194 122 309.01 
194 123 291.01 
194 209 269.01 
194 267 303.01 
194 303 302.01 
194 394 285.01 
194 421 280.01 
194 451 275.01 
194 483 297.01 
194 494 314.01 
194 495 290.01 
103 230 284.01 
103 233 314.01 
103 288 322.01 
103 337 280.01 
103 418 301.01 
103 442 277.01 
103 446 308.01 
103 456 278.01 
103 465 307.01 
103 482 282.01 
103 492 299.01 
103 495 271.01 
261 166 271.01 
261 192 264.01 
261 272 286.01 
261 310 263.01 
261 342 319.01 
261 388 312.01 
261 442 279.01 
261 468 286.01 
261 492 279.01 
261 495 289.01 
261 497 306.01 
243 255 302.01 
243 304 314.01 
243 339 326.01 
243 346 297.01 
243 453 293.01 
243 469 332.01 
243 473 308.01 
243 475 316.01 
243 479 302.01 
243 498 274.01 
243 499 316.01 
227 129 296.01 
227 153 272.01 
227 164 278.01 
227 209 316.01 
227 220 297.01 
227 252 297.01 
227 336 287.01 
227 480 273.01 
227 489 288.01 
227 490 263.01 
227 500 267.01 
419 93 300.01 
419 329 288.01 
419 374 275.01 
419 399 268.01 
419 401 257.01 
419 416 290.01 
419 437 292.01 
419 451 274.01 
419 473 252.01 
419 478 251.01 
419 482 294.01 
315 233 263.01 
315 246 313.01 
315 293 304.01 
315 307 297.01 
315 355 289.01 
315 431 266.01 
315 434 292.01 
315 466 246.01 
315 467 250.01 
315 487 312.01 
315 494 263.01 
100 133 307.01 
100 185 291.01 
100 194 296.01 
100 216 271.01 
100 233 276.01 
100 290 275.01 
100 297 282.01 
100 311 297.01 
100 332 274.01 
100 393 284.01 
100 420 267.01 
100 464 273.01 
133 26 293.01 
133 108 294.01 
133 186 269.01 
133 198 286.01 
133 237 274.01 
133 309 310.01 
133 310 247.01 
133 323 294.01 
133 411 283.01 
133 447 285.01 
133 462 282.01 
133 492 297.01 
182 79 271.01 
182 122 275.01 
182 221 350.01 
182 273 268.01 
182 313 272.01 
182 320 255.01 
182 398 262.01 
182 428 288.01 
182 431 318.01 
182 478 295.01 
182 493 296.01 
182 494 275.01 
230 24 283.01 
230 82 257.01 
230 171 277.01 
230 257 286.01 
230 293 291.01 
230 349 309.01 
230 450 282.01 
230 455 314.01 
230 486 297.01 
230 492 301.01 
230 500 298.01 
104 153 308.01 
104 175 290.01 
104 250 314.01 
104 364 265.01 
104 375 297.01 
104 383 267.01 
104 436 290.01 
104 450 297.01 
104 479 292.01 
104 481 292.01 
104 490 297.01 
104 498 294.01 
175 101 302.01 
175 270 291.01 
175 392 289.01 
175 396 274.01 
175 397 268.01 
175 420 326.01 
175 458 274.01 
175 466 335.01 
175 473 268.01 
175 485 297.01 
175 487 324.01 
175 497 305.01 
257 192 259.01 
257 279 258.01 
257 358 270.01 
257 376 283.01 
257 386 290.01 
257 403 283.01 
257 413 277.01 
257 428 271.01 
257 488 270.01 
257 489 287.01 
257 494 313.01 
429 130 271.01 
429 175 297.01 
429 302 285.01 
429 303 272.01 
429 307 286.01 
429 365 244.01 
429 376 277.01 
429 405 271.01 
429 443 284.01 
429 445 256.01 
429 449 289.01 
136 63 299.01 
136 68 314.01 
136 91 291.01 
136 220 280.01 
136 310 285.01 
136 324 283.01 
136 414 292.01 
136 416 280.01 
136 474 298.01 
136 476 255.01 
136 496 300.01 
136 500 273.01 
139 152 292.01 
139 216 286.01 
139 369 283.01 
139 372 276.01 
139 387 298.01 
139 400 266.01 
139 442 275.01 
139 451 292.01 
139 468 292.01 
139 473 297.01 
139 493 274.01 
139 495 303.01 
159 63 272.01 
159 272 256.01 
159 296 281.01 
159 304 292.01 
159 330 295.01 
159 383 302.01 
159 409 279.01 
159 418 269.01 
159 477 294.01 
159 482 280.01 
159 496 290.01 
159 498 287.01 
193 53 306.01 
193 122 317.01 
193 144 270.01 
193 230 299.01 
193 282 321.01 
193 338 305.01 
193 376 311.01 
193 384 293.01 
193 389 266.01 
193 410 295.01 
193 424 287.01 
193 439 279.01 
113 23 313.01 
113 100 314.01 
113 290 288.01 
113 340 286.01 
113 375 300.01 
113 380 275.01 
113 398 291.01 
113 413 292.01 
113 427 278.01 
113 452 315.01 
113 497 265.01 
113 499 287.01 
125 66 306.01 
125 200 274.01 
125 264 257.01 
125 285 302.01 
125 294 235.01 
125 312 302.01 
125 326 294.01 
125 416 272.01 
125 423 293.01 
125 444 278.01 
125 474 286.01 
125 491 267.01 
413 204 294.01 
413 249 290.01 
413 319 276.01 
413 325 255.01 
413 343 282.01 
413 388 292.01 
413 427 323.01 
413 431 297.01 
413 451 290.01 
413 480 291.01 
413 496 303.01 
267 13 318.01 
267 70 310.01 
267 125 293.01 
267 215 303.01 
267 246 307.01 
267 343 307.01 
267 393 298.01 
267 398 285.01 
267 413 303.01 
267 444 290.01 
267 461 291.01 
347 76 295.01 
347 146 284.01 
347 169 279.01 
347 197 294.01 
347 218 299.01 
347 470 272.01 
347 488 249.01 
347 489 275.01 
347 494 307.01 
347 495 279.01 
347 500 304.01 
115 58 300.01 
115 165 306.01 
115 196 283.01 
115 327 288.01 
115 340 296.01 
115 408 307.01 
115 432 291.01 
115 450 297.01 
115 451 292.01 
115 470 280.01 
115 496 285.01 
115 498 299.01 
196 140 324.01 
196 338 302.01 
196 380 266.01 
196 386 284.01 
196 408 284.01 
196 409 272.01 
196 444 305.01 
196 461 287.01 
196 470 298.01 
196 484 292.01 
196 498 271.01 
196 500 290.01 
186 299 292.01 
186 366 300.01 
186 372 294.01 
186 388 292.01 
186 422 303.01 
186 455 296.01 
186 465 288.01 
186 467 297.01 
186 470 304.01 
186 485 281.01 
186 495 279.01 
186 500 253.01 
254 126 281.01 
254 198 272.01 
254 235 255.01 
254 351 292.01 
254 380 289.01 
254 429 286.01 
254 470 315.01 
254 471 261.01 
254 497 265.01 
254 499 261.01 
254 500 287.01 
118 33 314.01 
118 53 285.01 
118 201 300.01 
118 324 287.01 
118 426 296.01 
118 452 282.01 
118 456 307.01 
118 478 275.01 
118 491 284.01 
118 493 286.01 
118 494 305.01 
118 497 297.01 
201 193 284.01 
201 240 275.01 
201 269 310.01 
201 377 276.01 
201 391 302.01 
201 402 281.01 
201 407 249.01 
201 456 301.01 
201 487 286.01 
201 493 307.01 
201 494 268.01 
201 499 292.01 
119 18 260.01 
119 126 294.01 
119 258 282.01 
119 362 284.01 
119 366 300.01 
119 418 279.01 
119 421 265.01 
119 457 275.01 
119 465 294.01 
119 467 290.01 
119 491 267.01 
119 500 300.01 
366 86 286.01 
366 119 273.01 
366 196 266.01 
366 244 257.01 
366 301 332.01 
366 377 301.01 
366 445 307.01 
366 480 294.01 
366 489 289.01 
366 499 288.01 
366 500 273.01 
122 6 288.01 
122 49 292.01 
122 61 330.01 
122 143 314.01 
122 215 259.01 
122 232 297.01 
122 243 294.01 
122 282 289.01 
122 397 326.01 
122 493 304.01 
122 498 260.01 
122 500 291.01 
123 35 297.01 
123 45 293.01 
123 161 288.01 
123 261 294.01 
123 358 272.01 
123 428 327.01 
123 429 272.01 
123 431 287.01 
123 462 295.01 
123 464 293.01 
123 483 323.01 
123 487 306.01 
179 6 308.01 
179 75 288.01 
179 83 275.01 
179 180 234.01 
179 320 242.01 
179 397 305.01 
179 434 263.01 
179 441 267.01 
179 452 257.01 
179 479 293.01 
179 486 306.01 
179 494 303.01 
154 141 310.01 
154 227 316.01 
154 298 303.01 
154 315 248.01 
154 398 274.01 
154 421 292.01 
154 446 266.01 
154 453 276.01 
154 458 296.01 
154 465 317.01 
154 484 272.01 
154 500 281.01 
130 42 314.01 
130 100 315.01 
130 121 291.01 
130 246 304.01 
130 247 273.01 
130 335 296.01 
130 384 287.01 
130 391 273.01 
130 392 283.01 
130 414 261.01 
130 427 328.01 
130 464 267.01 
229 5 270.01 
229 234 303.01 
229 301 291.01 
229 343 288.01 
229 391 306.01 
229 459 284.01 
229 474 286.01 
229 488 291.01 
229 489 281.01 
229 491 293.01 
229 500 295.01 
251 129 297.01 
251 300 259.01 
251 373 282.01 
251 390 283.01 
251 443 290.01 
251 453 300.01 
251 462 278.01 
251 476 250.01 
251 482 293.01 
251 490 291.01 
251 499 285.01 
137 140 297.01 
137 152 287.01 
137 173 254.01 
137 221 305.01 
137 309 274.01 
137 316 297.01 
137 345 260.01 
137 370 298.01 
137 381 290.01 
137 430 294.01 
137 477 279.01 
137 492 283.01 
152 56 259.01 
152 131 281.01 
152 233 295.01 
152 305 267.01 
152 316 268.01 
152 338 296.01 
152 373 293.01 
152 376 285.01 
152 437 278.01 
152 468 293.01 
152 481 307.01 
152 491 268.01 
279 77 287.01 
279 100 270.01 
279 286 290.01 
279 340 326.01 
279 419 331.01 
279 422 307.01 
279 449 269.01 
279 461 289.01 
279 490 302.01 
279 493 300.01 
279 498 270.01 
307 59 283.01 
307 123 284.01 
307 167 328.01 
307 194 289.01 
307 290 304.01 
307 312 289.01 
307 464 290.01 
307 481 290.01 
307 483 299.01 
307 487 276.01 
307 492 261.01 
329 132 298.01 
329 169 298.01 
329 285 303.01 
329 308 281.01 
329 345 274.01 
329 364 269.01 
329 484 329.01 
329 486 312.01 
329 495 287.01 
329 496 290.01 
329 498 304.01 
331 174 305.01 
331 286 305.01 
331 327 262.01 
331 371 302.01 
331 417 276.01 
331 438 304.01 
331 455 294.01 
331 459 290.01 
331 491 297.01 
331 495 274.01 
331 500 316.01 
147 84 305.01 
147 91 301.01 
147 232 288.01 
147 276 302.01 
147 328 311.01 
147 355 291.01 
147 469 289.01 
147 481 285.01 
147 485 274.01 
147 497 303.01 
147 499 300.01 
147 500 268.01 
328 238 289.01 
328 268 301.01 
328 311 295.01 
328 315 293.01 
328 325 323.01 
328 472 338.01 
328 476 291.01 
328 479 301.01 
328 485 327.01 
328 497 326.01 
328 499 271.01 
325 199 284.01 
325 213 331.01 
325 321 294.01 
325 349 305.01 
325 368 288.01 
325 380 295.01 
325 460 269.01 
325 469 280.01 
325 479 291.01 
325 492 290.01 
325 499 320.01 
181 49 288.01 
181 71 332.01 
181 126 279.01 
181 381 285.01 
181 391 302.01 
181 452 315.01 
181 472 290.01 
181 475 279.01 
181 478 284.01 
181 485 289.01 
181 498 280.01 
181 500 282.01 
314 120 287.01 
314 170 296.01 
314 188 299.01 
314 239 318.01 
314 293 286.01 
314 332 295.01 
314 419 288.01 
314 429 286.01 
314 458 295.01 
314 481 283.01 
314 497 312.01 
242 1 281.01 
242 152 285.01 
242 215 300.01 
242 417 273.01 
242 432 310.01 
242 434 278.01 
242 440 306.01 
242 472 280.01 
242 474 271.01 
242 480 291.01 
242 500 288.01 
169 110 252.01 
169 172 280.01 
169 218 277.01 
169 238 268.01 
169 316 303.01 
169 417 287.01 
169 451 273.01 
169 461 293.01 
169 462 316.01 
169 477 264.01 
169 484 297.01 
169 490 279.01 
225 151 290.01 
225 274 301.01 
225 367 324.01 
225 372 305.01 
225 375 302.01 
225 466 285.01 
225 484 276.01 
225 486 293.01 
225 488 284.01 
225 489 277.01 
225 492 312.01 
228 80 270.01 
228 88 289.01 
228 124 281.01 
228 135 276.01 
228 171 265.01 
228 236 289.01 
228 418 299.01 
228 454 289.01 
228 478 302.01 
228 481 299.01 
228 497 254.01 
199 33 307.01 
199 55 285.01 
199 181 286.01 
199 335 299.01 
199 336 305.01 
199 350 286.01 
199 400 285.01 
199 405 323.01 
199 427 270.01 
199 440 277.01 
199 461 284.01 
199 488 303.01 
249 125 304.01 
249 161 292.01 
249 171 296.01 
249 276 291.01 
249 314 272.01 
249 341 310.01 
249 403 294.01 
249 458 292.01 
249 495 300.01 
249 499 280.01 
249 500 286.01 
217 59 301.01 
217 115 312.01 
217 143 301.01 
217 298 318.01 
217 303 279.01 
217 352 297.01 
217 371 300.01 
217 422 287.01 
217 469 284.01 
217 487 284.01 
217 498 294.01 
341 25 291.01 
341 269 291.01 
341 350 312.01 
341 362 240.01 
341 370 292.01 
341 403 268.01 
341 420 284.01 
341 430 309.01 
341 474 252.01 
341 482 280.01 
341 500 289.01 
