0 125 285.01 
0 291 291.01 
0 356 303.01 
0 398 306.01 
0 423 300.01 
0 437 272.01 
0 464 298.01 
0 475 306.01 
0 485 307.01 
0 489 299.01 
0 495 281.01 
0 499 278.01 
125 70 269.01 
125 183 301.01 
125 387 298.01 
125 388 307.01 
125 398 322.01 
125 422 307.01 
125 447 270.01 
125 460 308.01 
125 478 297.01 
125 490 280.01 
125 496 298.01 
125 499 285.01 
291 224 288.01 
291 246 271.01 
291 316 280.01 
291 467 280.01 
291 476 254.01 
291 479 277.01 
291 480 274.01 
291 488 273.01 
291 492 288.01 
291 493 262.01 
291 494 278.01 
291 498 265.01 
356 138 291.01 
356 243 269.01 
356 272 297.01 
356 323 282.01 
356 444 313.01 
356 451 271.01 
356 456 238.01 
356 474 281.01 
356 486 303.01 
356 496 287.01 
356 497 272.01 
356 498 255.01 
398 200 251.01 
398 382 281.01 
398 397 280.01 
398 419 290.01 
398 442 302.01 
398 464 282.01 
398 471 297.01 
398 472 268.01 
398 480 289.01 
398 485 309.01 
398 499 271.01 
423 213 284.01 
423 228 270.01 
423 241 312.01 
423 381 281.01 
423 389 287.01 
423 425 260.01 
423 460 268.01 
423 477 321.01 
423 486 294.01 
423 497 281.01 
423 498 267.01 
437 138 315.01 
437 203 292.01 
437 221 317.01 
437 350 273.01 
437 418 260.01 
437 436 287.01 
437 444 295.01 
437 463 298.01 
437 485 297.01 
437 498 278.01 
437 499 257.01 
464 201 289.01 
464 230 255.01 
464 305 301.01 
464 355 315.01 
464 414 271.01 
464 422 287.01 
464 425 286.01 
464 426 284.01 
464 437 303.01 
464 450 301.01 
464 495 279.01 
475 40 299.01 
475 296 319.01 
475 318 293.01 
475 356 290.01 
475 454 252.01 
475 482 293.01 
475 488 309.01 
475 489 287.01 
475 495 273.01 
475 497 277.01 
475 499 272.01 
485 134 276.01 
485 185 258.01 
485 199 258.01 
485 226 272.01 
485 260 270.01 
485 317 284.01 
485 349 265.01 
485 464 285.01 
485 490 282.01 
485 493 272.01 
485 499 266.01 
489 38 308.01 
489 53 288.01 
489 54 273.01 
489 165 289.01 
489 222 300.01 
489 358 303.01 
489 412 291.01 
489 414 275.01 
489 420 270.01 
489 448 300.01 
489 493 277.01 
495 48 271.01 
495 89 290.01 
495 109 275.01 
495 161 261.01 
495 283 264.01 
495 331 290.01 
495 481 258.01 
495 491 251.01 
495 497 272.01 
495 498 253.01 
495 499 259.01 
499 10 287.01 
499 85 289.01 
499 149 297.01 
499 157 313.01 
499 185 277.01 
499 210 265.01 
499 374 260.01 
499 395 249.01 
499 436 265.01 
499 437 316.01 
499 498 274.01 
1 6 290.01 
1 12 305.01 
1 420 313.01 
1 435 285.01 
1 442 291.01 
1 446 282.01 
1 454 321.01 
1 482 300.01 
1 488 276.01 
1 490 286.01 
1 494 294.01 
1 497 291.01 
6 5 294.01 
6 269 304.01 
6 279 298.01 
6 368 270.01 
6 421 266.01 
6 425 282.01 
6 451 273.01 
6 459 282.01 
6 476 308.01 
6 488 272.01 
6 492 289.01 
6 494 289.01 
12 412 294.01 
12 414 291.01 
12 419 302.01 
12 438 285.01 
12 439 270.01 
12 474 298.01 
12 478 308.01 
12 485 299.01 
12 490 294.01 
12 492 299.01 
12 497 305.01 
12 499 304.01 
420 151 290.01 
420 327 272.01 
420 433 279.01 
420 445 288.01 
420 473 255.01 
420 474 296.01 
420 475 292.01 
420 483 318.01 
420 484 275.01 
420 486 316.01 
420 491 305.01 
435 33 283.01 
435 147 276.01 
435 217 289.01 
435 243 304.01 
435 372 283.01 
435 410 300.01 
435 455 288.01 
435 488 277.01 
435 489 292.01 
435 494 290.01 
435 499 273.01 
442 73 294.01 
442 130 285.01 
442 198 296.01 
442 225 287.01 
442 277 335.01 
442 366 300.01 
442 428 257.01 
442 449 296.01 
442 450 272.01 
442 460 290.01 
442 483 297.01 
446 7 307.01 
446 43 304.01 
446 116 312.01 
446 301 284.01 
446 413 262.01 
446 435 321.01 
446 473 284.01 
446 488 270.01 
446 491 309.01 
446 492 319.01 
446 499 305.01 
454 148 281.01 
454 201 258.01 
454 202 285.01 
454 212 267.01 
454 281 288.01 
454 389 267.01 
454 401 268.01 
454 404 292.01 
454 485 275.01 
454 486 293.01 
454 488 304.01 
482 172 297.01 
482 226 281.01 
482 333 268.01 
482 350 287.01 
482 365 284.01 
482 390 274.01 
482 418 293.01 
482 487 293.01 
482 496 284.01 
482 498 265.01 
482 499 271.01 
488 121 284.01 
488 233 314.01 
488 345 277.01 
488 355 308.01 
488 372 292.01 
488 411 263.01 
488 464 276.01 
488 475 316.01 
488 481 292.01 
488 486 297.01 
488 490 305.01 
490 161 296.01 
490 307 270.01 
490 420 305.01 
490 424 241.01 
490 433 321.01 
490 450 282.01 
490 460 259.01 
490 473 273.01 
490 486 268.01 
490 494 292.01 
490 496 237.01 
494 67 276.01 
494 80 303.01 
494 158 276.01 
494 283 250.01 
494 370 305.01 
494 398 300.01 
494 430 283.01 
494 435 306.01 
494 492 267.01 
494 495 282.01 
494 498 286.01 
497 204 258.01 
497 235 282.01 
497 296 279.01 
497 408 241.01 
497 410 292.01 
497 429 297.01 
497 455 275.01 
497 461 287.01 
497 468 280.01 
497 482 290.01 
497 493 252.01 
2 177 279.01 
2 225 266.01 
2 280 289.01 
2 385 258.01 
2 387 286.01 
2 425 260.01 
2 452 316.01 
2 480 286.01 
2 484 284.01 
2 487 292.01 
2 491 268.01 
2 494 284.01 
177 182 279.01 
177 226 288.01 
177 349 263.01 
177 382 279.01 
177 430 285.01 
177 437 307.01 
177 451 279.01 
177 477 287.01 
177 488 268.01 
177 489 266.01 
177 495 293.01 
177 499 276.01 
225 23 270.01 
225 72 293.01 
225 260 281.01 
225 385 260.01 
225 442 282.01 
225 466 280.01 
225 487 283.01 
225 491 295.01 
225 494 278.01 
225 495 285.01 
225 498 291.01 
225 499 285.01 
280 163 293.01 
280 235 275.01 
280 300 292.01 
280 325 254.01 
280 327 276.01 
280 333 305.01 
280 377 289.01 
280 393 294.01 
280 457 282.01 
280 474 257.01 
280 496 295.01 
280 498 273.01 
385 69 255.01 
385 124 266.01 
385 365 290.01 
385 382 280.01 
385 423 281.01 
385 424 290.01 
385 466 291.01 
385 471 277.01 
385 479 282.01 
385 487 296.01 
385 493 302.01 
387 210 268.01 
387 259 242.01 
387 287 278.01 
387 321 260.01 
387 371 274.01 
387 424 271.01 
387 437 287.01 
387 447 258.01 
387 454 283.01 
387 495 292.01 
387 499 293.01 
425 33 245.01 
425 97 284.01 
425 119 289.01 
425 190 276.01 
425 217 307.01 
425 279 286.01 
425 300 292.01 
425 305 292.01 
425 489 283.01 
425 492 281.01 
425 493 289.01 
452 66 315.01 
452 70 238.01 
452 109 284.01 
452 263 284.01 
452 292 274.01 
452 349 275.01 
452 406 304.01 
452 471 276.01 
452 480 303.01 
452 487 271.01 
452 497 277.01 
480 60 269.01 
480 137 288.01 
480 169 318.01 
480 255 282.01 
480 265 304.01 
480 356 257.01 
480 463 276.01 
480 470 274.01 
480 489 272.01 
480 495 268.01 
480 499 262.01 
484 19 288.01 
484 30 295.01 
484 134 262.01 
484 141 285.01 
484 305 267.01 
484 417 272.01 
484 422 284.01 
484 428 283.01 
484 458 292.01 
484 491 273.01 
484 499 282.01 
487 107 286.01 
487 215 271.01 
487 238 273.01 
487 380 304.01 
487 404 305.01 
487 450 317.01 
487 468 306.01 
487 477 279.01 
487 483 293.01 
487 492 293.01 
487 495 284.01 
491 15 263.01 
491 330 288.01 
491 356 269.01 
491 422 293.01 
491 427 284.01 
491 449 290.01 
491 461 303.01 
491 474 278.01 
491 484 310.01 
491 489 265.01 
491 498 292.01 
3 5 283.01 
3 82 269.01 
3 171 275.01 
3 200 273.01 
3 210 277.01 
3 314 298.01 
3 457 288.01 
3 468 273.01 
3 480 256.01 
3 483 288.01 
3 493 277.01 
3 496 246.01 
5 4 270.01 
5 255 309.01 
5 259 256.01 
5 274 302.01 
5 301 282.01 
5 420 287.01 
5 436 310.01 
5 456 286.01 
5 459 269.01 
5 485 274.01 
5 498 294.01 
5 499 300.01 
82 4 290.01 
82 271 279.01 
82 319 273.01 
82 348 286.01 
82 358 292.01 
82 433 274.01 
82 436 275.01 
82 467 278.01 
82 474 269.01 
82 494 272.01 
82 496 280.01 
82 499 309.01 
171 24 301.01 
171 38 314.01 
171 245 332.01 
171 282 291.01 
171 326 312.01 
171 393 293.01 
171 426 270.01 
171 464 290.01 
171 475 289.01 
171 488 311.01 
171 489 278.01 
171 496 285.01 
200 173 267.01 
200 257 267.01 
200 379 294.01 
200 391 297.01 
200 401 285.01 
200 436 297.01 
200 458 303.01 
200 464 284.01 
200 475 300.01 
200 493 270.01 
200 496 305.01 
200 499 306.01 
210 11 315.01 
210 75 307.01 
210 192 318.01 
210 216 287.01 
210 335 297.01 
210 349 275.01 
210 465 308.01 
210 468 285.01 
210 473 284.01 
210 486 281.01 
210 496 304.01 
210 498 314.01 
314 69 280.01 
314 120 309.01 
314 152 259.01 
314 153 272.01 
314 252 300.01 
314 301 260.01 
314 366 296.01 
314 384 273.01 
314 451 289.01 
314 485 284.01 
314 486 292.01 
314 498 276.01 
457 159 264.01 
457 178 311.01 
457 310 300.01 
457 369 298.01 
457 417 284.01 
457 420 291.01 
457 431 284.01 
457 447 284.01 
457 464 266.01 
457 494 289.01 
457 496 289.01 
468 57 281.01 
468 101 295.01 
468 106 263.01 
468 353 282.01 
468 389 279.01 
468 395 303.01 
468 441 271.01 
468 450 290.01 
468 451 282.01 
468 477 293.01 
468 496 269.01 
483 58 300.01 
483 265 275.01 
483 321 300.01 
483 343 303.01 
483 364 319.01 
483 412 278.01 
483 440 325.01 
483 453 292.01 
483 496 283.01 
483 498 285.01 
483 499 260.01 
493 24 319.01 
493 198 315.01 
493 226 314.01 
493 309 286.01 
493 376 293.01 
493 405 319.01 
493 419 302.01 
493 431 294.01 
493 480 293.01 
493 483 260.01 
493 499 274.01 
496 39 289.01 
496 280 281.01 
496 313 264.01 
496 329 292.01 
496 384 299.01 
496 400 268.01 
496 478 312.01 
496 479 286.01 
496 483 294.01 
496 497 294.01 
496 499 294.01 
4 2 288.01 
4 62 302.01 
4 157 286.01 
4 270 268.01 
4 380 297.01 
4 444 304.01 
4 452 274.01 
4 472 286.01 
4 477 268.01 
4 490 300.01 
4 498 270.01 
4 499 255.01 
62 75 324.01 
62 143 281.01 
62 184 280.01 
62 244 257.01 
62 424 268.01 
62 428 279.01 
62 451 294.01 
62 480 257.01 
62 483 298.01 
62 493 288.01 
62 494 277.01 
62 495 289.01 
157 55 281.01 
157 94 302.01 
157 194 305.01 
157 221 295.01 
157 260 290.01 
157 338 291.01 
157 380 303.01 
157 429 277.01 
157 494 288.01 
157 495 304.01 
157 497 268.01 
157 498 297.01 
270 51 291.01 
270 226 275.01 
270 286 258.01 
270 301 287.01 
270 357 299.01 
270 372 300.01 
270 442 259.01 
270 445 277.01 
270 489 282.01 
270 493 296.01 
270 498 309.01 
270 499 280.01 
380 11 278.01 
380 176 299.01 
380 179 289.01 
380 184 308.01 
380 203 253.01 
380 311 285.01 
380 322 293.01 
380 357 292.01 
380 478 275.01 
380 489 312.01 
380 492 263.01 
444 236 290.01 
444 237 290.01 
444 252 297.01 
444 286 305.01 
444 313 309.01 
444 315 273.01 
444 383 307.01 
444 464 261.01 
444 474 252.01 
444 495 257.01 
444 499 294.01 
472 0 269.01 
472 105 315.01 
472 175 292.01 
472 222 315.01 
472 366 297.01 
472 408 297.01 
472 438 306.01 
472 442 305.01 
472 494 289.01 
472 495 325.01 
472 499 257.01 
477 56 302.01 
477 74 318.01 
477 98 309.01 
477 142 274.01 
477 170 297.01 
477 243 321.01 
477 259 281.01 
477 263 277.01 
477 436 298.01 
477 449 276.01 
477 497 293.01 
498 167 289.01 
498 177 257.01 
498 216 261.01 
498 368 253.01 
498 383 272.01 
498 401 278.01 
498 446 282.01 
498 482 278.01 
498 485 272.01 
498 490 267.01 
498 497 279.01 
255 5 253.01 
255 187 303.01 
255 248 287.01 
255 312 307.01 
255 367 307.01 
255 439 276.01 
255 448 287.01 
255 455 281.01 
255 474 309.01 
255 478 321.01 
255 486 271.01 
255 499 303.01 
259 241 320.01 
259 306 313.01 
259 317 265.01 
259 351 279.01 
259 433 302.01 
259 487 268.01 
259 489 260.01 
259 492 302.01 
259 493 256.01 
259 495 289.01 
259 497 278.01 
259 499 259.01 
274 143 303.01 
274 230 284.01 
274 250 297.01 
274 363 275.01 
274 373 271.01 
274 393 287.01 
274 428 311.01 
274 436 302.01 
274 456 249.01 
274 458 269.01 
274 463 287.01 
274 486 283.01 
301 6 286.01 
301 155 243.01 
301 162 275.01 
301 358 261.01 
301 400 291.01 
301 410 316.01 
301 437 265.01 
301 461 279.01 
301 462 288.01 
301 490 292.01 
301 494 292.01 
301 499 290.01 
436 116 289.01 
436 181 285.01 
436 206 257.01 
436 290 287.01 
436 314 278.01 
436 443 268.01 
436 463 310.01 
436 478 297.01 
436 493 306.01 
436 494 290.01 
436 499 272.01 
456 150 259.01 
456 252 311.01 
456 257 296.01 
456 316 280.01 
456 343 299.01 
456 403 263.01 
456 464 264.01 
456 486 284.01 
456 491 287.01 
456 498 265.01 
456 499 274.01 
459 3 316.01 
459 91 274.01 
459 171 283.01 
459 183 261.01 
459 381 271.01 
459 439 285.01 
459 453 262.01 
459 477 289.01 
459 481 269.01 
459 485 272.01 
459 486 280.01 
269 104 280.01 
269 117 271.01 
269 268 270.01 
269 416 256.01 
269 433 261.01 
269 452 250.01 
269 468 251.01 
269 480 310.01 
269 487 253.01 
269 497 286.01 
269 498 274.01 
269 499 255.01 
279 159 285.01 
279 235 284.01 
279 276 272.01 
279 302 274.01 
279 307 246.01 
279 315 270.01 
279 419 289.01 
279 430 273.01 
279 453 283.01 
279 473 298.01 
279 484 294.01 
279 488 262.01 
368 26 304.01 
368 51 296.01 
368 292 290.01 
368 350 301.01 
368 381 279.01 
368 404 281.01 
368 469 281.01 
368 474 304.01 
368 479 287.01 
368 498 285.01 
368 499 279.01 
421 44 295.01 
421 287 299.01 
421 294 315.01 
421 376 297.01 
421 435 302.01 
421 474 282.01 
421 475 308.01 
421 494 298.01 
421 497 302.01 
421 498 280.01 
421 499 301.01 
451 191 278.01 
451 266 290.01 
451 283 305.01 
451 315 307.01 
451 369 300.01 
451 383 274.01 
451 390 330.01 
451 422 274.01 
451 471 292.01 
451 476 294.01 
451 491 311.01 
476 22 305.01 
476 58 305.01 
476 107 290.01 
476 194 310.01 
476 217 256.01 
476 240 315.01 
476 377 300.01 
476 394 287.01 
476 467 288.01 
476 497 287.01 
476 499 293.01 
492 30 312.01 
492 195 283.01 
492 217 313.01 
492 332 304.01 
492 403 282.01 
492 419 287.01 
492 437 331.01 
492 452 297.01 
492 465 306.01 
492 473 278.01 
492 499 289.01 
7 59 279.01 
7 381 307.01 
7 405 280.01 
7 413 312.01 
7 455 332.01 
7 460 304.01 
7 476 283.01 
7 482 265.01 
7 487 297.01 
7 492 254.01 
7 493 292.01 
7 498 266.01 
59 53 260.01 
59 68 292.01 
59 102 304.01 
59 154 312.01 
59 159 302.01 
59 201 263.01 
59 204 268.01 
59 285 267.01 
59 331 272.01 
59 427 280.01 
59 458 293.01 
59 477 297.01 
381 47 299.01 
381 66 306.01 
381 133 296.01 
381 181 326.01 
381 274 291.01 
381 352 319.01 
381 449 314.01 
381 464 286.01 
381 483 305.01 
381 496 289.01 
381 498 315.01 
405 186 297.01 
405 197 278.01 
405 292 297.01 
405 311 297.01 
405 402 259.01 
405 462 290.01 
405 466 308.01 
405 482 315.01 
405 493 277.01 
405 495 303.01 
405 498 248.01 
413 125 277.01 
413 148 302.01 
413 235 304.01 
413 297 281.01 
413 423 293.01 
413 440 266.01 
413 445 278.01 
413 455 285.01 
413 478 261.01 
413 491 276.01 
413 499 274.01 
455 17 288.01 
455 263 262.01 
455 272 285.01 
455 295 299.01 
455 302 286.01 
455 316 301.01 
455 337 277.01 
455 359 307.01 
455 445 294.01 
455 497 300.01 
455 498 284.01 
460 53 283.01 
460 57 288.01 
460 165 290.01 
460 180 316.01 
460 235 282.01 
460 285 252.01 
460 333 292.01 
460 344 319.01 
460 437 322.01 
460 490 290.01 
460 492 280.01 
8 319 277.01 
8 360 301.01 
8 368 283.01 
8 377 296.01 
8 399 283.01 
8 413 289.01 
8 441 301.01 
8 486 285.01 
8 491 275.01 
8 497 275.01 
8 498 299.01 
8 499 281.01 
319 50 285.01 
319 123 261.01 
319 132 283.01 
319 283 286.01 
319 366 273.01 
319 480 289.01 
319 482 307.01 
319 485 315.01 
319 486 282.01 
319 490 274.01 
319 498 294.01 
319 499 256.01 
360 123 272.01 
360 181 311.01 
360 184 303.01 
360 193 299.01 
360 200 260.01 
360 240 287.01 
360 284 296.01 
360 353 273.01 
360 384 241.01 
360 434 317.01 
360 436 276.01 
377 223 294.01 
377 252 308.01 
377 380 281.01 
377 416 273.01 
377 462 284.01 
377 466 288.01 
377 482 301.01 
377 491 270.01 
377 497 321.01 
377 498 275.01 
377 499 264.01 
399 116 284.01 
399 139 287.01 
399 174 278.01 
399 205 258.01 
399 430 297.01 
399 462 287.01 
399 469 280.01 
399 479 299.01 
399 488 266.01 
399 492 292.01 
399 497 291.01 
441 203 258.01 
441 234 274.01 
441 246 273.01 
441 261 299.01 
441 321 290.01 
441 323 259.01 
441 439 270.01 
441 445 296.01 
441 457 263.01 
441 489 297.01 
441 498 311.01 
486 178 295.01 
486 225 267.01 
486 262 268.01 
486 363 273.01 
486 368 288.01 
486 401 273.01 
486 407 269.01 
486 415 270.01 
486 485 250.01 
486 493 275.01 
486 497 283.01 
9 96 277.01 
9 154 298.01 
9 155 284.01 
9 166 274.01 
9 349 269.01 
9 430 278.01 
9 475 295.01 
9 477 307.01 
9 478 287.01 
9 490 267.01 
9 492 297.01 
9 499 270.01 
96 32 274.01 
96 355 265.01 
96 372 288.01 
96 423 293.01 
96 460 320.01 
96 473 281.01 
96 483 289.01 
96 484 308.01 
96 488 273.01 
96 492 273.01 
96 496 268.01 
96 498 304.01 
154 34 272.01 
154 147 293.01 
154 201 299.01 
154 284 277.01 
154 353 296.01 
154 359 302.01 
154 431 269.01 
154 468 301.01 
154 473 274.01 
154 474 283.01 
154 479 266.01 
154 488 288.01 
155 31 296.01 
155 256 290.01 
155 285 285.01 
155 316 249.01 
155 328 310.01 
155 353 256.01 
155 418 285.01 
155 460 308.01 
155 479 268.01 
155 487 298.01 
155 488 264.01 
155 494 300.01 
166 307 284.01 
166 323 253.01 
166 380 279.01 
166 383 310.01 
166 389 267.01 
166 411 268.01 
166 413 308.01 
166 432 276.01 
166 454 272.01 
166 494 305.01 
166 498 289.01 
166 499 283.01 
349 11 283.01 
349 107 285.01 
349 185 284.01 
349 253 291.01 
349 257 289.01 
349 466 312.01 
349 474 304.01 
349 481 298.01 
349 485 314.01 
349 491 296.01 
349 498 281.01 
349 499 285.01 
430 8 229.01 
430 68 275.01 
430 197 278.01 
430 288 251.01 
430 410 291.01 
430 425 272.01 
430 446 276.01 
430 486 251.01 
430 489 256.01 
430 494 290.01 
430 496 282.01 
478 8 259.01 
478 46 301.01 
478 79 278.01 
478 101 271.01 
478 215 286.01 
478 371 293.01 
478 387 282.01 
478 427 276.01 
478 464 264.01 
478 497 284.01 
478 499 275.01 
10 34 269.01 
10 348 294.01 
10 387 266.01 
10 443 282.01 
10 451 304.01 
10 460 249.01 
10 475 273.01 
10 477 270.01 
10 493 285.01 
10 494 266.01 
10 495 298.01 
10 499 275.01 
34 64 314.01 
34 103 302.01 
34 197 280.01 
34 201 268.01 
34 204 276.01 
34 233 281.01 
34 241 306.01 
34 352 275.01 
34 439 283.01 
34 456 283.01 
34 492 280.01 
34 499 256.01 
348 139 292.01 
348 185 280.01 
348 311 294.01 
348 327 306.01 
348 347 270.01 
348 363 302.01 
348 410 297.01 
348 447 278.01 
348 475 290.01 
348 497 264.01 
348 498 292.01 
348 499 269.01 
443 54 270.01 
443 351 301.01 
443 352 300.01 
443 368 312.01 
443 447 266.01 
443 491 256.01 
443 493 288.01 
443 494 280.01 
443 495 341.01 
443 497 282.01 
443 499 294.01 
11 57 280.01 
11 152 305.01 
11 351 292.01 
11 411 284.01 
11 440 315.01 
11 450 315.01 
11 461 286.01 
11 480 328.01 
11 490 318.01 
11 492 285.01 
11 494 278.01 
11 499 292.01 
57 10 277.01 
57 70 313.01 
57 169 301.01 
57 184 305.01 
57 233 304.01 
57 284 314.01 
57 410 307.01 
57 417 281.01 
57 468 274.01 
57 483 308.01 
57 490 293.01 
57 499 291.01 
152 139 282.01 
152 182 278.01 
152 200 283.01 
152 202 299.01 
152 217 271.01 
152 349 270.01 
152 378 304.01 
152 409 265.01 
152 410 293.01 
152 413 282.01 
152 428 288.01 
152 486 263.01 
351 94 291.01 
351 168 281.01 
351 187 292.01 
351 222 301.01 
351 290 280.01 
351 298 289.01 
351 354 303.01 
351 454 274.01 
351 479 292.01 
351 489 276.01 
351 491 296.01 
351 499 282.01 
411 17 321.01 
411 36 302.01 
411 264 297.01 
411 323 289.01 
411 392 296.01 
411 403 309.01 
411 448 277.01 
411 464 302.01 
411 471 317.01 
411 488 280.01 
411 497 256.01 
440 42 294.01 
440 259 282.01 
440 400 265.01 
440 413 276.01 
440 455 299.01 
440 476 285.01 
440 482 274.01 
440 487 277.01 
440 494 292.01 
440 497 245.01 
440 498 272.01 
450 92 313.01 
450 137 251.01 
450 153 272.01 
450 427 271.01 
450 452 252.01 
450 454 249.01 
450 473 265.01 
450 485 313.01 
450 488 271.01 
450 490 293.01 
450 497 280.01 
461 86 291.01 
461 107 255.01 
461 131 246.01 
461 297 278.01 
461 361 274.01 
461 371 299.01 
461 470 297.01 
461 493 276.01 
461 495 256.01 
461 496 297.01 
461 499 261.01 
412 61 304.01 
412 169 290.01 
412 188 261.01 
412 309 301.01 
412 323 277.01 
412 361 264.01 
412 465 295.01 
412 468 262.01 
412 493 273.01 
412 495 262.01 
412 499 273.01 
414 8 287.01 
414 112 280.01 
414 173 287.01 
414 271 273.01 
414 405 300.01 
414 428 285.01 
414 433 278.01 
414 466 310.01 
414 468 276.01 
414 481 292.01 
414 498 289.01 
419 162 293.01 
419 181 290.01 
419 242 280.01 
419 258 263.01 
419 335 290.01 
419 392 289.01 
419 471 293.01 
419 483 262.01 
419 490 284.01 
419 498 268.01 
419 499 291.01 
438 54 272.01 
438 191 284.01 
438 213 268.01 
438 215 256.01 
438 270 302.01 
438 320 302.01 
438 322 281.01 
438 350 293.01 
438 463 277.01 
438 498 308.01 
438 499 286.01 
439 249 275.01 
439 274 269.01 
439 305 293.01 
439 322 289.01 
439 396 252.01 
439 418 260.01 
439 465 289.01 
439 470 302.01 
439 484 304.01 
439 492 294.01 
439 495 295.01 
474 59 274.01 
474 268 286.01 
474 299 251.01 
474 378 271.01 
474 455 270.01 
474 456 272.01 
474 467 284.01 
474 473 236.01 
474 489 269.01 
474 493 298.01 
474 499 243.01 
13 64 300.01 
13 292 309.01 
13 340 307.01 
13 376 304.01 
13 414 304.01 
13 443 297.01 
13 445 282.01 
13 471 304.01 
13 472 295.01 
13 478 273.01 
13 479 323.01 
13 495 311.01 
64 108 263.01 
64 178 278.01 
64 301 278.01 
64 369 297.01 
64 381 301.01 
64 411 277.01 
64 426 275.01 
64 434 257.01 
64 469 293.01 
64 475 273.01 
64 482 267.01 
64 499 292.01 
292 174 298.01 
292 281 267.01 
292 333 297.01 
292 405 297.01 
292 457 285.01 
292 459 281.01 
292 477 302.01 
292 478 305.01 
292 482 316.01 
292 490 304.01 
292 497 272.01 
292 498 284.01 
340 5 277.01 
340 41 299.01 
340 121 322.01 
340 153 266.01 
340 172 286.01 
340 250 278.01 
340 376 302.01 
340 423 288.01 
340 471 301.01 
340 478 293.01 
340 498 279.01 
340 499 252.01 
376 13 267.01 
376 146 274.01 
376 150 289.01 
376 206 288.01 
376 356 243.01 
376 384 316.01 
376 448 277.01 
376 462 283.01 
376 476 305.01 
376 478 260.01 
376 497 322.01 
445 93 277.01 
445 325 246.01 
445 384 291.01 
445 421 269.01 
445 424 294.01 
445 433 269.01 
445 434 266.01 
445 462 277.01 
445 481 266.01 
445 487 260.01 
445 496 274.01 
471 131 289.01 
471 135 275.01 
471 138 278.01 
471 363 278.01 
471 367 285.01 
471 414 250.01 
471 459 283.01 
471 466 289.01 
471 485 285.01 
471 495 287.01 
471 498 252.01 
479 42 296.01 
479 170 265.01 
479 236 285.01 
479 288 266.01 
479 374 280.01 
479 383 291.01 
479 449 297.01 
479 482 283.01 
479 497 273.01 
479 498 302.01 
479 499 256.01 
14 36 280.01 
14 189 293.01 
14 208 314.01 
14 302 302.01 
14 345 306.01 
14 359 292.01 
14 425 289.01 
14 438 294.01 
14 448 311.01 
14 494 288.01 
14 497 282.01 
14 498 285.01 
36 13 295.01 
36 62 297.01 
36 245 293.01 
36 304 290.01 
36 308 311.01 
36 367 332.01 
36 409 297.01 
36 418 285.01 
36 463 303.01 
36 473 272.01 
36 479 293.01 
36 492 296.01 
189 26 279.01 
189 144 281.01 
189 306 280.01 
189 319 305.01 
189 328 304.01 
189 377 275.01 
189 443 276.01 
189 446 311.01 
189 467 297.01 
189 471 286.01 
189 493 297.01 
189 498 304.01 
208 7 274.01 
208 212 307.01 
208 226 284.01 
208 261 275.01 
208 408 291.01 
208 432 273.01 
208 477 255.01 
208 490 283.01 
208 493 287.01 
208 495 286.01 
208 497 293.01 
208 498 290.01 
302 8 278.01 
302 67 296.01 
302 142 286.01 
302 164 276.01 
302 247 270.01 
302 347 269.01 
302 376 291.01 
302 429 300.01 
302 454 292.01 
302 476 311.01 
302 485 306.01 
302 497 278.01 
345 47 265.01 
345 72 260.01 
345 273 296.01 
345 275 277.01 
345 364 296.01 
345 392 314.01 
345 427 294.01 
345 435 288.01 
345 446 289.01 
345 460 277.01 
345 494 279.01 
345 499 264.01 
359 51 244.01 
359 110 303.01 
359 126 265.01 
359 316 268.01 
359 378 305.01 
359 390 282.01 
359 396 302.01 
359 415 289.01 
359 486 278.01 
359 493 272.01 
359 495 265.01 
448 135 279.01 
448 180 312.01 
448 249 276.01 
448 266 315.01 
448 354 282.01 
448 440 273.01 
448 445 293.01 
448 451 297.01 
448 482 292.01 
448 488 270.01 
448 498 270.01 
15 3 306.01 
15 103 309.01 
15 104 290.01 
15 170 283.01 
15 264 277.01 
15 277 289.01 
15 342 310.01 
15 423 288.01 
15 456 277.01 
15 458 277.01 
15 483 294.01 
15 495 286.01 
103 29 283.01 
103 99 285.01 
103 110 298.01 
103 229 269.01 
103 295 266.01 
103 312 302.01 
103 424 276.01 
103 446 285.01 
103 463 299.01 
103 494 281.01 
103 498 275.01 
103 499 320.01 
104 64 293.01 
104 74 275.01 
104 141 303.01 
104 161 285.01 
104 346 274.01 
104 389 284.01 
104 409 284.01 
104 459 287.01 
104 468 285.01 
104 486 300.01 
104 498 282.01 
104 499 297.01 
170 48 307.01 
170 118 310.01 
170 186 301.01 
170 190 293.01 
170 278 255.01 
170 280 282.01 
170 317 259.01 
170 390 288.01 
170 411 264.01 
170 427 268.01 
170 472 260.01 
170 498 287.01 
264 135 269.01 
264 153 271.01 
264 301 282.01 
264 321 280.01 
264 388 274.01 
264 425 288.01 
264 453 290.01 
264 483 277.01 
264 486 244.01 
264 492 249.01 
264 494 255.01 
264 496 258.01 
277 54 268.01 
277 186 272.01 
277 327 285.01 
277 463 269.01 
277 474 295.01 
277 477 259.01 
277 486 295.01 
277 489 267.01 
277 490 300.01 
277 491 253.01 
277 496 288.01 
277 499 306.01 
342 20 303.01 
342 79 315.01 
342 92 303.01 
342 247 289.01 
342 367 309.01 
342 394 307.01 
342 415 297.01 
342 441 263.01 
342 484 298.01 
342 492 276.01 
342 494 296.01 
342 497 296.01 
458 227 296.01 
458 274 259.01 
458 370 303.01 
458 402 265.01 
458 420 283.01 
458 432 296.01 
458 439 263.01 
458 443 258.01 
458 448 270.01 
458 488 305.01 
458 489 286.01 
16 112 284.01 
16 127 295.01 
16 241 291.01 
16 346 294.01 
16 401 279.01 
16 425 288.01 
16 448 308.01 
16 463 291.01 
16 478 295.01 
16 488 318.01 
16 490 294.01 
16 491 290.01 
112 51 282.01 
112 62 281.01 
112 146 258.01 
112 265 293.01 
112 285 252.01 
112 319 254.01 
112 367 287.01 
112 452 274.01 
112 455 261.01 
112 477 257.01 
112 495 279.01 
112 498 274.01 
127 43 288.01 
127 234 256.01 
127 296 268.01 
127 382 264.01 
127 386 301.01 
127 470 271.01 
127 486 263.01 
127 489 301.01 
127 491 270.01 
127 496 265.01 
127 498 299.01 
127 499 254.01 
241 56 263.01 
241 110 281.01 
241 168 292.01 
241 174 288.01 
241 276 284.01 
241 324 273.01 
241 327 280.01 
241 386 284.01 
241 395 305.01 
241 480 291.01 
241 485 294.01 
241 499 263.01 
346 57 266.01 
346 104 271.01 
346 253 274.01 
346 342 308.01 
346 365 325.01 
346 367 335.01 
346 386 295.01 
346 403 287.01 
346 417 294.01 
346 451 267.01 
346 485 299.01 
346 495 239.01 
401 309 262.01 
401 354 259.01 
401 456 282.01 
401 466 260.01 
401 467 239.01 
401 469 307.01 
401 470 300.01 
401 479 280.01 
401 486 277.01 
401 488 274.01 
401 495 263.01 
463 72 278.01 
463 95 277.01 
463 149 278.01 
463 246 265.01 
463 330 286.01 
463 361 303.01 
463 383 317.01 
463 478 302.01 
463 482 258.01 
463 498 262.01 
463 499 299.01 
17 92 287.01 
17 147 303.01 
17 248 270.01 
17 264 329.01 
17 304 287.01 
17 315 283.01 
17 404 318.01 
17 465 268.01 
17 472 298.01 
17 473 274.01 
17 494 291.01 
17 499 289.01 
92 111 294.01 
92 208 247.01 
92 223 283.01 
92 386 270.01 
92 406 286.01 
92 425 280.01 
92 429 310.01 
92 432 301.01 
92 482 291.01 
92 485 303.01 
92 497 275.01 
92 498 289.01 
147 49 279.01 
147 52 295.01 
147 94 293.01 
147 152 273.01 
147 230 269.01 
147 246 275.01 
147 254 306.01 
147 309 315.01 
147 366 262.01 
147 390 300.01 
147 485 286.01 
147 490 287.01 
248 56 298.01 
248 149 272.01 
248 218 276.01 
248 219 301.01 
248 227 304.01 
248 276 300.01 
248 390 290.01 
248 446 260.01 
248 450 320.01 
248 478 279.01 
248 494 281.01 
248 499 268.01 
304 173 276.01 
304 198 305.01 
304 266 302.01 
304 273 279.01 
304 375 271.01 
304 404 295.01 
304 407 300.01 
304 410 296.01 
304 460 311.01 
304 462 298.01 
304 488 283.01 
304 496 260.01 
315 130 271.01 
315 199 287.01 
315 312 316.01 
315 322 272.01 
315 324 282.01 
315 367 271.01 
315 425 278.01 
315 445 292.01 
315 486 317.01 
315 487 267.01 
315 496 279.01 
315 498 311.01 
404 213 297.01 
404 234 256.01 
404 250 253.01 
404 268 301.01 
404 332 318.01 
404 374 292.01 
404 382 279.01 
404 451 277.01 
404 483 268.01 
404 487 301.01 
404 499 308.01 
465 12 281.01 
465 210 264.01 
465 256 276.01 
465 321 324.01 
465 385 290.01 
465 483 302.01 
465 487 305.01 
465 490 319.01 
465 494 288.01 
465 496 315.01 
465 499 277.01 
473 61 299.01 
473 93 298.01 
473 96 291.01 
473 116 315.01 
473 176 300.01 
473 208 307.01 
473 411 258.01 
473 428 277.01 
473 474 298.01 
473 480 297.01 
473 490 326.01 
18 105 306.01 
18 115 288.01 
18 120 292.01 
18 220 294.01 
18 231 287.01 
18 238 283.01 
18 443 306.01 
18 459 289.01 
18 474 307.01 
18 482 285.01 
18 485 269.01 
18 492 256.01 
105 130 263.01 
105 174 290.01 
105 232 283.01 
105 310 284.01 
105 392 267.01 
105 436 254.01 
105 465 280.01 
105 469 286.01 
105 486 281.01 
105 494 294.01 
105 496 299.01 
105 497 293.01 
115 9 277.01 
115 33 243.01 
115 126 253.01 
115 141 283.01 
115 295 273.01 
115 317 288.01 
115 352 264.01 
115 400 269.01 
115 475 242.01 
115 478 259.01 
115 493 276.01 
115 499 288.01 
120 45 255.01 
120 311 302.01 
120 332 268.01 
120 372 281.01 
120 404 292.01 
120 454 264.01 
120 480 298.01 
120 481 263.01 
120 487 293.01 
120 492 310.01 
120 496 267.01 
120 497 305.01 
220 182 285.01 
220 271 289.01 
220 289 277.01 
220 296 305.01 
220 341 275.01 
220 441 284.01 
220 488 294.01 
220 489 270.01 
220 491 319.01 
220 496 300.01 
220 497 285.01 
220 498 284.01 
231 72 270.01 
231 303 285.01 
231 310 289.01 
231 355 312.01 
231 381 258.01 
231 391 307.01 
231 400 254.01 
231 415 294.01 
231 464 269.01 
231 468 274.01 
231 477 265.01 
231 489 245.01 
238 77 280.01 
238 270 322.01 
238 401 260.01 
238 407 274.01 
238 418 259.01 
238 422 271.01 
238 454 268.01 
238 455 279.01 
238 459 311.01 
238 464 273.01 
238 485 269.01 
238 496 295.01 
19 50 312.01 
19 110 288.01 
19 139 255.01 
19 178 319.01 
19 198 319.01 
19 217 303.01 
19 369 306.01 
19 452 297.01 
19 481 290.01 
19 484 282.01 
19 486 278.01 
19 499 305.01 
50 160 309.01 
50 207 297.01 
50 214 277.01 
50 347 308.01 
50 352 293.01 
50 448 284.01 
50 459 303.01 
50 461 263.01 
50 470 296.01 
50 495 261.01 
50 497 296.01 
50 498 282.01 
110 136 284.01 
110 216 283.01 
110 242 291.01 
110 245 292.01 
110 407 268.01 
110 423 274.01 
110 425 286.01 
110 479 276.01 
110 488 249.01 
110 491 259.01 
110 494 265.01 
110 496 311.01 
139 73 274.01 
139 111 281.01 
139 128 281.01 
139 132 287.01 
139 253 254.01 
139 337 299.01 
139 373 279.01 
139 414 303.01 
139 444 318.01 
139 471 325.01 
139 480 317.01 
139 497 291.01 
178 286 273.01 
178 293 246.01 
178 370 268.01 
178 417 285.01 
178 447 259.01 
178 452 280.01 
178 453 278.01 
178 461 269.01 
178 483 281.01 
178 484 255.01 
178 490 287.01 
178 496 279.01 
198 3 285.01 
198 73 292.01 
198 132 297.01 
198 213 319.01 
198 325 303.01 
198 397 302.01 
198 421 296.01 
198 443 282.01 
198 459 290.01 
198 495 292.01 
198 497 267.01 
198 499 302.01 
217 68 306.01 
217 214 286.01 
217 291 323.01 
217 337 296.01 
217 388 319.01 
217 460 281.01 
217 468 301.01 
217 474 282.01 
217 476 312.01 
217 480 302.01 
217 488 306.01 
217 499 301.01 
369 76 280.01 
369 297 268.01 
369 305 287.01 
369 312 274.01 
369 316 267.01 
369 361 284.01 
369 409 264.01 
369 411 255.01 
369 461 313.01 
369 494 248.01 
369 497 289.01 
481 18 287.01 
481 180 297.01 
481 334 274.01 
481 354 280.01 
481 391 304.01 
481 468 277.01 
481 470 308.01 
481 480 292.01 
481 487 292.01 
481 493 306.01 
481 499 297.01 
20 124 285.01 
20 263 297.01 
20 266 294.01 
20 289 296.01 
20 343 329.01 
20 376 296.01 
20 402 261.01 
20 436 283.01 
20 453 280.01 
20 465 283.01 
20 496 275.01 
20 497 251.01 
124 24 304.01 
124 219 288.01 
124 329 258.01 
124 376 280.01 
124 432 263.01 
124 472 273.01 
124 473 287.01 
124 481 313.01 
124 492 277.01 
124 493 288.01 
124 494 266.01 
124 498 292.01 
263 14 297.01 
263 37 286.01 
263 235 286.01 
263 244 257.01 
263 248 279.01 
263 347 279.01 
263 434 279.01 
263 449 283.01 
263 473 281.01 
263 477 268.01 
263 489 298.01 
263 497 331.01 
266 28 293.01 
266 150 286.01 
266 248 275.01 
266 251 295.01 
266 314 291.01 
266 332 297.01 
266 365 290.01 
266 375 290.01 
266 382 291.01 
266 490 274.01 
266 492 260.01 
266 499 287.01 
289 45 278.01 
289 55 280.01 
289 129 278.01 
289 162 277.01 
289 254 271.01 
289 257 306.01 
289 312 252.01 
289 346 256.01 
289 422 287.01 
289 465 284.01 
289 470 300.01 
289 496 287.01 
343 113 302.01 
343 138 267.01 
343 179 306.01 
343 202 283.01 
343 388 288.01 
343 391 315.01 
343 472 306.01 
343 475 318.01 
343 480 285.01 
343 488 274.01 
343 497 286.01 
343 499 295.01 
402 155 268.01 
402 179 280.01 
402 217 290.01 
402 294 309.01 
402 379 295.01 
402 465 282.01 
402 480 276.01 
402 483 268.01 
402 488 289.01 
402 496 266.01 
402 499 271.01 
453 65 276.01 
453 105 276.01 
453 127 261.01 
453 129 286.01 
453 165 256.01 
453 186 297.01 
453 245 316.01 
453 289 307.01 
453 321 320.01 
453 393 276.01 
453 463 320.01 
21 82 270.01 
21 115 269.01 
21 219 292.01 
21 278 324.01 
21 373 261.01 
21 406 318.01 
21 410 294.01 
21 468 314.01 
21 471 287.01 
21 481 276.01 
21 494 258.01 
21 495 288.01 
219 39 284.01 
219 154 269.01 
219 304 295.01 
219 370 283.01 
219 396 279.01 
219 399 294.01 
219 403 274.01 
219 469 277.01 
219 480 294.01 
219 490 303.01 
219 492 342.01 
219 494 323.01 
278 39 275.01 
278 66 287.01 
278 267 281.01 
278 281 296.01 
278 325 244.01 
278 408 267.01 
278 454 274.01 
278 460 299.01 
278 473 298.01 
278 481 273.01 
278 484 279.01 
278 499 270.01 
373 236 313.01 
373 323 298.01 
373 329 298.01 
373 421 261.01 
373 437 302.01 
373 454 280.01 
373 468 277.01 
373 471 294.01 
373 485 309.01 
373 492 284.01 
373 494 324.01 
406 211 258.01 
406 330 273.01 
406 340 288.01 
406 346 281.01 
406 358 284.01 
406 365 298.01 
406 443 315.01 
406 465 283.01 
406 479 291.01 
406 485 261.01 
406 498 287.01 
410 155 276.01 
410 206 279.01 
410 219 297.01 
410 266 281.01 
410 284 269.01 
410 285 284.01 
410 360 257.01 
410 393 247.01 
410 482 296.01 
410 491 291.01 
410 499 252.01 
22 20 317.01 
22 239 292.01 
22 267 303.01 
22 329 276.01 
22 335 308.01 
22 338 282.01 
22 373 302.01 
22 483 270.01 
22 494 282.01 
22 496 282.01 
22 497 280.01 
22 498 296.01 
239 1 297.01 
239 60 281.01 
239 215 304.01 
239 293 270.01 
239 309 305.01 
239 343 258.01 
239 390 288.01 
239 421 267.01 
239 438 278.01 
239 493 312.01 
239 495 306.01 
239 499 257.01 
267 141 275.01 
267 308 292.01 
267 350 288.01 
267 394 280.01 
267 400 292.01 
267 411 294.01 
267 429 277.01 
267 456 295.01 
267 457 303.01 
267 471 311.01 
267 482 335.01 
267 496 278.01 
329 46 304.01 
329 114 250.01 
329 151 310.01 
329 248 273.01 
329 353 279.01 
329 407 275.01 
329 447 285.01 
329 481 262.01 
329 483 298.01 
329 490 263.01 
329 496 283.01 
329 499 281.01 
335 16 272.01 
335 83 298.01 
335 135 261.01 
335 136 263.01 
335 233 277.01 
335 262 262.01 
335 329 279.01 
335 379 257.01 
335 436 302.01 
335 443 263.01 
335 472 246.01 
335 499 308.01 
338 33 246.01 
338 256 274.01 
338 312 285.01 
338 335 304.01 
338 379 288.01 
338 416 290.01 
338 424 279.01 
338 472 280.01 
338 473 274.01 
338 491 253.01 
338 498 297.01 
338 499 262.01 
23 8 266.01 
23 97 259.01 
23 313 295.01 
23 336 317.01 
23 404 305.01 
23 438 301.01 
23 450 298.01 
23 454 270.01 
23 484 298.01 
23 488 248.01 
23 492 312.01 
23 499 279.01 
97 18 285.01 
97 168 284.01 
97 191 286.01 
97 333 283.01 
97 466 282.01 
97 483 305.01 
97 485 268.01 
97 487 287.01 
97 491 273.01 
97 493 312.01 
97 495 270.01 
97 496 309.01 
313 22 289.01 
313 83 300.01 
313 402 290.01 
313 419 309.01 
313 446 249.01 
313 481 298.01 
313 483 274.01 
313 494 301.01 
313 495 278.01 
313 496 288.01 
313 497 302.01 
313 498 291.01 
336 27 307.01 
336 31 251.01 
336 48 304.01 
336 164 293.01 
336 232 307.01 
336 265 285.01 
336 267 277.01 
336 280 274.01 
336 339 298.01 
336 487 308.01 
336 491 288.01 
336 496 301.01 
24 77 318.01 
24 245 304.01 
24 362 317.01 
24 371 257.01 
24 381 313.01 
24 432 282.01 
24 453 264.01 
24 480 284.01 
24 492 295.01 
24 495 269.01 
24 497 294.01 
24 499 289.01 
77 16 288.01 
77 65 266.01 
77 78 300.01 
77 97 280.01 
77 195 276.01 
77 412 261.01 
77 483 267.01 
77 490 294.01 
77 496 279.01 
77 497 258.01 
77 498 284.01 
77 499 274.01 
245 28 273.01 
245 110 300.01 
245 252 268.01 
245 431 303.01 
245 434 278.01 
245 448 303.01 
245 449 312.01 
245 481 289.01 
245 483 307.01 
245 487 305.01 
245 488 289.01 
245 494 308.01 
362 58 277.01 
362 109 279.01 
362 126 282.01 
362 166 272.01 
362 388 276.01 
362 428 277.01 
362 449 274.01 
362 476 261.01 
362 477 286.01 
362 489 271.01 
362 498 294.01 
371 10 293.01 
371 99 277.01 
371 159 260.01 
371 238 270.01 
371 258 303.01 
371 397 270.01 
371 410 286.01 
371 489 262.01 
371 495 284.01 
371 498 266.01 
371 499 262.01 
432 90 259.01 
432 176 289.01 
432 199 257.01 
432 342 301.01 
432 401 256.01 
432 412 302.01 
432 436 274.01 
432 443 305.01 
432 472 276.01 
432 492 289.01 
432 495 259.01 
25 140 288.01 
25 220 320.01 
25 261 324.01 
25 370 283.01 
25 374 272.01 
25 384 269.01 
25 415 209.01 
25 433 301.01 
25 444 322.01 
25 485 295.01 
25 486 292.01 
25 494 308.01 
140 63 287.01 
140 137 275.01 
140 182 291.01 
140 228 263.01 
140 251 295.01 
140 278 277.01 
140 287 297.01 
140 297 254.01 
140 395 284.01 
140 396 273.01 
140 464 278.01 
140 495 303.01 
261 13 272.01 
261 135 280.01 
261 224 272.01 
261 286 288.01 
261 321 301.01 
261 357 275.01 
261 362 295.01 
261 427 272.01 
261 440 289.01 
261 489 281.01 
261 497 294.01 
261 498 287.01 
370 15 301.01 
370 322 274.01 
370 345 275.01 
370 401 269.01 
370 412 293.01 
370 433 297.01 
370 435 311.01 
370 473 280.01 
370 474 298.01 
370 491 309.01 
370 492 300.01 
374 179 291.01 
374 289 272.01 
374 349 281.01 
374 370 285.01 
374 444 298.01 
374 454 261.01 
374 485 292.01 
374 486 284.01 
374 487 272.01 
374 496 316.01 
374 499 291.01 
384 94 283.01 
384 125 290.01 
384 199 299.01 
384 211 304.01 
384 336 302.01 
384 337 269.01 
384 388 280.01 
384 391 277.01 
384 488 280.01 
384 497 266.01 
384 498 261.01 
415 143 270.01 
415 199 269.01 
415 256 274.01 
415 275 301.01 
415 315 253.01 
415 331 289.01 
415 471 308.01 
415 474 270.01 
415 489 255.01 
415 497 278.01 
415 499 248.01 
433 150 293.01 
433 251 320.01 
433 262 270.01 
433 395 260.01 
433 427 310.01 
433 435 280.01 
433 463 281.01 
433 465 286.01 
433 479 291.01 
433 486 287.01 
433 491 282.01 
26 9 276.01 
26 225 287.01 
26 230 266.01 
26 243 276.01 
26 251 285.01 
26 294 290.01 
26 425 312.01 
26 435 294.01 
26 438 266.01 
26 449 312.01 
26 478 266.01 
26 494 305.01 
230 14 284.01 
230 159 298.01 
230 371 279.01 
230 419 297.01 
230 422 273.01 
230 440 301.01 
230 471 299.01 
230 484 278.01 
230 485 306.01 
230 492 289.01 
230 498 323.01 
230 499 296.01 
243 10 296.01 
243 19 295.01 
243 122 292.01 
243 171 275.01 
243 354 284.01 
243 392 323.01 
243 424 273.01 
243 447 304.01 
243 452 289.01 
243 466 283.01 
243 470 296.01 
243 499 322.01 
251 89 279.01 
251 127 276.01 
251 188 300.01 
251 196 293.01 
251 200 262.01 
251 240 301.01 
251 241 314.01 
251 282 293.01 
251 296 280.01 
251 340 270.01 
251 394 279.01 
251 498 280.01 
294 283 284.01 
294 377 302.01 
294 399 282.01 
294 409 286.01 
294 412 286.01 
294 435 305.01 
294 440 300.01 
294 458 271.01 
294 465 264.01 
294 468 331.01 
294 498 298.01 
294 499 259.01 
449 14 277.01 
449 128 280.01 
449 145 297.01 
449 314 290.01 
449 320 299.01 
449 467 282.01 
449 470 291.01 
449 474 285.01 
449 476 264.01 
449 497 287.01 
449 498 305.01 
27 147 296.01 
27 163 288.01 
27 188 293.01 
27 273 312.01 
27 373 295.01 
27 468 311.01 
27 477 305.01 
27 480 307.01 
27 491 289.01 
27 496 308.01 
27 497 280.01 
27 499 292.01 
163 91 230.01 
163 128 285.01 
163 187 268.01 
163 313 270.01 
163 327 278.01 
163 393 266.01 
163 430 278.01 
163 447 284.01 
163 454 304.01 
163 473 303.01 
163 479 297.01 
163 496 278.01 
188 175 271.01 
188 192 295.01 
188 203 283.01 
188 221 270.01 
188 240 290.01 
188 253 263.01 
188 318 288.01 
188 381 279.01 
188 443 257.01 
188 484 281.01 
188 497 259.01 
188 498 291.01 
273 23 291.01 
273 53 268.01 
273 60 278.01 
273 88 296.01 
273 99 278.01 
273 207 298.01 
273 225 273.01 
273 407 282.01 
273 444 272.01 
273 484 317.01 
273 493 328.01 
273 494 275.01 
28 1 296.01 
28 15 285.01 
28 108 292.01 
28 207 302.01 
28 340 300.01 
28 380 285.01 
28 403 306.01 
28 447 303.01 
28 475 287.01 
28 488 283.01 
28 492 271.01 
28 497 278.01 
108 1 287.01 
108 67 255.01 
108 207 305.01 
108 273 294.01 
108 396 270.01 
108 417 262.01 
108 426 287.01 
108 454 273.01 
108 455 265.01 
108 478 283.01 
108 481 296.01 
108 497 283.01 
207 75 271.01 
207 145 285.01 
207 231 298.01 
207 295 277.01 
207 430 287.01 
207 457 250.01 
207 466 272.01 
207 476 257.01 
207 484 272.01 
207 487 276.01 
207 493 292.01 
207 496 234.01 
403 131 283.01 
403 227 299.01 
403 258 290.01 
403 266 289.01 
403 329 292.01 
403 341 275.01 
403 428 282.01 
403 490 288.01 
403 492 273.01 
403 497 285.01 
403 498 280.01 
447 18 281.01 
447 138 274.01 
447 162 264.01 
447 164 279.01 
447 291 303.01 
447 469 262.01 
447 480 275.01 
447 495 279.01 
447 497 287.01 
447 498 265.01 
447 499 279.01 
29 44 301.01 
29 156 289.01 
29 194 316.01 
29 276 294.01 
29 300 312.01 
29 316 303.01 
29 320 288.01 
29 375 294.01 
29 464 291.01 
29 471 327.01 
29 488 294.01 
29 489 299.01 
44 69 286.01 
44 91 265.01 
44 134 271.01 
44 186 280.01 
44 310 289.01 
44 331 302.01 
44 343 282.01 
44 376 273.01 
44 382 306.01 
44 480 269.01 
44 481 269.01 
44 499 270.01 
156 29 279.01 
156 170 266.01 
156 193 296.01 
156 290 318.01 
156 305 298.01 
156 320 301.01 
156 326 293.01 
156 360 273.01 
156 367 306.01 
156 406 284.01 
156 459 312.01 
156 476 276.01 
194 256 273.01 
194 380 295.01 
194 383 311.01 
194 407 272.01 
194 446 286.01 
194 463 272.01 
194 481 285.01 
194 483 267.01 
194 486 296.01 
194 488 271.01 
194 492 286.01 
194 499 295.01 
276 183 296.01 
276 197 253.01 
276 203 267.01 
276 245 305.01 
276 319 287.01 
276 394 298.01 
276 402 261.01 
276 419 282.01 
276 461 306.01 
276 483 318.01 
276 490 301.01 
276 494 300.01 
300 64 303.01 
300 185 271.01 
300 306 295.01 
300 403 318.01 
300 425 269.01 
300 481 320.01 
300 490 259.01 
300 492 323.01 
300 494 299.01 
300 496 285.01 
300 498 268.01 
300 499 307.01 
316 60 277.01 
316 106 249.01 
316 276 295.01 
316 325 296.01 
316 345 307.01 
316 406 259.01 
316 460 267.01 
316 475 297.01 
316 487 281.01 
316 488 279.01 
316 490 293.01 
316 491 273.01 
320 120 262.01 
320 132 312.01 
320 145 319.01 
320 385 294.01 
320 403 280.01 
320 419 280.01 
320 429 282.01 
320 441 278.01 
320 466 275.01 
320 495 286.01 
320 497 269.01 
320 499 283.01 
375 102 313.01 
375 220 278.01 
375 293 291.01 
375 307 292.01 
375 317 297.01 
375 431 304.01 
375 458 294.01 
375 477 304.01 
375 486 251.01 
375 491 278.01 
375 493 283.01 
30 187 312.01 
30 229 291.01 
30 311 306.01 
30 339 261.01 
30 362 283.01 
30 393 295.01 
30 443 287.01 
30 445 253.01 
30 492 287.01 
30 493 292.01 
30 495 271.01 
30 499 289.01 
187 14 295.01 
187 25 291.01 
187 49 282.01 
187 281 285.01 
187 395 281.01 
187 411 237.01 
187 441 261.01 
187 467 252.01 
187 479 279.01 
187 484 299.01 
187 497 280.01 
187 498 291.01 
229 36 278.01 
229 228 276.01 
229 264 275.01 
229 371 292.01 
229 440 281.01 
229 447 266.01 
229 485 302.01 
229 488 295.01 
229 489 292.01 
229 492 294.01 
229 494 294.01 
229 495 302.01 
311 79 287.01 
311 224 269.01 
311 231 263.01 
311 330 282.01 
311 419 251.01 
311 420 277.01 
311 430 276.01 
311 431 294.01 
311 481 283.01 
311 484 300.01 
311 495 279.01 
311 499 274.01 
339 21 263.01 
339 137 303.01 
339 178 304.01 
339 191 292.01 
339 288 275.01 
339 310 292.01 
339 382 286.01 
339 408 275.01 
339 447 305.01 
339 459 271.01 
339 495 283.01 
339 498 297.01 
393 6 286.01 
393 37 321.01 
393 78 296.01 
393 126 291.01 
393 272 266.01 
393 308 293.01 
393 341 256.01 
393 356 253.01 
393 362 293.01 
393 414 297.01 
393 490 263.01 
31 195 256.01 
31 275 307.01 
31 280 305.01 
31 364 288.01 
31 385 279.01 
31 402 282.01 
31 405 311.01 
31 445 311.01 
31 456 272.01 
31 466 283.01 
31 496 270.01 
31 499 285.01 
195 55 287.01 
195 81 289.01 
195 263 297.01 
195 317 311.01 
195 449 295.01 
195 455 289.01 
195 457 288.01 
195 465 286.01 
195 495 274.01 
195 496 270.01 
195 497 281.01 
195 499 291.01 
275 123 287.01 
275 137 280.01 
275 378 300.01 
275 390 292.01 
275 396 299.01 
275 397 274.01 
275 457 273.01 
275 466 290.01 
275 469 251.01 
275 477 285.01 
275 479 270.01 
275 495 286.01 
364 38 303.01 
364 143 310.01 
364 258 259.01 
364 378 304.01 
364 412 290.01 
364 440 301.01 
364 457 284.01 
364 475 266.01 
364 483 287.01 
364 491 292.01 
364 496 273.01 
466 15 264.01 
466 27 284.01 
466 49 323.01 
466 88 305.01 
466 189 290.01 
466 203 268.01 
466 314 302.01 
466 419 248.01 
466 442 303.01 
466 450 261.01 
466 482 262.01 
32 74 258.01 
32 98 307.01 
32 289 293.01 
32 326 285.01 
32 334 294.01 
32 401 263.01 
32 457 273.01 
32 475 281.01 
32 487 302.01 
32 489 298.01 
32 491 297.01 
32 499 278.01 
74 7 292.01 
74 393 280.01 
74 394 294.01 
74 406 292.01 
74 428 275.01 
74 436 286.01 
74 437 266.01 
74 448 286.01 
74 464 246.01 
74 482 282.01 
74 497 279.01 
74 498 280.01 
98 3 285.01 
98 22 268.01 
98 71 272.01 
98 276 294.01 
98 336 315.01 
98 358 266.01 
98 398 278.01 
98 457 307.01 
98 469 288.01 
98 491 275.01 
98 494 287.01 
98 496 295.01 
326 25 303.01 
326 71 298.01 
326 114 237.01 
326 155 303.01 
326 261 298.01 
326 300 281.01 
326 313 252.01 
326 335 275.01 
326 408 305.01 
326 458 292.01 
326 486 296.01 
326 489 279.01 
334 174 270.01 
334 180 294.01 
334 342 270.01 
334 359 292.01 
334 362 279.01 
334 387 274.01 
334 395 302.01 
334 397 272.01 
334 448 311.01 
334 457 270.01 
334 489 276.01 
334 498 285.01 
33 51 286.01 
33 81 278.01 
33 242 288.01 
33 244 286.01 
33 283 254.01 
33 439 271.01 
33 451 282.01 
33 458 295.01 
33 461 299.01 
33 492 282.01 
33 496 261.01 
33 499 268.01 
51 152 281.01 
51 301 286.01 
51 324 294.01 
51 386 268.01 
51 424 296.01 
51 447 335.01 
51 460 289.01 
51 468 287.01 
51 472 271.01 
51 479 327.01 
51 493 291.01 
51 499 284.01 
81 35 298.01 
81 75 336.01 
81 161 290.01 
81 231 299.01 
81 236 282.01 
81 398 279.01 
81 401 258.01 
81 403 291.01 
81 489 292.01 
81 493 305.01 
81 496 277.01 
81 499 302.01 
242 12 273.01 
242 70 297.01 
242 275 272.01 
242 286 292.01 
242 415 305.01 
242 437 264.01 
242 438 283.01 
242 456 272.01 
242 461 293.01 
242 476 301.01 
242 495 256.01 
242 499 282.01 
244 30 309.01 
244 223 296.01 
244 326 295.01 
244 338 304.01 
244 420 297.01 
244 442 315.01 
244 453 267.01 
244 456 268.01 
244 475 299.01 
244 480 322.01 
244 496 295.01 
244 499 306.01 
283 170 298.01 
283 197 299.01 
283 299 278.01 
283 346 280.01 
283 377 315.01 
283 402 285.01 
283 405 276.01 
283 406 274.01 
283 435 258.01 
283 468 316.01 
283 488 279.01 
283 498 300.01 
197 112 287.01 
197 236 281.01 
197 250 283.01 
197 265 271.01 
197 300 286.01 
197 306 266.01 
197 445 252.01 
197 477 273.01 
197 488 267.01 
197 496 270.01 
197 497 280.01 
197 498 286.01 
201 28 286.01 
201 79 297.01 
201 140 282.01 
201 289 306.01 
201 320 289.01 
201 422 295.01 
201 440 251.01 
201 442 297.01 
201 455 291.01 
201 484 299.01 
201 485 298.01 
201 494 289.01 
204 121 309.01 
204 138 264.01 
204 140 286.01 
204 212 272.01 
204 290 317.01 
204 315 278.01 
204 401 297.01 
204 408 304.01 
204 416 288.01 
204 442 294.01 
204 490 273.01 
204 491 302.01 
233 244 285.01 
233 271 266.01 
233 302 276.01 
233 388 284.01 
233 411 305.01 
233 456 280.01 
233 473 276.01 
233 488 263.01 
233 490 286.01 
233 492 271.01 
233 496 259.01 
233 498 275.01 
352 36 269.01 
352 46 318.01 
352 84 310.01 
352 191 295.01 
352 212 265.01 
352 221 309.01 
352 272 282.01 
352 351 301.01 
352 361 309.01 
352 433 294.01 
352 478 270.01 
352 490 288.01 
35 32 228.01 
35 40 280.01 
35 59 267.01 
35 82 263.01 
35 87 280.01 
35 302 273.01 
35 330 263.01 
35 348 274.01 
35 476 252.01 
35 489 261.01 
35 491 272.01 
35 499 267.01 
40 50 307.01 
40 288 272.01 
40 408 280.01 
40 416 274.01 
40 432 304.01 
40 437 272.01 
40 458 274.01 
40 473 290.01 
40 478 278.01 
40 482 265.01 
40 494 309.01 
40 499 293.01 
87 7 269.01 
87 146 298.01 
87 291 321.01 
87 299 300.01 
87 405 281.01 
87 434 282.01 
87 469 311.01 
87 478 290.01 
87 484 269.01 
87 490 264.01 
87 492 292.01 
87 499 289.01 
330 98 276.01 
330 106 278.01 
330 177 274.01 
330 227 299.01 
330 318 286.01 
330 338 302.01 
330 389 314.01 
330 416 270.01 
330 433 299.01 
330 436 273.01 
330 461 293.01 
330 499 268.01 
308 52 297.01 
308 66 271.01 
308 216 288.01 
308 237 301.01 
308 408 297.01 
308 432 262.01 
308 447 318.01 
308 453 273.01 
308 467 295.01 
308 491 274.01 
308 492 279.01 
308 495 297.01 
367 153 289.01 
367 169 286.01 
367 278 291.01 
367 284 285.01 
367 334 270.01 
367 360 284.01 
367 413 298.01 
367 443 279.01 
367 482 253.01 
367 486 299.01 
367 499 282.01 
409 136 262.01 
409 364 271.01 
409 390 298.01 
409 414 293.01 
409 416 265.01 
409 426 267.01 
409 458 254.01 
409 462 273.01 
409 469 268.01 
409 472 274.01 
409 484 255.01 
418 41 301.01 
418 147 282.01 
418 253 278.01 
418 301 291.01 
418 344 288.01 
418 345 291.01 
418 423 278.01 
418 431 292.01 
418 435 304.01 
418 484 267.01 
418 498 269.01 
37 35 280.01 
37 98 279.01 
37 105 318.01 
37 211 278.01 
37 327 283.01 
37 437 314.01 
37 458 285.01 
37 462 293.01 
37 466 278.01 
37 492 294.01 
37 495 304.01 
37 496 272.01 
211 80 280.01 
211 214 282.01 
211 270 287.01 
211 320 263.01 
211 324 301.01 
211 423 285.01 
211 461 284.01 
211 466 282.01 
211 470 307.01 
211 486 300.01 
211 487 294.01 
211 498 302.01 
327 83 303.01 
327 157 277.01 
327 167 322.01 
327 229 264.01 
327 240 270.01 
327 292 293.01 
327 313 302.01 
327 336 299.01 
327 396 299.01 
327 488 287.01 
327 496 297.01 
327 498 286.01 
462 46 287.01 
462 63 297.01 
462 129 298.01 
462 168 276.01 
462 223 295.01 
462 340 284.01 
462 365 303.01 
462 434 300.01 
462 475 286.01 
462 492 297.01 
462 496 300.01 
38 32 266.01 
38 63 265.01 
38 163 273.01 
38 213 276.01 
38 305 294.01 
38 457 298.01 
38 462 307.01 
38 481 304.01 
38 483 258.01 
38 491 277.01 
38 496 316.01 
38 497 272.01 
63 238 281.01 
63 273 297.01 
63 311 275.01 
63 369 269.01 
63 373 278.01 
63 383 286.01 
63 406 298.01 
63 418 280.01 
63 448 298.01 
63 475 275.01 
63 487 297.01 
63 499 291.01 
213 31 284.01 
213 221 309.01 
213 377 278.01 
213 437 289.01 
213 441 284.01 
213 444 280.01 
213 456 302.01 
213 457 281.01 
213 471 280.01 
213 480 308.01 
213 496 291.01 
213 499 292.01 
305 34 277.01 
305 87 292.01 
305 136 274.01 
305 175 281.01 
305 218 303.01 
305 234 298.01 
305 279 295.01 
305 335 290.01 
305 336 308.01 
305 372 310.01 
305 451 289.01 
305 496 268.01 
39 273 286.01 
39 278 284.01 
39 302 301.01 
39 353 277.01 
39 376 270.01 
39 406 304.01 
39 421 264.01 
39 485 285.01 
39 492 276.01 
39 493 271.01 
39 497 277.01 
39 498 278.01 
353 175 292.01 
353 225 287.01 
353 251 322.01 
353 288 278.01 
353 303 298.01 
353 391 303.01 
353 393 259.01 
353 439 298.01 
353 469 295.01 
353 488 271.01 
353 496 289.01 
353 499 280.01 
288 47 276.01 
288 63 270.01 
288 212 301.01 
288 220 276.01 
288 222 286.01 
288 227 272.01 
288 330 268.01 
288 345 290.01 
288 398 291.01 
288 475 274.01 
288 493 282.01 
288 499 286.01 
408 136 288.01 
408 211 284.01 
408 284 302.01 
408 339 290.01 
408 371 295.01 
408 399 267.01 
408 400 317.01 
408 412 276.01 
408 477 311.01 
408 495 291.01 
408 499 276.01 
416 19 298.01 
416 21 296.01 
416 109 263.01 
416 113 265.01 
416 134 268.01 
416 275 298.01 
416 328 286.01 
416 352 289.01 
416 426 296.01 
416 439 284.01 
416 486 287.01 
41 47 297.01 
41 70 285.01 
41 118 282.01 
41 180 292.01 
41 378 296.01 
41 403 317.01 
41 489 288.01 
41 492 289.01 
41 495 275.01 
41 497 280.01 
41 498 301.01 
41 499 273.01 
47 186 301.01 
47 205 334.01 
47 270 307.01 
47 282 280.01 
47 287 294.01 
47 297 291.01 
47 318 313.01 
47 389 289.01 
47 418 273.01 
47 487 290.01 
47 498 278.01 
47 499 271.01 
70 102 296.01 
70 188 289.01 
70 218 279.01 
70 255 289.01 
70 308 282.01 
70 326 295.01 
70 350 309.01 
70 378 280.01 
70 440 308.01 
70 466 286.01 
70 484 289.01 
70 498 298.01 
118 85 272.01 
118 130 291.01 
118 133 272.01 
118 163 293.01 
118 258 285.01 
118 362 264.01 
118 365 282.01 
118 458 284.01 
118 487 287.01 
118 497 275.01 
118 498 284.01 
118 499 313.01 
180 42 300.01 
180 366 287.01 
180 384 282.01 
180 392 286.01 
180 460 293.01 
180 464 296.01 
180 474 292.01 
180 477 299.01 
180 481 286.01 
180 486 301.01 
180 487 300.01 
180 493 292.01 
378 9 295.01 
378 159 289.01 
378 307 263.01 
378 328 282.01 
378 342 287.01 
378 450 288.01 
378 459 291.01 
378 487 276.01 
378 491 293.01 
378 497 285.01 
378 498 268.01 
42 71 295.01 
42 246 263.01 
42 282 292.01 
42 307 288.01 
42 333 311.01 
42 338 307.01 
42 353 290.01 
42 357 278.01 
42 386 286.01 
42 424 296.01 
42 482 273.01 
42 496 276.01 
71 32 263.01 
71 48 260.01 
71 271 306.01 
71 290 280.01 
71 319 300.01 
71 366 260.01 
71 381 307.01 
71 453 282.01 
71 458 267.01 
71 467 273.01 
71 476 285.01 
71 493 299.01 
246 88 298.01 
246 167 282.01 
246 229 259.01 
246 387 282.01 
246 417 270.01 
246 458 285.01 
246 461 304.01 
246 474 283.01 
246 488 295.01 
246 489 264.01 
246 493 285.01 
246 497 257.01 
282 46 291.01 
282 162 275.01 
282 210 260.01 
282 348 278.01 
282 397 284.01 
282 415 260.01 
282 447 286.01 
282 475 273.01 
282 482 261.01 
282 491 288.01 
282 495 261.01 
282 498 275.01 
307 163 304.01 
307 300 270.01 
307 377 292.01 
307 379 262.01 
307 385 254.01 
307 399 265.01 
307 430 279.01 
307 441 277.01 
307 458 293.01 
307 473 285.01 
307 492 276.01 
307 497 285.01 
333 117 273.01 
333 119 256.01 
333 296 320.01 
333 304 304.01 
333 369 278.01 
333 424 244.01 
333 437 296.01 
333 477 287.01 
333 478 307.01 
333 495 273.01 
333 497 266.01 
333 498 328.01 
357 152 258.01 
357 238 292.01 
357 347 278.01 
357 351 293.01 
357 365 296.01 
357 382 299.01 
357 391 279.01 
357 455 291.01 
357 468 306.01 
357 476 282.01 
357 498 285.01 
357 499 314.01 
386 6 268.01 
386 86 287.01 
386 108 272.01 
386 117 269.01 
386 126 266.01 
386 160 273.01 
386 206 313.01 
386 222 280.01 
386 433 305.01 
386 445 288.01 
386 480 281.01 
424 0 272.01 
424 30 296.01 
424 40 292.01 
424 81 319.01 
424 237 290.01 
424 300 252.01 
424 357 303.01 
424 449 294.01 
424 461 303.01 
424 497 302.01 
424 499 296.01 
43 45 284.01 
43 83 301.01 
43 89 277.01 
43 100 287.01 
43 117 250.01 
43 165 290.01 
43 204 299.01 
43 343 275.01 
43 418 297.01 
43 458 277.01 
43 472 289.01 
43 491 294.01 
45 31 256.01 
45 163 278.01 
45 237 291.01 
45 364 300.01 
45 413 310.01 
45 427 262.01 
45 460 317.01 
45 462 306.01 
45 466 264.01 
45 496 284.01 
45 498 294.01 
45 499 261.01 
83 7 289.01 
83 45 279.01 
83 133 283.01 
83 150 270.01 
83 334 272.01 
83 393 276.01 
83 407 280.01 
83 458 307.01 
83 480 313.01 
83 483 288.01 
83 490 259.01 
83 496 263.01 
89 115 275.01 
89 167 271.01 
89 230 269.01 
89 309 267.01 
89 319 279.01 
89 370 287.01 
89 427 268.01 
89 439 310.01 
89 453 281.01 
89 456 272.01 
89 489 295.01 
89 495 260.01 
100 61 290.01 
100 173 251.01 
100 194 310.01 
100 204 276.01 
100 227 270.01 
100 255 307.01 
100 361 286.01 
100 385 284.01 
100 440 254.01 
100 491 282.01 
100 498 287.01 
100 499 283.01 
117 267 262.01 
117 322 271.01 
117 346 281.01 
117 357 295.01 
117 364 280.01 
117 366 256.01 
117 391 298.01 
117 399 282.01 
117 427 283.01 
117 465 308.01 
117 486 264.01 
117 490 275.01 
165 183 280.01 
165 234 270.01 
165 242 300.01 
165 318 275.01 
165 375 268.01 
165 397 272.01 
165 461 306.01 
165 462 299.01 
165 475 280.01 
165 492 268.01 
165 498 283.01 
165 499 268.01 
69 41 290.01 
69 133 277.01 
69 175 280.01 
69 187 305.01 
69 255 301.01 
69 285 275.01 
69 405 277.01 
69 468 299.01 
69 479 270.01 
69 484 298.01 
69 498 302.01 
69 499 283.01 
91 68 291.01 
91 243 263.01 
91 270 275.01 
91 400 283.01 
91 444 284.01 
91 451 274.01 
91 452 292.01 
91 459 289.01 
91 476 266.01 
91 477 310.01 
91 492 287.01 
91 496 306.01 
134 9 282.01 
134 20 311.01 
134 140 256.01 
134 280 296.01 
134 287 283.01 
134 298 319.01 
134 328 298.01 
134 434 299.01 
134 466 276.01 
134 469 272.01 
134 485 294.01 
134 498 283.01 
186 24 303.01 
186 56 261.01 
186 156 304.01 
186 329 296.01 
186 443 284.01 
186 445 314.01 
186 447 273.01 
186 449 275.01 
186 471 287.01 
186 496 293.01 
186 497 303.01 
186 498 271.01 
310 91 288.01 
310 128 278.01 
310 210 309.01 
310 223 297.01 
310 306 287.01 
310 317 296.01 
310 336 310.01 
310 408 307.01 
310 460 268.01 
310 485 315.01 
310 491 287.01 
310 496 294.01 
331 100 280.01 
331 115 265.01 
331 221 321.01 
331 224 290.01 
331 234 287.01 
331 384 324.01 
331 400 266.01 
331 461 296.01 
331 474 284.01 
331 482 295.01 
331 497 307.01 
331 499 246.01 
382 84 295.01 
382 193 310.01 
382 233 288.01 
382 348 288.01 
382 406 289.01 
382 459 289.01 
382 467 292.01 
382 472 314.01 
382 487 287.01 
382 493 278.01 
382 499 297.01 
237 336 287.01 
237 416 282.01 
237 417 271.01 
237 436 272.01 
237 452 262.01 
237 483 257.01 
237 484 282.01 
237 489 286.01 
237 495 282.01 
237 496 287.01 
237 498 294.01 
237 499 320.01 
427 2 287.01 
427 303 275.01 
427 387 281.01 
427 389 283.01 
427 397 294.01 
427 443 304.01 
427 470 283.01 
427 473 253.01 
427 476 334.01 
427 497 273.01 
427 498 278.01 
46 140 312.01 
46 145 306.01 
46 240 286.01 
46 261 310.01 
46 384 281.01 
46 421 264.01 
46 467 270.01 
46 470 306.01 
46 491 289.01 
46 493 301.01 
46 496 254.01 
46 498 290.01 
145 85 287.01 
145 205 302.01 
145 302 292.01 
145 329 272.01 
145 357 284.01 
145 377 289.01 
145 405 311.01 
145 453 290.01 
145 466 309.01 
145 481 295.01 
145 495 297.01 
145 498 281.01 
240 252 310.01 
240 260 279.01 
240 333 272.01 
240 387 297.01 
240 406 330.01 
240 417 280.01 
240 469 297.01 
240 478 301.01 
240 479 282.01 
240 497 277.01 
240 498 270.01 
240 499 263.01 
467 16 269.01 
467 23 275.01 
467 94 250.01 
467 131 284.01 
467 245 305.01 
467 272 303.01 
467 306 289.01 
467 374 302.01 
467 452 272.01 
467 492 286.01 
467 499 289.01 
470 211 283.01 
470 294 306.01 
470 328 291.01 
470 396 261.01 
470 403 275.01 
470 405 304.01 
470 446 290.01 
470 448 274.01 
470 478 253.01 
470 496 292.01 
470 498 293.01 
205 144 281.01 
205 204 251.01 
205 268 313.01 
205 322 288.01 
205 410 274.01 
205 411 296.01 
205 445 286.01 
205 448 292.01 
205 470 295.01 
205 477 249.01 
205 497 295.01 
205 498 254.01 
287 106 286.01 
287 341 287.01 
287 404 317.01 
287 410 287.01 
287 442 281.01 
287 457 278.01 
287 462 293.01 
287 464 257.01 
287 474 308.01 
287 481 274.01 
287 492 280.01 
287 497 298.01 
297 21 296.01 
297 27 272.01 
297 104 279.01 
297 206 306.01 
297 290 312.01 
297 358 290.01 
297 359 280.01 
297 360 306.01 
297 429 303.01 
297 484 321.01 
297 487 297.01 
297 497 282.01 
318 12 288.01 
318 25 284.01 
318 208 294.01 
318 239 306.01 
318 262 294.01 
318 320 274.01 
318 412 313.01 
318 440 317.01 
318 490 286.01 
318 495 255.01 
318 498 290.01 
318 499 275.01 
389 78 266.01 
389 107 266.01 
389 232 309.01 
389 269 286.01 
389 333 288.01 
389 455 268.01 
389 479 287.01 
389 484 310.01 
389 496 289.01 
389 497 263.01 
389 498 277.01 
48 118 265.01 
48 282 302.01 
48 294 282.01 
48 399 273.01 
48 414 264.01 
48 449 281.01 
48 461 292.01 
48 479 308.01 
48 481 267.01 
48 486 276.01 
48 496 277.01 
48 498 297.01 
49 127 278.01 
49 261 294.01 
49 277 290.01 
49 292 305.01 
49 352 274.01 
49 384 275.01 
49 441 279.01 
49 471 279.01 
49 473 304.01 
49 490 287.01 
49 491 299.01 
49 495 291.01 
160 67 280.01 
160 88 315.01 
160 119 295.01 
160 247 270.01 
160 273 313.01 
160 327 300.01 
160 361 301.01 
160 444 277.01 
160 485 291.01 
160 491 296.01 
160 496 321.01 
160 499 282.01 
214 52 279.01 
214 134 276.01 
214 232 278.01 
214 313 264.01 
214 363 274.01 
214 398 291.01 
214 467 267.01 
214 481 266.01 
214 486 277.01 
214 490 267.01 
214 495 278.01 
214 498 250.01 
347 18 295.01 
347 39 280.01 
347 50 289.01 
347 205 287.01 
347 325 289.01 
347 363 284.01 
347 404 297.01 
347 470 297.01 
347 478 288.01 
347 482 286.01 
347 495 290.01 
347 498 259.01 
324 127 244.01 
324 149 298.01 
324 209 304.01 
324 285 276.01 
324 391 275.01 
324 422 312.01 
324 470 294.01 
324 479 302.01 
324 483 295.01 
324 485 289.01 
324 492 282.01 
324 497 323.01 
52 151 311.01 
52 207 291.01 
52 272 284.01 
52 324 298.01 
52 334 280.01 
52 385 279.01 
52 388 296.01 
52 459 273.01 
52 484 294.01 
52 485 281.01 
52 494 307.01 
52 496 277.01 
151 169 279.01 
151 171 264.01 
151 232 272.01 
151 266 264.01 
151 453 256.01 
151 455 261.01 
151 467 294.01 
151 475 283.01 
151 483 261.01 
151 490 267.01 
151 496 254.01 
151 499 283.01 
272 78 279.01 
272 148 299.01 
272 228 268.01 
272 308 298.01 
272 326 306.01 
272 332 297.01 
272 359 276.01 
272 368 332.01 
272 485 274.01 
272 489 253.01 
272 497 267.01 
272 498 258.01 
388 122 265.01 
388 141 287.01 
388 257 288.01 
388 289 295.01 
388 368 285.01 
388 407 263.01 
388 418 254.01 
388 463 287.01 
388 475 285.01 
388 492 296.01 
388 498 305.01 
53 255 303.01 
53 309 311.01 
53 318 280.01 
53 349 284.01 
53 374 300.01 
53 433 295.01 
53 454 279.01 
53 482 260.01 
53 487 262.01 
53 495 284.01 
53 496 273.01 
53 499 278.01 
309 1 286.01 
309 201 301.01 
309 264 283.01 
309 323 303.01 
309 356 301.01 
309 373 315.01 
309 469 270.01 
309 474 304.01 
309 475 288.01 
309 488 277.01 
309 489 295.01 
309 499 304.01 
54 73 264.01 
54 158 281.01 
54 238 280.01 
54 249 300.01 
54 328 291.01 
54 349 279.01 
54 416 272.01 
54 474 275.01 
54 491 280.01 
54 492 271.01 
54 493 319.01 
54 495 297.01 
73 23 289.01 
73 76 285.01 
73 83 301.01 
73 160 306.01 
73 165 284.01 
73 324 274.01 
73 374 303.01 
73 380 268.01 
73 412 311.01 
73 433 323.01 
73 493 293.01 
73 499 271.01 
158 106 279.01 
158 182 278.01 
158 209 290.01 
158 318 257.01 
158 375 267.01 
158 379 293.01 
158 391 276.01 
158 417 290.01 
158 450 253.01 
158 474 274.01 
158 492 276.01 
158 496 265.01 
249 192 309.01 
249 205 302.01 
249 208 341.01 
249 222 281.01 
249 230 300.01 
249 269 279.01 
249 311 304.01 
249 331 273.01 
249 392 287.01 
249 489 292.01 
249 495 300.01 
249 499 271.01 
328 82 268.01 
328 130 275.01 
328 230 290.01 
328 233 311.01 
328 276 303.01 
328 352 282.01 
328 353 298.01 
328 443 287.01 
328 477 289.01 
328 483 294.01 
328 486 290.01 
328 489 297.01 
55 20 298.01 
55 76 280.01 
55 172 270.01 
55 209 270.01 
55 281 285.01 
55 288 263.01 
55 316 267.01 
55 402 292.01 
55 440 282.01 
55 462 283.01 
55 496 276.01 
55 498 281.01 
76 79 301.01 
76 176 307.01 
76 196 285.01 
76 251 273.01 
76 264 271.01 
76 268 297.01 
76 366 281.01 
76 476 275.01 
76 489 276.01 
76 494 276.01 
76 496 255.01 
76 498 281.01 
172 158 314.01 
172 252 274.01 
172 287 247.01 
172 361 278.01 
172 375 283.01 
172 405 294.01 
172 429 288.01 
172 439 265.01 
172 440 288.01 
172 449 264.01 
172 479 294.01 
172 498 272.01 
209 322 248.01 
209 338 333.01 
209 363 288.01 
209 456 278.01 
209 463 286.01 
209 467 287.01 
209 477 272.01 
209 484 282.01 
209 486 274.01 
209 488 275.01 
209 491 278.01 
209 492 249.01 
281 11 298.01 
281 268 304.01 
281 295 283.01 
281 307 306.01 
281 370 275.01 
281 375 301.01 
281 402 277.01 
281 429 298.01 
281 450 320.01 
281 455 302.01 
281 484 285.01 
281 497 291.01 
56 282 295.01 
56 283 290.01 
56 362 305.01 
56 402 282.01 
56 427 314.01 
56 434 267.01 
56 438 282.01 
56 452 273.01 
56 478 299.01 
56 488 287.01 
56 491 299.01 
56 498 285.01 
434 144 299.01 
434 192 286.01 
434 298 254.01 
434 342 326.01 
434 354 305.01 
434 395 273.01 
434 415 278.01 
434 426 286.01 
434 472 270.01 
434 482 279.01 
434 492 302.01 
169 128 298.01 
169 158 286.01 
169 250 290.01 
169 338 318.01 
169 398 283.01 
169 438 292.01 
169 472 285.01 
169 487 287.01 
169 490 305.01 
169 492 285.01 
169 493 313.01 
169 498 298.01 
184 221 276.01 
184 229 283.01 
184 233 325.01 
184 341 266.01 
184 434 277.01 
184 450 275.01 
184 467 296.01 
184 480 290.01 
184 490 301.01 
184 492 294.01 
184 493 271.01 
184 499 289.01 
284 156 270.01 
284 184 316.01 
284 189 296.01 
284 219 297.01 
284 299 303.01 
284 371 280.01 
284 434 294.01 
284 450 291.01 
284 451 310.01 
284 453 301.01 
284 469 314.01 
284 498 286.01 
417 176 299.01 
417 215 288.01 
417 376 282.01 
417 396 273.01 
417 431 315.01 
417 442 293.01 
417 465 295.01 
417 467 264.01 
417 483 278.01 
417 494 244.01 
417 496 284.01 
58 80 245.01 
58 212 300.01 
58 318 275.01 
58 319 265.01 
58 368 308.01 
58 389 275.01 
58 409 260.01 
58 418 277.01 
58 422 289.01 
58 427 279.01 
58 497 312.01 
58 498 265.01 
80 309 298.01 
80 360 304.01 
80 368 267.01 
80 420 276.01 
80 454 276.01 
80 470 269.01 
80 477 260.01 
80 478 271.01 
80 491 266.01 
80 494 297.01 
80 498 276.01 
80 499 287.01 
212 216 282.01 
212 229 281.01 
212 355 304.01 
212 388 299.01 
212 426 307.01 
212 427 266.01 
212 453 300.01 
212 476 309.01 
212 482 296.01 
212 495 294.01 
212 497 283.01 
212 499 291.01 
422 44 269.01 
422 143 284.01 
422 156 293.01 
422 214 259.01 
422 281 282.01 
422 325 276.01 
422 348 294.01 
422 452 278.01 
422 457 294.01 
422 471 294.01 
422 499 271.01 
68 40 277.01 
68 67 301.01 
68 74 274.01 
68 103 299.01 
68 125 275.01 
68 347 296.01 
68 388 323.01 
68 415 285.01 
68 430 294.01 
68 486 295.01 
68 490 291.01 
68 497 288.01 
102 60 286.01 
102 189 311.01 
102 222 265.01 
102 244 273.01 
102 408 296.01 
102 416 309.01 
102 442 303.01 
102 486 286.01 
102 487 276.01 
102 491 299.01 
102 497 290.01 
102 499 279.01 
159 15 267.01 
159 54 254.01 
159 90 278.01 
159 95 303.01 
159 195 251.01 
159 269 266.01 
159 401 266.01 
159 414 309.01 
159 464 255.01 
159 465 280.01 
159 474 287.01 
159 499 262.01 
285 84 277.01 
285 358 283.01 
285 418 278.01 
285 428 287.01 
285 448 286.01 
285 458 310.01 
285 462 289.01 
285 473 270.01 
285 488 267.01 
285 492 277.01 
285 494 297.01 
285 498 281.01 
60 86 330.01 
60 123 280.01 
60 179 308.01 
60 198 303.01 
60 206 311.01 
60 270 298.01 
60 273 331.01 
60 298 283.01 
60 340 300.01 
60 362 324.01 
60 497 290.01 
60 499 291.01 
86 93 268.01 
86 165 290.01 
86 172 280.01 
86 200 284.01 
86 431 255.01 
86 435 319.01 
86 461 270.01 
86 463 263.01 
86 465 288.01 
86 469 266.01 
86 495 287.01 
86 499 290.01 
123 57 287.01 
123 96 296.01 
123 293 262.01 
123 354 245.01 
123 359 273.01 
123 429 246.01 
123 469 295.01 
123 472 296.01 
123 481 270.01 
123 484 294.01 
123 492 308.01 
123 495 278.01 
179 244 281.01 
179 376 278.01 
179 378 283.01 
179 396 272.01 
179 441 295.01 
179 473 283.01 
179 480 309.01 
179 488 296.01 
179 489 284.01 
179 490 288.01 
179 491 274.01 
179 497 281.01 
206 115 282.01 
206 141 302.01 
206 167 289.01 
206 269 272.01 
206 288 271.01 
206 432 292.01 
206 439 262.01 
206 481 259.01 
206 482 272.01 
206 492 287.01 
206 498 269.01 
206 499 305.01 
298 21 283.01 
298 111 292.01 
298 202 264.01 
298 218 304.01 
298 353 286.01 
298 361 291.01 
298 445 289.01 
298 459 276.01 
298 483 286.01 
298 488 309.01 
298 493 267.01 
298 496 276.01 
61 90 281.01 
61 149 275.01 
61 218 301.01 
61 224 287.01 
61 254 308.01 
61 356 265.01 
61 357 272.01 
61 475 290.01 
61 490 304.01 
61 495 268.01 
61 498 300.01 
61 499 309.01 
90 58 299.01 
90 145 266.01 
90 219 315.01 
90 284 286.01 
90 298 265.01 
90 444 307.01 
90 456 263.01 
90 459 271.01 
90 484 297.01 
90 492 265.01 
90 493 297.01 
90 495 300.01 
149 13 284.01 
149 151 274.01 
149 191 292.01 
149 192 265.01 
149 280 244.01 
149 369 278.01 
149 416 309.01 
149 475 277.01 
149 483 281.01 
149 493 317.01 
149 495 303.01 
149 499 286.01 
218 0 269.01 
218 86 292.01 
218 108 273.01 
218 188 294.01 
218 224 268.01 
218 339 261.01 
218 355 310.01 
218 405 285.01 
218 414 284.01 
218 435 276.01 
218 445 304.01 
218 499 287.01 
224 207 292.01 
224 308 276.01 
224 339 305.01 
224 344 261.01 
224 426 292.01 
224 442 284.01 
224 444 285.01 
224 475 285.01 
224 480 297.01 
224 494 273.01 
224 498 283.01 
224 499 255.01 
254 118 286.01 
254 122 283.01 
254 179 306.01 
254 196 271.01 
254 228 279.01 
254 361 276.01 
254 367 302.01 
254 419 301.01 
254 428 295.01 
254 486 293.01 
254 487 285.01 
254 491 283.01 
75 36 257.01 
75 68 280.01 
75 133 283.01 
75 151 288.01 
75 293 274.01 
75 379 290.01 
75 394 267.01 
75 413 275.01 
75 429 281.01 
75 431 284.01 
75 496 293.01 
75 499 270.01 
143 18 304.01 
143 188 268.01 
143 214 271.01 
143 365 271.01 
143 369 257.01 
143 380 282.01 
143 409 227.01 
143 463 276.01 
143 470 277.01 
143 472 287.01 
143 485 282.01 
143 489 269.01 
428 91 279.01 
428 183 295.01 
428 274 287.01 
428 278 262.01 
428 349 305.01 
428 399 288.01 
428 441 262.01 
428 446 281.01 
428 481 278.01 
428 484 298.01 
428 495 264.01 
383 135 290.01 
383 157 282.01 
383 278 281.01 
383 350 310.01 
383 351 302.01 
383 413 269.01 
383 468 260.01 
383 470 288.01 
383 493 268.01 
383 497 298.01 
383 498 295.01 
426 146 282.01 
426 154 288.01 
426 177 258.01 
426 231 293.01 
426 259 257.01 
426 391 276.01 
426 409 274.01 
426 421 274.01 
426 452 275.01 
426 478 277.01 
426 494 243.01 
469 87 299.01 
469 101 281.01 
469 153 278.01 
469 409 252.01 
469 438 271.01 
469 451 309.01 
469 464 306.01 
469 479 256.01 
469 482 267.01 
469 484 308.01 
469 497 271.01 
65 49 280.01 
65 88 312.01 
65 119 281.01 
65 158 305.01 
65 363 287.01 
65 371 307.01 
65 422 271.01 
65 436 289.01 
65 446 295.01 
65 482 302.01 
65 493 309.01 
65 497 281.01 
88 22 291.01 
88 189 298.01 
88 190 288.01 
88 254 300.01 
88 259 247.01 
88 389 270.01 
88 411 289.01 
88 435 286.01 
88 467 253.01 
88 488 270.01 
88 489 309.01 
88 498 285.01 
119 22 309.01 
119 185 290.01 
119 287 290.01 
119 292 296.01 
119 330 266.01 
119 332 332.01 
119 336 294.01 
119 338 287.01 
119 341 288.01 
119 387 303.01 
119 438 281.01 
119 462 280.01 
363 5 278.01 
363 16 283.01 
363 196 285.01 
363 375 287.01 
363 393 281.01 
363 416 274.01 
363 431 257.01 
363 454 272.01 
363 468 275.01 
363 470 305.01 
363 487 302.01 
66 178 301.01 
66 329 280.01 
66 332 271.01 
66 341 269.01 
66 366 272.01 
66 422 294.01 
66 453 288.01 
66 457 279.01 
66 460 303.01 
66 492 272.01 
66 496 285.01 
66 499 274.01 
332 32 288.01 
332 140 259.01 
332 173 279.01 
332 211 284.01 
332 229 284.01 
332 257 297.01 
332 404 286.01 
332 450 278.01 
332 452 281.01 
332 484 267.01 
332 490 247.01 
332 492 286.01 
341 1 302.01 
341 11 276.01 
341 190 311.01 
341 294 303.01 
341 319 273.01 
341 333 284.01 
341 412 295.01 
341 458 303.01 
341 468 261.01 
341 473 275.01 
341 494 277.01 
341 495 312.01 
366 181 291.01 
366 254 271.01 
366 370 330.01 
366 373 279.01 
366 400 295.01 
366 444 280.01 
366 484 287.01 
366 485 278.01 
366 493 295.01 
366 496 264.01 
366 498 280.01 
67 61 292.01 
67 253 282.01 
67 299 308.01 
67 332 295.01 
67 341 288.01 
67 421 252.01 
67 446 263.01 
67 479 282.01 
67 489 237.01 
67 490 281.01 
67 491 300.01 
67 499 276.01 
253 2 296.01 
253 123 266.01 
253 137 289.01 
253 314 327.01 
253 364 318.01 
253 413 303.01 
253 430 283.01 
253 454 327.01 
253 472 253.01 
253 474 292.01 
253 485 275.01 
253 487 293.01 
299 10 276.01 
299 162 274.01 
299 196 282.01 
299 271 284.01 
299 346 273.01 
299 365 290.01 
299 451 292.01 
299 457 251.01 
299 488 261.01 
299 495 300.01 
299 497 260.01 
299 498 273.01 
133 147 280.01 
133 400 270.01 
133 422 267.01 
133 449 230.01 
133 454 288.01 
133 457 258.01 
133 476 302.01 
133 487 273.01 
133 489 265.01 
133 494 297.01 
133 498 277.01 
133 499 276.01 
175 26 289.01 
175 28 309.01 
175 63 282.01 
175 282 285.01 
175 394 288.01 
175 438 289.01 
175 442 277.01 
175 464 308.01 
175 481 281.01 
175 487 296.01 
175 489 291.01 
175 490 282.01 
350 27 253.01 
350 181 287.01 
350 312 284.01 
350 362 277.01 
350 368 284.01 
350 384 297.01 
350 471 268.01 
350 475 279.01 
350 477 322.01 
350 495 264.01 
350 497 306.01 
350 498 318.01 
271 38 304.01 
271 50 302.01 
271 113 300.01 
271 121 276.01 
271 155 229.01 
271 352 295.01 
271 358 280.01 
271 369 273.01 
271 391 285.01 
271 482 303.01 
271 491 313.01 
271 493 282.01 
290 65 285.01 
290 177 304.01 
290 263 274.01 
290 304 283.01 
290 356 288.01 
290 361 282.01 
290 375 251.01 
290 481 296.01 
290 484 282.01 
290 491 294.01 
290 493 305.01 
290 496 309.01 
72 26 277.01 
72 31 300.01 
72 124 304.01 
72 269 298.01 
72 279 314.01 
72 303 334.01 
72 470 310.01 
72 475 301.01 
72 485 284.01 
72 488 304.01 
72 494 314.01 
72 495 292.01 
303 74 271.01 
303 133 278.01 
303 195 277.01 
303 215 268.01 
303 332 306.01 
303 347 277.01 
303 359 302.01 
303 389 277.01 
303 462 298.01 
303 490 281.01 
303 494 284.01 
303 498 291.01 
394 66 285.01 
394 76 283.01 
394 77 289.01 
394 287 306.01 
394 295 280.01 
394 388 276.01 
394 402 289.01 
394 482 311.01 
394 496 277.01 
394 497 281.01 
394 498 303.01 
293 3 283.01 
293 17 327.01 
293 33 259.01 
293 77 270.01 
293 145 288.01 
293 169 288.01 
293 237 344.01 
293 264 301.01 
293 364 307.01 
293 460 299.01 
293 476 292.01 
293 496 293.01 
379 144 287.01 
379 177 282.01 
379 219 295.01 
379 232 260.01 
379 247 275.01 
379 453 279.01 
379 463 313.01 
379 478 283.01 
379 485 306.01 
379 492 303.01 
379 495 287.01 
429 48 256.01 
429 134 286.01 
429 364 319.01 
429 381 282.01 
429 413 264.01 
429 418 270.01 
429 476 286.01 
429 494 298.01 
429 496 274.01 
429 497 278.01 
429 498 285.01 
431 62 285.01 
431 121 315.01 
431 277 264.01 
431 308 284.01 
431 417 325.01 
431 421 275.01 
431 474 265.01 
431 483 295.01 
431 493 273.01 
431 496 276.01 
431 498 294.01 
79 52 289.01 
79 240 283.01 
79 283 283.01 
79 299 302.01 
79 354 285.01 
79 360 305.01 
79 362 289.01 
79 387 306.01 
79 429 289.01 
79 434 279.01 
79 485 277.01 
79 497 309.01 
176 80 277.01 
176 160 288.01 
176 171 291.01 
176 292 302.01 
176 348 295.01 
176 406 289.01 
176 430 279.01 
176 461 316.01 
176 491 292.01 
176 493 323.01 
176 496 310.01 
176 499 285.01 
196 251 315.01 
196 275 279.01 
196 372 311.01 
196 373 294.01 
196 397 302.01 
196 449 313.01 
196 454 311.01 
196 459 285.01 
196 462 303.01 
196 490 287.01 
196 495 289.01 
196 499 290.01 
268 97 295.01 
268 142 295.01 
268 180 301.01 
268 214 272.01 
268 297 303.01 
268 302 281.01 
268 321 262.01 
268 460 267.01 
268 472 294.01 
268 478 318.01 
268 487 282.01 
268 497 296.01 
78 20 303.01 
78 161 290.01 
78 253 250.01 
78 289 298.01 
78 317 294.01 
78 364 293.01 
78 450 274.01 
78 472 270.01 
78 490 298.01 
78 494 300.01 
78 496 298.01 
78 499 302.01 
161 95 262.01 
161 131 327.01 
161 160 306.01 
161 300 300.01 
161 320 307.01 
161 326 310.01 
161 340 310.01 
161 359 312.01 
161 459 307.01 
161 470 286.01 
161 493 309.01 
161 499 301.01 
317 55 325.01 
317 113 288.01 
317 184 275.01 
317 293 307.01 
317 343 315.01 
317 394 290.01 
317 426 288.01 
317 476 283.01 
317 483 306.01 
317 491 289.01 
317 496 271.01 
317 498 271.01 
354 76 268.01 
354 90 286.01 
354 113 297.01 
354 150 266.01 
354 151 271.01 
354 227 306.01 
354 360 280.01 
354 369 286.01 
354 386 277.01 
354 461 274.01 
354 494 273.01 
354 499 262.01 
236 142 270.01 
236 144 300.01 
236 168 267.01 
236 276 256.01 
236 331 265.01 
236 335 263.01 
236 407 263.01 
236 453 304.01 
236 463 264.01 
236 481 261.01 
236 495 292.01 
236 499 280.01 
358 100 307.01 
358 218 301.01 
358 223 300.01 
358 254 324.01 
358 267 304.01 
358 269 270.01 
358 326 265.01 
358 379 283.01 
358 420 312.01 
358 423 285.01 
358 489 272.01 
358 491 291.01 
150 41 298.01 
150 84 277.01 
150 277 279.01 
150 399 280.01 
150 415 296.01 
150 416 267.01 
150 429 310.01 
150 443 305.01 
150 467 291.01 
150 480 287.01 
150 486 291.01 
150 492 286.01 
407 89 277.01 
407 166 268.01 
407 257 288.01 
407 290 327.01 
407 297 279.01 
407 344 281.01 
407 392 321.01 
407 438 303.01 
407 487 312.01 
407 490 301.01 
407 494 292.01 
84 65 270.01 
84 220 274.01 
84 272 284.01 
84 274 275.01 
84 279 300.01 
84 296 300.01 
84 398 295.01 
84 469 316.01 
84 479 294.01 
84 484 273.01 
84 486 268.01 
84 496 278.01 
296 92 325.01 
296 190 302.01 
296 255 314.01 
296 306 267.01 
296 337 300.01 
296 410 286.01 
296 426 310.01 
296 476 240.01 
296 477 335.01 
296 478 293.01 
296 498 311.01 
296 499 286.01 
85 92 317.01 
85 260 276.01 
85 339 272.01 
85 340 302.01 
85 354 307.01 
85 386 295.01 
85 389 289.01 
85 399 274.01 
85 423 280.01 
85 455 291.01 
85 477 292.01 
85 498 286.01 
260 0 303.01 
260 288 284.01 
260 399 279.01 
260 423 294.01 
260 434 278.01 
260 446 292.01 
260 472 291.01 
260 482 268.01 
260 483 261.01 
260 493 268.01 
260 497 251.01 
260 498 305.01 
93 17 281.01 
93 132 300.01 
93 148 311.01 
93 171 288.01 
93 281 272.01 
93 337 301.01 
93 415 289.01 
93 430 295.01 
93 435 278.01 
93 441 290.01 
93 473 304.01 
93 483 285.01 
146 49 283.01 
146 320 267.01 
146 348 296.01 
146 357 297.01 
146 372 341.01 
146 373 283.01 
146 395 286.01 
146 448 306.01 
146 483 279.01 
146 496 260.01 
146 497 276.01 
146 499 283.01 
190 53 282.01 
190 87 315.01 
190 100 293.01 
190 103 280.01 
190 247 326.01 
190 307 267.01 
190 380 315.01 
190 446 284.01 
190 469 287.01 
190 470 262.01 
190 486 283.01 
190 494 307.01 
167 158 296.01 
167 166 286.01 
167 249 307.01 
167 254 256.01 
167 303 284.01 
167 356 308.01 
167 424 305.01 
167 476 273.01 
167 481 281.01 
167 489 286.01 
167 496 294.01 
167 498 319.01 
400 41 311.01 
400 108 282.01 
400 149 290.01 
400 243 307.01 
400 291 316.01 
400 425 308.01 
400 430 290.01 
400 440 286.01 
400 463 315.01 
400 487 300.01 
400 499 291.01 
111 30 313.01 
111 327 287.01 
111 342 301.01 
111 385 295.01 
111 446 269.01 
111 471 274.01 
111 484 298.01 
111 487 299.01 
111 489 282.01 
111 492 334.01 
111 493 291.01 
111 497 324.01 
223 39 293.01 
223 190 279.01 
223 274 334.01 
223 355 301.01 
223 383 334.01 
223 388 294.01 
223 414 266.01 
223 475 269.01 
223 479 274.01 
223 491 291.01 
223 494 307.01 
223 498 306.01 
132 4 284.01 
132 170 301.01 
132 182 295.01 
132 244 290.01 
132 261 288.01 
132 323 299.01 
132 370 284.01 
132 395 299.01 
132 443 255.01 
132 466 259.01 
132 493 280.01 
132 499 310.01 
148 69 298.01 
148 89 277.01 
148 345 296.01 
148 346 322.01 
148 351 309.01 
148 372 304.01 
148 377 319.01 
148 382 273.01 
148 473 293.01 
148 474 305.01 
148 476 301.01 
148 495 325.01 
337 295 279.01 
337 296 290.01 
337 304 296.01 
337 325 281.01 
337 404 301.01 
337 421 264.01 
337 429 304.01 
337 434 304.01 
337 477 278.01 
337 479 284.01 
337 488 296.01 
337 497 307.01 
94 187 307.01 
94 231 279.01 
94 278 277.01 
94 314 309.01 
94 355 310.01 
94 414 273.01 
94 466 289.01 
94 470 269.01 
94 478 290.01 
94 487 311.01 
94 497 315.01 
94 498 288.01 
355 9 269.01 
355 124 260.01 
355 125 265.01 
355 193 273.01 
355 242 274.01 
355 310 271.01 
355 413 289.01 
355 444 276.01 
355 492 300.01 
355 494 304.01 
355 495 256.01 
355 499 292.01 
95 198 319.01 
95 199 275.01 
95 345 288.01 
95 365 284.01 
95 429 286.01 
95 432 305.01 
95 464 295.01 
95 467 279.01 
95 489 286.01 
95 492 281.01 
95 493 311.01 
95 499 300.01 
199 0 283.01 
199 27 294.01 
199 122 319.01 
199 242 298.01 
199 294 292.01 
199 312 295.01 
199 396 278.01 
199 397 280.01 
199 407 297.01 
199 409 265.01 
199 472 285.01 
199 494 279.01 
365 156 282.01 
365 157 306.01 
365 220 286.01 
365 265 283.01 
365 323 279.01 
365 417 296.01 
365 419 295.01 
365 476 287.01 
365 479 296.01 
365 493 306.01 
365 498 303.01 
372 43 300.01 
372 146 280.01 
372 154 286.01 
372 239 297.01 
372 241 288.01 
372 324 284.01 
372 415 296.01 
372 487 269.01 
372 494 258.01 
372 496 256.01 
372 498 278.01 
168 61 305.01 
168 335 268.01 
168 352 319.01 
168 426 296.01 
168 439 299.01 
168 451 296.01 
168 467 293.01 
168 489 283.01 
168 491 282.01 
168 494 307.01 
168 498 273.01 
168 499 298.01 
191 24 293.01 
191 195 285.01 
191 197 288.01 
191 228 261.01 
191 236 304.01 
191 237 295.01 
191 265 297.01 
191 358 291.01 
191 472 274.01 
191 480 289.01 
191 489 293.01 
191 499 297.01 
99 23 301.01 
99 241 309.01 
99 248 269.01 
99 342 301.01 
99 364 270.01 
99 407 298.01 
99 457 296.01 
99 469 254.01 
99 487 286.01 
99 490 270.01 
99 492 299.01 
99 494 270.01 
173 4 289.01 
173 73 272.01 
173 109 265.01 
173 172 257.01 
173 347 269.01 
173 374 262.01 
173 442 313.01 
173 463 265.01 
173 479 296.01 
173 481 265.01 
173 482 274.01 
173 499 279.01 
227 44 283.01 
227 324 272.01 
227 343 294.01 
227 350 315.01 
227 403 283.01 
227 472 294.01 
227 475 306.01 
227 476 305.01 
227 477 303.01 
227 495 292.01 
227 496 292.01 
227 499 293.01 
361 100 263.01 
361 111 299.01 
361 144 289.01 
361 176 277.01 
361 272 282.01 
361 344 302.01 
361 484 284.01 
361 495 288.01 
361 497 278.01 
361 498 268.01 
361 499 272.01 
101 45 297.01 
101 59 278.01 
101 166 282.01 
101 193 307.01 
101 209 303.01 
101 383 304.01 
101 385 291.01 
101 423 254.01 
101 473 267.01 
101 479 256.01 
101 497 290.01 
101 499 257.01 
193 42 299.01 
193 81 285.01 
193 102 318.01 
193 331 303.01 
193 404 265.01 
193 439 283.01 
193 441 290.01 
193 487 297.01 
193 488 317.01 
193 495 303.01 
193 496 281.01 
193 499 312.01 
222 12 278.01 
222 37 318.01 
222 148 298.01 
222 246 290.01 
222 308 302.01 
222 363 305.01 
222 380 306.01 
222 438 278.01 
222 471 291.01 
222 486 317.01 
222 491 277.01 
222 496 284.01 
295 34 290.01 
295 152 284.01 
295 209 283.01 
295 228 268.01 
295 344 306.01 
295 351 294.01 
295 381 274.01 
295 428 314.01 
295 460 314.01 
295 481 305.01 
295 486 282.01 
295 499 251.01 
312 96 305.01 
312 101 258.01 
312 175 277.01 
312 193 294.01 
312 256 280.01 
312 343 266.01 
312 446 290.01 
312 463 283.01 
312 484 293.01 
312 490 309.01 
312 491 271.01 
312 498 285.01 
141 2 256.01 
141 13 287.01 
141 114 263.01 
141 347 303.01 
141 395 284.01 
141 434 280.01 
141 471 287.01 
141 480 321.01 
141 484 272.01 
141 496 254.01 
141 498 289.01 
141 499 303.01 
130 131 282.01 
130 174 291.01 
130 192 306.01 
130 224 256.01 
130 246 259.01 
130 260 265.01 
130 334 279.01 
130 337 294.01 
130 344 294.01 
130 438 293.01 
130 491 259.01 
130 494 266.01 
174 29 286.01 
174 78 285.01 
174 154 287.01 
174 268 299.01 
174 367 289.01 
174 420 278.01 
174 439 284.01 
174 465 274.01 
174 478 282.01 
174 487 286.01 
174 488 297.01 
174 497 304.01 
232 348 311.01 
232 402 274.01 
232 420 282.01 
232 431 286.01 
232 433 262.01 
232 438 261.01 
232 465 264.01 
232 491 309.01 
232 492 286.01 
232 496 255.01 
232 497 252.01 
232 499 261.01 
392 77 282.01 
392 279 262.01 
392 322 286.01 
392 404 310.01 
392 409 290.01 
392 411 268.01 
392 472 277.01 
392 476 290.01 
392 485 302.01 
392 495 240.01 
392 497 258.01 
106 183 293.01 
106 328 307.01 
106 344 316.01 
106 390 273.01 
106 405 276.01 
106 428 286.01 
106 442 294.01 
106 452 322.01 
106 476 301.01 
106 481 284.01 
106 485 265.01 
106 499 314.01 
183 242 283.01 
183 291 285.01 
183 293 277.01 
183 344 263.01 
183 452 272.01 
183 455 287.01 
183 460 281.01 
183 481 275.01 
183 485 291.01 
183 488 273.01 
183 490 283.01 
183 498 288.01 
344 29 301.01 
344 65 276.01 
344 85 233.01 
344 93 306.01 
344 194 300.01 
344 317 270.01 
344 355 298.01 
344 371 275.01 
344 377 292.01 
344 488 294.01 
344 493 282.01 
344 496 297.01 
390 42 306.01 
390 117 288.01 
390 118 303.01 
390 139 297.01 
390 189 315.01 
390 271 296.01 
390 334 314.01 
390 346 275.01 
390 385 273.01 
390 434 277.01 
390 497 297.01 
107 34 294.01 
107 157 299.01 
107 194 312.01 
107 249 284.01 
107 378 282.01 
107 385 281.01 
107 394 300.01 
107 449 287.01 
107 471 258.01 
107 472 279.01 
107 481 312.01 
107 489 286.01 
396 17 292.01 
396 104 287.01 
396 143 285.01 
396 168 317.01 
396 225 282.01 
396 354 284.01 
396 372 258.01 
396 423 296.01 
396 463 304.01 
396 495 269.01 
396 499 288.01 
109 220 297.01 
109 249 281.01 
109 260 279.01 
109 286 291.01 
109 313 271.01 
109 318 261.01 
109 456 280.01 
109 459 300.01 
109 461 293.01 
109 493 288.01 
109 498 276.01 
109 499 267.01 
286 35 296.01 
286 62 271.01 
286 124 284.01 
286 305 275.01 
286 441 293.01 
286 461 292.01 
286 473 270.01 
286 480 287.01 
286 490 277.01 
286 493 299.01 
286 495 255.01 
286 499 277.01 
136 82 295.01 
136 84 288.01 
136 213 288.01 
136 324 272.01 
136 340 266.01 
136 360 274.01 
136 386 297.01 
136 398 303.01 
136 451 286.01 
136 481 249.01 
136 489 290.01 
136 499 291.01 
216 43 260.01 
216 114 267.01 
216 399 266.01 
216 461 277.01 
216 465 274.01 
216 474 253.01 
216 483 285.01 
216 484 279.01 
216 487 267.01 
216 491 287.01 
216 496 267.01 
216 499 253.01 
265 236 320.01 
265 284 293.01 
265 350 316.01 
265 372 300.01 
265 393 269.01 
265 403 285.01 
265 421 286.01 
265 487 287.01 
265 491 291.01 
265 497 303.01 
265 498 281.01 
265 499 283.01 
113 130 287.01 
113 234 265.01 
113 328 281.01 
113 375 289.01 
113 424 284.01 
113 452 259.01 
113 483 301.01 
113 487 308.01 
113 491 283.01 
113 493 259.01 
113 494 324.01 
113 499 292.01 
234 19 305.01 
234 43 294.01 
234 164 279.01 
234 290 300.01 
234 298 306.01 
234 339 288.01 
234 397 295.01 
234 407 314.01 
234 437 283.01 
234 441 287.01 
234 478 275.01 
234 488 284.01 
114 56 288.01 
114 98 263.01 
114 103 281.01 
114 383 313.01 
114 392 295.01 
114 417 305.01 
114 431 278.01 
114 453 254.01 
114 485 282.01 
114 487 268.01 
114 496 295.01 
114 499 283.01 
126 25 298.01 
126 37 290.01 
126 299 303.01 
126 374 278.01 
126 426 276.01 
126 432 295.01 
126 442 302.01 
126 451 312.01 
126 469 301.01 
126 475 291.01 
126 493 305.01 
126 497 280.01 
116 26 284.01 
116 40 292.01 
116 99 270.01 
116 341 294.01 
116 406 282.01 
116 427 296.01 
116 432 296.01 
116 433 294.01 
116 460 284.01 
116 465 287.01 
116 486 291.01 
116 490 298.01 
322 136 272.01 
322 258 275.01 
322 298 268.01 
322 337 287.01 
322 353 283.01 
322 439 279.01 
322 462 279.01 
322 469 245.01 
322 480 314.01 
322 482 291.01 
322 489 297.01 
322 499 306.01 
391 248 276.01 
391 282 294.01 
391 304 282.01 
391 334 280.01 
391 336 287.01 
391 346 276.01 
391 378 302.01 
391 466 272.01 
391 479 270.01 
391 486 295.01 
391 491 262.01 
258 2 275.01 
258 52 273.01 
258 129 285.01 
258 267 284.01 
258 392 305.01 
258 424 312.01 
258 425 280.01 
258 447 307.01 
258 482 298.01 
258 495 276.01 
258 498 309.01 
258 499 278.01 
185 59 300.01 
185 93 309.01 
185 164 290.01 
185 387 278.01 
185 447 325.01 
185 480 270.01 
185 482 252.01 
185 483 338.01 
185 485 273.01 
185 494 297.01 
185 498 294.01 
185 499 292.01 
121 35 274.01 
121 112 280.01 
121 114 268.01 
121 297 282.01 
121 351 299.01 
121 362 277.01 
121 401 281.01 
121 432 293.01 
121 484 302.01 
121 486 300.01 
121 493 296.01 
121 496 300.01 
122 148 291.01 
122 164 276.01 
122 367 303.01 
122 368 297.01 
122 370 290.01 
122 375 310.01 
122 397 302.01 
122 441 302.01 
122 468 314.01 
122 486 289.01 
122 490 262.01 
122 497 273.01 
164 6 281.01 
164 19 282.01 
164 97 300.01 
164 247 281.01 
164 275 294.01 
164 306 322.01 
164 348 262.01 
164 463 296.01 
164 471 272.01 
164 472 295.01 
164 493 278.01 
164 499 298.01 
397 64 255.01 
397 235 283.01 
397 239 286.01 
397 373 297.01 
397 395 302.01 
397 396 300.01 
397 412 268.01 
397 415 294.01 
397 459 261.01 
397 487 308.01 
397 493 281.01 
128 96 273.01 
128 146 299.01 
128 366 282.01 
128 409 279.01 
128 417 306.01 
128 431 292.01 
128 451 270.01 
128 465 296.01 
128 491 319.01 
128 493 318.01 
128 496 291.01 
128 499 293.01 
129 37 293.01 
129 75 282.01 
129 303 279.01 
129 310 271.01 
129 330 301.01 
129 337 293.01 
129 446 283.01 
129 470 302.01 
129 484 318.01 
129 489 270.01 
129 496 301.01 
129 499 321.01 
131 250 282.01 
131 271 277.01 
131 291 292.01 
131 335 295.01 
131 382 251.01 
131 386 280.01 
131 432 258.01 
131 441 283.01 
131 479 296.01 
131 480 270.01 
131 486 238.01 
131 499 267.01 
192 28 307.01 
192 116 268.01 
192 226 291.01 
192 286 316.01 
192 314 321.01 
192 363 283.01 
192 414 279.01 
192 470 281.01 
192 485 279.01 
192 487 304.01 
192 492 325.01 
192 499 279.01 
250 71 286.01 
250 139 298.01 
250 231 293.01 
250 258 259.01 
250 304 305.01 
250 413 258.01 
250 449 266.01 
250 470 288.01 
250 476 292.01 
250 478 289.01 
250 495 284.01 
250 498 307.01 
182 21 287.01 
182 35 294.01 
182 87 282.01 
182 280 268.01 
182 374 282.01 
182 477 254.01 
182 483 296.01 
182 488 259.01 
182 489 277.01 
182 491 298.01 
182 493 253.01 
182 495 276.01 
323 95 282.01 
323 120 283.01 
323 277 270.01 
323 420 289.01 
323 435 286.01 
323 444 295.01 
323 456 302.01 
323 471 309.01 
323 474 268.01 
323 491 304.01 
323 497 300.01 
323 498 283.01 
395 105 271.01 
395 256 286.01 
395 279 281.01 
395 315 281.01 
395 342 318.01 
395 359 283.01 
395 394 310.01 
395 448 288.01 
395 470 313.01 
395 484 289.01 
395 495 296.01 
135 55 284.01 
135 142 264.01 
135 161 281.01 
135 262 277.01 
135 369 281.01 
135 378 298.01 
135 421 292.01 
135 482 308.01 
135 487 279.01 
135 496 287.01 
135 497 300.01 
135 499 295.01 
142 95 261.01 
142 101 265.01 
142 160 277.01 
142 293 288.01 
142 345 288.01 
142 384 273.01 
142 462 285.01 
142 473 265.01 
142 479 285.01 
142 491 287.01 
142 497 297.01 
142 498 252.01 
262 14 261.01 
262 47 294.01 
262 71 275.01 
262 81 292.01 
262 205 283.01 
262 416 263.01 
262 467 295.01 
262 481 269.01 
262 488 261.01 
262 489 293.01 
262 494 299.01 
262 497 271.01 
137 80 272.01 
137 119 277.01 
137 208 297.01 
137 421 291.01 
137 431 284.01 
137 458 309.01 
137 466 252.01 
137 490 260.01 
137 491 292.01 
137 493 303.01 
137 495 269.01 
137 499 276.01 
138 38 299.01 
138 44 316.01 
138 387 325.01 
138 444 327.01 
138 447 304.01 
138 450 283.01 
138 464 281.01 
138 467 274.01 
138 486 329.01 
138 490 304.01 
138 493 278.01 
138 499 289.01 
228 111 289.01 
228 120 266.01 
228 122 316.01 
228 202 266.01 
228 259 274.01 
228 285 251.01 
228 338 290.01 
228 426 281.01 
228 458 308.01 
228 494 299.01 
228 497 253.01 
228 498 274.01 
144 99 277.01 
144 347 284.01 
144 408 287.01 
144 419 294.01 
144 423 288.01 
144 444 278.01 
144 484 285.01 
144 486 283.01 
144 489 244.01 
144 495 303.01 
144 498 279.01 
144 499 265.01 
202 267 271.01 
202 277 285.01 
202 281 273.01 
202 331 280.01 
202 334 256.01 
202 371 284.01 
202 386 273.01 
202 467 277.01 
202 483 274.01 
202 493 279.01 
202 495 321.01 
202 499 240.01 
153 132 299.01 
153 156 282.01 
153 262 300.01 
153 294 307.01 
153 321 290.01 
153 357 274.01 
153 363 280.01 
153 379 304.01 
153 439 258.01 
153 448 285.01 
153 462 291.01 
153 469 300.01 
321 216 278.01 
321 286 295.01 
321 339 287.01 
321 394 280.01 
321 449 280.01 
321 453 293.01 
321 455 289.01 
321 480 286.01 
321 481 307.01 
321 483 310.01 
321 496 284.01 
321 499 298.01 
256 16 291.01 
256 167 258.01 
256 218 289.01 
256 275 307.01 
256 331 281.01 
256 374 290.01 
256 409 255.01 
256 426 314.01 
256 444 318.01 
256 462 317.01 
256 484 290.01 
256 494 295.01 
221 102 294.01 
221 129 279.01 
221 239 309.01 
221 299 291.01 
221 311 302.01 
221 351 281.01 
221 398 303.01 
221 432 293.01 
221 445 318.01 
221 455 289.01 
221 492 315.01 
221 499 315.01 
247 29 283.01 
247 166 268.01 
247 173 290.01 
247 202 270.01 
247 239 299.01 
247 350 271.01 
247 386 284.01 
247 430 290.01 
247 457 263.01 
247 493 284.01 
247 498 275.01 
247 499 272.01 
162 58 283.01 
162 223 279.01 
162 274 307.01 
162 339 310.01 
162 379 293.01 
162 438 312.01 
162 459 304.01 
162 463 326.01 
162 465 258.01 
162 488 299.01 
162 495 295.01 
162 499 284.01 
306 209 320.01 
306 232 288.01 
306 262 311.01 
306 358 288.01 
306 428 297.01 
306 450 286.01 
306 487 283.01 
306 489 271.01 
306 491 263.01 
306 495 315.01 
306 496 274.01 
306 498 267.01 
252 25 293.01 
252 247 274.01 
252 303 280.01 
252 448 286.01 
252 450 270.01 
252 455 280.01 
252 472 281.01 
252 476 270.01 
252 479 294.01 
252 487 276.01 
252 488 311.01 
252 497 279.01 
226 237 275.01 
226 243 312.01 
226 295 288.01 
226 298 299.01 
226 310 310.01 
226 360 271.01 
226 390 311.01 
226 456 272.01 
226 481 280.01 
226 486 297.01 
226 487 292.01 
226 499 286.01 
181 4 279.01 
181 90 297.01 
181 249 288.01 
181 277 295.01 
181 360 292.01 
181 390 289.01 
181 392 268.01 
181 400 294.01 
181 456 267.01 
181 471 312.01 
181 496 313.01 
181 498 282.01 
203 72 309.01 
203 85 290.01 
203 172 305.01 
203 291 311.01 
203 330 267.01 
203 355 282.01 
203 415 283.01 
203 471 280.01 
203 477 309.01 
203 488 302.01 
203 494 267.01 
203 499 286.01 
325 112 293.01 
325 238 276.01 
325 239 266.01 
325 250 286.01 
325 279 254.01 
325 445 272.01 
325 452 280.01 
325 457 298.01 
325 469 304.01 
325 493 281.01 
325 498 269.01 
325 499 300.01 
257 86 298.01 
257 326 304.01 
257 345 289.01 
257 392 294.01 
257 418 280.01 
257 420 312.01 
257 440 256.01 
257 465 285.01 
257 482 277.01 
257 488 262.01 
257 492 273.01 
257 498 279.01 
215 69 284.01 
215 142 276.01 
215 315 274.01 
215 402 271.01 
215 408 300.01 
215 422 278.01 
215 424 306.01 
215 480 272.01 
215 483 273.01 
215 493 262.01 
215 497 261.01 
215 499 260.01 
235 196 275.01 
235 263 265.01 
235 303 289.01 
235 325 288.01 
235 379 275.01 
235 398 273.01 
235 456 310.01 
235 462 296.01 
235 470 273.01 
235 496 298.01 
235 497 268.01 
235 498 278.01 
