3 0
6 1
7 2
8 3
9 4
12 5
17 6
20 7
25 8
26 9
27 10
28 11
29 12
30 13
31 14
32 15
33 16
36 17
37 18
40 19
1519 20
349 20
346 20
344 20
256 20
16 20
347 20
348 20
1518 20
15 20
46 21
47 22
48 23
49 24
50 25
760 25
762 25
952 25
761 25
763 25
1257 25
424 25
1032 25
1258 25
51 26
52 27
54 28
270 29
473 29
476 29
477 29
273 29
492 29
271 29
57 29
58 30
59 31
60 32
61 33
73 34
860 35
74 35
75 36
76 37
78 38
79 39
88 40
89 41
90 42
91 43
92 44
93 45
95 46
96 47
97 48
99 49
100 50
101 51
104 52
108 53
1059 53
1 53
876 53
1041 53
1138 53
1669 53
236 53
233 53
106 53
704 53
4 53
109 54
110 55
111 56
112 57
113 58
114 59
115 60
116 61
119 62
120 63
121 64
122 65
126 66
128 67
129 68
130 69
132 70
133 71
137 72
140 73
143 74
144 75
145 76
149 77
150 78
151 79
152 80
155 81
156 82
160 83
167 84
178 85
175 86
179 86
176 86
177 86
181 87
182 88
183 89
184 90
185 91
186 92
188 93
191 94
193 95
194 96
197 97
201 98
213 99
611 99
209 99
210 99
211 100
212 101
221 102
222 103
226 104
229 105
238 106
707 107
162 107
779 107
410 107
940 107
520 107
208 107
159 107
577 107
242 107
519 107
239 107
440 107
580 107
941 107
938 107
240 107
706 107
443 107
521 107
243 107
1452 107
163 107
578 107
939 107
857 108
42 108
107 108
624 108
770 108
241 108
82 108
245 109
246 110
289 111
290 111
198 111
379 111
200 111
291 111
248 111
207 111
203 111
288 111
253 112
254 113
262 114
265 115
267 116
272 117
274 118
277 119
286 120
287 121
292 122
293 123
294 124
295 125
1405 126
296 126
1078 126
297 127
298 128
301 129
304 130
306 131
307 132
308 133
309 134
310 135
311 136
313 137
314 138
315 139
316 140
317 141
318 142
319 143
690 144
714 144
936 144
673 144
1510 144
131 144
710 144
325 144
305 144
302 144
712 144
326 144
711 144
324 144
1637 144
323 144
327 144
330 145
331 146
332 147
333 148
336 149
338 150
341 151
342 152
343 153
345 154
350 155
351 156
355 157
356 158
358 159
359 160
362 161
363 162
364 163
365 164
788 165
369 165
370 165
371 165
866 165
367 165
368 166
18 167
196 167
448 167
537 167
665 167
1051 167
929 167
21 167
374 167
910 167
22 167
195 167
19 167
1622 167
1576 167
932 167
1593 167
24 167
192 167
908 167
373 167
906 167
190 167
372 167
375 168
376 169
377 170
378 171
380 172
381 173
384 174
385 175
387 176
389 176
139 176
413 177
909 177
388 177
1124 177
386 177
930 177
1055 177
447 177
1053 177
23 177
1014 177
1837 177
1698 177
644 177
1594 177
738 177
996 177
741 177
1287 177
391 178
392 179
393 180
394 181
396 182
397 183
398 184
406 185
414 186
408 186
411 186
409 187
415 188
1449 189
400 189
334 189
864 189
1147 189
418 189
416 189
592 189
43 189
1022 189
320 189
321 189
157 189
590 189
165 189
390 189
164 189
322 189
1199 189
1023 189
419 190
420 191
421 192
422 193
423 194
425 195
427 196
432 197
433 198
434 199
435 200
439 201
446 202
449 203
450 204
451 205
453 206
454 207
455 208
1607 208
1799 208
458 208
452 208
456 209
457 210
459 211
460 212
461 213
462 214
465 215
464 215
463 215
1472 215
1399 215
466 216
467 217
468 218
472 219
94 219
470 219
531 220
471 220
529 220
474 221
478 222
479 223
482 224
484 225
485 226
489 227
486 227
487 227
491 227
488 228
490 229
493 230
497 231
498 232
499 233
500 234
502 235
503 236
504 237
506 238
510 239
507 239
508 239
509 239
511 240
1522 241
549 241
1135 241
1021 241
547 241
475 241
517 241
429 241
426 241
1372 241
551 241
569 241
552 241
567 241
512 241
1793 241
588 241
428 241
430 241
1241 241
105 241
1278 241
1186 241
1134 241
572 241
354 241
62 241
1173 241
570 241
513 242
407 242
915 242
514 243
515 244
516 245
518 246
523 247
524 248
525 249
528 250
530 251
532 252
533 253
1354 254
77 254
536 254
534 254
824 254
1467 254
907 254
1303 254
123 254
300 254
535 254
538 255
539 256
540 257
541 258
542 259
544 260
545 261
550 262
546 262
1157 262
548 263
554 264
555 265
556 266
557 267
558 268
560 269
561 270
562 271
563 272
564 273
565 274
566 275
568 276
571 277
573 278
579 279
583 280
586 281
587 282
589 283
594 284
595 285
598 286
599 287
601 288
135 289
1368 289
602 289
1589 289
603 290
610 291
834 292
612 292
1660 292
613 293
614 294
615 295
616 296
621 297
622 298
626 298
625 298
55 298
623 298
627 299
628 299
629 299
630 300
632 301
633 302
634 303
635 304
636 305
637 306
640 306
639 306
641 306
638 307
642 308
643 309
647 310
650 311
653 312
1484 313
41 313
11 313
44 313
859 313
401 313
1122 313
700 313
970 313
1009 313
45 313
124 313
13 313
649 313
53 313
14 313
651 313
10 313
968 313
967 313
1504 313
655 313
399 313
654 313
1007 313
656 314
657 315
658 316
661 317
668 318
669 319
670 320
671 321
672 322
674 323
675 324
676 325
677 326
678 327
683 328
684 329
340 330
691 330
681 330
797 330
774 330
395 330
1297 330
682 330
366 330
1098 330
819 330
251 330
1243 330
1502 330
250 330
1579 330
1273 330
361 330
821 330
1266 330
575 330
337 330
247 330
685 330
980 330
1808 330
360 330
1064 330
383 330
1685 330
335 330
680 330
138 330
977 330
686 331
688 332
693 333
695 334
696 335
1268 336
39 336
1183 336
38 336
803 336
35 336
1618 336
34 336
1381 336
698 337
699 338
174 339
702 339
703 339
1479 339
237 339
1144 339
1100 339
705 340
713 341
715 342
716 343
718 344
720 345
721 346
722 347
723 348
724 349
726 350
727 351
728 352
729 353
730 354
731 355
732 356
735 357
736 358
737 359
742 360
744 361
745 362
747 363
748 364
749 365
750 366
752 367
753 368
754 369
755 370
756 371
757 372
758 373
759 374
764 375
767 376
768 377
773 378
777 379
781 380
782 381
783 382
784 383
785 384
787 385
791 386
63 387
1285 387
596 387
1491 387
495 387
65 387
922 387
790 387
71 387
646 387
924 387
771 387
189 387
789 387
1507 387
836 387
64 387
989 387
792 387
679 387
134 387
739 387
607 387
1060 387
67 387
187 387
992 387
72 387
68 387
1061 387
70 387
1095 387
925 387
600 387
991 387
772 387
765 387
66 387
793 388
794 389
798 390
799 391
800 392
796 392
801 392
807 393
808 394
810 395
811 396
812 397
815 398
813 398
816 398
814 399
818 400
822 401
825 402
826 403
827 404
831 405
832 406
837 407
838 408
839 409
840 410
841 411
842 412
843 413
844 414
845 415
846 416
648 417
645 417
848 417
847 417
891 417
849 418
850 419
851 420
852 421
853 422
855 423
856 424
858 425
436 426
972 426
1342 426
1344 426
357 426
431 426
951 426
1613 426
597 426
1343 426
861 427
862 428
863 429
867 430
769 431
868 431
766 431
870 432
869 433
872 433
871 433
873 434
874 435
875 436
877 437
878 438
879 438
1461 438
880 439
881 440
882 441
883 442
884 443
885 444
886 445
887 446
888 447
890 448
412 448
889 448
892 449
893 450
894 451
895 452
896 453
117 454
897 454
898 454
279 455
1039 455
171 455
574 455
1497 455
227 455
926 455
1458 455
1099 455
585 455
1075 455
1074 455
102 455
1070 455
1101 455
173 455
775 455
98 455
927 455
899 455
522 455
252 455
166 455
1230 455
743 455
172 455
103 455
417 455
900 456
901 457
902 458
903 459
904 460
905 461
911 462
912 463
913 464
914 465
916 466
917 467
918 468
919 469
920 470
923 471
928 472
934 473
935 474
942 475
943 476
944 477
945 478
946 479
947 480
948 481
949 482
950 483
953 484
954 485
955 486
956 487
957 488
958 489
266 490
269 490
959 490
268 490
960 491
719 492
1202 492
961 492
963 493
964 494
962 494
352 494
965 495
966 496
969 497
971 498
974 499
975 500
976 501
978 502
981 503
983 504
984 505
985 506
988 507
990 508
993 509
994 510
543 510
995 510
997 511
999 512
1000 513
1001 514
1002 515
1003 516
1004 517
1005 518
1006 519
1008 520
1010 521
1011 522
1016 523
1317 523
1094 523
1015 523
255 523
1096 523
1097 523
1012 523
1017 523
1517 523
1013 523
1018 524
1019 525
1256 526
1077 526
1255 526
1221 526
441 526
442 526
1361 526
1024 527
1025 528
1026 529
1027 530
1028 531
1029 532
1030 533
1034 534
1033 535
228 535
1031 535
136 535
1035 535
1036 536
1040 537
1042 538
1043 539
1044 540
1045 541
1046 542
1047 543
1048 544
1049 545
1052 546
1054 547
2093 548
2012 548
2219 548
2091 548
2128 548
2095 548
1056 549
1062 550
1065 551
1066 552
1068 553
1069 554
1072 555
1073 556
1076 557
1079 558
1080 559
1081 560
1082 561
1083 562
1084 563
1085 564
1086 565
1087 566
1088 567
1089 568
1090 569
1628 570
1459 570
527 570
1211 570
526 570
1453 570
1627 570
1626 570
1102 571
1103 572
1104 573
1105 574
1106 575
1169 576
979 576
1673 576
403 576
1170 576
141 576
1786 576
1108 576
404 576
1658 576
1612 576
249 576
402 576
1670 576
405 576
1168 576
312 576
1109 577
1110 578
1112 579
1114 580
1116 581
1119 582
1120 583
1121 584
1123 585
1125 586
1126 587
1127 588
1129 589
1131 590
1132 591
1133 592
1136 593
1137 594
1139 595
1140 596
1141 597
1142 598
1143 599
591 600
1145 600
1146 600
1148 601
1149 602
1150 603
1151 604
1152 605
1153 606
1154 607
1155 608
1156 609
1158 610
1159 611
1160 612
1161 613
1162 614
1163 615
1165 616
1166 617
1167 618
0 619
1172 619
281 619
199 619
276 619
275 619
1339 619
206 619
1293 619
205 619
708 619
278 619
496 619
733 619
202 619
5 619
2 619
280 619
1164 619
169 619
1171 619
204 619
1564 619
1174 620
1177 621
1178 622
1179 623
1180 624
1181 625
1184 626
1185 627
264 628
481 628
483 628
982 628
501 628
260 628
480 628
921 628
263 628
1190 629
1189 629
746 629
1192 629
1187 629
1191 630
1193 631
1194 632
1423 633
1195 633
1425 633
1196 634
1197 635
1200 636
1201 637
1205 638
1206 639
1207 640
1208 641
1209 642
1210 643
1212 644
1213 645
1214 646
469 647
1215 647
1216 647
1217 648
1218 649
1219 650
1220 651
1222 652
1225 653
1224 653
1223 653
1226 654
1227 655
1228 656
1232 657
1233 658
1234 659
1235 660
1236 661
1237 662
1238 663
1239 664
1240 665
1242 666
1244 667
1245 668
1246 669
1247 670
1248 671
1249 672
1250 673
1251 674
1252 675
1254 676
582 676
865 676
1253 676
854 676
1176 676
584 676
581 676
1175 676
576 676
1260 677
1261 678
1262 679
1263 679
1259 679
1264 680
1265 681
1267 682
1269 683
1270 684
701 685
1397 685
804 685
1410 685
973 685
805 685
1271 685
1659 685
1362 685
438 685
694 685
806 685
1364 685
802 685
1231 685
1752 685
437 685
1229 685
697 685
1272 686
1456 687
234 687
1020 687
230 687
232 687
235 687
158 687
1274 687
161 687
1198 687
776 687
593 687
1275 688
1769 688
1276 688
830 688
1277 689
1279 690
1280 691
1281 692
1282 693
1283 694
1284 695
1286 696
1288 697
1289 698
1290 699
1291 700
1292 701
1294 702
1295 703
1296 704
1298 705
1299 706
1300 707
1301 708
1302 709
1304 710
1305 711
1450 711
1306 712
1307 713
1308 714
1309 715
1310 716
1311 717
1312 718
1313 719
1314 720
1315 721
1316 722
1318 723
1319 724
1323 725
1324 726
1326 727
1327 728
1328 729
1330 730
1331 731
1332 732
1407 733
1565 733
1334 733
1566 733
258 733
1333 733
725 733
1335 734
1336 735
1337 736
1340 737
1341 738
1345 739
1346 740
1347 741
1325 741
1743 741
1348 742
1350 743
1351 744
1352 745
1353 746
1355 747
1358 748
1359 749
1360 750
1363 751
1365 752
1366 753
1367 754
1369 755
1370 756
1373 757
1374 758
1375 759
1379 760
1380 761
1382 762
1383 763
1384 764
1385 765
1386 766
1387 767
1388 768
1389 769
1390 770
1391 771
1392 772
1396 773
1394 773
1393 773
1395 774
1398 775
1400 776
1401 777
1402 778
1403 779
1404 780
1406 781
1408 782
1409 783
1411 784
1412 785
1413 786
1414 787
1415 788
1416 789
1417 790
1418 791
1419 792
1420 793
1421 794
1422 795
1424 796
1426 797
1427 798
1428 799
1429 800
1430 801
1431 802
1433 802
1432 802
1434 803
1435 804
1436 805
1437 806
1438 807
1439 808
1440 809
1441 810
1442 811
1443 812
1444 813
1446 814
1377 814
1896 814
1376 814
609 814
1378 814
382 814
1447 815
1448 816
285 817
823 817
284 817
282 817
283 817
244 818
1357 818
1071 818
778 818
1067 818
1454 819
1455 820
1460 821
1462 822
1463 823
1464 824
1465 825
1466 826
1468 827
1469 828
2352 829
2086 829
1744 829
2082 829
1470 829
2353 829
2326 829
2414 829
1091 829
1092 829
1471 830
1473 831
1474 832
214 833
1481 833
1475 833
809 833
1445 833
1672 833
1107 833
1349 833
1476 833
353 833
56 833
1128 833
220 833
1477 833
1482 833
709 833
689 833
1320 833
1478 834
1480 835
1483 836
1485 837
1486 838
1487 839
1489 840
1490 841
998 841
1488 841
2288 842
2289 842
2110 842
1899 842
2112 842
2113 842
2286 842
2111 842
2347 842
2215 842
2010 842
2348 842
1492 842
2114 842
259 842
1493 843
1494 844
1495 845
1496 846
1498 847
1499 848
261 849
1500 849
1501 849
1503 850
1505 851
1506 852
1188 853
1509 853
1508 853
1511 854
1321 855
1513 855
1512 855
1514 856
1515 857
1516 858
1520 859
1521 860
1356 861
1525 861
1524 861
1526 862
1527 863
1528 864
1529 865
1530 866
1531 867
1533 868
1534 869
1535 870
1536 871
1537 872
1538 873
1539 874
1540 875
1541 876
1545 877
1544 877
1543 877
1546 878
1547 879
1548 880
1549 881
1550 882
1551 883
1552 884
1553 885
1554 886
1555 887
1556 888
1557 889
1558 890
1559 891
1560 892
1561 893
1562 894
1563 895
1567 896
1568 897
1569 898
1570 899
1571 900
1572 901
1573 902
1574 903
1575 904
1578 905
1580 906
1581 907
786 908
1583 908
1582 908
1584 908
1585 909
1586 910
1587 911
1588 912
1590 913
1634 914
1777 914
717 914
1591 914
1592 915
1595 916
1596 917
1597 918
1598 919
1599 920
1600 921
1601 922
1602 923
1603 924
1605 925
1606 926
1608 927
1609 928
1610 929
1611 930
1614 931
1615 932
1616 933
1617 934
1619 935
1620 936
1621 937
1623 938
1624 939
1625 940
1629 941
663 942
147 942
1338 942
986 942
1748 942
1644 942
444 942
69 942
217 942
606 942
339 942
687 942
987 942
1457 942
835 942
559 942
608 942
662 942
620 942
604 942
1182 942
216 942
1118 942
299 942
664 942
619 942
1111 942
1204 942
1115 942
445 942
1542 942
833 942
1113 942
146 942
257 942
605 942
618 942
667 942
931 942
494 942
1630 942
666 942
1203 942
617 942
740 942
1117 942
1631 943
1632 944
1633 945
1635 946
1636 947
118 947
1638 947
1639 948
1642 949
1643 950
1645 951
1646 952
1647 953
1648 954
1649 955
1650 956
1651 957
1652 958
1653 959
1654 960
1655 961
1656 962
1657 963
1661 964
1662 965
1666 966
1663 966
1665 966
1577 966
1664 967
1667 968
125 969
127 969
1668 969
1671 970
1674 971
1675 972
1676 973
1677 974
1678 975
1679 976
1680 977
1681 978
1682 979
1683 980
1684 981
1686 982
1687 983
1688 984
1689 985
1690 986
1691 987
1692 988
1693 989
1694 990
1695 991
1696 992
1697 993
1699 994
1700 995
1701 996
1702 997
1703 998
1704 999
1705 1000
1706 1001
1707 1002
1927 1002
1641 1002
1708 1003
1709 1004
1710 1005
1711 1006
1712 1007
1713 1008
1714 1009
1715 1010
1716 1011
1717 1012
828 1013
1718 1013
780 1013
1719 1014
1720 1015
1721 1016
1722 1017
1723 1018
1724 1019
1725 1020
1726 1021
1727 1022
1728 1023
1729 1024
1730 1025
1731 1026
1732 1027
1733 1028
1734 1029
1735 1030
1736 1031
1737 1032
1738 1033
1739 1034
1740 1035
1741 1036
1742 1037
1745 1038
1746 1039
1747 1040
1749 1041
1750 1042
1751 1043
1753 1044
1754 1045
1755 1046
1756 1047
1757 1048
1758 1049
1759 1050
1760 1051
1761 1052
1762 1053
1763 1054
1764 1055
1765 1056
1766 1057
1767 1058
1768 1059
1770 1060
1771 1061
1772 1062
1773 1063
1774 1064
1775 1065
1776 1066
1778 1067
1779 1068
1780 1069
1781 1070
225 1071
1058 1071
734 1071
1782 1071
81 1071
86 1071
84 1071
218 1071
180 1071
224 1071
1451 1071
83 1071
652 1071
170 1071
80 1071
168 1071
659 1071
505 1071
219 1071
85 1071
87 1071
660 1071
223 1071
231 1071
215 1071
829 1071
1783 1072
751 1073
1057 1073
1784 1073
1785 1074
1787 1075
1788 1076
1789 1077
1790 1078
1791 1079
1792 1080
1794 1081
1797 1082
1798 1083
1800 1084
1801 1085
1802 1086
1803 1087
1804 1088
1805 1089
1806 1090
1807 1091
817 1092
328 1092
303 1092
692 1092
329 1092
631 1092
553 1092
820 1092
1809 1093
1810 1094
1811 1095
1812 1096
1813 1097
1814 1098
1815 1099
1816 1100
1817 1101
1819 1102
1640 1102
1818 1102
1820 1103
1821 1104
1822 1105
1130 1105
148 1105
154 1105
142 1105
153 1105
1823 1106
1824 1107
1825 1108
1826 1109
1827 1110
1828 1111
1829 1112
1830 1113
1831 1114
1832 1115
1833 1116
1834 1117
1835 1118
1836 1119
1838 1120
1839 1121
1840 1122
1841 1123
1842 1124
1843 1125
1844 1126
1845 1127
1846 1128
1847 1129
1848 1130
1849 1131
1850 1132
1851 1133
1852 1134
1853 1135
1854 1136
1855 1137
2332 1138
1856 1138
1950 1138
1857 1139
1858 1140
1859 1141
1860 1142
1861 1143
1862 1144
1863 1145
1864 1146
1865 1147
1866 1148
1867 1149
1868 1150
1869 1151
1870 1152
1871 1153
1872 1154
1873 1155
1874 1156
1875 1157
1876 1158
1877 1159
1878 1160
1879 1161
1880 1162
1881 1163
1882 1164
1883 1165
1884 1166
1885 1167
1886 1168
1887 1169
1888 1170
1889 1171
1890 1172
1891 1173
1892 1174
1893 1175
1894 1176
1895 1177
1897 1178
1898 1179
1901 1180
1902 1181
1904 1182
1905 1183
1906 1184
1907 1185
1908 1186
1909 1187
1910 1188
1911 1189
1912 1190
1913 1191
1914 1192
1915 1193
1916 1194
1917 1195
1918 1196
1919 1197
1920 1198
1921 1199
1922 1200
1923 1201
1924 1202
1925 1203
1926 1204
1928 1205
1929 1206
1930 1207
1931 1208
1932 1209
1933 1210
1934 1211
1935 1212
1937 1213
1939 1214
1940 1215
1941 1216
1942 1217
937 1218
1944 1218
1945 1218
1946 1219
1947 1220
1948 1221
1949 1222
1951 1223
1952 1224
1953 1225
1956 1226
1959 1227
1960 1228
1961 1229
1962 1230
1963 1231
1964 1232
1965 1233
1966 1234
1967 1235
1968 1236
1969 1237
1970 1238
1971 1239
1972 1240
1973 1241
1974 1242
1975 1243
1976 1244
1977 1245
1978 1246
1979 1247
1980 1248
1981 1249
1982 1250
1983 1251
1984 1252
1986 1253
1987 1254
1988 1255
1989 1256
1990 1257
1991 1258
1992 1259
1993 1260
1994 1261
1995 1262
1996 1263
1997 1264
1998 1265
1999 1266
2001 1267
2002 1268
2003 1269
2004 1270
2005 1271
2006 1272
2007 1273
2008 1274
2009 1275
2011 1276
2015 1277
1985 1278
2018 1278
2016 1278
2019 1279
2020 1280
2021 1281
2022 1282
2023 1283
2024 1284
2025 1285
2026 1286
2027 1287
2028 1288
2029 1289
2030 1290
2031 1291
2033 1292
2034 1293
2035 1294
2039 1295
2037 1296
2249 1296
2041 1296
2000 1296
2372 1296
2013 1296
2042 1297
2043 1298
2045 1299
2046 1300
2047 1301
2048 1302
2049 1303
2050 1304
2051 1305
2053 1306
2057 1307
2058 1307
2056 1307
2054 1307
2059 1308
2060 1309
2126 1310
2127 1310
2125 1310
2129 1310
2061 1310
1936 1310
2231 1310
1322 1310
2169 1310
2062 1311
2063 1312
2064 1313
2066 1314
2067 1315
2068 1316
2069 1317
2070 1318
2071 1319
2072 1320
2073 1321
2074 1322
2075 1323
2263 1323
2225 1323
2264 1323
2367 1323
2287 1323
2080 1324
2081 1325
2096 1325
2098 1325
2083 1326
2090 1327
2092 1328
2094 1329
2097 1330
1371 1331
2100 1331
2099 1331
2101 1332
2102 1333
2103 1334
2107 1335
2108 1336
1532 1337
2319 1337
2109 1337
2115 1338
2116 1339
2117 1340
2118 1341
2119 1342
2121 1343
2123 1344
2124 1345
2131 1346
2132 1347
2044 1347
2130 1347
2133 1348
2135 1349
2136 1350
2137 1351
2138 1352
2140 1353
2143 1354
2141 1354
2470 1354
2139 1354
2142 1355
2144 1356
2145 1357
2146 1358
2149 1359
2088 1360
2235 1360
2106 1360
2038 1360
2151 1360
2105 1360
2040 1360
2055 1360
2269 1360
2085 1360
2150 1360
2234 1360
2152 1361
2153 1362
2155 1363
2156 1364
2157 1365
2158 1366
2159 1367
2160 1368
2161 1369
2162 1370
2163 1371
1958 1372
2164 1372
2166 1372
2165 1373
2168 1374
2170 1375
2171 1376
2172 1377
2173 1378
2174 1379
2177 1380
2175 1380
2205 1380
2176 1381
2178 1382
2179 1383
2180 1384
2181 1385
2182 1386
2183 1387
2184 1388
2185 1389
2191 1390
2192 1391
2193 1392
2194 1393
2197 1394
2200 1395
2202 1396
2203 1397
2204 1398
2206 1399
2209 1400
2211 1401
2212 1402
2213 1403
2214 1404
2216 1405
2217 1406
2218 1407
2220 1408
2222 1409
2223 1410
2224 1411
2226 1412
2227 1413
2228 1414
2230 1415
1050 1415
1795 1415
1796 1415
2232 1416
2233 1417
2236 1418
2237 1419
2238 1420
2239 1421
2240 1422
2241 1423
2242 1424
2243 1425
2244 1426
2245 1427
2246 1428
2247 1429
2248 1430
2250 1431
2251 1432
2252 1433
2253 1434
2254 1435
2255 1436
2256 1437
2257 1438
2260 1439
2261 1440
2262 1441
2270 1442
2272 1443
2273 1444
2265 1445
1957 1445
2391 1445
2268 1445
2036 1445
2276 1445
933 1445
2266 1445
2275 1445
2267 1445
2277 1446
2278 1447
1900 1447
2017 1447
2279 1448
2280 1449
2281 1450
2284 1451
2285 1452
2290 1453
2291 1454
2292 1455
2293 1456
2294 1457
2295 1458
2296 1459
2297 1460
2298 1461
2299 1462
2300 1463
2301 1464
2302 1465
2303 1466
2304 1467
2305 1468
2306 1469
2307 1470
2308 1470
2310 1470
2309 1471
2311 1472
2312 1473
2313 1474
2315 1475
2316 1476
2317 1477
2318 1478
2320 1479
2323 1480
2148 1481
2258 1481
2221 1481
2147 1481
2435 1481
2229 1481
2321 1481
2065 1481
2089 1481
2271 1481
1038 1481
2104 1481
2374 1481
2077 1481
2032 1481
2324 1481
1037 1481
2274 1481
2079 1481
2282 1481
2259 1481
2371 1481
2084 1481
2078 1481
2201 1481
1955 1481
2195 1481
1954 1481
2325 1482
2327 1483
2328 1484
2329 1485
2330 1486
2331 1487
2333 1488
2334 1489
2447 1490
1329 1490
2335 1490
2336 1491
2337 1492
2338 1493
2339 1494
2340 1495
2341 1496
2342 1497
2343 1498
2345 1499
2346 1500
2349 1501
2350 1502
2351 1503
2355 1504
2356 1505
2357 1506
2358 1507
2359 1508
2360 1509
795 1510
1523 1510
2314 1510
2167 1510
1063 1510
2283 1510
2087 1510
1604 1510
2361 1510
2052 1510
2014 1510
2362 1511
2363 1512
2364 1513
2365 1514
2366 1515
2368 1516
2369 1517
2370 1518
1093 1519
1943 1519
2076 1519
2373 1519
2375 1520
2376 1521
2377 1522
2210 1523
2154 1523
2509 1523
2380 1523
2378 1523
2379 1523
2381 1524
2382 1525
2383 1526
2384 1527
2385 1528
2386 1529
2387 1530
2388 1531
2389 1532
2390 1533
2392 1534
2393 1535
2394 1536
2395 1537
2396 1538
2397 1539
2398 1540
2399 1541
2400 1542
2401 1543
2402 1544
2120 1545
2459 1545
1938 1545
2403 1545
2122 1545
2409 1545
2404 1546
2405 1547
2406 1548
2407 1549
2408 1550
2410 1551
2411 1552
2412 1553
2413 1554
2415 1555
2416 1556
2417 1557
2418 1558
2419 1559
2420 1560
2421 1561
2422 1562
2423 1563
2424 1564
2425 1565
2426 1566
2427 1567
2428 1568
2429 1569
2430 1570
2431 1571
2432 1572
2433 1573
2434 1574
2436 1575
2437 1576
2438 1577
2439 1578
2441 1579
2440 1579
2134 1579
2442 1580
2443 1581
2444 1582
2445 1583
2446 1584
2448 1585
2449 1586
2450 1587
2451 1588
2452 1589
2453 1590
2454 1591
2455 1592
2456 1593
2457 1594
2458 1595
2460 1596
2461 1597
2462 1598
2463 1599
2464 1600
2465 1601
2466 1602
2344 1602
2467 1602
2468 1603
2469 1604
2471 1605
2472 1606
2473 1607
2474 1608
2475 1609
2476 1610
2477 1611
2478 1612
2479 1613
2480 1614
2481 1615
2482 1616
2483 1617
2484 1618
2485 1619
2486 1620
2487 1621
2488 1622
2489 1623
2490 1624
2354 1625
1903 1625
2491 1625
2188 1625
2196 1625
2207 1625
2322 1625
2208 1625
2186 1625
2189 1625
2199 1625
2198 1625
2187 1625
2190 1625
2492 1626
2493 1627
2494 1628
2495 1629
2496 1630
2497 1631
2498 1632
2499 1633
2500 1634
2501 1635
2502 1636
2503 1637
2504 1638
2505 1639
2506 1640
2507 1641
2508 1642
2510 1643
2511 1644
2512 1645
2513 1646
2514 1647
2515 1648
2516 1649
2517 1650
2518 1651
2519 1652
2520 1653
2521 1654
2522 1655
2523 1656
2524 1657
2525 1658
2526 1659
2527 1660
2528 1661
2529 1662
2530 1663
2531 1664
2532 1665
2533 1666
2534 1667
2535 1668
2536 1669
2537 1670
2538 1671