0 0
3 1
5 2
6 3
7 4
8 5
9 6
12 7
17 8
20 9
25 10
26 11
27 12
28 13
29 14
30 15
31 16
32 17
33 18
34 19
35 20
36 21
37 22
40 23
857 24
42 24
107 24
624 24
770 24
241 24
82 24
46 25
47 26
48 27
49 28
51 29
54 30
58 31
59 32
60 33
61 34
73 35
74 36
75 37
76 38
77 39
78 40
79 41
225 42
1058 42
734 42
1782 42
81 42
86 42
84 42
218 42
180 42
224 42
83 42
652 42
170 42
80 42
168 42
659 42
505 42
219 42
85 42
87 42
660 42
223 42
231 42
215 42
829 42
88 43
89 44
90 45
91 46
92 47
93 48
95 49
96 50
97 51
1069 52
1718 52
828 52
780 52
100 52
99 52
101 53
104 54
105 55
109 56
110 57
111 58
112 59
113 60
114 61
115 62
116 63
119 64
120 65
121 66
122 67
125 68
127 68
1668 68
126 69
128 70
129 71
130 72
133 73
135 74
1368 74
602 74
1589 74
137 75
140 76
143 77
144 78
145 79
149 80
150 81
151 82
152 83
154 84
148 84
1538 84
132 84
142 84
1822 84
1130 84
184 84
1541 84
153 84
156 85
160 86
167 87
178 88
175 89
179 89
176 89
177 89
181 90
182 91
183 92
185 93
186 94
188 95
191 96
193 97
194 98
197 99
201 100
213 101
611 101
209 101
210 101
211 102
212 103
663 104
216 104
1118 104
147 104
1338 104
1748 104
299 104
1542 104
833 104
217 104
606 104
1113 104
146 104
257 104
605 104
339 104
1630 104
559 104
608 104
52 104
1117 104
604 104
221 105
222 106
226 107
229 108
108 109
234 109
1 109
232 109
235 109
236 109
233 109
106 109
230 109
4 109
238 110
245 111
246 112
253 113
254 114
1016 115
1317 115
1094 115
1015 115
255 115
1096 115
1097 115
1012 115
1017 115
1517 115
1013 115
262 116
264 117
481 117
483 117
982 117
501 117
260 117
921 117
480 117
263 117
265 118
267 119
270 120
272 121
273 122
274 123
205 124
708 124
278 124
496 124
281 124
202 124
199 124
276 124
275 124
280 124
1171 124
204 124
206 124
277 125
286 126
287 127
290 128
198 128
379 128
200 128
291 128
207 128
289 128
248 128
203 128
288 128
292 129
293 130
294 131
295 132
297 133
298 134
301 135
304 136
306 137
307 138
308 139
309 140
310 141
311 142
312 143
313 144
314 145
315 146
316 147
317 148
318 149
319 150
690 151
714 151
936 151
673 151
1510 151
131 151
710 151
325 151
305 151
302 151
712 151
326 151
711 151
324 151
1637 151
323 151
327 151
328 152
329 153
330 154
331 155
332 156
333 157
1449 158
400 158
334 158
864 158
1147 158
418 158
416 158
242 158
592 158
440 158
1022 158
43 158
320 158
321 158
157 158
390 158
165 158
443 158
590 158
164 158
1199 158
322 158
1023 158
578 158
336 159
341 160
342 161
343 162
345 163
1519 164
349 164
346 164
344 164
256 164
16 164
347 164
348 164
1518 164
15 164
350 165
351 166
355 167
356 168
357 169
358 170
359 171
360 172
361 173
362 174
363 175
364 176
365 177
366 178
368 179
788 180
369 180
370 180
371 180
866 180
367 180
375 181
376 182
377 183
378 184
340 185
691 185
681 185
797 185
821 185
1266 185
575 185
395 185
1339 185
337 185
682 185
819 185
1098 185
247 185
1293 185
685 185
1297 185
980 185
1808 185
251 185
1064 185
383 185
1502 185
1164 185
335 185
680 185
250 185
138 185
1579 185
380 186
381 187
384 188
385 189
413 190
909 190
388 190
386 190
930 190
1055 190
447 190
1053 190
23 190
1014 190
1837 190
1698 190
644 190
1594 190
738 190
996 190
741 190
1287 190
387 191
389 191
139 191
391 192
392 193
393 194
394 195
396 196
397 197
398 198
406 199
513 200
407 200
915 200
414 201
408 201
411 201
409 202
415 203
419 204
420 205
421 206
422 207
423 208
425 209
427 210
432 211
433 212
434 213
435 214
439 215
1256 216
1077 216
1255 216
1221 216
441 216
442 216
1361 216
446 217
449 218
450 219
451 220
453 221
454 222
456 223
457 224
459 225
460 226
461 227
462 228
466 229
467 230
468 231
472 232
94 232
470 232
474 233
478 234
479 235
482 236
484 237
485 238
488 239
489 240
486 240
487 240
491 240
490 241
473 242
477 242
476 242
492 242
271 242
57 242
493 243
497 244
498 245
499 246
500 247
502 248
503 249
504 250
506 251
511 252
512 253
514 254
515 255
516 256
517 257
518 258
523 259
524 260
525 261
1628 262
1459 262
527 262
1211 262
526 262
1453 262
1627 262
1626 262
528 263
531 264
471 264
529 264
530 265
532 266
533 267
536 268
538 269
539 270
540 271
541 272
542 273
544 274
545 275
548 276
510 277
507 277
508 277
509 277
817 278
303 278
692 278
553 278
820 278
554 279
555 280
556 281
557 282
558 283
560 284
561 285
562 286
563 287
564 288
565 289
566 290
568 291
571 292
572 293
573 294
579 295
586 296
587 297
589 298
1456 299
173 299
1020 299
776 299
522 299
158 299
1274 299
1198 299
161 299
593 299
417 299
594 300
595 301
598 302
599 303
601 304
603 305
610 306
834 307
612 307
1660 307
613 308
614 309
615 310
616 311
621 312
622 313
626 313
625 313
55 313
623 313
627 314
628 314
629 314
630 315
1513 316
631 316
1512 316
1321 316
635 316
632 316
633 317
634 318
636 319
637 320
640 320
639 320
641 320
638 321
642 322
643 323
647 324
650 325
653 326
656 327
657 328
658 329
661 330
668 331
669 332
670 333
671 334
672 335
674 336
675 337
676 338
677 339
678 340
683 341
684 342
686 343
688 344
693 345
695 346
696 347
698 348
699 349
41 350
11 350
1021 350
1561 350
547 350
1065 350
700 350
1451 350
429 350
426 350
551 350
124 350
1009 350
45 350
53 350
552 350
649 350
567 350
10 350
430 350
968 350
1278 350
1186 350
399 350
654 350
62 350
1173 350
570 350
1484 350
1522 350
549 350
1084 350
1193 350
44 350
1135 350
171 350
475 350
859 350
401 350
1122 350
155 350
569 350
970 350
13 350
14 350
651 350
588 350
428 350
1241 350
967 350
655 350
1134 350
354 350
1504 350
1007 350
1372 350
705 351
713 352
715 353
716 354
1634 355
1777 355
717 355
1591 355
718 356
720 357
721 358
722 359
723 360
724 361
726 362
727 363
728 364
729 365
730 366
731 367
732 368
735 369
736 370
737 371
742 372
744 373
745 374
747 375
748 376
749 377
750 378
751 379
1057 379
1784 379
752 380
753 381
754 382
755 383
756 384
757 385
758 386
759 387
764 388
767 389
768 390
773 391
774 392
777 393
244 394
1357 394
1071 394
778 394
1067 394
781 395
782 396
783 397
784 398
785 399
787 400
791 401
793 402
794 403
795 404
798 405
799 406
800 407
796 407
801 407
803 408
338 409
1157 409
1116 409
546 409
550 409
1088 409
1337 409
807 410
808 411
809 412
810 413
811 414
812 415
814 416
815 417
813 417
816 417
818 418
822 419
825 420
826 421
827 422
831 423
832 424
837 425
838 426
839 427
840 428
841 429
842 430
843 431
844 432
845 433
846 434
849 435
850 436
851 437
852 438
853 439
855 440
856 441
858 442
860 443
861 444
862 445
863 446
1254 447
582 447
865 447
1253 447
1251 447
1252 447
583 447
854 447
1176 447
584 447
581 447
1175 447
576 447
867 448
769 449
868 449
766 449
870 450
869 451
872 451
871 451
873 452
874 453
875 454
1059 455
174 455
702 455
876 455
1041 455
703 455
1479 455
237 455
1144 455
1669 455
1138 455
1100 455
704 455
877 456
880 457
881 458
882 459
883 460
884 461
885 462
886 463
887 464
888 465
890 466
412 466
889 466
648 467
645 467
848 467
847 467
891 467
892 468
893 469
894 470
895 471
896 472
117 473
897 473
898 473
900 474
901 475
902 476
903 477
904 478
905 479
18 480
448 480
444 480
537 480
665 480
1051 480
21 480
374 480
910 480
22 480
1622 480
1576 480
1593 480
24 480
192 480
908 480
373 480
906 480
190 480
372 480
911 481
912 482
913 483
914 484
916 485
917 486
918 487
919 488
920 489
923 490
63 491
986 491
1644 491
1285 491
596 491
1613 491
1491 491
69 491
65 491
495 491
922 491
679 491
987 491
687 491
790 491
1457 491
835 491
662 491
620 491
71 491
646 491
924 491
1182 491
771 491
189 491
789 491
836 491
1507 491
64 491
989 491
664 491
619 491
1111 491
1115 491
1204 491
792 491
445 491
739 491
134 491
607 491
1060 491
67 491
187 491
992 491
72 491
68 491
667 491
618 491
931 491
494 491
1061 491
70 491
666 491
1095 491
925 491
600 491
617 491
991 491
740 491
765 491
772 491
66 491
98 492
927 492
899 492
1497 492
252 492
227 492
926 492
1230 492
1075 492
743 492
103 492
102 492
928 493
195 494
19 494
1354 494
196 494
534 494
1467 494
929 494
932 494
300 494
535 494
934 495
935 496
937 497
1944 497
1945 497
942 498
943 499
944 500
945 501
946 502
947 503
948 504
949 505
950 506
951 507
953 508
954 509
955 510
956 511
957 512
958 513
266 514
269 514
959 514
268 514
960 515
719 516
1202 516
961 516
964 517
962 517
352 517
963 518
965 519
966 520
969 521
971 522
972 523
974 524
975 525
976 526
977 527
978 528
981 529
983 530
984 531
985 532
988 533
990 534
993 535
994 536
543 536
995 536
997 537
999 538
1000 539
1001 540
1002 541
1003 542
1004 543
1005 544
1006 545
1008 546
1010 547
1011 548
1018 549
1019 550
1024 551
1025 552
1026 553
1027 554
1028 555
1029 556
1030 557
1034 558
1033 559
228 559
1031 559
136 559
1035 559
1036 560
707 561
1039 561
162 561
940 561
1099 561
585 561
577 561
519 561
239 561
1074 561
580 561
941 561
240 561
706 561
521 561
166 561
172 561
279 561
779 561
410 561
520 561
574 561
208 561
159 561
1070 561
1101 561
775 561
938 561
243 561
1452 561
163 561
939 561
1458 561
1040 562
1042 563
1043 564
1044 565
1045 566
1046 567
1047 568
1048 569
1049 570
1052 571
1054 572
1056 573
1062 574
1066 575
1068 576
1072 577
1073 578
1076 579
1079 580
1080 581
1081 582
1082 583
1083 584
1085 585
1086 586
1087 587
1089 588
1090 589
2352 590
2086 590
1744 590
2082 590
1470 590
2353 590
2326 590
2414 590
1091 590
1092 590
1102 591
1103 592
1104 593
1105 594
1106 595
1109 596
1110 597
1112 598
1114 599
1119 600
1120 601
1121 602
1123 603
1124 604
1125 605
1126 606
1127 607
1129 608
1131 609
1132 610
1133 611
1136 612
1137 613
1139 614
1140 615
1141 616
1142 617
1143 618
591 619
1145 619
1146 619
1148 620
1149 621
1150 622
1151 623
1152 624
1153 625
1154 626
1155 627
1156 628
1158 629
1159 630
1160 631
1161 632
1162 633
1163 634
1165 635
1166 636
1167 637
1108 638
404 638
1169 638
979 638
403 638
1170 638
249 638
402 638
405 638
1670 638
1168 638
1612 638
141 638
1172 639
760 639
733 639
762 639
952 639
2 639
761 639
169 639
763 639
1032 639
1257 639
424 639
1564 639
50 639
1258 639
1174 640
1177 641
1178 642
1179 643
1180 644
1181 645
1184 646
1185 647
1551 648
1188 648
1509 648
1508 648
1191 649
1190 650
1189 650
746 650
1192 650
1187 650
1194 651
1196 652
1197 653
1200 654
1201 655
1203 656
1205 657
1206 658
1207 659
1208 660
1209 661
1210 662
1212 663
1213 664
1214 665
469 666
1215 666
1216 666
1217 667
1218 668
1219 669
1220 670
1222 671
1225 672
1224 672
1223 672
1226 673
1227 674
1228 675
1232 676
1233 677
1234 678
1235 679
1236 680
1237 681
1238 682
1239 683
1240 684
1242 685
1243 686
1244 687
1245 688
1246 689
1247 690
1248 691
1249 692
1250 693
1262 694
1263 694
1259 694
1260 695
1261 696
1264 697
1265 698
1267 699
38 700
39 700
1183 700
1618 700
1268 700
1269 701
1270 702
1272 703
1273 704
1277 705
1279 706
1280 707
1281 708
1282 709
1283 710
1284 711
1286 712
1288 713
1289 714
1290 715
1291 716
1292 717
1294 718
1295 719
1296 720
1298 721
1299 722
1300 723
1301 724
1302 725
1304 726
1305 727
1450 727
1306 728
1307 729
1308 730
1309 731
1310 732
1311 733
1312 734
1313 735
1314 736
1315 737
1316 738
1318 739
1319 740
1323 741
1324 742
1326 743
1327 744
1328 745
2447 746
1329 746
2335 746
1330 747
1331 748
1332 749
1407 750
1565 750
1334 750
1566 750
258 750
1333 750
725 750
1335 751
1336 752
1340 753
1341 754
436 755
597 755
1342 755
1343 755
1344 755
431 755
1345 756
1346 757
1347 758
1325 758
1743 758
1348 759
1350 760
1351 761
1352 762
1353 763
1355 764
1358 765
1359 766
1360 767
701 768
1397 768
907 768
804 768
1410 768
973 768
123 768
805 768
1271 768
1659 768
1362 768
438 768
824 768
694 768
806 768
1364 768
802 768
1303 768
1231 768
1752 768
437 768
1229 768
697 768
1363 769
1365 770
1366 771
1367 772
1369 773
1370 774
1373 775
1374 776
1375 777
1379 778
1380 779
1381 780
1382 781
1383 782
1384 783
1385 784
1386 785
1387 786
1388 787
1389 788
1390 789
1391 790
1392 791
1396 792
1394 792
1393 792
1395 793
1398 794
1400 795
1401 796
1402 797
1403 798
1404 799
1405 800
296 800
1078 800
1406 801
1408 802
1409 803
1411 804
1412 805
1413 806
1414 807
1415 808
1416 809
1417 810
1418 811
1419 812
1420 813
1421 814
1422 815
1424 816
1423 817
1195 817
1425 817
1426 818
1427 819
1428 820
1429 821
1430 822
1431 823
1433 823
1432 823
1434 824
1435 825
1436 826
1437 827
1438 828
1439 829
1440 830
1441 831
1442 832
1443 833
1444 834
1447 835
1448 836
285 837
823 837
284 837
282 837
283 837
1454 838
1455 839
1460 840
878 841
879 841
1461 841
1462 842
1463 843
1464 844
1465 845
1466 846
1468 847
1469 848
1471 849
465 850
464 850
463 850
1472 850
1399 850
1473 851
1474 852
214 853
1481 853
1475 853
1445 853
1672 853
1107 853
1349 853
353 853
1476 853
56 853
1128 853
220 853
1477 853
1482 853
709 853
689 853
1320 853
1478 854
1480 855
1483 856
1485 857
1486 858
1487 859
1490 860
998 860
1488 860
1489 861
2288 862
2286 862
2111 862
2329 862
2010 862
1898 862
2289 862
2110 862
1899 862
2112 862
2113 862
2347 862
2215 862
2348 862
2149 862
1492 862
2114 862
259 862
1493 863
1494 864
1495 865
1496 866
1498 867
1499 868
261 869
1500 869
1501 869
1503 870
1505 871
1506 872
1511 873
1514 874
1515 875
1516 876
1520 877
1521 878
1356 879
1525 879
1524 879
1526 880
1527 881
1528 882
1529 883
1530 884
1531 885
1532 886
2319 886
2109 886
1533 887
1534 888
1535 889
1536 890
1537 891
1539 892
1540 893
1545 894
1544 894
1543 894
1546 895
1547 896
1548 897
1549 898
1550 899
1552 900
1553 901
1554 902
1555 903
1556 904
1557 905
1558 906
1559 907
1560 908
1562 909
1563 910
1567 911
1568 912
1569 913
1570 914
1571 915
1572 916
1573 917
1574 918
1575 919
1578 920
1580 921
1581 922
786 923
1583 923
1582 923
1584 923
1585 924
1586 925
1587 926
1588 927
1590 928
1592 929
1595 930
1596 931
1597 932
1598 933
1599 934
1600 935
1601 936
1602 937
1603 938
1605 939
1606 940
1608 941
1609 942
1610 943
1611 944
1614 945
1615 946
1616 947
1617 948
1619 949
1620 950
1621 951
1623 952
1624 953
1625 954
1629 955
1631 956
1632 957
1633 958
1635 959
1636 960
118 960
1638 960
1639 961
1642 962
1643 963
1645 964
1646 965
1647 966
1648 967
1649 968
1650 969
1651 970
1652 971
1653 972
1654 973
1655 974
1656 975
1657 976
1658 977
1661 978
1662 979
1664 980
1666 981
1663 981
1665 981
1577 981
1667 982
1671 983
1673 984
1674 985
1675 986
1676 987
1677 988
1678 989
1679 990
1680 991
1681 992
1682 993
1683 994
1684 995
1685 996
1686 997
1687 998
1688 999
1689 1000
1690 1001
1691 1002
1692 1003
1693 1004
1694 1005
1695 1006
1696 1007
1697 1008
1699 1009
1700 1010
1701 1011
1702 1012
1703 1013
1704 1014
1705 1015
1706 1016
1708 1017
1709 1018
1710 1019
1711 1020
1712 1021
1713 1022
1714 1023
1715 1024
1716 1025
1717 1026
1719 1027
1720 1028
1721 1029
1722 1030
1723 1031
1724 1032
1725 1033
1726 1034
1727 1035
1728 1036
1729 1037
1730 1038
1731 1039
1732 1040
1733 1041
1734 1042
1735 1043
1736 1044
1737 1045
1738 1046
1739 1047
1740 1048
1741 1049
1742 1050
1745 1051
1746 1052
1747 1053
1749 1054
1750 1055
1751 1056
1753 1057
1754 1058
1755 1059
1756 1060
1757 1061
1758 1062
1759 1063
1760 1064
1761 1065
1762 1066
1763 1067
1764 1068
1765 1069
1766 1070
1767 1071
1768 1072
1275 1073
1769 1073
1276 1073
830 1073
1770 1074
1771 1075
1772 1076
1773 1077
1774 1078
1775 1079
1776 1080
1778 1081
1779 1082
1780 1083
1781 1084
1783 1085
1785 1086
1786 1087
1787 1088
1788 1089
1789 1090
1790 1091
1791 1092
1792 1093
1793 1094
1794 1095
1797 1096
1798 1097
455 1098
1607 1098
1799 1098
458 1098
452 1098
1800 1099
1801 1100
1802 1101
1803 1102
1804 1103
1805 1104
1806 1105
1807 1106
1809 1107
1810 1108
1811 1109
1812 1110
1813 1111
1814 1112
1815 1113
1816 1114
1817 1115
1819 1116
1640 1116
1818 1116
1820 1117
1821 1118
1823 1119
1824 1120
1825 1121
1826 1122
1827 1123
1828 1124
1829 1125
1830 1126
1831 1127
1832 1128
1833 1129
1834 1130
1835 1131
1836 1132
1838 1133
1839 1134
1840 1135
1841 1136
1842 1137
1843 1138
1844 1139
1845 1140
1846 1141
1847 1142
1848 1143
1849 1144
1850 1145
1851 1146
1852 1147
1853 1148
1854 1149
1855 1150
2332 1151
1856 1151
1950 1151
1857 1152
1858 1153
1859 1154
1860 1155
1861 1156
1862 1157
1863 1158
1864 1159
1865 1160
1866 1161
1867 1162
1868 1163
1869 1164
1870 1165
1871 1166
1872 1167
1873 1168
1874 1169
1875 1170
1876 1171
1877 1172
1878 1173
1879 1174
1880 1175
1881 1176
1882 1177
1883 1178
1884 1179
1885 1180
1886 1181
1887 1182
1888 1183
1889 1184
1890 1185
1891 1186
1892 1187
1893 1188
1894 1189
1895 1190
1378 1191
1377 1191
1896 1191
1376 1191
609 1191
1446 1191
382 1191
1897 1192
1901 1193
1902 1194
1904 1195
1905 1196
1906 1197
1907 1198
1908 1199
1909 1200
1910 1201
1911 1202
1912 1203
1913 1204
1914 1205
1915 1206
1916 1207
1917 1208
1918 1209
1919 1210
1920 1211
1921 1212
1922 1213
1923 1214
1924 1215
1925 1216
1926 1217
1707 1218
1927 1218
1641 1218
1928 1219
1929 1220
1930 1221
1931 1222
1932 1223
1933 1224
1934 1225
1935 1226
2126 1227
2127 1227
2125 1227
2129 1227
2061 1227
1936 1227
2231 1227
1322 1227
2169 1227
1937 1228
1939 1229
1940 1230
1941 1231
1942 1232
1093 1233
1943 1233
2076 1233
2373 1233
1946 1234
1947 1235
1948 1236
1949 1237
1951 1238
1952 1239
1953 1240
1956 1241
1959 1242
1960 1243
1961 1244
1962 1245
1963 1246
1964 1247
1965 1248
1966 1249
1967 1250
1968 1251
1969 1252
1970 1253
1971 1254
1972 1255
1973 1256
1974 1257
1975 1258
1976 1259
1977 1260
1978 1261
1979 1262
1980 1263
1981 1264
1982 1265
1983 1266
1984 1267
1986 1268
1987 1269
1988 1270
1989 1271
1990 1272
1991 1273
1992 1274
1993 1275
1994 1276
1995 1277
1996 1278
1997 1279
1998 1280
1999 1281
2249 1282
2039 1282
2000 1282
2343 1282
2013 1282
2037 1282
2041 1282
2372 1282
2337 1282
2001 1283
2002 1284
2003 1285
2004 1286
2005 1287
2006 1288
2007 1289
2008 1290
2009 1291
2011 1292
2015 1293
1985 1294
2018 1294
2016 1294
2019 1295
2020 1296
2021 1297
2022 1298
2023 1299
2024 1300
2025 1301
2026 1302
2027 1303
2028 1304
2029 1305
2030 1306
2031 1307
2033 1308
2034 1309
2035 1310
2042 1311
2043 1312
2045 1313
2046 1314
2047 1315
2048 1316
2049 1317
2050 1318
2051 1319
2052 1320
2053 1321
2057 1322
2058 1322
2056 1322
2054 1322
2059 1323
2060 1324
2062 1325
2063 1326
2064 1327
2066 1328
2067 1329
2068 1330
2069 1331
2070 1332
2071 1333
2072 1334
2073 1335
2074 1336
2080 1337
2083 1338
2090 1339
2092 1340
2094 1341
2097 1342
2081 1343
2096 1343
2098 1343
1371 1344
2100 1344
2099 1344
2101 1345
2102 1346
2103 1347
2107 1348
2108 1349
2115 1350
2116 1351
2117 1352
2118 1353
2119 1354
2121 1355
2123 1356
2124 1357
2132 1358
2044 1358
2130 1358
2131 1359
2133 1360
2135 1361
2136 1362
2137 1363
2138 1364
2140 1365
2142 1366
2144 1367
2145 1368
2146 1369
2152 1370
2153 1371
2155 1372
2156 1373
2157 1374
2158 1375
2159 1376
2160 1377
2161 1378
2162 1379
2163 1380
2165 1381
1958 1382
2164 1382
2166 1382
2168 1383
2170 1384
2171 1385
2172 1386
2173 1387
2174 1388
2177 1389
2175 1389
2205 1389
2176 1390
2178 1391
2179 1392
2180 1393
2181 1394
2182 1395
2183 1396
2184 1397
2185 1398
2191 1399
2192 1400
2193 1401
2194 1402
2197 1403
2354 1404
1903 1404
2491 1404
2188 1404
2196 1404
2207 1404
2208 1404
2186 1404
2189 1404
2322 1404
2198 1404
2199 1404
2190 1404
2187 1404
2200 1405
2203 1406
2204 1407
2206 1408
2209 1409
2211 1410
2212 1411
2213 1412
2214 1413
2216 1414
2217 1415
2218 1416
2220 1417
2222 1418
2223 1419
2224 1420
2226 1421
2227 1422
2228 1423
2230 1424
1050 1424
1795 1424
1796 1424
2232 1425
2233 1426
2088 1427
2235 1427
2106 1427
2038 1427
2151 1427
2105 1427
2040 1427
2055 1427
2269 1427
2085 1427
2150 1427
2234 1427
2236 1428
2237 1429
2238 1430
2239 1431
2240 1432
2241 1433
2242 1434
2243 1435
2244 1436
2245 1437
2246 1438
2247 1439
2248 1440
2250 1441
2251 1442
2252 1443
2253 1444
2254 1445
2255 1446
2256 1447
2257 1448
2260 1449
2261 1450
2262 1451
2265 1452
1957 1452
2391 1452
2268 1452
2036 1452
2276 1452
933 1452
2266 1452
2275 1452
2267 1452
2270 1453
2272 1454
2273 1455
2277 1456
2278 1457
1900 1457
2017 1457
2279 1458
2280 1459
2281 1460
2128 1461
2095 1461
2093 1461
1063 1461
2283 1461
2219 1461
2091 1461
2202 1461
2012 1461
2284 1462
2285 1463
1523 1464
2075 1464
2314 1464
2263 1464
2367 1464
2287 1464
2167 1464
2225 1464
2264 1464
1604 1464
2361 1464
2014 1464
2290 1465
2291 1466
2292 1467
2293 1468
2294 1469
2295 1470
2296 1471
2297 1472
2298 1473
2299 1474
2300 1475
2301 1476
2302 1477
2303 1478
2304 1479
2305 1480
2306 1481
2309 1482
2307 1483
2308 1483
2310 1483
2311 1484
2312 1485
2313 1486
2315 1487
2316 1488
2317 1489
2318 1490
2320 1491
2323 1492
2148 1493
2258 1493
2221 1493
2147 1493
2435 1493
2229 1493
2321 1493
2065 1493
2089 1493
2271 1493
1038 1493
2104 1493
2374 1493
2077 1493
2032 1493
2324 1493
1037 1493
2274 1493
2079 1493
2259 1493
2282 1493
2371 1493
2084 1493
1955 1493
2078 1493
2201 1493
2195 1493
2087 1493
1954 1493
2325 1494
2327 1495
2328 1496
2330 1497
2331 1498
2333 1499
2334 1500
2336 1501
2338 1502
2339 1503
2340 1504
2341 1505
2342 1506
2345 1507
2346 1508
2349 1509
2350 1510
2351 1511
2355 1512
2356 1513
2357 1514
2358 1515
2359 1516
2360 1517
2362 1518
2363 1519
2364 1520
2365 1521
2366 1522
2368 1523
2369 1524
2370 1525
2375 1526
2376 1527
2377 1528
2210 1529
2154 1529
2509 1529
2380 1529
2378 1529
2379 1529
2381 1530
2382 1531
2383 1532
2384 1533
2385 1534
2386 1535
2387 1536
2388 1537
2389 1538
2390 1539
2392 1540
2393 1541
2394 1542
2395 1543
2396 1544
2397 1545
2398 1546
2399 1547
2400 1548
2401 1549
2402 1550
2120 1551
1938 1551
2459 1551
2403 1551
2122 1551
2409 1551
2404 1552
2405 1553
2406 1554
2407 1555
2408 1556
2410 1557
2411 1558
2412 1559
2413 1560
2415 1561
2416 1562
2417 1563
2418 1564
2419 1565
2420 1566
2421 1567
2422 1568
2423 1569
2424 1570
2425 1571
2426 1572
2427 1573
2428 1574
2429 1575
2430 1576
2431 1577
2432 1578
2433 1579
2434 1580
2436 1581
2437 1582
2438 1583
2439 1584
2441 1585
2440 1585
2134 1585
2442 1586
2443 1587
2444 1588
2445 1589
2446 1590
2448 1591
2449 1592
2450 1593
2451 1594
2452 1595
2453 1596
2454 1597
2455 1598
2456 1599
2457 1600
2458 1601
2460 1602
2461 1603
2462 1604
2463 1605
2464 1606
2465 1607
2466 1608
2344 1608
2467 1608
2468 1609
2469 1610
2143 1611
2141 1611
2470 1611
2139 1611
2471 1612
2472 1613
2473 1614
2474 1615
2475 1616
2476 1617
2477 1618
2478 1619
2479 1620
2480 1621
2481 1622
2482 1623
2483 1624
2484 1625
2485 1626
2486 1627
2487 1628
2488 1629
2489 1630
2490 1631
2492 1632
2493 1633
2494 1634
2495 1635
2496 1636
2497 1637
2498 1638
2499 1639
2500 1640
2501 1641
2502 1642
2503 1643
2504 1644
2505 1645
2506 1646
2507 1647
2508 1648
2510 1649
2511 1650
2512 1651
2513 1652
2514 1653
2515 1654
2516 1655
2517 1656
2518 1657
2519 1658
2520 1659
2521 1660
2522 1661
2523 1662
2524 1663
2525 1664
2526 1665
2527 1666
2528 1667
2529 1668
2530 1669
2531 1670
2532 1671
2533 1672
2534 1673
2535 1674
2536 1675
2537 1676
2538 1677