6 0
17 1
1042 2
1951 2
827 2
1025 2
29 2
1046 2
27 2
25 2
1718 2
31 2
1069 2
758 2
1619 2
30 2
1043 2
1683 2
828 2
963 2
32 2
28 2
780 2
1778 2
971 2
1045 2
1090 2
729 3
719 3
1359 3
1959 3
728 3
713 3
1838 3
1202 3
730 3
961 3
857 4
41 4
44 4
624 4
859 4
42 4
238 4
1052 4
239 4
970 4
45 4
82 4
1214 4
107 4
1530 4
241 4
58 5
60 6
622 7
626 7
625 7
55 7
623 7
74 8
225 9
1782 9
81 9
84 9
218 9
1451 9
224 9
1468 9
83 9
661 9
652 9
1804 9
659 9
505 9
231 9
660 9
1200 9
215 9
829 9
222 9
1058 9
734 9
180 9
59 9
80 9
219 9
85 9
87 9
1398 9
223 9
86 9
1295 9
89 10
91 11
119 12
116 12
120 13
406 14
1270 14
1574 14
135 14
133 14
1589 14
128 14
1588 14
1368 14
602 14
1575 14
143 15
948 16
481 16
483 16
501 16
919 16
260 16
480 16
921 16
1210 16
264 16
1185 16
482 16
1401 16
1186 16
500 16
1704 16
1501 16
485 16
1264 16
982 16
826 16
261 16
262 16
1500 16
263 16
950 16
920 16
499 16
588 16
1160 16
497 16
856 16
265 16
1449 17
400 17
579 17
334 17
864 17
1147 17
418 17
416 17
242 17
592 17
186 17
770 17
1022 17
320 17
43 17
1645 17
321 17
594 17
157 17
390 17
165 17
590 17
229 17
1573 17
1199 17
319 17
322 17
1023 17
164 17
182 18
714 18
1296 18
791 18
1639 18
1422 18
183 18
1629 18
1549 18
1550 18
154 18
302 18
129 18
137 18
837 18
1822 18
1761 18
153 18
1084 18
1708 18
785 18
1130 18
155 18
131 18
710 18
1403 18
305 18
140 18
132 18
151 18
152 18
142 18
1126 18
150 18
1127 18
1429 18
304 18
1757 18
184 18
366 18
812 18
839 18
1637 18
323 18
540 18
327 18
690 18
301 18
1571 18
148 18
936 18
1538 18
673 18
1540 18
1892 18
1541 18
1201 18
325 18
360 18
26 18
787 18
711 18
324 18
838 18
108 19
744 19
1 19
1387 19
167 19
236 19
745 19
233 19
106 19
4 19
702 20
876 20
1041 20
237 20
460 20
911 20
459 20
453 20
704 20
1151 20
703 20
1479 20
1669 20
732 20
913 20
892 20
1977 20
174 20
1083 20
1148 20
1144 20
1138 20
462 20
1150 20
461 20
1059 20
1710 20
895 20
1386 20
1149 20
777 20
1865 20
1384 20
663 21
1181 21
147 21
216 21
1118 21
1294 21
1338 21
1000 21
299 21
217 21
1353 21
606 21
1248 21
146 21
257 21
605 21
339 21
1630 21
559 21
608 21
1736 21
1117 21
604 21
1371 22
2100 22
807 22
2099 22
286 23
1318 24
1730 24
1695 24
1654 24
1438 24
200 24
1319 24
291 24
564 24
1729 24
1932 24
207 24
289 24
203 24
288 24
293 25
292 25
330 26
332 27
333 28
1519 29
1206 29
1434 29
1021 29
934 29
1207 29
935 29
344 29
256 29
348 29
1520 29
15 29
349 29
346 29
345 29
16 29
347 29
350 29
354 29
1518 29
358 30
117 31
149 31
897 31
675 31
355 31
1759 31
419 31
359 31
420 31
33 31
898 31
436 32
861 32
1974 32
1344 32
281 32
433 32
431 32
276 32
275 32
206 32
205 32
708 32
1308 32
496 32
202 32
1915 32
1158 32
280 32
1342 32
671 32
862 32
199 32
363 32
1343 32
672 32
1585 32
1159 32
1004 32
434 32
278 32
1240 32
435 32
1171 32
204 32
201 32
1593 33
375 33
374 33
373 33
376 33
372 33
385 34
817 35
691 35
573 35
303 35
821 35
1991 35
1297 35
553 35
391 35
819 35
1808 35
1580 35
1534 35
688 35
314 35
692 35
831 35
820 35
130 35
393 36
392 36
11 37
10 37
14 37
12 37
401 37
399 37
7 37
13 37
1421 38
484 38
1169 38
979 38
1495 38
1537 38
1536 38
403 38
1170 38
1788 38
1246 38
141 38
883 38
1969 38
1108 38
404 38
886 38
1658 38
1765 38
1581 38
885 38
1612 38
249 38
402 38
1670 38
405 38
1168 38
425 39
800 40
1462 40
796 40
801 40
427 40
1749 40
1463 40
196 41
448 41
2108 41
193 41
1731 41
191 41
929 41
665 41
197 41
1775 41
194 41
1774 41
2021 41
195 41
1426 41
1265 41
1314 41
932 41
192 41
910 41
906 41
190 41
1350 41
454 42
1608 43
455 43
1799 43
1568 43
1607 43
458 43
452 43
457 44
466 45
498 46
502 47
503 48
504 49
1852 50
904 50
340 50
1713 50
290 50
1712 50
681 50
797 50
696 50
253 50
669 50
248 50
395 50
682 50
1098 50
8 50
1570 50
1888 50
379 50
251 50
1502 50
1560 50
1385 50
250 50
1726 50
1579 50
456 50
1156 50
670 50
561 50
1552 50
668 50
1812 50
1266 50
1370 50
1339 50
575 50
337 50
247 50
1293 50
685 50
980 50
1891 50
198 50
1064 50
342 50
383 50
1164 50
335 50
680 50
138 50
1851 50
515 51
530 52
539 53
541 53
538 53
545 54
554 55
555 56
562 57
1190 58
1646 58
1192 58
1657 58
1187 58
969 58
47 58
1188 58
1509 58
1189 58
1508 58
48 58
746 58
1551 58
570 58
589 59
610 60
613 61
614 62
1655 62
616 63
0 64
890 64
328 64
1787 64
422 64
115 64
5 64
2 64
3 64
412 64
329 64
889 64
1257 64
1258 64
643 65
647 65
1388 65
848 65
645 65
1425 65
648 65
1195 65
847 65
1423 65
846 65
891 65
1389 65
653 66
598 67
1123 67
63 67
1124 67
1644 67
986 67
1285 67
185 67
1748 67
596 67
1491 67
985 67
69 67
990 67
145 67
922 67
603 67
1750 67
687 67
832 67
790 67
240 67
595 67
678 67
662 67
1885 67
71 67
767 67
686 67
771 67
189 67
1298 67
789 67
836 67
989 67
1617 67
619 67
1115 67
1204 67
679 67
1111 67
1967 67
739 67
1542 67
607 67
833 67
992 67
78 67
618 67
343 67
494 67
1125 67
70 67
666 67
925 67
768 67
601 67
600 67
923 67
163 67
850 67
66 67
1599 67
1326 67
1854 67
444 67
1283 67
317 67
731 67
65 67
495 67
1485 67
599 67
987 67
1457 67
835 67
737 67
621 67
620 67
646 67
924 67
1182 67
101 67
297 67
1507 67
1196 67
64 67
764 67
664 67
792 67
914 67
445 67
134 67
67 67
1060 67
187 67
72 67
1113 67
68 67
1034 67
667 67
931 67
126 67
1061 67
1095 67
642 67
1614 67
1931 67
617 67
991 67
808 67
740 67
556 67
772 67
765 67
674 68
677 69
683 70
684 71
695 72
699 73
715 74
721 75
742 76
1254 77
582 77
840 77
1253 77
1252 77
747 77
584 77
583 77
1176 77
586 77
865 77
1251 77
854 77
581 77
1175 77
576 77
40 78
1036 78
615 78
761 78
763 78
1079 78
1032 78
49 78
424 78
51 78
884 78
1286 78
1306 78
957 78
760 78
1080 78
712 78
762 78
952 78
1304 78
1415 78
50 78
773 79
1157 80
781 80
1088 80
1397 80
999 80
1839 80
984 80
1337 80
783 80
212 80
438 80
784 80
546 80
550 80
1411 80
1527 80
1044 80
1528 80
786 81
1845 81
1584 81
1049 81
1048 81
1881 81
1846 81
1047 81
1582 81
1583 81
1844 81
2057 82
2056 82
2054 82
2448 82
2058 82
810 83
917 83
341 83
806 83
1613 83
1231 83
1752 83
597 83
1102 83
973 83
908 83
1659 83
1229 83
22 83
825 84
1807 85
1276 85
830 85
1832 85
1611 85
1769 85
1275 85
381 86
18 86
377 86
1622 86
1051 86
1576 86
24 86
21 86
446 86
378 86
853 87
855 88
858 89
860 90
863 91
870 92
813 93
1701 93
421 93
815 93
849 93
1700 93
90 93
814 93
816 93
880 93
1702 93
1699 93
568 94
1722 94
945 94
882 94
1635 94
893 95
558 96
368 96
369 96
295 96
788 96
896 96
749 96
370 96
371 96
866 96
367 96
902 97
903 98
912 99
19 100
407 100
20 100
563 100
918 100
513 100
915 100
916 101
707 102
162 102
942 102
972 102
410 102
940 102
520 102
1100 102
97 102
208 102
947 102
1609 102
1917 102
577 102
518 102
519 102
96 102
580 102
398 102
941 102
974 102
938 102
706 102
939 102
943 103
944 104
946 105
1940 106
727 106
1354 106
676 106
1377 106
726 106
1467 106
109 106
111 106
1310 106
364 106
842 106
313 106
609 106
245 106
1649 106
1677 106
958 106
1516 106
75 106
1309 106
1535 106
79 106
1651 106
316 106
537 106
1056 106
1711 106
246 106
1392 106
756 106
362 106
1678 106
1548 106
77 106
382 106
532 106
380 106
277 106
300 106
1829 106
533 106
110 106
560 106
629 106
2026 106
628 106
1676 106
1515 106
536 106
318 106
1057 106
1784 106
1114 106
1918 106
960 106
1587 106
1390 106
534 106
1378 106
751 106
759 106
557 106
73 106
1391 106
630 106
535 106
627 106
735 106
1896 106
1376 106
1312 106
736 106
757 106
1446 106
1328 106
965 107
978 108
244 108
1357 108
778 108
1071 108
894 108
975 108
1205 108
1104 108
976 108
46 108
1109 108
1706 108
1067 108
983 109
988 110
993 111
1684 112
994 112
543 112
995 112
1002 113
1003 114
1005 115
1008 116
1648 116
1010 117
1172 118
1456 118
1194 118
160 118
1020 118
1193 118
171 118
1019 118
658 118
1065 118
161 118
1198 118
875 118
1197 118
843 118
170 118
173 118
168 118
156 118
776 118
522 118
733 118
158 118
166 118
1274 118
169 118
172 118
1688 118
1564 118
593 118
417 118
1496 119
1029 120
1030 121
1280 122
228 122
566 122
1279 122
1035 122
1033 122
1031 122
136 122
1277 122
226 122
2360 123
657 123
234 123
656 123
230 123
232 123
235 123
1054 124
1066 125
1068 126
1786 127
1082 127
1592 127
1086 127
1927 127
1245 127
312 127
1105 127
1085 127
1707 127
1641 127
310 127
311 127
1208 127
1089 128
1800 129
1953 129
1876 129
1094 129
1015 129
1824 129
1442 129
255 129
1650 129
1012 129
450 129
1874 129
1116 129
1018 129
1474 129
1667 129
1801 129
1096 129
1867 129
338 129
1770 129
298 129
1517 129
104 129
211 129
1755 129
1016 129
1598 129
1883 129
1017 129
1239 129
1823 129
365 129
1316 129
1013 129
1317 129
1841 129
188 129
1739 129
1097 129
1831 129
956 129
1166 129
1315 129
565 129
1486 129
1753 129
1313 129
1039 130
1454 130
1099 130
1211 130
809 130
1040 130
1075 130
99 130
528 130
526 130
1230 130
743 130
1791 130
1302 130
1697 130
524 130
779 130
1459 130
523 130
574 130
1497 130
227 130
926 130
37 130
1626 130
102 130
927 130
899 130
1889 130
252 130
1073 130
709 130
100 130
525 130
1458 130
1498 130
1628 130
1455 130
585 130
966 130
928 130
1074 130
1793 130
527 130
105 130
1453 130
103 130
811 130
1072 130
279 130
705 130
159 130
1514 130
1627 130
1070 130
1101 130
775 130
98 130
1203 130
243 130
1499 130
1452 130
437 130
1282 130
1121 131
267 132
1129 132
959 132
1827 132
782 132
1461 132
1261 132
1691 132
1365 132
76 132
269 132
879 132
877 132
268 132
1460 132
878 132
748 132
1262 132
266 132
1263 132
1259 132
1260 132
1768 132
1693 132
1983 132
1826 132
331 132
881 132
294 132
1132 133
1133 134
1723 134
1139 135
591 136
1145 136
1146 136
1165 137
1177 138
1686 138
1180 139
1191 140
1209 141
469 142
1215 142
1216 142
468 142
1873 142
1219 143
1222 144
1225 145
1224 145
1223 145
1232 146
1815 147
1561 147
547 147
429 147
426 147
798 147
551 147
552 147
567 147
430 147
1278 147
548 147
521 147
964 147
511 147
954 147
62 147
962 147
1173 147
1689 147
274 147
1522 147
549 147
352 147
1135 147
356 147
517 147
955 147
1562 147
569 147
1352 147
54 147
512 147
1909 147
61 147
571 147
428 147
1241 147
1694 147
1134 147
1244 147
572 147
1616 147
1212 147
1250 148
1268 149
39 149
1183 149
1674 149
1618 149
1267 149
36 149
38 149
35 149
1227 149
34 149
1269 150
1281 151
1289 152
1869 152
1417 152
544 152
1162 152
1358 152
210 152
1773 152
834 152
1360 152
1290 152
213 152
1660 152
1418 152
209 152
612 152
1161 152
1288 152
1531 152
905 152
852 152
1771 152
1332 152
867 152
611 152
900 152
1292 153
94 154
471 154
1299 154
470 154
531 154
1300 154
529 154
472 154
1301 155
1307 156
1323 157
1335 158
1110 159
1356 159
1525 159
1524 159
1346 160
1351 161
1448 162
1740 162
1447 162
701 162
1380 162
818 162
1906 162
804 162
803 162
1410 162
805 162
1271 162
1233 162
1362 162
1652 162
694 162
1364 162
802 162
1741 162
88 162
1363 162
698 162
95 162
1234 162
92 162
1973 162
697 162
1381 162
1367 163
1373 164
1379 165
1383 166
1027 167
1402 167
1565 168
542 168
1407 168
1916 168
1235 168
1890 168
722 168
2242 168
1566 168
1334 168
1237 168
1789 168
258 168
1333 168
724 168
1880 168
1236 168
1238 168
723 168
725 168
1408 169
1412 170
1413 171
1526 172
1414 172
1420 173
1427 174
1428 174
1431 175
1433 175
1806 175
1432 175
1435 176
1437 177
1441 178
1464 179
1465 180
1469 181
1471 182
1478 183
1143 183
112 183
1481 183
1475 183
953 183
114 183
1673 183
1445 183
1672 183
506 183
1107 183
1349 183
1476 183
353 183
1142 183
221 183
1692 183
56 183
693 183
1128 183
1141 183
1477 183
1482 183
689 183
113 183
1480 184
1483 185
2273 186
1506 187
1529 188
1539 189
1545 190
1544 190
1543 190
841 191
1877 191
270 191
1340 191
493 191
1510 191
1696 191
1436 191
845 191
273 191
981 191
351 191
1817 191
1440 191
1767 191
1345 191
1675 191
1024 191
1026 191
1103 191
1242 191
474 191
1106 191
1439 191
57 191
1671 191
1430 191
1725 191
476 191
1887 191
475 191
477 191
1547 191
492 191
1605 191
473 191
1505 191
822 191
1028 191
1809 191
326 191
272 191
1348 191
271 191
1372 191
1553 192
1554 193
1555 194
1556 195
1901 195
1557 196
1558 197
1559 198
1321 199
1819 199
1897 199
214 199
1512 199
1640 199
1511 199
1818 199
1569 199
220 199
451 199
52 199
1513 199
1320 199
1567 199
1572 200
1578 201
1586 202
1590 203
394 204
1634 204
1591 204
490 204
717 204
489 204
1717 204
486 204
487 204
491 204
1716 204
1777 204
1595 205
1597 206
1600 207
1601 208
1602 209
1603 210
1606 211
1615 212
1620 213
1621 214
1624 215
1623 215
1625 216
1633 217
1636 218
118 218
1638 218
1653 219
1664 220
1409 221
1665 221
1577 221
144 221
1666 221
1610 221
1663 221
1679 222
1681 223
1682 224
1687 225
1703 226
1714 227
650 228
700 228
396 228
124 228
1009 228
53 228
649 228
1720 228
634 228
968 228
1006 228
1416 228
1119 228
2518 228
631 228
654 228
397 228
408 228
1484 228
1715 228
1247 228
1443 228
409 228
632 228
633 228
636 228
1546 228
1122 228
1120 228
635 228
1721 228
1444 228
651 228
967 228
1919 228
655 228
411 228
2456 228
1504 228
1007 228
414 228
1814 229
1341 229
949 229
1112 229
181 229
951 229
1631 229
1719 229
178 229
1336 229
177 229
587 229
1705 229
179 229
516 229
176 229
357 229
1813 229
1179 229
175 229
1178 229
1724 230
1001 231
1291 231
479 231
478 231
998 231
1662 231
887 231
907 231
868 231
123 231
766 231
997 231
1369 231
1220 231
1732 231
824 231
1382 231
851 231
1303 231
1490 231
888 231
1661 231
1489 231
769 231
1488 231
753 232
755 232
752 232
1742 232
1347 232
754 232
1324 232
1327 232
1325 232
1738 232
1743 232
467 233
285 233
1746 233
823 233
1450 233
284 233
1494 233
1798 233
283 233
1493 233
1395 233
1305 233
1632 233
282 233
1747 233
1751 234
1754 235
1758 236
1760 237
1764 238
1766 239
1776 240
1779 241
1780 242
1781 243
1783 244
1785 245
1790 246
1792 247
1794 248
1050 248
1795 248
1796 248
2230 248
1797 249
1802 250
1803 251
1816 252
1820 253
1821 254
1825 255
1828 256
1833 257
1834 258
1835 259
1836 260
1842 261
1256 262
1647 262
1217 262
441 262
442 262
1361 262
514 262
1081 262
1077 262
1850 262
1923 262
1843 262
1857 262
440 262
1221 262
799 262
1255 262
1213 262
443 262
439 262
1355 262
93 262
1218 262
1859 262
578 262
1848 263
1849 263
1853 264
1858 265
1860 266
1861 267
1862 268
1863 269
1864 270
1868 271
1870 272
1871 273
1872 274
1875 275
1878 276
1879 277
1882 278
1884 279
1886 280
1893 281
1894 282
1895 283
901 284
1902 284
1904 285
1905 286
1908 287
1910 288
1912 289
1913 290
1914 291
1920 292
1921 293
1924 294
1925 295
1926 296
1928 297
869 298
1272 298
1273 298
361 298
871 298
1393 298
774 298
873 298
874 298
336 298
1930 298
1243 298
1394 298
872 298
1685 298
1643 298
1366 298
1396 298
977 298
1690 298
510 299
509 299
1933 299
432 299
507 299
508 299
1935 300
909 301
844 301
139 301
930 301
23 301
1375 301
1698 301
644 301
1594 301
1226 301
1228 301
996 301
1772 301
1487 301
1374 301
1604 301
389 301
413 301
1961 301
388 301
386 301
1055 301
447 301
1053 301
1014 301
449 301
1745 301
384 301
716 301
1523 301
387 301
738 301
415 301
423 301
741 301
1011 301
1287 301
1709 301
1941 302
937 303
1944 303
1945 303
1946 304
1947 305
1948 306
1949 307
1956 308
2366 309
2155 309
1958 309
2156 309
2533 309
2164 309
2166 309
1960 310
1962 311
1963 312
1966 313
1968 314
1970 315
1971 316
1972 317
1975 318
1976 319
1978 320
1980 321
1249 321
1981 321
1979 321
1984 322
1988 323
1989 324
1990 325
1993 326
1994 327
1995 328
1996 329
1424 330
1900 330
2278 330
2427 330
2017 330
2020 331
2416 332
2233 332
2217 332
2321 332
2065 332
2293 332
2311 332
2306 332
2031 332
2033 332
1957 332
2488 332
2078 332
2064 332
2320 332
2301 332
2369 332
2036 332
2224 332
933 332
2277 332
2503 332
2080 332
2499 332
1163 332
2009 332
2086 332
2028 332
2362 332
2498 332
2183 332
1866 332
1596 332
2373 332
2281 332
2184 332
2536 332
2455 332
2407 332
2008 332
2204 332
1092 332
2412 332
2317 332
2157 332
1943 332
2438 332
2077 332
2302 332
2417 332
2514 332
2030 332
2404 332
2357 332
2292 332
2171 332
2262 332
2523 332
1999 332
2066 332
1087 332
2365 332
2422 332
2001 332
1965 332
2256 332
2300 332
2201 332
2513 332
2358 332
2185 332
2023 332
2284 332
2355 332
2323 332
1093 332
2490 332
1062 332
2179 332
2338 332
2254 332
2276 332
2336 332
2266 332
2034 332
2082 332
2521 332
2218 332
2473 332
2019 332
2445 332
2159 332
2165 332
2421 332
1998 332
1470 332
2517 332
2352 332
2492 332
2534 332
2391 332
2027 332
2174 332
2003 332
1140 332
2453 332
2489 332
2216 332
2211 332
2303 332
1744 332
2268 332
2195 332
1091 332
2029 332
2265 332
2275 332
2356 332
2181 332
2431 332
2229 332
2460 332
2452 332
1997 332
2076 332
2025 332
2267 332
2290 332
2079 332
2399 332
2002 332
2510 332
2176 332
1131 332
1986 332
2527 332
2258 332
2415 332
2173 332
2353 332
2390 332
2180 332
2326 332
2414 332
2298 332
2032 332
2522 332
1174 332
2206 332
2282 332
1934 332
2232 332
2389 332
2247 332
2305 332
1331 332
2285 332
1987 332
2035 333
2372 334
2249 334
2444 334
2000 334
2013 334
2037 334
2337 334
2041 334
2343 334
2042 334
2400 334
2038 335
2151 335
2105 335
2040 335
2327 335
2234 335
795 335
2088 335
2039 335
2235 335
2531 335
2106 335
2315 335
2055 335
2269 335
2085 335
2150 335
1952 336
2062 336
2447 336
1735 336
1737 336
1733 336
2462 336
2059 336
1734 336
2335 336
2121 336
2375 336
1329 336
1184 336
2063 337
2069 338
2071 339
2073 340
2081 341
2096 341
2098 341
127 342
465 342
1136 342
720 342
1404 342
1399 342
287 342
315 342
1155 342
1964 342
121 342
1922 342
718 342
1840 342
307 342
1137 342
309 342
1521 342
1405 342
1472 342
464 342
1152 342
1406 342
488 342
1153 342
306 342
1076 342
2495 342
1400 342
308 342
1473 342
296 342
1668 342
122 342
1078 342
125 342
463 342
1284 342
2170 343
2250 344
2330 344
2394 344
2132 344
2172 344
2024 344
2451 344
2408 344
2130 344
2043 344
2512 344
2045 344
2044 344
2133 344
2131 344
2354 345
2152 345
2406 345
2393 345
2196 345
2478 345
2370 345
2208 345
2187 345
1903 345
2226 345
2322 345
2191 345
2524 345
2313 345
2046 345
2228 345
2491 345
2197 345
2479 345
2339 345
1563 345
2190 345
2395 345
2203 345
2388 345
2188 345
2516 345
2207 345
2189 345
2186 345
2199 345
2198 345
2212 346
2223 347
2237 348
2528 349
2144 349
2241 349
2430 349
2419 349
2384 349
2120 349
2236 349
2436 349
2469 349
2328 349
2145 349
2051 349
2048 349
2047 349
2484 349
640 349
2420 349
639 349
2351 349
2175 349
2138 349
1950 349
1938 349
1855 349
2501 349
637 349
2162 349
2116 349
2363 349
2101 349
2238 349
1642 349
1330 349
2163 349
1847 349
641 349
2500 349
2239 349
2403 349
2410 349
2053 349
638 349
1937 349
2486 349
2428 349
2015 349
2160 349
2240 349
2364 349
2504 349
1805 349
2118 349
2006 349
1503 349
2332 349
2345 349
2136 349
2074 349
1929 349
2429 349
1810 349
2005 349
2004 349
1856 349
2459 349
1680 349
2418 349
2022 349
2350 349
1811 349
2385 349
2142 349
2137 349
750 349
1311 349
2470 349
2487 349
2511 349
2135 349
2060 349
2325 349
2049 349
2480 349
2103 349
1727 349
2401 349
2409 349
2143 349
1756 349
2102 349
9 349
2090 349
2402 349
1939 349
2502 349
2123 349
2161 349
2007 349
2122 349
2168 349
2140 349
2178 349
2141 349
2411 349
2446 349
2454 349
2050 349
1911 349
1154 349
1533 349
2139 349
2177 349
2472 349
2072 349
1167 349
2205 349
2386 349
2243 350
2227 351
2253 351
2245 351
2252 351
2248 352
2251 353
2255 354
2257 355
2272 356
2368 357
2148 357
2221 357
2147 357
2435 357
2329 357
2089 357
2271 357
1038 357
2146 357
2104 357
2374 357
2324 357
2214 357
1037 357
2274 357
2259 357
2371 357
2084 357
1955 357
2426 357
2270 357
2011 357
2149 357
2107 357
1954 357
2279 358
2280 358
254 359
2288 359
2297 359
2083 359
2439 359
2167 359
2115 359
1763 359
1466 359
2398 359
794 359
1898 359
2117 359
2387 359
2263 359
1899 359
2113 359
2507 359
2287 359
2215 359
2347 359
2348 359
1830 359
2225 359
2483 359
2087 359
2361 359
2114 359
2359 359
259 359
2314 359
2367 359
2097 359
2286 359
2111 359
2261 359
2010 359
1063 359
2075 359
2289 359
1762 359
2110 359
2349 359
2112 359
2014 359
2244 359
2213 359
2260 359
2283 359
1492 359
2264 359
2296 359
1419 359
2246 359
2468 359
2291 360
2312 361
2308 361
2310 361
2307 361
2153 361
2316 362
2318 363
2331 364
2333 365
2334 366
2018 367
2466 367
2016 367
1985 367
2344 367
2467 367
2346 368
2382 369
2383 370
2392 371
2477 372
2396 372
2397 373
2405 374
2413 375
2209 376
1532 376
2424 376
2423 376
2425 376
2319 376
2109 376
2295 376
2294 376
2432 377
2437 378
2433 378
2441 379
2440 379
2134 379
2442 380
2443 381
2449 382
2450 383
2457 384
2461 385
2463 386
2304 387
2299 387
2379 387
2464 387
2210 387
2381 387
2309 387
2378 387
2465 387
2200 387
2154 387
2509 387
2340 387
2380 387
2538 387
2342 387
2182 387
2341 387
2376 388
1992 388
2194 388
2129 388
2095 388
2068 388
2070 388
2471 388
2124 388
2220 388
2192 388
2094 388
2193 388
2202 388
2052 388
1982 388
2126 388
2127 388
1907 388
2128 388
2093 388
1942 388
793 388
2219 388
2434 388
2092 388
2012 388
2091 388
1837 388
2525 388
2119 388
1728 388
2222 388
2125 388
2061 388
1656 388
1936 388
2067 388
2231 388
1322 388
2377 388
2158 388
2169 388
2458 388
2474 389
2475 390
2476 391
2481 392
2482 393
2485 394
2493 395
2494 396
2496 397
2497 398
2505 399
2506 400
2508 401
2515 402
2519 403
2520 404
2526 405
2529 406
2530 407
2532 408
2535 409
2537 410