890 0
412 0
889 0
1129 1
562 1
20 1
916 1
1261 1
915 1
1408 1
1768 1
1693 1
563 1
918 1
513 1
407 1
18 2
196 2
1338 2
193 2
444 2
665 2
929 2
374 2
446 2
906 2
381 2
19 2
375 2
377 2
559 2
1576 2
932 2
24 2
908 2
448 2
190 2
1350 2
1870 2
537 2
376 2
1051 2
21 2
910 2
194 2
378 2
22 2
2021 2
1426 2
195 2
1871 2
1622 2
1593 2
192 2
373 2
197 2
191 2
372 2
827 3
330 3
1089 3
29 3
995 3
25 3
31 3
543 3
1619 3
1087 3
994 3
30 3
1578 3
1683 3
32 3
1960 3
1682 3
28 3
1684 3
1090 3
1036 4
1842 4
761 4
763 4
1079 4
432 4
1032 4
49 4
51 4
957 4
760 4
1080 4
762 4
424 4
50 4
1258 4
1819 5
1897 5
1512 5
1640 5
1511 5
1818 5
1569 5
1513 5
1321 5
1567 5
225 6
1782 6
81 6
84 6
218 6
224 6
1468 6
83 6
661 6
652 6
1804 6
170 6
168 6
659 6
505 6
1996 6
231 6
660 6
1200 6
215 6
829 6
222 6
1058 6
734 6
180 6
1935 6
59 6
80 6
1059 6
219 6
85 6
87 6
1469 6
1398 6
223 6
86 6
1295 6
1940 7
1042 7
293 7
1377 7
2481 7
720 7
2430 7
1046 7
109 7
1310 7
364 7
1964 7
292 7
313 7
1269 7
718 7
963 7
1623 7
1158 7
245 7
1649 7
1926 7
958 7
1405 7
1962 7
1139 7
75 7
1535 7
1993 7
855 7
1548 7
77 7
1668 7
382 7
1078 7
122 7
1575 7
841 7
629 7
1399 7
287 7
315 7
1155 7
758 7
121 7
1600 7
536 7
318 7
1625 7
1918 7
1045 7
1472 7
1587 7
1152 7
1406 7
1590 7
306 7
1076 7
1002 7
73 7
630 7
1473 7
1376 7
684 7
309 7
971 7
1284 7
465 7
127 7
727 7
676 7
1951 7
111 7
842 7
845 7
1922 7
1840 7
609 7
1920 7
1137 7
1521 7
1309 7
79 7
1651 7
316 7
1025 7
1056 7
1711 7
246 7
362 7
78 7
2495 7
308 7
1159 7
296 7
1963 7
2463 7
1624 7
1574 7
1829 7
110 7
560 7
1136 7
1404 7
1283 7
1559 7
317 7
1043 7
628 7
1817 7
1515 7
1027 7
1057 7
1784 7
699 7
1783 7
307 7
1114 7
1026 7
1003 7
286 7
960 7
677 7
1986 7
464 7
1506 7
1390 7
1378 7
133 7
27 7
751 7
1601 7
488 7
1153 7
557 7
1391 7
1400 7
627 7
1896 7
735 7
1446 7
736 7
1312 7
1931 7
1402 7
1586 7
125 7
463 7
1987 7
182 8
1068 8
1759 8
457 8
1422 8
183 8
420 8
154 8
137 8
837 8
1822 8
1893 8
1761 8
1703 8
1465 8
358 8
825 8
898 8
153 8
1690 8
785 8
419 8
1130 8
155 8
1403 8
897 8
1464 8
140 8
151 8
152 8
1862 8
132 8
142 8
1572 8
1463 8
1394 8
150 8
117 8
1713 8
675 8
1712 8
742 8
120 8
1393 8
1429 8
1820 8
1757 8
184 8
149 8
1767 8
1758 8
1539 8
839 8
119 8
116 8
1462 8
1441 8
1396 8
540 8
1571 8
1821 8
148 8
1538 8
1766 8
1540 8
1892 8
1803 8
1541 8
1201 8
355 8
787 8
26 8
1749 8
33 8
1190 9
1646 9
840 9
1252 9
747 9
1657 9
47 9
1509 9
583 9
48 9
746 9
1188 9
884 9
1286 9
1251 9
1192 9
1187 9
969 9
952 9
1189 9
1508 9
1551 9
1415 9
570 9
861 10
1480 10
1974 10
671 10
862 10
281 10
199 10
276 10
275 10
1339 10
206 10
672 10
1293 10
1585 10
205 10
708 10
1004 10
434 10
278 10
1240 10
496 10
202 10
1915 10
280 10
1164 10
1171 10
204 10
201 10
1289 11
1417 11
1162 11
1358 11
210 11
385 11
1290 11
1360 11
213 11
1418 11
2446 11
209 11
1161 11
1288 11
1531 11
852 11
1332 11
867 11
1925 11
1751 11
850 11
611 11
663 12
860 12
147 12
216 12
1118 12
1294 12
1748 12
1000 12
299 12
1542 12
74 12
833 12
217 12
1353 12
606 12
1248 12
1113 12
146 12
257 12
339 12
1630 12
608 12
1117 12
604 12
1456 13
234 13
1020 13
160 13
232 13
235 13
1019 13
2360 13
658 13
161 13
230 13
1198 13
1197 13
843 13
657 13
156 13
656 13
158 13
1274 13
776 13
593 13
1340 14
714 14
1296 14
1510 14
304 14
1629 14
366 14
302 14
129 14
812 14
1103 14
1637 14
323 14
1106 14
130 14
327 14
690 14
301 14
1671 14
936 14
1708 14
1430 14
673 14
1887 14
1547 14
131 14
710 14
325 14
305 14
1505 14
822 14
712 14
326 14
711 14
314 14
324 14
831 14
1449 15
1555 15
416 15
351 15
1022 15
1645 15
157 15
165 15
590 15
1553 15
1714 15
164 15
322 15
319 15
399 15
578 15
400 15
579 15
1556 15
334 15
864 15
1147 15
1901 15
418 15
242 15
1554 15
592 15
440 15
43 15
320 15
321 15
594 15
390 15
272 15
229 15
1573 15
1199 15
1023 15
1859 15
1519 16
1781 16
41 16
1206 16
44 16
1434 16
934 16
1207 16
859 16
401 16
348 16
344 16
256 16
935 16
1779 16
1052 16
1520 16
15 16
349 16
346 16
14 16
345 16
16 16
347 16
350 16
354 16
1518 16
1780 16
909 17
1123 17
844 17
1835 17
1124 17
930 17
23 17
1698 17
644 17
1594 17
1487 17
1772 17
996 17
1736 17
1595 17
413 17
1961 17
388 17
386 17
1055 17
447 17
1053 17
1014 17
1745 17
449 17
384 17
1523 17
605 17
1834 17
738 17
1792 17
415 17
741 17
1011 17
1287 17
1709 17
1852 18
904 18
1318 18
290 18
1654 18
200 18
1319 18
291 18
203 18
1730 18
1695 18
1438 18
198 18
379 18
564 18
1729 18
1932 18
207 18
289 18
288 18
1851 18
1280 19
228 19
566 19
1035 19
1033 19
1031 19
136 19
226 19
1785 19
1034 19
2257 20
1443 20
1836 20
409 20
2455 20
1546 20
1444 20
1790 20
993 20
408 20
943 20
411 20
2456 20
2518 20
2346 20
414 20
472 21
94 21
470 21
1172 22
1764 22
114 22
547 22
700 22
429 22
1860 22
396 22
124 22
1142 22
567 22
430 22
1006 22
1278 22
1141 22
631 22
654 22
1374 22
397 22
1173 22
1484 22
1715 22
112 22
549 22
1135 22
356 22
633 22
632 22
1122 22
1177 22
569 22
1352 22
875 22
1721 22
428 22
1241 22
1694 22
967 22
1244 22
1281 22
1616 22
1212 22
1648 22
113 22
1066 22
1372 22
1478 22
1143 22
1815 22
1875 22
1561 22
1633 22
1021 22
1972 22
1010 22
1277 22
650 22
798 22
426 22
1451 22
551 22
731 22
1375 22
1009 22
53 22
552 22
45 22
649 22
1720 22
634 22
1615 22
1307 22
733 22
968 22
548 22
1416 22
1008 22
1119 22
954 22
62 22
1564 22
695 22
1686 22
1689 22
1522 22
1247 22
653 22
636 22
1121 22
955 22
1351 22
1120 22
970 22
635 22
1909 22
1279 22
651 22
571 22
1614 22
1919 22
1134 22
1760 22
655 22
169 22
1738 22
1504 22
1007 22
1975 22
1608 23
455 23
1799 23
1568 23
1607 23
1966 23
458 23
452 23
531 24
863 24
1300 24
471 24
529 24
1299 24
1724 24
11 25
1250 25
10 25
1913 25
12 25
515 25
1914 25
7 25
454 25
13 25
1431 26
1806 26
1433 26
1432 26
1924 26
937 27
1944 27
1945 27
901 28
573 28
1681 28
139 28
1853 28
2332 28
1679 28
1950 28
1902 28
1855 28
2144 28
2537 28
2520 28
1991 28
1856 28
1680 28
1642 28
391 28
1727 28
2519 28
1580 28
1437 28
387 28
1534 28
1373 28
423 28
1167 28
389 28
857 29
1214 29
107 29
624 29
42 29
1530 29
1597 29
186 29
770 29
241 29
82 29
1636 30
118 30
1638 30
896 31
749 31
1195 31
1423 31
1425 31
817 32
688 32
303 32
692 32
553 32
820 32
876 33
237 33
988 33
236 33
669 33
1133 33
1606 33
96 33
1976 33
328 33
1990 33
1479 33
1387 33
1669 33
3 33
1864 33
882 33
0 33
1949 33
1977 33
945 33
668 33
1148 33
1132 33
1812 33
1138 33
568 33
1988 33
1609 33
1150 33
1257 33
1710 33
895 33
745 33
329 33
1722 33
1384 33
1723 33
702 33
1787 33
1041 33
460 33
911 33
946 33
514 33
167 33
459 33
1989 33
106 33
453 33
704 33
1570 33
944 33
1151 33
703 33
422 33
732 33
913 33
892 33
233 33
1301 33
4 33
108 33
670 33
1552 33
174 33
1083 33
1165 33
744 33
1 33
1725 33
115 33
1144 33
1100 33
462 33
97 33
1635 33
1921 33
1370 33
425 33
398 33
461 33
1386 33
1149 33
5 33
2 33
1865 33
1602 34
869 34
983 34
1839 34
1874 34
545 34
984 34
1529 34
468 34
469 34
1778 34
1816 34
1516 34
781 34
871 34
1873 34
873 34
874 34
756 34
1420 34
759 34
1678 34
783 34
784 34
1412 34
1411 34
757 34
872 34
1215 34
1527 34
565 34
1216 34
1528 34
813 35
1701 35
421 35
815 35
849 35
1928 35
1700 35
90 35
814 35
816 35
880 35
1702 35
1699 35
643 36
647 36
1388 36
645 36
848 36
648 36
847 36
846 36
891 36
1389 36
267 37
959 37
1827 37
1383 37
782 37
1461 37
1691 37
1365 37
76 37
269 37
879 37
877 37
268 37
1460 37
878 37
748 37
1828 37
266 37
1260 37
1983 37
1826 37
331 37
881 37
294 37
1498 38
1039 38
1194 38
1454 38
1099 38
1065 38
809 38
585 38
1040 38
1075 38
966 38
928 38
99 38
1074 38
1367 38
521 38
166 38
1752 38
1230 38
743 38
172 38
1688 38
103 38
417 38
1697 38
811 38
1072 38
279 38
965 38
1193 38
171 38
1537 38
574 38
1497 38
227 38
926 38
1562 38
1514 38
102 38
1070 38
1101 38
173 38
775 38
98 38
927 38
899 38
1889 38
522 38
443 38
252 38
1073 38
1203 38
1499 38
1536 38
437 38
1282 38
100 38
1458 38
828 39
1718 39
780 39
63 40
1644 40
986 40
1285 40
185 40
596 40
1491 40
985 40
69 40
145 40
922 40
603 40
1750 40
687 40
790 40
678 40
662 40
71 40
767 40
686 40
771 40
189 40
789 40
836 40
989 40
1984 40
619 40
1111 40
1115 40
1204 40
679 40
1967 40
739 40
607 40
992 40
618 40
343 40
494 40
1125 40
1483 40
70 40
666 40
925 40
600 40
923 40
66 40
1326 40
1854 40
1397 40
1613 40
495 40
65 40
1485 40
987 40
1457 40
835 40
737 40
621 40
620 40
646 40
924 40
1182 40
810 40
1507 40
297 40
64 40
917 40
764 40
664 40
792 40
914 40
445 40
134 40
67 40
1060 40
187 40
72 40
68 40
667 40
931 40
1061 40
126 40
1095 40
642 40
617 40
991 40
740 40
768 40
772 40
765 40
1800 41
1953 41
1876 41
1094 41
1015 41
1879 41
1824 41
255 41
1442 41
1833 41
1650 41
1012 41
450 41
1825 41
1496 41
1116 41
1895 41
1018 41
1754 41
1474 41
1872 41
1667 41
1664 41
715 41
1801 41
1096 41
1867 41
338 41
1770 41
298 41
1517 41
104 41
211 41
1846 41
1755 41
1844 41
1016 41
903 41
1845 41
1598 41
1883 41
1017 41
1823 41
1239 41
716 41
1316 41
683 41
365 41
1013 41
1317 41
2243 41
1841 41
188 41
1739 41
1097 41
1831 41
1753 41
956 41
1166 41
1315 41
1486 41
1687 41
1313 41
1224 42
1223 42
1225 42
1030 42
1029 42
1968 43
786 43
1181 43
1653 43
1581 43
1584 43
1049 43
1048 43
1881 43
1047 43
1582 43
1583 43
2099 44
1617 44
807 44
1371 44
2100 44
808 44
990 44
556 44
1599 44
1082 45
1592 45
1209 45
1086 45
1927 45
1245 45
554 45
1085 45
1105 45
1707 45
1641 45
1208 45
1157 46
1435 46
550 46
546 46
1088 46
999 46
212 46
1044 46
1337 46
707 47
162 47
942 47
410 47
940 47
1455 47
520 47
208 47
159 47
947 47
1917 47
577 47
238 47
518 47
239 47
519 47
37 47
580 47
1863 47
941 47
938 47
240 47
706 47
243 47
1452 47
163 47
939 47
622 48
626 48
625 48
55 48
623 48
753 49
503 49
755 49
752 49
1347 49
754 49
1324 49
1327 49
1325 49
1743 49
502 49
1421 50
484 50
979 50
1495 50
1639 50
403 50
1832 50
1549 50
1550 50
1969 50
1658 50
1612 50
402 50
405 50
1168 50
310 50
1670 50
312 50
1169 50
1170 50
1788 50
311 50
141 50
883 50
1786 50
1108 50
404 50
886 50
1765 50
885 50
249 50
1126 50
1127 50
524 51
1868 51
1543 51
523 51
1346 51
586 51
1191 51
1545 51
1621 51
1180 51
528 51
1427 51
1428 51
1544 51
610 51
525 51
1302 51
978 52
779 52
1005 52
894 52
975 52
1205 52
1069 52
1109 52
778 52
244 52
1357 52
1071 52
1104 52
976 52
46 52
1706 52
1067 52
1256 53
1647 53
858 53
1217 53
1081 53
441 53
442 53
1361 53
1077 53
1850 53
1219 53
1923 53
1843 53
1731 53
1857 53
1227 53
1221 53
799 53
1255 53
1226 53
1213 53
1228 53
439 53
1355 53
93 53
1218 53
1254 54
582 54
865 54
1253 54
777 54
854 54
1176 54
584 54
581 54
1175 54
576 54
1268 55
39 55
1858 55
1183 55
1674 55
1267 55
36 55
38 55
35 55
1618 55
34 55
1807 56
1276 56
830 56
1611 56
1769 56
1275 56
2018 57
2466 57
2016 57
1985 57
2344 57
2467 57
1794 58
1050 58
1795 58
2230 58
1796 58
1676 59
1878 59
1354 59
534 59
1467 59
532 59
1392 59
1677 59
300 59
535 59
701 60
818 60
431 60
1471 60
804 60
973 60
805 60
8 60
1652 60
1308 60
1941 60
694 60
1364 60
802 60
1560 60
698 60
92 60
1973 60
697 60
91 60
1342 60
597 60
1410 60
1343 60
893 60
1362 60
438 60
143 60
1894 60
806 60
342 60
538 60
89 60
95 60
1102 60
277 60
533 60
1995 60
436 60
1448 60
1740 60
1447 60
1344 60
433 60
1323 60
1906 60
696 60
803 60
541 60
1233 60
456 60
1229 60
1381 60
6 60
539 60
341 60
1380 60
1271 60
1659 60
853 60
1741 60
88 60
1363 60
1231 60
435 60
1994 60
1234 60
1802 61
773 61
1272 61
1273 61
361 61
490 61
774 61
1882 61
487 61
363 61
491 61
1916 61
616 61
613 61
336 61
1232 61
17 61
360 61
1930 61
489 61
1243 61
1978 61
1685 61
486 61
1643 61
1366 61
977 61
1948 62
481 62
483 62
501 62
919 62
791 62
260 62
480 62
498 62
921 62
1947 62
1054 62
264 62
1185 62
482 62
1401 62
1186 62
500 62
485 62
1264 62
614 62
1084 62
982 62
826 62
1557 62
262 62
1655 62
263 62
950 62
920 62
1558 62
499 62
588 62
497 62
856 62
265 62
838 62
1946 62
1628 63
1459 63
527 63
1211 63
526 63
1453 63
1627 63
1626 63
2352 64
2353 64
2407 64
1997 64
2326 64
2414 64
2082 64
1092 64
2001 64
2033 64
2086 64
1744 64
2232 64
2421 64
1091 64
1470 64
214 65
1481 65
1475 65
953 65
1673 65
1445 65
1246 65
1672 65
506 65
1107 65
1349 65
1476 65
353 65
221 65
56 65
1692 65
693 65
1128 65
1885 65
220 65
451 65
52 65
1477 65
1482 65
709 65
689 65
1320 65
1620 65
1001 66
479 66
478 66
998 66
887 66
907 66
1662 66
868 66
766 66
123 66
1526 66
997 66
1732 66
1369 66
1220 66
1414 66
824 66
1661 66
1382 66
851 66
1303 66
601 66
1490 66
888 66
1291 66
1489 66
769 66
1488 66
1110 67
1356 67
1525 67
1524 67
1565 68
542 68
1407 68
1235 68
723 68
722 68
1566 68
1334 68
1237 68
1789 68
258 68
1333 68
1742 68
1880 68
1236 68
1238 68
724 68
725 68
598 69
1869 69
544 69
834 69
1776 69
1588 69
602 69
1660 69
406 69
599 69
832 69
612 69
1270 69
135 69
595 69
1589 69
1368 69
128 69
1298 69
2119 70
2376 70
2126 70
2127 70
2124 70
2125 70
2129 70
2061 70
1936 70
793 70
2231 70
1322 70
2169 70
54 71
1665 71
1577 71
61 71
1666 71
58 71
1663 71
1956 71
1409 71
144 71
1610 71
60 71
1262 72
1263 72
1259 72
1877 73
270 73
476 73
493 73
475 73
1436 73
1696 73
477 73
273 73
981 73
492 73
1440 73
473 73
902 73
1379 73
912 73
1345 73
1675 73
1028 73
1809 73
1024 73
474 73
504 73
1348 73
1439 73
271 73
57 73
394 74
1634 74
1591 74
1716 74
717 74
1777 74
1717 74
1952 75
2462 75
2059 75
2095 75
2375 75
2008 75
1184 75
1733 75
2220 75
1734 75
2094 75
2002 75
1998 75
2202 75
1196 75
1737 75
2128 75
2093 75
1942 75
2219 75
2003 75
2434 75
2092 75
2091 75
2012 75
1837 75
2009 75
1735 75
2062 75
1728 75
2222 75
2121 75
2067 75
2158 75
2458 75
2272 75
467 76
285 76
40 76
823 76
284 76
1494 76
615 76
283 76
1493 76
1395 76
1632 76
1222 76
1747 76
530 76
1605 76
1306 76
1746 76
1450 76
1798 76
1413 76
1884 76
1908 76
466 76
1305 76
1797 76
1242 76
1304 76
282 76
800 77
796 77
801 77
427 77
1905 77
1904 77
591 78
1146 78
905 78
589 78
1145 78
1771 78
1773 78
1912 78
900 78
1265 79
2108 79
261 79
1775 79
1500 79
1314 79
1774 79
1501 79
512 80
274 80
1793 80
1970 80
352 80
705 80
105 80
517 80
964 80
1971 80
572 80
511 80
1791 80
962 80
340 81
691 81
681 81
797 81
1861 81
253 81
248 81
395 81
870 81
1297 81
393 81
682 81
1098 81
1210 81
819 81
1292 81
1888 81
251 81
1502 81
1385 81
250 81
1726 81
359 81
1579 81
1156 81
561 81
821 81
1266 81
575 81
337 81
392 81
247 81
685 81
980 81
1808 81
1891 81
1160 81
1064 81
383 81
335 81
1328 81
138 81
380 81
680 81
1814 82
948 82
1341 82
972 82
949 82
1178 82
1112 82
181 82
951 82
175 82
1719 82
1336 82
178 82
974 82
587 82
179 82
516 82
1705 82
176 82
357 82
1813 82
1179 82
1631 82
177 82
508 83
510 83
509 83
507 83
1933 83
729 84
719 84
1359 84
1959 84
728 84
713 84
1838 84
1202 84
730 84
961 84
368 85
558 85
369 85
295 85
788 85
370 85
371 85
866 85
367 85
254 86
2288 86
2083 86
2167 86
2115 86
1466 86
2398 86
2146 86
1898 86
795 86
2117 86
2263 86
1899 86
2287 86
2507 86
2113 86
2215 86
2426 86
2149 86
1830 86
2225 86
2087 86
2361 86
1604 86
259 86
2052 86
101 86
2314 86
2367 86
2097 86
2286 86
2111 86
2261 86
2329 86
2010 86
1063 86
2020 86
2075 86
2289 86
1603 86
2014 86
2244 86
2333 86
2315 86
2260 86
2011 86
2283 86
2377 86
1492 86
2264 86
2468 86
2249 87
2327 87
2248 87
2372 87
2337 87
2042 87
2048 87
2047 87
2454 87
2039 87
2050 87
2444 87
2000 87
2013 87
2037 87
2041 87
2343 87
2400 87
2057 88
2056 88
2054 88
2448 88
2058 88
637 89
640 89
2500 89
639 89
641 89
638 89
1811 89
2250 90
2170 90
2132 90
2408 90
2045 90
332 90
2529 90
555 90
2508 90
2394 90
1910 90
2512 90
2130 90
2043 90
2044 90
2331 90
2191 90
333 90
2366 91
2155 91
1958 91
2156 91
2533 91
2164 91
2166 91
2447 92
1329 92
2335 92
2354 93
1903 93
2491 93
2188 93
2196 93
2207 93
2322 93
2208 93
2186 93
2189 93
2199 93
2198 93
2187 93
2190 93
2416 94
2209 94
2443 94
2194 94
2233 94
2321 94
2217 94
2293 94
2065 94
2393 94
2476 94
2485 94
2251 94
2311 94
1890 94
2031 94
2306 94
2396 94
2413 94
2172 94
1174 94
1957 94
2488 94
2078 94
2064 94
2342 94
2477 94
1849 94
2392 94
2320 94
2313 94
2301 94
2175 94
2369 94
2252 94
2479 94
2197 94
2036 94
2224 94
2503 94
2339 94
2080 94
721 94
933 94
2499 94
2277 94
1163 94
2273 94
2388 94
2028 94
2362 94
2498 94
2341 94
2183 94
1596 94
1866 94
2152 94
2397 94
2373 94
2406 94
2281 94
2184 94
2536 94
2026 94
2204 94
2475 94
2412 94
2317 94
2063 94
1943 94
2438 94
2200 94
2077 94
2157 94
2302 94
2417 94
2030 94
2514 94
2295 94
2404 94
2182 94
2357 94
2292 94
1704 94
1756 94
2524 94
1848 94
2171 94
2304 94
2262 94
2523 94
1999 94
2449 94
2066 94
2482 94
2365 94
2422 94
2178 94
2411 94
1965 94
1911 94
2256 94
2395 94
2300 94
2516 94
2177 94
2201 94
2450 94
2242 94
2513 94
1907 94
1982 94
2185 94
2358 94
2246 94
2535 94
2023 94
2284 94
2355 94
2323 94
1093 94
2490 94
1062 94
2179 94
2338 94
2451 94
2478 94
2532 94
2254 94
2276 94
2370 94
2336 94
2266 94
2034 94
2465 94
2068 94
2521 94
2070 94
2473 94
2218 94
2405 94
2334 94
2019 94
2445 94
2245 94
2193 94
2437 94
2165 94
2159 94
2035 94
2517 94
2046 94
2492 94
2253 94
2534 94
2027 94
2391 94
2464 94
2174 94
1563 94
2163 94
2316 94
1140 94
2131 94
2453 94
2525 94
2489 94
2216 94
2340 94
1335 94
2211 94
2303 94
2526 94
1656 94
2268 94
2195 94
2029 94
2265 94
2275 94
2356 94
1992 94
2505 94
2423 94
2181 94
2460 94
2229 94
2299 94
2439 94
2474 94
2432 94
2452 94
2431 94
2381 94
1886 94
2433 94
2076 94
2025 94
2267 94
2471 94
2290 94
2192 94
2399 94
2079 94
2510 94
2382 94
2176 94
2226 94
1131 94
2359 94
2527 94
2258 94
2415 94
2173 94
2228 94
2390 94
2180 94
2133 94
2383 94
2294 94
2298 94
2330 94
2291 94
2515 94
2032 94
2424 94
2203 94
2522 94
2282 94
2206 94
1934 94
2024 94
2227 94
2425 94
2538 94
2389 94
1331 94
2223 94
2285 94
2305 94
2247 94
2205 94
2088 95
2235 95
2106 95
2038 95
2151 95
2105 95
2040 95
2055 95
2269 95
2085 95
2150 95
2234 95
2442 96
2441 96
2440 96
2134 96
1532 97
2319 97
2109 97
2210 98
2154 98
2509 98
2309 98
2380 98
2378 98
2379 98
2312 99
2308 99
2310 99
2307 99
2153 99
2368 100
2148 100
2221 100
2147 100
2435 100
2089 100
2271 100
1038 100
2104 100
2374 100
2324 100
2214 100
1037 100
2274 100
2259 100
2371 100
2084 100
1955 100
2270 100
2107 100
1954 100
2110 101
2349 101
2112 101
2347 101
2348 101
2483 101
2114 101
2212 101
2528 102
2279 102
2241 102
726 102
2017 102
1763 102
2384 102
2236 102
2419 102
2120 102
2506 102
2496 102
2436 102
2469 102
2328 102
2145 102
2280 102
2069 102
2051 102
2484 102
2420 102
2351 102
2427 102
1424 102
2138 102
1938 102
2318 102
2501 102
2497 102
2162 102
2116 102
2363 102
2101 102
2238 102
1330 102
2278 102
1847 102
1762 102
2239 102
2530 102
2403 102
2410 102
2053 102
1937 102
2486 102
2428 102
2160 102
2240 102
1249 102
2015 102
2364 102
2531 102
2296 102
2493 102
1419 102
2006 102
1805 102
2504 102
2118 102
674 102
1503 102
2297 102
2096 102
2136 102
2345 102
2074 102
1929 102
2429 102
1810 102
2005 102
2071 102
2457 102
2255 102
2461 102
2459 102
2022 102
794 102
2350 102
1980 102
2418 102
1979 102
2137 102
2385 102
2142 102
2387 102
750 102
1311 102
2470 102
2487 102
2511 102
2135 102
2060 102
2325 102
2081 102
2049 102
2480 102
2494 102
2103 102
2409 102
2401 102
2143 102
2102 102
9 102
2090 102
2073 102
2402 102
2237 102
1939 102
2502 102
1900 102
2098 102
2123 102
2161 102
2007 102
2122 102
2168 102
2140 102
1981 102
2141 102
1154 102
1533 102
2213 102
2139 102
2472 102
2072 102
2004 102
2386 102