0 0
2 1
3 2
5 3
6 4
7 5
8 6
9 7
12 8
17 9
20 10
25 11
26 12
27 13
28 14
29 15
30 16
31 17
32 18
33 19
34 20
35 21
36 22
37 23
1268 24
39 24
38 24
1183 24
1618 24
40 25
241 26
624 26
42 26
857 26
82 26
107 26
770 26
700 27
654 27
41 27
859 27
45 27
967 27
655 27
1007 27
1484 27
970 27
53 27
649 27
968 27
1504 27
124 27
1009 27
1122 27
651 27
44 27
46 28
47 29
48 30
49 31
50 32
51 33
52 34
60 35
54 35
58 36
55 37
622 37
623 37
626 37
625 37
61 38
73 39
74 40
75 41
76 42
77 43
78 44
79 45
88 46
89 47
90 48
91 49
92 50
93 51
95 52
96 53
97 54
780 55
99 55
1718 55
828 55
100 55
1069 55
101 56
104 57
105 58
109 59
110 60
111 61
112 62
113 63
114 64
115 65
116 66
119 67
120 68
121 69
122 70
126 71
129 72
130 73
1589 74
599 74
133 74
832 74
1368 74
602 74
128 74
135 74
137 75
140 76
143 77
144 78
145 79
149 80
150 81
151 82
152 83
1541 84
1822 84
154 84
142 84
1538 84
184 84
1130 84
132 84
148 84
153 84
155 85
43 86
284 86
1022 86
1023 86
334 86
590 86
390 86
157 86
418 86
282 86
283 86
1449 86
1199 86
320 86
864 86
823 86
164 86
400 86
322 86
592 86
285 86
1147 86
416 86
321 86
165 86
594 86
167 87
169 88
171 89
179 90
175 90
177 90
176 90
181 91
182 92
183 93
185 94
186 95
188 96
191 97
910 98
908 98
1613 98
608 98
444 98
906 98
372 98
373 98
1303 98
665 98
18 98
22 98
1593 98
1338 98
559 98
1576 98
192 98
448 98
907 98
374 98
537 98
1622 98
21 98
24 98
1051 98
597 98
193 99
300 100
1354 100
534 100
1467 100
195 100
1243 100
932 100
197 100
194 100
929 100
19 100
535 100
977 100
190 100
824 100
196 100
201 101
275 102
1171 102
1339 102
496 102
276 102
281 102
202 102
1293 102
708 102
280 102
204 102
206 102
278 102
1164 102
199 102
205 102
211 103
212 104
618 105
620 105
619 105
621 105
667 105
664 105
617 105
666 105
1457 105
1111 105
662 105
986 105
1115 105
494 105
1203 105
1204 105
1182 105
221 106
876 107
659 107
225 107
87 107
170 107
231 107
85 107
84 107
505 107
1138 107
218 107
219 107
1782 107
86 107
829 107
59 107
704 107
180 107
83 107
81 107
224 107
80 107
223 107
168 107
215 107
1804 107
1059 107
1041 107
661 107
652 107
1058 107
222 107
734 107
1451 107
1669 107
226 108
1031 109
1033 109
136 109
228 109
1035 109
229 110
108 111
233 111
106 111
236 111
1 111
4 111
702 112
1144 112
1100 112
237 112
1479 112
174 112
703 112
443 113
240 113
519 113
162 113
577 113
239 113
938 113
159 113
440 113
410 113
940 113
941 113
706 113
520 113
208 113
578 113
939 113
163 113
1452 113
779 113
243 113
238 113
580 113
707 113
242 113
245 114
246 115
254 116
2111 117
259 117
2215 117
1899 117
2010 117
1492 117
262 118
951 119
1112 119
948 119
950 119
264 119
1210 119
483 119
921 119
178 119
1160 119
481 119
485 119
263 119
482 119
1705 119
480 119
260 119
516 119
982 119
501 119
1336 119
265 120
267 121
269 122
959 122
266 122
268 122
272 123
274 124
277 125
286 126
287 127
292 128
293 129
294 130
295 131
1078 132
296 132
1405 132
297 133
298 134
301 135
304 136
306 137
307 138
308 139
309 140
310 141
311 142
313 143
314 144
315 145
316 146
317 147
318 148
319 149
1637 150
131 150
325 150
690 150
812 150
936 150
302 150
712 150
324 150
710 150
327 150
326 150
1510 150
673 150
323 150
305 150
714 150
711 150
328 151
329 152
330 153
331 154
332 155
333 156
336 157
341 158
342 159
343 160
345 161
350 162
351 163
355 164
356 165
357 166
358 167
359 168
360 169
361 170
362 171
363 172
364 173
365 174
366 175
368 176
788 177
370 177
371 177
369 177
367 177
866 177
375 178
376 179
377 180
378 181
380 182
381 183
680 184
1808 184
335 184
797 184
691 184
681 184
821 184
682 184
575 184
1266 184
1064 184
395 184
253 184
980 184
1579 184
340 184
138 184
1098 184
1502 184
337 184
251 184
819 184
685 184
250 184
1297 184
383 184
247 184
384 185
385 186
389 187
387 187
139 187
391 188
392 189
393 190
394 191
396 192
397 193
398 194
1786 195
141 195
402 195
1658 195
403 195
405 195
979 195
1670 195
312 195
1170 195
1169 195
1168 195
1612 195
1108 195
249 195
404 195
406 196
409 197
411 198
408 198
414 198
415 199
419 200
420 201
421 202
422 203
423 204
425 205
427 206
432 207
433 208
434 209
435 210
439 211
446 212
449 213
450 214
451 215
458 216
452 216
455 216
1607 216
1799 216
453 217
454 218
456 219
457 220
459 221
460 222
461 223
462 224
465 225
1399 225
1472 225
463 225
464 225
466 226
467 227
468 228
474 229
478 230
479 231
484 232
488 233
486 234
489 234
487 234
491 234
490 235
271 236
57 236
477 236
476 236
473 236
270 236
492 236
273 236
493 237
497 238
498 239
1116 240
1442 240
499 240
1668 240
127 240
1264 240
338 240
125 240
500 241
502 242
503 243
504 244
506 245
510 246
509 246
508 246
507 246
511 247
512 248
407 249
513 249
915 249
514 250
515 251
517 252
518 253
523 254
524 255
525 256
528 257
530 258
160 259
529 259
471 259
531 259
156 259
532 260
533 261
536 262
538 263
539 264
540 265
541 266
542 267
544 268
545 269
548 270
820 271
553 271
817 271
303 271
692 271
554 272
555 273
556 274
557 275
558 276
560 277
561 278
562 279
563 280
564 281
565 282
566 283
568 284
551 285
1134 285
62 285
475 285
426 285
1278 285
1173 285
962 285
430 285
1522 285
1372 285
572 285
1241 285
588 285
429 285
1135 285
567 285
1021 285
571 285
1186 285
428 285
569 285
354 285
964 285
352 285
1551 286
1188 286
570 286
1508 286
1509 286
573 287
579 288
1252 289
582 289
584 289
1176 289
583 289
581 289
576 289
1253 289
1175 289
1254 289
1251 289
854 289
865 289
586 290
587 291
589 292
595 293
598 294
601 295
603 296
610 297
613 298
614 299
615 300
616 301
628 302
627 302
629 302
630 303
631 304
632 305
633 306
634 307
635 308
636 309
638 310
639 311
637 311
640 311
641 311
642 312
643 313
647 314
650 315
653 316
656 317
657 318
658 319
668 320
669 321
670 322
671 323
672 324
674 325
675 326
676 327
677 328
1034 329
600 329
1967 329
66 329
646 329
772 329
922 329
836 329
790 329
64 329
495 329
63 329
596 329
1285 329
765 329
1507 329
72 329
65 329
1491 329
189 329
678 329
737 329
70 329
187 329
679 329
771 329
67 329
925 329
68 329
924 329
71 329
683 330
684 331
686 332
688 333
693 334
695 335
696 336
698 337
699 338
705 339
713 340
715 341
716 342
718 343
720 344
721 345
722 346
723 347
724 348
726 349
728 350
729 351
730 352
731 353
732 354
733 355
735 356
736 357
742 358
744 359
745 360
747 361
748 362
749 363
750 364
752 365
753 366
754 367
755 368
756 369
757 370
758 371
759 372
762 373
763 373
760 373
424 373
761 373
764 374
769 375
766 375
868 375
767 376
768 377
773 378
774 379
777 380
781 381
782 382
783 383
784 384
785 385
787 386
791 387
2376 388
2231 388
2124 388
2126 388
2169 388
1936 388
2129 388
2125 388
1322 388
2061 388
2127 388
793 388
794 389
798 390
799 391
796 392
800 392
801 392
1362 393
805 393
701 393
802 393
804 393
438 393
1410 393
1659 393
1231 393
694 393
1229 393
1364 393
697 393
806 393
1752 393
1271 393
973 393
437 393
803 394
807 395
808 396
809 397
810 398
811 399
814 400
816 401
813 401
815 401
818 402
822 403
825 404
826 405
827 406
831 407
837 408
838 409
839 410
840 411
841 412
842 413
843 414
844 415
845 416
846 417
648 418
645 418
847 418
848 418
891 418
849 419
850 420
851 421
853 422
855 423
856 424
858 425
860 426
861 427
862 428
863 429
867 430
870 431
872 432
871 432
869 432
873 433
874 434
875 435
877 436
1461 437
878 437
879 437
880 438
881 439
882 440
883 441
884 442
885 443
886 444
887 445
888 446
890 447
889 447
412 447
892 448
893 449
894 450
895 451
896 452
897 453
898 453
117 453
900 454
901 455
902 456
903 457
904 458
905 459
911 460
912 461
913 462
914 463
916 464
917 465
918 466
919 467
920 468
923 469
585 470
1561 470
1074 470
926 470
1230 470
1101 470
252 470
1039 470
899 470
1497 470
522 470
103 470
279 470
227 470
1070 470
775 470
927 470
417 470
172 470
1458 470
574 470
98 470
102 470
173 470
166 470
928 470
1099 470
521 470
743 470
1075 470
934 471
935 472
942 473
943 474
944 475
945 476
946 477
947 478
949 479
952 480
953 481
954 482
955 483
956 484
957 485
958 486
960 487
961 488
1202 488
719 488
963 489
965 490
966 491
969 492
971 493
972 494
974 495
975 496
976 497
978 498
981 499
983 500
984 501
985 502
988 503
990 504
993 505
543 506
995 506
994 506
997 507
999 508
1000 509
1001 510
1002 511
1003 512
1004 513
1005 514
1006 515
1008 516
1010 517
1014 518
741 518
447 518
1594 518
930 518
1055 518
388 518
996 518
386 518
605 518
644 518
738 518
1287 518
1124 518
1053 518
1698 518
413 518
123 518
1837 518
909 518
23 518
1011 518
1018 519
1019 520
1024 521
1025 522
1026 523
1027 524
1028 525
1029 526
1030 527
1032 528
1036 529
1040 530
1042 531
1043 532
1044 533
1045 534
1046 535
1047 536
1048 537
1049 538
1795 539
2230 539
1796 539
1050 539
1052 540
1054 541
1056 542
1062 543
289 544
290 544
379 544
203 544
288 544
200 544
198 544
291 544
248 544
207 544
1065 545
1066 546
1068 547
1071 548
1067 548
778 548
244 548
1357 548
1072 549
1073 550
1076 551
1079 552
1080 553
1081 554
1082 555
1083 556
1084 557
1085 558
1086 559
1087 560
1089 561
1090 562
1943 563
2076 563
2373 563
1093 563
1013 564
1015 564
1094 564
1016 564
1517 564
1317 564
1096 564
1097 564
255 564
1012 564
1017 564
1626 565
1627 565
1628 565
526 565
1211 565
1453 565
1459 565
527 565
1102 566
1103 567
1104 568
1105 569
1106 570
1109 571
1110 572
1114 573
1119 574
1120 575
1121 576
1123 577
1125 578
1126 579
1127 580
1129 581
1131 582
1132 583
1133 584
1136 585
1137 586
1139 587
1140 588
1141 589
1142 590
1143 591
1146 592
1145 592
591 592
1148 593
1149 594
1150 595
1151 596
1152 597
1153 598
1154 599
1155 600
1156 601
1158 602
1159 603
1161 604
1660 605
834 605
213 605
612 605
210 605
1162 605
209 605
852 605
611 605
1163 606
1165 607
1166 608
1167 609
1172 610
1174 611
1177 612
1178 613
1179 614
1180 615
1181 616
1184 617
1185 618
746 619
1189 619
1187 619
1192 619
1190 619
1191 620
1193 621
1194 622
1196 623
1197 624
1200 625
1201 626
1205 627
1206 628
1207 629
1208 630
1209 631
1212 632
1694 632
1213 633
1214 634
469 635
1215 635
1216 635
1217 636
1218 637
1219 638
1220 639
1222 640
1223 641
1224 641
1225 641
1226 642
1227 643
1228 644
1232 645
1233 646
1234 647
1235 648
1236 649
1237 650
1238 651
1239 652
1240 653
1242 654
1244 655
1245 656
1246 657
1247 658
1248 659
1249 660
1250 661
1256 662
1361 662
1255 662
442 662
1077 662
441 662
1850 662
1221 662
1257 663
1258 664
1262 665
1259 665
1263 665
1260 666
1261 667
1265 668
1267 669
1269 670
1270 671
1272 672
1273 673
14 674
347 674
16 674
1519 674
344 674
1520 674
399 674
11 674
13 674
10 674
15 674
349 674
1518 674
256 674
346 674
401 674
348 674
1279 675
94 675
1277 675
472 675
470 675
1280 676
1281 677
1282 678
1283 679
1284 680
1286 681
1288 682
1289 683
1290 684
1291 685
1292 686
1748 687
445 687
1294 687
606 687
1542 687
216 687
1118 687
739 687
217 687
1061 687
835 687
134 687
146 687
663 687
991 687
789 687
687 687
992 687
604 687
607 687
1060 687
1644 687
740 687
257 687
339 687
989 687
1326 687
931 687
1854 687
147 687
1630 687
1117 687
987 687
1095 687
833 687
792 687
1113 687
69 687
299 687
1295 688
1296 689
1298 690
1299 691
1300 692
1301 693
1302 694
1304 695
1305 696
1306 697
1307 698
1308 699
1309 700
1310 701
1311 702
1312 703
1313 704
1314 705
1315 706
1316 707
1318 708
1319 709
1323 710
1324 711
1327 712
1328 713
2447 714
2335 714
1329 714
1330 715
1331 716
1332 717
1335 718
1340 719
1341 720
1344 721
1343 721
431 721
436 721
1342 721
1345 722
1346 723
1348 724
1476 725
56 725
214 725
1445 725
220 725
353 725
1672 725
1477 725
1349 725
1128 725
1482 725
1107 725
709 725
660 725
1481 725
1475 725
1320 725
689 725
1350 726
1351 727
1352 728
1353 729
1355 730
1358 731
1359 732
1360 733
1363 734
1365 735
1366 736
1367 737
1369 738
1370 739
1373 740
1374 741
1375 742
382 743
1896 743
609 743
1377 743
1446 743
1376 743
727 743
1378 743
1379 744
1380 745
1381 746
1382 747
1383 748
1384 749
1385 750
1386 751
1387 752
1388 753
1389 754
1390 755
1391 756
1392 757
1393 758
1396 758
1394 758
1395 759
1398 760
1400 761
1401 762
1402 763
1403 764
1404 765
1406 766
1408 767
1409 768
1411 769
1412 770
1413 771
1414 772
1415 773
1416 774
1417 775
1418 776
1419 777
1420 778
1421 779
1422 780
1424 781
1195 782
1425 782
1423 782
1426 783
1427 784
1428 785
1429 786
1430 787
1431 788
1433 788
1432 788
1434 789
1088 790
546 790
1157 790
1337 790
550 790
1397 790
1435 790
1436 791
1437 792
1438 793
1439 794
1440 795
1441 796
1443 797
1444 798
1447 799
1448 800
1450 801
1454 802
1455 803
232 804
1274 804
161 804
776 804
230 804
235 804
234 804
1456 804
1020 804
158 804
593 804
1198 804
1460 805
1462 806
1463 807
1464 808
1465 809
1466 810
1468 811
1469 812
1471 813
1473 814
1474 815
1478 816
1480 817
1483 818
1485 819
1486 820
1487 821
1489 822
1488 823
1490 823
998 823
1493 824
1494 825
1495 826
1496 827
1498 828
1499 829
1501 830
1500 830
261 830
1503 831
1505 832
1506 833
1511 834
1321 835
1512 835
1513 835
1514 836
1515 837
1516 838
1521 839
1356 840
1524 840
1525 840
1526 841
1527 842
1528 843
1529 844
1530 845
1531 846
1532 847
2109 847
2319 847
1533 848
1534 849
1535 850
1536 851
1537 852
1539 853
1540 854
1545 855
1544 855
1543 855
1546 856
1547 857
1548 858
1549 859
1550 860
1552 861
1553 862
1554 863
1555 864
1556 865
1557 866
1558 867
1559 868
1560 869
1562 870
1563 871
1564 872
1334 873
1333 873
725 873
1566 873
1565 873
258 873
1407 873
1567 874
1568 875
1569 876
1570 877
1571 878
1572 879
1573 880
1574 881
1575 882
1578 883
1580 884
1581 885
1583 886
1582 886
786 886
1584 886
1585 887
1586 888
1587 889
1588 890
1590 891
1634 892
1591 892
1777 892
717 892
1592 893
1595 894
1596 895
1597 896
1598 897
1599 898
1600 899
1601 900
1602 901
1603 902
1605 903
1606 904
1608 905
1609 906
1610 907
1611 908
1614 909
1615 910
1616 911
1617 912
1619 913
1620 914
1621 915
1623 916
1624 917
1625 918
1629 919
1631 920
1632 921
1633 922
1635 923
118 924
1636 924
1638 924
1639 925
1642 926
1643 927
1645 928
1646 929
1647 930
1648 931
1649 932
1650 933
1651 934
1652 935
1653 936
1654 937
1655 938
1656 939
1657 940
1661 941
1662 942
1664 943
1665 944
1577 944
1663 944
1666 944
1667 945
1671 946
1673 947
1674 948
1675 949
1676 950
1677 951
1678 952
1679 953
1680 954
1681 955
1682 956
1683 957
1684 958
1685 959
1686 960
1687 961
1688 962
1689 963
1690 964
1691 965
1692 966
1693 967
549 968
547 968
552 968
1695 969
1696 970
1697 971
1699 972
1700 973
1701 974
1702 975
1703 976
1704 977
1706 978
1708 979
1709 980
1710 981
1711 982
1712 983
1713 984
1714 985
1715 986
1716 987
1717 988
1719 989
1720 990
1721 991
1722 992
1723 993
1724 994
1725 995
1726 996
1727 997
1728 998
1729 999
1730 1000
1731 1001
1732 1002
1733 1003
1734 1004
1735 1005
1736 1006
1737 1007
1738 1008
1739 1009
1740 1010
1741 1011
1742 1012
1743 1013
1347 1013
1325 1013
1745 1014
1746 1015
1747 1016
1749 1017
1750 1018
1751 1019
1753 1020
1754 1021
1755 1022
1756 1023
1757 1024
1758 1025
1759 1026
1760 1027
1761 1028
1762 1029
1763 1030
1764 1031
1765 1032
1766 1033
1767 1034
1768 1035
830 1036
1276 1036
1275 1036
1769 1036
1770 1037
1771 1038
1772 1039
1773 1040
1774 1041
1775 1042
1776 1043
1778 1044
1779 1045
1780 1046
1781 1047
1783 1048
751 1049
1784 1049
1057 1049
1785 1050
1787 1051
1788 1052
1789 1053
1790 1054
1791 1055
1792 1056
1793 1057
1794 1058
1797 1059
1798 1060
1800 1061
1801 1062
1802 1063
1803 1064
1805 1065
1806 1066
1807 1067
1809 1068
1810 1069
1811 1070
1812 1071
1813 1072
1814 1073
1815 1074
1816 1075
1817 1076
1818 1077
1819 1077
1640 1077
1820 1078
1821 1079
1823 1080
1824 1081
1825 1082
1826 1083
1827 1084
1828 1085
1829 1086
1831 1087
1832 1088
1833 1089
1834 1090
1835 1091
1836 1092
1838 1093
1839 1094
1840 1095
1841 1096
1842 1097
1843 1098
1844 1099
1845 1100
1846 1101
1847 1102
1848 1103
1849 1104
1851 1105
1852 1106
1853 1107
1855 1108
2332 1109
1950 1109
1856 1109
1857 1110
1858 1111
1859 1112
1860 1113
1861 1114
1862 1115
1863 1116
1864 1117
1865 1118
1866 1119
1867 1120
1868 1121
1869 1122
1870 1123
1871 1124
1872 1125
1873 1126
1874 1127
1875 1128
1876 1129
1877 1130
1878 1131
1879 1132
1880 1133
1881 1134
1882 1135
1883 1136
1884 1137
1885 1138
1886 1139
1887 1140
1888 1141
1889 1142
1890 1143
1891 1144
1892 1145
1893 1146
1894 1147
1895 1148
1897 1149
1901 1150
1902 1151
1904 1152
1905 1153
1906 1154
1907 1155
1908 1156
1909 1157
1910 1158
1911 1159
1912 1160
1913 1161
1914 1162
1915 1163
1916 1164
1917 1165
1918 1166
1919 1167
1920 1168
1921 1169
1922 1170
1923 1171
1924 1172
1925 1173
1926 1174
1707 1175
1641 1175
1927 1175
1928 1176
1929 1177
1930 1178
1931 1179
1932 1180
1933 1181
1934 1182
1935 1183
1937 1184
1939 1185
1940 1186
1941 1187
1942 1188
1944 1189
1945 1189
937 1189
1946 1190
1947 1191
1948 1192
1949 1193
1951 1194
1952 1195
1953 1196
1956 1197
1959 1198
1960 1199
1961 1200
1962 1201
1963 1202
1964 1203
1965 1204
1966 1205
1968 1206
1969 1207
1970 1208
1971 1209
1972 1210
1973 1211
1974 1212
1975 1213
1976 1214
1977 1215
1978 1216
1979 1217
1980 1218
1981 1219
1982 1220
1983 1221
1984 1222
1986 1223
1987 1224
1988 1225
1989 1226
1990 1227
1991 1228
1992 1229
1993 1230
1994 1231
1995 1232
1996 1233
1997 1234
1998 1235
1999 1236
2001 1237
2002 1238
2003 1239
2004 1240
2005 1241
2006 1242
2007 1243
2008 1244
2009 1245
2011 1246
1830 1247
2361 1247
795 1247
2115 1247
2289 1247
2087 1247
2283 1247
1604 1247
2286 1247
2288 1247
2075 1247
2167 1247
2113 1247
2287 1247
2314 1247
2149 1247
2225 1247
2329 1247
2367 1247
2052 1247
2014 1247
1063 1247
2263 1247
1523 1247
2264 1247
1898 1247
2015 1248
2016 1249
2018 1249
1985 1249
2019 1250
2020 1251
2021 1252
2022 1253
2023 1254
2024 1255
2025 1256
2026 1257
2027 1258
2028 1259
2029 1260
2030 1261
2031 1262
2033 1263
2034 1264
2035 1265
2343 1266
2337 1266
2372 1266
2039 1266
2037 1266
2000 1266
2013 1266
2249 1266
2041 1266
2042 1267
2043 1268
2045 1269
2046 1270
2047 1271
2048 1272
2049 1273
2050 1274
2051 1275
2058 1276
2054 1276
2056 1276
2057 1276
2053 1277
2059 1278
2060 1279
2062 1280
2063 1281
2064 1282
2066 1283
2067 1284
2068 1285
2069 1286
2070 1287
2071 1288
2072 1289
2073 1290
2074 1291
1744 1292
2082 1292
2414 1292
2326 1292
1092 1292
1091 1292
2353 1292
1470 1292
2086 1292
2352 1292
2083 1293
2090 1294
2092 1295
2128 1296
2220 1296
2202 1296
2219 1296
2094 1296
2095 1296
2222 1296
2093 1296
2012 1296
2091 1296
2097 1297
2098 1298
2081 1298
2096 1298
1371 1299
2100 1299
2099 1299
2101 1300
2102 1301
2103 1302
2107 1303
2108 1304
2116 1305
2117 1306
2118 1307
2119 1308
2122 1309
1938 1309
2459 1309
2403 1309
2120 1309
2409 1309
2121 1310
2123 1311
2131 1312
2132 1313
2130 1313
2044 1313
2133 1314
2135 1315
2136 1316
2137 1317
2138 1318
2139 1319
2143 1319
2470 1319
2141 1319
2140 1320
2142 1321
2144 1322
2145 1323
2146 1324
2088 1325
2105 1325
2234 1325
2151 1325
2150 1325
2235 1325
2269 1325
2038 1325
2085 1325
2106 1325
2040 1325
2055 1325
2152 1326
2153 1327
2155 1328
2156 1329
2157 1330
2158 1331
2159 1332
2160 1333
2161 1334
2162 1335
2163 1336
2165 1337
2164 1338
2166 1338
1958 1338
2168 1339
2170 1340
2171 1341
2172 1342
2089 1343
2321 1343
2148 1343
2104 1343
2221 1343
2201 1343
2084 1343
2077 1343
1955 1343
2176 1343
2374 1343
2435 1343
2271 1343
2078 1343
2274 1343
2368 1343
2282 1343
2079 1343
2173 1343
2065 1343
2259 1343
2258 1343
2324 1343
1038 1343
2371 1343
1954 1343
2080 1343
2032 1343
2147 1343
2195 1343
2229 1343
1037 1343
2174 1344
2205 1345
2175 1345
2177 1345
2178 1346
2179 1347
2180 1348
2181 1349
2182 1350
2183 1351
2184 1352
2185 1353
2191 1354
2192 1355
2193 1356
2194 1357
2197 1358
2354 1359
2198 1359
1903 1359
2189 1359
2491 1359
2322 1359
2199 1359
2188 1359
2187 1359
2190 1359
2196 1359
2207 1359
2208 1359
2186 1359
2200 1360
2203 1361
2204 1362
2206 1363
2209 1364
2211 1365
2212 1366
2213 1367
2214 1368
2347 1369
2348 1369
2110 1369
2114 1369
2112 1369
2216 1370
2217 1371
2218 1372
2223 1373
2224 1374
2226 1375
2227 1376
2228 1377
2232 1378
2233 1379
2236 1380
2237 1381
2238 1382
2239 1383
2240 1384
2241 1385
2242 1386
2243 1387
2244 1388
2245 1389
2246 1390
2247 1391
2248 1392
2250 1393
2251 1394
2252 1395
2253 1396
2254 1397
2255 1398
2256 1399
2257 1400
2260 1401
2261 1402
2262 1403
2276 1404
2036 1404
2391 1404
1957 1404
2275 1404
933 1404
2268 1404
2266 1404
2267 1404
2265 1404
2270 1405
2272 1406
2273 1407
2277 1408
1900 1409
2017 1409
2278 1409
2279 1410
2280 1411
2281 1412
2284 1413
2285 1414
2290 1415
2291 1416
2292 1417
2293 1418
2294 1419
2295 1420
2296 1421
2297 1422
2298 1423
2299 1424
2300 1425
2301 1426
2302 1427
2303 1428
2304 1429
2305 1430
2306 1431
2309 1432
2308 1433
2310 1433
2307 1433
2311 1434
2312 1435
2313 1436
2315 1437
2316 1438
2317 1439
2318 1440
2320 1441
2323 1442
2325 1443
2327 1444
2328 1445
2330 1446
2331 1447
2333 1448
2334 1449
2336 1450
2338 1451
2339 1452
2340 1453
2341 1454
2342 1455
2345 1456
2346 1457
2349 1458
2350 1459
2351 1460
2355 1461
2356 1462
2357 1463
2358 1464
2359 1465
2360 1466
2362 1467
2363 1468
2364 1469
2365 1470
2366 1471
2369 1472
2370 1473
2375 1474
2377 1475
2509 1476
2210 1476
2379 1476
2378 1476
2154 1476
2380 1476
2381 1477
2382 1478
2383 1479
2384 1480
2385 1481
2386 1482
2387 1483
2388 1484
2389 1485
2390 1486
2392 1487
2393 1488
2394 1489
2395 1490
2396 1491
2397 1492
2398 1493
2399 1494
2400 1495
2401 1496
2402 1497
2404 1498
2405 1499
2406 1500
2407 1501
2408 1502
2410 1503
2411 1504
2412 1505
2413 1506
2415 1507
2416 1508
2417 1509
2418 1510
2419 1511
2420 1512
2421 1513
2422 1514
2423 1515
2424 1516
2425 1517
2426 1518
2427 1519
2428 1520
2429 1521
2430 1522
2431 1523
2432 1524
2433 1525
2434 1526
2436 1527
2437 1528
2438 1529
2439 1530
2441 1531
2440 1531
2134 1531
2442 1532
2443 1533
2444 1534
2445 1535
2446 1536
2448 1537
2449 1538
2450 1539
2451 1540
2452 1541
2453 1542
2454 1543
2455 1544
2456 1545
2457 1546
2458 1547
2460 1548
2461 1549
2462 1550
2463 1551
2464 1552
2465 1553
2344 1554
2466 1554
2467 1554
2468 1555
2469 1556
2471 1557
2472 1558
2473 1559
2474 1560
2475 1561
2476 1562
2477 1563
2478 1564
2479 1565
2480 1566
2481 1567
2482 1568
2483 1569
2484 1570
2485 1571
2486 1572
2487 1573
2488 1574
2489 1575
2490 1576
2492 1577
2493 1578
2494 1579
2495 1580
2496 1581
2497 1582
2498 1583
2499 1584
2500 1585
2501 1586
2502 1587
2503 1588
2504 1589
2505 1590
2506 1591
2507 1592
2508 1593
2510 1594
2511 1595
2512 1596
2513 1597
2514 1598
2515 1599
2516 1600
2517 1601
2518 1602
2519 1603
2520 1604
2521 1605
2522 1606
2523 1607
2524 1608
2525 1609
2526 1610
2527 1611
2528 1612
2529 1613
2530 1614
2531 1615
2532 1616
2533 1617
2534 1618
2535 1619
2536 1620
2537 1621
2538 1622