0 0
3 1
5 2
6 3
7 4
8 5
9 6
12 7
17 8
25 9
26 10
27 11
28 12
29 13
30 14
31 15
32 16
35 17
36 18
37 19
1268 20
39 20
38 20
1183 20
1674 20
34 20
1618 20
40 21
47 22
48 23
49 24
51 25
54 26
55 27
622 27
623 27
626 27
625 27
58 28
60 29
73 30
74 31
75 32
76 33
79 34
88 35
89 36
90 37
91 38
95 39
694 39
193 39
92 39
1362 39
805 39
701 39
802 39
804 39
697 39
1364 39
698 39
1363 39
1271 39
1410 39
472 40
94 40
470 40
96 41
97 42
780 43
99 43
1718 43
828 43
1069 43
100 43
963 43
104 44
109 45
111 46
112 47
113 48
114 49
115 50
116 51
119 52
120 53
1442 54
127 54
1668 54
121 54
1137 54
125 54
122 55
133 56
1588 57
1589 57
1368 57
128 57
135 57
602 57
143 58
145 59
152 60
163 61
1452 61
240 61
779 61
1067 61
239 61
244 61
243 61
1071 61
1357 61
1455 61
159 61
238 61
778 61
531 62
529 62
471 62
167 63
171 64
179 65
175 65
177 65
176 65
182 66
183 67
185 68
186 69
188 70
908 71
20 71
1613 71
918 71
810 71
22 71
1576 71
192 71
381 71
537 71
24 71
1051 71
597 71
929 71
910 71
444 71
341 71
906 71
1303 71
665 71
18 71
195 71
932 71
197 71
194 71
19 71
446 71
917 71
191 71
448 71
907 71
190 71
1622 71
21 71
196 71
290 72
203 72
288 72
1695 72
1730 72
200 72
207 72
564 72
291 72
289 72
210 73
213 73
1162 73
209 73
852 73
611 73
211 74
212 75
226 76
1031 77
1786 77
566 77
1033 77
136 77
228 77
1035 77
108 78
233 78
232 78
236 78
1 78
230 78
235 78
234 78
106 78
4 78
1387 78
254 79
266 80
268 80
267 80
959 80
269 80
277 81
947 82
519 82
162 82
577 82
938 82
518 82
942 82
410 82
940 82
706 82
941 82
520 82
208 82
939 82
1917 82
580 82
707 82
283 83
284 83
285 83
952 83
282 83
823 83
286 84
287 85
292 86
293 87
294 88
1078 89
296 89
1521 89
1405 89
298 90
310 91
311 92
141 93
402 93
1658 93
403 93
1581 93
405 93
979 93
1670 93
312 93
1170 93
1169 93
1168 93
1612 93
1108 93
249 93
1832 93
404 93
1495 93
313 94
314 95
315 96
316 97
318 98
631 99
328 99
820 99
817 99
329 99
553 99
303 99
692 99
330 100
332 101
333 102
43 103
1022 103
1023 103
443 103
334 103
229 103
590 103
390 103
319 103
440 103
272 103
418 103
578 103
1197 103
1449 103
320 103
1199 103
864 103
164 103
400 103
322 103
416 103
592 103
1147 103
157 103
242 103
351 103
321 103
165 103
594 103
336 104
338 105
342 106
343 107
14 108
347 108
350 108
16 108
1519 108
344 108
1520 108
399 108
11 108
13 108
10 108
935 108
15 108
349 108
345 108
1518 108
256 108
346 108
401 108
348 108
355 109
356 110
358 111
359 112
360 113
361 114
362 115
363 116
364 117
365 118
369 119
368 119
367 119
558 119
788 119
370 119
295 119
371 119
866 119
377 120
378 121
380 122
384 123
385 124
1014 125
741 125
1772 125
447 125
909 125
110 125
1594 125
930 125
388 125
1055 125
996 125
1961 125
1745 125
386 125
1604 125
644 125
738 125
1287 125
1124 125
1053 125
1698 125
1709 125
415 125
413 125
123 125
1837 125
1523 125
23 125
1011 125
391 126
392 127
393 128
1716 129
394 129
1591 129
1634 129
717 129
1777 129
1717 129
396 130
397 131
398 132
406 133
419 134
420 135
421 136
422 137
389 138
387 138
139 138
423 138
425 139
427 140
1195 141
1425 141
1423 141
432 142
433 143
434 144
435 145
449 146
450 147
451 148
453 149
454 150
456 151
457 152
459 153
460 154
462 155
309 156
306 156
1399 156
308 156
465 156
307 156
488 156
463 156
1472 156
464 156
466 157
467 158
478 159
479 160
484 161
486 162
491 162
487 162
489 162
490 162
498 163
502 164
503 165
504 166
876 167
659 167
225 167
87 167
170 167
231 167
85 167
84 167
505 167
1138 167
660 167
1468 167
218 167
219 167
1782 167
86 167
829 167
59 167
704 167
180 167
83 167
81 167
224 167
80 167
223 167
168 167
215 167
1804 167
1059 167
1041 167
1398 167
661 167
1200 167
652 167
1058 167
222 167
734 167
1669 167
650 167
506 168
510 169
509 169
508 169
507 169
514 170
515 171
523 172
524 173
525 174
528 175
608 176
339 176
1326 176
1748 176
1294 176
1736 176
606 176
147 176
1542 176
1630 176
52 176
216 176
1118 176
217 176
1117 176
605 176
598 176
146 176
663 176
1338 176
559 176
833 176
1248 176
1113 176
604 176
832 176
257 176
299 176
538 177
539 178
541 179
542 180
544 181
545 182
554 183
555 184
556 185
557 186
560 187
561 188
562 189
563 190
407 190
513 190
915 190
565 191
568 192
573 193
530 194
579 194
586 195
587 196
589 197
610 198
613 199
614 200
615 201
616 202
241 203
624 203
42 203
857 203
82 203
107 203
770 203
633 204
634 205
635 206
636 207
637 208
640 208
641 208
639 208
638 208
1389 209
848 209
846 209
1184 209
648 209
645 209
642 209
847 209
647 209
891 209
643 209
653 210
700 211
1280 211
1277 211
1561 211
426 211
1278 211
859 211
967 211
1484 211
572 211
547 211
53 211
1135 211
649 211
567 211
1021 211
571 211
1919 211
569 211
1504 211
124 211
551 211
1522 211
1279 211
1134 211
62 211
475 211
654 211
1173 211
41 211
655 211
45 211
1007 211
430 211
1372 211
632 211
1909 211
970 211
1241 211
429 211
549 211
1052 211
512 211
1616 211
968 211
428 211
552 211
354 211
548 211
1451 211
1194 211
1009 211
1122 211
651 211
44 211
656 212
657 213
668 214
669 215
670 216
671 217
672 218
674 219
675 220
898 220
897 220
117 220
676 221
677 222
683 223
684 224
686 225
688 226
695 227
696 228
699 229
713 230
715 231
716 232
718 233
720 234
721 235
723 236
724 237
726 238
728 239
729 240
730 240
719 240
961 240
1202 240
732 241
245 242
246 242
628 242
627 242
736 242
629 242
735 242
630 242
742 243
744 244
745 245
748 246
750 247
751 248
1784 248
1056 248
1057 248
752 249
753 250
754 251
755 252
756 253
757 254
758 255
759 256
2 257
50 257
763 257
761 257
1258 257
762 257
760 257
1032 257
1257 257
424 257
773 258
774 259
777 260
781 261
783 262
784 263
785 264
1583 265
786 265
1584 265
1845 265
1582 265
787 266
794 267
2058 268
2054 268
2056 268
2057 268
798 269
799 270
796 271
800 271
801 271
803 272
807 273
808 274
816 275
813 275
815 275
814 276
818 277
822 278
825 279
827 280
831 281
837 282
948 283
919 283
500 283
826 283
1210 283
588 283
921 283
920 283
570 283
1160 283
497 283
262 283
263 283
480 283
982 283
501 283
951 283
856 283
265 283
950 283
1185 283
264 283
33 283
1264 283
1759 283
1084 283
483 283
791 283
357 283
499 283
150 283
1186 283
481 283
485 283
482 283
972 283
838 283
149 283
260 283
839 284
841 285
842 286
1274 287
843 287
161 287
776 287
658 287
160 287
1456 287
1020 287
158 287
156 287
593 287
1198 287
844 288
845 289
849 290
850 291
853 292
855 293
858 294
860 295
861 296
862 297
863 298
867 299
1732 300
766 300
769 300
868 300
1369 300
870 301
872 302
871 302
873 302
869 302
874 303
875 304
880 305
331 306
881 306
879 306
1461 306
782 306
1460 306
1260 306
878 306
877 306
882 307
883 308
884 309
885 310
886 311
887 312
888 313
890 314
889 314
412 314
892 315
894 316
895 317
896 318
1073 319
1112 319
949 319
169 319
705 319
1074 319
926 319
1101 319
899 319
1075 319
103 319
522 319
279 319
966 319
1040 319
1499 319
1172 319
927 319
172 319
1282 319
1341 319
1458 319
574 319
102 319
173 319
928 319
178 319
811 319
1099 319
274 319
1752 319
1705 319
516 319
521 319
517 319
105 319
1814 319
511 319
1697 319
585 319
1793 319
733 319
1230 319
252 319
1039 319
1497 319
1070 319
227 319
1690 319
775 319
417 319
1267 319
98 319
181 319
1562 319
166 319
1203 319
1498 319
1454 319
743 319
1336 319
1072 319
437 319
900 320
901 321
902 322
903 323
905 324
911 325
912 326
913 327
914 328
916 329
934 330
943 331
944 332
945 333
946 334
953 335
954 336
955 337
956 338
957 339
958 340
965 341
969 342
971 343
975 344
976 345
977 346
978 347
981 348
983 349
984 350
988 351
990 352
373 353
374 353
376 353
372 353
1593 353
375 353
543 354
995 354
994 354
997 355
1000 356
1001 357
1489 357
998 357
851 357
1490 357
1488 357
1002 358
1003 359
1005 360
1006 361
1008 362
1010 363
1013 364
1015 364
1094 364
1018 364
1016 364
1823 364
1517 364
1317 364
1239 364
1096 364
1841 364
1097 364
255 364
1012 364
1017 364
1019 365
1024 366
1025 367
1026 368
1027 369
1029 370
1030 371
1036 372
1042 373
1043 374
1044 375
1045 376
1046 377
1047 378
1048 379
1049 380
1054 381
702 382
1144 382
1100 382
237 382
1028 382
703 382
461 382
1083 382
1725 382
1479 382
174 382
1609 382
1062 383
1065 384
1066 385
1068 386
1076 387
1079 388
1080 389
1081 390
1082 391
1085 392
1086 393
1087 394
1089 395
1090 396
1744 397
2082 397
1092 397
1091 397
2353 397
1470 397
2421 397
2033 397
2086 397
2352 397
1102 398
1034 399
1967 399
445 399
66 399
599 399
922 399
739 399
2159 399
64 399
495 399
835 399
667 399
1205 399
789 399
923 399
687 399
72 399
607 399
187 399
70 399
494 399
1060 399
1204 399
1104 399
1644 399
71 399
749 399
618 399
600 399
989 399
46 399
646 399
836 399
790 399
601 399
596 399
1095 399
792 399
1507 399
764 399
1491 399
1959 399
1125 399
925 399
767 399
69 399
1283 399
297 399
620 399
619 399
1196 399
134 399
1061 399
595 399
991 399
731 399
666 399
1457 399
678 399
65 399
189 399
662 399
737 399
1406 399
985 399
1115 399
771 399
992 399
67 399
740 399
768 399
924 399
1111 399
603 399
126 399
931 399
1854 399
317 399
772 399
621 399
1109 399
1103 399
987 399
664 399
617 399
63 399
1285 399
765 399
1382 399
986 399
1123 399
679 399
1807 399
101 399
68 399
1750 399
1931 399
1182 399
1105 400
1348 401
1887 401
1877 401
477 401
473 401
270 401
1106 401
326 401
271 401
57 401
1510 401
474 401
493 401
476 401
492 401
273 401
830 402
1276 402
1275 402
1769 402
1114 403
1116 404
1119 405
1120 406
1121 407
1126 408
1127 409
1129 410
1132 411
1133 412
1136 413
1139 414
1140 415
1141 416
1142 417
1143 418
1146 419
1145 419
591 419
1148 420
1149 421
1150 422
1151 423
1152 424
1153 425
1154 426
1155 427
1156 428
1158 429
1159 430
1161 431
1164 432
1165 433
1166 434
1167 435
1174 436
1252 437
840 437
582 437
584 437
1176 437
747 437
583 437
581 437
1254 437
576 437
1253 437
1175 437
865 437
1251 437
854 437
1177 438
1178 439
1179 440
1180 441
1181 442
1508 443
1509 443
1188 443
746 444
1189 444
1187 444
1192 444
1190 444
1191 445
1193 446
1201 447
1206 448
1207 449
1208 450
1209 451
1626 452
1627 452
1628 452
526 452
1211 452
1453 452
1459 452
527 452
1212 453
1213 454
1214 455
1218 456
1219 457
1220 458
1222 459
1223 460
1224 460
1225 460
1226 461
1227 462
1228 463
1232 464
1233 465
1234 466
1235 467
1236 468
1237 469
1238 470
1242 471
1243 472
1244 473
1245 474
1246 475
1247 476
1249 477
1250 478
1262 479
1259 479
1261 479
1263 479
1265 480
1269 481
1270 482
1272 483
1273 484
1281 485
1284 486
1286 487
1288 488
1289 489
1290 490
1291 491
1292 492
1293 493
1295 494
1298 495
1299 496
1300 497
1301 498
1302 499
1304 500
1305 501
1306 502
1307 503
1308 504
1309 505
1310 506
1311 507
1312 508
1313 509
1314 510
1315 511
1316 512
1318 513
1319 514
1323 515
1324 516
1327 517
1328 518
2447 519
2335 519
1329 519
1330 520
1331 521
1335 522
1339 523
1340 524
1344 525
1343 525
1342 525
436 525
1345 526
1346 527
1743 528
1347 528
1325 528
1350 529
1351 530
1352 531
300 532
1354 532
533 532
535 532
532 532
77 532
78 532
534 532
1467 532
536 532
824 532
960 532
1353 532
1256 533
1361 533
1255 533
442 533
1077 533
441 533
439 533
1850 533
1221 533
1857 533
1704 533
1355 533
93 533
1217 533
1356 534
1524 534
1525 534
1110 534
1358 535
1359 536
1360 537
1365 538
1366 539
1367 540
1370 541
1373 542
1374 543
1375 544
1535 545
382 545
1896 545
609 545
1377 545
1446 545
1376 545
727 545
1378 545
1379 546
1380 547
1381 548
1383 549
1384 550
1385 551
1386 552
1388 553
1390 554
1391 555
1392 556
1393 557
1396 557
1394 557
1395 558
1400 559
1401 560
1402 561
1404 562
1408 563
144 564
1610 564
1666 564
1665 564
1577 564
1663 564
1409 564
61 564
1411 565
1412 566
1413 567
1414 568
1415 569
1416 570
1417 571
1418 572
1419 573
1420 574
1421 575
1422 576
1424 577
1426 578
1427 579
1428 580
1429 581
1430 582
1431 583
1433 583
1432 583
1435 584
1436 585
1437 586
1438 587
1439 588
1440 589
1441 590
1447 591
1448 592
1450 593
1462 594
1463 595
1464 596
1465 597
1466 598
1469 599
1471 600
1473 601
1474 602
1478 603
1480 604
1476 605
56 605
214 605
693 605
1445 605
220 605
353 605
1672 605
1477 605
1349 605
1128 605
1482 605
1107 605
709 605
809 605
221 605
1673 605
1481 605
1475 605
1320 605
1569 605
1434 605
689 605
1483 606
1485 607
1486 608
1487 609
1493 610
1494 611
1496 612
1501 613
1500 613
261 613
1503 614
1505 615
1506 616
1321 617
1513 617
1512 617
1567 617
1511 617
1514 618
1515 619
1516 620
1229 621
550 621
1397 621
806 621
438 621
1088 621
1659 621
546 621
1157 621
999 621
431 621
974 621
1337 621
973 621
1231 621
1526 622
1527 623
1528 624
1529 625
1530 626
1531 627
1532 628
2109 628
2319 628
1533 629
1534 630
1536 631
1537 632
1539 633
1540 634
1545 635
1544 635
1543 635
993 636
1547 637
1548 638
1549 639
1550 640
1551 641
1552 642
1553 643
1554 644
1555 645
1556 646
1557 647
1558 648
1559 649
1560 650
1564 651
1334 652
1566 652
1332 652
1407 652
1333 652
725 652
1565 652
258 652
722 652
1570 653
1572 654
1573 655
1574 656
1575 657
1578 658
1580 659
1585 660
1586 661
1587 662
1590 663
1592 664
1595 665
1596 666
1597 667
1598 668
1599 669
1600 670
1601 671
1602 672
1603 673
1605 674
1606 675
458 676
1568 676
452 676
455 676
1607 676
1608 676
1799 676
1611 677
1614 678
1615 679
1617 680
1619 681
1620 682
1621 683
1623 684
1624 685
1625 686
1629 687
1632 688
1633 689
1635 690
118 691
1636 691
1638 691
1639 692
1642 693
1643 694
1645 695
1646 696
1647 697
1648 698
1649 699
1650 700
1651 701
1652 702
1653 703
1654 704
1655 705
1657 706
1661 707
1662 708
1664 709
1667 710
1671 711
1675 712
1676 713
1677 714
1678 715
1679 716
1680 717
1681 718
1682 719
1683 720
1684 721
1685 722
1686 723
1687 724
1688 725
1689 726
1691 727
1692 728
1693 729
1694 730
1696 731
1699 732
1700 733
1701 734
1702 735
1703 736
1706 737
1707 738
1641 738
1927 738
1710 739
1711 740
1712 741
1713 742
1714 743
1715 744
1719 745
1720 746
1721 747
1722 748
1723 749
1724 750
1726 751
1727 752
1729 753
1731 754
1733 755
2375 756
2202 756
2094 756
2095 756
1734 756
2012 756
2067 756
2091 756
2093 756
2128 756
2220 756
2222 756
2121 756
1728 756
2458 756
2219 756
1735 757
1737 758
1738 759
1739 760
1740 761
1741 762
1742 763
1746 764
1747 765
1749 766
1751 767
1753 768
1754 769
1755 770
1756 771
1822 772
154 772
142 772
1571 772
155 772
153 772
148 772
132 772
1757 772
137 772
1130 772
140 772
1758 773
1760 774
1761 775
1762 776
1763 777
1764 778
1765 779
1766 780
1767 781
1768 782
1770 783
1771 784
1773 785
1774 786
1775 787
1776 788
1778 789
1779 790
1780 791
1781 792
1783 793
1785 794
1787 795
1788 796
1789 797
1790 798
1791 799
1792 800
962 801
352 801
964 801
1795 802
1050 802
1794 802
2230 802
1796 802
1797 803
1798 804
1800 805
1801 806
1802 807
1803 808
1805 809
1806 810
1809 811
1810 812
1811 813
1812 814
1813 815
1815 816
1816 817
1817 818
1818 819
1819 819
1640 819
1820 820
1821 821
1824 822
1825 823
1826 824
1827 825
1828 826
1829 827
1831 828
1833 829
1834 830
1835 831
1836 832
1838 833
1541 834
1637 834
131 834
325 834
690 834
812 834
936 834
302 834
301 834
1538 834
129 834
184 834
712 834
324 834
1708 834
710 834
366 834
327 834
304 834
540 834
1296 834
1839 834
673 834
1403 834
323 834
305 834
151 834
714 834
711 834
130 834
1840 835
1842 836
1843 837
1844 838
1846 839
1847 840
1848 841
1849 842
680 843
1808 843
691 843
821 843
681 843
395 843
253 843
1579 843
980 843
340 843
138 843
1098 843
337 843
251 843
1852 843
685 843
1297 843
383 843
575 843
1851 843
904 843
335 843
379 843
797 843
682 843
198 843
248 843
1266 843
1064 843
1502 843
1888 843
1891 843
819 843
250 843
247 843
1853 844
1855 845
2332 846
1950 846
1856 846
1858 847
1859 848
1860 849
1861 850
1862 851
1863 852
1864 853
1865 854
1866 855
1867 856
1868 857
834 858
1869 858
1660 858
612 858
1870 859
1871 860
1872 861
1215 862
1873 862
469 862
468 862
1216 862
1874 863
1875 864
1876 865
1878 866
1879 867
1880 868
1881 869
1882 870
1883 871
1884 872
1885 873
1886 874
1889 875
1890 876
1892 877
1893 878
1894 879
1895 880
1897 881
1901 882
1902 883
1904 884
1905 885
1906 886
1908 887
1910 888
1912 889
1913 890
1914 891
1915 892
1916 893
1918 894
1920 895
1921 896
1922 897
1923 898
1924 899
1925 900
1926 901
1928 902
1930 903
1932 904
1933 905
1934 906
1935 907
1937 908
1940 909
1941 910
1942 911
1944 912
1945 912
937 912
1946 913
1947 914
1948 915
1949 916
1951 917
1952 918
1953 919
2328 920
2323 920
2089 920
2281 920
2321 920
2001 920
2218 920
1907 920
2355 920
2489 920
2104 920
2221 920
2064 920
2068 920
2146 920
2084 920
2503 920
2499 920
1163 920
1955 920
1965 920
2306 920
2185 920
2107 920
2176 920
2214 920
2374 920
2435 920
2254 920
2417 920
2534 920
2270 920
2300 920
2274 920
2011 920
2174 920
2193 920
2079 920
2407 920
2211 920
2065 920
2259 920
1982 920
2414 920
2324 920
2194 920
2080 920
2032 920
2147 920
2256 920
1992 920
2422 920
2180 920
2302 920
2412 920
2066 920
2517 920
2204 920
2148 920
1911 920
2315 920
2201 920
2077 920
2233 920
2078 920
2271 920
2293 920
2209 920
2514 920
2192 920
1656 920
2326 920
2019 920
2179 920
2178 920
2282 920
2488 920
2173 920
1131 920
2258 920
2149 920
1038 920
2371 920
1954 920
2329 920
2292 920
2195 920
2229 920
1037 920
1956 921
1960 922
1962 923
1963 924
1964 925
1966 926
1968 927
1969 928
1970 929
1971 930
1972 931
1973 932
1974 933
275 933
201 933
1171 933
496 933
1631 933
276 933
281 933
202 933
708 933
280 933
1004 933
1240 933
204 933
206 933
278 933
199 933
205 933
1975 934
1976 935
1977 936
1978 937
1979 938
1980 939
1981 940
1983 941
1984 942
1986 943
1987 944
1988 945
1989 946
1990 947
1991 948
1993 949
1994 950
1995 951
1996 952
1997 953
1998 954
1999 955
2301 956
2327 956
2343 956
2042 956
2372 956
2039 956
2037 956
2000 956
2076 956
2013 956
1093 956
2249 956
2041 956
1943 956
2373 956
2002 957
2003 958
2004 959
2005 960
2006 961
2007 962
2008 963
2009 964
2015 965
2016 966
2018 966
1985 966
2020 967
2021 968
2023 969
2024 970
2025 971
2026 972
2027 973
2028 974
2029 975
2030 976
2031 977
2034 978
2035 979
2088 980
2105 980
2234 980
2151 980
2150 980
2235 980
2269 980
2038 980
2085 980
2368 980
2468 980
2106 980
2040 980
2055 980
2046 981
2047 982
2048 983
2050 984
2051 985
2053 986
2059 987
2060 988
2062 989
2063 990
2069 991
2070 992
2071 993
2072 994
2073 995
2074 996
2090 997
2092 998
2097 999
2098 1000
2081 1000
2096 1000
1371 1001
2100 1001
2099 1001
2101 1002
2102 1003
2103 1004
2108 1005
2113 1006
259 1006
2289 1006
1899 1006
2288 1006
2010 1006
1492 1006
2286 1006
2215 1006
2111 1006
1898 1006
2116 1007
2117 1008
2119 1009
2376 1010
2231 1010
2124 1010
2126 1010
2129 1010
1936 1010
2169 1010
2125 1010
2061 1010
1322 1010
2127 1010
793 1010
2045 1011
2130 1011
2044 1011
2132 1011
2043 1011
2250 1011
2131 1012
2133 1013
2136 1014
2137 1015
2138 1016
2140 1017
2139 1018
2143 1018
2168 1018
2238 1018
2470 1018
2141 1018
2142 1018
2472 1018
2469 1018
2144 1019
2145 1020
2152 1021
2153 1022
2156 1023
2166 1023
2164 1023
2155 1023
1958 1023
2157 1024
2158 1025
2160 1026
2161 1027
2162 1028
2163 1029
2165 1030
2170 1031
2171 1032
2172 1033
2181 1034
2182 1035
2183 1036
2184 1037
2191 1038
2197 1039
2200 1040
2205 1041
2311 1041
2203 1041
2175 1041
2177 1041
2206 1042
2212 1043
2213 1044
2216 1045
2217 1046
2223 1047
2224 1048
2226 1049
2227 1050
2228 1051
2232 1052
2236 1053
2237 1054
2239 1055
2240 1056
2241 1057
2242 1058
2243 1059
2244 1060
2245 1061
2246 1062
2247 1063
2248 1064
2251 1065
2252 1066
2253 1067
2255 1068
2257 1069
2262 1070
2272 1071
2273 1072
2390 1073
2338 1073
2276 1073
2036 1073
2391 1073
1957 1073
2275 1073
933 1073
2268 1073
2266 1073
2267 1073
2265 1073
2277 1074
1900 1075
2017 1075
2278 1075
2279 1076
2280 1077
2284 1078
2285 1079
2290 1080
2291 1081
2294 1082
2295 1083
2296 1084
2297 1085
2298 1086
2379 1087
2378 1087
2381 1087
2309 1087
2299 1087
2380 1087
2509 1087
2210 1087
2304 1087
2154 1087
2303 1088
2305 1089
2308 1090
2310 1090
2307 1090
2312 1091
2313 1092
2316 1093
2317 1094
2318 1095
2320 1096
1830 1097
2261 1097
2325 1097
2410 1097
2260 1097
2459 1097
2420 1097
2419 1097
1939 1097
1929 1097
2504 1097
2287 1097
2225 1097
2402 1097
2263 1097
2135 1097
2264 1097
2120 1097
2122 1097
1938 1097
2022 1097
2049 1097
2075 1097
2409 1097
2123 1097
2367 1097
2403 1097
2401 1097
2118 1097
2418 1097
2428 1097
2429 1097
2330 1098
2331 1099
2333 1100
2334 1101
2336 1102
2337 1103
2339 1104
2340 1105
2341 1106
2342 1107
2345 1108
2346 1109
2347 1110
2348 1110
2110 1110
2114 1110
2112 1110
2349 1111
2350 1112
2351 1113
2354 1114
2189 1114
2322 1114
2188 1114
2190 1114
2208 1114
2186 1114
1903 1114
2198 1114
2491 1114
2199 1114
2395 1114
1563 1114
2187 1114
2357 1114
2479 1114
2196 1114
2207 1114
2356 1115
2358 1116
2359 1117
2360 1118
2362 1119
2363 1120
2364 1121
2365 1122
2366 1123
2369 1124
2370 1125
2377 1126
2382 1127
2383 1128
2384 1129
2385 1130
2386 1131
2387 1132
2388 1133
2389 1134
2392 1135
2393 1136
2394 1137
2396 1138
2397 1139
2398 1140
2399 1141
2400 1142
2404 1143
2405 1144
2406 1145
2408 1146
2411 1147
2413 1148
2415 1149
2416 1150
2423 1151
2424 1152
2425 1153
2426 1154
2427 1155
2430 1156
2431 1157
2432 1158
2433 1159
2434 1160
2436 1161
2437 1162
2438 1163
2439 1164
2441 1165
2440 1165
2134 1165
2442 1166
2443 1167
2444 1168
2445 1169
2446 1170
2448 1171
2449 1172
2450 1173
2451 1174
2452 1175
2453 1176
2454 1177
2455 1178
2457 1179
2460 1180
2461 1181
2462 1182
2463 1183
2464 1184
2465 1185
2344 1186
2466 1186
2467 1186
2471 1187
2473 1188
2474 1189
2475 1190
2476 1191
2477 1192
2478 1193
2480 1194
2481 1195
2482 1196
2483 1197
2484 1198
2485 1199
2486 1200
2487 1201
2490 1202
2492 1203
2493 1204
2494 1205
2495 1206
2496 1207
2497 1208
2498 1209
2500 1210
2501 1211
2502 1212
2505 1213
2506 1214
2167 1215
2361 1215
795 1215
2115 1215
2083 1215
2314 1215
2052 1215
2283 1215
2014 1215
1063 1215
2507 1215
2087 1215
2508 1216
2510 1217
2511 1218
2512 1219
2513 1220
2515 1221
2516 1222
2518 1223
411 1223
1444 1223
414 1223
409 1223
1546 1223
1443 1223
408 1223
2456 1223
893 1223
2519 1224
2520 1225
2521 1226
2522 1227
2523 1228
2524 1229
2525 1230
2526 1231
2527 1232
2528 1233
2529 1234
2530 1235
2531 1236
2532 1237
2533 1238
2535 1239
2536 1240
2537 1241
2538 1242