0 0
2 1
3 2
5 3
6 4
7 5
8 6
12 7
17 8
25 9
26 10
27 11
28 12
29 13
30 14
31 15
32 16
33 17
35 18
36 19
37 20
40 21
241 22
624 22
42 22
857 22
82 22
107 22
770 22
47 23
48 24
49 25
51 26
54 27
58 28
60 29
73 30
74 31
75 32
76 33
79 34
88 35
89 36
90 37
91 38
95 39
694 39
193 39
92 39
1362 39
805 39
701 39
802 39
804 39
697 39
1364 39
698 39
1363 39
1271 39
1410 39
96 40
97 41
104 42
105 43
108 44
233 44
106 44
236 44
1 44
1387 44
4 44
109 45
111 46
112 47
113 48
114 49
115 50
116 51
119 52
120 53
122 54
126 55
133 56
143 57
145 58
1822 59
154 59
142 59
1571 59
153 59
148 59
184 59
132 59
1757 59
137 59
1130 59
140 59
149 60
150 61
151 62
152 63
167 64
169 65
171 66
179 67
175 67
177 67
176 67
182 68
183 69
185 70
186 71
188 72
1071 73
1067 73
778 73
244 73
1357 73
1069 73
211 74
212 75
221 76
226 77
702 78
1144 78
1100 78
237 78
703 78
461 78
1083 78
1725 78
1479 78
174 78
1609 78
245 79
628 79
246 79
627 79
736 79
629 79
735 79
630 79
254 80
266 81
268 81
267 81
959 81
269 81
43 82
443 82
1022 82
1023 82
334 82
590 82
390 82
440 82
319 82
272 82
157 82
418 82
578 82
1197 82
1449 82
320 82
1199 82
864 82
164 82
400 82
322 82
416 82
592 82
1147 82
229 82
594 82
351 82
321 82
165 82
242 82
277 83
283 84
284 84
285 84
282 84
823 84
286 85
287 86
292 87
293 88
294 89
297 90
298 91
339 92
608 92
1748 92
1326 92
1294 92
1736 92
606 92
147 92
1542 92
216 92
1630 92
1118 92
1117 92
217 92
605 92
598 92
146 92
663 92
1338 92
559 92
833 92
1248 92
1113 92
604 92
832 92
257 92
299 92
310 93
311 94
1786 95
141 95
402 95
1658 95
403 95
1581 95
405 95
1670 95
979 95
312 95
1170 95
1169 95
1673 95
1168 95
1612 95
1108 95
249 95
404 95
1495 95
313 96
314 97
315 98
316 99
318 100
328 101
329 102
330 103
332 104
333 105
336 106
338 107
342 108
343 109
355 110
356 111
357 112
358 113
359 114
360 115
361 116
362 117
363 118
364 119
365 120
369 121
368 121
367 121
558 121
788 121
370 121
295 121
371 121
866 121
378 122
380 123
384 124
385 125
391 126
392 127
393 128
396 129
397 130
398 131
406 132
890 133
889 133
412 133
419 134
420 135
421 136
422 137
425 138
427 139
432 140
433 141
434 142
435 143
449 144
450 145
451 146
453 147
454 148
456 149
457 150
459 151
460 152
462 153
466 154
467 155
472 156
94 156
470 156
271 157
57 157
1348 157
474 157
477 157
493 157
476 157
473 157
270 157
492 157
273 157
478 158
479 159
484 160
486 161
491 161
487 161
489 161
490 161
498 162
502 163
503 164
504 165
81 166
659 166
80 166
223 166
87 166
225 166
85 166
84 166
218 166
219 166
1398 166
652 166
1782 166
1058 166
222 166
86 166
59 166
83 166
650 166
506 167
510 168
509 168
508 168
507 168
511 169
512 170
514 171
515 172
516 173
517 174
523 175
524 176
525 177
528 178
531 179
529 179
471 179
530 180
538 181
539 182
540 183
541 184
542 185
544 186
545 187
549 188
548 188
552 188
547 188
554 189
555 190
556 191
557 192
560 193
561 194
562 195
563 196
407 196
513 196
915 196
565 197
568 198
573 199
579 200
586 201
587 202
589 203
1146 204
1145 204
591 204
599 205
610 206
613 207
614 208
615 209
616 210
631 211
633 212
634 213
635 214
636 215
637 216
640 216
641 216
639 216
638 216
1389 217
848 217
846 217
1184 217
648 217
645 217
642 217
847 217
647 217
891 217
643 217
653 218
700 219
859 219
967 219
438 219
1484 219
431 219
1172 219
53 219
649 219
806 219
1919 219
1752 219
1504 219
124 219
974 219
973 219
437 219
654 219
41 219
45 219
1007 219
655 219
632 219
970 219
1659 219
1564 219
1231 219
1229 219
968 219
1451 219
1009 219
1122 219
651 219
44 219
656 220
235 220
232 220
234 220
657 220
230 220
668 221
669 222
670 223
671 224
672 225
674 226
675 227
898 227
897 227
117 227
676 228
677 229
683 230
684 231
686 232
688 233
695 234
696 235
699 236
705 237
1974 238
275 238
201 238
1171 238
496 238
276 238
1631 238
281 238
202 238
708 238
280 238
1004 238
1240 238
204 238
206 238
278 238
199 238
205 238
713 239
715 240
716 241
718 242
720 243
721 244
723 245
724 246
726 247
728 248
731 249
732 250
733 251
742 252
744 253
745 254
748 255
750 256
752 257
753 258
754 259
755 260
756 261
757 262
758 263
759 264
773 265
774 266
777 267
781 268
783 269
784 270
785 271
787 272
794 273
798 274
799 275
796 276
800 276
801 276
803 277
808 278
816 279
813 279
815 279
814 280
818 281
820 282
553 282
817 282
303 282
692 282
822 283
825 284
827 285
830 286
831 287
837 288
839 289
841 290
842 291
776 292
658 292
522 292
1456 292
158 292
156 292
593 292
417 292
1274 292
843 292
161 292
173 292
166 292
274 292
160 292
1020 292
1198 292
844 293
845 294
849 295
850 296
1001 297
1489 297
998 297
851 297
1490 297
1488 297
853 298
855 299
858 300
860 301
861 302
862 303
863 304
867 305
870 306
872 307
871 307
873 307
869 307
874 308
875 309
876 310
224 310
168 310
170 310
215 310
231 310
1804 310
1041 310
1059 310
505 310
1138 310
660 310
1468 310
661 310
1200 310
155 310
829 310
734 310
1669 310
704 310
180 310
880 311
331 312
881 312
879 312
1461 312
782 312
1460 312
1260 312
878 312
877 312
882 313
883 314
884 315
885 316
886 317
887 318
888 319
892 320
895 321
896 322
900 323
901 324
902 325
903 326
680 327
1808 327
691 327
681 327
821 327
395 327
727 327
253 327
980 327
1579 327
340 327
138 327
1098 327
337 327
251 327
1160 327
1852 327
685 327
1297 327
383 327
575 327
904 327
379 327
335 327
797 327
682 327
198 327
248 327
1266 327
1064 327
1502 327
1888 327
1891 327
819 327
250 327
247 327
905 328
911 329
912 330
913 331
914 332
916 333
917 334
918 335
934 336
14 337
347 337
350 337
16 337
1519 337
344 337
1520 337
399 337
11 337
13 337
10 337
935 337
15 337
349 337
256 337
345 337
1518 337
346 337
401 337
348 337
943 338
944 339
945 340
946 341
948 342
949 343
953 344
954 345
955 346
956 347
957 348
958 349
729 350
730 350
719 350
961 350
1202 350
828 351
963 351
1718 351
780 351
964 352
572 352
962 352
352 352
965 353
969 354
971 355
975 356
977 357
618 358
620 358
619 358
46 358
894 358
621 358
1109 358
1103 358
667 358
664 358
617 358
1205 358
666 358
1457 358
1111 358
662 358
986 358
1115 358
1706 358
494 358
978 358
1203 358
1204 358
1104 358
976 358
1182 358
981 359
983 360
984 361
988 362
990 363
1034 364
1750 364
1967 364
445 364
66 364
810 364
922 364
739 364
64 364
495 364
835 364
789 364
923 364
687 364
72 364
607 364
187 364
70 364
1060 364
1644 364
71 364
749 364
989 364
600 364
646 364
836 364
790 364
601 364
596 364
1095 364
792 364
1507 364
764 364
1491 364
1959 364
1125 364
925 364
767 364
69 364
1613 364
1283 364
1931 364
1196 364
1061 364
134 364
595 364
991 364
678 364
65 364
189 364
992 364
737 364
985 364
1406 364
771 364
67 364
740 364
768 364
603 364
1851 364
341 364
931 364
1854 364
317 364
772 364
987 364
63 364
1285 364
1382 364
1123 364
679 364
1807 364
101 364
68 364
924 364
765 364
373 365
374 365
376 365
372 365
1593 365
375 365
543 366
995 366
994 366
997 367
1000 368
1002 369
1003 370
1005 371
1006 372
1008 373
1010 374
1019 375
1024 376
1025 377
1026 378
1027 379
1028 380
1029 381
1030 382
1031 383
1033 383
566 383
1280 383
136 383
228 383
1035 383
1036 384
1073 385
519 385
1074 385
926 385
159 385
518 385
1179 385
279 385
706 385
927 385
1252 385
1458 385
1099 385
811 385
1705 385
1889 385
521 385
947 385
1697 385
240 385
840 385
1455 385
252 385
1039 385
941 385
1267 385
1452 385
779 385
98 385
181 385
1562 385
1178 385
1498 385
743 385
707 385
1072 385
162 385
239 385
1101 385
899 385
103 385
966 385
410 385
1040 385
1499 385
208 385
939 385
172 385
809 385
1282 385
574 385
102 385
928 385
747 385
583 385
99 385
580 385
951 385
585 385
577 385
938 385
1230 385
1497 385
942 385
227 385
1070 385
940 385
775 385
520 385
1251 385
807 385
1917 385
163 385
100 385
243 385
972 385
238 385
1454 385
1075 385
1042 386
1043 387
1044 388
1045 389
1046 390
1047 391
1048 392
1049 393
1052 394
1054 395
1056 396
751 396
1784 396
1057 396
1062 397
2058 398
2054 398
2056 398
2057 398
1065 399
1066 400
1068 401
1076 402
1079 403
1080 404
1081 405
1082 406
1085 407
1086 408
1087 409
1089 410
1090 411
1102 412
1105 413
1476 414
56 414
214 414
693 414
1445 414
220 414
52 414
353 414
1672 414
1477 414
1349 414
1128 414
1482 414
1107 414
709 414
1481 414
1475 414
1320 414
1569 414
1434 414
689 414
1112 415
1114 416
1116 417
1119 418
1120 419
1121 420
1126 421
1127 422
1129 423
1132 424
1133 425
55 426
622 426
623 426
626 426
625 426
1277 427
1561 427
426 427
1278 427
919 427
500 427
826 427
588 427
1135 427
1021 427
921 427
567 427
920 427
570 427
571 427
497 427
262 427
569 427
263 427
480 427
551 427
501 427
982 427
1522 427
856 427
265 427
1134 427
62 427
475 427
1173 427
950 427
1185 427
430 427
264 427
1372 427
1798 427
1264 427
1241 427
1759 427
483 427
1084 427
791 427
429 427
499 427
1186 427
481 427
485 427
428 427
838 427
482 427
354 427
260 427
1136 428
1139 429
1140 430
1141 431
1142 432
1143 433
1148 434
1149 435
1150 436
1151 437
1152 438
1153 439
1154 440
1155 441
1156 442
1088 443
546 443
1157 443
999 443
1337 443
550 443
1397 443
1158 444
1159 445
1161 446
210 447
213 447
1162 447
209 447
852 447
611 447
1164 448
1165 449
1166 450
1167 451
1174 452
582 453
584 453
1176 453
581 453
1254 453
576 453
1253 453
1175 453
865 453
854 453
1177 454
1180 455
1181 456
1191 457
746 458
1189 458
1187 458
1192 458
1190 458
1193 459
1194 460
1195 461
1425 461
1423 461
1201 462
1206 463
1207 464
1208 465
1209 466
1210 467
1212 468
1213 469
1214 470
1218 471
1219 472
1220 473
1222 474
1223 475
1224 475
1225 475
1226 476
1227 477
1228 478
1232 479
1233 480
1234 481
1235 482
1236 483
1237 484
1238 485
1013 486
1015 486
1094 486
1018 486
1016 486
1823 486
1517 486
1317 486
1239 486
1096 486
1841 486
1097 486
255 486
1012 486
1017 486
1242 487
1243 488
1244 489
1245 490
1246 491
1247 492
1249 493
1250 494
1262 495
1259 495
1263 495
1261 495
1265 496
1268 497
39 497
38 497
1183 497
1674 497
34 497
1618 497
1269 498
1270 499
1272 500
1273 501
1279 502
1281 503
1284 504
50 505
1286 505
763 505
952 505
761 505
1258 505
762 505
760 505
1032 505
424 505
389 506
387 506
139 506
423 506
1288 507
1289 508
1290 509
1291 510
1292 511
1293 512
1295 513
1298 514
1299 515
1300 516
1301 517
1302 518
1304 519
1305 520
1306 521
1307 522
1308 523
1309 524
1310 525
1311 526
1312 527
1313 528
1314 529
1315 530
1316 531
1318 532
1319 533
1323 534
1324 535
1327 536
1328 537
1330 538
1331 539
1335 540
1336 541
1339 542
1626 543
1627 543
1628 543
1342 543
526 543
1211 543
1453 543
597 543
1344 543
1343 543
436 543
1459 543
527 543
1345 544
1346 545
1743 546
1347 546
1325 546
1350 547
1351 548
1352 549
1256 550
1361 550
1255 550
442 550
1077 550
441 550
439 550
1850 550
1221 550
1857 550
1704 550
1355 550
93 550
1217 550
1358 551
1359 552
1360 553
1365 554
1366 555
1367 556
1370 557
1373 558
1374 559
1375 560
1379 561
1380 562
1381 563
1383 564
1384 565
1385 566
1386 567
1388 568
1390 569
1391 570
1392 571
1395 572
1393 573
1396 573
1394 573
309 574
306 574
1399 574
308 574
465 574
307 574
488 574
463 574
1472 574
464 574
1400 575
1401 576
1402 577
1403 578
1404 579
1408 580
1411 581
1412 582
1413 583
1414 584
1415 585
1416 586
1417 587
1418 588
1419 589
1420 590
1421 591
1422 592
1424 593
1426 594
1427 595
1428 596
1429 597
1431 598
1433 598
1432 598
1435 599
1436 600
1437 601
1438 602
1439 603
1440 604
1441 605
2518 606
411 606
1444 606
414 606
409 606
1546 606
1443 606
408 606
2456 606
893 606
1447 607
1448 608
1450 609
1462 610
1463 611
1464 612
1465 613
1466 614
1469 615
1471 616
1473 617
1474 618
1478 619
1480 620
1483 621
1485 622
1486 623
1487 624
1493 625
1494 626
1496 627
1501 628
1500 628
261 628
1503 629
1505 630
1506 631
1508 632
1509 632
1188 632
1321 633
1513 633
1512 633
1567 633
1511 633
1514 634
1515 635
1516 636
1078 637
296 637
1521 637
1405 637
1356 638
1524 638
1525 638
1110 638
1526 639
1527 640
1528 641
1529 642
1530 643
1531 644
1533 645
1534 646
1535 647
382 647
1896 647
609 647
1377 647
1446 647
1376 647
1378 647
1536 648
1537 649
1539 650
1545 651
1544 651
1543 651
993 652
1547 653
1548 654
1549 655
1551 656
1552 657
1553 658
1554 659
1555 660
1556 661
1557 662
1558 663
1559 664
1560 665
2354 666
2189 666
2322 666
2188 666
2190 666
2208 666
2186 666
2198 666
1903 666
2491 666
2199 666
2395 666
1563 666
2187 666
2357 666
2479 666
2196 666
2207 666
1334 667
1566 667
1332 667
1407 667
1333 667
725 667
1565 667
258 667
722 667
1570 668
1572 669
1573 670
1574 671
1575 672
1354 673
20 673
908 673
77 673
534 673
1467 673
536 673
22 673
1576 673
535 673
192 673
381 673
1353 673
537 673
824 673
24 673
1051 673
929 673
300 673
910 673
532 673
444 673
78 673
906 673
377 673
1303 673
665 673
195 673
18 673
932 673
197 673
194 673
533 673
19 673
446 673
191 673
448 673
907 673
190 673
1622 673
123 673
21 673
960 673
196 673
1578 674
1580 675
1585 676
1586 677
1587 678
1588 679
1589 679
1368 679
128 679
135 679
602 679
1590 680
1592 681
1014 682
741 682
1772 682
447 682
909 682
110 682
1594 682
930 682
1055 682
388 682
996 682
1961 682
1745 682
386 682
644 682
738 682
1287 682
1124 682
1053 682
1698 682
1709 682
415 682
413 682
1523 682
23 682
1011 682
1595 683
1596 684
1597 685
1598 686
1599 687
1600 688
1601 689
1602 690
1603 691
1605 692
1606 693
458 694
1568 694
452 694
455 694
1607 694
1608 694
1799 694
144 695
1610 695
1666 695
1665 695
1663 695
1577 695
1409 695
61 695
1611 696
1614 697
1615 698
1616 699
1617 700
1619 701
1620 702
1621 703
1623 704
1624 705
1625 706
1629 707
1632 708
1633 709
1635 710
118 711
1636 711
1638 711
1642 712
1643 713
1645 714
1646 715
1647 716
1648 717
1649 718
1650 719
1651 720
1652 721
1653 722
1654 723
1655 724
1656 725
1657 726
1661 727
1662 728
1664 729
1667 730
1442 731
127 731
1668 731
121 731
1137 731
125 731
1671 732
1675 733
1676 734
1677 735
1678 736
1679 737
1680 738
1681 739
1682 740
1683 741
1684 742
1685 743
1686 744
1687 745
1688 746
1689 747
1690 748
1691 749
1692 750
1693 751
1694 752
1696 753
1699 754
1700 755
1701 756
1702 757
1703 758
1710 759
1711 760
1712 761
1713 762
1714 763
1715 764
1591 765
717 765
1716 765
394 765
1257 765
1634 765
1777 765
1717 765
1719 766
1720 767
1721 768
1722 769
1723 770
1724 771
1726 772
1727 773
1729 774
290 775
203 775
288 775
1695 775
1730 775
200 775
207 775
564 775
291 775
289 775
1731 776
1732 777
766 777
769 777
868 777
1369 777
1733 778
2375 779
2202 779
2094 779
2095 779
1734 779
2012 779
2067 779
2091 779
2093 779
2128 779
2220 779
2222 779
2121 779
1837 779
1728 779
2458 779
2219 779
1735 780
1737 781
1738 782
1739 783
1740 784
1741 785
1742 786
1746 787
1747 788
1749 789
1751 790
1753 791
1754 792
1755 793
1756 794
1758 795
1760 796
1761 797
1762 798
1763 799
1764 800
1765 801
1766 802
1767 803
1768 804
1832 805
1276 805
1275 805
1769 805
1770 806
1771 807
1773 808
1774 809
1775 810
1776 811
1778 812
1779 813
1780 814
1781 815
1783 816
1785 817
1787 818
1788 819
1789 820
1790 821
1791 822
1792 823
1793 824
1795 825
1050 825
1794 825
2230 825
1796 825
1797 826
1800 827
1801 828
1802 829
1803 830
1805 831
1806 832
1809 833
1810 834
1811 835
1812 836
1813 837
1541 838
131 838
812 838
1887 838
1430 838
301 838
1550 838
712 838
1708 838
1639 838
366 838
1341 838
327 838
326 838
1510 838
178 838
1296 838
323 838
714 838
1814 838
1637 838
325 838
690 838
1540 838
936 838
302 838
1538 838
129 838
324 838
710 838
1106 838
304 838
673 838
305 838
1340 838
711 838
130 838
1815 839
1816 840
1817 841
1818 842
1819 842
1640 842
1820 843
1821 844
1824 845
1825 846
1826 847
1827 848
1828 849
1829 850
1831 851
1833 852
1834 853
1835 854
1836 855
1838 856
1839 857
1840 858
1842 859
1843 860
1844 861
1583 862
786 862
1584 862
1845 862
1582 862
1846 863
1847 864
1848 865
1849 866
1853 867
1855 868
2332 869
1950 869
1856 869
1858 870
1859 871
1860 872
1861 873
1862 874
1863 875
1864 876
1865 877
1866 878
1867 879
1868 880
834 881
1869 881
1660 881
612 881
1870 882
1871 883
1872 884
1215 885
1873 885
469 885
468 885
1216 885
1874 886
1875 887
1876 888
1877 889
1878 890
1879 891
1880 892
1881 893
1882 894
1883 895
1884 896
1885 897
1886 898
1890 899
1892 900
1893 901
1894 902
1895 903
1897 904
1901 905
1902 906
1904 907
1905 908
1906 909
1907 910
1908 911
1909 912
1910 913
1912 914
1913 915
1914 916
1915 917
1916 918
1918 919
1920 920
1921 921
1922 922
1923 923
1924 924
1925 925
1926 926
1707 927
1641 927
1927 927
1928 928
1930 929
1932 930
1933 931
1934 932
1935 933
1937 934
1940 935
1941 936
1942 937
1944 938
1945 938
937 938
1946 939
1947 940
1948 941
1949 942
1951 943
1952 944
1953 945
1956 946
1960 947
1962 948
1963 949
1964 950
1966 951
1968 952
1969 953
1970 954
1971 955
1972 956
1973 957
1975 958
1976 959
1977 960
1978 961
1979 962
1980 963
1981 964
1983 965
1984 966
1986 967
1987 968
1988 969
1989 970
1990 971
1991 972
1992 973
1993 974
1994 975
1995 976
1996 977
1997 978
1998 979
1999 980
2002 981
2003 982
2004 983
2005 984
2006 985
2007 986
2008 987
2009 988
2015 989
2016 990
2018 990
1985 990
2020 991
2021 992
2023 993
2024 994
2025 995
2026 996
2027 997
2028 998
2029 999
2030 1000
2031 1001
2034 1002
2035 1003
2088 1004
2105 1004
2427 1004
2151 1004
2327 1004
2235 1004
2368 1004
2468 1004
2106 1004
2040 1004
2150 1004
2055 1004
2234 1004
2269 1004
2042 1004
2039 1004
2038 1004
2085 1004
2045 1005
2130 1005
2044 1005
2132 1005
2043 1005
2250 1005
2046 1006
2047 1007
2048 1008
2050 1009
2051 1010
2053 1011
2059 1012
2060 1013
2062 1014
2063 1015
2068 1016
2069 1017
2070 1018
2071 1019
2072 1020
2073 1021
2074 1022
2301 1023
2076 1023
1093 1023
1943 1023
2373 1023
2098 1024
2081 1024
2096 1024
2090 1025
2092 1026
1371 1027
2100 1027
2099 1027
2101 1028
2102 1029
2103 1030
2108 1031
1532 1032
2109 1032
2319 1032
2347 1033
2348 1033
259 1033
2289 1033
1899 1033
2114 1033
2110 1033
2286 1033
2288 1033
2113 1033
2010 1033
1492 1033
2215 1033
2111 1033
1898 1033
2112 1033
2116 1034
2117 1035
2119 1036
2376 1037
2231 1037
2124 1037
2126 1037
2169 1037
1936 1037
2129 1037
2125 1037
1322 1037
2061 1037
2127 1037
793 1037
2131 1038
2133 1039
2136 1040
2137 1041
2138 1042
2140 1043
2145 1044
2152 1045
2153 1046
2156 1047
2166 1047
2164 1047
2155 1047
1958 1047
2157 1048
2158 1049
2159 1050
2160 1051
2161 1052
2162 1053
2163 1054
2165 1055
2170 1056
2171 1057
2172 1058
2181 1059
2182 1060
2183 1061
2184 1062
2191 1063
2192 1064
2193 1065
2194 1066
2197 1067
2200 1068
2204 1069
2206 1070
2212 1071
2213 1072
2216 1073
2217 1074
2218 1075
2223 1076
2224 1077
2226 1078
2227 1079
2228 1080
2232 1081
2233 1082
2236 1083
2237 1084
2239 1085
2240 1086
2241 1087
2242 1088
2243 1089
2244 1090
2245 1091
2246 1092
2247 1093
2248 1094
2000 1095
2013 1095
2249 1095
2343 1095
2372 1095
2041 1095
2037 1095
2251 1096
2252 1097
2253 1098
2255 1099
2257 1100
2262 1101
2115 1102
2361 1102
795 1102
2261 1102
1830 1102
2083 1102
2087 1102
2283 1102
2260 1102
2097 1102
2075 1102
2167 1102
2287 1102
2314 1102
2225 1102
2367 1102
2052 1102
2507 1102
2014 1102
1063 1102
2263 1102
2264 1102
2272 1103
2273 1104
2277 1105
1900 1106
2017 1106
2278 1106
2279 1107
2280 1108
2284 1109
2285 1110
2290 1111
2291 1112
2294 1113
2295 1114
2296 1115
2297 1116
2298 1117
2303 1118
2379 1119
2378 1119
2381 1119
2309 1119
2299 1119
2380 1119
2509 1119
2210 1119
2304 1119
2154 1119
2305 1120
2308 1121
2310 1121
2307 1121
2205 1122
2311 1122
2203 1122
2175 1122
2177 1122
2312 1123
2313 1124
2316 1125
2317 1126
2318 1127
2320 1128
2330 1129
2331 1130
2333 1131
2334 1132
2447 1133
2335 1133
1329 1133
2336 1134
2337 1135
2339 1136
2340 1137
2341 1138
2342 1139
2345 1140
2346 1141
2349 1142
2350 1143
2351 1144
1744 1145
2082 1145
2414 1145
2326 1145
1163 1145
1092 1145
1091 1145
2353 1145
1470 1145
2421 1145
2001 1145
2033 1145
2293 1145
2086 1145
2352 1145
2356 1146
2358 1147
2359 1148
2360 1149
2362 1150
2363 1151
2364 1152
2365 1153
2366 1154
2369 1155
2370 1156
2377 1157
2382 1158
2383 1159
2384 1160
2385 1161
2387 1162
2388 1163
2389 1164
2390 1165
2338 1165
2276 1165
2036 1165
2391 1165
1957 1165
2275 1165
933 1165
2268 1165
2266 1165
2267 1165
2265 1165
2392 1166
2393 1167
2394 1168
2396 1169
2397 1170
2398 1171
2399 1172
2400 1173
2238 1174
9 1174
2325 1174
1604 1174
2410 1174
2459 1174
2420 1174
2142 1174
2419 1174
1939 1174
1929 1174
2504 1174
2139 1174
2386 1174
2402 1174
2135 1174
2120 1174
2472 1174
2122 1174
2168 1174
1938 1174
2144 1174
2470 1174
2502 1174
2022 1174
2049 1174
2409 1174
2123 1174
2143 1174
1982 1174
2403 1174
2401 1174
2118 1174
2418 1174
2428 1174
2141 1174
2429 1174
2469 1174
2404 1175
2405 1176
2406 1177
2408 1178
2411 1179
2413 1180
2415 1181
2416 1182
2423 1183
2424 1184
2425 1185
2426 1186
2430 1187
2431 1188
2432 1189
2433 1190
2434 1191
2436 1192
2437 1193
2438 1194
2439 1195
2441 1196
2440 1196
2134 1196
2442 1197
2443 1198
2444 1199
2445 1200
2446 1201
2448 1202
2449 1203
2450 1204
2451 1205
2452 1206
2453 1207
2454 1208
2455 1209
2457 1210
2460 1211
2461 1212
2462 1213
2463 1214
2464 1215
2465 1216
2344 1217
2466 1217
2467 1217
2471 1218
2473 1219
2474 1220
2475 1221
2476 1222
2477 1223
2478 1224
2480 1225
2481 1226
2482 1227
2483 1228
2484 1229
2485 1230
2486 1231
2487 1232
2490 1233
2492 1234
2493 1235
2494 1236
2495 1237
2496 1238
2497 1239
2498 1240
2328 1241
2323 1241
2089 1241
2281 1241
2321 1241
2355 1241
2489 1241
2104 1241
2221 1241
2064 1241
2146 1241
2084 1241
2499 1241
1965 1241
1955 1241
2306 1241
2185 1241
2107 1241
2176 1241
2214 1241
2374 1241
2435 1241
2254 1241
2417 1241
2534 1241
2270 1241
2300 1241
2274 1241
2011 1241
2174 1241
2079 1241
2407 1241
2211 1241
2065 1241
2259 1241
2324 1241
2032 1241
2080 1241
2147 1241
2256 1241
2422 1241
2180 1241
2302 1241
2412 1241
2066 1241
2517 1241
2148 1241
1911 1241
2315 1241
2201 1241
2077 1241
2078 1241
2271 1241
2209 1241
2514 1241
2019 1241
2179 1241
2178 1241
2282 1241
2488 1241
2173 1241
1131 1241
2258 1241
2149 1241
1038 1241
2371 1241
1954 1241
2329 1241
2292 1241
2195 1241
2229 1241
1037 1241
2500 1242
2501 1243
2503 1244
2505 1245
2506 1246
2508 1247
2510 1248
2511 1249
2512 1250
2513 1251
2515 1252
2516 1253
2519 1254
2520 1255
2521 1256
2522 1257
2523 1258
2524 1259
2525 1260
2526 1261
2527 1262
2528 1263
2529 1264
2530 1265
2531 1266
2532 1267
2533 1268
2535 1269
2536 1270
2537 1271
2538 1272