6 0
20 1
513 1
918 1
915 1
563 1
407 1
26 2
1436 3
492 3
1348 3
1028 3
1767 3
1877 3
1696 3
1439 3
477 3
272 3
1725 3
473 3
270 3
1675 3
271 3
57 3
1440 3
1024 3
474 3
1809 3
476 3
1345 3
981 3
493 3
351 3
273 3
58 4
60 5
73 6
74 7
79 8
89 9
91 10
111 11
1354 11
1309 11
1312 11
1940 11
1829 11
110 11
534 11
1467 11
1350 11
676 11
536 11
109 11
1390 11
1548 11
364 11
316 11
193 11
535 11
1852 11
1353 11
1114 11
1918 11
1391 11
929 11
300 11
1676 11
1851 11
904 11
290 11
532 11
1392 11
379 11
1711 11
362 11
1878 11
75 11
557 11
315 11
198 11
195 11
248 11
277 11
932 11
1677 11
560 11
19 11
533 11
1587 11
1310 11
960 11
313 11
196 11
119 12
116 12
120 13
143 14
182 15
672 16
861 16
1974 16
275 16
201 16
1171 16
1159 16
434 16
496 16
862 16
276 16
281 16
202 16
671 16
708 16
1158 16
280 16
1004 16
1240 16
1585 16
204 16
206 16
278 16
199 16
1915 16
205 16
1983 17
269 17
1365 17
1827 17
266 17
1826 17
268 17
267 17
959 17
286 18
951 19
1730 19
200 19
1179 19
1318 19
291 19
207 19
289 19
1654 19
357 19
1178 19
1438 19
203 19
288 19
1932 19
1319 19
1729 19
564 19
1695 19
293 20
292 20
1085 21
1208 21
1245 21
1082 21
1927 21
1105 21
1707 21
1641 21
330 22
332 23
333 24
1393 25
1394 25
1396 25
1272 25
1685 25
977 25
1273 25
1930 25
1366 25
336 25
1690 25
1243 25
1643 25
774 25
361 25
358 26
1541 27
154 27
1757 27
1429 27
1130 27
153 27
675 27
897 27
540 27
420 27
1571 27
183 27
898 27
132 27
151 27
137 27
359 27
785 27
1761 27
184 27
355 27
33 27
148 27
1759 27
140 27
839 27
1822 27
142 27
150 27
419 27
117 27
1403 27
149 27
1422 27
152 27
787 27
95 28
1362 28
781 28
805 28
1868 28
1412 28
1652 28
438 28
698 28
363 28
431 28
436 28
433 28
1381 28
435 28
37 28
92 28
784 28
1380 28
1364 28
1397 28
806 28
1342 28
1973 28
1308 28
1752 28
1839 28
1889 28
1528 28
1527 28
973 28
597 28
1410 28
341 28
803 28
701 28
1455 28
1741 28
802 28
804 28
1740 28
1344 28
1906 28
1659 28
1411 28
1231 28
694 28
1102 28
7 28
1229 28
697 28
1343 28
1514 28
984 28
88 28
1363 28
783 28
1271 28
437 28
385 29
1014 30
1772 30
447 30
909 30
1594 30
930 30
1375 30
449 30
996 30
388 30
716 30
1745 30
1604 30
386 30
644 30
738 30
1287 30
423 30
1053 30
23 30
139 30
389 30
741 30
1226 30
1055 30
1961 30
1487 30
387 30
1228 30
1374 30
844 30
1709 30
1698 30
1123 30
415 30
413 30
384 30
1523 30
1011 30
392 31
393 31
171 32
508 32
432 32
1193 32
510 32
509 32
507 32
1194 32
1933 32
1065 32
425 33
458 34
1568 34
452 34
455 34
1607 34
1608 34
1799 34
454 35
457 36
466 37
472 38
94 38
470 38
1501 39
1500 39
261 39
486 40
491 40
487 40
489 40
490 40
498 41
502 42
503 43
504 44
511 45
517 45
1793 45
512 45
705 45
274 45
962 45
105 45
1791 45
572 45
964 45
352 45
515 46
523 47
1697 47
1626 47
1627 47
526 47
1211 47
1453 47
527 47
1282 47
525 47
524 47
1628 47
1498 47
1302 47
528 47
1459 47
284 48
1023 48
590 48
390 48
530 48
319 48
579 48
418 48
1197 48
283 48
320 48
1199 48
864 48
164 48
322 48
592 48
285 48
157 48
321 48
165 48
43 48
1022 48
334 48
1645 48
282 48
1449 48
823 48
400 48
416 48
1147 48
229 48
467 48
594 48
538 49
539 49
541 49
545 50
554 51
555 52
562 53
582 54
584 54
1176 54
581 54
777 54
1254 54
576 54
1253 54
1175 54
865 54
854 54
586 55
589 56
1146 57
1145 57
591 57
339 58
1748 58
1736 58
1294 58
606 58
1298 58
147 58
1542 58
1630 58
52 58
216 58
1117 58
217 58
1118 58
605 58
1000 58
598 58
1181 58
146 58
663 58
595 58
833 58
1248 58
1113 58
604 58
257 58
299 58
610 59
613 60
616 61
82 62
1214 62
624 62
857 62
770 62
1530 62
186 62
241 62
42 62
107 62
55 63
622 63
623 63
626 63
625 63
245 64
628 64
246 64
627 64
736 64
629 64
735 64
630 64
635 65
1036 65
2 65
329 65
169 65
115 65
733 65
422 65
5 65
3 65
633 65
632 65
636 65
634 65
890 65
1564 65
1172 65
631 65
328 65
889 65
957 65
1247 65
412 65
1258 65
0 65
1787 65
1032 65
1257 65
875 65
1389 66
848 66
846 66
648 66
647 66
645 66
847 66
891 66
643 66
1388 66
653 67
674 68
677 69
683 70
670 71
680 71
684 71
1808 71
691 71
1713 71
681 71
821 71
391 71
561 71
395 71
253 71
980 71
1579 71
1210 71
340 71
138 71
1098 71
8 71
1812 71
456 71
337 71
251 71
1160 71
1560 71
573 71
685 71
1534 71
342 71
1297 71
383 71
669 71
575 71
335 71
797 71
696 71
682 71
1726 71
1552 71
1266 71
1064 71
668 71
1570 71
1502 71
1888 71
1891 71
1991 71
819 71
1370 71
1580 71
250 71
1712 71
1385 71
247 71
1156 71
695 72
699 73
947 74
240 74
519 74
162 74
1561 74
577 74
239 74
938 74
159 74
518 74
942 74
410 74
940 74
941 74
706 74
520 74
208 74
939 74
1917 74
163 74
1452 74
779 74
1562 74
243 74
972 74
238 74
974 74
521 74
580 74
707 74
131 75
812 75
1430 75
1887 75
301 75
1550 75
712 75
1127 75
1708 75
1639 75
1126 75
366 75
360 75
327 75
326 75
1510 75
1296 75
323 75
714 75
1637 75
1505 75
325 75
690 75
1540 75
936 75
302 75
1549 75
1538 75
129 75
1103 75
324 75
710 75
1106 75
304 75
1629 75
673 75
1671 75
305 75
822 75
1340 75
711 75
1547 75
715 76
721 77
719 78
961 78
1202 78
1359 78
713 78
1959 78
729 78
728 78
1838 78
730 78
742 79
773 80
427 81
1463 81
1749 81
796 81
800 81
801 81
1462 81
825 82
1588 83
1589 83
1575 83
1270 83
1574 83
133 83
406 83
1368 83
128 83
135 83
602 83
816 84
813 84
1699 84
1702 84
814 84
90 84
421 84
815 84
1700 84
1701 84
849 84
880 84
853 85
855 86
858 87
860 88
863 89
870 90
871 91
874 91
872 91
873 91
869 91
893 92
1902 93
901 93
902 94
903 95
912 96
916 97
943 98
946 99
1116 100
1474 100
999 100
121 100
550 100
1668 100
211 100
1044 100
1840 100
1137 100
338 100
125 100
1667 100
1442 100
1755 100
1404 100
958 100
450 100
1598 100
1088 100
1406 100
546 100
1157 100
1867 100
122 100
127 100
1337 100
212 100
965 101
1352 102
426 102
1694 102
1484 102
1815 102
409 102
53 102
1135 102
567 102
649 102
571 102
1504 102
356 102
124 102
551 102
654 102
1185 102
655 102
1689 102
45 102
41 102
970 102
1084 102
791 102
1119 102
1186 102
968 102
428 102
838 102
397 102
548 102
1451 102
1120 102
650 102
700 102
1278 102
967 102
1212 102
54 102
547 102
588 102
155 102
396 102
1919 102
569 102
1522 102
1134 102
62 102
475 102
1173 102
1007 102
430 102
1372 102
1909 102
61 102
955 102
549 102
429 102
954 102
1616 102
552 102
1416 102
837 102
1009 102
1006 102
798 102
1122 102
651 102
44 102
983 103
988 104
993 105
1684 106
543 106
995 106
994 106
1002 107
1003 108
1005 109
1008 110
1648 110
1010 111
1027 112
1029 113
1030 114
1031 115
1280 115
1279 115
1277 115
1033 115
566 115
136 115
228 115
1035 115
226 115
1054 116
1066 117
1068 118
50 119
1356 119
1306 119
40 119
1110 119
1080 119
51 119
1524 119
1079 119
1525 119
49 119
1304 119
615 119
1089 120
1034 121
1967 121
445 121
66 121
810 121
922 121
739 121
64 121
835 121
495 121
789 121
923 121
687 121
72 121
607 121
70 121
187 121
1060 121
1644 121
71 121
185 121
989 121
1326 121
600 121
556 121
1485 121
646 121
836 121
790 121
343 121
601 121
596 121
1095 121
792 121
1507 121
764 121
917 121
1491 121
1125 121
925 121
767 121
914 121
69 121
1613 121
297 121
1283 121
1931 121
1196 121
134 121
1061 121
991 121
1124 121
678 121
65 121
189 121
992 121
737 121
985 121
771 121
67 121
740 121
768 121
924 121
603 121
78 121
126 121
931 121
1854 121
145 121
850 121
317 121
772 121
1614 121
987 121
63 121
1285 121
679 121
642 121
101 121
68 121
1750 121
765 121
1786 122
311 122
1658 122
403 122
484 122
312 122
885 122
1170 122
1788 122
1969 122
1108 122
249 122
1832 122
404 122
1421 122
1086 122
883 122
141 122
1765 122
886 122
402 122
1592 122
1581 122
405 122
1670 122
979 122
1169 122
310 122
1168 122
1612 122
1537 122
1536 122
1495 122
1121 123
1132 124
1136 125
1139 126
911 127
1144 127
1100 127
1149 127
237 127
876 127
1242 127
1865 127
453 127
460 127
702 127
1138 127
97 127
1977 127
96 127
461 127
703 127
1386 127
704 127
1605 127
1148 127
1083 127
1479 127
1041 127
1059 127
462 127
174 127
892 127
1609 127
1151 127
895 127
459 127
398 127
913 127
732 127
1669 127
1384 127
1710 127
1150 127
1165 128
1177 129
1686 129
1180 130
1191 131
1201 132
1209 133
1361 134
1859 134
442 134
439 134
1857 134
1221 134
440 134
1850 134
1355 134
93 134
578 134
1217 134
1256 134
1081 134
1255 134
1077 134
441 134
1923 134
1213 134
799 134
514 134
1573 134
1647 134
242 134
1843 134
1218 134
1215 135
1873 135
469 135
468 135
1216 135
1274 136
843 136
161 136
776 136
658 136
160 136
1019 136
1020 136
1456 136
1219 136
158 136
156 136
593 136
1198 136
1222 137
1223 138
1224 138
1225 138
1232 139
820 140
688 140
1234 140
817 140
818 140
1233 140
314 140
831 140
1448 140
553 140
1447 140
303 140
692 140
130 140
1244 141
1250 142
1269 143
1807 144
830 144
1275 144
1276 144
1611 144
1769 144
1281 145
905 146
834 146
213 146
1358 146
599 146
1773 146
1162 146
1289 146
900 146
611 146
1161 146
1660 146
1771 146
887 146
1418 146
544 146
1531 146
1332 146
612 146
1869 146
888 146
210 146
832 146
1290 146
867 146
1417 146
209 146
852 146
1288 146
1360 146
1292 147
81 148
83 148
659 148
224 148
80 148
223 148
87 148
168 148
225 148
170 148
215 148
231 148
1804 148
85 148
84 148
505 148
1468 148
218 148
219 148
1398 148
1200 148
652 148
1782 148
1058 148
86 148
222 148
734 148
829 148
59 148
1295 148
180 148
1299 149
529 149
471 149
1300 149
531 149
1301 150
1307 151
749 152
558 152
369 152
367 152
368 152
370 152
788 152
295 152
371 152
896 152
866 152
1323 153
1335 154
175 155
1112 155
949 155
179 155
1813 155
1631 155
176 155
587 155
1341 155
177 155
181 155
178 155
1705 155
516 155
1336 155
1814 155
1719 155
1346 156
1351 157
1367 158
1732 159
868 159
766 159
1382 159
769 159
907 159
479 159
1303 159
824 159
478 159
123 159
1291 159
1369 159
1220 159
1373 160
1535 161
1649 161
382 161
1896 161
1651 161
609 161
1377 161
1446 161
1376 161
727 161
1378 161
1379 162
1383 163
1401 164
1402 165
1408 166
1413 167
1420 168
1195 169
1425 169
1423 169
1428 170
1427 170
1806 171
1431 171
1433 171
1432 171
1435 172
1437 173
1441 174
2518 175
411 175
408 175
1444 175
414 175
1546 175
1443 175
2456 175
1450 176
1464 177
1465 178
1469 179
1471 180
1480 181
114 182
1476 182
56 182
1141 182
506 182
214 182
1477 182
1349 182
1128 182
1482 182
709 182
660 182
221 182
1673 182
112 182
1246 182
689 182
1475 182
1320 182
953 182
693 182
1445 182
220 182
113 182
353 182
1672 182
1107 182
1143 182
661 182
451 182
1142 182
1481 182
1478 182
1692 182
1483 183
1496 184
1506 185
1551 186
969 186
840 186
1189 186
1187 186
1509 186
746 186
1646 186
48 186
1190 186
1251 186
1252 186
47 186
1188 186
570 186
1192 186
1657 186
747 186
583 186
1508 186
1321 187
1567 187
1897 187
1511 187
1819 187
1640 187
1513 187
1512 187
1818 187
1569 187
842 188
2026 188
77 188
1784 188
380 188
751 188
1056 188
1678 188
1328 188
1026 188
841 188
756 188
1515 188
318 188
1516 188
1057 188
845 188
1817 188
759 188
757 188
350 189
16 189
859 189
1520 189
399 189
11 189
13 189
1021 189
12 189
17 189
934 189
349 189
345 189
1518 189
346 189
401 189
348 189
14 189
1633 189
347 189
1519 189
1206 189
344 189
1241 189
1052 189
10 189
935 189
15 189
256 189
1207 189
354 189
1434 189
1802 189
1526 190
1414 190
1013 191
1094 191
1316 191
1801 191
1317 191
1315 191
1096 191
1097 191
298 191
1015 191
1018 191
188 191
255 191
1739 191
104 191
1016 191
1517 191
1953 191
1800 191
1650 191
956 191
1874 191
1486 191
1012 191
1017 191
1823 191
1313 191
1831 191
565 191
1239 191
1841 191
365 191
1166 191
1824 191
1770 191
1883 191
1529 192
1539 193
1545 194
1544 194
1543 194
1553 195
1554 196
1555 197
1901 198
1556 198
1557 199
1558 200
1559 201
1286 202
1415 202
763 202
952 202
761 202
762 202
760 202
884 202
424 202
1572 203
1577 204
1665 204
1663 204
1666 204
1409 204
144 204
1610 204
1578 205
1846 206
1583 206
1844 206
1584 206
1582 206
1881 206
786 206
1047 206
1845 206
1048 206
1049 206
1586 207
1590 208
1591 209
1747 209
1395 209
717 209
1494 209
1493 209
1305 209
1716 209
394 209
1632 209
1798 209
1746 209
1634 209
1777 209
1717 209
373 210
374 210
376 210
372 210
1593 210
375 210
1595 211
1597 212
1599 213
1600 214
1601 215
1602 216
1603 217
1606 218
1615 219
1001 220
808 220
990 220
1489 220
997 220
1490 220
1488 220
1662 220
998 220
851 220
1661 220
1617 220
1620 221
1621 222
1624 223
1623 223
1625 224
118 225
1636 225
1638 225
1653 226
1655 227
614 227
1664 228
1679 229
1682 230
1683 231
780 231
1043 231
827 231
31 231
28 231
25 231
1045 231
1046 231
1042 231
963 231
1778 231
29 231
758 231
1951 231
1090 231
1718 231
1025 231
27 231
1681 231
971 231
100 231
32 231
30 231
99 231
1619 231
828 231
1069 231
1687 232
1073 233
1074 233
926 233
1101 233
899 233
522 233
103 233
279 233
966 233
1040 233
1499 233
927 233
172 233
809 233
1458 233
574 233
102 233
173 233
928 233
811 233
1099 233
443 233
585 233
1230 233
252 233
1039 233
1497 233
1070 233
227 233
775 233
417 233
98 233
166 233
1454 233
743 233
1075 233
1688 233
1072 233
76 234
331 234
1259 234
1263 234
748 234
1129 234
1768 234
1460 234
294 234
881 234
879 234
1262 234
1461 234
782 234
1693 234
1261 234
1691 234
1260 234
878 234
877 234
1703 235
1067 236
244 236
1071 236
1357 236
1706 236
46 236
1109 236
894 236
978 236
976 236
1104 236
778 236
975 236
1205 236
1714 237
1715 238
1720 239
1721 239
656 240
232 240
108 240
744 240
167 240
1 240
1722 240
234 240
657 240
4 240
1387 240
945 240
233 240
2360 240
236 240
944 240
230 240
568 240
235 240
106 240
745 240
882 240
1635 240
1133 241
1723 241
1724 242
752 243
2298 243
1327 243
794 243
1419 243
2009 243
1324 243
753 243
1347 243
1738 243
1596 243
1743 243
1987 243
755 243
1140 243
1325 243
754 243
2008 243
1986 243
1742 243
2003 243
1751 244
1753 245
1754 246
1758 247
1760 248
1763 249
1762 249
1764 250
1766 251
1776 252
1779 253
1780 254
1781 255
1783 256
1785 257
1334 258
1237 258
1880 258
2242 258
1916 258
723 258
258 258
722 258
1235 258
542 258
1789 258
1407 258
1566 258
1890 258
1333 258
1236 258
1238 258
725 258
1565 258
724 258
1790 259
1792 260
1797 261
1803 262
1816 263
1820 264
1821 265
1825 266
1833 267
1834 268
1835 269
1836 270
1842 271
1848 272
1849 272
1853 273
36 274
39 274
38 274
1674 274
1858 274
1618 274
1227 274
1268 274
1183 274
35 274
34 274
1267 274
1860 275
1861 276
1862 277
1863 278
1864 279
1870 280
1871 281
1872 282
1875 283
1876 284
618 285
620 285
619 285
621 285
1182 285
667 285
664 285
617 285
686 285
731 285
666 285
1457 285
662 285
986 285
1115 285
494 285
1203 285
1204 285
1111 285
1879 286
1882 287
1884 288
1885 289
1886 290
1892 291
1893 292
1894 293
1895 294
1904 295
1905 296
1908 297
1910 298
1912 299
1913 300
1914 301
1920 302
1921 303
1924 304
1925 305
1926 306
1928 307
1935 308
1941 309
1944 310
1945 310
937 310
1946 311
1947 312
1948 313
1949 314
1956 315
1960 316
1962 317
1963 318
1966 319
1968 320
1970 321
1971 322
1972 323
1975 324
1976 325
1978 326
1981 327
1980 327
1249 327
1979 327
1984 328
1988 329
1989 330
1990 331
1993 332
1994 333
1995 334
1996 335
2400 336
2343 336
2042 336
2372 336
2337 336
2037 336
2444 336
2000 336
2013 336
2249 336
2041 336
2020 337
908 338
608 338
378 338
1426 338
22 338
1338 338
1576 338
192 338
2021 338
381 338
537 338
24 338
1051 338
910 338
444 338
906 338
1339 338
377 338
665 338
18 338
197 338
559 338
194 338
1293 338
446 338
1731 338
191 338
448 338
1164 338
190 338
1622 338
21 338
2034 339
2035 340
2045 341
2451 341
2512 341
2133 341
2250 341
2024 341
2130 341
2044 341
2131 341
2408 341
2172 341
2132 341
2043 341
2330 341
2394 341
2511 342
637 342
2090 342
640 342
641 342
2500 342
1810 342
2102 342
2101 342
2103 342
639 342
2072 342
1811 342
638 342
2058 343
2448 343
2056 343
2057 343
2054 343
2447 344
1733 344
2375 344
1734 344
2462 344
2062 344
1184 344
2121 344
1952 344
2335 344
2059 344
1735 344
1329 344
1737 344
2063 345
2202 346
2219 346
2434 346
2095 346
2092 346
2158 346
2012 346
2091 346
2093 346
1942 346
793 346
2128 346
2220 346
2458 346
2222 346
1837 346
1728 346
2067 346
2094 346
2069 347
2071 348
807 349
1371 349
2099 349
2100 349
2376 350
2231 350
2124 350
2126 350
2129 350
2169 350
1936 350
2125 350
2119 350
2061 350
1322 350
2127 350
2139 351
2143 351
2168 351
2351 351
2238 351
2140 351
2470 351
2502 351
2528 351
2141 351
2142 351
2472 351
2469 351
2156 352
2166 352
2366 352
2164 352
2155 352
2533 352
1958 352
2170 353
2323 354
2089 354
2281 354
1174 354
2321 354
2536 354
2355 354
2104 354
2221 354
2064 354
2146 354
2084 354
2499 354
1965 354
1955 354
2306 354
2214 354
2176 354
2417 354
1062 354
2374 354
2534 354
2254 354
2435 354
2171 354
2107 354
2270 354
2274 354
2183 354
2011 354
2174 354
2368 354
2025 354
2079 354
2211 354
2389 354
2065 354
2259 354
2324 354
2023 354
2032 354
2080 354
2184 354
2256 354
2217 354
2147 354
2422 354
2180 354
2473 354
2302 354
2216 354
2073 354
2412 354
2358 354
2066 354
1999 354
2517 354
2028 354
2148 354
2201 354
2077 354
2181 354
2247 354
2078 354
2271 354
2438 354
2514 354
2019 354
2179 354
2282 354
2303 354
2488 354
2173 354
1131 354
2258 354
2336 354
1038 354
2371 354
1954 354
2357 354
2292 354
2195 354
2229 354
1037 354
2388 355
2354 355
2228 355
2189 355
2322 355
2046 355
2191 355
2406 355
2524 355
2226 355
2198 355
2203 355
2491 355
2370 355
2199 355
1563 355
2197 355
2207 355
2196 355
2393 355
2516 355
2188 355
2190 355
2208 355
2339 355
2186 355
2152 355
1903 355
2478 355
2395 355
2187 355
2479 355
2313 355
2212 356
2223 357
2237 358
2098 359
2081 359
2096 359
2243 360
2248 361
2251 362
2245 363
2253 363
2227 363
2252 363
2255 364
2257 365
2272 366
2273 367
1866 368
2338 368
2276 368
2036 368
2275 368
2431 368
2204 368
2266 368
2267 368
2265 368
2390 368
2277 368
1957 368
2268 368
933 368
2391 368
2523 368
2427 369
1985 369
1900 369
2017 369
2278 369
2018 369
1424 369
2016 369
2279 370
2280 370
2285 371
2291 372
2209 373
2295 373
2425 373
2423 373
2109 373
2294 373
2319 373
2424 373
1532 373
2308 374
2153 374
2307 374
2312 374
2310 374
2316 375
2318 376
2331 377
2333 378
2334 379
2346 380
1830 381
795 381
2361 381
2261 381
2348 381
2083 381
1899 381
2114 381
2213 381
2110 381
2377 381
2260 381
2483 381
2359 381
2097 381
2468 381
2288 381
2315 381
2287 381
2296 381
2314 381
2225 381
2398 381
2052 381
2014 381
2215 381
2263 381
2087 381
2264 381
2111 381
1898 381
2112 381
2115 381
2347 381
259 381
2289 381
2349 381
2297 381
2283 381
2286 381
2244 381
1466 381
2075 381
2167 381
2439 381
2246 381
2113 381
254 381
2367 381
2149 381
2329 381
2010 381
1492 381
2426 381
2507 381
2387 381
1063 381
2117 381
2350 382
1998 383
1744 383
1997 383
1091 383
2002 383
2159 383
2218 383
2001 383
1943 383
2489 383
2352 383
2301 383
2165 383
2503 383
2527 383
1331 383
1092 383
1163 383
2185 383
1093 383
2030 383
2233 383
2293 383
2415 383
2086 383
2082 383
2031 383
2311 383
2317 383
2206 383
2326 383
2300 383
2356 383
2262 383
2076 383
2027 383
2407 383
2033 383
2373 383
2521 383
2510 383
2284 383
2414 383
1087 383
2399 383
2029 383
2320 383
2290 383
2232 383
2445 383
2353 383
1470 383
2421 383
2305 383
2362 384
2369 385
2382 386
2392 387
2477 388
2396 388
2397 389
2328 390
1756 390
2383 390
2160 390
2486 390
1727 390
2060 390
2205 390
1503 390
2410 390
2436 390
2138 390
1855 390
2459 390
2068 390
2430 390
1907 390
2047 390
2420 390
2484 390
750 390
2501 390
2051 390
1828 390
1311 390
2487 390
1847 390
2364 390
2006 390
2345 390
2004 390
1950 390
2136 390
1533 390
2120 390
2525 390
2122 390
2236 390
1938 390
2411 390
2240 390
2144 390
1680 390
2050 390
2384 390
2015 390
2074 390
2193 390
2048 390
2224 390
2005 390
2123 390
2365 390
1982 390
1805 390
2007 390
2194 390
2401 390
2428 390
2161 390
2418 390
2163 390
1642 390
2070 390
726 390
1856 390
9 390
2325 390
2480 390
2419 390
1911 390
1929 390
1939 390
2504 390
2386 390
2175 390
2241 390
2116 390
2162 390
2402 390
2145 390
2135 390
1937 390
2332 390
2446 390
2192 390
2053 390
1330 390
1656 390
2022 390
1154 390
2178 390
2454 390
2049 390
2535 390
2385 390
2409 390
2460 390
2239 390
2403 390
2363 390
1167 390
2118 390
2137 390
2429 390
2177 390
1992 390
2404 391
2405 392
2413 393
856 394
265 394
1314 394
948 394
950 394
919 394
500 394
264 394
826 394
1264 394
1774 394
1265 394
483 394
2108 394
499 394
921 394
920 394
497 394
481 394
262 394
485 394
263 394
482 394
480 394
260 394
1704 394
1775 394
1934 394
982 394
501 394
2157 395
2416 395
2432 396
2437 397
2433 397
2441 398
2440 398
2134 398
2442 399
2443 400
2449 401
2450 402
2452 403
2455 404
2457 405
2461 406
2463 407
2379 408
2378 408
2340 408
2380 408
2465 408
2341 408
2304 408
2182 408
2342 408
2381 408
2309 408
2299 408
2200 408
2509 408
2210 408
2538 408
2154 408
2492 408
2464 408
2344 409
2466 409
2467 409
2471 410
2474 411
2475 412
2476 413
2481 414
2482 415
1795 416
1050 416
1794 416
2230 416
1796 416
2485 417
2490 418
2493 419
2494 420
309 421
1399 421
308 421
1400 421
1405 421
1922 421
287 421
1964 421
307 421
488 421
1155 421
463 421
1153 421
1152 421
306 421
720 421
718 421
1076 421
296 421
2495 421
465 421
1284 421
1078 421
1521 421
1473 421
1472 421
464 421
2496 422
2497 423
2498 424
2505 425
2506 426
2508 427
2513 428
2515 429
2519 430
2520 431
2453 432
2522 432
2526 433
2529 434
2530 435
2088 436
2105 436
2234 436
2055 436
2327 436
2151 436
2235 436
2269 436
2039 436
2038 436
2531 436
2085 436
2106 436
2040 436
2150 436
2532 437
2537 438