6 0
17 1
1683 2
1998 2
827 2
31 2
1744 2
28 2
2082 2
2206 2
1997 2
2326 2
1091 2
25 2
2002 2
2001 2
2407 2
29 2
2352 2
1090 2
2284 2
2414 2
1087 2
2232 2
2290 2
1092 2
32 2
30 2
2353 2
1470 2
1619 2
2421 2
2086 2
26 3
27 4
58 5
60 6
2026 7
1116 7
1309 7
77 7
308 7
550 7
1784 7
1046 7
380 7
536 7
1042 7
1056 7
1922 7
699 7
307 7
1044 7
1137 7
1155 7
125 7
1152 7
750 7
1442 7
73 7
756 7
1311 7
720 7
958 7
318 7
465 7
1284 7
212 7
1399 7
292 7
121 7
1400 7
315 7
488 7
293 7
1153 7
1328 7
1951 7
1667 7
1269 7
1025 7
1805 7
718 7
1076 7
1088 7
845 7
1668 7
960 7
757 7
1521 7
1472 7
1474 7
1405 7
211 7
287 7
1964 7
1968 7
963 7
338 7
1026 7
1929 7
316 7
1404 7
1136 7
450 7
1406 7
122 7
127 7
1157 7
1817 7
1078 7
759 7
1337 7
842 7
309 7
1043 7
1045 7
1154 7
751 7
1678 7
1840 7
1586 7
79 7
463 7
758 7
841 7
306 7
1515 7
1516 7
1057 7
296 7
2495 7
546 7
999 7
1473 7
313 7
464 7
89 8
91 9
119 10
116 10
120 11
143 12
182 13
1974 14
275 14
201 14
1171 14
434 14
496 14
276 14
281 14
202 14
708 14
280 14
1004 14
1240 14
1585 14
204 14
206 14
278 14
199 14
205 14
286 15
300 16
1354 16
533 16
535 16
532 16
1676 16
1392 16
1878 16
534 16
1467 16
1677 16
277 16
1353 16
330 17
332 18
333 19
1393 20
1711 20
1314 20
362 20
1272 20
1273 20
1930 20
336 20
1690 20
1243 20
1643 20
364 20
774 20
1774 20
366 20
1265 20
2108 20
360 20
1394 20
1396 20
1685 20
977 20
1587 20
1918 20
1775 20
1366 20
361 20
358 21
675 22
897 22
359 22
420 22
419 22
898 22
117 22
355 22
33 22
149 22
1759 22
749 23
558 23
369 23
367 23
368 23
370 23
788 23
295 23
371 23
896 23
866 23
385 24
1014 25
1772 25
447 25
1594 25
930 25
388 25
449 25
996 25
716 25
1745 25
386 25
644 25
738 25
1287 25
1217 25
793 25
1124 25
1053 25
1837 25
23 25
1218 25
741 25
78 25
1226 25
1055 25
317 25
1961 25
1487 25
1228 25
1647 25
1081 25
844 25
1698 25
1709 25
1123 25
1227 25
415 25
1213 25
413 25
799 25
384 25
909 25
1931 25
1011 25
392 26
393 26
20 27
918 27
915 27
1129 27
1768 27
513 27
563 27
547 27
407 27
1065 27
549 27
1193 27
552 27
548 27
1693 27
1261 27
422 28
425 29
472 30
94 30
470 30
76 31
294 31
1983 31
269 31
1365 31
748 31
1827 31
266 31
1826 31
268 31
267 31
959 31
877 31
454 32
457 33
466 34
1299 35
529 35
471 35
1300 35
531 35
1501 36
1500 36
261 36
486 37
491 37
487 37
489 37
490 37
498 38
502 39
503 40
504 41
515 42
1073 43
523 43
1626 43
1627 43
1074 43
926 43
1101 43
899 43
1211 43
526 43
103 43
279 43
966 43
1499 43
927 43
172 43
524 43
1282 43
1458 43
1252 43
574 43
102 43
928 43
811 43
1099 43
747 43
583 43
521 43
528 43
1453 43
1697 43
585 43
743 43
840 43
1230 43
252 43
1039 43
1497 43
1070 43
227 43
775 43
1251 43
527 43
525 43
1562 43
98 43
1628 43
1498 43
1454 43
1302 43
1459 43
1075 43
1072 43
530 44
538 45
539 45
541 45
545 46
820 47
553 47
688 47
817 47
303 47
692 47
554 48
555 49
562 50
586 51
589 52
610 53
613 54
1655 55
614 55
616 56
55 57
622 57
623 57
626 57
625 57
245 58
628 58
246 58
627 58
736 58
629 58
735 58
630 58
631 59
328 59
635 59
889 59
329 59
115 59
1247 59
412 59
633 59
1787 59
632 59
636 59
634 59
890 59
653 60
1541 61
1242 61
812 61
1159 61
301 61
671 61
1130 61
153 61
326 61
314 61
1571 61
1296 61
183 61
323 61
151 61
714 61
1505 61
861 61
690 61
1540 61
302 61
862 61
129 61
1538 61
324 61
1821 61
148 61
1106 61
1822 61
1629 61
142 61
150 61
831 61
1403 61
1671 61
1422 61
152 61
711 61
787 61
130 61
131 61
672 61
154 61
1430 61
1887 61
1713 61
712 61
1757 61
1429 61
1708 61
327 61
540 61
1510 61
132 61
137 61
1637 61
325 61
1605 61
936 61
1348 61
785 61
1761 61
184 61
1103 61
710 61
839 61
140 61
304 61
1158 61
673 61
305 61
1712 61
1915 61
1340 61
1547 61
674 62
677 63
683 64
684 65
876 66
659 66
225 66
87 66
170 66
231 66
85 66
84 66
505 66
1138 66
660 66
1468 66
218 66
219 66
1782 66
86 66
829 66
59 66
704 66
1295 66
83 66
180 66
81 66
224 66
80 66
223 66
168 66
215 66
1804 66
1059 66
1041 66
1398 66
661 66
1200 66
652 66
1058 66
734 66
1669 66
822 66
695 67
715 68
721 69
719 70
961 70
1202 70
1359 70
713 70
1959 70
729 70
728 70
1838 70
730 70
1034 71
445 71
1967 71
66 71
922 71
739 71
835 71
64 71
495 71
789 71
923 71
687 71
72 71
607 71
187 71
70 71
1060 71
1644 71
71 71
185 71
989 71
1326 71
556 71
1485 71
600 71
646 71
836 71
343 71
790 71
601 71
1095 71
596 71
792 71
1507 71
764 71
1491 71
1125 71
925 71
767 71
914 71
69 71
297 71
1283 71
1196 71
134 71
1061 71
991 71
731 71
678 71
65 71
992 71
189 71
1397 71
985 71
737 71
771 71
67 71
740 71
768 71
924 71
126 71
931 71
1854 71
145 71
850 71
772 71
987 71
63 71
1285 71
679 71
642 71
101 71
68 71
1750 71
765 71
742 72
773 73
331 74
881 74
879 74
1461 74
782 74
1460 74
1691 74
1260 74
878 74
95 75
1362 75
781 75
805 75
1652 75
698 75
810 75
431 75
436 75
433 75
435 75
860 75
1973 75
1752 75
1448 75
1889 75
1528 75
973 75
597 75
1410 75
1455 75
1740 75
804 75
479 75
1906 75
1659 75
1447 75
1231 75
1234 75
694 75
1102 75
7 75
917 75
1514 75
1343 75
74 75
1363 75
123 75
1271 75
1613 75
1412 75
438 75
363 75
37 75
92 75
818 75
784 75
1364 75
1839 75
806 75
1342 75
1308 75
478 75
824 75
1527 75
437 75
341 75
701 75
1741 75
802 75
1344 75
1303 75
1411 75
1382 75
1229 75
1233 75
697 75
984 75
907 75
88 75
783 75
1220 75
36 76
39 76
38 76
803 76
1380 76
1674 76
1618 76
1268 76
1183 76
35 76
1381 76
34 76
1267 76
427 77
1463 77
1749 77
796 77
800 77
801 77
1462 77
816 78
813 78
1699 78
1702 78
814 78
90 78
421 78
815 78
1700 78
1701 78
849 78
880 78
825 79
780 80
99 80
1718 80
828 80
100 80
1778 80
1069 80
837 81
1389 82
848 82
846 82
648 82
647 82
645 82
847 82
891 82
643 82
1388 82
853 83
855 84
82 85
1214 85
624 85
857 85
770 85
1530 85
186 85
241 85
42 85
107 85
858 86
339 87
1748 87
1736 87
1294 87
606 87
1542 87
1630 87
147 87
52 87
216 87
1117 87
217 87
1118 87
605 87
1000 87
1181 87
146 87
663 87
833 87
1248 87
1113 87
604 87
257 87
299 87
863 88
1732 89
766 89
769 89
868 89
1369 89
870 90
871 91
874 91
872 91
873 91
869 91
911 92
1144 92
1100 92
237 92
1149 92
1148 92
1865 92
1083 92
1479 92
462 92
174 92
453 92
1609 92
460 92
702 92
892 92
97 92
1151 92
459 92
398 92
895 92
1977 92
96 92
703 92
461 92
732 92
913 92
1384 92
1386 92
1710 92
1150 92
893 93
1902 94
901 94
902 95
903 96
912 97
916 98
943 99
656 100
108 100
744 100
232 100
167 100
1 100
1722 100
1635 100
234 100
657 100
4 100
1387 100
945 100
233 100
2360 100
236 100
944 100
230 100
568 100
235 100
106 100
882 100
745 100
946 101
807 102
1371 102
2099 102
2100 102
965 103
971 104
175 105
177 105
1705 105
949 105
181 105
179 105
176 105
988 106
1588 107
1589 107
1270 107
1298 107
406 107
1368 107
598 107
135 107
602 107
595 107
993 108
808 109
1001 109
990 109
1489 109
997 109
1490 109
1488 109
1662 109
998 109
851 109
1661 109
1617 109
1002 110
1003 111
1010 112
1027 113
492 114
1436 114
1028 114
1767 114
1877 114
1696 114
1439 114
477 114
272 114
1725 114
473 114
270 114
1675 114
271 114
57 114
1440 114
1024 114
474 114
1809 114
476 114
1345 114
981 114
493 114
351 114
273 114
1029 115
1030 116
1786 117
1280 117
1279 117
1277 117
883 117
886 117
1765 117
1033 117
1658 117
885 117
1031 117
312 117
566 117
1420 117
136 117
228 117
1035 117
1421 117
226 117
1583 118
1584 118
1582 118
1881 118
1581 118
786 118
1047 118
1048 118
1049 118
1054 119
670 120
680 120
1808 120
691 120
681 120
821 120
561 120
395 120
253 120
980 120
1579 120
1210 120
340 120
138 120
8 120
1098 120
1812 120
456 120
337 120
1560 120
251 120
1160 120
685 120
514 120
342 120
1297 120
383 120
669 120
575 120
335 120
797 120
1339 120
696 120
682 120
1726 120
1552 120
1266 120
1064 120
668 120
1293 120
1570 120
1502 120
1888 120
1891 120
819 120
1370 120
1164 120
250 120
1385 120
247 120
1156 120
1066 121
1068 122
1036 123
50 123
1306 123
51 123
1842 123
762 123
1079 123
615 123
1304 123
763 123
957 123
40 123
1080 123
49 123
761 123
1258 123
760 123
1032 123
1257 123
424 123
1085 124
1208 124
310 124
311 124
1592 124
1927 124
1245 124
1082 124
1105 124
1641 124
1707 124
1086 124
1089 125
114 126
1476 126
506 126
56 126
1141 126
214 126
1477 126
1040 126
1349 126
1128 126
1482 126
809 126
709 126
221 126
1673 126
1246 126
112 126
1475 126
1320 126
953 126
693 126
1445 126
220 126
1692 126
353 126
113 126
1672 126
1107 126
1143 126
451 126
1142 126
1481 126
1478 126
689 126
778 127
1067 127
244 127
1706 127
1071 127
1357 127
46 127
894 127
1109 127
978 127
1104 127
976 127
975 127
1205 127
1660 128
599 128
832 128
612 128
834 128
544 128
1869 128
1121 129
1132 130
1139 131
1146 132
1145 132
591 132
1165 133
1180 134
1191 135
1195 136
1425 136
1423 136
443 137
1022 137
1023 137
43 137
334 137
229 137
590 137
390 137
1645 137
319 137
440 137
579 137
418 137
578 137
1449 137
320 137
1199 137
864 137
164 137
322 137
416 137
400 137
592 137
1147 137
1573 137
157 137
594 137
321 137
165 137
242 137
1201 138
1209 139
700 140
284 140
1112 140
1813 140
859 140
967 140
1484 140
1631 140
1212 140
409 140
587 140
53 140
1341 140
283 140
1415 140
649 140
178 140
396 140
467 140
1919 140
1504 140
884 140
516 140
285 140
356 140
124 140
1814 140
44 140
654 140
41 140
45 140
655 140
1007 140
970 140
282 140
1286 140
1052 140
1119 140
952 140
823 140
397 140
968 140
1416 140
1451 140
1009 140
1006 140
650 140
1120 140
1336 140
1122 140
651 140
1719 140
1215 141
1873 141
469 141
468 141
1216 141
1219 142
1222 143
1223 144
1224 144
1225 144
1232 145
1244 146
1250 147
582 148
584 148
1176 148
581 148
777 148
1254 148
576 148
1253 148
1175 148
865 148
854 148
1262 149
1259 149
1263 149
1611 150
1807 150
830 150
1276 150
1275 150
1769 150
603 151
171 151
169 151
733 151
776 151
658 151
522 151
1019 151
1456 151
158 151
156 151
1564 151
1172 151
417 151
593 151
1197 151
1274 151
843 151
161 151
173 151
166 151
160 151
875 151
1020 151
1198 151
1281 152
905 153
213 153
1358 153
1773 153
1162 153
1289 153
900 153
611 153
852 153
1161 153
1771 153
1418 153
1531 153
1332 153
888 153
210 153
1290 153
867 153
1417 153
209 153
887 153
1288 153
1360 153
1291 154
1292 155
1301 156
1307 157
1323 158
1334 159
1237 159
1880 159
2242 159
1916 159
723 159
258 159
722 159
1235 159
542 159
1789 159
1407 159
1566 159
1890 159
1333 159
1236 159
1238 159
725 159
1565 159
724 159
1335 160
1346 161
1351 162
1367 163
1373 164
1379 165
1383 166
1402 167
1408 168
1413 169
1428 170
1427 170
1806 171
1431 171
1433 171
1432 171
1435 172
1437 173
1441 174
1450 175
1464 176
1465 177
1469 178
1471 179
1480 180
1483 181
1801 182
1444 182
1800 182
956 182
1546 182
1486 182
408 182
1443 182
2456 182
1823 182
2518 182
1831 182
188 182
411 182
414 182
1824 182
1496 183
1506 184
1551 185
47 185
969 185
1188 185
1189 185
570 185
1187 185
1192 185
1509 185
1657 185
746 185
1646 185
48 185
1508 185
1190 185
2 186
947 186
519 186
162 186
240 186
577 186
239 186
938 186
5 186
3 186
159 186
518 186
942 186
410 186
940 186
941 186
706 186
520 186
208 186
939 186
1917 186
163 186
1452 186
779 186
243 186
0 186
238 186
580 186
707 186
347 187
350 187
16 187
1519 187
1206 187
344 187
1520 187
935 187
934 187
15 187
349 187
1207 187
256 187
1518 187
346 187
348 187
1356 188
1524 188
1525 188
1110 188
1526 189
1414 189
1529 190
1539 191
1545 192
1544 192
1543 192
1548 193
141 194
1549 194
402 194
1550 194
403 194
484 194
1127 194
405 194
979 194
1670 194
1639 194
1126 194
1170 194
1169 194
1788 194
1168 194
1612 194
222 194
1969 194
1537 194
1108 194
249 194
1832 194
404 194
1536 194
1495 194
1553 195
1554 196
1555 197
1557 198
1558 199
1559 200
1321 201
1513 201
1512 201
1567 201
1511 201
1569 201
1572 202
1578 203
389 204
423 204
1991 204
387 204
391 204
1580 204
1534 204
139 204
573 204
1590 205
1591 206
1747 206
1395 206
717 206
1494 206
1493 206
1305 206
1716 206
394 206
1632 206
1798 206
1746 206
1634 206
1777 206
1717 206
1595 207
1597 208
1599 209
1600 210
1601 211
1602 212
1603 213
1606 214
1614 215
1615 216
1620 217
1621 218
1624 219
1623 219
1625 220
118 221
1636 221
1638 221
1008 222
1648 222
1653 223
1851 224
904 224
290 224
379 224
1730 224
200 224
1318 224
198 224
291 224
248 224
207 224
289 224
1654 224
1438 224
203 224
288 224
1932 224
1852 224
1319 224
1729 224
564 224
1695 224
1684 225
995 225
2525 225
2192 225
1656 225
994 225
2194 225
2068 225
2070 225
2193 225
543 225
1982 225
1907 225
1992 225
951 226
357 226
1897 226
1178 226
983 226
948 226
950 226
1819 226
1640 226
1179 226
972 226
1818 226
974 226
61 227
144 227
1610 227
1666 227
1665 227
1663 227
1577 227
54 227
1409 227
1664 228
1679 229
1681 230
1682 231
1177 232
1686 232
1687 233
1688 234
1694 235
1703 236
1714 237
1715 238
1720 239
1721 239
1133 240
1723 240
1724 241
752 242
1743 242
1327 242
755 242
1325 242
754 242
1324 242
753 242
1742 242
1347 242
1738 242
1751 243
1754 244
1758 245
1760 246
2361 247
795 247
1830 247
2261 247
2083 247
1375 247
2213 247
2377 247
1604 247
2260 247
2359 247
2097 247
2468 247
2315 247
2287 247
2146 247
2314 247
2225 247
2296 247
2052 247
2014 247
2087 247
2263 247
2264 247
1898 247
2115 247
794 247
1419 247
2297 247
2011 247
2283 247
2244 247
1763 247
2075 247
1374 247
2167 247
2439 247
2246 247
2149 247
2367 247
2329 247
1762 247
2426 247
2507 247
1063 247
2117 247
1523 247
1764 248
1766 249
1776 250
1779 251
1780 252
1781 253
1783 254
856 255
265 255
919 255
500 255
264 255
826 255
1264 255
483 255
499 255
921 255
920 255
497 255
481 255
262 255
485 255
263 255
482 255
480 255
1704 255
260 255
982 255
501 255
1785 256
1790 257
511 258
1793 258
512 258
705 258
352 258
964 258
274 258
962 258
1791 258
572 258
517 258
105 258
1792 259
1797 260
458 261
1568 261
452 261
455 261
1607 261
1608 261
1799 261
1802 262
1803 263
1811 264
2500 264
1561 265
1352 265
426 265
1278 265
1815 265
399 265
588 265
11 265
13 265
1401 265
1135 265
1021 265
12 265
567 265
571 265
155 265
569 265
551 265
1522 265
401 265
14 265
1633 265
1134 265
62 265
475 265
1173 265
1689 265
1185 265
430 265
1372 265
1909 265
1241 265
955 265
1084 265
429 265
791 265
10 265
954 265
1186 265
1616 265
428 265
838 265
354 265
1194 265
798 265
1816 266
1820 267
1825 268
1828 269
1833 270
1834 271
1835 272
1836 273
1843 274
1848 275
1849 275
1853 276
1858 277
1860 278
1861 279
1862 280
1863 281
1864 282
1868 283
1870 284
908 285
608 285
372 285
378 285
1426 285
1350 285
376 285
22 285
1338 285
375 285
1576 285
193 285
192 285
2021 285
381 285
374 285
537 285
24 285
1871 285
1051 285
929 285
910 285
444 285
906 285
373 285
377 285
665 285
18 285
195 285
1593 285
932 285
559 285
197 285
194 285
19 285
446 285
1731 285
191 285
448 285
190 285
1622 285
21 285
196 285
1872 286
1875 287
1013 288
1094 288
1844 288
1316 288
1317 288
1315 288
1096 288
298 288
1753 288
1015 288
1018 288
1598 288
1867 288
255 288
1739 288
1845 288
104 288
1016 288
1876 288
1517 288
1953 288
1650 288
1874 288
1012 288
1017 288
1846 288
1313 288
1755 288
565 288
1239 288
1005 288
1841 288
1166 288
365 288
1097 288
1770 288
1883 288
618 289
620 289
619 289
621 289
1182 289
667 289
664 289
617 289
686 289
666 289
1457 289
662 289
986 289
1115 289
494 289
1203 289
1204 289
1111 289
1879 290
1882 291
1884 292
1885 293
1886 294
1892 295
1893 296
1894 297
1895 298
1649 299
1535 299
382 299
1896 299
1651 299
609 299
1377 299
1446 299
1376 299
727 299
1378 299
1901 300
1556 300
1904 301
1905 302
1908 303
1910 304
1912 305
1913 306
1914 307
1920 308
1921 309
1924 310
1925 311
1926 312
1928 313
510 314
509 314
508 314
1933 314
432 314
507 314
1935 315
1941 316
1944 317
1945 317
937 317
1946 318
1947 319
1948 320
1949 321
1956 322
1960 323
1962 324
1963 325
1966 326
1970 327
1971 328
1972 329
1975 330
1976 331
1256 332
1361 332
1859 332
1255 332
442 332
1077 332
441 332
439 332
1923 332
1850 332
1221 332
1857 332
1355 332
93 332
1978 333
111 334
637 334
640 334
641 334
1312 334
1940 334
1829 334
1575 334
110 334
1981 334
75 334
1574 334
557 334
676 334
133 334
1980 334
109 334
1390 334
638 334
1979 334
560 334
1114 334
1391 334
128 334
639 334
1310 334
1249 334
1984 335
1988 336
1989 337
1990 338
1993 339
1994 340
1995 341
1996 342
2427 343
1985 343
1900 343
2017 343
2278 343
2018 343
1424 343
2016 343
2020 344
2209 345
2295 345
2425 345
2423 345
2109 345
2294 345
2319 345
1532 345
2034 346
2035 347
2400 348
2343 348
2042 348
2372 348
2337 348
2037 348
2444 348
2000 348
2013 348
2249 348
2041 348
2088 349
2105 349
2151 349
2327 349
2235 349
2050 349
2531 349
2454 349
2048 349
2106 349
2047 349
2040 349
2150 349
2055 349
2234 349
2269 349
2039 349
2038 349
2085 349
2058 350
2448 350
2056 350
2057 350
2054 350
2063 351
2202 352
2094 352
2434 352
2095 352
2092 352
2158 352
2012 352
2067 352
2091 352
2093 352
1942 352
2128 352
2220 352
2222 352
1728 352
2458 352
2219 352
2069 353
2071 354
2323 355
2089 355
2281 355
1174 355
2321 355
2536 355
2218 355
2355 355
2489 355
2104 355
2221 355
2064 355
2503 355
2084 355
1163 355
2306 355
1965 355
1955 355
2185 355
2214 355
2176 355
1062 355
2424 355
2374 355
2254 355
2435 355
2107 355
2417 355
2031 355
2270 355
2411 355
2300 355
2274 355
2174 355
2368 355
2079 355
2033 355
2211 355
2513 355
2389 355
2065 355
2259 355
2324 355
2032 355
2080 355
2184 355
2256 355
2217 355
2147 355
2273 355
2422 355
2473 355
2180 355
2302 355
2216 355
2073 355
2412 355
2358 355
2066 355
1999 355
2517 355
2148 355
2451 355
2201 355
2077 355
2133 355
2233 355
2293 355
2078 355
2271 355
2438 355
2317 355
2514 355
2019 355
2179 355
2262 355
2282 355
2488 355
2173 355
2510 355
1131 355
2258 355
2336 355
2029 355
1038 355
2371 355
1954 355
2357 355
2195 355
2229 355
1037 355
2098 356
2081 356
2096 356
2347 357
2348 357
259 357
2289 357
2349 357
1899 357
2114 357
2110 357
2286 357
2483 357
2288 357
1466 357
2113 357
254 357
2398 357
2010 357
1492 357
2215 357
2111 357
2112 357
2376 358
2231 358
2124 358
2126 358
2169 358
1936 358
2119 358
2129 358
2125 358
1322 358
345 358
2061 358
2127 358
1434 358
2139 359
2143 359
2168 359
2351 359
2238 359
2140 359
2470 359
2502 359
2528 359
2141 359
2142 359
2472 359
2469 359
1795 360
1050 360
1794 360
2230 360
1796 360
2156 361
2166 361
2366 361
2164 361
2155 361
2533 361
1958 361
2170 362
2045 363
2512 363
2250 363
2024 363
2130 363
2044 363
2131 363
2408 363
2172 363
2132 363
2043 363
2330 363
2394 363
2301 364
2165 364
2499 364
2076 364
1093 364
2292 364
1943 364
2373 364
2152 365
2388 365
2478 365
2308 365
2228 365
2153 365
2312 365
2370 365
2516 365
2046 365
2307 365
2313 365
2197 365
2226 365
2310 365
2354 366
2393 366
2189 366
2322 366
2188 366
2191 366
2406 366
2190 366
2524 366
2208 366
2339 366
2186 366
2198 366
1903 366
2203 366
2491 366
2199 366
2395 366
1563 366
2187 366
2479 366
2196 366
2207 366
2212 367
2223 368
2224 369
2237 370
2328 371
1756 371
2160 371
2486 371
1727 371
2060 371
2102 371
1503 371
2205 371
2410 371
2436 371
2103 371
2138 371
1855 371
2459 371
2420 371
2484 371
2501 371
2051 371
1847 371
2487 371
2364 371
2006 371
2345 371
1950 371
2004 371
2136 371
1533 371
2120 371
2122 371
1938 371
2144 371
1680 371
2236 371
2240 371
2384 371
2015 371
2074 371
2072 371
2005 371
2123 371
2511 371
2007 371
2401 371
2428 371
2418 371
2161 371
2163 371
1642 371
2101 371
726 371
1856 371
9 371
2325 371
2480 371
2419 371
1939 371
1911 371
2504 371
2090 371
2386 371
2175 371
2241 371
2116 371
2162 371
2402 371
2145 371
2135 371
1937 371
2332 371
2053 371
1330 371
1810 371
2022 371
2178 371
2049 371
2385 371
2409 371
2403 371
1167 371
2118 371
2363 371
2239 371
2387 371
2137 371
2429 371
2177 371
2243 372
2248 373
2251 374
2245 375
2253 375
2227 375
2252 375
2255 376
2257 377
2272 378
2279 379
2280 379
2285 380
2291 381
2316 382
2318 383
2331 384
2333 385
2334 386
2346 387
2350 388
2356 389
2362 390
2365 391
2342 392
2379 392
2378 392
2340 392
2309 392
2299 392
2200 392
2380 392
2509 392
2341 392
2210 392
2538 392
2154 392
2182 392
2464 392
2382 393
2383 394
2392 395
2477 396
2396 396
2397 397
2404 398
2405 399
2413 400
2298 401
2157 401
2036 401
2490 401
2275 401
2009 401
2416 401
2465 401
2159 401
2028 401
2204 401
2266 401
2369 401
1987 401
1331 401
2277 401
1140 401
1957 401
2181 401
2268 401
2008 401
2030 401
2247 401
2415 401
2534 401
2492 401
2171 401
2265 401
1866 401
2311 401
2338 401
2276 401
2183 401
2391 401
2025 401
2431 401
2303 401
2304 401
2027 401
1596 401
2267 401
2521 401
2390 401
2381 401
2399 401
2320 401
2445 401
2023 401
933 401
1986 401
1934 401
2003 401
2305 401
2523 401
2430 402
2432 403
2437 404
2433 404
2441 405
2440 405
2134 405
2442 406
2443 407
2446 408
2449 409
2450 410
2452 411
2455 412
2457 413
2460 414
2461 415
2447 416
1733 416
2375 416
1734 416
2462 416
2062 416
1184 416
2121 416
1952 416
2335 416
2059 416
1735 416
1329 416
1737 416
2463 417
2471 418
2474 419
2475 420
2476 421
2481 422
2482 423
2485 424
2497 425
2494 426
2493 426
2496 427
2344 428
2466 428
2467 428
2498 429
2505 430
2506 431
2508 432
2515 433
2519 434
2520 435
2453 436
2522 436
2526 437
2527 438
2529 439
2530 440
2532 441
2535 442
2537 443