0 443 0.01 
0 477 0.01 
0 516 0.01 
0 610 0.01 
0 787 0.01 
0 845 0.01 
443 53 0.01 
443 108 0.01 
443 422 0.01 
443 658 1.01 
443 754 1.01 
443 941 0.01 
443 996 0.01 
477 0 0.01 
477 71 0.01 
477 568 0.01 
477 754 0.01 
477 814 1.01 
477 970 0.01 
477 994 0.01 
516 424 1.01 
516 429 0.01 
516 754 0.01 
516 760 0.01 
516 845 0.01 
516 884 0.01 
516 993 0.01 
610 443 0.01 
610 497 0.01 
610 523 0.01 
610 773 0.01 
610 787 1.01 
610 845 0.01 
610 995 0.01 
787 0 0.01 
787 394 0.01 
787 443 0.01 
787 516 0.01 
787 540 0.01 
787 814 0.01 
845 209 0.01 
845 523 2.01 
845 814 0.01 
845 948 1.01 
845 955 0.01 
845 980 0.01 
1 389 0.01 
1 865 0.01 
1 948 1.01 
1 956 0.01 
1 985 1.01 
1 986 2.01 
1 991 0.01 
389 781 0.01 
389 807 2.01 
389 946 0.01 
389 956 2.01 
389 985 5.01 
389 986 3.01 
389 991 4.01 
865 452 0.01 
865 597 0.01 
865 730 0.01 
865 956 1.01 
865 985 7.01 
865 986 6.01 
948 27 1.01 
948 671 0.01 
948 730 1.01 
948 946 3.01 
948 986 5.01 
948 991 8.01 
956 452 0.01 
956 570 0.01 
956 588 1.01 
956 748 1.01 
956 986 11.01 
956 991 16.009999999999998 
985 377 0.01 
985 748 8.01 
985 755 1.01 
985 946 9.01 
985 986 27.009999999999998 
985 991 23.009999999999998 
986 89 1.01 
986 220 1.01 
986 288 4.01 
986 575 3.01 
986 908 8.01 
986 991 28.009999999999998 
991 322 0.01 
991 494 2.01 
991 532 4.01 
991 539 2.01 
991 680 3.01 
991 985 9.01 
2 201 0.01 
2 562 0.01 
2 824 0.01 
2 916 0.01 
2 941 0.01 
2 975 0.01 
2 996 3.01 
201 93 0.01 
201 395 0.01 
201 656 0.01 
201 817 0.01 
201 928 0.01 
201 948 0.01 
201 961 0.01 
562 24 0.01 
562 247 0.01 
562 606 0.01 
562 689 0.01 
562 755 0.01 
562 764 0.01 
562 999 0.01 
824 661 0.01 
824 665 1.01 
824 725 0.01 
824 751 0.01 
824 795 0.01 
824 862 0.01 
916 642 0.01 
916 727 0.01 
916 737 0.01 
916 928 1.01 
916 974 2.01 
916 996 0.01 
941 146 0.01 
941 472 0.01 
941 813 0.01 
941 953 5.01 
941 996 6.01 
941 999 0.01 
975 49 1.01 
975 331 0.01 
975 681 0.01 
975 759 1.01 
975 848 1.01 
975 910 3.01 
996 36 0.01 
996 129 0.01 
996 615 3.01 
996 660 1.01 
996 928 5.01 
996 974 2.01 
3 327 0.01 
3 688 0.01 
3 718 0.01 
3 788 0.01 
3 944 0.01 
3 962 1.01 
3 968 0.01 
327 24 0.01 
327 290 0.01 
327 393 1.01 
327 537 0.01 
327 718 0.01 
327 791 0.01 
327 944 0.01 
688 431 0.01 
688 511 0.01 
688 737 0.01 
688 744 0.01 
688 784 0.01 
688 871 0.01 
688 996 0.01 
718 163 0.01 
718 556 0.01 
718 682 0.01 
718 708 0.01 
718 758 0.01 
718 967 0.01 
788 423 0.01 
788 497 1.01 
788 891 3.01 
788 929 3.01 
788 942 1.01 
788 973 3.01 
944 645 0.01 
944 687 0.01 
944 800 1.01 
944 869 0.01 
944 968 1.01 
944 997 1.01 
962 225 0.01 
962 273 1.01 
962 614 1.01 
962 687 2.01 
962 968 1.01 
962 988 0.01 
968 183 1.01 
968 411 0.01 
968 790 0.01 
968 869 1.01 
968 892 0.01 
968 921 1.01 
4 759 0.01 
4 770 1.01 
4 784 0.01 
4 921 0.01 
4 974 0.01 
4 996 0.01 
759 116 0.01 
759 144 0.01 
759 690 0.01 
759 774 0.01 
759 817 0.01 
759 996 6.01 
770 19 1.01 
770 324 0.01 
770 530 0.01 
770 797 0.01 
770 896 0.01 
770 928 1.01 
784 197 1.01 
784 665 0.01 
784 777 0.01 
784 813 0.01 
784 827 0.01 
784 894 0.01 
921 135 0.01 
921 146 1.01 
921 197 0.01 
921 448 1.01 
921 502 0.01 
921 894 0.01 
974 372 1.01 
974 826 1.01 
974 923 4.01 
974 941 2.01 
974 956 0.01 
974 996 6.01 
5 478 0.01 
5 716 0.01 
5 784 0.01 
5 829 0.01 
5 848 0.01 
5 928 0.01 
5 994 0.01 
478 201 0.01 
478 202 0.01 
478 590 0.01 
478 923 0.01 
478 974 0.01 
478 975 1.01 
478 996 0.01 
716 113 2.01 
716 677 0.01 
716 779 0.01 
716 929 2.01 
716 942 0.01 
716 973 2.01 
829 324 0.01 
829 543 0.01 
829 848 0.01 
829 906 0.01 
829 928 0.01 
829 996 0.01 
848 402 0.01 
848 495 0.01 
848 714 0.01 
848 944 0.01 
848 978 1.01 
848 998 0.01 
928 423 1.01 
928 647 0.01 
928 737 2.01 
928 744 2.01 
928 953 3.01 
928 968 0.01 
994 357 1.01 
994 501 2.01 
994 646 1.01 
994 860 4.01 
994 966 6.01 
994 984 9.01 
6 282 0.01 
6 328 1.01 
6 370 0.01 
6 593 1.01 
6 913 1.01 
6 997 10.01 
6 999 17.009999999999998 
282 122 0.01 
282 864 0.01 
282 964 1.01 
282 981 0.01 
282 989 5.01 
282 997 2.01 
282 999 2.01 
328 256 0.01 
328 286 0.01 
328 489 0.01 
328 796 0.01 
328 935 2.01 
328 997 6.01 
328 999 3.01 
370 489 1.01 
370 896 1.01 
370 951 1.01 
370 964 1.01 
370 981 1.01 
370 997 4.01 
370 999 3.01 
593 451 0.01 
593 554 0.01 
593 913 3.01 
593 951 1.01 
593 964 2.01 
593 997 5.01 
593 999 5.01 
913 662 1.01 
913 686 2.01 
913 934 2.01 
913 964 10.01 
913 989 17.009999999999998 
913 997 10.01 
997 42 0.01 
997 209 0.01 
997 576 4.01 
997 859 2.01 
997 913 9.01 
997 999 50.01 
999 785 2.01 
999 864 4.01 
999 926 19.009999999999998 
999 981 19.009999999999998 
999 989 20.009999999999998 
999 997 52.01 
7 62 0.01 
7 193 0.01 
7 419 0.01 
7 627 0.01 
7 962 0.01 
7 968 0.01 
7 986 0.01 
62 56 0.01 
62 435 0.01 
62 627 0.01 
62 939 0.01 
62 953 0.01 
62 968 1.01 
62 986 0.01 
193 184 0.01 
193 227 0.01 
193 603 0.01 
193 942 0.01 
193 960 0.01 
193 982 0.01 
193 987 1.01 
419 413 0.01 
419 441 0.01 
419 687 0.01 
419 718 0.01 
419 869 1.01 
419 962 1.01 
419 968 0.01 
627 189 0.01 
627 355 0.01 
627 450 0.01 
627 667 0.01 
627 744 0.01 
627 968 0.01 
627 985 0.01 
8 118 0.01 
8 409 0.01 
8 544 0.01 
8 878 0.01 
8 887 0.01 
8 972 0.01 
8 995 2.01 
118 243 0.01 
118 410 0.01 
118 905 0.01 
118 972 1.01 
118 983 3.01 
118 988 3.01 
118 995 0.01 
409 404 0.01 
409 455 0.01 
409 887 0.01 
409 905 2.01 
409 983 2.01 
409 988 1.01 
409 995 2.01 
544 123 0.01 
544 466 0.01 
544 520 0.01 
544 780 1.01 
544 918 0.01 
544 988 0.01 
544 995 1.01 
878 118 2.01 
878 390 1.01 
878 810 0.01 
878 934 0.01 
878 983 11.01 
878 995 3.01 
887 14 0.01 
887 259 2.01 
887 355 0.01 
887 731 0.01 
887 945 3.01 
887 972 2.01 
972 780 1.01 
972 839 4.01 
972 917 3.01 
972 983 15.01 
972 988 6.01 
972 995 12.01 
995 92 0.01 
995 258 1.01 
995 396 4.01 
995 773 2.01 
995 975 4.01 
995 983 17.009999999999998 
9 138 0.01 
9 596 0.01 
9 630 0.01 
9 640 0.01 
9 683 1.01 
9 696 1.01 
9 843 0.01 
138 52 0.01 
138 439 0.01 
138 776 0.01 
138 929 0.01 
138 934 0.01 
138 941 0.01 
138 996 2.01 
596 566 0.01 
596 630 0.01 
596 690 0.01 
596 696 1.01 
596 729 2.01 
596 743 0.01 
596 895 0.01 
630 229 0.01 
630 542 0.01 
630 566 0.01 
630 648 0.01 
630 696 0.01 
630 729 1.01 
630 818 0.01 
640 151 0.01 
640 605 0.01 
640 738 1.01 
640 901 1.01 
640 943 1.01 
640 990 0.01 
640 992 1.01 
683 9 1.01 
683 238 0.01 
683 558 0.01 
683 648 0.01 
683 695 0.01 
683 729 2.01 
683 997 1.01 
696 9 0.01 
696 542 0.01 
696 596 0.01 
696 648 0.01 
696 835 0.01 
696 843 0.01 
696 912 0.01 
843 99 0.01 
843 107 0.01 
843 596 1.01 
843 648 0.01 
843 650 0.01 
843 729 1.01 
10 790 0.01 
10 838 0.01 
10 879 0.01 
10 886 0.01 
10 977 0.01 
10 990 3.01 
10 993 1.01 
790 277 0.01 
790 740 0.01 
790 775 0.01 
790 901 0.01 
790 992 3.01 
790 998 3.01 
838 601 0.01 
838 701 0.01 
838 857 0.01 
838 914 1.01 
838 958 2.01 
838 998 2.01 
879 465 0.01 
879 510 0.01 
879 689 0.01 
879 936 0.01 
879 954 3.01 
879 989 0.01 
886 203 0.01 
886 812 0.01 
886 958 1.01 
886 990 3.01 
886 992 8.01 
886 998 5.01 
977 107 2.01 
977 268 0.01 
977 459 3.01 
977 851 8.01 
977 861 8.01 
977 932 8.01 
990 794 0.01 
990 897 3.01 
990 958 10.01 
990 992 22.009999999999998 
990 993 32.01 
990 998 35.01 
993 492 0.01 
993 795 3.01 
993 943 10.01 
993 958 13.01 
993 990 15.01 
993 992 21.009999999999998 
11 470 0.01 
11 863 0.01 
11 899 0.01 
11 930 0.01 
11 936 2.01 
11 954 1.01 
11 976 0.01 
470 798 0.01 
470 840 0.01 
470 863 1.01 
470 965 2.01 
470 970 2.01 
470 976 7.01 
470 987 0.01 
863 109 1.01 
863 510 0.01 
863 632 0.01 
863 804 0.01 
863 976 4.01 
863 981 0.01 
899 425 1.01 
899 434 0.01 
899 584 0.01 
899 961 2.01 
899 971 0.01 
899 978 0.01 
930 34 0.01 
930 120 0.01 
930 228 0.01 
930 333 0.01 
930 815 3.01 
930 866 1.01 
936 169 0.01 
936 428 0.01 
936 689 2.01 
936 820 0.01 
936 954 9.01 
936 970 6.01 
954 386 2.01 
954 496 2.01 
954 628 4.01 
954 834 3.01 
954 965 7.01 
954 970 5.01 
976 630 0.01 
976 651 0.01 
976 798 3.01 
976 954 9.01 
976 965 4.01 
976 970 5.01 
12 399 0.01 
12 667 0.01 
12 700 0.01 
12 840 0.01 
12 971 3.01 
12 978 2.01 
399 177 1.01 
399 663 0.01 
399 667 0.01 
399 888 0.01 
399 955 1.01 
399 971 3.01 
399 978 0.01 
667 252 1.01 
667 343 0.01 
667 360 0.01 
667 593 0.01 
667 612 1.01 
667 888 1.01 
667 892 0.01 
700 177 0.01 
700 182 0.01 
700 595 0.01 
700 840 0.01 
700 883 0.01 
700 971 3.01 
700 984 0.01 
840 59 0.01 
840 234 1.01 
840 434 0.01 
840 655 0.01 
840 899 0.01 
840 961 2.01 
971 234 1.01 
971 252 1.01 
971 399 0.01 
971 663 1.01 
971 820 0.01 
971 955 4.01 
978 6 0.01 
978 579 2.01 
978 595 1.01 
978 821 3.01 
978 955 4.01 
978 992 1.01 
13 382 0.01 
13 486 0.01 
13 511 0.01 
13 644 0.01 
13 941 0.01 
13 996 0.01 
382 221 0.01 
382 493 0.01 
382 513 1.01 
382 743 0.01 
382 838 0.01 
382 941 0.01 
382 975 0.01 
486 284 0.01 
486 517 0.01 
486 592 0.01 
486 738 0.01 
486 877 0.01 
486 974 1.01 
486 996 0.01 
511 154 0.01 
511 546 0.01 
511 642 0.01 
511 688 0.01 
511 696 0.01 
511 779 0.01 
511 960 0.01 
644 85 0.01 
644 165 0.01 
644 382 0.01 
644 431 0.01 
644 543 0.01 
644 742 0.01 
644 974 0.01 
14 464 0.01 
14 887 0.01 
14 905 2.01 
14 918 0.01 
14 945 0.01 
14 972 0.01 
14 995 1.01 
464 500 2.01 
464 556 0.01 
464 734 0.01 
464 839 1.01 
464 983 2.01 
464 988 2.01 
464 995 2.01 
905 466 2.01 
905 500 0.01 
905 852 3.01 
905 972 7.01 
905 983 5.01 
905 995 8.01 
918 258 2.01 
918 265 1.01 
918 513 0.01 
918 852 2.01 
918 972 6.01 
918 995 10.01 
945 106 0.01 
945 710 1.01 
945 972 11.01 
945 980 1.01 
945 983 7.01 
945 988 15.01 
15 459 0.01 
15 591 0.01 
15 606 1.01 
15 932 2.01 
15 937 1.01 
15 967 4.01 
15 969 3.01 
15 977 0.01 
459 453 1.01 
459 606 2.01 
459 844 3.01 
459 932 4.01 
459 957 1.01 
459 959 8.01 
459 977 4.01 
591 844 4.01 
591 873 0.01 
591 874 1.01 
591 937 0.01 
591 967 2.01 
591 969 3.01 
591 977 5.01 
606 291 2.01 
606 797 1.01 
606 892 4.01 
606 957 3.01 
606 959 3.01 
606 967 5.01 
606 969 5.01 
606 977 6.01 
932 167 1.01 
932 459 1.01 
932 818 5.01 
932 957 3.01 
932 959 7.01 
932 977 4.01 
937 15 1.01 
937 515 0.01 
937 874 3.01 
937 892 8.01 
937 967 9.01 
937 969 13.01 
967 498 3.01 
967 561 3.01 
967 850 6.01 
967 851 7.01 
967 937 6.01 
967 959 12.01 
969 352 2.01 
969 369 1.01 
969 850 3.01 
969 959 10.01 
969 967 15.01 
969 977 11.01 
16 483 0.01 
16 652 0.01 
16 682 0.01 
16 898 0.01 
16 919 1.01 
16 973 0.01 
16 979 1.01 
483 442 1.01 
483 451 0.01 
483 509 0.01 
483 934 1.01 
483 989 1.01 
483 997 4.01 
483 999 0.01 
652 307 0.01 
652 387 2.01 
652 650 0.01 
652 732 0.01 
652 757 0.01 
652 853 1.01 
652 889 0.01 
682 148 0.01 
682 402 0.01 
682 793 1.01 
682 919 0.01 
682 942 0.01 
682 952 0.01 
682 973 0.01 
898 112 0.01 
898 715 0.01 
898 793 0.01 
898 942 4.01 
898 973 8.01 
898 979 1.01 
919 87 0.01 
919 677 2.01 
919 736 1.01 
919 788 1.01 
919 906 2.01 
919 929 2.01 
973 446 2.01 
973 682 2.01 
973 779 4.01 
973 793 4.01 
973 929 3.01 
973 979 15.01 
979 186 2.01 
979 581 2.01 
979 736 3.01 
979 891 8.01 
979 895 5.01 
979 919 4.01 
17 111 0.01 
17 464 0.01 
17 586 0.01 
17 887 0.01 
17 945 1.01 
17 988 0.01 
17 995 1.01 
111 544 0.01 
111 734 2.01 
111 803 0.01 
111 852 0.01 
111 983 3.01 
111 988 2.01 
111 995 1.01 
586 206 0.01 
586 390 0.01 
586 520 0.01 
586 607 0.01 
586 972 2.01 
586 983 0.01 
586 995 1.01 
988 878 0.01 
988 905 5.01 
988 917 4.01 
988 972 10.01 
988 983 13.01 
988 995 16.009999999999998 
18 629 0.01 
18 635 0.01 
18 925 0.01 
18 992 2.01 
18 993 1.01 
18 998 2.01 
629 33 0.01 
629 136 0.01 
629 886 1.01 
629 890 1.01 
629 943 0.01 
629 952 0.01 
629 998 0.01 
635 80 0.01 
635 822 0.01 
635 917 0.01 
635 958 0.01 
635 990 0.01 
635 992 0.01 
635 993 2.01 
925 701 1.01 
925 838 0.01 
925 857 0.01 
925 886 1.01 
925 890 3.01 
925 901 0.01 
992 30 1.01 
992 584 4.01 
992 822 0.01 
992 867 6.01 
992 931 0.01 
992 993 17.009999999999998 
998 236 3.01 
998 285 2.01 
998 675 3.01 
998 698 2.01 
998 992 31.009999999999998 
998 993 27.009999999999998 
19 216 0.01 
19 308 0.01 
19 560 0.01 
19 670 0.01 
19 922 0.01 
19 975 0.01 
19 996 1.01 
216 239 0.01 
216 348 0.01 
216 536 0.01 
216 901 0.01 
216 945 0.01 
216 974 0.01 
216 996 0.01 
308 262 0.01 
308 777 0.01 
308 848 0.01 
308 875 0.01 
308 877 0.01 
308 975 0.01 
308 998 0.01 
560 102 0.01 
560 653 0.01 
560 704 0.01 
560 932 0.01 
560 966 0.01 
560 984 0.01 
560 994 2.01 
670 433 0.01 
670 513 0.01 
670 770 0.01 
670 817 1.01 
670 909 0.01 
670 974 0.01 
670 996 1.01 
922 50 0.01 
922 524 2.01 
922 618 0.01 
922 782 3.01 
922 819 3.01 
922 910 2.01 
20 397 0.01 
20 468 0.01 
20 719 0.01 
20 830 0.01 
20 910 0.01 
20 949 0.01 
397 417 1.01 
397 587 1.01 
397 626 0.01 
397 741 0.01 
397 893 0.01 
397 949 0.01 
397 957 0.01 
468 20 0.01 
468 618 0.01 
468 782 1.01 
468 826 1.01 
468 893 0.01 
468 949 1.01 
468 996 0.01 
719 397 0.01 
719 737 0.01 
719 772 0.01 
719 893 3.01 
719 910 5.01 
719 949 0.01 
830 500 0.01 
830 719 1.01 
830 741 1.01 
830 763 1.01 
830 922 0.01 
830 949 3.01 
910 731 0.01 
910 772 2.01 
910 782 2.01 
910 830 2.01 
910 921 2.01 
910 922 2.01 
949 266 1.01 
949 626 1.01 
949 782 3.01 
949 819 1.01 
949 893 2.01 
949 922 5.01 
21 494 0.01 
21 638 0.01 
21 946 0.01 
21 956 2.01 
21 985 1.01 
21 986 0.01 
21 991 3.01 
494 322 0.01 
494 748 2.01 
494 908 2.01 
494 946 3.01 
494 956 6.01 
494 985 7.01 
494 991 1.01 
638 1 0.01 
638 45 0.01 
638 89 0.01 
638 948 1.01 
638 956 3.01 
638 985 1.01 
638 991 3.01 
946 389 1.01 
946 452 1.01 
946 570 3.01 
946 985 4.01 
946 986 15.01 
946 991 17.009999999999998 
22 425 0.01 
22 434 0.01 
22 735 0.01 
22 745 0.01 
22 955 0.01 
22 971 1.01 
22 978 0.01 
425 196 0.01 
425 579 0.01 
425 700 0.01 
425 749 0.01 
425 861 0.01 
425 899 1.01 
425 978 3.01 
434 226 0.01 
434 343 0.01 
434 349 0.01 
434 745 0.01 
434 821 0.01 
434 971 0.01 
434 998 0.01 
735 343 0.01 
735 579 1.01 
735 910 0.01 
735 955 1.01 
735 971 0.01 
735 978 0.01 
745 482 1.01 
745 569 0.01 
745 961 1.01 
745 978 1.01 
745 991 0.01 
745 999 0.01 
955 12 0.01 
955 569 2.01 
955 663 1.01 
955 971 6.01 
955 972 2.01 
955 978 6.01 
23 18 0.01 
23 492 0.01 
23 795 0.01 
23 914 0.01 
23 992 0.01 
23 993 0.01 
492 17 0.01 
492 782 0.01 
492 890 0.01 
492 914 1.01 
492 990 10.01 
492 992 10.01 
492 993 0.01 
795 248 1.01 
795 820 2.01 
795 927 0.01 
795 990 4.01 
795 993 1.01 
795 998 10.01 
914 285 1.01 
914 740 1.01 
914 857 2.01 
914 916 0.01 
914 943 0.01 
914 958 2.01 
24 388 0.01 
24 407 0.01 
24 627 0.01 
24 795 0.01 
24 944 0.01 
24 962 0.01 
24 994 1.01 
388 69 0.01 
388 708 0.01 
388 869 0.01 
388 944 0.01 
388 962 0.01 
388 968 1.01 
388 985 0.01 
407 7 0.01 
407 330 0.01 
407 411 0.01 
407 800 0.01 
407 869 1.01 
407 968 0.01 
407 982 1.01 
25 55 0.01 
25 551 0.01 
25 841 0.01 
25 854 0.01 
25 982 1.01 
25 987 4.01 
55 706 0.01 
55 725 0.01 
55 766 0.01 
55 912 0.01 
55 933 1.01 
55 982 0.01 
55 987 0.01 
551 124 0.01 
551 298 0.01 
551 647 0.01 
551 706 0.01 
551 766 0.01 
551 933 0.01 
551 987 1.01 
841 277 0.01 
841 376 0.01 
841 811 0.01 
841 912 2.01 
841 960 2.01 
841 982 3.01 
854 25 0.01 
854 344 0.01 
854 573 4.01 
854 651 0.01 
854 982 3.01 
854 987 0.01 
982 29 1.01 
982 51 1.01 
982 532 0.01 
982 573 1.01 
982 733 2.01 
982 987 5.01 
987 615 1.01 
987 709 0.01 
987 854 3.01 
987 912 3.01 
987 960 3.01 
987 981 0.01 
26 16 0.01 
26 503 0.01 
26 677 1.01 
26 942 0.01 
26 973 0.01 
26 979 1.01 
503 269 0.01 
503 354 0.01 
503 449 0.01 
503 716 0.01 
503 906 0.01 
503 952 1.01 
503 979 2.01 
677 420 0.01 
677 716 0.01 
677 898 0.01 
677 919 0.01 
677 929 1.01 
677 973 0.01 
677 979 2.01 
942 87 4.01 
942 190 1.01 
942 716 1.01 
942 736 2.01 
942 973 3.01 
942 979 7.01 
27 577 1.01 
27 695 0.01 
27 723 0.01 
27 748 0.01 
27 865 0.01 
27 985 1.01 
27 991 2.01 
577 508 0.01 
577 528 0.01 
577 755 0.01 
577 865 1.01 
577 908 1.01 
577 985 1.01 
577 991 1.01 
695 309 1.01 
695 480 0.01 
695 588 2.01 
695 807 0.01 
695 847 0.01 
695 986 4.01 
695 991 5.01 
723 781 1.01 
723 807 0.01 
723 948 0.01 
723 985 3.01 
723 986 2.01 
723 991 3.01 
748 326 1.01 
748 570 3.01 
748 908 0.01 
748 956 5.01 
748 986 7.01 
748 991 13.01 
28 457 0.01 
28 672 0.01 
28 673 0.01 
28 799 0.01 
28 815 0.01 
28 907 0.01 
28 971 0.01 
457 139 1.01 
457 445 0.01 
457 516 0.01 
457 580 0.01 
457 774 0.01 
457 799 0.01 
457 842 0.01 
672 484 0.01 
672 704 0.01 
672 799 0.01 
672 842 0.01 
672 844 0.01 
672 849 0.01 
672 907 0.01 
673 43 0.01 
673 63 0.01 
673 362 0.01 
673 445 0.01 
673 548 0.01 
673 907 0.01 
673 980 0.01 
799 492 0.01 
799 643 0.01 
799 864 0.01 
799 912 0.01 
799 917 0.01 
799 992 0.01 
815 405 2.01 
815 842 0.01 
815 866 2.01 
815 904 3.01 
815 920 1.01 
815 930 1.01 
907 35 1.01 
907 336 0.01 
907 433 0.01 
907 457 0.01 
907 673 0.01 
907 998 1.01 
29 172 0.01 
29 346 0.01 
29 841 0.01 
29 854 3.01 
29 960 2.01 
29 987 1.01 
172 240 0.01 
172 551 0.01 
172 760 0.01 
172 841 1.01 
172 854 0.01 
172 982 1.01 
172 987 2.01 
346 230 0.01 
346 266 0.01 
346 371 0.01 
346 498 0.01 
346 685 0.01 
346 882 0.01 
346 987 0.01 
960 31 0.01 
960 194 1.01 
960 504 0.01 
960 733 1.01 
960 882 0.01 
960 987 3.01 
30 203 0.01 
30 488 0.01 
30 711 0.01 
30 790 1.01 
30 925 1.01 
30 993 14.01 
203 320 0.01 
203 795 4.01 
203 822 0.01 
203 890 0.01 
203 990 0.01 
203 992 1.01 
203 998 4.01 
488 635 0.01 
488 810 0.01 
488 867 0.01 
488 925 0.01 
488 990 2.01 
488 992 7.01 
488 993 2.01 
711 359 0.01 
711 519 0.01 
711 810 0.01 
711 992 7.01 
711 993 6.01 
711 998 8.01 
31 13 0.01 
31 819 0.01 
31 941 0.01 
31 974 0.01 
31 975 0.01 
31 987 2.01 
31 996 0.01 
819 397 0.01 
819 626 2.01 
819 826 0.01 
819 922 2.01 
819 949 2.01 
819 950 0.01 
32 324 0.01 
32 690 0.01 
32 770 0.01 
32 894 0.01 
32 941 0.01 
32 996 0.01 
324 44 1.01 
324 243 0.01 
324 485 0.01 
324 931 0.01 
324 953 0.01 
324 975 0.01 
324 996 0.01 
690 181 0.01 
690 238 0.01 
690 829 0.01 
690 888 0.01 
690 928 1.01 
690 931 0.01 
690 998 0.01 
894 770 0.01 
894 776 0.01 
894 974 1.01 
894 983 0.01 
894 990 0.01 
894 994 1.01 
33 634 0.01 
33 640 0.01 
33 867 0.01 
33 927 0.01 
33 993 0.01 
33 998 3.01 
634 179 0.01 
634 698 0.01 
634 795 0.01 
634 838 0.01 
634 859 0.01 
634 925 0.01 
634 993 1.01 
867 134 0.01 
867 531 1.01 
867 724 2.01 
867 886 1.01 
867 943 0.01 
867 992 2.01 
927 203 1.01 
927 629 0.01 
927 686 0.01 
927 958 3.01 
927 965 0.01 
927 990 3.01 
34 120 3.01 
34 333 0.01 
34 622 0.01 
34 904 2.01 
34 920 0.01 
34 930 0.01 
120 131 0.01 
120 405 0.01 
120 622 0.01 
120 815 0.01 
120 920 0.01 
120 930 1.01 
120 967 0.01 
333 34 0.01 
333 622 0.01 
333 844 0.01 
333 866 0.01 
333 904 3.01 
333 920 2.01 
333 930 0.01 
622 710 0.01 
622 815 0.01 
622 866 2.01 
622 904 0.01 
622 920 0.01 
622 930 2.01 
622 978 0.01 
904 131 3.01 
904 674 2.01 
904 866 2.01 
904 920 1.01 
904 930 4.01 
904 947 0.01 
920 34 1.01 
920 405 1.01 
920 815 0.01 
920 904 0.01 
920 930 7.01 
920 975 0.01 
35 196 0.01 
35 325 0.01 
35 408 0.01 
35 799 1.01 
35 842 0.01 
35 852 0.01 
35 907 0.01 
196 143 0.01 
196 460 0.01 
196 856 0.01 
196 954 0.01 
196 959 0.01 
196 992 0.01 
196 999 0.01 
325 246 0.01 
325 574 0.01 
325 585 0.01 
325 884 0.01 
325 982 0.01 
325 984 0.01 
325 995 0.01 
408 28 0.01 
408 144 0.01 
408 484 0.01 
408 515 0.01 
408 673 0.01 
408 907 0.01 
408 991 0.01 
842 139 0.01 
842 457 2.01 
842 672 1.01 
842 830 0.01 
842 914 1.01 
842 983 0.01 
852 409 1.01 
852 473 3.01 
852 803 0.01 
852 839 5.01 
852 988 9.01 
852 995 13.01 
36 418 0.01 
36 603 0.01 
36 837 0.01 
36 936 1.01 
36 954 1.01 
36 970 0.01 
36 976 0.01 
418 199 0.01 
418 440 0.01 
418 804 0.01 
418 837 0.01 
418 936 0.01 
418 965 1.01 
418 976 0.01 
603 628 0.01 
603 798 1.01 
603 837 0.01 
603 960 0.01 
603 965 0.01 
603 976 1.01 
603 983 0.01 
837 603 1.01 
837 628 0.01 
837 834 0.01 
837 863 0.01 
837 970 0.01 
837 982 0.01 
970 188 0.01 
970 781 0.01 
970 936 3.01 
970 954 2.01 
970 965 11.01 
970 976 5.01 
37 92 0.01 
37 303 0.01 
37 403 0.01 
37 417 0.01 
37 609 0.01 
37 900 0.01 
37 939 0.01 
92 556 0.01 
92 773 1.01 
92 780 0.01 
92 843 0.01 
92 918 3.01 
92 983 5.01 
92 995 0.01 
303 21 0.01 
303 347 0.01 
303 465 0.01 
303 767 0.01 
303 812 0.01 
303 900 0.01 
303 926 0.01 
403 237 0.01 
403 329 0.01 
403 378 0.01 
403 654 0.01 
403 765 1.01 
403 812 0.01 
403 900 1.01 
417 171 1.01 
417 338 0.01 
417 524 0.01 
417 587 0.01 
417 631 0.01 
417 893 3.01 
417 910 1.01 
609 242 0.01 
609 413 0.01 
609 425 0.01 
609 454 1.01 
609 676 0.01 
609 765 0.01 
609 900 1.01 
900 244 0.01 
900 401 0.01 
900 612 0.01 
900 614 0.01 
900 678 0.01 
900 962 0.01 
939 210 1.01 
939 403 0.01 
939 555 1.01 
939 765 1.01 
939 805 0.01 
939 964 0.01 
38 105 0.01 
38 598 0.01 
38 615 2.01 
38 923 1.01 
38 953 0.01 
38 996 0.01 
105 5 0.01 
105 430 0.01 
105 493 0.01 
105 862 0.01 
105 938 0.01 
105 974 2.01 
105 996 0.01 
598 473 0.01 
598 511 1.01 
598 656 0.01 
598 777 1.01 
598 827 0.01 
598 975 0.01 
598 985 0.01 
615 47 0.01 
615 87 0.01 
615 153 0.01 
615 930 0.01 
615 974 2.01 
615 975 3.01 
615 996 1.01 
923 19 0.01 
923 144 0.01 
923 146 2.01 
923 787 1.01 
923 894 1.01 
923 951 1.01 
953 469 1.01 
953 681 2.01 
953 832 0.01 
953 931 1.01 
953 975 3.01 
953 996 7.01 
39 346 0.01 
39 709 0.01 
39 769 2.01 
39 933 0.01 
39 982 0.01 
39 987 0.01 
709 227 0.01 
709 275 0.01 
709 558 0.01 
709 691 0.01 
709 733 1.01 
709 756 0.01 
709 982 2.01 
769 227 1.01 
769 314 0.01 
769 487 0.01 
769 527 0.01 
769 797 0.01 
769 987 4.01 
933 298 1.01 
933 314 0.01 
933 733 0.01 
933 769 0.01 
933 928 0.01 
933 960 3.01 
40 293 0.01 
40 415 0.01 
40 705 0.01 
40 714 1.01 
40 721 0.01 
40 876 0.01 
40 997 0.01 
293 32 0.01 
293 40 0.01 
293 437 0.01 
293 578 0.01 
293 714 0.01 
293 876 0.01 
293 989 0.01 
415 148 0.01 
415 205 0.01 
415 463 0.01 
415 714 0.01 
415 876 0.01 
415 900 1.01 
415 982 0.01 
705 212 0.01 
705 415 0.01 
705 437 0.01 
705 675 0.01 
705 876 0.01 
705 908 0.01 
705 914 0.01 
714 52 0.01 
714 808 0.01 
714 964 0.01 
714 973 0.01 
714 988 0.01 
714 990 1.01 
721 138 0.01 
721 216 0.01 
721 592 0.01 
721 846 0.01 
721 931 0.01 
721 935 0.01 
876 132 0.01 
876 578 0.01 
876 641 0.01 
876 672 0.01 
876 705 2.01 
876 867 1.01 
41 260 0.01 
41 278 0.01 
41 535 0.01 
41 624 0.01 
41 822 1.01 
41 998 1.01 
260 70 0.01 
260 525 1.01 
260 635 0.01 
260 640 1.01 
260 849 0.01 
260 993 3.01 
260 999 0.01 
278 237 0.01 
278 241 0.01 
278 550 0.01 
278 708 0.01 
278 738 0.01 
278 990 0.01 
278 993 0.01 
535 822 0.01 
535 858 0.01 
535 927 0.01 
535 958 1.01 
535 992 1.01 
535 993 2.01 
535 998 2.01 
624 315 0.01 
624 350 0.01 
624 601 0.01 
624 872 0.01 
624 938 0.01 
624 990 2.01 
624 998 3.01 
822 75 1.01 
822 715 2.01 
822 872 1.01 
822 990 8.01 
822 993 5.01 
822 998 12.01 
42 6 4.01 
42 141 1.01 
42 896 2.01 
42 913 2.01 
42 934 5.01 
42 997 0.01 
42 999 9.01 
141 645 0.01 
141 767 0.01 
141 796 0.01 
141 881 0.01 
141 896 0.01 
141 997 3.01 
141 999 4.01 
896 593 1.01 
896 864 4.01 
896 870 2.01 
896 951 7.01 
896 997 18.009999999999998 
896 999 7.01 
934 312 0.01 
934 554 1.01 
934 913 1.01 
934 981 11.01 
934 997 28.009999999999998 
934 999 22.009999999999998 
43 672 0.01 
43 673 0.01 
43 771 0.01 
43 833 0.01 
43 873 0.01 
43 907 0.01 
43 965 0.01 
771 351 0.01 
771 694 0.01 
771 761 0.01 
771 913 0.01 
771 989 1.01 
771 999 6.01 
833 390 0.01 
833 669 1.01 
833 862 0.01 
833 957 0.01 
833 988 0.01 
833 993 0.01 
873 797 1.01 
873 932 4.01 
873 957 4.01 
873 967 4.01 
873 969 5.01 
873 977 4.01 
965 109 1.01 
965 236 0.01 
965 470 0.01 
965 834 2.01 
965 936 4.01 
965 976 5.01 
44 439 0.01 
44 486 0.01 
44 688 0.01 
44 916 0.01 
44 966 0.01 
44 991 0.01 
44 996 0.01 
439 154 1.01 
439 263 0.01 
439 380 0.01 
439 549 0.01 
439 659 0.01 
439 941 0.01 
439 996 0.01 
966 66 0.01 
966 88 0.01 
966 406 1.01 
966 947 1.01 
966 984 12.01 
966 994 7.01 
45 539 0.01 
45 559 0.01 
45 671 1.01 
45 723 0.01 
45 865 0.01 
45 948 0.01 
45 991 5.01 
539 450 0.01 
539 532 2.01 
539 946 1.01 
539 970 4.01 
539 985 10.01 
539 986 7.01 
539 991 3.01 
559 21 0.01 
559 27 0.01 
559 326 0.01 
559 638 0.01 
559 985 0.01 
559 986 0.01 
559 991 0.01 
671 173 1.01 
671 532 2.01 
671 575 0.01 
671 946 1.01 
671 985 3.01 
671 986 4.01 
671 991 4.01 
46 706 0.01 
46 757 0.01 
46 786 0.01 
46 933 0.01 
46 960 0.01 
46 982 0.01 
46 987 0.01 
706 25 0.01 
706 172 0.01 
706 414 0.01 
706 434 0.01 
706 756 1.01 
706 960 4.01 
706 982 2.01 
757 253 0.01 
757 506 0.01 
757 620 0.01 
757 652 1.01 
757 712 0.01 
757 890 0.01 
786 457 1.01 
786 646 1.01 
786 868 0.01 
786 883 2.01 
786 924 0.01 
786 984 3.01 
47 82 0.01 
47 110 0.01 
47 238 0.01 
47 334 0.01 
47 848 0.01 
47 953 0.01 
47 990 0.01 
82 191 0.01 
82 361 1.01 
82 608 0.01 
82 811 0.01 
82 846 0.01 
82 963 0.01 
82 977 0.01 
110 49 0.01 
110 125 0.01 
110 559 0.01 
110 644 0.01 
110 777 0.01 
110 921 0.01 
110 996 1.01 
238 321 0.01 
238 366 0.01 
238 828 0.01 
238 877 0.01 
238 894 0.01 
238 918 0.01 
238 974 1.01 
334 119 0.01 
334 232 0.01 
334 478 0.01 
334 642 0.01 
334 656 0.01 
334 877 0.01 
334 995 1.01 
48 71 0.01 
48 192 0.01 
48 392 0.01 
48 427 0.01 
48 430 0.01 
48 513 0.01 
48 769 0.01 
71 631 0.01 
71 700 0.01 
71 760 0.01 
71 787 1.01 
71 792 0.01 
71 979 0.01 
71 983 0.01 
192 576 1.01 
192 881 0.01 
192 885 0.01 
192 981 0.01 
192 989 1.01 
192 997 0.01 
192 999 1.01 
392 103 0.01 
392 229 0.01 
392 740 0.01 
392 790 0.01 
392 965 1.01 
392 992 3.01 
392 998 2.01 
427 39 0.01 
427 621 0.01 
427 746 0.01 
427 812 0.01 
427 885 0.01 
427 950 1.01 
427 980 0.01 
430 254 0.01 
430 263 0.01 
430 433 0.01 
430 486 0.01 
430 534 0.01 
430 848 1.01 
430 887 0.01 
513 13 0.01 
513 129 1.01 
513 416 0.01 
513 721 0.01 
513 860 0.01 
513 916 0.01 
513 953 0.01 
49 495 0.01 
49 579 0.01 
49 827 0.01 
49 923 0.01 
49 953 1.01 
49 975 0.01 
49 996 4.01 
495 97 0.01 
495 430 0.01 
495 681 1.01 
495 761 0.01 
495 974 1.01 
495 975 5.01 
495 983 0.01 
579 223 0.01 
579 595 0.01 
579 617 0.01 
579 667 1.01 
579 899 5.01 
579 961 1.01 
579 978 1.01 
827 337 0.01 
827 536 0.01 
827 743 1.01 
827 770 0.01 
827 974 0.01 
827 986 0.01 
50 582 0.01 
50 859 0.01 
50 896 1.01 
50 926 0.01 
50 989 1.01 
50 997 0.01 
50 999 1.01 
582 302 0.01 
582 316 0.01 
582 552 0.01 
582 613 0.01 
582 870 0.01 
582 926 5.01 
582 989 6.01 
859 381 0.01 
859 885 2.01 
859 981 7.01 
859 989 11.01 
859 997 3.01 
859 999 9.01 
926 212 0.01 
926 679 1.01 
926 885 1.01 
926 964 4.01 
926 981 9.01 
926 997 12.01 
989 6 5.01 
989 934 7.01 
989 951 5.01 
989 964 8.01 
989 997 40.01 
989 999 28.009999999999998 
51 124 0.01 
51 207 0.01 
51 344 1.01 
51 607 0.01 
51 733 0.01 
51 912 1.01 
51 971 1.01 
124 219 0.01 
124 240 0.01 
124 685 0.01 
124 933 0.01 
124 948 0.01 
124 960 1.01 
124 987 1.01 
207 152 0.01 
207 298 0.01 
207 346 2.01 
207 769 0.01 
207 960 0.01 
207 982 3.01 
207 987 0.01 
344 193 0.01 
344 437 0.01 
344 841 1.01 
344 882 0.01 
344 933 0.01 
344 982 0.01 
344 987 1.01 
607 94 0.01 
607 803 0.01 
607 839 1.01 
607 852 1.01 
607 945 0.01 
607 983 1.01 
607 995 1.01 
733 194 0.01 
733 706 0.01 
733 933 3.01 
733 976 1.01 
733 982 2.01 
733 987 7.01 
912 29 1.01 
912 266 2.01 
912 709 2.01 
912 882 0.01 
912 941 0.01 
912 987 4.01 
52 38 0.01 
52 64 0.01 
52 623 0.01 
52 659 0.01 
52 829 0.01 
52 848 0.01 
52 996 2.01 
64 23 1.01 
64 485 0.01 
64 589 0.01 
64 711 0.01 
64 940 0.01 
64 993 2.01 
64 998 0.01 
623 639 0.01 
623 864 0.01 
623 885 0.01 
623 935 1.01 
623 951 0.01 
623 997 2.01 
623 999 1.01 
659 30 0.01 
659 306 0.01 
659 361 0.01 
659 644 0.01 
659 776 0.01 
659 923 0.01 
659 996 1.01 
53 249 0.01 
53 350 0.01 
53 430 0.01 
53 728 0.01 
53 747 0.01 
53 884 0.01 
53 929 0.01 
249 246 0.01 
249 302 0.01 
249 323 1.01 
249 747 0.01 
249 861 0.01 
249 884 0.01 
249 994 0.01 
350 401 0.01 
350 575 0.01 
350 834 0.01 
350 875 0.01 
350 895 0.01 
350 925 0.01 
350 989 0.01 
728 53 0.01 
728 249 0.01 
728 713 0.01 
728 858 0.01 
728 884 0.01 
728 996 3.01 
747 95 0.01 
747 121 0.01 
747 331 0.01 
747 333 0.01 
747 768 0.01 
747 884 0.01 
884 29 0.01 
884 128 0.01 
884 876 0.01 
884 962 0.01 
884 997 0.01 
884 999 0.01 
929 518 2.01 
929 891 6.01 
929 895 5.01 
929 906 6.01 
929 952 1.01 
929 973 7.01 
54 245 1.01 
54 246 0.01 
54 323 0.01 
54 503 0.01 
54 662 0.01 
54 838 0.01 
54 884 0.01 
245 108 0.01 
245 477 0.01 
245 658 0.01 
245 754 0.01 
245 787 0.01 
245 814 0.01 
245 998 0.01 
246 100 0.01 
246 312 0.01 
246 581 0.01 
246 882 0.01 
246 884 0.01 
246 886 0.01 
246 997 0.01 
323 95 0.01 
323 325 0.01 
323 585 0.01 
323 685 0.01 
323 728 0.01 
323 745 0.01 
323 923 0.01 
662 316 0.01 
662 623 0.01 
662 859 1.01 
662 935 5.01 
662 981 1.01 
662 989 2.01 
662 999 7.01 
725 367 0.01 
725 546 0.01 
725 583 0.01 
725 636 1.01 
725 857 0.01 
725 862 1.01 
766 184 0.01 
766 207 0.01 
766 756 0.01 
766 893 0.01 
766 982 0.01 
766 987 3.01 
56 58 0.01 
56 503 0.01 
56 677 0.01 
56 791 0.01 
56 952 0.01 
56 973 0.01 
56 979 1.01 
58 354 0.01 
58 471 0.01 
58 682 0.01 
58 791 0.01 
58 895 0.01 
58 973 4.01 
58 979 1.01 
791 112 0.01 
791 628 0.01 
791 788 0.01 
791 952 5.01 
791 973 7.01 
791 979 4.01 
952 170 0.01 
952 779 1.01 
952 788 1.01 
952 891 5.01 
952 919 2.01 
952 953 0.01 
57 501 1.01 
57 684 0.01 
57 742 0.01 
57 778 0.01 
57 947 1.01 
57 984 0.01 
57 994 0.01 
501 611 1.01 
501 805 0.01 
501 924 0.01 
501 947 0.01 
501 966 4.01 
501 974 0.01 
501 994 0.01 
684 476 0.01 
684 536 0.01 
684 646 0.01 
684 924 0.01 
684 938 0.01 
684 940 0.01 
684 994 3.01 
742 57 0.01 
742 564 0.01 
742 868 1.01 
742 924 0.01 
742 984 2.01 
742 994 3.01 
778 214 0.01 
778 251 1.01 
778 565 0.01 
778 768 0.01 
778 855 0.01 
778 954 2.01 
947 517 0.01 
947 572 0.01 
947 883 0.01 
947 984 8.01 
947 991 0.01 
947 994 21.009999999999998 
984 251 0.01 
984 505 1.01 
984 757 0.01 
984 871 4.01 
984 938 1.01 
984 994 18.009999999999998 
354 592 0.01 
354 736 0.01 
354 779 1.01 
354 788 0.01 
354 898 0.01 
354 929 0.01 
354 952 0.01 
471 497 0.01 
471 891 0.01 
471 906 0.01 
471 919 1.01 
471 952 1.01 
471 979 3.01 
471 988 0.01 
895 16 2.01 
895 56 0.01 
895 891 2.01 
895 952 1.01 
895 973 11.01 
895 979 7.01 
59 749 0.01 
59 840 0.01 
59 955 0.01 
59 961 0.01 
59 971 0.01 
59 978 0.01 
59 996 0.01 
749 567 1.01 
749 923 0.01 
749 955 2.01 
749 961 1.01 
749 971 2.01 
749 978 0.01 
961 612 2.01 
961 693 0.01 
961 749 0.01 
961 821 1.01 
961 955 3.01 
961 978 7.01 
60 115 0.01 
60 859 0.01 
60 870 0.01 
60 911 0.01 
60 989 1.01 
60 997 0.01 
60 999 0.01 
115 332 0.01 
115 444 0.01 
115 637 0.01 
115 761 0.01 
115 981 0.01 
115 989 1.01 
115 999 0.01 
870 694 1.01 
870 831 2.01 
870 864 2.01 
870 935 3.01 
870 981 9.01 
870 999 5.01 
911 38 0.01 
911 881 1.01 
911 885 4.01 
911 935 1.01 
911 997 12.01 
911 999 12.01 
61 136 0.01 
61 150 0.01 
61 549 0.01 
61 715 0.01 
61 925 0.01 
61 927 0.01 
61 998 1.01 
136 519 0.01 
136 550 0.01 
136 657 0.01 
136 803 0.01 
136 857 0.01 
136 990 2.01 
136 998 0.01 
150 70 0.01 
150 272 0.01 
150 796 0.01 
150 914 0.01 
150 990 0.01 
150 992 0.01 
150 998 0.01 
549 151 0.01 
549 358 0.01 
549 810 0.01 
549 857 0.01 
549 901 0.01 
549 992 0.01 
549 993 0.01 
715 248 0.01 
715 857 0.01 
715 914 1.01 
715 937 0.01 
715 992 6.01 
715 998 5.01 
435 7 0.01 
435 183 0.01 
435 422 0.01 
435 800 0.01 
435 944 1.01 
435 962 1.01 
435 985 0.01 
63 408 0.01 
63 440 0.01 
63 484 0.01 
63 799 0.01 
63 868 0.01 
63 907 0.01 
63 972 0.01 
440 198 0.01 
440 247 0.01 
440 315 0.01 
440 863 1.01 
440 970 0.01 
440 976 1.01 
440 979 0.01 
484 28 0.01 
484 196 0.01 
484 502 0.01 
484 591 0.01 
484 842 1.01 
484 907 0.01 
484 958 0.01 
868 228 0.01 
868 366 0.01 
868 379 0.01 
868 774 0.01 
868 966 3.01 
868 994 1.01 
485 187 0.01 
485 280 0.01 
485 629 0.01 
485 820 1.01 
485 983 0.01 
485 990 4.01 
485 998 2.01 
589 74 0.01 
589 640 0.01 
589 943 1.01 
589 948 0.01 
589 958 0.01 
589 997 0.01 
589 998 4.01 
940 436 1.01 
940 742 0.01 
940 794 1.01 
940 982 0.01 
940 984 2.01 
940 994 8.01 
65 371 1.01 
65 505 0.01 
65 560 0.01 
65 768 1.01 
65 860 0.01 
65 863 0.01 
65 984 2.01 
371 159 0.01 
371 456 0.01 
371 522 0.01 
371 792 0.01 
371 871 1.01 
371 938 0.01 
371 994 0.01 
505 318 0.01 
505 704 0.01 
505 855 1.01 
505 871 0.01 
505 883 2.01 
505 941 0.01 
505 994 8.01 
768 152 0.01 
768 653 0.01 
768 687 0.01 
768 789 0.01 
768 966 0.01 
768 994 1.01 
860 131 1.01 
860 356 0.01 
860 664 0.01 
860 786 0.01 
860 938 3.01 
860 984 2.01 
66 490 0.01 
66 646 1.01 
66 789 0.01 
66 794 1.01 
66 966 0.01 
66 984 3.01 
66 994 1.01 
490 353 1.01 
490 357 0.01 
490 379 0.01 
490 514 0.01 
490 611 0.01 
490 805 0.01 
490 947 1.01 
646 65 1.01 
646 456 1.01 
646 476 0.01 
646 529 1.01 
646 940 2.01 
646 947 1.01 
646 998 0.01 
789 228 0.01 
789 565 1.01 
789 748 0.01 
789 903 0.01 
789 938 0.01 
789 994 2.01 
794 347 0.01 
794 704 1.01 
794 875 0.01 
794 966 7.01 
794 984 8.01 
794 994 1.01 
67 217 0.01 
67 360 0.01 
67 821 1.01 
67 955 0.01 
67 961 1.01 
67 976 0.01 
67 978 2.01 
217 59 0.01 
217 569 0.01 
217 735 0.01 
217 821 0.01 
217 929 0.01 
217 971 1.01 
217 978 0.01 
360 217 0.01 
360 373 0.01 
360 888 2.01 
360 899 0.01 
360 961 0.01 
360 978 0.01 
360 991 0.01 
821 22 2.01 
821 155 0.01 
821 595 2.01 
821 617 0.01 
821 961 2.01 
821 971 4.01 
68 202 0.01 
68 220 1.01 
68 508 0.01 
68 713 1.01 
68 723 0.01 
68 946 1.01 
68 991 4.01 
202 377 0.01 
202 577 0.01 
202 755 0.01 
202 948 1.01 
202 985 0.01 
202 986 2.01 
202 991 3.01 
220 491 1.01 
220 588 3.01 
220 908 2.01 
220 948 0.01 
220 985 6.01 
220 986 0.01 
220 991 4.01 
508 309 0.01 
508 577 0.01 
508 908 1.01 
508 956 3.01 
508 989 0.01 
508 991 3.01 
508 993 0.01 
713 528 0.01 
713 597 1.01 
713 695 0.01 
713 985 3.01 
713 986 5.01 
713 991 7.01 
69 77 0.01 
69 154 0.01 
69 432 0.01 
69 541 1.01 
69 784 0.01 
69 968 0.01 
69 991 0.01 
77 273 0.01 
77 432 0.01 
77 562 0.01 
77 787 0.01 
77 845 0.01 
77 927 0.01 
77 968 0.01 
154 44 0.01 
154 439 0.01 
154 502 0.01 
154 827 0.01 
154 860 0.01 
154 877 1.01 
154 975 0.01 
432 435 0.01 
432 683 0.01 
432 708 0.01 
432 758 0.01 
432 785 0.01 
432 922 0.01 
432 944 0.01 
541 388 0.01 
541 551 0.01 
541 562 0.01 
541 708 0.01 
541 786 0.01 
541 944 0.01 
541 968 0.01 
70 292 0.01 
70 492 0.01 
70 877 0.01 
70 897 1.01 
70 901 0.01 
70 943 1.01 
70 998 0.01 
292 101 0.01 
292 724 0.01 
292 820 0.01 
292 990 0.01 
292 992 0.01 
292 993 0.01 
292 998 1.01 
877 232 0.01 
877 511 0.01 
877 599 0.01 
877 600 0.01 
877 759 1.01 
877 941 0.01 
897 519 0.01 
897 605 1.01 
897 872 0.01 
897 990 4.01 
897 993 13.01 
897 998 8.01 
901 375 0.01 
901 684 0.01 
901 724 1.01 
901 810 1.01 
901 831 0.01 
901 890 0.01 
943 624 0.01 
943 698 5.01 
943 867 1.01 
943 990 8.01 
943 992 14.01 
943 998 9.01 
631 108 1.01 
631 245 0.01 
631 424 0.01 
631 516 0.01 
631 982 0.01 
631 987 0.01 
631 995 0.01 
760 84 0.01 
760 259 0.01 
760 631 0.01 
760 658 0.01 
760 814 0.01 
760 984 0.01 
792 278 0.01 
792 631 0.01 
792 658 0.01 
792 780 0.01 
792 784 0.01 
792 845 2.01 
983 396 4.01 
983 852 4.01 
983 918 7.01 
983 945 3.01 
983 988 21.009999999999998 
983 995 18.009999999999998 
72 476 0.01 
72 805 0.01 
72 835 0.01 
72 855 0.01 
72 860 0.01 
72 938 0.01 
72 984 1.01 
476 159 0.01 
476 611 0.01 
476 880 0.01 
476 966 1.01 
476 979 0.01 
476 984 1.01 
476 994 1.01 
805 295 0.01 
805 792 0.01 
805 794 0.01 
805 908 0.01 
805 924 0.01 
805 984 0.01 
835 235 0.01 
835 274 0.01 
835 490 0.01 
835 702 0.01 
835 783 0.01 
835 909 0.01 
855 295 0.01 
855 746 0.01 
855 786 0.01 
855 863 0.01 
855 940 0.01 
855 984 3.01 
938 102 1.01 
938 262 0.01 
938 868 2.01 
938 883 0.01 
938 947 1.01 
938 966 7.01 
73 162 0.01 
73 710 1.01 
73 814 0.01 
73 973 0.01 
73 983 2.01 
73 988 0.01 
73 995 0.01 
162 455 0.01 
162 780 0.01 
162 852 0.01 
162 972 2.01 
162 983 0.01 
162 988 0.01 
162 995 1.01 
710 114 0.01 
710 355 0.01 
710 462 0.01 
710 918 2.01 
710 988 3.01 
710 995 4.01 
814 424 0.01 
814 540 0.01 
814 610 1.01 
814 792 0.01 
814 924 0.01 
814 969 0.01 
74 64 0.01 
74 86 0.01 
74 584 0.01 
74 897 0.01 
74 958 0.01 
74 990 0.01 
74 993 1.01 
86 872 0.01 
86 897 0.01 
86 925 0.01 
86 990 0.01 
86 993 0.01 
86 998 0.01 
86 999 0.01 
584 136 0.01 
584 374 0.01 
584 657 1.01 
584 838 2.01 
584 871 0.01 
584 992 0.01 
584 998 7.01 
958 78 1.01 
958 208 0.01 
958 448 0.01 
958 675 3.01 
958 990 7.01 
958 992 15.01 
75 549 0.01 
75 584 0.01 
75 675 0.01 
75 890 0.01 
75 990 0.01 
75 993 2.01 
75 998 4.01 
675 43 0.01 
675 103 1.01 
675 392 0.01 
675 711 2.01 
675 992 4.01 
675 993 7.01 
675 998 2.01 
890 485 0.01 
890 525 0.01 
890 589 0.01 
890 943 2.01 
890 956 0.01 
890 998 12.01 
76 262 0.01 
76 572 1.01 
76 594 0.01 
76 746 1.01 
76 860 3.01 
76 947 0.01 
76 994 0.01 
262 505 0.01 
262 750 1.01 
262 883 1.01 
262 924 1.01 
262 939 0.01 
262 984 6.01 
262 994 1.01 
572 365 0.01 
572 420 0.01 
572 568 1.01 
572 664 0.01 
572 768 0.01 
572 966 1.01 
572 994 3.01 
594 774 0.01 
594 778 0.01 
594 868 1.01 
594 871 0.01 
594 957 0.01 
594 966 1.01 
594 994 2.01 
746 72 0.01 
746 565 0.01 
746 594 1.01 
746 855 0.01 
746 924 1.01 
746 984 0.01 
273 407 0.01 
273 422 0.01 
273 435 0.01 
273 720 0.01 
273 722 0.01 
273 944 0.01 
273 968 1.01 
78 10 0.01 
78 229 0.01 
78 260 1.01 
78 775 0.01 
78 795 0.01 
78 897 0.01 
78 988 0.01 
229 584 0.01 
229 601 0.01 
229 879 0.01 
229 990 2.01 
229 993 0.01 
229 997 0.01 
229 998 0.01 
775 272 0.01 
775 320 0.01 
775 448 0.01 
775 740 0.01 
775 867 1.01 
775 897 0.01 
79 83 0.01 
79 587 0.01 
79 619 0.01 
79 633 0.01 
79 726 0.01 
79 833 0.01 
79 880 0.01 
83 294 0.01 
83 590 0.01 
83 666 0.01 
83 806 0.01 
83 833 0.01 
83 931 0.01 
83 964 1.01 
587 288 0.01 
587 338 0.01 
587 741 1.01 
587 772 0.01 
587 826 0.01 
587 949 1.01 
587 991 0.01 
619 233 1.01 
619 294 0.01 
619 494 0.01 
619 590 0.01 
619 726 1.01 
619 880 0.01 
619 974 0.01 
633 345 1.01 
633 590 0.01 
633 619 0.01 
633 726 0.01 
633 833 1.01 
633 880 0.01 
633 974 0.01 
726 669 0.01 
726 829 0.01 
726 833 0.01 
726 905 0.01 
726 981 0.01 
726 999 0.01 
880 12 0.01 
880 83 0.01 
880 215 0.01 
880 634 0.01 
880 988 0.01 
880 993 0.01 
80 698 0.01 
80 723 0.01 
80 740 0.01 
80 914 0.01 
80 927 0.01 
80 958 1.01 
80 992 1.01 
698 151 0.01 
698 260 2.01 
698 855 0.01 
698 890 5.01 
698 927 1.01 
698 990 6.01 
698 992 13.01 
740 248 0.01 
740 531 1.01 
740 589 1.01 
740 624 0.01 
740 886 0.01 
740 901 0.01 
81 789 0.01 
81 924 0.01 
81 940 0.01 
81 981 0.01 
81 984 1.01 
81 994 1.01 
81 998 1.01 
924 171 0.01 
924 490 0.01 
924 786 0.01 
924 966 2.01 
924 984 2.01 
924 994 4.01 
981 351 0.01 
981 645 2.01 
981 694 1.01 
981 761 3.01 
981 997 35.01 
981 999 25.009999999999998 
191 211 0.01 
191 311 0.01 
191 563 0.01 
191 749 0.01 
191 846 0.01 
191 915 0.01 
191 963 0.01 
361 211 0.01 
361 426 0.01 
361 509 0.01 
361 563 1.01 
361 608 0.01 
361 846 0.01 
361 963 0.01 
608 400 0.01 
608 846 1.01 
608 881 0.01 
608 915 0.01 
608 943 0.01 
608 963 0.01 
608 988 1.01 
811 101 0.01 
811 391 0.01 
811 597 0.01 
811 927 0.01 
811 984 1.01 
811 996 0.01 
846 289 0.01 
846 340 0.01 
846 461 0.01 
846 519 0.01 
846 864 0.01 
846 963 1.01 
963 93 0.01 
963 191 0.01 
963 361 1.01 
963 571 0.01 
963 883 0.01 
963 915 1.01 
294 215 0.01 
294 233 0.01 
294 533 0.01 
294 633 0.01 
294 669 0.01 
294 880 1.01 
294 937 0.01 
590 79 0.01 
590 83 0.01 
590 345 0.01 
590 633 0.01 
590 636 0.01 
590 880 0.01 
590 967 0.01 
666 304 1.01 
666 335 0.01 
666 391 0.01 
666 623 0.01 
666 989 0.01 
666 997 3.01 
666 999 1.01 
806 250 0.01 
806 467 0.01 
806 507 0.01 
806 643 0.01 
806 989 0.01 
806 995 0.01 
931 283 0.01 
931 750 0.01 
931 877 0.01 
931 926 0.01 
931 974 2.01 
931 975 5.01 
964 639 1.01 
964 761 4.01 
964 796 1.01 
964 911 2.01 
964 997 21.009999999999998 
964 999 36.01 
84 599 0.01 
84 802 0.01 
84 808 1.01 
84 816 0.01 
84 832 0.01 
84 843 0.01 
84 856 0.01 
599 119 0.01 
599 224 2.01 
599 692 0.01 
599 809 0.01 
599 943 0.01 
599 950 1.01 
599 980 0.01 
802 84 0.01 
802 372 2.01 
802 950 3.01 
802 980 2.01 
802 982 0.01 
802 999 0.01 
808 287 0.01 
808 553 0.01 
808 629 0.01 
808 856 0.01 
808 913 0.01 
808 980 2.01 
816 363 0.01 
816 538 0.01 
816 599 0.01 
816 772 0.01 
816 899 0.01 
816 980 4.01 
832 678 0.01 
832 752 2.01 
832 762 0.01 
832 876 0.01 
832 902 1.01 
832 996 3.01 
856 140 0.01 
856 621 0.01 
856 692 0.01 
856 811 0.01 
856 950 2.01 
856 980 1.01 
85 750 0.01 
85 758 0.01 
85 777 0.01 
85 827 0.01 
85 916 0.01 
85 974 0.01 
85 995 0.01 
750 334 0.01 
750 403 0.01 
750 681 2.01 
750 931 0.01 
750 975 0.01 
750 984 0.01 
758 292 0.01 
758 415 0.01 
758 472 0.01 
758 521 0.01 
758 708 1.01 
758 994 0.01 
777 300 0.01 
777 472 0.01 
777 721 1.01 
777 776 0.01 
777 923 0.01 
777 953 2.01 
872 10 0.01 
872 30 0.01 
872 64 0.01 
872 838 1.01 
872 992 4.01 
872 998 2.01 
87 446 1.01 
87 891 2.01 
87 929 2.01 
87 942 0.01 
87 952 2.01 
87 973 3.01 
87 979 7.01 
446 186 0.01 
446 526 1.01 
446 791 0.01 
446 895 3.01 
446 919 1.01 
446 971 0.01 
446 979 0.01 
891 269 0.01 
891 402 1.01 
891 526 3.01 
891 898 3.01 
891 929 3.01 
891 952 7.01 
88 456 1.01 
88 522 0.01 
88 594 0.01 
88 833 0.01 
88 860 2.01 
88 984 4.01 
88 994 12.01 
456 529 0.01 
456 609 0.01 
456 860 0.01 
456 871 1.01 
456 940 0.01 
456 968 0.01 
456 994 2.01 
522 152 0.01 
522 271 0.01 
522 299 0.01 
522 794 0.01 
522 966 1.01 
522 984 1.01 
522 994 0.01 
89 508 0.01 
89 638 1.01 
89 730 0.01 
89 755 3.01 
89 985 10.01 
89 986 1.01 
89 991 8.01 
730 671 0.01 
730 748 1.01 
730 920 0.01 
730 956 4.01 
730 986 9.01 
730 991 5.01 
755 128 0.01 
755 781 1.01 
755 956 7.01 
755 985 2.01 
755 986 4.01 
755 991 15.01 
90 292 0.01 
90 358 0.01 
90 392 0.01 
90 634 0.01 
90 913 0.01 
90 958 1.01 
90 993 0.01 
358 90 0.01 
358 150 0.01 
358 254 0.01 
358 806 0.01 
358 925 0.01 
358 993 0.01 
358 998 0.01 
91 96 0.01 
91 140 0.01 
91 379 0.01 
91 621 0.01 
91 904 0.01 
91 966 0.01 
91 980 1.01 
96 200 0.01 
96 336 0.01 
96 421 0.01 
96 460 0.01 
96 801 0.01 
96 972 0.01 
96 980 0.01 
140 287 0.01 
140 376 0.01 
140 802 0.01 
140 808 0.01 
140 851 0.01 
140 980 0.01 
140 992 0.01 
379 142 0.01 
379 353 1.01 
379 490 0.01 
379 611 0.01 
379 747 0.01 
379 924 1.01 
379 966 0.01 
621 160 0.01 
621 224 0.01 
621 421 0.01 
621 722 0.01 
621 808 0.01 
621 856 0.01 
621 981 0.01 
980 535 0.01 
980 538 2.01 
980 553 3.01 
980 722 0.01 
980 802 1.01 
980 998 1.01 
556 319 0.01 
556 607 0.01 
556 734 0.01 
556 753 0.01 
556 972 1.01 
556 988 1.01 
556 995 3.01 
773 265 2.01 
773 394 1.01 
773 473 1.01 
773 945 5.01 
773 983 12.01 
773 995 4.01 
780 222 0.01 
780 710 2.01 
780 731 0.01 
780 839 0.01 
780 917 0.01 
780 995 8.01 
93 426 0.01 
93 444 0.01 
93 524 0.01 
93 595 0.01 
93 771 0.01 
93 963 0.01 
93 985 0.01 
426 93 0.01 
426 453 0.01 
426 521 0.01 
426 563 0.01 
426 811 0.01 
426 915 0.01 
426 963 1.01 
444 686 0.01 
444 767 0.01 
444 771 0.01 
444 859 0.01 
444 913 0.01 
444 926 3.01 
444 989 0.01 
524 109 0.01 
524 719 0.01 
524 772 0.01 
524 782 2.01 
524 908 0.01 
524 910 0.01 
524 922 0.01 
595 67 0.01 
595 76 0.01 
595 482 1.01 
595 667 1.01 
595 823 0.01 
595 888 0.01 
595 978 2.01 
94 665 0.01 
94 668 0.01 
94 720 0.01 
94 751 0.01 
94 824 0.01 
94 842 0.01 
94 950 0.01 
665 546 0.01 
665 661 1.01 
665 720 0.01 
665 725 1.01 
665 751 1.01 
665 862 0.01 
665 912 0.01 
668 55 0.01 
668 685 0.01 
668 752 0.01 
668 766 0.01 
668 902 0.01 
668 912 1.01 
668 982 1.01 
720 94 0.01 
720 661 0.01 
720 717 0.01 
720 824 0.01 
720 955 0.01 
720 962 0.01 
751 367 0.01 
751 717 1.01 
751 725 2.01 
751 776 0.01 
751 862 2.01 
751 980 0.01 
950 499 0.01 
950 733 0.01 
950 922 1.01 
950 932 0.01 
950 959 0.01 
950 980 4.01 
95 54 0.01 
95 249 0.01 
95 350 0.01 
95 728 0.01 
95 747 0.01 
95 884 0.01 
95 983 0.01 
200 330 0.01 
200 614 0.01 
200 758 0.01 
200 770 0.01 
200 944 0.01 
200 962 1.01 
200 968 0.01 
336 28 1.01 
336 63 1.01 
336 799 0.01 
336 842 0.01 
336 885 0.01 
336 907 0.01 
336 971 0.01 
421 460 0.01 
421 538 0.01 
421 656 0.01 
421 933 0.01 
421 939 0.01 
421 950 0.01 
421 980 0.01 
460 299 0.01 
460 479 0.01 
460 808 0.01 
460 874 0.01 
460 950 0.01 
460 980 0.01 
460 983 0.01 
801 96 0.01 
801 149 1.01 
801 296 0.01 
801 427 0.01 
801 950 0.01 
801 969 0.01 
97 3 0.01 
97 446 0.01 
97 537 0.01 
97 828 0.01 
97 944 0.01 
97 962 0.01 
97 982 0.01 
537 422 0.01 
537 432 0.01 
537 441 0.01 
537 794 0.01 
537 900 0.01 
537 903 0.01 
537 968 1.01 
828 310 1.01 
828 625 0.01 
828 702 1.01 
828 830 0.01 
828 835 0.01 
828 955 0.01 
98 160 0.01 
98 599 0.01 
98 824 0.01 
98 866 0.01 
98 950 0.01 
98 980 1.01 
98 995 0.01 
160 98 0.01 
160 655 0.01 
160 692 0.01 
160 801 0.01 
160 856 1.01 
160 907 0.01 
160 980 0.01 
866 95 0.01 
866 622 1.01 
866 674 1.01 
866 904 1.01 
866 920 5.01 
866 930 1.01 
99 177 0.01 
99 630 0.01 
99 683 0.01 
99 727 0.01 
99 843 0.01 
99 878 0.01 
99 906 0.01 
177 59 0.01 
177 663 0.01 
177 840 0.01 
177 870 0.01 
177 955 1.01 
177 971 0.01 
177 978 0.01 
727 99 0.01 
727 180 0.01 
727 566 0.01 
727 729 0.01 
727 945 0.01 
727 997 0.01 
906 22 0.01 
906 113 0.01 
906 518 1.01 
906 895 5.01 
906 919 2.01 
906 979 8.01 
100 474 0.01 
100 701 0.01 
100 897 0.01 
100 925 0.01 
100 943 2.01 
100 998 0.01 
100 999 0.01 
474 185 0.01 
474 301 0.01 
474 604 0.01 
474 762 1.01 
474 832 0.01 
474 902 0.01 
474 921 0.01 
701 236 0.01 
701 531 0.01 
701 858 0.01 
701 960 1.01 
701 963 0.01 
701 993 1.01 
701 998 3.01 
101 74 0.01 
101 535 1.01 
101 854 2.01 
101 857 0.01 
101 972 0.01 
101 993 1.01 
101 998 1.01 
857 100 0.01 
857 158 0.01 
857 359 0.01 
857 848 0.01 
857 990 1.01 
857 998 3.01 
102 142 0.01 
102 365 0.01 
102 860 2.01 
102 868 1.01 
102 938 0.01 
102 947 0.01 
102 994 1.01 
142 130 0.01 
142 522 0.01 
142 528 0.01 
142 704 0.01 
142 805 0.01 
142 966 0.01 
142 994 0.01 
365 65 0.01 
365 649 0.01 
365 774 1.01 
365 778 0.01 
365 805 0.01 
365 890 0.01 
365 994 0.01 
103 18 0.01 
103 23 0.01 
103 179 0.01 
103 279 0.01 
103 981 0.01 
103 992 1.01 
103 998 3.01 
179 78 0.01 
179 429 0.01 
179 550 0.01 
179 775 0.01 
179 958 0.01 
179 992 1.01 
179 998 1.01 
279 270 0.01 
279 675 0.01 
279 711 1.01 
279 886 0.01 
279 901 0.01 
279 925 0.01 
279 998 0.01 
104 191 0.01 
104 311 0.01 
104 583 0.01 
104 841 0.01 
104 915 0.01 
104 960 0.01 
104 963 0.01 
311 104 0.01 
311 188 0.01 
311 348 0.01 
311 400 0.01 
311 745 0.01 
311 846 0.01 
311 963 1.01 
583 573 0.01 
583 636 0.01 
583 665 2.01 
583 717 1.01 
583 720 0.01 
583 751 0.01 
583 909 0.01 
915 226 1.01 
915 340 1.01 
915 348 0.01 
915 438 0.01 
915 919 0.01 
915 963 2.01 
493 66 0.01 
493 381 0.01 
493 469 0.01 
493 712 0.01 
493 743 0.01 
493 750 0.01 
493 974 0.01 
862 373 0.01 
862 583 1.01 
862 636 0.01 
862 717 1.01 
862 751 2.01 
862 992 2.01 
106 162 1.01 
106 556 0.01 
106 780 0.01 
106 887 0.01 
106 905 4.01 
106 988 2.01 
106 995 4.01 
107 449 1.01 
107 453 1.01 
107 545 2.01 
107 797 0.01 
107 873 1.01 
107 957 0.01 
107 969 1.01 
107 977 2.01 
449 818 1.01 
449 892 5.01 
449 937 2.01 
449 957 4.01 
449 959 2.01 
449 967 7.01 
449 969 5.01 
453 545 1.01 
453 606 0.01 
453 861 1.01 
453 873 1.01 
453 937 1.01 
453 959 1.01 
453 967 0.01 
453 977 4.01 
545 268 2.01 
545 797 2.01 
545 874 0.01 
545 892 2.01 
545 937 1.01 
545 969 3.01 
545 977 3.01 
797 851 2.01 
797 861 3.01 
797 957 4.01 
797 959 3.01 
797 967 4.01 
797 969 3.01 
957 449 3.01 
957 545 2.01 
957 818 5.01 
957 850 0.01 
957 861 2.01 
957 874 5.01 
108 257 0.01 
108 477 0.01 
108 760 0.01 
108 772 0.01 
108 792 0.01 
108 845 0.01 
108 936 1.01 
257 245 0.01 
257 610 0.01 
257 631 0.01 
257 760 0.01 
257 814 0.01 
257 850 0.01 
257 944 0.01 
772 362 0.01 
772 554 0.01 
772 587 0.01 
772 719 0.01 
772 893 0.01 
772 904 0.01 
109 199 2.01 
109 264 1.01 
109 418 1.01 
109 936 1.01 
109 954 3.01 
109 965 1.01 
109 976 3.01 
199 11 0.01 
199 264 0.01 
199 628 0.01 
199 689 0.01 
199 804 0.01 
199 965 1.01 
199 976 0.01 
264 72 0.01 
264 139 0.01 
264 199 0.01 
264 428 0.01 
264 651 0.01 
264 879 0.01 
264 976 0.01 
125 416 0.01 
125 478 0.01 
125 785 0.01 
125 875 0.01 
125 916 0.01 
125 974 0.01 
125 996 0.01 
734 123 0.01 
734 166 0.01 
734 297 0.01 
734 586 1.01 
734 905 0.01 
734 995 2.01 
803 8 1.01 
803 396 1.01 
803 500 0.01 
803 773 1.01 
803 983 5.01 
803 995 5.01 
112 354 0.01 
112 788 0.01 
112 898 0.01 
112 929 1.01 
112 952 1.01 
112 964 0.01 
112 973 3.01 
113 420 0.01 
113 518 0.01 
113 779 0.01 
113 793 1.01 
113 895 0.01 
113 973 4.01 
113 979 0.01 
420 58 0.01 
420 90 0.01 
420 186 0.01 
420 471 0.01 
420 906 1.01 
420 973 0.01 
420 979 3.01 
518 58 0.01 
518 190 0.01 
518 906 0.01 
518 919 4.01 
518 952 3.01 
518 970 0.01 
518 979 0.01 
779 581 2.01 
779 791 1.01 
779 894 0.01 
779 952 2.01 
779 973 0.01 
779 979 5.01 
793 898 1.01 
793 902 1.01 
793 906 2.01 
793 929 0.01 
793 942 4.01 
793 973 4.01 
114 17 0.01 
114 410 0.01 
114 917 1.01 
114 972 0.01 
114 983 0.01 
114 988 3.01 
114 995 0.01 
410 73 0.01 
410 803 1.01 
410 865 0.01 
410 917 0.01 
410 972 0.01 
410 988 1.01 
410 995 0.01 
917 73 1.01 
917 455 1.01 
917 466 1.01 
917 945 10.01 
917 988 9.01 
917 995 8.01 
332 178 0.01 
332 335 0.01 
332 480 1.01 
332 679 0.01 
332 935 0.01 
332 981 1.01 
332 999 6.01 
637 554 0.01 
637 623 0.01 
637 761 2.01 
637 767 0.01 
637 870 0.01 
637 997 1.01 
637 999 1.01 
761 335 0.01 
761 896 1.01 
761 926 8.01 
761 934 4.01 
761 981 7.01 
761 997 17.009999999999998 
116 221 0.01 
116 254 0.01 
116 735 0.01 
116 743 0.01 
116 813 0.01 
116 925 0.01 
116 996 4.01 
221 44 0.01 
221 501 0.01 
221 517 0.01 
221 547 0.01 
221 916 0.01 
221 923 0.01 
221 996 2.01 
254 4 0.01 
254 412 0.01 
254 431 0.01 
254 469 0.01 
254 472 0.01 
254 800 0.01 
254 840 0.01 
743 48 0.01 
743 138 0.01 
743 592 0.01 
743 744 0.01 
743 858 0.01 
743 931 0.01 
813 2 0.01 
813 531 0.01 
813 642 0.01 
813 921 0.01 
813 953 0.01 
813 975 1.01 
117 340 0.01 
117 521 0.01 
117 880 0.01 
117 956 0.01 
117 958 0.01 
117 992 0.01 
117 996 0.01 
340 117 0.01 
340 311 0.01 
340 915 0.01 
340 943 0.01 
340 963 2.01 
340 987 0.01 
340 998 0.01 
521 82 0.01 
521 183 0.01 
521 226 0.01 
521 461 0.01 
521 644 0.01 
521 887 0.01 
521 915 0.01 
243 206 0.01 
243 710 0.01 
243 734 0.01 
243 972 0.01 
243 983 0.01 
243 988 0.01 
243 995 0.01 
119 316 0.01 
119 499 0.01 
119 655 0.01 
119 722 0.01 
119 856 0.01 
119 958 0.01 
119 981 0.01 
316 42 0.01 
316 134 0.01 
316 613 0.01 
316 870 0.01 
316 989 4.01 
316 997 0.01 
316 999 3.01 
499 530 0.01 
499 620 0.01 
499 722 1.01 
499 856 0.01 
499 884 0.01 
499 919 0.01 
499 971 0.01 
655 91 0.01 
655 149 0.01 
655 296 0.01 
655 481 0.01 
655 553 0.01 
655 770 0.01 
655 980 0.01 
722 91 0.01 
722 816 1.01 
722 928 0.01 
722 941 1.01 
722 950 1.01 
722 980 0.01 
131 4 0.01 
131 120 0.01 
131 674 0.01 
131 904 0.01 
131 920 0.01 
131 930 1.01 
131 991 0.01 
405 289 0.01 
405 674 2.01 
405 765 0.01 
405 815 0.01 
405 866 1.01 
405 920 1.01 
405 930 3.01 
121 54 0.01 
121 325 0.01 
121 574 0.01 
121 585 0.01 
121 621 0.01 
121 747 0.01 
121 821 0.01 
574 121 0.01 
574 167 0.01 
574 585 0.01 
574 728 1.01 
574 747 0.01 
574 839 0.01 
574 977 0.01 
585 53 0.01 
585 323 0.01 
585 525 0.01 
585 574 0.01 
585 728 0.01 
585 884 0.01 
585 961 0.01 
122 214 0.01 
122 451 0.01 
122 911 0.01 
122 951 1.01 
122 964 0.01 
122 997 0.01 
122 999 1.01 
214 313 0.01 
214 444 0.01 
214 686 0.01 
214 981 0.01 
214 989 0.01 
214 997 1.01 
214 999 0.01 
451 304 0.01 
451 480 0.01 
451 582 1.01 
451 935 1.01 
451 989 1.01 
451 997 3.01 
451 999 2.01 
951 286 0.01 
951 582 3.01 
951 715 0.01 
951 870 0.01 
951 997 23.009999999999998 
951 999 19.009999999999998 
123 114 0.01 
123 243 0.01 
123 773 1.01 
123 972 0.01 
123 983 0.01 
123 988 1.01 
123 995 1.01 
219 129 0.01 
219 380 0.01 
219 659 0.01 
219 690 0.01 
219 743 0.01 
219 949 0.01 
219 990 0.01 
240 46 0.01 
240 91 0.01 
240 504 0.01 
240 769 0.01 
240 982 1.01 
240 987 0.01 
240 998 0.01 
685 230 0.01 
685 868 0.01 
685 882 0.01 
685 912 0.01 
685 960 0.01 
685 982 0.01 
685 987 0.01 
416 31 0.01 
416 181 0.01 
416 235 0.01 
416 817 0.01 
416 974 0.01 
416 975 0.01 
416 996 2.01 
785 332 1.01 
785 645 1.01 
785 662 2.01 
785 847 2.01 
785 981 11.01 
785 999 2.01 
875 5 0.01 
875 153 0.01 
875 383 0.01 
875 395 0.01 
875 598 0.01 
875 975 3.01 
126 97 0.01 
126 300 0.01 
126 541 0.01 
126 837 0.01 
126 944 0.01 
126 952 0.01 
126 962 0.01 
300 273 0.01 
300 614 1.01 
300 718 0.01 
300 869 0.01 
300 962 0.01 
300 986 0.01 
300 997 0.01 
127 76 0.01 
127 347 0.01 
127 526 0.01 
127 924 0.01 
127 940 1.01 
127 984 0.01 
127 994 2.01 
347 66 0.01 
347 271 0.01 
347 514 0.01 
347 854 0.01 
347 855 1.01 
347 984 0.01 
347 994 0.01 
526 793 0.01 
526 895 0.01 
526 919 0.01 
526 942 1.01 
526 952 1.01 
526 978 0.01 
526 979 4.01 
128 695 0.01 
128 865 2.01 
128 908 1.01 
128 948 1.01 
128 985 6.01 
128 986 4.01 
128 991 3.01 
908 128 0.01 
908 377 1.01 
908 528 0.01 
908 807 3.01 
908 986 8.01 
908 991 13.01 
129 232 0.01 
129 585 0.01 
129 750 0.01 
129 817 0.01 
129 894 0.01 
129 973 0.01 
129 996 0.01 
232 2 0.01 
232 469 0.01 
232 659 0.01 
232 705 0.01 
232 744 0.01 
232 759 0.01 
232 928 0.01 
817 125 1.01 
817 416 0.01 
817 750 0.01 
817 894 0.01 
817 973 0.01 
817 996 1.01 
130 632 0.01 
130 804 1.01 
130 837 0.01 
130 936 0.01 
130 954 2.01 
130 965 1.01 
130 976 1.01 
632 130 0.01 
632 496 0.01 
632 837 1.01 
632 879 0.01 
632 965 3.01 
632 966 0.01 
632 970 2.01 
804 428 0.01 
804 475 0.01 
804 638 0.01 
804 863 0.01 
804 970 0.01 
804 976 3.01 
674 289 2.01 
674 815 1.01 
674 866 0.01 
674 904 0.01 
674 920 0.01 
674 930 0.01 
674 954 0.01 
132 205 0.01 
132 578 1.01 
132 641 0.01 
132 705 0.01 
132 876 0.01 
132 979 0.01 
132 987 0.01 
205 37 0.01 
205 67 0.01 
205 553 0.01 
205 641 1.01 
205 705 0.01 
205 985 1.01 
205 995 0.01 
578 463 0.01 
578 523 0.01 
578 639 0.01 
578 869 0.01 
578 876 0.01 
578 947 1.01 
578 997 0.01 
641 40 0.01 
641 132 0.01 
641 293 0.01 
641 463 0.01 
641 538 0.01 
641 714 0.01 
641 876 0.01 
133 50 0.01 
133 686 0.01 
133 926 0.01 
133 981 1.01 
133 989 0.01 
133 997 0.01 
133 999 1.01 
686 60 0.01 
686 147 0.01 
686 166 0.01 
686 613 0.01 
686 662 0.01 
686 989 1.01 
686 999 2.01 
134 161 0.01 
134 276 0.01 
134 593 0.01 
134 637 0.01 
134 785 1.01 
134 926 0.01 
134 997 0.01 
161 412 0.01 
161 480 0.01 
161 509 0.01 
161 666 0.01 
161 951 0.01 
161 997 0.01 
161 999 0.01 
276 214 0.01 
276 342 0.01 
276 767 0.01 
276 934 0.01 
276 964 1.01 
276 997 3.01 
276 999 5.01 
135 31 0.01 
135 543 1.01 
135 660 0.01 
135 875 1.01 
135 941 0.01 
135 959 0.01 
135 975 2.01 
543 168 0.01 
543 479 0.01 
543 813 0.01 
543 827 0.01 
543 829 0.01 
543 936 0.01 
543 996 0.01 
660 48 0.01 
660 135 0.01 
660 219 0.01 
660 800 0.01 
660 894 1.01 
660 975 1.01 
660 996 1.01 
959 352 3.01 
959 602 0.01 
959 606 1.01 
959 693 4.01 
959 937 6.01 
959 969 10.01 
959 977 9.01 
519 375 0.01 
519 522 0.01 
519 605 0.01 
519 629 0.01 
519 867 0.01 
519 992 2.01 
519 998 2.01 
550 187 0.01 
550 548 1.01 
550 601 0.01 
550 827 0.01 
550 943 0.01 
550 990 0.01 
550 998 0.01 
657 41 0.01 
657 70 0.01 
657 195 0.01 
657 953 0.01 
657 958 1.01 
657 990 1.01 
657 992 5.01 
137 283 0.01 
137 409 0.01 
137 887 0.01 
137 905 1.01 
137 972 1.01 
137 988 1.01 
137 995 1.01 
283 8 0.01 
283 917 1.01 
283 918 0.01 
283 972 0.01 
283 983 1.01 
283 988 1.01 
283 995 0.01 
776 135 0.01 
776 758 0.01 
776 813 1.01 
776 875 1.01 
776 974 0.01 
776 998 0.01 
139 43 2.01 
139 336 0.01 
139 408 0.01 
139 445 0.01 
139 842 0.01 
139 907 0.01 
139 999 0.01 
445 35 0.01 
445 150 0.01 
445 672 0.01 
445 799 0.01 
445 842 0.01 
445 907 0.01 
445 998 0.01 
287 299 0.01 
287 692 0.01 
287 734 0.01 
287 869 0.01 
287 889 0.01 
287 980 0.01 
287 985 0.01 
376 193 0.01 
376 463 0.01 
376 573 0.01 
376 681 0.01 
376 960 0.01 
376 982 0.01 
376 987 0.01 
851 291 0.01 
851 449 0.01 
851 591 1.01 
851 602 2.01 
851 959 10.01 
851 977 9.01 
645 368 0.01 
645 771 1.01 
645 885 1.01 
645 911 2.01 
645 989 6.01 
645 997 5.01 
645 999 24.009999999999998 
767 694 0.01 
767 934 0.01 
767 964 0.01 
767 981 1.01 
767 997 1.01 
767 999 2.01 
796 192 0.01 
796 859 0.01 
796 926 3.01 
796 934 2.01 
796 997 9.01 
796 999 9.01 
881 328 0.01 
881 593 2.01 
881 637 0.01 
881 864 2.01 
881 911 1.01 
881 997 10.01 
528 68 0.01 
528 173 0.01 
528 494 1.01 
528 781 1.01 
528 985 3.01 
528 986 4.01 
528 991 2.01 
704 81 0.01 
704 240 0.01 
704 698 3.01 
704 786 1.01 
704 805 0.01 
704 938 2.01 
704 966 2.01 
143 185 0.01 
143 447 0.01 
143 703 0.01 
143 752 1.01 
143 832 1.01 
143 984 0.01 
143 997 0.01 
185 447 0.01 
185 481 0.01 
185 604 0.01 
185 703 0.01 
185 762 0.01 
185 902 1.01 
185 995 0.01 
447 474 0.01 
447 752 0.01 
447 762 0.01 
447 832 1.01 
447 902 1.01 
447 930 0.01 
447 994 0.01 
703 267 0.01 
703 458 0.01 
703 506 0.01 
703 622 0.01 
703 762 0.01 
703 832 1.01 
703 902 1.01 
752 496 0.01 
752 604 0.01 
752 618 0.01 
752 803 0.01 
752 816 0.01 
752 902 1.01 
144 308 0.01 
144 451 0.01 
144 691 0.01 
144 759 0.01 
144 974 1.01 
144 994 0.01 
144 996 0.01 
691 4 0.01 
691 47 0.01 
691 306 1.01 
691 688 0.01 
691 750 0.01 
691 759 2.01 
691 807 0.01 
145 264 0.01 
145 339 0.01 
145 739 0.01 
145 762 0.01 
145 909 0.01 
145 933 0.01 
145 970 1.01 
339 385 0.01 
339 702 0.01 
339 717 0.01 
339 739 0.01 
339 763 0.01 
339 909 0.01 
339 986 0.01 
739 520 0.01 
739 783 0.01 
739 828 1.01 
739 835 2.01 
739 851 0.01 
739 909 1.01 
762 143 1.01 
762 495 0.01 
762 703 0.01 
762 752 0.01 
762 832 0.01 
762 902 2.01 
909 274 0.01 
909 310 0.01 
909 339 1.01 
909 545 0.01 
909 763 0.01 
909 828 0.01 
146 690 0.01 
146 744 0.01 
146 793 0.01 
146 875 0.01 
146 916 0.01 
146 928 1.01 
146 996 2.01 
744 600 1.01 
744 701 0.01 
744 737 1.01 
744 784 0.01 
744 921 2.01 
744 976 0.01 
147 212 0.01 
147 391 0.01 
147 864 0.01 
147 913 0.01 
147 934 0.01 
147 951 1.01 
147 989 1.01 
212 256 0.01 
212 317 0.01 
212 444 0.01 
212 847 0.01 
212 911 1.01 
212 997 3.01 
212 999 3.01 
391 60 0.01 
391 312 0.01 
391 859 0.01 
391 981 0.01 
391 989 0.01 
391 997 1.01 
391 999 0.01 
864 576 4.01 
864 679 0.01 
864 964 9.01 
864 989 10.01 
864 997 18.009999999999998 
864 999 7.01 
148 190 0.01 
148 416 0.01 
148 682 1.01 
148 891 0.01 
148 929 1.01 
148 973 2.01 
148 979 2.01 
190 112 0.01 
190 402 0.01 
190 736 0.01 
190 895 0.01 
190 898 0.01 
190 973 1.01 
190 979 0.01 
149 176 0.01 
149 481 0.01 
149 648 0.01 
149 655 0.01 
149 809 0.01 
149 850 0.01 
149 967 0.01 
176 372 0.01 
176 443 0.01 
176 458 0.01 
176 621 0.01 
176 801 0.01 
176 816 0.01 
176 980 0.01 
481 98 0.01 
481 460 0.01 
481 539 0.01 
481 655 0.01 
481 816 0.01 
481 950 0.01 
481 966 0.01 
648 180 0.01 
648 727 0.01 
648 778 0.01 
648 904 0.01 
648 950 0.01 
648 968 0.01 
648 996 0.01 
809 176 0.01 
809 224 0.01 
809 507 0.01 
809 599 0.01 
809 889 0.01 
809 980 2.01 
850 15 1.01 
850 851 4.01 
850 957 2.01 
850 959 8.01 
850 967 2.01 
850 969 4.01 
272 35 0.01 
272 86 0.01 
272 375 0.01 
272 858 0.01 
272 914 0.01 
272 992 1.01 
272 998 1.01 
151 179 0.01 
151 548 0.01 
151 701 0.01 
151 841 0.01 
151 992 2.01 
151 993 3.01 
151 998 4.01 
548 101 0.01 
548 195 0.01 
548 411 0.01 
548 820 0.01 
548 849 0.01 
548 886 0.01 
548 998 1.01 
152 251 0.01 
152 924 0.01 
152 961 0.01 
152 966 0.01 
152 984 0.01 
152 994 1.01 
152 996 0.01 
251 88 0.01 
251 406 0.01 
251 794 1.01 
251 829 0.01 
251 855 1.01 
251 940 2.01 
251 984 0.01 
153 38 1.01 
153 221 0.01 
153 574 0.01 
153 784 0.01 
153 813 0.01 
153 941 1.01 
153 996 4.01 
502 2 0.01 
502 125 0.01 
502 181 0.01 
502 201 0.01 
502 605 0.01 
502 776 0.01 
502 953 0.01 
155 670 0.01 
155 878 0.01 
155 899 0.01 
155 955 0.01 
155 961 4.01 
155 971 2.01 
155 978 0.01 
156 55 0.01 
156 445 0.01 
156 533 0.01 
156 680 0.01 
156 697 0.01 
156 706 0.01 
156 836 2.01 
533 156 0.01 
533 577 0.01 
533 616 0.01 
533 627 0.01 
533 697 0.01 
533 732 0.01 
533 825 0.01 
680 89 0.01 
680 713 1.01 
680 755 5.01 
680 845 0.01 
680 985 7.01 
680 986 3.01 
680 991 4.01 
697 156 0.01 
697 580 0.01 
697 732 2.01 
697 764 0.01 
697 825 0.01 
697 962 0.01 
697 963 0.01 
836 164 1.01 
836 616 0.01 
836 732 1.01 
836 764 0.01 
836 825 1.01 
836 846 0.01 
157 362 0.01 
157 779 0.01 
157 830 0.01 
157 893 0.01 
157 922 0.01 
157 949 0.01 
157 975 0.01 
362 468 0.01 
362 626 0.01 
362 819 0.01 
362 893 0.01 
362 920 0.01 
362 922 0.01 
362 949 0.01 
893 77 0.01 
893 338 0.01 
893 741 1.01 
893 826 1.01 
893 830 1.01 
893 910 6.01 
158 75 0.01 
158 822 0.01 
158 886 0.01 
158 927 0.01 
158 992 0.01 
158 993 1.01 
158 998 1.01 
159 81 0.01 
159 768 0.01 
159 852 0.01 
159 868 0.01 
159 938 0.01 
159 984 1.01 
159 994 0.01 
692 57 0.01 
692 149 0.01 
692 250 0.01 
692 296 0.01 
692 808 1.01 
692 953 0.01 
692 980 0.01 
412 161 0.01 
412 192 0.01 
412 381 0.01 
412 796 0.01 
412 934 0.01 
412 964 1.01 
412 997 0.01 
480 637 0.01 
480 761 0.01 
480 911 1.01 
480 935 0.01 
480 989 1.01 
480 997 0.01 
480 999 0.01 
509 133 0.01 
509 859 0.01 
509 913 0.01 
509 934 0.01 
509 964 0.01 
509 989 2.01 
509 997 0.01 
455 118 0.01 
455 137 0.01 
455 878 0.01 
455 972 1.01 
455 983 3.01 
455 988 7.01 
455 995 2.01 
163 218 0.01 
163 281 0.01 
163 512 0.01 
163 571 0.01 
163 806 0.01 
163 903 0.01 
163 946 0.01 
218 512 0.01 
218 557 0.01 
218 766 0.01 
218 806 0.01 
218 891 0.01 
218 898 0.01 
218 903 1.01 
281 79 0.01 
281 163 0.01 
281 476 0.01 
281 856 0.01 
281 903 0.01 
281 973 0.01 
281 977 0.01 
512 364 0.01 
512 643 0.01 
512 806 0.01 
512 831 0.01 
512 834 0.01 
512 903 0.01 
512 963 0.01 
571 114 0.01 
571 168 0.01 
571 363 0.01 
571 461 1.01 
571 625 0.01 
571 811 0.01 
571 990 0.01 
903 467 1.01 
903 557 0.01 
903 707 0.01 
903 867 0.01 
903 882 0.01 
903 985 0.01 
164 156 0.01 
164 580 0.01 
164 616 0.01 
164 726 0.01 
164 732 0.01 
164 825 0.01 
164 836 0.01 
580 164 0.01 
580 544 0.01 
580 697 0.01 
580 732 1.01 
580 764 0.01 
580 825 0.01 
580 836 0.01 
616 692 0.01 
616 764 1.01 
616 825 1.01 
616 836 0.01 
616 931 0.01 
616 940 0.01 
616 952 0.01 
732 41 0.01 
732 164 1.01 
732 533 0.01 
732 580 0.01 
732 836 0.01 
732 971 1.01 
825 533 1.01 
825 537 0.01 
825 616 0.01 
825 697 1.01 
825 764 0.01 
825 836 1.01 
165 85 0.01 
165 592 0.01 
165 875 0.01 
165 928 0.01 
165 931 0.01 
165 949 0.01 
165 996 0.01 
592 433 0.01 
592 615 0.01 
592 647 0.01 
592 670 0.01 
592 847 0.01 
592 923 0.01 
592 996 0.01 
166 483 0.01 
166 623 0.01 
166 785 0.01 
166 796 0.01 
166 881 0.01 
166 997 1.01 
166 999 1.01 
167 107 0.01 
167 291 1.01 
167 515 0.01 
167 892 1.01 
167 932 0.01 
167 967 2.01 
167 969 3.01 
167 977 2.01 
291 167 0.01 
291 321 0.01 
291 341 0.01 
291 561 0.01 
291 850 1.01 
291 937 0.01 
291 957 4.01 
291 969 3.01 
291 977 4.01 
515 498 0.01 
515 861 1.01 
515 932 1.01 
515 959 4.01 
515 967 5.01 
515 969 5.01 
515 977 0.01 
892 591 4.01 
892 873 2.01 
892 874 2.01 
892 937 2.01 
892 959 7.01 
892 977 7.01 
168 104 0.01 
168 521 0.01 
168 563 0.01 
168 671 0.01 
168 754 0.01 
168 897 0.01 
168 963 1.01 
563 78 0.01 
563 419 0.01 
563 608 0.01 
563 801 0.01 
563 846 0.01 
563 920 0.01 
563 963 1.01 
754 257 0.01 
754 398 0.01 
754 523 0.01 
754 578 0.01 
754 760 0.01 
754 845 1.01 
169 11 1.01 
169 470 0.01 
169 651 0.01 
169 936 1.01 
169 965 1.01 
169 970 3.01 
169 976 3.01 
651 121 0.01 
651 384 0.01 
651 470 0.01 
651 863 3.01 
651 954 0.01 
651 957 0.01 
651 976 0.01 
170 157 0.01 
170 716 0.01 
170 906 0.01 
170 914 0.01 
170 919 0.01 
170 942 1.01 
170 979 2.01 
171 20 0.01 
171 157 0.01 
171 819 0.01 
171 826 0.01 
171 922 0.01 
171 949 0.01 
171 974 0.01 
826 719 2.01 
826 819 1.01 
826 825 0.01 
826 853 0.01 
826 949 3.01 
826 996 2.01 
173 45 0.01 
173 559 1.01 
173 570 0.01 
173 680 0.01 
173 985 0.01 
173 986 3.01 
173 991 1.01 
570 68 0.01 
570 946 3.01 
570 948 1.01 
570 956 1.01 
570 985 5.01 
570 986 5.01 
570 991 7.01 
174 189 0.01 
174 255 0.01 
174 637 0.01 
174 900 0.01 
174 939 0.01 
174 989 0.01 
174 993 0.01 
189 62 0.01 
189 69 0.01 
189 527 0.01 
189 687 0.01 
189 768 0.01 
189 962 0.01 
189 968 0.01 
255 475 0.01 
255 603 0.01 
255 798 0.01 
255 834 0.01 
255 936 1.01 
255 965 0.01 
255 976 0.01 
175 0 0.01 
175 145 0.01 
175 398 0.01 
175 567 0.01 
175 702 0.01 
175 909 0.01 
175 967 0.01 
398 145 0.01 
398 339 0.01 
398 414 0.01 
398 763 0.01 
398 835 0.01 
398 907 0.01 
398 997 0.01 
567 140 0.01 
567 360 0.01 
567 612 1.01 
567 899 1.01 
567 955 1.01 
567 971 2.01 
567 978 0.01 
702 175 0.01 
702 398 0.01 
702 625 0.01 
702 699 0.01 
702 707 0.01 
702 783 0.01 
702 916 0.01 
372 119 0.01 
372 530 0.01 
372 802 0.01 
372 816 0.01 
372 950 0.01 
372 978 0.01 
372 980 1.01 
458 692 0.01 
458 801 2.01 
458 808 0.01 
458 809 0.01 
458 822 0.01 
458 940 0.01 
458 980 0.01 
663 40 0.01 
663 425 1.01 
663 700 1.01 
663 745 1.01 
663 955 3.01 
663 971 1.01 
663 978 2.01 
178 133 0.01 
178 166 0.01 
178 370 0.01 
178 870 0.01 
178 885 1.01 
178 935 1.01 
178 989 1.01 
885 147 0.01 
885 332 3.01 
885 582 0.01 
885 847 0.01 
885 981 12.01 
885 999 14.01 
935 831 1.01 
935 881 1.01 
935 911 1.01 
935 964 4.01 
935 997 12.01 
935 999 17.009999999999998 
429 239 0.01 
429 488 0.01 
429 897 0.01 
429 943 0.01 
429 990 1.01 
429 993 0.01 
429 998 1.01 
180 596 0.01 
180 642 0.01 
180 683 0.01 
180 696 1.01 
180 727 0.01 
180 843 1.01 
180 946 0.01 
642 395 0.01 
642 479 0.01 
642 617 0.01 
642 891 0.01 
642 916 0.01 
642 953 0.01 
642 980 0.01 
181 280 0.01 
181 423 0.01 
181 452 0.01 
181 656 0.01 
181 829 1.01 
181 975 2.01 
181 996 0.01 
280 100 0.01 
280 724 1.01 
280 858 0.01 
280 872 0.01 
280 990 1.01 
280 993 0.01 
280 998 0.01 
423 410 0.01 
423 461 0.01 
423 495 0.01 
423 691 0.01 
423 932 0.01 
423 947 0.01 
423 996 3.01 
452 559 1.01 
452 671 0.01 
452 695 0.01 
452 865 0.01 
452 956 3.01 
452 986 2.01 
452 991 5.01 
656 32 0.01 
656 306 0.01 
656 423 0.01 
656 647 0.01 
656 839 0.01 
656 953 0.01 
656 996 0.01 
182 617 0.01 
182 735 0.01 
182 888 0.01 
182 899 0.01 
182 955 0.01 
182 961 1.01 
182 971 1.01 
617 567 0.01 
617 569 0.01 
617 739 0.01 
617 821 0.01 
617 888 0.01 
617 961 3.01 
617 978 1.01 
888 63 0.01 
888 700 1.01 
888 899 1.01 
888 905 0.01 
888 961 1.01 
888 971 3.01 
183 290 1.01 
183 419 0.01 
183 441 2.01 
183 694 0.01 
183 869 0.01 
183 962 0.01 
183 968 0.01 
290 77 0.01 
290 126 0.01 
290 327 0.01 
290 393 0.01 
290 426 0.01 
290 441 0.01 
290 968 1.01 
441 225 0.01 
441 408 0.01 
441 614 0.01 
441 800 1.01 
441 945 0.01 
441 962 1.01 
441 980 0.01 
694 342 0.01 
694 552 1.01 
694 934 6.01 
694 951 3.01 
694 981 2.01 
694 997 12.01 
694 999 9.01 
869 97 0.01 
869 230 0.01 
869 759 0.01 
869 800 0.01 
869 973 0.01 
869 999 0.01 
184 110 0.01 
184 194 0.01 
184 504 1.01 
184 551 0.01 
184 933 0.01 
184 982 0.01 
184 987 1.01 
194 207 0.01 
194 487 2.01 
194 542 0.01 
194 841 0.01 
194 982 5.01 
194 986 0.01 
194 987 3.01 
504 172 1.01 
504 464 0.01 
504 706 1.01 
504 766 0.01 
504 933 0.01 
504 960 1.01 
504 987 4.01 
604 301 0.01 
604 703 0.01 
604 746 0.01 
604 782 0.01 
604 832 3.01 
604 902 2.01 
604 996 0.01 
902 267 1.01 
902 447 0.01 
902 474 0.01 
902 604 2.01 
902 752 0.01 
902 993 0.01 
186 49 0.01 
186 148 0.01 
186 526 0.01 
186 942 2.01 
186 952 1.01 
186 973 5.01 
186 979 0.01 
187 86 0.01 
187 278 0.01 
187 634 0.01 
187 738 0.01 
187 838 0.01 
187 911 0.01 
187 927 0.01 
738 698 0.01 
738 849 0.01 
738 858 0.01 
738 958 1.01 
738 990 0.01 
738 998 4.01 
188 169 0.01 
188 534 0.01 
188 798 1.01 
188 879 0.01 
188 965 4.01 
188 970 0.01 
188 976 8.01 
534 284 0.01 
534 632 0.01 
534 804 1.01 
534 826 0.01 
534 879 1.01 
534 954 1.01 
534 976 0.01 
798 5 0.01 
798 440 1.01 
798 510 0.01 
798 837 0.01 
798 965 8.01 
798 976 1.01 
527 487 0.01 
527 756 0.01 
527 769 0.01 
527 899 0.01 
527 912 0.01 
527 963 0.01 
527 982 0.01 
687 225 1.01 
687 368 0.01 
687 510 0.01 
687 594 0.01 
687 944 0.01 
687 962 0.01 
687 968 0.01 
402 356 0.01 
402 503 0.01 
402 791 1.01 
402 895 2.01 
402 906 1.01 
402 942 1.01 
402 973 1.01 
736 581 1.01 
736 793 2.01 
736 898 2.01 
736 929 2.01 
736 973 6.01 
736 979 3.01 
211 116 0.01 
211 168 0.01 
211 418 0.01 
211 724 0.01 
211 811 0.01 
211 915 1.01 
211 963 1.01 
576 276 1.01 
576 442 1.01 
576 796 1.01 
576 896 3.01 
576 935 2.01 
576 989 8.01 
576 999 20.009999999999998 
227 39 0.01 
227 314 0.01 
227 344 1.01 
227 504 0.01 
227 663 0.01 
227 756 0.01 
227 990 0.01 
487 46 0.01 
487 265 0.01 
487 275 0.01 
487 854 0.01 
487 982 0.01 
487 987 0.01 
487 990 0.01 
542 99 0.01 
542 180 0.01 
542 611 0.01 
542 683 0.01 
542 696 0.01 
542 727 1.01 
542 843 0.01 
195 61 0.01 
195 277 0.01 
195 836 0.01 
195 990 0.01 
195 992 1.01 
195 993 0.01 
195 998 2.01 
277 158 0.01 
277 657 0.01 
277 890 0.01 
277 897 0.01 
277 914 0.01 
277 990 0.01 
277 992 1.01 
197 13 0.01 
197 263 0.01 
197 775 0.01 
197 817 1.01 
197 921 0.01 
197 974 0.01 
197 975 3.01 
263 409 0.01 
263 615 0.01 
263 817 0.01 
263 877 0.01 
263 921 0.01 
263 953 0.01 
263 979 0.01 
198 689 0.01 
198 834 0.01 
198 919 0.01 
198 954 1.01 
198 965 0.01 
198 970 0.01 
198 976 0.01 
689 11 0.01 
689 496 2.01 
689 651 0.01 
689 936 0.01 
689 965 2.01 
689 970 2.01 
689 994 0.01 
834 130 0.01 
834 284 0.01 
834 702 0.01 
834 879 0.01 
834 890 1.01 
834 970 6.01 
628 36 1.01 
628 475 0.01 
628 879 2.01 
628 936 0.01 
628 965 1.01 
628 970 1.01 
628 976 0.01 
330 7 0.01 
330 189 0.01 
330 300 0.01 
330 411 0.01 
330 758 0.01 
330 918 0.01 
330 994 0.01 
614 200 0.01 
614 252 0.01 
614 407 0.01 
614 600 0.01 
614 740 0.01 
614 869 0.01 
614 962 1.01 
395 52 0.01 
395 197 0.01 
395 517 0.01 
395 647 0.01 
395 653 0.01 
395 923 0.01 
395 975 1.01 
377 539 0.01 
377 723 0.01 
377 865 4.01 
377 956 2.01 
377 985 0.01 
377 986 4.01 
377 991 13.01 
320 122 0.01 
320 605 0.01 
320 925 0.01 
320 987 0.01 
320 992 2.01 
320 993 1.01 
320 998 0.01 
204 8 0.01 
204 699 0.01 
204 702 0.01 
204 718 0.01 
204 783 0.01 
204 909 0.01 
204 913 0.01 
699 204 0.01 
699 625 0.01 
699 658 0.01 
699 828 0.01 
699 873 0.01 
699 888 0.01 
699 909 0.01 
783 385 1.01 
783 661 0.01 
783 699 0.01 
783 739 0.01 
783 836 0.01 
783 909 1.01 
553 84 0.01 
553 462 0.01 
553 669 0.01 
553 802 1.01 
553 809 1.01 
553 816 1.01 
553 993 1.01 
206 111 0.01 
206 731 0.01 
206 887 0.01 
206 918 0.01 
206 983 1.01 
206 988 0.01 
206 995 0.01 
731 918 1.01 
731 945 1.01 
731 972 0.01 
731 983 3.01 
731 988 2.01 
731 995 4.01 
298 162 0.01 
298 709 0.01 
298 854 0.01 
298 911 0.01 
298 960 1.01 
298 982 1.01 
298 987 1.01 
208 18 0.01 
208 61 0.01 
208 359 0.01 
208 456 0.01 
208 485 0.01 
208 992 6.01 
208 993 6.01 
359 33 0.01 
359 187 0.01 
359 795 0.01 
359 867 0.01 
359 992 0.01 
359 993 0.01 
359 998 1.01 
209 178 0.01 
209 771 0.01 
209 951 3.01 
209 981 12.01 
209 989 9.01 
209 997 2.01 
209 999 11.01 
210 329 0.01 
210 609 0.01 
210 678 0.01 
210 812 0.01 
210 939 0.01 
210 975 0.01 
210 980 0.01 
329 303 0.01 
329 401 0.01 
329 439 0.01 
329 676 0.01 
329 804 0.01 
329 900 1.01 
329 939 0.01 
678 812 0.01 
678 822 0.01 
678 865 0.01 
678 900 0.01 
678 939 0.01 
678 975 0.01 
678 992 0.01 
812 403 0.01 
812 555 0.01 
812 894 1.01 
812 900 0.01 
812 939 1.01 
812 994 1.01 
724 489 0.01 
724 679 0.01 
724 711 1.01 
724 775 1.01 
724 990 2.01 
724 992 9.01 
256 141 0.01 
256 276 0.01 
256 328 0.01 
256 964 0.01 
256 981 2.01 
256 997 0.01 
256 999 0.01 
317 483 0.01 
317 666 0.01 
317 771 0.01 
317 964 0.01 
317 974 0.01 
317 989 0.01 
317 992 0.01 
847 256 0.01 
847 576 0.01 
847 964 1.01 
847 989 6.01 
847 997 7.01 
847 999 11.01 
213 505 0.01 
213 558 0.01 
213 756 0.01 
213 765 0.01 
213 841 0.01 
213 882 0.01 
213 982 1.01 
558 39 0.01 
558 668 0.01 
558 685 0.01 
558 912 0.01 
558 982 1.01 
558 987 4.01 
558 998 0.01 
756 766 1.01 
756 815 0.01 
756 841 0.01 
756 933 1.01 
756 987 2.01 
756 993 0.01 
765 37 0.01 
765 210 1.01 
765 378 0.01 
765 413 0.01 
765 454 0.01 
765 977 0.01 
882 51 0.01 
882 74 0.01 
882 414 0.01 
882 769 0.01 
882 912 1.01 
882 987 6.01 
313 509 0.01 
313 639 0.01 
313 831 0.01 
313 885 0.01 
313 981 0.01 
313 989 0.01 
313 999 0.01 
215 79 0.01 
215 404 0.01 
215 588 0.01 
215 669 1.01 
215 726 0.01 
215 833 0.01 
215 964 0.01 
404 222 0.01 
404 259 0.01 
404 410 0.01 
404 878 0.01 
404 905 0.01 
404 988 0.01 
404 995 0.01 
588 1 0.01 
588 491 0.01 
588 680 1.01 
588 865 0.01 
588 956 4.01 
588 985 1.01 
588 991 4.01 
669 215 0.01 
669 547 0.01 
669 590 0.01 
669 601 0.01 
669 619 0.01 
669 880 1.01 
669 992 0.01 
239 237 0.01 
239 270 0.01 
239 535 0.01 
239 635 0.01 
239 968 1.01 
239 993 1.01 
239 998 3.01 
348 438 0.01 
348 571 0.01 
348 608 0.01 
348 641 0.01 
348 767 0.01 
348 811 0.01 
348 963 1.01 
536 23 0.01 
536 486 0.01 
536 547 0.01 
536 916 0.01 
536 921 0.01 
536 941 0.01 
536 996 0.01 
569 12 0.01 
569 700 0.01 
569 840 0.01 
569 888 0.01 
569 961 3.01 
569 971 2.01 
569 978 0.01 
557 512 0.01 
557 616 0.01 
557 633 0.01 
557 643 0.01 
557 903 0.01 
557 984 0.01 
557 999 0.01 
380 219 0.01 
380 598 0.01 
380 894 0.01 
380 910 0.01 
380 928 0.01 
380 975 0.01 
380 996 0.01 
491 68 0.01 
491 309 0.01 
491 713 1.01 
491 755 1.01 
491 948 2.01 
491 986 3.01 
491 991 5.01 
517 479 0.01 
517 600 0.01 
517 916 0.01 
517 931 0.01 
517 974 2.01 
517 993 0.01 
517 996 0.01 
547 26 0.01 
547 729 0.01 
547 875 0.01 
547 959 0.01 
547 974 0.01 
547 990 0.01 
547 996 1.01 
222 473 1.01 
222 710 0.01 
222 905 1.01 
222 945 0.01 
222 983 1.01 
222 988 0.01 
222 995 1.01 
473 267 0.01 
473 462 1.01 
473 464 0.01 
473 607 1.01 
473 945 1.01 
473 988 1.01 
473 995 5.01 
223 417 0.01 
223 524 0.01 
223 618 0.01 
223 664 0.01 
223 819 0.01 
223 922 0.01 
223 949 1.01 
618 20 1.01 
618 550 0.01 
618 772 0.01 
618 819 0.01 
618 910 4.01 
618 922 0.01 
618 985 0.01 
664 127 0.01 
664 318 0.01 
664 406 0.01 
664 514 1.01 
664 938 2.01 
664 940 1.01 
664 994 3.01 
224 96 0.01 
224 442 0.01 
224 481 0.01 
224 530 0.01 
224 809 0.01 
224 856 0.01 
224 980 0.01 
442 122 0.01 
442 282 2.01 
442 911 0.01 
442 951 1.01 
442 989 2.01 
442 997 6.01 
442 999 3.01 
530 176 0.01 
530 427 0.01 
530 458 0.01 
530 518 0.01 
530 802 0.01 
530 980 0.01 
530 998 1.01 
225 3 0.01 
225 233 0.01 
225 272 0.01 
225 537 0.01 
225 962 0.01 
225 968 0.01 
225 978 0.01 
233 294 0.01 
233 345 0.01 
233 491 0.01 
233 633 0.01 
233 726 0.01 
233 833 0.01 
233 880 0.01 
226 438 0.01 
226 454 0.01 
226 790 0.01 
226 915 0.01 
226 951 0.01 
226 963 1.01 
226 976 0.01 
438 211 0.01 
438 400 0.01 
438 426 0.01 
438 811 0.01 
438 915 0.01 
438 963 0.01 
438 969 0.01 
454 543 0.01 
454 609 0.01 
454 646 0.01 
454 676 0.01 
454 924 0.01 
454 936 0.01 
454 939 0.01 
314 137 0.01 
314 213 0.01 
314 668 0.01 
314 882 1.01 
314 960 2.01 
314 982 0.01 
314 987 0.01 
228 746 1.01 
228 860 1.01 
228 947 1.01 
228 959 0.01 
228 966 0.01 
228 984 0.01 
228 994 2.01 
601 90 0.01 
601 208 0.01 
601 872 0.01 
601 990 3.01 
601 993 0.01 
601 996 0.01 
601 998 0.01 
230 337 0.01 
230 527 0.01 
230 668 0.01 
230 933 0.01 
230 960 0.01 
230 962 1.01 
230 982 0.01 
337 376 0.01 
337 388 0.01 
337 414 0.01 
337 709 0.01 
337 960 0.01 
337 982 0.01 
337 987 1.01 
231 10 0.01 
231 620 0.01 
231 712 1.01 
231 741 0.01 
231 757 0.01 
231 889 0.01 
231 990 0.01 
620 307 0.01 
620 386 0.01 
620 712 0.01 
620 823 2.01 
620 853 1.01 
620 866 0.01 
620 889 0.01 
712 231 0.01 
712 271 0.01 
712 506 2.01 
712 650 0.01 
712 855 1.01 
712 889 0.01 
741 157 1.01 
741 223 0.01 
741 468 0.01 
741 529 0.01 
741 799 1.01 
741 922 3.01 
889 126 0.01 
889 320 0.01 
889 487 0.01 
889 649 0.01 
889 751 0.01 
889 823 1.01 
469 382 0.01 
469 493 0.01 
469 547 0.01 
469 777 0.01 
469 813 0.01 
469 995 0.01 
469 996 3.01 
345 115 0.01 
345 231 0.01 
345 619 1.01 
345 833 0.01 
345 880 0.01 
345 942 0.01 
345 992 0.01 
234 155 0.01 
234 617 0.01 
234 807 0.01 
234 961 1.01 
234 971 0.01 
234 978 1.01 
234 993 0.01 
807 326 3.01 
807 450 1.01 
807 695 0.01 
807 948 1.01 
807 985 5.01 
807 986 5.01 
235 310 0.01 
235 625 0.01 
235 699 0.01 
235 739 1.01 
235 783 0.01 
235 835 0.01 
235 893 0.01 
310 175 1.01 
310 274 0.01 
310 364 0.01 
310 783 1.01 
310 828 0.01 
310 835 0.01 
310 972 0.01 
625 75 0.01 
625 145 0.01 
625 699 1.01 
625 835 0.01 
625 951 0.01 
625 976 0.01 
625 993 0.01 
236 315 1.01 
236 810 1.01 
236 858 0.01 
236 901 0.01 
236 990 3.01 
236 993 7.01 
236 998 0.01 
315 124 0.01 
315 775 0.01 
315 801 0.01 
315 867 0.01 
315 927 0.01 
315 943 0.01 
315 990 1.01 
810 41 0.01 
810 914 2.01 
810 927 0.01 
810 992 5.01 
810 993 3.01 
810 998 6.01 
858 80 0.01 
858 849 0.01 
858 956 0.01 
858 992 1.01 
858 993 0.01 
858 998 9.01 
237 448 0.01 
237 673 0.01 
237 901 0.01 
237 927 0.01 
237 992 0.01 
237 993 0.01 
237 998 1.01 
448 141 0.01 
448 280 0.01 
448 640 0.01 
448 790 0.01 
448 955 0.01 
448 992 4.01 
448 998 4.01 
321 15 0.01 
321 693 1.01 
321 844 0.01 
321 861 0.01 
321 957 0.01 
321 959 1.01 
321 977 0.01 
366 1 0.01 
366 921 0.01 
366 928 0.01 
366 931 0.01 
366 941 0.01 
366 989 0.01 
366 996 1.01 
270 429 0.01 
270 775 0.01 
270 849 0.01 
270 858 0.01 
270 927 1.01 
270 958 0.01 
270 998 1.01 
241 42 0.01 
241 549 0.01 
241 657 0.01 
241 724 0.01 
241 901 1.01 
241 958 0.01 
241 998 1.01 
242 383 0.01 
242 401 0.01 
242 609 0.01 
242 678 0.01 
242 888 0.01 
242 900 0.01 
242 939 0.01 
383 242 0.01 
383 765 0.01 
383 812 0.01 
383 939 0.01 
383 969 0.01 
383 986 0.01 
383 995 0.01 
401 106 0.01 
401 383 0.01 
401 478 0.01 
401 654 1.01 
401 765 1.01 
401 952 0.01 
401 987 0.01 
244 205 0.01 
244 234 0.01 
244 612 0.01 
244 840 0.01 
244 961 0.01 
244 971 1.01 
244 978 0.01 
612 182 0.01 
612 244 1.01 
612 349 0.01 
612 373 1.01 
612 817 1.01 
612 888 1.01 
612 978 2.01 
658 71 0.01 
658 301 0.01 
658 424 0.01 
658 540 0.01 
658 787 0.01 
658 845 0.01 
658 992 0.01 
312 552 0.01 
312 771 0.01 
312 796 1.01 
312 831 2.01 
312 935 2.01 
312 997 6.01 
312 999 3.01 
581 170 2.01 
581 269 2.01 
581 420 0.01 
581 497 2.01 
581 906 1.01 
581 973 6.01 
581 979 4.01 
247 36 0.01 
247 386 0.01 
247 809 0.01 
247 936 0.01 
247 954 0.01 
247 970 2.01 
247 976 0.01 
386 198 0.01 
386 428 0.01 
386 534 0.01 
386 798 1.01 
386 834 0.01 
386 965 1.01 
386 970 5.01 
248 849 0.01 
248 872 0.01 
248 897 1.01 
248 990 1.01 
248 993 5.01 
248 998 2.01 
248 999 0.01 
849 374 0.01 
849 548 0.01 
849 589 0.01 
849 934 0.01 
849 993 3.01 
849 998 4.01 
302 286 0.01 
302 639 0.01 
302 847 0.01 
302 896 1.01 
302 951 2.01 
302 981 1.01 
302 999 0.01 
861 341 0.01 
861 498 2.01 
861 873 1.01 
861 892 6.01 
861 967 11.01 
861 977 7.01 
250 218 0.01 
250 467 0.01 
250 507 1.01 
250 565 0.01 
250 707 0.01 
250 764 0.01 
250 903 0.01 
467 163 0.01 
467 281 1.01 
467 352 0.01 
467 598 0.01 
467 707 1.01 
467 806 1.01 
467 903 0.01 
507 250 0.01 
507 364 0.01 
507 557 0.01 
507 624 0.01 
507 707 0.01 
507 903 0.01 
507 987 0.01 
565 529 0.01 
565 653 0.01 
565 868 0.01 
565 947 0.01 
565 954 0.01 
565 984 1.01 
565 994 1.01 
707 218 0.01 
707 507 0.01 
707 557 0.01 
707 701 0.01 
707 806 1.01 
707 903 0.01 
707 992 0.01 
764 153 0.01 
764 304 0.01 
764 697 0.01 
764 825 1.01 
764 836 0.01 
764 987 0.01 
406 371 0.01 
406 568 0.01 
406 946 0.01 
406 947 0.01 
406 949 0.01 
406 984 9.01 
406 994 3.01 
252 270 0.01 
252 432 0.01 
252 567 0.01 
252 745 0.01 
252 749 1.01 
252 955 1.01 
252 971 0.01 
253 174 0.01 
253 290 0.01 
253 307 0.01 
253 649 0.01 
253 676 0.01 
253 823 0.01 
253 853 1.01 
307 620 0.01 
307 649 0.01 
307 712 0.01 
307 823 1.01 
307 889 0.01 
307 990 0.01 
307 995 1.01 
649 305 2.01 
649 610 0.01 
649 652 3.01 
649 853 0.01 
649 889 0.01 
649 988 0.01 
649 991 0.01 
676 127 0.01 
676 303 0.01 
676 384 0.01 
676 589 0.01 
676 783 0.01 
676 900 0.01 
676 993 0.01 
823 508 0.01 
823 632 0.01 
823 650 0.01 
823 652 0.01 
823 853 1.01 
823 889 0.01 
853 3 0.01 
853 305 1.01 
853 387 0.01 
853 431 0.01 
853 619 0.01 
853 757 6.01 
431 331 0.01 
431 598 0.01 
431 776 0.01 
431 829 0.01 
431 918 0.01 
431 931 0.01 
431 996 2.01 
472 170 0.01 
472 660 0.01 
472 691 0.01 
472 721 0.01 
472 737 0.01 
472 753 0.01 
472 996 1.01 
800 213 0.01 
800 419 0.01 
800 718 0.01 
800 758 0.01 
800 951 1.01 
800 962 2.01 
475 281 0.01 
475 465 0.01 
475 632 0.01 
475 837 1.01 
475 870 0.01 
475 954 3.01 
475 970 1.01 
258 14 2.01 
258 253 0.01 
258 275 0.01 
258 455 0.01 
258 887 0.01 
258 905 2.01 
258 995 3.01 
275 103 0.01 
275 184 0.01 
275 849 0.01 
275 854 0.01 
275 982 2.01 
275 987 3.01 
275 993 0.01 
259 123 0.01 
259 404 2.01 
259 839 0.01 
259 887 0.01 
259 945 0.01 
259 972 0.01 
259 995 1.01 
839 520 0.01 
839 734 0.01 
839 816 1.01 
839 918 4.01 
839 983 9.01 
839 995 6.01 
525 241 0.01 
525 279 0.01 
525 634 0.01 
525 810 0.01 
525 838 1.01 
525 872 0.01 
525 993 2.01 
261 268 0.01 
261 369 0.01 
261 591 1.01 
261 818 0.01 
261 873 0.01 
261 957 0.01 
261 967 1.01 
268 693 0.01 
268 850 1.01 
268 892 0.01 
268 937 0.01 
268 957 2.01 
268 967 2.01 
268 969 6.01 
268 977 1.01 
369 341 1.01 
369 459 1.01 
369 561 3.01 
369 873 2.01 
369 874 0.01 
369 892 2.01 
369 932 1.01 
369 959 4.01 
369 969 0.01 
818 515 3.01 
818 850 1.01 
818 861 3.01 
818 957 0.01 
818 967 5.01 
818 969 4.01 
883 436 0.01 
883 704 4.01 
883 935 0.01 
883 947 3.01 
883 984 10.01 
883 994 11.01 
428 334 0.01 
428 384 0.01 
428 440 0.01 
428 707 0.01 
428 798 0.01 
428 837 1.01 
428 970 3.01 
265 92 2.01 
265 137 0.01 
265 803 0.01 
265 917 0.01 
265 945 0.01 
265 988 0.01 
265 995 5.01 
266 51 0.01 
266 213 0.01 
266 337 0.01 
266 766 0.01 
266 882 1.01 
266 960 2.01 
266 979 0.01 
267 447 0.01 
267 474 0.01 
267 703 0.01 
267 753 0.01 
267 874 0.01 
267 902 0.01 
267 965 0.01 
753 14 0.01 
753 586 0.01 
753 731 0.01 
753 780 0.01 
753 839 2.01 
753 972 2.01 
874 369 0.01 
874 844 0.01 
874 851 3.01 
874 957 2.01 
874 967 12.01 
874 977 9.01 
693 797 1.01 
693 844 1.01 
693 873 1.01 
693 892 0.01 
693 932 0.01 
693 937 1.01 
693 967 2.01 
693 969 2.01 
693 977 1.01 
269 26 0.01 
269 471 0.01 
269 716 0.01 
269 791 0.01 
269 898 1.01 
269 942 3.01 
269 979 3.01 
271 46 0.01 
271 342 0.01 
271 684 0.01 
271 855 0.01 
271 940 0.01 
271 984 1.01 
271 994 0.01 
342 666 1.01 
342 785 1.01 
342 896 0.01 
342 934 0.01 
342 989 1.01 
342 997 2.01 
342 999 0.01 
375 198 0.01 
375 358 0.01 
375 820 1.01 
375 965 0.01 
375 990 0.01 
375 992 1.01 
375 998 1.01 
422 330 0.01 
422 493 0.01 
422 859 0.01 
422 944 0.01 
422 962 0.01 
422 968 0.01 
422 984 0.01 
274 380 0.01 
274 739 1.01 
274 763 0.01 
274 828 0.01 
274 835 0.01 
274 909 0.01 
274 975 0.01 
763 175 1.01 
763 385 0.01 
763 909 0.01 
763 972 0.01 
763 976 0.01 
763 978 1.01 
708 295 0.01 
708 541 0.01 
708 562 1.01 
708 800 1.01 
708 944 0.01 
708 950 0.01 
708 962 1.01 
284 169 0.01 
284 247 0.01 
284 657 0.01 
284 804 0.01 
284 863 1.01 
284 879 0.01 
284 896 0.01 
285 206 0.01 
285 239 0.01 
285 738 0.01 
285 886 1.01 
285 925 0.01 
285 928 1.01 
285 993 6.01 
286 60 1.01 
286 442 0.01 
286 613 0.01 
286 831 1.01 
286 964 1.01 
286 989 3.01 
286 999 2.01 
613 370 0.01 
613 489 0.01 
613 666 0.01 
613 881 1.01 
613 989 0.01 
613 997 1.01 
613 999 2.01 
831 785 1.01 
831 896 1.01 
831 964 5.01 
831 981 1.01 
831 997 4.01 
831 999 4.01 
299 25 0.01 
299 98 0.01 
299 363 0.01 
299 808 0.01 
299 809 0.01 
299 950 1.01 
299 980 0.01 
288 638 2.01 
288 807 1.01 
288 946 4.01 
288 948 4.01 
288 956 2.01 
288 985 5.01 
288 991 4.01 
289 405 0.01 
289 866 0.01 
289 904 4.01 
289 920 0.01 
289 926 0.01 
289 930 1.01 
289 999 0.01 
393 200 0.01 
393 407 0.01 
393 421 0.01 
393 564 0.01 
393 627 0.01 
393 924 0.01 
393 989 0.01 
341 818 0.01 
341 851 1.01 
341 874 0.01 
341 932 3.01 
341 937 1.01 
341 967 4.01 
341 969 4.01 
341 977 4.01 
561 818 0.01 
561 844 0.01 
561 850 1.01 
561 932 0.01 
561 957 1.01 
561 959 1.01 
561 977 2.01 
820 33 0.01 
820 80 0.01 
820 429 1.01 
820 990 2.01 
820 992 2.01 
820 993 2.01 
437 132 0.01 
437 415 0.01 
437 705 0.01 
437 714 0.01 
437 876 0.01 
437 909 0.01 
437 969 0.01 
295 127 0.01 
295 466 0.01 
295 568 0.01 
295 938 0.01 
295 940 0.01 
295 966 0.01 
295 994 2.01 
466 544 0.01 
466 852 0.01 
466 945 4.01 
466 972 1.01 
466 983 2.01 
466 988 3.01 
466 995 2.01 
568 76 0.01 
568 357 0.01 
568 501 0.01 
568 722 0.01 
568 935 0.01 
568 947 2.01 
568 994 0.01 
296 155 0.01 
296 160 1.01 
296 427 0.01 
296 801 0.01 
296 950 0.01 
296 977 0.01 
296 980 0.01 
297 773 0.01 
297 803 0.01 
297 969 0.01 
297 983 1.01 
297 988 0.01 
297 991 0.01 
297 995 0.01 
363 220 0.01 
363 287 0.01 
363 613 0.01 
363 801 0.01 
363 810 0.01 
363 980 0.01 
363 981 0.01 
301 143 0.01 
301 185 0.01 
301 499 0.01 
301 752 0.01 
301 762 0.01 
301 832 0.01 
301 902 1.01 
639 313 0.01 
639 483 0.01 
639 596 0.01 
639 911 0.01 
639 981 0.01 
639 989 7.01 
639 999 5.01 
465 104 0.01 
465 188 1.01 
465 255 0.01 
465 954 0.01 
465 965 1.01 
465 970 0.01 
465 976 3.01 
304 317 0.01 
304 412 0.01 
304 662 0.01 
304 847 1.01 
304 896 0.01 
304 997 0.01 
304 999 0.01 
305 387 0.01 
305 400 0.01 
305 506 0.01 
305 823 0.01 
305 853 0.01 
305 889 2.01 
305 943 0.01 
387 253 0.01 
387 620 1.01 
387 649 0.01 
387 712 1.01 
387 757 0.01 
387 823 0.01 
387 897 0.01 
400 82 0.01 
400 117 0.01 
400 279 0.01 
400 709 0.01 
400 846 0.01 
400 915 0.01 
400 963 1.01 
506 174 0.01 
506 231 0.01 
506 305 0.01 
506 313 0.01 
506 650 0.01 
506 757 1.01 
506 853 0.01 
306 110 0.01 
306 147 0.01 
306 308 0.01 
306 608 0.01 
306 721 0.01 
306 953 0.01 
306 974 0.01 
309 680 0.01 
309 908 1.01 
309 946 1.01 
309 948 1.01 
309 985 2.01 
309 986 1.01 
309 991 0.01 
364 159 0.01 
364 467 0.01 
364 635 0.01 
364 643 0.01 
364 660 0.01 
364 806 1.01 
364 988 0.01 
552 864 0.01 
552 913 2.01 
552 935 2.01 
552 964 1.01 
552 989 1.01 
552 997 3.01 
552 999 4.01 
318 356 1.01 
318 378 0.01 
318 564 0.01 
318 594 1.01 
318 742 0.01 
318 788 0.01 
318 994 6.01 
356 560 0.01 
356 664 0.01 
356 789 0.01 
356 871 1.01 
356 883 0.01 
356 915 0.01 
356 994 0.01 
378 204 0.01 
378 555 0.01 
378 802 0.01 
378 812 1.01 
378 939 0.01 
378 994 0.01 
378 999 0.01 
564 165 0.01 
564 774 2.01 
564 868 0.01 
564 938 0.01 
564 940 1.01 
564 966 0.01 
564 994 0.01 
319 731 0.01 
319 753 1.01 
319 827 0.01 
319 878 0.01 
319 917 0.01 
319 983 0.01 
319 995 2.01 
605 241 0.01 
605 715 0.01 
605 738 0.01 
605 849 0.01 
605 881 0.01 
605 986 0.01 
605 993 5.01 
844 321 0.01 
844 453 1.01 
844 602 2.01 
844 851 2.01 
844 874 0.01 
844 967 3.01 
844 969 1.01 
844 977 3.01 
322 597 0.01 
322 677 0.01 
322 946 4.01 
322 948 5.01 
322 985 6.01 
322 986 6.01 
322 991 2.01 
597 575 0.01 
597 781 3.01 
597 807 0.01 
597 908 2.01 
597 946 0.01 
597 985 0.01 
597 991 3.01 
326 322 1.01 
326 597 0.01 
326 730 0.01 
326 908 1.01 
326 985 2.01 
326 986 0.01 
326 991 3.01 
489 115 0.01 
489 133 0.01 
489 282 0.01 
489 317 0.01 
489 926 0.01 
489 997 1.01 
489 999 1.01 
411 126 0.01 
411 161 0.01 
411 327 0.01 
411 393 0.01 
411 898 0.01 
411 968 0.01 
411 970 0.01 
331 165 0.01 
331 502 0.01 
331 536 0.01 
331 721 0.01 
331 916 0.01 
331 968 1.01 
331 975 0.01 
335 134 0.01 
335 412 1.01 
335 767 0.01 
335 847 1.01 
335 911 1.01 
335 981 4.01 
335 989 4.01 
679 645 0.01 
679 926 2.01 
679 935 0.01 
679 951 1.01 
679 964 1.01 
679 981 7.01 
679 989 1.01 
414 54 0.01 
414 527 0.01 
414 668 0.01 
414 933 0.01 
414 957 0.01 
414 982 2.01 
414 987 0.01 
338 113 0.01 
338 171 1.01 
338 223 0.01 
338 587 0.01 
338 830 0.01 
338 910 0.01 
338 995 1.01 
385 204 0.01 
385 235 0.01 
385 374 0.01 
385 586 0.01 
385 756 0.01 
385 763 0.01 
385 828 0.01 
717 94 0.01 
717 636 1.01 
717 725 1.01 
717 824 2.01 
717 862 1.01 
717 923 0.01 
343 349 0.01 
343 399 0.01 
343 482 0.01 
343 728 0.01 
343 735 0.01 
343 840 0.01 
343 961 0.01 
349 67 1.01 
349 482 1.01 
349 736 0.01 
349 749 0.01 
349 955 1.01 
349 971 0.01 
349 978 0.01 
482 182 0.01 
482 244 0.01 
482 399 0.01 
482 674 0.01 
482 735 0.01 
482 821 0.01 
482 978 0.01 
498 602 0.01 
498 693 1.01 
498 932 2.01 
498 957 4.01 
498 959 4.01 
498 969 5.01 
498 977 4.01 
514 102 0.01 
514 142 0.01 
514 940 0.01 
514 947 0.01 
514 966 1.01 
514 970 0.01 
514 994 2.01 
575 173 0.01 
575 202 0.01 
575 389 0.01 
575 713 0.01 
575 723 0.01 
575 985 7.01 
575 991 3.01 
351 178 0.01 
351 870 1.01 
351 881 2.01 
351 926 3.01 
351 951 0.01 
351 997 4.01 
351 999 12.01 
352 261 0.01 
352 844 1.01 
352 861 3.01 
352 932 3.01 
352 937 4.01 
352 967 3.01 
352 969 3.01 
352 977 5.01 
353 72 0.01 
353 318 0.01 
353 406 0.01 
353 560 0.01 
353 719 0.01 
353 742 0.01 
353 994 1.01 
355 73 0.01 
355 586 0.01 
355 848 0.01 
355 878 0.01 
355 917 2.01 
355 988 0.01 
355 995 3.01 
871 564 1.01 
871 664 0.01 
871 763 0.01 
871 786 1.01 
871 966 7.01 
871 994 7.01 
357 81 2.01 
357 353 0.01 
357 883 1.01 
357 940 1.01 
357 958 1.01 
357 984 5.01 
357 994 0.01 
373 22 0.01 
373 217 0.01 
373 602 0.01 
373 749 1.01 
373 899 0.01 
373 961 0.01 
373 971 0.01 
626 105 0.01 
626 468 0.01 
626 618 0.01 
626 741 0.01 
626 910 0.01 
626 949 1.01 
626 961 0.01 
643 471 0.01 
643 512 0.01 
643 903 0.01 
643 942 0.01 
643 963 0.01 
643 966 0.01 
643 997 0.01 
774 572 0.01 
774 777 1.01 
774 789 0.01 
774 871 2.01 
774 940 1.01 
774 984 0.01 
367 61 0.01 
367 546 2.01 
367 699 0.01 
367 717 0.01 
367 720 0.01 
367 862 0.01 
367 997 0.01 
546 16 0.01 
546 367 0.01 
546 583 0.01 
546 665 0.01 
546 720 1.01 
546 751 1.01 
546 824 0.01 
368 351 0.01 
368 831 0.01 
368 881 0.01 
368 885 0.01 
368 926 0.01 
368 981 5.01 
368 997 3.01 
602 261 0.01 
602 693 0.01 
602 797 1.01 
602 959 2.01 
602 967 8.01 
602 969 5.01 
602 977 9.01 
374 208 0.01 
374 624 0.01 
374 820 0.01 
374 943 0.01 
374 958 0.01 
374 992 4.01 
374 998 2.01 
463 437 0.01 
463 604 0.01 
463 641 0.01 
463 813 0.01 
463 877 0.01 
463 895 0.01 
463 999 0.01 
573 558 0.01 
573 886 0.01 
573 912 0.01 
573 933 1.01 
573 960 1.01 
573 982 0.01 
573 987 0.01 
681 116 0.01 
681 872 1.01 
681 875 2.01 
681 921 3.01 
681 931 1.01 
681 975 0.01 
681 996 2.01 
555 37 1.01 
555 413 0.01 
555 454 0.01 
555 654 0.01 
555 872 0.01 
555 939 0.01 
555 996 0.01 
611 88 0.01 
611 684 0.01 
611 742 0.01 
611 746 0.01 
611 883 0.01 
611 938 2.01 
611 994 0.01 
381 209 0.01 
381 302 0.01 
381 368 0.01 
381 679 0.01 
381 847 0.01 
381 997 4.01 
381 999 4.01 
384 47 0.01 
384 465 0.01 
384 534 0.01 
384 925 0.01 
384 954 0.01 
384 965 2.01 
384 970 1.01 
781 588 0.01 
781 730 2.01 
781 948 3.01 
781 956 3.01 
781 985 3.01 
781 991 6.01 
390 258 1.01 
390 297 0.01 
390 607 0.01 
390 878 0.01 
390 972 0.01 
390 988 3.01 
390 995 1.01 
394 319 0.01 
394 753 1.01 
394 918 2.01 
394 945 0.01 
394 983 1.01 
394 988 6.01 
394 995 3.01 
647 32 0.01 
647 242 0.01 
647 691 0.01 
647 877 0.01 
647 915 0.01 
647 917 0.01 
647 986 0.01 
653 174 0.01 
653 572 2.01 
653 768 0.01 
653 778 1.01 
653 789 1.01 
653 994 0.01 
653 998 0.01 
396 106 0.01 
396 111 0.01 
396 283 0.01 
396 773 3.01 
396 917 2.01 
396 988 7.01 
396 995 4.01 
654 210 0.01 
654 329 0.01 
654 555 0.01 
654 676 0.01 
654 730 0.01 
654 939 0.01 
654 961 0.01 
413 117 0.01 
413 435 0.01 
413 654 0.01 
413 678 1.01 
413 893 0.01 
413 939 1.01 
413 989 0.01 
538 421 0.01 
538 458 0.01 
538 475 0.01 
538 499 1.01 
538 802 0.01 
538 809 1.01 
538 950 0.01 
461 540 0.01 
461 571 0.01 
461 626 0.01 
461 789 0.01 
461 901 0.01 
461 963 2.01 
461 996 1.01 
424 552 0.01 
424 610 0.01 
424 754 0.01 
424 760 0.01 
424 792 0.01 
424 798 0.01 
424 814 0.01 
433 19 0.01 
433 105 0.01 
433 688 0.01 
433 921 1.01 
433 927 0.01 
433 944 0.01 
433 996 0.01 
436 57 0.01 
436 65 0.01 
436 365 0.01 
436 438 0.01 
436 659 0.01 
436 871 1.01 
436 994 3.01 
450 27 0.01 
450 288 2.01 
450 713 0.01 
450 946 1.01 
450 985 5.01 
450 986 2.01 
450 991 12.01 
529 436 0.01 
529 653 1.01 
529 684 0.01 
529 774 0.01 
529 778 1.01 
529 805 0.01 
529 994 1.01 
479 85 0.01 
479 366 0.01 
479 670 0.01 
479 923 0.01 
479 931 0.01 
479 990 0.01 
479 996 0.01 
540 158 0.01 
540 222 0.01 
540 257 0.01 
540 488 0.01 
540 942 0.01 
540 949 0.01 
540 991 0.01 
462 17 1.01 
462 261 0.01 
462 319 0.01 
462 654 1.01 
462 878 0.01 
462 983 3.01 
462 995 0.01 
500 404 0.01 
500 462 0.01 
500 753 0.01 
500 972 0.01 
500 983 4.01 
500 988 4.01 
500 995 2.01 
782 417 1.01 
782 826 1.01 
782 830 2.01 
782 910 0.01 
782 949 1.01 
782 988 0.01 
497 26 0.01 
497 56 0.01 
497 446 0.01 
497 891 3.01 
497 898 0.01 
497 942 0.01 
497 979 1.01 
737 561 0.01 
737 600 0.01 
737 644 0.01 
737 660 0.01 
737 953 0.01 
737 996 5.01 
496 255 0.01 
496 834 1.01 
496 863 2.01 
496 879 0.01 
496 965 0.01 
496 970 2.01 
496 976 2.01 
650 582 0.01 
650 652 0.01 
650 778 0.01 
650 823 0.01 
650 853 2.01 
650 889 1.01 
650 938 0.01 
510 418 0.01 
510 603 1.01 
510 711 0.01 
510 804 0.01 
510 954 2.01 
510 970 4.01 
510 976 3.01 
600 195 0.01 
600 216 0.01 
600 670 0.01 
600 703 0.01 
600 921 0.01 
600 923 0.01 
600 996 1.01 
520 394 0.01 
520 753 1.01 
520 918 0.01 
520 972 2.01 
520 983 1.01 
520 988 0.01 
520 995 0.01 
523 436 0.01 
523 477 0.01 
523 754 0.01 
523 792 0.01 
523 857 0.01 
523 937 0.01 
523 997 0.01 
531 69 0.01 
531 488 0.01 
531 525 1.01 
531 715 0.01 
531 790 1.01 
531 914 0.01 
531 990 2.01 
532 21 0.01 
532 45 1.01 
532 450 1.01 
532 491 0.01 
532 781 1.01 
532 986 7.01 
532 991 5.01 
729 9 1.01 
729 285 0.01 
729 542 0.01 
729 566 1.01 
729 843 0.01 
729 974 0.01 
554 50 0.01 
554 297 0.01 
554 484 0.01 
554 694 0.01 
554 981 2.01 
554 989 7.01 
554 999 2.01 
566 24 0.01 
566 48 0.01 
566 293 0.01 
566 541 0.01 
566 630 0.01 
566 727 0.01 
566 843 1.01 
636 62 0.01 
636 583 1.01 
636 661 0.01 
636 697 0.01 
636 824 0.01 
636 862 1.01 
636 989 0.01 
661 514 0.01 
661 725 0.01 
661 818 0.01 
661 824 0.01 
661 862 2.01 
661 933 0.01 
661 994 0.01 
