1 178 0.01 
1 233 2.01 
1 279 2.01 
1 410 2.01 
1 466 4.01 
1 499 62.01 
1 500 34.01 
178 88 0.01 
178 227 0.01 
178 358 2.01 
178 371 1.01 
178 420 1.01 
178 486 4.01 
178 500 40.01 
233 179 0.01 
233 232 0.01 
233 353 1.01 
233 465 4.01 
233 476 6.01 
233 493 15.01 
233 500 74.00999999999999 
279 173 1.01 
279 227 0.01 
279 363 0.01 
279 445 2.01 
279 493 12.01 
279 499 62.01 
279 500 41.01 
410 26 1.01 
410 269 0.01 
410 469 12.01 
410 476 11.01 
410 499 52.01 
410 500 61.01 
466 22 0.01 
466 402 33.01 
466 445 12.01 
466 492 35.01 
466 499 76.00999999999999 
466 500 120.00999999999999 
499 13 28.009999999999998 
499 140 24.009999999999998 
499 211 10.01 
499 371 20.009999999999998 
499 464 66.00999999999999 
499 500 649.01 
500 351 70.00999999999999 
500 469 92.00999999999999 
500 477 149.01 
500 479 110.00999999999999 
500 485 155.01 
500 499 457.01 
2 141 1.01 
2 153 0.01 
2 169 0.01 
2 321 0.01 
2 370 0.01 
2 423 0.01 
2 489 1.01 
141 21 0.01 
141 267 0.01 
141 287 0.01 
141 441 1.01 
141 479 6.01 
141 494 15.01 
141 500 13.01 
153 14 0.01 
153 356 0.01 
153 429 0.01 
153 430 0.01 
153 455 1.01 
153 496 1.01 
153 497 1.01 
169 174 0.01 
169 256 0.01 
169 286 0.01 
169 399 0.01 
169 423 0.01 
169 433 0.01 
169 500 6.01 
321 427 3.01 
321 445 11.01 
321 478 3.01 
321 486 14.01 
321 492 47.01 
321 499 59.01 
321 500 109.00999999999999 
370 224 1.01 
370 268 0.01 
370 296 1.01 
370 304 0.01 
370 418 0.01 
370 483 1.01 
423 74 0.01 
423 259 0.01 
423 344 0.01 
423 370 0.01 
423 451 1.01 
423 499 12.01 
489 146 6.01 
489 155 3.01 
489 215 3.01 
489 313 5.01 
489 457 9.01 
489 462 4.01 
3 73 1.01 
3 125 1.01 
3 138 1.01 
3 341 0.01 
3 413 1.01 
3 494 3.01 
3 499 11.01 
73 23 0.01 
73 60 0.01 
73 148 0.01 
73 392 1.01 
73 418 2.01 
73 473 4.01 
73 489 5.01 
125 127 0.01 
125 171 0.01 
125 237 0.01 
125 364 0.01 
125 452 0.01 
125 494 3.01 
125 500 11.01 
138 319 0.01 
138 326 0.01 
138 401 0.01 
138 479 15.01 
138 489 13.01 
138 494 5.01 
138 497 3.01 
341 21 1.01 
341 113 0.01 
341 265 0.01 
341 380 0.01 
341 418 0.01 
341 435 0.01 
341 491 0.01 
413 160 1.01 
413 224 1.01 
413 268 2.01 
413 428 9.01 
413 471 1.01 
413 498 16.009999999999998 
494 55 1.01 
494 313 5.01 
494 360 9.01 
494 467 8.01 
494 479 99.00999999999999 
494 489 33.01 
4 244 0.01 
4 320 4.01 
4 374 0.01 
4 381 0.01 
4 414 0.01 
4 489 3.01 
4 497 3.01 
244 320 2.01 
244 357 1.01 
244 467 2.01 
244 471 0.01 
244 474 3.01 
244 489 0.01 
244 494 0.01 
320 356 1.01 
320 364 0.01 
320 441 2.01 
320 474 5.01 
320 479 17.009999999999998 
320 483 5.01 
320 500 65.00999999999999 
374 115 0.01 
374 256 0.01 
374 314 1.01 
374 360 0.01 
374 401 3.01 
374 499 18.009999999999998 
381 463 1.01 
381 471 0.01 
381 495 8.01 
381 496 6.01 
381 497 6.01 
381 498 7.01 
414 76 2.01 
414 94 0.01 
414 149 0.01 
414 266 0.01 
414 368 0.01 
414 393 7.01 
497 310 22.009999999999998 
497 442 23.009999999999998 
497 468 73.00999999999999 
497 473 97.00999999999999 
497 491 28.009999999999998 
497 498 206.01 
5 67 2.01 
5 297 2.01 
5 397 4.01 
5 410 1.01 
5 475 2.01 
5 493 10.01 
5 500 60.01 
67 348 1.01 
67 464 18.009999999999998 
67 467 8.01 
67 487 14.01 
67 492 20.009999999999998 
67 499 41.01 
67 500 151.01 
297 7 0.01 
297 28 1.01 
297 392 0.01 
297 485 4.01 
297 486 2.01 
297 499 25.009999999999998 
297 500 71.00999999999999 
397 469 12.01 
397 476 6.01 
397 493 18.009999999999998 
397 494 4.01 
397 499 97.00999999999999 
397 500 79.00999999999999 
475 32 1.01 
475 60 0.01 
475 324 3.01 
475 430 2.01 
475 438 4.01 
475 455 2.01 
493 83 7.01 
493 157 21.009999999999998 
493 308 21.009999999999998 
493 343 11.01 
493 487 70.00999999999999 
493 500 452.01 
6 124 0.01 
6 142 0.01 
6 256 0.01 
6 346 0.01 
6 410 0.01 
6 455 0.01 
6 499 2.01 
124 160 4.01 
124 301 0.01 
124 336 0.01 
124 372 0.01 
124 430 2.01 
124 451 1.01 
124 483 1.01 
142 6 0.01 
142 18 0.01 
142 119 0.01 
142 431 0.01 
142 464 2.01 
142 485 0.01 
142 489 0.01 
256 152 0.01 
256 206 0.01 
256 263 0.01 
256 327 0.01 
256 336 1.01 
256 362 1.01 
256 492 2.01 
346 119 0.01 
346 330 0.01 
346 417 0.01 
346 481 0.01 
346 489 0.01 
346 496 0.01 
346 500 2.01 
455 9 1.01 
455 202 4.01 
455 343 2.01 
455 478 11.01 
455 490 9.01 
455 495 13.01 
7 16 0.01 
7 398 1.01 
7 456 1.01 
7 458 0.01 
7 487 1.01 
7 499 5.01 
7 500 9.01 
16 133 0.01 
16 183 0.01 
16 467 1.01 
16 471 2.01 
16 481 1.01 
16 499 11.01 
16 500 8.01 
398 233 2.01 
398 321 6.01 
398 456 11.01 
398 465 9.01 
398 499 64.00999999999999 
398 500 209.01 
456 29 4.01 
456 427 14.01 
456 465 12.01 
456 492 37.01 
456 493 61.01 
456 500 203.01 
458 276 1.01 
458 385 2.01 
458 422 3.01 
458 481 17.009999999999998 
458 492 22.009999999999998 
458 500 126.00999999999999 
487 291 7.01 
487 316 2.01 
487 467 43.01 
487 473 26.009999999999998 
487 478 81.00999999999999 
487 500 390.01 
8 108 0.01 
8 159 0.01 
8 416 1.01 
8 457 0.01 
8 459 1.01 
8 463 0.01 
8 500 5.01 
108 60 0.01 
108 257 1.01 
108 412 0.01 
108 446 2.01 
108 472 2.01 
108 488 3.01 
108 500 6.01 
159 156 0.01 
159 229 0.01 
159 352 2.01 
159 410 3.01 
159 461 11.01 
159 471 1.01 
159 500 48.01 
416 50 0.01 
416 95 2.01 
416 105 0.01 
416 334 4.01 
416 366 6.01 
416 488 15.01 
457 49 2.01 
457 168 1.01 
457 267 0.01 
457 389 3.01 
457 452 5.01 
457 485 22.009999999999998 
459 79 0.01 
459 284 0.01 
459 438 1.01 
459 449 4.01 
459 488 21.009999999999998 
459 499 46.01 
463 27 5.01 
463 225 3.01 
463 428 11.01 
463 475 6.01 
463 490 22.009999999999998 
463 498 46.01 
9 251 1.01 
9 257 0.01 
9 315 0.01 
9 398 0.01 
9 423 0.01 
9 451 0.01 
9 490 3.01 
251 170 1.01 
251 190 0.01 
251 208 1.01 
251 378 0.01 
251 429 4.01 
251 481 8.01 
251 490 3.01 
257 12 0.01 
257 44 0.01 
257 75 0.01 
257 139 0.01 
257 344 0.01 
257 433 0.01 
257 500 6.01 
315 216 0.01 
315 306 3.01 
315 356 0.01 
315 365 1.01 
315 446 3.01 
315 482 12.01 
315 483 9.01 
451 202 0.01 
451 239 2.01 
451 360 2.01 
451 429 7.01 
451 483 4.01 
451 496 7.01 
490 176 8.01 
490 312 5.01 
490 345 3.01 
490 411 10.01 
490 497 70.00999999999999 
490 498 95.00999999999999 
10 134 2.01 
10 169 0.01 
10 312 0.01 
10 318 0.01 
10 353 3.01 
10 433 0.01 
10 455 1.01 
134 242 0.01 
134 263 0.01 
134 287 0.01 
134 296 2.01 
134 388 1.01 
134 402 1.01 
134 500 22.009999999999998 
312 411 2.01 
312 440 8.01 
312 468 10.01 
312 479 11.01 
312 497 28.009999999999998 
312 498 28.009999999999998 
312 500 37.01 
318 242 0.01 
318 279 0.01 
318 294 0.01 
318 338 0.01 
318 342 1.01 
318 367 0.01 
318 444 3.01 
353 175 1.01 
353 233 5.01 
353 480 16.009999999999998 
353 487 31.009999999999998 
353 493 41.01 
353 500 191.01 
433 38 0.01 
433 173 0.01 
433 363 2.01 
433 441 2.01 
433 469 5.01 
433 494 3.01 
11 263 0.01 
11 300 1.01 
11 323 0.01 
11 346 0.01 
11 377 1.01 
11 411 1.01 
11 483 0.01 
263 142 0.01 
263 303 0.01 
263 399 0.01 
263 423 0.01 
263 457 0.01 
263 470 0.01 
263 483 2.01 
300 99 0.01 
300 280 0.01 
300 356 2.01 
300 388 0.01 
300 482 1.01 
300 483 2.01 
300 484 0.01 
323 36 0.01 
323 193 0.01 
323 406 1.01 
323 414 1.01 
323 470 1.01 
323 484 0.01 
323 495 4.01 
377 66 0.01 
377 99 0.01 
377 128 0.01 
377 475 3.01 
377 488 5.01 
377 491 12.01 
411 19 1.01 
411 362 1.01 
411 444 14.01 
411 490 9.01 
411 496 30.009999999999998 
411 498 42.01 
483 10 3.01 
483 238 8.01 
483 251 2.01 
483 280 0.01 
483 373 6.01 
483 458 8.01 
12 81 1.01 
12 135 0.01 
12 151 0.01 
12 197 0.01 
12 238 1.01 
12 266 0.01 
12 474 0.01 
81 125 0.01 
81 337 1.01 
81 393 1.01 
81 414 0.01 
81 494 11.01 
81 495 1.01 
81 498 3.01 
135 232 0.01 
135 273 0.01 
135 345 0.01 
135 390 0.01 
135 449 0.01 
135 466 0.01 
135 497 0.01 
151 130 0.01 
151 263 0.01 
151 369 0.01 
151 423 0.01 
151 437 0.01 
151 484 1.01 
151 485 3.01 
197 33 1.01 
197 326 0.01 
197 329 0.01 
197 369 0.01 
197 376 2.01 
197 425 1.01 
197 462 3.01 
238 73 0.01 
238 391 3.01 
238 418 4.01 
238 420 7.01 
238 454 4.01 
238 499 44.01 
238 500 142.01 
266 47 1.01 
266 56 0.01 
266 87 0.01 
266 234 0.01 
266 409 0.01 
266 474 1.01 
266 489 3.01 
474 53 4.01 
474 197 3.01 
474 261 2.01 
474 391 5.01 
474 453 6.01 
474 485 24.009999999999998 
13 1 4.01 
13 69 6.01 
13 157 11.01 
13 325 9.01 
13 402 21.009999999999998 
13 499 1.01 
13 500 234.01 
69 94 0.01 
69 125 0.01 
69 456 2.01 
69 461 4.01 
69 464 8.01 
69 499 63.01 
69 500 43.01 
157 461 20.009999999999998 
157 464 23.009999999999998 
157 467 12.01 
157 478 23.009999999999998 
157 487 13.01 
157 499 96.00999999999999 
157 500 96.00999999999999 
325 209 1.01 
325 415 3.01 
325 426 2.01 
325 467 10.01 
325 486 14.01 
325 493 22.009999999999998 
325 500 169.01 
402 5 5.01 
402 107 7.01 
402 308 20.009999999999998 
402 456 17.009999999999998 
402 461 31.009999999999998 
402 500 321.01 
14 25 0.01 
14 83 0.01 
14 315 1.01 
14 399 0.01 
14 475 2.01 
14 483 0.01 
14 487 1.01 
25 136 1.01 
25 230 0.01 
25 284 0.01 
25 368 0.01 
25 381 0.01 
25 431 1.01 
25 447 2.01 
83 304 4.01 
83 420 4.01 
83 456 11.01 
83 477 15.01 
83 481 24.009999999999998 
83 499 45.01 
83 500 70.00999999999999 
399 252 0.01 
399 300 1.01 
399 409 1.01 
399 421 0.01 
399 480 5.01 
399 482 4.01 
15 170 3.01 
15 283 0.01 
15 303 0.01 
15 385 0.01 
15 473 1.01 
15 480 0.01 
15 498 4.01 
170 32 1.01 
170 369 0.01 
170 378 2.01 
170 386 2.01 
170 470 0.01 
170 498 3.01 
170 499 12.01 
283 55 0.01 
283 115 0.01 
283 337 1.01 
283 448 1.01 
283 470 0.01 
283 484 3.01 
283 491 3.01 
303 50 0.01 
303 179 0.01 
303 207 0.01 
303 271 0.01 
303 324 0.01 
303 371 0.01 
303 498 1.01 
385 34 0.01 
385 65 1.01 
385 74 0.01 
385 295 0.01 
385 436 1.01 
385 450 14.01 
473 309 3.01 
473 332 21.009999999999998 
473 404 3.01 
473 440 26.009999999999998 
473 496 74.00999999999999 
473 498 145.01 
480 202 3.01 
480 337 4.01 
480 379 2.01 
480 432 2.01 
480 478 37.01 
480 485 98.00999999999999 
498 82 14.01 
498 121 5.01 
498 172 7.01 
498 408 87.00999999999999 
498 482 80.00999999999999 
498 495 131.01 
133 195 0.01 
133 236 1.01 
133 409 1.01 
133 427 3.01 
133 493 8.01 
133 499 22.009999999999998 
133 500 52.01 
183 304 0.01 
183 329 1.01 
183 465 0.01 
183 492 0.01 
183 493 2.01 
183 499 6.01 
183 500 4.01 
467 28 4.01 
467 114 6.01 
467 232 2.01 
467 486 50.01 
467 499 152.01 
467 500 258.01 
471 199 0.01 
471 270 1.01 
471 463 8.01 
471 482 24.009999999999998 
471 490 10.01 
471 498 46.01 
481 236 4.01 
481 398 18.009999999999998 
481 460 25.009999999999998 
481 477 90.00999999999999 
481 493 105.00999999999999 
481 500 293.01 
17 261 1.01 
17 292 0.01 
17 307 2.01 
17 436 2.01 
17 450 9.01 
17 484 2.01 
17 491 5.01 
261 414 1.01 
261 454 1.01 
261 462 5.01 
261 479 4.01 
261 485 5.01 
261 489 7.01 
261 497 8.01 
292 203 0.01 
292 240 0.01 
292 316 0.01 
292 450 4.01 
292 457 0.01 
292 498 1.01 
292 500 8.01 
307 162 0.01 
307 349 1.01 
307 450 3.01 
307 480 3.01 
307 482 3.01 
307 485 7.01 
307 498 10.01 
436 163 2.01 
436 268 4.01 
436 299 2.01 
436 405 3.01 
436 490 40.01 
436 498 70.00999999999999 
450 54 0.01 
450 150 1.01 
450 212 1.01 
450 403 9.01 
450 468 10.01 
450 470 9.01 
484 80 2.01 
484 293 0.01 
484 351 10.01 
484 437 3.01 
484 479 33.01 
484 485 39.01 
491 147 2.01 
491 250 6.01 
491 429 6.01 
491 442 22.009999999999998 
491 486 17.009999999999998 
491 488 58.01 
18 6 0.01 
18 137 0.01 
18 145 0.01 
18 265 0.01 
18 348 0.01 
18 388 0.01 
18 451 0.01 
137 185 0.01 
137 235 1.01 
137 323 0.01 
137 346 0.01 
137 480 1.01 
137 485 0.01 
137 499 1.01 
145 54 2.01 
145 322 0.01 
145 341 1.01 
145 378 0.01 
145 424 0.01 
145 458 1.01 
145 486 2.01 
265 148 0.01 
265 272 0.01 
265 295 1.01 
265 299 0.01 
265 462 1.01 
265 484 0.01 
265 494 4.01 
348 274 1.01 
348 438 2.01 
348 453 1.01 
348 459 1.01 
348 475 4.01 
348 488 11.01 
348 493 9.01 
388 301 0.01 
388 431 2.01 
388 443 0.01 
388 451 0.01 
388 469 2.01 
388 500 16.009999999999998 
19 352 2.01 
19 400 2.01 
19 458 0.01 
19 477 11.01 
19 492 8.01 
19 493 10.01 
19 500 42.01 
352 390 4.01 
352 420 13.01 
352 427 9.01 
352 464 23.009999999999998 
352 477 35.01 
352 486 28.009999999999998 
352 500 126.00999999999999 
400 392 0.01 
400 480 4.01 
400 486 1.01 
400 489 12.01 
400 490 6.01 
400 494 6.01 
477 67 13.01 
477 366 16.009999999999998 
477 402 39.01 
477 464 122.00999999999999 
477 478 68.00999999999999 
477 500 188.01 
492 331 2.01 
492 352 18.009999999999998 
492 461 43.01 
492 478 107.00999999999999 
492 493 94.00999999999999 
492 500 503.01 
20 75 0.01 
20 277 0.01 
20 285 1.01 
20 385 2.01 
20 404 0.01 
20 416 0.01 
20 450 1.01 
75 164 0.01 
75 175 0.01 
75 399 1.01 
75 437 0.01 
75 448 2.01 
75 464 3.01 
75 480 0.01 
277 137 0.01 
277 199 0.01 
277 432 1.01 
277 434 1.01 
277 448 0.01 
277 457 2.01 
277 485 2.01 
285 20 0.01 
285 49 0.01 
285 294 0.01 
285 329 0.01 
285 420 1.01 
285 439 1.01 
285 484 1.01 
404 47 1.01 
404 354 9.01 
404 431 1.01 
404 444 2.01 
404 471 5.01 
404 495 20.009999999999998 
21 12 0.01 
21 102 0.01 
21 180 0.01 
21 319 0.01 
21 390 1.01 
21 487 0.01 
21 489 4.01 
102 254 0.01 
102 309 1.01 
102 320 1.01 
102 325 0.01 
102 349 0.01 
102 435 0.01 
102 479 1.01 
180 172 5.01 
180 253 0.01 
180 337 0.01 
180 438 2.01 
180 455 1.01 
180 463 1.01 
180 483 4.01 
319 34 0.01 
319 158 0.01 
319 253 1.01 
319 435 0.01 
319 452 1.01 
319 456 0.01 
319 474 1.01 
390 85 0.01 
390 408 10.01 
390 482 28.009999999999998 
390 495 18.009999999999998 
390 497 45.01 
390 498 66.00999999999999 
22 41 1.01 
22 402 13.01 
22 407 1.01 
22 425 1.01 
22 465 1.01 
22 499 8.01 
22 500 27.009999999999998 
41 26 0.01 
41 278 1.01 
41 358 0.01 
41 466 7.01 
41 478 7.01 
41 499 11.01 
41 500 30.009999999999998 
407 88 2.01 
407 272 0.01 
407 353 2.01 
407 477 17.009999999999998 
407 499 42.01 
407 500 62.01 
425 129 3.01 
425 154 1.01 
425 234 0.01 
425 395 1.01 
425 453 2.01 
425 459 1.01 
465 350 5.01 
465 353 21.009999999999998 
465 358 11.01 
465 487 25.009999999999998 
465 492 18.009999999999998 
465 500 145.01 
23 70 0.01 
23 192 0.01 
23 464 2.01 
23 466 0.01 
23 481 0.01 
23 499 6.01 
23 500 21.009999999999998 
70 183 0.01 
70 229 0.01 
70 458 0.01 
70 476 3.01 
70 486 6.01 
70 493 1.01 
70 500 11.01 
192 291 1.01 
192 351 5.01 
192 359 0.01 
192 384 0.01 
192 478 5.01 
192 499 13.01 
192 500 34.01 
464 101 1.01 
464 255 1.01 
464 481 62.01 
464 487 48.01 
464 499 154.01 
464 500 544.01 
24 92 0.01 
24 129 0.01 
24 404 1.01 
24 419 0.01 
24 448 2.01 
24 465 0.01 
24 470 1.01 
92 7 0.01 
92 222 1.01 
92 226 1.01 
92 303 0.01 
92 352 0.01 
92 480 1.01 
92 499 4.01 
129 78 1.01 
129 108 0.01 
129 313 1.01 
129 405 0.01 
129 442 5.01 
129 459 0.01 
129 462 1.01 
419 224 0.01 
419 359 2.01 
419 449 4.01 
419 474 2.01 
419 496 11.01 
419 497 7.01 
448 73 1.01 
448 184 1.01 
448 258 2.01 
448 327 0.01 
448 364 5.01 
448 497 22.009999999999998 
470 17 0.01 
470 27 3.01 
470 122 0.01 
470 225 0.01 
470 484 5.01 
470 499 45.01 
136 100 0.01 
136 189 0.01 
136 256 0.01 
136 404 0.01 
136 411 3.01 
136 495 2.01 
136 497 1.01 
230 136 0.01 
230 138 0.01 
230 277 0.01 
230 335 1.01 
230 342 0.01 
230 411 3.01 
230 473 8.01 
284 222 0.01 
284 249 0.01 
284 264 1.01 
284 396 1.01 
284 417 1.01 
284 434 5.01 
284 476 2.01 
368 249 0.01 
368 264 0.01 
368 374 3.01 
368 421 2.01 
368 462 1.01 
368 494 2.01 
431 163 1.01 
431 191 1.01 
431 298 2.01 
431 447 17.009999999999998 
431 482 15.01 
431 496 20.009999999999998 
447 160 3.01 
447 310 25.009999999999998 
447 428 20.009999999999998 
447 466 3.01 
447 468 21.009999999999998 
447 496 55.01 
26 83 1.01 
26 272 0.01 
26 476 1.01 
26 481 2.01 
26 486 2.01 
26 499 8.01 
26 500 19.009999999999998 
272 366 2.01 
272 385 1.01 
272 407 1.01 
272 477 8.01 
272 492 2.01 
272 499 8.01 
272 500 12.01 
476 159 8.01 
476 304 2.01 
476 352 10.01 
476 478 43.01 
476 499 91.00999999999999 
476 500 176.01 
486 114 8.01 
486 223 5.01 
486 384 8.01 
486 488 49.01 
486 492 67.00999999999999 
486 500 317.01 
27 216 0.01 
27 395 2.01 
27 447 6.01 
27 461 1.01 
27 495 8.01 
27 496 13.01 
27 498 21.009999999999998 
216 121 2.01 
216 135 0.01 
216 379 1.01 
216 386 0.01 
216 473 3.01 
216 485 5.01 
216 497 4.01 
395 96 0.01 
395 445 4.01 
395 463 13.01 
395 471 6.01 
395 496 16.009999999999998 
395 498 15.01 
461 113 2.01 
461 133 3.01 
461 478 43.01 
461 492 32.01 
461 493 65.00999999999999 
461 500 344.01 
495 322 4.01 
495 330 10.01 
495 447 41.01 
495 480 40.01 
495 482 71.00999999999999 
495 488 34.01 
496 61 29.009999999999998 
496 332 13.01 
496 354 19.009999999999998 
496 436 21.009999999999998 
496 485 136.01 
496 498 172.01 
28 288 2.01 
28 311 0.01 
28 422 1.01 
28 469 34.01 
28 476 5.01 
28 486 3.01 
28 500 65.00999999999999 
288 16 0.01 
288 343 0.01 
288 445 5.01 
288 469 6.01 
288 487 4.01 
288 499 6.01 
288 500 22.009999999999998 
311 371 3.01 
311 398 2.01 
311 415 1.01 
311 439 0.01 
311 445 1.01 
311 460 3.01 
311 500 29.009999999999998 
422 45 1.01 
422 91 2.01 
422 107 1.01 
422 458 2.01 
422 465 1.01 
422 500 94.00999999999999 
469 72 10.01 
469 118 3.01 
469 363 14.01 
469 415 7.01 
469 492 60.01 
469 499 148.01 
29 22 0.01 
29 23 0.01 
29 366 0.01 
29 460 5.01 
29 465 1.01 
29 477 11.01 
29 500 43.01 
366 84 3.01 
366 409 12.01 
366 476 13.01 
366 492 29.009999999999998 
366 499 60.01 
366 500 179.01 
460 159 0.01 
460 350 20.009999999999998 
460 456 29.009999999999998 
460 467 20.009999999999998 
460 493 74.00999999999999 
460 500 140.01 
30 91 0.01 
30 162 0.01 
30 316 0.01 
30 379 0.01 
30 393 1.01 
30 484 0.01 
30 500 13.01 
91 198 0.01 
91 231 1.01 
91 285 0.01 
91 307 0.01 
91 389 0.01 
91 496 4.01 
91 500 13.01 
162 30 0.01 
162 105 0.01 
162 127 0.01 
162 166 0.01 
162 354 1.01 
162 485 2.01 
162 493 0.01 
316 36 0.01 
316 80 1.01 
316 378 0.01 
316 411 1.01 
316 484 7.01 
316 496 7.01 
316 497 15.01 
379 46 0.01 
379 155 0.01 
379 291 0.01 
379 323 1.01 
379 480 1.01 
379 484 2.01 
393 274 0.01 
393 285 0.01 
393 462 5.01 
393 494 25.009999999999998 
393 498 22.009999999999998 
393 499 44.01 
31 11 0.01 
31 14 0.01 
31 483 1.01 
31 495 1.01 
31 497 4.01 
31 498 4.01 
31 500 5.01 
32 70 0.01 
32 148 0.01 
32 220 0.01 
32 281 1.01 
32 307 0.01 
32 403 0.01 
32 487 6.01 
148 47 1.01 
148 234 0.01 
148 357 0.01 
148 371 0.01 
148 479 5.01 
148 490 1.01 
148 494 4.01 
220 305 4.01 
220 471 12.01 
220 482 2.01 
220 495 30.009999999999998 
220 496 24.009999999999998 
220 497 18.009999999999998 
220 498 56.01 
281 65 0.01 
281 151 0.01 
281 180 0.01 
281 428 1.01 
281 447 1.01 
281 470 0.01 
281 480 5.01 
403 64 0.01 
403 385 2.01 
403 437 2.01 
403 445 3.01 
403 457 12.01 
403 488 17.009999999999998 
33 360 0.01 
33 400 0.01 
33 456 1.01 
33 474 7.01 
33 489 2.01 
33 494 4.01 
33 500 34.01 
360 53 1.01 
360 81 0.01 
360 386 0.01 
360 449 2.01 
360 488 14.01 
360 494 6.01 
34 235 0.01 
34 323 0.01 
34 361 1.01 
34 415 1.01 
34 455 0.01 
34 480 1.01 
34 486 3.01 
235 92 0.01 
235 217 0.01 
235 292 0.01 
235 379 2.01 
235 393 0.01 
235 469 0.01 
235 490 3.01 
361 43 0.01 
361 109 0.01 
361 136 0.01 
361 432 1.01 
361 451 1.01 
361 495 9.01 
415 103 2.01 
415 192 0.01 
415 350 7.01 
415 439 6.01 
415 487 14.01 
415 499 53.01 
35 37 1.01 
35 177 0.01 
35 218 0.01 
35 426 0.01 
35 438 0.01 
35 487 4.01 
35 488 0.01 
37 144 0.01 
37 262 0.01 
37 394 0.01 
37 460 0.01 
37 472 2.01 
37 488 1.01 
37 495 4.01 
177 309 1.01 
177 342 1.01 
177 359 1.01 
177 390 2.01 
177 482 1.01 
177 490 3.01 
177 497 6.01 
218 52 0.01 
218 254 0.01 
218 454 1.01 
218 488 3.01 
218 491 1.01 
218 493 1.01 
218 500 2.01 
426 145 0.01 
426 339 0.01 
426 347 1.01 
426 348 3.01 
426 454 7.01 
426 475 9.01 
438 72 4.01 
438 108 1.01 
438 262 3.01 
438 401 1.01 
438 446 7.01 
438 477 13.01 
488 262 4.01 
488 290 6.01 
488 317 3.01 
488 416 12.01 
488 480 25.009999999999998 
488 500 189.01 
36 266 0.01 
36 314 0.01 
36 396 3.01 
36 421 1.01 
36 457 0.01 
36 499 12.01 
36 500 25.009999999999998 
314 244 0.01 
314 368 3.01 
314 375 0.01 
314 376 0.01 
314 489 1.01 
314 494 3.01 
314 496 7.01 
396 57 0.01 
396 236 1.01 
396 428 4.01 
396 454 3.01 
396 488 15.01 
396 492 7.01 
421 186 0.01 
421 211 16.009999999999998 
421 244 0.01 
421 383 1.01 
421 453 3.01 
421 486 6.01 
144 81 0.01 
144 89 0.01 
144 181 1.01 
144 214 0.01 
144 349 0.01 
144 392 0.01 
144 426 0.01 
262 117 4.01 
262 126 1.01 
262 211 15.01 
262 357 1.01 
262 412 3.01 
262 434 0.01 
262 492 13.01 
394 58 0.01 
394 98 1.01 
394 381 0.01 
394 403 5.01 
394 438 2.01 
394 459 2.01 
472 247 2.01 
472 259 1.01 
472 412 0.01 
472 475 13.01 
472 483 6.01 
472 500 84.00999999999999 
38 29 0.01 
38 111 0.01 
38 316 1.01 
38 379 1.01 
38 414 1.01 
38 484 1.01 
38 485 3.01 
111 431 1.01 
111 436 2.01 
111 440 1.01 
111 459 2.01 
111 495 10.01 
111 496 8.01 
111 497 8.01 
485 61 15.01 
485 353 14.01 
485 408 37.01 
485 448 14.01 
485 450 33.01 
485 483 14.01 
39 5 0.01 
39 280 0.01 
39 283 0.01 
39 341 0.01 
39 361 0.01 
39 375 0.01 
39 433 1.01 
280 133 0.01 
280 134 1.01 
280 153 0.01 
280 243 1.01 
280 281 0.01 
280 367 1.01 
280 443 1.01 
375 32 0.01 
375 91 0.01 
375 294 1.01 
375 448 9.01 
375 474 1.01 
375 476 2.01 
40 57 0.01 
40 200 0.01 
40 388 0.01 
40 492 1.01 
40 493 4.01 
40 499 9.01 
40 500 4.01 
57 45 1.01 
57 328 0.01 
57 421 0.01 
57 424 0.01 
57 481 0.01 
57 491 2.01 
57 495 3.01 
200 7 0.01 
200 106 0.01 
200 458 0.01 
200 477 6.01 
200 481 4.01 
200 492 2.01 
200 500 3.01 
278 40 0.01 
278 185 0.01 
278 206 0.01 
278 311 0.01 
278 439 0.01 
278 476 4.01 
278 500 25.009999999999998 
358 195 1.01 
358 298 6.01 
358 398 14.01 
358 486 21.009999999999998 
358 493 40.01 
358 500 138.01 
478 320 7.01 
478 321 15.01 
478 358 13.01 
478 420 30.009999999999998 
478 477 54.01 
478 500 478.01 
42 13 1.01 
42 84 1.01 
42 329 0.01 
42 461 4.01 
42 466 1.01 
42 481 1.01 
42 500 7.01 
84 276 2.01 
84 397 1.01 
84 469 1.01 
84 478 7.01 
84 486 1.01 
84 499 11.01 
84 500 36.01 
329 190 0.01 
329 298 1.01 
329 478 4.01 
329 482 2.01 
329 487 29.009999999999998 
329 499 9.01 
329 500 17.009999999999998 
43 2 0.01 
43 335 0.01 
43 362 0.01 
43 373 2.01 
43 458 1.01 
43 483 0.01 
43 490 1.01 
335 270 0.01 
335 382 4.01 
335 384 2.01 
335 462 1.01 
335 482 12.01 
335 490 10.01 
335 497 14.01 
362 223 0.01 
362 359 3.01 
362 419 0.01 
362 494 5.01 
362 497 18.009999999999998 
362 498 44.01 
373 145 0.01 
373 251 1.01 
373 396 1.01 
373 429 7.01 
373 430 5.01 
373 497 25.009999999999998 
44 74 0.01 
44 387 0.01 
44 439 0.01 
44 451 0.01 
44 455 1.01 
44 465 1.01 
44 500 5.01 
74 102 0.01 
74 255 1.01 
74 367 0.01 
74 394 0.01 
74 430 0.01 
74 466 1.01 
74 481 2.01 
387 171 0.01 
387 264 0.01 
387 435 3.01 
387 467 3.01 
387 479 7.01 
387 495 8.01 
439 29 1.01 
439 106 0.01 
439 397 4.01 
439 409 6.01 
439 460 5.01 
439 500 101.00999999999999 
45 126 0.01 
45 355 0.01 
45 425 0.01 
45 433 0.01 
45 446 0.01 
45 452 1.01 
45 491 3.01 
126 254 0.01 
126 328 1.01 
126 383 2.01 
126 445 0.01 
126 472 3.01 
126 488 26.009999999999998 
126 498 2.01 
355 8 0.01 
355 203 0.01 
355 421 1.01 
355 426 0.01 
355 484 1.01 
355 488 18.009999999999998 
446 116 0.01 
446 158 0.01 
446 302 3.01 
446 376 2.01 
446 396 2.01 
446 442 17.009999999999998 
452 71 0.01 
452 146 1.01 
452 331 3.01 
452 405 1.01 
452 485 18.009999999999998 
452 499 34.01 
46 177 0.01 
46 187 0.01 
46 463 2.01 
46 471 0.01 
46 483 0.01 
46 497 8.01 
46 498 9.01 
187 79 0.01 
187 210 0.01 
187 299 0.01 
187 490 5.01 
187 494 1.01 
187 497 4.01 
187 498 5.01 
47 93 0.01 
47 174 0.01 
47 238 3.01 
47 391 0.01 
47 393 1.01 
47 489 1.01 
47 499 5.01 
93 34 0.01 
93 188 0.01 
93 243 1.01 
93 449 1.01 
93 490 2.01 
93 497 6.01 
93 498 17.009999999999998 
174 56 1.01 
174 391 2.01 
174 427 1.01 
174 435 0.01 
174 452 1.01 
174 479 6.01 
174 487 2.01 
391 3 1.01 
391 4 0.01 
391 274 6.01 
391 452 1.01 
391 470 7.01 
391 497 10.01 
48 67 1.01 
48 161 0.01 
48 318 1.01 
48 433 0.01 
48 449 0.01 
48 454 0.01 
48 491 3.01 
161 92 0.01 
161 255 0.01 
161 388 0.01 
161 413 0.01 
161 478 5.01 
161 487 3.01 
161 500 14.01 
449 90 2.01 
449 177 0.01 
449 333 2.01 
449 405 5.01 
449 468 26.009999999999998 
449 473 17.009999999999998 
454 88 1.01 
454 181 11.01 
454 315 4.01 
454 407 1.01 
454 475 17.009999999999998 
454 500 116.00999999999999 
49 119 0.01 
49 222 1.01 
49 432 1.01 
49 437 1.01 
49 453 2.01 
49 484 6.01 
49 496 6.01 
119 152 0.01 
119 184 0.01 
119 196 0.01 
119 231 0.01 
119 264 0.01 
119 346 0.01 
119 423 0.01 
222 53 1.01 
222 378 0.01 
222 424 0.01 
222 452 0.01 
222 485 3.01 
222 495 2.01 
222 500 2.01 
432 226 2.01 
432 246 1.01 
432 277 1.01 
432 305 0.01 
432 412 2.01 
432 448 6.01 
437 49 3.01 
437 235 0.01 
437 394 4.01 
437 403 3.01 
437 461 1.01 
437 473 8.01 
453 100 3.01 
453 116 0.01 
453 446 10.01 
453 472 16.009999999999998 
453 493 15.01 
453 498 29.009999999999998 
50 249 0.01 
50 287 0.01 
50 344 1.01 
50 424 0.01 
50 472 1.01 
50 491 2.01 
50 492 3.01 
249 242 0.01 
249 275 1.01 
249 358 0.01 
249 394 1.01 
249 417 4.01 
249 447 2.01 
249 492 3.01 
287 76 1.01 
287 222 0.01 
287 425 0.01 
287 426 0.01 
287 457 1.01 
287 475 0.01 
287 500 5.01 
344 39 0.01 
344 165 1.01 
344 415 0.01 
344 494 1.01 
344 495 4.01 
344 496 1.01 
344 497 2.01 
424 8 0.01 
424 90 2.01 
424 114 2.01 
424 126 0.01 
424 491 13.01 
424 498 15.01 
51 20 0.01 
51 48 0.01 
51 338 0.01 
51 443 0.01 
51 468 4.01 
51 483 3.01 
51 498 3.01 
338 69 0.01 
338 260 0.01 
338 271 0.01 
338 318 0.01 
338 373 2.01 
338 443 1.01 
338 491 2.01 
443 62 0.01 
443 152 0.01 
443 326 1.01 
443 416 6.01 
443 455 1.01 
443 475 4.01 
468 289 5.01 
468 382 15.01 
468 406 25.009999999999998 
468 440 16.009999999999998 
468 444 25.009999999999998 
468 496 83.00999999999999 
52 275 0.01 
52 287 1.01 
52 434 0.01 
52 477 0.01 
52 482 1.01 
52 498 2.01 
52 499 1.01 
275 58 0.01 
275 227 0.01 
275 302 0.01 
275 459 2.01 
275 480 2.01 
275 488 2.01 
275 491 2.01 
434 97 5.01 
434 205 2.01 
434 435 1.01 
434 446 4.01 
434 459 7.01 
434 475 11.01 
482 220 13.01 
482 406 23.009999999999998 
482 408 71.00999999999999 
482 444 28.009999999999998 
482 472 9.01 
482 500 174.01 
53 274 5.01 
53 318 0.01 
53 400 2.01 
53 441 3.01 
53 474 1.01 
53 479 9.01 
53 493 3.01 
274 182 0.01 
274 295 1.01 
274 320 3.01 
274 414 1.01 
274 474 13.01 
274 480 1.01 
274 484 5.01 
441 193 0.01 
441 265 1.01 
441 435 1.01 
441 468 7.01 
441 474 7.01 
441 479 20.009999999999998 
479 97 3.01 
479 181 2.01 
479 238 13.01 
479 349 7.01 
479 351 25.009999999999998 
479 393 8.01 
54 35 0.01 
54 375 0.01 
54 389 3.01 
54 419 0.01 
54 452 0.01 
54 485 30.009999999999998 
54 498 4.01 
389 180 0.01 
389 208 0.01 
389 312 1.01 
389 403 6.01 
389 457 2.01 
389 463 4.01 
55 9 0.01 
55 110 3.01 
55 277 0.01 
55 361 0.01 
55 363 0.01 
55 437 0.01 
55 499 11.01 
110 68 0.01 
110 319 0.01 
110 340 0.01 
110 364 1.01 
110 485 10.01 
110 494 5.01 
110 498 9.01 
363 351 10.01 
363 409 1.01 
363 467 20.009999999999998 
363 492 18.009999999999998 
363 493 27.009999999999998 
363 500 151.01 
56 314 0.01 
56 422 1.01 
56 454 1.01 
56 474 0.01 
56 479 7.01 
56 492 5.01 
56 494 13.01 
328 161 0.01 
328 209 0.01 
328 350 1.01 
328 382 2.01 
328 422 1.01 
328 426 1.01 
328 488 8.01 
58 183 0.01 
58 214 0.01 
58 241 2.01 
58 355 1.01 
58 444 4.01 
58 491 1.01 
58 500 5.01 
214 165 0.01 
214 258 2.01 
214 417 0.01 
214 434 0.01 
214 454 0.01 
214 459 0.01 
214 500 4.01 
241 14 0.01 
241 18 0.01 
241 293 1.01 
241 425 1.01 
241 472 1.01 
241 475 0.01 
241 491 1.01 
444 71 2.01 
444 248 1.01 
444 373 9.01 
444 463 10.01 
444 490 25.009999999999998 
444 496 63.01 
59 51 0.01 
59 85 0.01 
59 116 0.01 
59 140 0.01 
59 282 0.01 
59 443 0.01 
59 483 0.01 
85 260 0.01 
85 315 0.01 
85 344 0.01 
85 367 0.01 
85 402 2.01 
85 430 0.01 
85 432 1.01 
116 128 0.01 
116 176 1.01 
116 275 0.01 
116 306 1.01 
116 394 2.01 
116 472 8.01 
116 491 10.01 
140 279 4.01 
140 397 13.01 
140 427 12.01 
140 456 14.01 
140 458 9.01 
140 499 5.01 
140 500 232.01 
282 229 1.01 
282 297 1.01 
282 422 4.01 
282 439 1.01 
282 487 12.01 
282 499 29.009999999999998 
282 500 129.01 
60 302 2.01 
60 317 5.01 
60 324 1.01 
60 336 0.01 
60 434 4.01 
60 470 2.01 
60 488 10.01 
302 17 0.01 
302 78 1.01 
302 377 2.01 
302 403 0.01 
302 454 5.01 
302 463 5.01 
302 491 10.01 
317 36 1.01 
317 182 0.01 
317 281 0.01 
317 301 0.01 
317 355 2.01 
317 475 18.009999999999998 
317 488 6.01 
324 6 0.01 
324 122 0.01 
324 331 3.01 
324 426 3.01 
324 442 1.01 
324 453 1.01 
324 499 14.01 
336 184 0.01 
336 289 0.01 
336 296 1.01 
336 370 0.01 
336 483 3.01 
336 488 6.01 
336 499 7.01 
61 198 1.01 
61 243 1.01 
61 330 8.01 
61 342 5.01 
61 374 3.01 
61 463 8.01 
61 495 35.01 
198 82 11.01 
198 104 0.01 
198 187 0.01 
198 310 1.01 
198 413 2.01 
198 497 17.009999999999998 
198 498 24.009999999999998 
243 111 0.01 
243 240 0.01 
243 332 5.01 
243 401 1.01 
243 463 4.01 
243 475 2.01 
243 497 10.01 
330 131 0.01 
330 217 3.01 
330 335 2.01 
330 386 2.01 
330 436 12.01 
330 490 18.009999999999998 
330 497 28.009999999999998 
342 188 1.01 
342 459 3.01 
342 468 13.01 
342 490 7.01 
342 494 3.01 
342 495 6.01 
342 498 17.009999999999998 
62 18 0.01 
62 82 0.01 
62 99 0.01 
62 142 0.01 
62 336 0.01 
62 468 3.01 
62 495 4.01 
82 219 1.01 
82 347 2.01 
82 405 5.01 
82 428 8.01 
82 494 11.01 
82 497 50.01 
82 498 1.01 
99 4 0.01 
99 31 0.01 
99 85 1.01 
99 194 0.01 
99 373 1.01 
99 422 0.01 
99 500 12.01 
63 96 0.01 
63 104 0.01 
63 221 0.01 
63 290 1.01 
63 332 0.01 
63 473 18.009999999999998 
63 498 7.01 
96 167 1.01 
96 168 1.01 
96 431 1.01 
96 486 1.01 
96 489 1.01 
96 495 6.01 
96 496 9.01 
104 25 0.01 
104 306 0.01 
104 395 1.01 
104 406 0.01 
104 496 10.01 
104 497 10.01 
104 498 5.01 
221 42 0.01 
221 310 1.01 
221 366 11.01 
221 456 2.01 
221 491 0.01 
221 492 8.01 
221 500 27.009999999999998 
290 57 1.01 
290 124 0.01 
290 425 1.01 
290 430 1.01 
290 434 0.01 
290 453 5.01 
290 491 26.009999999999998 
332 63 1.01 
332 143 1.01 
332 176 8.01 
332 470 4.01 
332 496 8.01 
332 497 51.01 
332 498 58.01 
64 141 0.01 
64 290 0.01 
64 387 0.01 
64 492 4.01 
64 495 4.01 
64 497 6.01 
64 499 7.01 
65 339 0.01 
65 369 0.01 
65 452 0.01 
65 464 2.01 
65 478 4.01 
65 498 4.01 
65 500 16.009999999999998 
339 128 0.01 
339 218 0.01 
339 239 0.01 
339 247 2.01 
339 466 0.01 
339 488 10.01 
339 492 5.01 
369 15 0.01 
369 201 0.01 
369 218 0.01 
369 480 1.01 
369 484 1.01 
369 499 16.009999999999998 
66 386 0.01 
66 406 0.01 
66 419 0.01 
66 471 0.01 
66 483 1.01 
66 495 2.01 
66 496 4.01 
386 156 4.01 
386 286 0.01 
386 354 4.01 
386 449 2.01 
386 495 21.009999999999998 
386 496 17.009999999999998 
406 120 1.01 
406 168 3.01 
406 490 26.009999999999998 
406 495 47.01 
406 497 56.01 
406 498 66.00999999999999 
68 15 0.01 
68 39 0.01 
68 117 0.01 
68 155 0.01 
68 383 0.01 
68 425 0.01 
68 457 1.01 
117 68 0.01 
117 316 1.01 
117 394 0.01 
117 416 3.01 
117 461 0.01 
117 487 3.01 
117 491 14.01 
155 24 0.01 
155 77 0.01 
155 195 1.01 
155 406 2.01 
155 444 2.01 
155 480 17.009999999999998 
155 485 14.01 
383 50 1.01 
383 144 0.01 
383 250 4.01 
383 252 1.01 
383 417 2.01 
383 498 9.01 
94 201 1.01 
94 232 0.01 
94 389 0.01 
94 422 0.01 
94 458 0.01 
94 486 2.01 
94 500 21.009999999999998 
229 19 0.01 
229 325 1.01 
229 476 6.01 
229 487 2.01 
229 492 7.01 
229 493 7.01 
229 500 36.01 
71 220 2.01 
71 468 12.01 
71 494 1.01 
71 495 12.01 
71 496 9.01 
71 497 8.01 
71 498 9.01 
72 41 0.01 
72 377 0.01 
72 464 18.009999999999998 
72 481 12.01 
72 492 4.01 
72 499 30.009999999999998 
72 500 120.00999999999999 
392 149 0.01 
392 234 0.01 
392 418 0.01 
392 474 1.01 
392 487 3.01 
392 495 4.01 
418 153 0.01 
418 174 0.01 
418 420 4.01 
418 489 14.01 
418 494 10.01 
418 497 19.009999999999998 
255 273 0.01 
255 297 1.01 
255 317 2.01 
255 400 1.01 
255 423 3.01 
255 447 3.01 
255 460 8.01 
367 44 0.01 
367 252 1.01 
367 399 0.01 
367 429 1.01 
367 489 8.01 
367 498 8.01 
430 51 1.01 
430 253 0.01 
430 376 2.01 
430 448 13.01 
430 477 6.01 
430 500 44.01 
164 172 3.01 
164 273 0.01 
164 306 0.01 
164 310 2.01 
164 436 1.01 
164 495 10.01 
164 498 15.01 
175 113 1.01 
175 420 1.01 
175 483 2.01 
175 486 4.01 
175 492 10.01 
175 499 17.009999999999998 
175 500 32.01 
76 396 0.01 
76 397 3.01 
76 410 1.01 
76 421 3.01 
76 432 2.01 
76 459 4.01 
76 500 36.01 
77 194 0.01 
77 237 0.01 
77 376 1.01 
77 387 0.01 
77 400 1.01 
77 491 1.01 
77 494 0.01 
194 13 0.01 
194 311 0.01 
194 356 0.01 
194 383 0.01 
194 406 1.01 
194 450 2.01 
194 455 0.01 
237 265 0.01 
237 345 1.01 
237 368 0.01 
237 374 0.01 
237 376 0.01 
237 484 0.01 
237 490 0.01 
376 127 0.01 
376 186 0.01 
376 213 0.01 
376 414 1.01 
376 441 2.01 
376 474 5.01 
78 90 0.01 
78 317 0.01 
78 368 0.01 
78 425 2.01 
78 488 6.01 
78 489 3.01 
78 500 11.01 
90 123 0.01 
90 348 2.01 
90 382 6.01 
90 383 0.01 
90 432 3.01 
90 472 3.01 
90 491 2.01 
79 139 0.01 
79 417 0.01 
79 471 2.01 
79 482 5.01 
79 495 4.01 
79 496 7.01 
79 498 7.01 
139 189 0.01 
139 246 0.01 
139 447 8.01 
139 449 1.01 
139 495 9.01 
139 496 6.01 
139 498 8.01 
417 293 3.01 
417 339 0.01 
417 377 0.01 
417 396 1.01 
417 443 0.01 
417 451 3.01 
80 87 0.01 
80 213 0.01 
80 245 1.01 
80 359 0.01 
80 427 2.01 
80 429 3.01 
80 499 19.009999999999998 
87 219 0.01 
87 375 0.01 
87 432 0.01 
87 442 2.01 
87 450 1.01 
87 463 1.01 
87 480 3.01 
213 109 0.01 
213 132 1.01 
213 303 2.01 
213 361 0.01 
213 370 1.01 
213 457 0.01 
213 497 3.01 
245 54 0.01 
245 132 0.01 
245 231 0.01 
245 385 0.01 
245 476 1.01 
245 480 3.01 
245 498 13.01 
359 132 1.01 
359 143 2.01 
359 163 1.01 
359 386 1.01 
359 419 0.01 
359 498 18.009999999999998 
427 196 1.01 
427 410 4.01 
427 466 9.01 
427 481 23.009999999999998 
427 499 92.00999999999999 
427 500 121.00999999999999 
429 161 0.01 
429 315 6.01 
429 325 3.01 
429 333 2.01 
429 433 1.01 
429 488 20.009999999999998 
337 109 0.01 
337 158 0.01 
337 229 1.01 
337 251 2.01 
337 403 1.01 
337 437 1.01 
337 450 7.01 
219 20 0.01 
219 48 0.01 
219 151 0.01 
219 246 0.01 
219 281 0.01 
219 480 1.01 
219 500 11.01 
347 66 0.01 
347 228 0.01 
347 356 0.01 
347 495 5.01 
347 496 8.01 
347 497 12.01 
347 499 16.009999999999998 
405 46 0.01 
405 217 1.01 
405 233 3.01 
405 296 0.01 
405 335 1.01 
405 497 32.01 
428 198 8.01 
428 306 1.01 
428 408 36.01 
428 431 8.01 
428 496 35.01 
428 497 42.01 
304 201 0.01 
304 278 0.01 
304 407 0.01 
304 486 12.01 
304 487 8.01 
304 493 33.01 
304 500 35.01 
420 223 7.01 
420 484 5.01 
420 487 49.01 
420 492 69.00999999999999 
420 499 70.00999999999999 
420 500 172.01 
276 221 0.01 
276 311 0.01 
276 350 1.01 
276 363 2.01 
276 415 1.01 
276 499 21.009999999999998 
276 500 27.009999999999998 
260 11 0.01 
260 208 0.01 
260 338 0.01 
260 370 0.01 
260 409 0.01 
260 441 1.01 
260 499 6.01 
86 118 1.01 
86 200 0.01 
86 292 0.01 
86 458 1.01 
86 465 3.01 
86 469 6.01 
86 500 34.01 
118 28 4.01 
118 297 0.01 
118 352 5.01 
118 458 2.01 
118 476 2.01 
118 499 24.009999999999998 
118 500 104.00999999999999 
442 117 0.01 
442 328 1.01 
442 354 19.009999999999998 
442 421 6.01 
442 454 8.01 
442 489 19.009999999999998 
88 311 0.01 
88 415 2.01 
88 464 6.01 
88 478 5.01 
88 487 8.01 
88 499 22.009999999999998 
88 500 32.01 
89 326 0.01 
89 341 0.01 
89 344 1.01 
89 393 0.01 
89 435 0.01 
89 462 1.01 
89 500 3.01 
326 89 1.01 
326 262 0.01 
326 304 0.01 
326 392 0.01 
326 400 1.01 
326 441 3.01 
326 489 2.01 
435 77 0.01 
435 230 2.01 
435 237 0.01 
435 314 1.01 
435 374 2.01 
435 387 0.01 
462 3 1.01 
462 360 3.01 
462 470 6.01 
462 474 12.01 
462 481 8.01 
462 489 6.01 
123 35 0.01 
123 95 0.01 
123 144 0.01 
123 171 0.01 
123 398 0.01 
123 424 1.01 
123 453 2.01 
382 245 0.01 
382 269 1.01 
382 395 1.01 
382 408 23.009999999999998 
382 449 13.01 
382 467 6.01 
231 80 1.01 
231 188 0.01 
231 193 0.01 
231 452 0.01 
231 480 1.01 
231 494 5.01 
231 496 2.01 
226 130 0.01 
226 215 0.01 
226 245 1.01 
226 343 2.01 
226 419 1.01 
226 460 0.01 
226 461 0.01 
188 58 0.01 
188 112 0.01 
188 143 0.01 
188 156 1.01 
188 269 0.01 
188 340 0.01 
188 496 7.01 
201 23 0.01 
201 384 2.01 
201 410 1.01 
201 427 0.01 
201 481 2.01 
201 499 7.01 
201 500 15.01 
232 65 1.01 
232 173 0.01 
232 272 0.01 
232 445 1.01 
232 497 7.01 
232 499 20.009999999999998 
232 500 43.01 
95 122 1.01 
95 150 0.01 
95 439 1.01 
95 446 1.01 
95 472 1.01 
95 484 3.01 
95 488 15.01 
122 35 0.01 
122 45 1.01 
122 279 0.01 
122 424 0.01 
122 448 4.01 
122 474 1.01 
122 488 4.01 
150 51 0.01 
150 75 0.01 
150 271 2.01 
150 300 0.01 
150 331 1.01 
150 480 4.01 
150 485 30.009999999999998 
167 135 0.01 
167 312 0.01 
167 330 7.01 
167 404 1.01 
167 419 0.01 
167 490 2.01 
167 497 4.01 
168 27 0.01 
168 248 1.01 
168 347 2.01 
168 490 7.01 
168 495 10.01 
168 497 14.01 
168 498 11.01 
97 96 1.01 
97 100 1.01 
97 317 1.01 
97 396 2.01 
97 454 5.01 
97 486 5.01 
97 491 7.01 
100 241 0.01 
100 284 0.01 
100 365 0.01 
100 416 0.01 
100 456 0.01 
100 479 25.009999999999998 
100 491 2.01 
98 216 0.01 
98 428 0.01 
98 444 1.01 
98 474 1.01 
98 482 3.01 
98 497 7.01 
98 498 4.01 
365 129 0.01 
365 154 0.01 
365 252 0.01 
365 421 4.01 
365 435 1.01 
365 473 7.01 
101 70 0.01 
101 206 0.01 
101 282 3.01 
101 422 1.01 
101 439 3.01 
101 461 5.01 
101 500 82.00999999999999 
206 72 4.01 
206 101 0.01 
206 343 2.01 
206 440 0.01 
206 462 0.01 
206 481 0.01 
206 500 19.009999999999998 
254 147 0.01 
254 237 0.01 
254 438 2.01 
254 469 2.01 
254 488 3.01 
254 491 11.01 
254 494 1.01 
309 228 5.01 
309 401 0.01 
309 441 6.01 
309 458 2.01 
309 462 1.01 
309 472 3.01 
309 494 10.01 
349 33 1.01 
349 64 1.01 
349 215 1.01 
349 228 0.01 
349 283 1.01 
349 494 12.01 
349 500 134.01 
103 42 0.01 
103 363 1.01 
103 420 1.01 
103 481 2.01 
103 486 6.01 
103 499 13.01 
103 500 36.01 
306 340 1.01 
306 404 0.01 
306 405 1.01 
306 482 4.01 
306 495 15.01 
306 498 22.009999999999998 
306 500 22.009999999999998 
105 30 0.01 
105 241 0.01 
105 331 1.01 
105 361 0.01 
105 470 1.01 
105 472 0.01 
105 496 4.01 
331 110 2.01 
331 170 0.01 
331 283 0.01 
331 369 0.01 
331 399 1.01 
331 457 8.01 
331 499 37.01 
106 40 1.01 
106 321 2.01 
106 355 0.01 
106 462 0.01 
106 487 7.01 
106 499 19.009999999999998 
106 500 27.009999999999998 
107 86 3.01 
107 236 3.01 
107 456 2.01 
107 466 4.01 
107 481 11.01 
107 499 27.009999999999998 
107 500 71.00999999999999 
236 223 4.01 
236 351 21.009999999999998 
236 476 7.01 
236 486 9.01 
236 487 12.01 
236 499 39.01 
236 500 63.01 
412 63 2.01 
412 284 0.01 
412 394 1.01 
412 424 0.01 
412 450 13.01 
412 491 20.009999999999998 
109 226 0.01 
109 247 0.01 
109 479 2.01 
109 480 17.009999999999998 
109 485 4.01 
109 493 1.01 
109 494 1.01 
247 21 0.01 
247 130 0.01 
247 131 2.01 
247 412 1.01 
247 446 2.01 
247 491 4.01 
247 497 9.01 
340 120 2.01 
340 235 0.01 
340 334 0.01 
340 372 0.01 
340 471 1.01 
340 475 2.01 
340 498 7.01 
364 204 0.01 
364 261 0.01 
364 357 0.01 
364 462 2.01 
364 472 1.01 
364 494 7.01 
440 164 0.01 
440 318 2.01 
440 436 13.01 
440 468 15.01 
440 495 32.01 
440 497 85.00999999999999 
112 17 0.01 
112 24 0.01 
112 246 0.01 
112 388 1.01 
112 432 1.01 
112 449 0.01 
112 492 0.01 
246 38 0.01 
246 150 0.01 
246 210 0.01 
246 221 0.01 
246 448 0.01 
246 452 0.01 
246 484 0.01 
113 94 0.01 
113 103 2.01 
113 270 1.01 
113 466 4.01 
113 477 18.009999999999998 
113 486 8.01 
113 500 61.01 
270 167 0.01 
270 289 0.01 
270 444 3.01 
270 463 1.01 
270 482 6.01 
270 490 1.01 
270 496 6.01 
114 69 1.01 
114 140 3.01 
114 407 0.01 
114 439 3.01 
114 465 7.01 
114 499 39.01 
114 500 76.00999999999999 
115 3 0.01 
115 327 0.01 
115 341 1.01 
115 387 0.01 
115 489 3.01 
115 494 4.01 
115 500 7.01 
327 43 0.01 
327 52 1.01 
327 62 0.01 
327 124 0.01 
327 225 0.01 
327 321 2.01 
327 337 2.01 
128 97 1.01 
128 282 1.01 
128 355 1.01 
128 365 0.01 
128 377 0.01 
128 383 2.01 
128 407 1.01 
176 111 0.01 
176 207 1.01 
176 333 6.01 
176 359 0.01 
176 413 3.01 
176 495 17.009999999999998 
176 496 31.009999999999998 
152 162 0.01 
152 257 0.01 
152 433 0.01 
152 453 1.01 
152 455 0.01 
152 483 0.01 
152 491 0.01 
184 2 0.01 
184 43 0.01 
184 255 0.01 
184 260 1.01 
184 426 0.01 
184 443 1.01 
184 446 0.01 
196 276 0.01 
196 291 2.01 
196 302 1.01 
196 323 0.01 
196 371 5.01 
196 487 4.01 
196 500 24.009999999999998 
264 8 0.01 
264 146 0.01 
264 313 0.01 
264 392 0.01 
264 401 1.01 
264 481 1.01 
264 489 1.01 
120 24 0.01 
120 25 0.01 
120 244 0.01 
120 468 13.01 
120 482 16.009999999999998 
120 491 0.01 
120 498 9.01 
121 207 0.01 
121 228 2.01 
121 230 1.01 
121 446 4.01 
121 447 9.01 
121 468 22.009999999999998 
121 495 23.009999999999998 
207 333 2.01 
207 347 0.01 
207 405 1.01 
207 495 7.01 
207 496 14.01 
207 498 34.01 
207 500 13.01 
228 41 0.01 
228 61 0.01 
228 267 0.01 
228 473 23.009999999999998 
228 490 6.01 
228 495 5.01 
228 498 31.009999999999998 
171 12 0.01 
171 192 0.01 
171 305 0.01 
171 314 0.01 
171 387 0.01 
171 479 2.01 
171 494 1.01 
160 44 0.01 
160 164 0.01 
160 275 0.01 
160 395 3.01 
160 495 30.009999999999998 
160 496 8.01 
160 498 22.009999999999998 
301 9 0.01 
301 189 0.01 
301 388 1.01 
301 399 1.01 
301 443 0.01 
301 451 1.01 
301 500 13.01 
372 46 0.01 
372 437 0.01 
372 482 8.01 
372 487 1.01 
372 490 4.01 
372 498 19.009999999999998 
127 389 0.01 
127 401 0.01 
127 416 1.01 
127 462 1.01 
127 479 2.01 
127 489 2.01 
127 494 1.01 
445 298 4.01 
445 380 4.01 
445 460 16.009999999999998 
445 478 47.01 
445 499 77.00999999999999 
445 500 231.01 
401 4 0.01 
401 107 2.01 
401 266 0.01 
401 342 1.01 
401 436 5.01 
401 493 4.01 
313 30 0.01 
313 56 3.01 
313 141 0.01 
313 197 4.01 
313 309 3.01 
313 472 5.01 
313 488 7.01 
130 292 0.01 
130 307 3.01 
130 381 1.01 
130 433 0.01 
130 478 1.01 
130 482 6.01 
130 493 2.01 
131 95 0.01 
131 339 1.01 
131 365 1.01 
131 421 0.01 
131 438 1.01 
131 456 1.01 
131 492 2.01 
132 39 0.01 
132 87 0.01 
132 149 0.01 
132 219 0.01 
132 332 0.01 
132 379 0.01 
132 498 2.01 
149 103 0.01 
149 182 0.01 
149 326 1.01 
149 397 0.01 
149 440 0.01 
149 489 1.01 
149 493 2.01 
195 288 0.01 
195 397 0.01 
195 407 1.01 
195 469 9.01 
195 486 3.01 
195 487 8.01 
195 499 7.01 
409 178 2.01 
409 179 0.01 
409 221 1.01 
409 460 6.01 
409 476 4.01 
409 477 49.01 
242 59 0.01 
242 166 0.01 
242 212 0.01 
242 250 1.01 
242 300 0.01 
242 451 1.01 
242 483 4.01 
296 10 4.01 
296 239 2.01 
296 327 0.01 
296 373 1.01 
296 430 0.01 
296 437 0.01 
296 489 3.01 
273 71 0.01 
273 98 0.01 
273 381 0.01 
273 471 0.01 
273 490 12.01 
273 496 5.01 
273 498 3.01 
345 248 1.01 
345 273 0.01 
345 322 3.01 
345 338 0.01 
345 362 0.01 
345 451 0.01 
345 495 22.009999999999998 
189 93 0.01 
189 225 0.01 
189 299 0.01 
189 367 0.01 
189 372 0.01 
189 381 0.01 
189 455 0.01 
185 157 0.01 
185 191 0.01 
185 389 0.01 
185 451 0.01 
185 484 0.01 
185 485 4.01 
185 498 0.01 
267 89 0.01 
267 102 0.01 
267 204 0.01 
267 261 0.01 
267 367 0.01 
267 438 3.01 
267 441 0.01 
143 79 0.01 
143 226 0.01 
143 347 0.01 
143 482 2.01 
143 495 10.01 
143 496 23.009999999999998 
143 497 7.01 
181 165 0.01 
181 250 0.01 
181 302 0.01 
181 365 1.01 
181 384 1.01 
181 417 1.01 
181 486 13.01 
322 93 1.01 
322 178 0.01 
322 243 2.01 
322 333 1.01 
322 335 2.01 
322 473 29.009999999999998 
322 495 5.01 
378 62 0.01 
378 110 1.01 
378 203 0.01 
378 369 0.01 
378 434 1.01 
378 497 8.01 
146 84 0.01 
146 86 0.01 
146 267 1.01 
146 400 3.01 
146 418 9.01 
146 481 1.01 
146 494 15.01 
147 37 0.01 
147 254 0.01 
147 434 0.01 
147 446 1.01 
147 477 6.01 
147 491 1.01 
147 498 10.01 
234 11 0.01 
234 464 3.01 
234 484 2.01 
234 489 0.01 
234 490 0.01 
234 494 4.01 
234 496 2.01 
357 115 1.01 
357 295 0.01 
357 364 1.01 
357 479 9.01 
357 494 4.01 
357 499 19.009999999999998 
371 19 2.01 
371 227 6.01 
371 307 2.01 
371 464 28.009999999999998 
371 487 21.009999999999998 
371 500 223.01 
182 2 0.01 
182 77 1.01 
182 288 0.01 
182 364 1.01 
182 391 3.01 
182 438 0.01 
182 494 1.01 
271 231 0.01 
271 258 0.01 
271 319 0.01 
271 378 0.01 
271 431 0.01 
271 470 0.01 
271 488 2.01 
356 31 0.01 
356 187 0.01 
356 301 2.01 
356 345 0.01 
356 434 0.01 
356 450 4.01 
154 131 0.01 
154 303 0.01 
154 334 1.01 
154 453 0.01 
154 475 1.01 
154 491 4.01 
154 493 3.01 
334 16 0.01 
334 259 0.01 
334 328 0.01 
334 417 2.01 
334 443 0.01 
334 454 2.01 
334 491 11.01 
156 15 0.01 
156 66 0.01 
156 269 0.01 
156 334 0.01 
156 449 0.01 
156 495 8.01 
156 498 8.01 
269 120 0.01 
269 372 0.01 
269 386 2.01 
269 395 0.01 
269 413 0.01 
269 477 3.01 
269 495 7.01 
158 166 0.01 
158 258 0.01 
158 285 1.01 
158 294 0.01 
158 319 0.01 
158 387 0.01 
158 495 7.01 
166 59 0.01 
166 104 0.01 
166 137 0.01 
166 245 0.01 
166 365 0.01 
166 385 0.01 
166 497 0.01 
258 68 0.01 
258 112 0.01 
258 213 1.01 
258 375 3.01 
258 408 4.01 
258 484 0.01 
258 496 3.01 
294 112 0.01 
294 123 0.01 
294 240 0.01 
294 271 0.01 
294 300 0.01 
294 482 0.01 
294 484 2.01 
354 210 0.01 
354 440 8.01 
354 444 16.009999999999998 
354 449 6.01 
354 495 37.01 
354 497 74.00999999999999 
163 305 4.01 
163 328 0.01 
163 413 2.01 
163 460 3.01 
163 468 10.01 
163 476 0.01 
163 498 16.009999999999998 
305 362 1.01 
305 431 2.01 
305 440 8.01 
305 471 3.01 
305 473 3.01 
305 482 19.009999999999998 
305 498 15.01 
172 289 6.01 
172 362 0.01 
172 382 5.01 
172 389 1.01 
172 408 16.009999999999998 
172 496 42.01 
172 498 3.01 
310 78 0.01 
310 139 2.01 
310 191 1.01 
310 312 3.01 
310 390 12.01 
310 411 10.01 
310 495 51.01 
165 123 0.01 
165 247 0.01 
165 286 0.01 
165 391 0.01 
165 412 0.01 
165 430 2.01 
165 496 0.01 
286 121 0.01 
286 423 0.01 
286 442 1.01 
286 459 1.01 
286 472 1.01 
286 475 0.01 
286 491 1.01 
248 361 0.01 
248 381 1.01 
248 463 6.01 
248 471 5.01 
248 479 8.01 
248 496 9.01 
248 497 13.01 
289 372 1.01 
289 428 3.01 
289 436 7.01 
289 473 18.009999999999998 
289 496 18.009999999999998 
289 497 36.01 
289 498 40.01 
408 390 15.01 
408 429 6.01 
408 447 26.009999999999998 
408 473 51.01 
408 495 70.00999999999999 
408 497 98.00999999999999 
173 1 3.01 
173 366 4.01 
173 384 2.01 
173 465 1.01 
173 469 5.01 
173 499 21.009999999999998 
173 500 25.009999999999998 
384 350 1.01 
384 422 1.01 
384 467 15.01 
384 492 18.009999999999998 
384 493 11.01 
384 500 73.00999999999999 
333 26 0.01 
333 214 0.01 
333 322 1.01 
333 468 10.01 
333 490 29.009999999999998 
333 496 23.009999999999998 
333 497 13.01 
227 196 0.01 
227 209 1.01 
227 308 3.01 
227 481 2.01 
227 496 4.01 
227 499 73.00999999999999 
227 500 60.01 
179 409 1.01 
179 439 4.01 
179 461 4.01 
179 467 2.01 
179 492 6.01 
179 499 13.01 
179 500 22.009999999999998 
253 230 0.01 
253 339 1.01 
253 357 0.01 
253 413 1.01 
253 432 0.01 
253 470 0.01 
253 498 3.01 
250 290 8.01 
250 324 0.01 
250 377 0.01 
250 412 1.01 
250 425 0.01 
250 476 3.01 
250 489 3.01 
191 31 0.01 
191 224 0.01 
191 313 0.01 
191 354 1.01 
191 382 0.01 
191 447 15.01 
191 496 6.01 
186 37 0.01 
186 52 0.01 
186 241 1.01 
186 410 0.01 
186 424 0.01 
186 453 3.01 
186 476 2.01 
210 42 0.01 
210 204 0.01 
210 322 0.01 
210 340 0.01 
210 413 1.01 
210 431 0.01 
210 495 3.01 
299 98 0.01 
299 382 2.01 
299 406 0.01 
299 443 1.01 
299 490 8.01 
299 497 7.01 
299 498 8.01 
225 33 0.01 
225 199 1.01 
225 276 0.01 
225 340 0.01 
225 496 14.01 
225 497 12.01 
225 498 10.01 
190 169 0.01 
190 242 0.01 
190 338 0.01 
190 441 0.01 
190 469 1.01 
190 480 6.01 
190 488 3.01 
224 63 0.01 
224 220 0.01 
224 305 0.01 
224 330 0.01 
224 419 0.01 
224 428 2.01 
224 498 7.01 
291 5 2.01 
291 329 1.01 
291 407 2.01 
291 460 6.01 
291 461 10.01 
291 481 9.01 
291 500 71.00999999999999 
351 282 6.01 
351 325 14.01 
351 398 15.01 
351 402 24.009999999999998 
351 445 33.01 
351 461 43.01 
351 500 142.01 
193 38 0.01 
193 253 0.01 
193 278 0.01 
193 301 0.01 
193 452 1.01 
193 484 1.01 
193 500 9.01 
199 268 1.01 
199 270 1.01 
199 423 0.01 
199 436 0.01 
199 444 2.01 
199 482 6.01 
199 496 5.01 
268 390 3.01 
268 440 7.01 
268 442 4.01 
268 473 8.01 
268 490 3.01 
268 496 20.009999999999998 
268 498 15.01 
202 59 1.01 
202 154 1.01 
202 205 0.01 
202 239 1.01 
202 433 0.01 
202 477 2.01 
202 500 31.009999999999998 
205 147 0.01 
205 190 0.01 
205 327 0.01 
205 395 0.01 
205 429 2.01 
205 471 0.01 
205 483 2.01 
239 10 2.01 
239 212 0.01 
239 288 0.01 
239 336 2.01 
239 370 0.01 
239 479 8.01 
239 500 13.01 
203 55 0.01 
203 200 0.01 
203 240 0.01 
203 404 0.01 
203 470 1.01 
203 492 4.01 
203 495 1.01 
240 22 0.01 
240 105 0.01 
240 185 0.01 
240 257 0.01 
240 440 1.01 
240 457 0.01 
240 459 0.01 
204 308 0.01 
204 355 0.01 
204 368 0.01 
204 375 1.01 
204 418 0.01 
204 465 0.01 
204 489 3.01 
308 86 1.01 
308 466 16.009999999999998 
308 467 9.01 
308 476 4.01 
308 481 38.01 
308 493 10.01 
308 500 136.01 
343 175 2.01 
343 353 10.01 
343 418 4.01 
343 460 12.01 
343 466 7.01 
343 478 14.01 
343 500 70.00999999999999 
208 194 0.01 
208 280 0.01 
208 346 0.01 
208 380 0.01 
208 448 3.01 
208 455 0.01 
208 485 15.01 
380 278 0.01 
380 358 16.009999999999998 
380 427 10.01 
380 445 12.01 
380 493 12.01 
380 499 35.01 
209 374 0.01 
209 384 0.01 
209 437 1.01 
209 466 1.01 
209 486 1.01 
209 499 32.01 
209 500 30.009999999999998 
211 76 2.01 
211 334 0.01 
211 348 4.01 
211 391 0.01 
211 416 6.01 
211 450 6.01 
211 454 10.01 
212 1 0.01 
212 48 1.01 
212 205 0.01 
212 412 5.01 
212 455 2.01 
212 465 2.01 
212 483 3.01 
215 64 0.01 
215 138 2.01 
215 260 0.01 
215 349 2.01 
215 357 2.01 
215 360 1.01 
215 500 33.01 
217 167 3.01 
217 345 1.01 
217 411 1.01 
217 473 8.01 
217 478 0.01 
217 490 7.01 
217 498 19.009999999999998 
223 101 3.01 
223 106 4.01 
223 380 1.01 
223 477 27.009999999999998 
223 493 24.009999999999998 
223 499 35.01 
223 500 62.01 
293 40 0.01 
293 186 0.01 
293 249 0.01 
293 259 1.01 
293 414 0.01 
293 442 4.01 
293 475 3.01 
252 248 0.01 
252 286 0.01 
252 293 0.01 
252 372 0.01 
252 453 1.01 
252 472 4.01 
252 483 1.01 
259 383 1.01 
259 424 0.01 
259 442 5.01 
259 453 4.01 
259 474 3.01 
259 493 10.01 
259 496 1.01 
295 309 2.01 
295 324 1.01 
295 349 0.01 
295 392 0.01 
295 426 0.01 
295 435 0.01 
295 494 3.01 
350 134 1.01 
350 308 5.01 
350 380 3.01 
350 415 3.01 
350 469 36.01 
350 481 25.009999999999998 
350 500 75.00999999999999 
298 118 1.01 
298 380 12.01 
298 460 7.01 
298 487 17.009999999999998 
298 492 11.01 
298 493 12.01 
298 500 47.01 
