1 9 0.01 
1 323 0.01 
1 449 0.01 
1 481 0.01 
1 492 2.01 
1 495 0.01 
1 499 6.01 
1 500 7.01 
9 24 0.01 
9 214 0.01 
9 237 0.01 
9 289 0.01 
9 339 1.01 
9 471 1.01 
9 499 2.01 
9 500 3.01 
323 106 0.01 
323 448 3.01 
323 460 4.01 
323 462 0.01 
323 492 4.01 
323 494 3.01 
323 495 0.01 
323 500 15.01 
449 298 1.01 
449 318 1.01 
449 323 3.01 
449 460 1.01 
449 485 5.01 
449 495 7.01 
449 500 20.009999999999998 
481 296 0.01 
481 314 1.01 
481 383 3.01 
481 486 8.01 
481 492 3.01 
481 494 15.01 
481 500 42.01 
492 102 2.01 
492 396 3.01 
492 413 1.01 
492 460 4.01 
492 481 8.01 
492 500 75.00999999999999 
495 60 0.01 
495 182 2.01 
495 226 1.01 
495 308 1.01 
495 487 9.01 
495 494 40.01 
495 500 99.00999999999999 
499 162 22.009999999999998 
499 263 29.009999999999998 
499 358 35.01 
499 369 48.01 
499 493 299.01 
499 496 348.01 
499 498 626.01 
500 10 7.01 
500 293 13.01 
500 348 9.01 
500 392 8.01 
500 471 26.009999999999998 
500 473 11.01 
500 485 35.01 
2 69 0.01 
2 111 0.01 
2 170 0.01 
2 359 0.01 
2 373 0.01 
2 390 0.01 
2 413 0.01 
2 500 0.01 
69 104 0.01 
69 138 0.01 
69 193 0.01 
69 272 0.01 
69 309 0.01 
69 311 0.01 
69 488 0.01 
69 500 1.01 
111 143 0.01 
111 264 1.01 
111 267 0.01 
111 291 0.01 
111 335 0.01 
111 412 0.01 
111 476 0.01 
111 500 1.01 
170 175 0.01 
170 306 0.01 
170 410 1.01 
170 413 0.01 
170 443 0.01 
170 465 1.01 
170 492 1.01 
170 500 5.01 
359 133 0.01 
359 184 0.01 
359 314 1.01 
359 379 0.01 
359 453 1.01 
359 458 1.01 
359 467 0.01 
359 490 2.01 
373 297 0.01 
373 467 0.01 
373 470 0.01 
373 485 1.01 
373 486 2.01 
373 491 1.01 
373 495 0.01 
373 500 5.01 
390 90 0.01 
390 166 0.01 
390 309 0.01 
390 353 0.01 
390 464 2.01 
390 495 0.01 
390 500 9.01 
413 23 0.01 
413 282 0.01 
413 325 1.01 
413 372 1.01 
413 434 0.01 
413 489 6.01 
413 500 23.009999999999998 
3 27 0.01 
3 266 1.01 
3 461 2.01 
3 469 12.01 
3 479 6.01 
3 496 27.009999999999998 
3 497 43.01 
3 499 78.00999999999999 
27 292 0.01 
27 350 2.01 
27 411 0.01 
27 418 2.01 
27 437 0.01 
27 464 0.01 
27 474 0.01 
27 499 15.01 
266 236 0.01 
266 243 0.01 
266 386 0.01 
266 479 2.01 
266 482 7.01 
266 496 21.009999999999998 
266 497 14.01 
266 499 18.009999999999998 
461 294 3.01 
461 319 5.01 
461 384 2.01 
461 450 9.01 
461 466 15.01 
461 498 85.00999999999999 
461 499 126.00999999999999 
469 16 0.01 
469 319 8.01 
469 327 1.01 
469 368 1.01 
469 484 60.01 
469 496 57.01 
469 499 118.00999999999999 
479 130 1.01 
479 341 40.01 
479 384 9.01 
479 464 24.009999999999998 
479 497 70.00999999999999 
479 498 137.01 
479 499 244.01 
496 249 16.009999999999998 
496 305 20.009999999999998 
496 341 53.01 
496 440 64.00999999999999 
496 447 49.01 
496 466 83.00999999999999 
496 499 644.01 
497 86 12.01 
497 139 10.01 
497 355 14.01 
497 451 35.01 
497 493 308.01 
497 498 374.01 
497 499 900.01 
4 34 0.01 
4 180 0.01 
4 252 0.01 
4 320 0.01 
4 378 0.01 
4 397 0.01 
4 491 0.01 
4 500 1.01 
34 12 0.01 
34 13 0.01 
34 81 0.01 
34 274 0.01 
34 288 0.01 
34 346 0.01 
34 349 0.01 
34 500 1.01 
180 336 0.01 
180 375 0.01 
180 396 0.01 
180 445 0.01 
180 447 0.01 
180 478 0.01 
180 491 2.01 
180 500 2.01 
252 77 0.01 
252 179 0.01 
252 241 0.01 
252 371 0.01 
252 487 4.01 
252 495 1.01 
252 500 2.01 
320 223 0.01 
320 249 0.01 
320 338 0.01 
320 429 3.01 
320 482 0.01 
320 493 13.01 
320 497 7.01 
320 499 13.01 
378 89 0.01 
378 273 0.01 
378 397 0.01 
378 454 0.01 
378 491 1.01 
378 492 1.01 
378 495 1.01 
378 500 3.01 
397 128 0.01 
397 251 0.01 
397 325 0.01 
397 458 0.01 
397 483 3.01 
397 494 6.01 
397 500 8.01 
491 93 0.01 
491 170 0.01 
491 359 1.01 
491 436 0.01 
491 467 1.01 
491 488 6.01 
491 492 5.01 
5 20 0.01 
5 243 0.01 
5 374 3.01 
5 480 3.01 
5 493 17.009999999999998 
5 497 24.009999999999998 
5 498 23.009999999999998 
5 499 94.00999999999999 
20 51 0.01 
20 304 0.01 
20 361 1.01 
20 364 1.01 
20 419 0.01 
20 496 8.01 
20 498 10.01 
20 499 38.01 
243 45 0.01 
243 79 0.01 
243 356 2.01 
243 466 2.01 
243 483 3.01 
243 496 2.01 
243 498 15.01 
243 499 20.009999999999998 
374 45 0.01 
374 46 0.01 
374 158 1.01 
374 259 0.01 
374 455 2.01 
374 482 9.01 
374 493 41.01 
374 499 91.00999999999999 
480 404 8.01 
480 407 9.01 
480 476 7.01 
480 486 3.01 
480 496 52.01 
480 498 80.00999999999999 
480 499 163.01 
493 172 3.01 
493 293 70.00999999999999 
493 350 23.009999999999998 
493 402 42.01 
493 466 94.00999999999999 
493 474 67.00999999999999 
493 499 523.01 
498 212 32.01 
498 352 38.01 
498 432 33.01 
498 448 70.00999999999999 
498 484 168.01 
498 497 349.01 
498 499 869.01 
6 369 0.01 
6 477 0.01 
6 478 0.01 
6 488 0.01 
6 489 0.01 
6 491 1.01 
6 495 0.01 
6 500 1.01 
369 122 6.01 
369 240 3.01 
369 366 10.01 
369 377 2.01 
369 496 93.00999999999999 
369 497 108.00999999999999 
369 498 174.01 
369 499 12.01 
477 173 0.01 
477 323 1.01 
477 383 2.01 
477 442 2.01 
477 462 0.01 
477 485 10.01 
477 500 60.01 
478 1 0.01 
478 257 1.01 
478 290 3.01 
478 295 0.01 
478 348 7.01 
478 416 4.01 
478 500 34.01 
488 269 1.01 
488 303 0.01 
488 330 0.01 
488 492 9.01 
488 494 29.009999999999998 
488 499 27.009999999999998 
488 500 45.01 
489 344 0.01 
489 359 2.01 
489 453 2.01 
489 456 0.01 
489 462 5.01 
489 487 9.01 
489 500 37.01 
7 181 1.01 
7 425 1.01 
7 479 1.01 
7 480 4.01 
7 483 6.01 
7 497 14.01 
7 498 15.01 
7 499 42.01 
181 130 1.01 
181 338 0.01 
181 411 0.01 
181 475 0.01 
181 484 3.01 
181 496 12.01 
181 498 13.01 
181 499 45.01 
425 58 0.01 
425 436 7.01 
425 463 1.01 
425 476 8.01 
425 479 6.01 
425 497 23.009999999999998 
425 499 36.01 
483 92 3.01 
483 98 1.01 
483 149 3.01 
483 374 9.01 
483 404 3.01 
483 468 11.01 
483 499 246.01 
8 114 1.01 
8 254 0.01 
8 313 0.01 
8 354 1.01 
8 474 2.01 
8 483 2.01 
8 498 11.01 
8 499 30.009999999999998 
114 125 0.01 
114 206 0.01 
114 386 0.01 
114 450 1.01 
114 484 6.01 
114 493 7.01 
114 496 5.01 
114 499 18.009999999999998 
254 22 0.01 
254 65 0.01 
254 293 19.009999999999998 
254 301 0.01 
254 350 4.01 
254 376 1.01 
254 493 15.01 
254 496 47.01 
313 287 0.01 
313 370 0.01 
313 426 1.01 
313 452 0.01 
313 482 9.01 
313 496 13.01 
313 498 38.01 
313 499 33.01 
354 197 0.01 
354 259 2.01 
354 269 0.01 
354 278 0.01 
354 363 1.01 
354 455 0.01 
354 461 3.01 
354 499 26.009999999999998 
474 84 1.01 
474 259 4.01 
474 440 44.01 
474 457 16.009999999999998 
474 493 61.01 
474 497 168.01 
474 498 216.01 
24 49 0.01 
24 94 0.01 
24 302 0.01 
24 346 0.01 
24 348 0.01 
24 485 1.01 
24 492 0.01 
24 500 1.01 
214 23 0.01 
214 164 0.01 
214 231 0.01 
214 459 1.01 
214 484 2.01 
214 487 1.01 
214 492 1.01 
214 500 10.01 
237 40 0.01 
237 110 0.01 
237 201 0.01 
237 222 0.01 
237 291 0.01 
237 396 0.01 
237 499 2.01 
237 500 1.01 
289 87 0.01 
289 101 0.01 
289 186 0.01 
289 331 0.01 
289 470 0.01 
289 489 0.01 
289 500 2.01 
339 55 0.01 
339 93 1.01 
339 174 0.01 
339 199 0.01 
339 272 0.01 
339 491 2.01 
339 500 1.01 
471 124 1.01 
471 412 1.01 
471 490 15.01 
471 494 27.009999999999998 
471 495 28.009999999999998 
471 500 17.009999999999998 
10 344 5.01 
10 352 8.01 
10 466 6.01 
10 480 3.01 
10 482 2.01 
10 497 26.009999999999998 
10 498 42.01 
10 499 75.00999999999999 
344 114 0.01 
344 411 1.01 
344 435 1.01 
344 446 4.01 
344 482 17.009999999999998 
344 493 24.009999999999998 
344 496 55.01 
344 499 80.00999999999999 
352 151 1.01 
352 294 1.01 
352 401 1.01 
352 406 7.01 
352 446 6.01 
352 479 22.009999999999998 
352 493 60.01 
352 499 224.01 
466 91 6.01 
466 97 2.01 
466 483 33.01 
466 484 100.00999999999999 
466 496 67.00999999999999 
466 497 156.01 
466 499 432.01 
482 10 10.01 
482 91 5.01 
482 197 3.01 
482 418 7.01 
482 463 16.009999999999998 
482 474 26.009999999999998 
482 497 77.00999999999999 
11 234 0.01 
11 249 1.01 
11 356 0.01 
11 402 5.01 
11 475 3.01 
11 496 49.01 
11 498 29.009999999999998 
11 499 56.01 
234 305 0.01 
234 327 0.01 
234 365 2.01 
234 479 8.01 
234 483 5.01 
234 497 14.01 
234 498 24.009999999999998 
234 499 25.009999999999998 
249 171 0.01 
249 402 8.01 
249 424 3.01 
249 457 2.01 
249 464 11.01 
249 476 12.01 
249 482 4.01 
249 499 188.01 
356 64 0.01 
356 235 0.01 
356 347 0.01 
356 358 3.01 
356 370 0.01 
356 463 0.01 
356 496 9.01 
356 499 19.009999999999998 
402 429 9.01 
402 451 14.01 
402 463 7.01 
402 469 5.01 
402 477 4.01 
402 498 134.01 
402 499 251.01 
475 263 26.009999999999998 
475 304 7.01 
475 366 6.01 
475 406 12.01 
475 455 6.01 
475 498 126.00999999999999 
475 499 161.01 
12 179 0.01 
12 231 0.01 
12 340 0.01 
12 459 1.01 
12 477 0.01 
12 487 0.01 
12 490 0.01 
12 500 2.01 
179 221 0.01 
179 231 0.01 
179 239 0.01 
179 281 0.01 
179 303 1.01 
179 390 0.01 
179 484 0.01 
179 500 5.01 
231 29 0.01 
231 36 0.01 
231 38 0.01 
231 298 0.01 
231 405 0.01 
231 478 0.01 
231 494 0.01 
231 500 2.01 
340 362 0.01 
340 488 0.01 
340 489 1.01 
340 492 4.01 
340 495 2.01 
340 499 10.01 
340 500 10.01 
459 227 0.01 
459 238 0.01 
459 328 0.01 
459 442 2.01 
459 470 2.01 
459 497 5.01 
459 500 5.01 
487 22 0.01 
487 182 4.01 
487 272 1.01 
487 343 1.01 
487 349 1.01 
487 495 15.01 
487 500 38.01 
490 106 0.01 
490 218 1.01 
490 465 3.01 
490 478 5.01 
490 484 12.01 
490 499 73.00999999999999 
490 500 79.00999999999999 
13 175 0.01 
13 270 0.01 
13 362 0.01 
13 460 0.01 
13 462 0.01 
13 467 0.01 
13 490 0.01 
13 500 0.01 
175 30 0.01 
175 199 0.01 
175 215 0.01 
175 306 0.01 
175 377 0.01 
175 410 0.01 
175 429 0.01 
175 488 0.01 
270 78 0.01 
270 187 0.01 
270 196 0.01 
270 199 0.01 
270 485 0.01 
270 486 0.01 
270 495 0.01 
270 500 2.01 
362 277 0.01 
362 324 0.01 
362 438 4.01 
362 459 0.01 
362 466 0.01 
362 481 0.01 
362 498 2.01 
362 500 13.01 
460 238 0.01 
460 241 1.01 
460 256 0.01 
460 360 0.01 
460 433 1.01 
460 449 1.01 
460 500 32.01 
462 17 0.01 
462 300 1.01 
462 389 1.01 
462 416 2.01 
462 471 4.01 
462 492 4.01 
462 500 16.009999999999998 
467 177 0.01 
467 222 1.01 
467 345 0.01 
467 368 0.01 
467 442 2.01 
467 485 6.01 
467 500 19.009999999999998 
14 138 0.01 
14 179 0.01 
14 226 0.01 
14 361 0.01 
14 460 2.01 
14 467 2.01 
14 494 8.01 
14 500 20.009999999999998 
138 9 0.01 
138 300 0.01 
138 399 0.01 
138 423 0.01 
138 433 2.01 
138 486 0.01 
138 494 0.01 
138 500 2.01 
226 9 0.01 
226 398 0.01 
226 419 0.01 
226 430 1.01 
226 443 0.01 
226 456 1.01 
226 465 0.01 
226 500 13.01 
361 42 1.01 
361 47 1.01 
361 140 2.01 
361 206 1.01 
361 406 4.01 
361 445 0.01 
361 493 23.009999999999998 
361 499 119.00999999999999 
494 66 0.01 
494 181 1.01 
494 204 0.01 
494 247 1.01 
494 298 1.01 
494 471 22.009999999999998 
494 495 26.009999999999998 
15 307 0.01 
15 320 1.01 
15 425 1.01 
15 441 1.01 
15 497 11.01 
15 498 17.009999999999998 
15 499 23.009999999999998 
15 500 8.01 
307 114 0.01 
307 271 0.01 
307 299 0.01 
307 342 0.01 
307 436 1.01 
307 457 1.01 
307 497 8.01 
307 499 9.01 
441 52 1.01 
441 380 0.01 
441 431 7.01 
441 448 8.01 
441 464 9.01 
441 479 12.01 
441 499 90.00999999999999 
16 380 1.01 
16 419 0.01 
16 421 1.01 
16 450 1.01 
16 469 0.01 
16 497 13.01 
16 498 25.009999999999998 
16 499 29.009999999999998 
380 358 15.01 
380 435 3.01 
380 468 5.01 
380 475 11.01 
380 479 15.01 
380 484 39.01 
380 497 31.009999999999998 
380 499 105.00999999999999 
419 232 0.01 
419 292 0.01 
419 299 1.01 
419 337 2.01 
419 395 0.01 
419 463 3.01 
419 499 43.01 
421 54 1.01 
421 275 4.01 
421 418 10.01 
421 419 1.01 
421 444 0.01 
421 468 7.01 
421 496 44.01 
450 7 1.01 
450 200 5.01 
450 251 8.01 
450 268 0.01 
450 493 46.01 
450 498 75.00999999999999 
450 499 113.00999999999999 
17 112 0.01 
17 353 0.01 
17 459 0.01 
17 478 0.01 
17 487 2.01 
17 490 2.01 
17 495 8.01 
17 500 4.01 
112 187 0.01 
112 324 0.01 
112 330 0.01 
112 426 0.01 
112 489 0.01 
112 492 1.01 
112 497 1.01 
112 500 2.01 
353 6 0.01 
353 8 0.01 
353 62 1.01 
353 133 0.01 
353 186 0.01 
353 279 0.01 
353 486 4.01 
353 492 2.01 
18 234 2.01 
18 344 0.01 
18 394 0.01 
18 452 1.01 
18 484 7.01 
18 496 24.009999999999998 
18 498 23.009999999999998 
18 499 43.01 
394 31 1.01 
394 236 1.01 
394 402 13.01 
394 466 16.009999999999998 
394 469 10.01 
394 496 45.01 
394 499 69.00999999999999 
452 141 1.01 
452 431 6.01 
452 437 8.01 
452 440 19.009999999999998 
452 484 16.009999999999998 
452 497 50.01 
452 499 84.00999999999999 
484 3 3.01 
484 251 12.01 
484 261 14.01 
484 341 55.01 
484 496 217.01 
484 498 155.01 
484 499 520.01 
19 31 1.01 
19 83 0.01 
19 380 0.01 
19 387 0.01 
19 468 2.01 
19 493 23.009999999999998 
19 496 9.01 
19 499 22.009999999999998 
31 197 1.01 
31 262 1.01 
31 367 0.01 
31 469 0.01 
31 484 3.01 
31 497 16.009999999999998 
31 498 9.01 
31 499 19.009999999999998 
83 19 0.01 
83 253 0.01 
83 444 0.01 
83 451 2.01 
83 466 2.01 
83 496 9.01 
83 498 12.01 
83 499 36.01 
387 176 1.01 
387 355 1.01 
387 369 7.01 
387 374 2.01 
387 452 0.01 
387 497 44.01 
387 499 44.01 
468 18 3.01 
468 435 6.01 
468 457 7.01 
468 461 12.01 
468 477 7.01 
468 484 54.01 
468 499 178.01 
51 76 0.01 
51 268 0.01 
51 365 0.01 
51 450 1.01 
51 480 1.01 
51 497 4.01 
51 498 3.01 
51 499 9.01 
304 18 0.01 
304 83 1.01 
304 183 1.01 
304 229 2.01 
304 428 4.01 
304 461 1.01 
304 498 51.01 
304 499 121.00999999999999 
364 107 0.01 
364 226 0.01 
364 310 1.01 
364 353 0.01 
364 373 0.01 
364 465 0.01 
364 472 0.01 
364 500 1.01 
21 150 0.01 
21 202 0.01 
21 249 0.01 
21 256 0.01 
21 289 0.01 
21 343 0.01 
21 454 0.01 
21 500 5.01 
150 29 0.01 
150 32 1.01 
150 414 0.01 
150 427 0.01 
150 490 1.01 
150 491 0.01 
150 492 0.01 
150 500 0.01 
202 292 0.01 
202 307 0.01 
202 367 0.01 
202 369 0.01 
202 411 0.01 
202 496 16.009999999999998 
202 497 10.01 
202 498 12.01 
256 61 0.01 
256 131 0.01 
256 207 0.01 
256 397 0.01 
256 470 3.01 
256 471 0.01 
256 494 2.01 
256 500 11.01 
343 46 0.01 
343 50 0.01 
343 137 1.01 
343 349 1.01 
343 400 0.01 
343 432 3.01 
343 442 0.01 
343 500 9.01 
454 41 1.01 
454 192 0.01 
454 220 0.01 
454 416 0.01 
454 420 0.01 
454 489 2.01 
454 494 4.01 
22 118 0.01 
22 363 1.01 
22 395 0.01 
22 421 0.01 
22 448 3.01 
22 475 1.01 
22 497 9.01 
22 500 6.01 
118 183 0.01 
118 208 0.01 
118 319 0.01 
118 342 1.01 
118 441 0.01 
118 493 9.01 
118 497 2.01 
118 499 8.01 
363 380 0.01 
363 387 1.01 
363 425 0.01 
363 432 7.01 
363 440 3.01 
363 447 9.01 
363 483 10.01 
363 498 34.01 
395 11 1.01 
395 100 1.01 
395 240 2.01 
395 370 0.01 
395 432 9.01 
395 448 8.01 
395 499 84.00999999999999 
448 115 3.01 
448 130 6.01 
448 141 0.01 
448 376 7.01 
448 493 124.00999999999999 
448 496 99.00999999999999 
448 499 318.01 
23 129 0.01 
23 198 0.01 
23 283 0.01 
23 284 0.01 
23 444 0.01 
23 458 0.01 
23 491 1.01 
23 500 5.01 
129 63 0.01 
129 159 0.01 
129 169 0.01 
129 191 0.01 
129 409 0.01 
129 417 0.01 
129 470 1.01 
129 500 3.01 
198 98 0.01 
198 312 0.01 
198 475 0.01 
198 487 0.01 
198 491 0.01 
198 494 3.01 
198 497 3.01 
198 500 24.009999999999998 
283 33 0.01 
283 215 0.01 
283 381 0.01 
283 452 0.01 
283 456 0.01 
283 478 4.01 
283 495 2.01 
283 500 2.01 
284 147 0.01 
284 248 0.01 
284 255 0.01 
284 439 0.01 
284 489 0.01 
284 496 0.01 
284 498 0.01 
284 500 1.01 
444 176 0.01 
444 376 2.01 
444 404 4.01 
444 455 6.01 
444 474 5.01 
444 484 19.009999999999998 
444 499 34.01 
458 163 0.01 
458 196 1.01 
458 220 0.01 
458 322 1.01 
458 340 0.01 
458 403 0.01 
458 500 17.009999999999998 
49 6 0.01 
49 258 0.01 
49 442 0.01 
49 459 0.01 
49 467 0.01 
49 473 0.01 
49 491 1.01 
49 500 2.01 
94 45 0.01 
94 112 0.01 
94 345 0.01 
94 364 0.01 
94 438 0.01 
94 459 0.01 
94 492 1.01 
94 500 4.01 
302 158 0.01 
302 204 3.01 
302 310 0.01 
302 324 0.01 
302 470 3.01 
302 481 0.01 
302 500 24.009999999999998 
346 39 0.01 
346 379 1.01 
346 408 0.01 
346 473 0.01 
346 478 0.01 
346 489 2.01 
346 500 5.01 
348 108 1.01 
348 198 1.01 
348 324 3.01 
348 414 0.01 
348 485 5.01 
348 492 14.01 
348 494 23.009999999999998 
348 500 10.01 
485 14 2.01 
485 123 3.01 
485 188 0.01 
485 377 17.009999999999998 
485 399 2.01 
485 498 61.01 
485 500 55.01 
25 38 0.01 
25 184 0.01 
25 284 0.01 
25 322 0.01 
25 354 0.01 
25 399 0.01 
25 495 1.01 
25 500 3.01 
38 57 0.01 
38 111 0.01 
38 283 0.01 
38 385 0.01 
38 442 0.01 
38 456 0.01 
38 500 1.01 
184 95 0.01 
184 286 0.01 
184 325 0.01 
184 360 0.01 
184 453 0.01 
184 478 0.01 
184 494 0.01 
184 500 5.01 
322 66 0.01 
322 143 0.01 
322 358 0.01 
322 372 0.01 
322 397 2.01 
322 454 0.01 
322 486 3.01 
322 497 3.01 
399 365 1.01 
399 486 1.01 
399 488 3.01 
399 490 3.01 
399 494 6.01 
399 495 6.01 
399 500 38.01 
26 102 0.01 
26 142 0.01 
26 234 0.01 
26 454 0.01 
26 471 0.01 
26 485 0.01 
26 490 0.01 
26 500 5.01 
102 94 1.01 
102 273 0.01 
102 303 0.01 
102 326 0.01 
102 416 0.01 
102 426 0.01 
102 487 2.01 
102 500 9.01 
142 13 0.01 
142 146 0.01 
142 204 1.01 
142 379 0.01 
142 462 0.01 
142 472 0.01 
142 494 0.01 
142 500 1.01 
292 278 0.01 
292 307 0.01 
292 431 0.01 
292 469 0.01 
292 493 11.01 
292 497 12.01 
292 498 24.009999999999998 
292 499 34.01 
350 316 2.01 
350 448 22.009999999999998 
350 464 13.01 
350 480 5.01 
350 482 12.01 
350 496 47.01 
350 497 61.01 
350 499 165.01 
411 74 0.01 
411 136 1.01 
411 286 0.01 
411 342 0.01 
411 376 10.01 
411 444 1.01 
411 499 39.01 
418 44 1.01 
418 327 1.01 
418 380 6.01 
418 386 2.01 
418 497 43.01 
418 498 115.00999999999999 
418 499 148.01 
437 74 2.01 
437 275 3.01 
437 331 0.01 
437 428 2.01 
437 484 27.009999999999998 
437 498 70.00999999999999 
437 499 175.01 
464 185 0.01 
464 212 17.009999999999998 
464 269 5.01 
464 395 1.01 
464 496 88.00999999999999 
464 498 118.00999999999999 
464 499 251.01 
28 163 0.01 
28 169 0.01 
28 427 0.01 
28 453 0.01 
28 458 0.01 
28 495 3.01 
28 500 4.01 
163 34 0.01 
163 165 0.01 
163 265 0.01 
163 366 0.01 
163 415 0.01 
163 471 1.01 
163 494 3.01 
163 500 1.01 
169 244 0.01 
169 371 0.01 
169 423 0.01 
169 427 0.01 
169 459 0.01 
169 462 0.01 
169 467 0.01 
169 500 0.01 
427 75 0.01 
427 260 1.01 
427 277 0.01 
427 408 0.01 
427 415 0.01 
427 491 1.01 
427 500 5.01 
453 174 0.01 
453 260 0.01 
453 317 0.01 
453 382 1.01 
453 422 2.01 
453 486 2.01 
453 500 17.009999999999998 
29 69 0.01 
29 103 0.01 
29 239 0.01 
29 376 0.01 
29 439 0.01 
29 485 0.01 
29 493 1.01 
29 500 1.01 
103 67 0.01 
103 224 0.01 
103 364 0.01 
103 381 0.01 
103 391 0.01 
103 470 1.01 
103 488 0.01 
103 500 2.01 
239 43 1.01 
239 78 0.01 
239 214 0.01 
239 333 0.01 
239 407 0.01 
239 413 1.01 
239 434 1.01 
239 500 26.009999999999998 
376 58 0.01 
376 329 4.01 
376 404 2.01 
376 407 2.01 
376 496 40.01 
376 497 30.009999999999998 
376 498 67.00999999999999 
376 499 63.01 
439 205 0.01 
439 375 0.01 
439 393 0.01 
439 398 1.01 
439 490 6.01 
439 498 10.01 
439 500 10.01 
30 285 0.01 
30 351 0.01 
30 378 0.01 
30 434 0.01 
30 462 0.01 
30 467 0.01 
30 481 1.01 
30 500 5.01 
285 121 1.01 
285 134 0.01 
285 184 0.01 
285 400 0.01 
285 477 1.01 
285 487 0.01 
285 495 0.01 
285 500 2.01 
351 111 0.01 
351 379 0.01 
351 420 0.01 
351 460 0.01 
351 478 0.01 
351 481 1.01 
351 488 2.01 
351 500 10.01 
434 161 0.01 
434 277 0.01 
434 398 0.01 
434 405 1.01 
434 480 2.01 
434 494 3.01 
434 500 12.01 
197 65 0.01 
197 115 0.01 
197 358 22.009999999999998 
197 429 3.01 
197 440 6.01 
197 469 2.01 
197 497 27.009999999999998 
197 499 57.01 
262 313 0.01 
262 316 0.01 
262 393 1.01 
262 475 7.01 
262 476 6.01 
262 483 0.01 
262 484 7.01 
262 499 24.009999999999998 
367 149 2.01 
367 431 1.01 
367 455 2.01 
367 457 1.01 
367 483 2.01 
367 497 9.01 
367 498 8.01 
367 499 20.009999999999998 
32 2 0.01 
32 267 0.01 
32 297 0.01 
32 433 0.01 
32 453 0.01 
32 473 0.01 
32 486 0.01 
32 500 1.01 
267 178 0.01 
267 219 0.01 
267 230 0.01 
267 434 0.01 
267 445 1.01 
267 486 0.01 
267 491 1.01 
267 500 3.01 
297 43 0.01 
297 95 0.01 
297 150 0.01 
297 203 0.01 
297 372 0.01 
297 462 0.01 
297 477 3.01 
297 500 0.01 
433 169 0.01 
433 323 2.01 
433 401 3.01 
433 453 0.01 
433 472 1.01 
433 473 2.01 
433 481 2.01 
473 110 0.01 
473 210 0.01 
473 219 0.01 
473 239 0.01 
473 302 2.01 
473 472 3.01 
473 500 16.009999999999998 
486 168 0.01 
486 336 2.01 
486 355 2.01 
486 371 1.01 
486 398 4.01 
486 465 4.01 
486 494 15.01 
33 107 0.01 
33 188 0.01 
33 312 0.01 
33 339 0.01 
33 340 0.01 
33 467 0.01 
33 499 0.01 
33 500 1.01 
107 50 0.01 
107 67 0.01 
107 389 0.01 
107 391 1.01 
107 417 0.01 
107 471 2.01 
107 472 0.01 
107 500 3.01 
188 128 0.01 
188 256 0.01 
188 454 0.01 
188 468 2.01 
188 481 4.01 
188 490 3.01 
188 494 4.01 
188 500 20.009999999999998 
312 68 0.01 
312 147 0.01 
312 362 0.01 
312 443 1.01 
312 449 0.01 
312 472 0.01 
312 477 1.01 
312 500 2.01 
81 35 0.01 
81 143 0.01 
81 182 0.01 
81 256 0.01 
81 378 0.01 
81 488 0.01 
81 495 0.01 
81 500 0.01 
274 186 0.01 
274 283 0.01 
274 392 0.01 
274 410 0.01 
274 456 0.01 
274 458 0.01 
274 485 0.01 
274 500 0.01 
288 4 0.01 
288 192 0.01 
288 257 1.01 
288 283 0.01 
288 381 0.01 
288 494 2.01 
288 499 4.01 
288 500 5.01 
349 2 0.01 
349 121 0.01 
349 186 0.01 
349 219 0.01 
349 359 1.01 
349 392 0.01 
349 488 1.01 
349 497 2.01 
35 124 0.01 
35 155 0.01 
35 250 0.01 
35 312 0.01 
35 389 0.01 
35 465 0.01 
35 491 0.01 
35 500 0.01 
124 54 1.01 
124 237 0.01 
124 445 1.01 
124 485 4.01 
124 491 0.01 
124 492 3.01 
124 495 2.01 
124 500 28.009999999999998 
155 77 0.01 
155 412 0.01 
155 422 0.01 
155 456 0.01 
155 481 0.01 
155 488 0.01 
155 495 0.01 
155 500 2.01 
250 133 0.01 
250 228 0.01 
250 405 0.01 
250 438 0.01 
250 486 0.01 
250 494 0.01 
250 495 0.01 
250 500 0.01 
389 148 0.01 
389 252 0.01 
389 289 1.01 
389 405 0.01 
389 415 1.01 
389 495 1.01 
389 500 7.01 
465 30 0.01 
465 172 1.01 
465 190 1.01 
465 439 0.01 
465 460 4.01 
465 482 1.01 
465 488 3.01 
36 298 0.01 
36 391 0.01 
36 445 0.01 
36 470 0.01 
36 473 5.01 
36 481 0.01 
36 490 4.01 
36 500 7.01 
298 220 0.01 
298 267 0.01 
298 273 1.01 
298 308 0.01 
298 318 0.01 
298 458 1.01 
298 488 3.01 
298 500 19.009999999999998 
391 193 0.01 
391 274 0.01 
391 410 1.01 
391 427 1.01 
391 431 1.01 
391 487 0.01 
391 488 2.01 
445 187 0.01 
445 214 0.01 
445 225 0.01 
445 301 0.01 
445 489 2.01 
445 491 0.01 
445 500 17.009999999999998 
470 116 0.01 
470 144 0.01 
470 347 0.01 
470 383 3.01 
470 397 0.01 
470 472 4.01 
470 500 22.009999999999998 
37 284 0.01 
37 404 0.01 
37 422 0.01 
37 439 0.01 
37 458 0.01 
37 477 0.01 
37 485 0.01 
37 500 0.01 
404 101 1.01 
404 374 5.01 
404 393 1.01 
404 440 13.01 
404 483 3.01 
404 497 41.01 
404 499 93.00999999999999 
422 66 1.01 
422 106 0.01 
422 129 2.01 
422 316 0.01 
422 413 0.01 
422 489 1.01 
422 500 9.01 
57 302 0.01 
57 333 0.01 
57 385 0.01 
57 412 0.01 
57 439 0.01 
57 477 5.01 
57 486 0.01 
57 497 2.01 
385 28 0.01 
385 209 0.01 
385 218 1.01 
385 274 0.01 
385 400 0.01 
385 415 0.01 
385 492 0.01 
385 500 6.01 
442 224 0.01 
442 318 1.01 
442 462 0.01 
442 470 2.01 
442 492 1.01 
442 494 3.01 
442 495 2.01 
456 348 1.01 
456 353 0.01 
456 381 2.01 
456 489 2.01 
456 492 3.01 
456 499 21.009999999999998 
456 500 35.01 
39 127 1.01 
39 163 0.01 
39 412 0.01 
39 434 0.01 
39 460 1.01 
39 472 0.01 
39 491 0.01 
39 500 5.01 
127 275 0.01 
127 347 0.01 
127 419 0.01 
127 455 0.01 
127 468 0.01 
127 480 2.01 
127 493 3.01 
127 499 14.01 
412 55 0.01 
412 264 2.01 
412 340 0.01 
412 430 1.01 
412 458 1.01 
412 499 16.009999999999998 
412 500 33.01 
472 88 0.01 
472 273 2.01 
472 280 1.01 
472 315 2.01 
472 401 1.01 
472 465 1.01 
472 500 39.01 
40 1 0.01 
40 52 0.01 
40 205 0.01 
40 311 0.01 
40 339 1.01 
40 446 0.01 
40 485 2.01 
40 500 4.01 
52 157 0.01 
52 271 0.01 
52 347 1.01 
52 352 4.01 
52 366 5.01 
52 475 1.01 
52 496 18.009999999999998 
52 499 32.01 
205 351 0.01 
205 417 0.01 
205 420 0.01 
205 449 0.01 
205 471 3.01 
205 495 0.01 
205 500 3.01 
311 276 0.01 
311 328 1.01 
311 415 0.01 
311 420 0.01 
311 438 0.01 
311 490 0.01 
311 494 0.01 
311 500 2.01 
446 211 3.01 
446 337 3.01 
446 342 5.01 
446 440 16.009999999999998 
446 464 16.009999999999998 
446 475 3.01 
446 499 93.00999999999999 
41 57 0.01 
41 315 0.01 
41 390 0.01 
41 420 0.01 
41 423 0.01 
41 458 0.01 
41 490 0.01 
41 500 1.01 
315 24 0.01 
315 224 0.01 
315 281 2.01 
315 338 0.01 
315 414 0.01 
315 460 2.01 
315 487 2.01 
315 500 14.01 
420 117 0.01 
420 153 0.01 
420 300 0.01 
420 495 1.01 
420 496 1.01 
420 500 7.01 
423 62 0.01 
423 170 0.01 
423 328 2.01 
423 422 0.01 
423 477 1.01 
423 491 1.01 
423 500 5.01 
42 358 14.01 
42 387 0.01 
42 451 0.01 
42 479 0.01 
42 483 1.01 
42 493 9.01 
42 497 11.01 
42 499 30.009999999999998 
358 5 3.01 
358 135 4.01 
358 304 9.01 
358 361 4.01 
358 482 27.009999999999998 
358 494 12.01 
358 498 142.01 
358 499 15.01 
451 132 1.01 
451 229 2.01 
451 409 9.01 
451 437 5.01 
451 476 20.009999999999998 
451 496 108.00999999999999 
451 498 193.01 
43 1 0.01 
43 177 0.01 
43 184 0.01 
43 279 1.01 
43 420 0.01 
43 487 0.01 
43 498 1.01 
43 500 4.01 
177 148 0.01 
177 153 0.01 
177 161 0.01 
177 286 0.01 
177 425 1.01 
177 487 1.01 
177 495 0.01 
177 500 2.01 
279 230 0.01 
279 265 0.01 
279 300 0.01 
279 314 0.01 
279 377 3.01 
279 481 0.01 
279 494 4.01 
279 500 24.009999999999998 
44 341 6.01 
44 342 0.01 
44 350 5.01 
44 418 0.01 
44 441 0.01 
44 469 3.01 
44 496 23.009999999999998 
44 499 36.01 
341 11 1.01 
341 363 0.01 
341 380 3.01 
341 429 2.01 
341 468 11.01 
341 496 42.01 
341 497 117.00999999999999 
341 499 310.01 
342 113 0.01 
342 157 0.01 
342 240 3.01 
342 368 4.01 
342 393 1.01 
342 497 19.009999999999998 
342 498 37.01 
342 499 39.01 
45 395 1.01 
45 409 0.01 
45 428 1.01 
45 441 0.01 
45 493 2.01 
45 496 9.01 
45 497 7.01 
45 499 17.009999999999998 
409 167 1.01 
409 384 4.01 
409 429 4.01 
409 482 18.009999999999998 
409 497 81.00999999999999 
409 498 93.00999999999999 
409 499 199.01 
428 233 0.01 
428 305 7.01 
428 386 3.01 
428 474 20.009999999999998 
428 483 14.01 
428 493 35.01 
428 499 102.00999999999999 
46 167 2.01 
46 356 0.01 
46 439 0.01 
46 448 10.01 
46 452 3.01 
46 461 1.01 
46 498 17.009999999999998 
46 499 22.009999999999998 
167 243 0.01 
167 347 0.01 
167 374 2.01 
167 474 6.01 
167 476 4.01 
167 496 12.01 
167 497 9.01 
167 499 27.009999999999998 
47 3 0.01 
47 418 4.01 
47 424 0.01 
47 479 2.01 
47 496 14.01 
47 497 24.009999999999998 
47 498 25.009999999999998 
47 499 106.00999999999999 
424 15 2.01 
424 140 1.01 
424 431 1.01 
424 447 6.01 
424 457 8.01 
424 493 17.009999999999998 
424 500 16.009999999999998 
48 183 0.01 
48 251 0.01 
48 329 0.01 
48 448 1.01 
48 468 3.01 
48 496 8.01 
48 498 23.009999999999998 
48 499 9.01 
183 58 1.01 
183 235 0.01 
183 355 1.01 
183 424 1.01 
183 463 1.01 
183 464 2.01 
183 483 4.01 
183 499 48.01 
251 48 1.01 
251 246 1.01 
251 321 0.01 
251 421 1.01 
251 435 7.01 
251 463 10.01 
251 498 90.00999999999999 
251 499 84.00999999999999 
329 5 0.01 
329 243 1.01 
329 347 0.01 
329 411 1.01 
329 447 5.01 
329 496 7.01 
329 497 8.01 
329 499 19.009999999999998 
258 199 0.01 
258 207 1.01 
258 225 0.01 
258 330 0.01 
258 379 0.01 
258 489 0.01 
258 499 5.01 
258 500 5.01 
50 41 0.01 
50 68 0.01 
50 217 0.01 
50 318 0.01 
50 417 0.01 
50 486 1.01 
50 492 2.01 
50 500 1.01 
68 41 0.01 
68 146 0.01 
68 201 0.01 
68 330 0.01 
68 377 0.01 
68 402 0.01 
68 491 0.01 
68 500 1.01 
217 117 0.01 
217 228 0.01 
217 340 0.01 
217 375 0.01 
217 420 0.01 
217 423 1.01 
217 485 0.01 
217 500 2.01 
318 90 0.01 
318 131 0.01 
318 207 0.01 
318 300 0.01 
318 375 0.01 
318 385 0.01 
318 489 0.01 
318 500 11.01 
417 286 0.01 
417 370 0.01 
417 383 1.01 
417 400 0.01 
417 414 0.01 
417 416 0.01 
417 491 0.01 
76 208 1.01 
76 268 0.01 
76 327 0.01 
76 394 0.01 
76 451 0.01 
76 468 2.01 
76 496 8.01 
76 499 7.01 
268 139 1.01 
268 307 0.01 
268 363 0.01 
268 406 0.01 
268 446 2.01 
268 484 8.01 
268 497 5.01 
268 499 17.009999999999998 
365 8 0.01 
365 152 1.01 
365 202 1.01 
365 363 0.01 
365 395 2.01 
365 484 10.01 
365 498 27.009999999999998 
365 499 75.00999999999999 
157 10 0.01 
157 134 0.01 
157 436 2.01 
157 464 0.01 
157 468 2.01 
157 496 7.01 
157 498 9.01 
157 499 13.01 
271 82 0.01 
271 424 0.01 
271 425 1.01 
271 428 1.01 
271 469 1.01 
271 479 4.01 
271 498 23.009999999999998 
271 499 21.009999999999998 
347 42 1.01 
347 208 1.01 
347 367 0.01 
347 444 0.01 
347 493 8.01 
347 496 11.01 
347 498 5.01 
347 499 27.009999999999998 
366 223 0.01 
366 271 1.01 
366 292 0.01 
366 431 6.01 
366 463 12.01 
366 469 5.01 
366 493 31.009999999999998 
366 499 144.01 
53 28 0.01 
53 362 2.01 
53 453 0.01 
53 460 0.01 
53 481 0.01 
53 492 1.01 
53 495 0.01 
53 500 5.01 
54 141 0.01 
54 331 0.01 
54 350 0.01 
54 452 1.01 
54 464 1.01 
54 493 8.01 
54 498 16.009999999999998 
54 499 16.009999999999998 
141 44 1.01 
141 80 2.01 
141 149 0.01 
141 321 0.01 
141 344 4.01 
141 448 3.01 
141 457 5.01 
141 499 52.01 
331 301 1.01 
331 424 0.01 
331 463 0.01 
331 468 2.01 
331 474 4.01 
331 484 5.01 
331 497 15.01 
331 499 24.009999999999998 
55 53 0.01 
55 78 0.01 
55 209 0.01 
55 408 0.01 
55 443 0.01 
55 472 1.01 
55 495 1.01 
55 500 5.01 
78 131 0.01 
78 146 0.01 
78 203 0.01 
78 315 0.01 
78 326 0.01 
78 381 0.01 
78 477 0.01 
78 500 5.01 
209 104 0.01 
209 221 0.01 
209 279 0.01 
209 382 0.01 
209 477 0.01 
209 494 1.01 
209 495 0.01 
209 500 0.01 
408 240 0.01 
408 248 0.01 
408 291 0.01 
408 465 0.01 
408 486 1.01 
408 490 1.01 
408 500 7.01 
443 90 0.01 
443 192 0.01 
443 462 2.01 
443 472 3.01 
443 490 6.01 
443 493 7.01 
443 500 11.01 
56 68 0.01 
56 209 0.01 
56 275 0.01 
56 383 0.01 
56 489 1.01 
56 494 0.01 
56 495 0.01 
56 500 2.01 
275 212 3.01 
275 332 0.01 
275 367 0.01 
275 411 0.01 
275 437 0.01 
275 452 5.01 
275 493 10.01 
275 499 32.01 
383 100 0.01 
383 137 0.01 
383 195 0.01 
383 218 0.01 
383 481 0.01 
383 487 2.01 
383 491 2.01 
383 500 13.01 
333 26 0.01 
333 420 0.01 
333 442 0.01 
333 471 1.01 
333 486 2.01 
333 491 0.01 
333 498 1.01 
333 500 7.01 
58 134 0.01 
58 233 0.01 
58 337 0.01 
58 419 0.01 
58 447 3.01 
58 496 8.01 
58 498 14.01 
58 499 37.01 
134 125 0.01 
134 263 0.01 
134 356 0.01 
134 409 2.01 
134 430 0.01 
134 468 0.01 
134 498 3.01 
134 499 2.01 
233 136 2.01 
233 266 0.01 
233 299 0.01 
233 421 2.01 
233 457 2.01 
233 484 4.01 
233 498 25.009999999999998 
233 499 24.009999999999998 
337 369 5.01 
337 403 2.01 
337 428 0.01 
337 435 2.01 
337 457 2.01 
337 496 16.009999999999998 
337 498 32.01 
337 499 36.01 
447 254 5.01 
447 407 6.01 
447 470 5.01 
447 482 20.009999999999998 
447 493 120.00999999999999 
447 496 29.009999999999998 
447 499 330.01 
59 253 0.01 
59 407 2.01 
59 451 6.01 
59 476 2.01 
59 483 6.01 
59 484 10.01 
59 497 11.01 
59 499 35.01 
253 59 0.01 
253 194 0.01 
253 363 0.01 
253 429 1.01 
253 484 2.01 
253 491 0.01 
253 498 9.01 
253 499 14.01 
407 246 3.01 
407 450 4.01 
407 451 11.01 
407 483 14.01 
407 497 45.01 
407 498 81.00999999999999 
407 499 105.00999999999999 
476 200 3.01 
476 394 7.01 
476 421 5.01 
476 450 12.01 
476 461 8.01 
476 484 41.01 
476 499 209.01 
60 103 0.01 
60 110 1.01 
60 296 0.01 
60 357 0.01 
60 392 1.01 
60 469 0.01 
60 489 2.01 
60 500 9.01 
110 36 0.01 
110 244 0.01 
110 381 1.01 
110 433 1.01 
110 473 0.01 
110 485 1.01 
110 493 3.01 
110 500 21.009999999999998 
296 88 0.01 
296 216 0.01 
296 222 1.01 
296 364 0.01 
296 416 0.01 
296 423 0.01 
296 500 8.01 
357 145 0.01 
357 258 0.01 
357 282 0.01 
357 289 0.01 
357 307 0.01 
357 438 1.01 
357 458 1.01 
357 500 6.01 
392 279 1.01 
392 280 2.01 
392 334 2.01 
392 438 7.01 
392 456 3.01 
392 477 16.009999999999998 
392 500 8.01 
61 185 1.01 
61 262 0.01 
61 266 0.01 
61 437 0.01 
61 441 2.01 
61 468 2.01 
61 498 18.009999999999998 
61 499 27.009999999999998 
185 211 0.01 
185 268 1.01 
185 394 2.01 
185 406 0.01 
185 432 2.01 
185 446 13.01 
185 496 18.009999999999998 
185 499 31.009999999999998 
62 147 0.01 
62 245 0.01 
62 276 1.01 
62 317 0.01 
62 434 0.01 
62 487 1.01 
62 498 3.01 
62 499 21.009999999999998 
147 201 0.01 
147 282 0.01 
147 326 0.01 
147 346 0.01 
147 396 0.01 
147 481 0.01 
147 492 0.01 
147 500 1.01 
245 103 0.01 
245 217 0.01 
245 296 0.01 
245 391 0.01 
245 430 1.01 
245 460 0.01 
245 473 0.01 
245 481 0.01 
276 148 1.01 
276 160 0.01 
276 335 0.01 
276 378 0.01 
276 473 0.01 
276 487 0.01 
276 491 0.01 
276 500 4.01 
317 4 0.01 
317 125 0.01 
317 189 0.01 
317 230 0.01 
317 343 0.01 
317 449 0.01 
317 470 1.01 
317 495 1.01 
63 144 1.01 
63 412 0.01 
63 422 0.01 
63 461 0.01 
63 471 0.01 
63 475 0.01 
63 489 1.01 
63 500 0.01 
144 132 0.01 
144 367 0.01 
144 382 1.01 
144 426 0.01 
144 430 0.01 
144 481 1.01 
144 492 0.01 
144 500 5.01 
64 76 0.01 
64 305 0.01 
64 321 0.01 
64 386 1.01 
64 480 0.01 
64 496 4.01 
64 498 5.01 
64 499 6.01 
305 113 1.01 
305 301 2.01 
305 403 3.01 
305 441 5.01 
305 476 11.01 
305 496 12.01 
305 497 69.00999999999999 
305 499 217.01 
321 263 8.01 
321 301 0.01 
321 320 0.01 
321 331 0.01 
321 361 0.01 
321 451 3.01 
321 483 4.01 
321 499 25.009999999999998 
386 189 2.01 
386 235 0.01 
386 393 3.01 
386 475 5.01 
386 480 4.01 
386 497 24.009999999999998 
386 498 46.01 
386 499 64.00999999999999 
65 84 0.01 
65 91 0.01 
65 97 0.01 
65 162 6.01 
65 476 4.01 
65 496 12.01 
65 497 5.01 
65 499 23.009999999999998 
84 113 2.01 
84 316 0.01 
84 437 3.01 
84 450 0.01 
84 457 1.01 
84 480 3.01 
84 498 30.009999999999998 
84 499 60.01 
91 42 1.01 
91 136 0.01 
91 171 0.01 
91 266 1.01 
91 441 1.01 
91 483 12.01 
91 498 38.01 
91 499 90.00999999999999 
97 156 1.01 
97 181 0.01 
97 338 3.01 
97 402 6.01 
97 466 0.01 
97 480 4.01 
97 498 30.009999999999998 
97 499 72.00999999999999 
162 47 4.01 
162 96 3.01 
162 295 2.01 
162 319 10.01 
162 409 18.009999999999998 
162 464 18.009999999999998 
162 496 94.00999999999999 
162 499 10.01 
66 324 0.01 
66 340 1.01 
66 351 0.01 
66 357 0.01 
66 473 3.01 
66 486 5.01 
66 490 3.01 
66 500 16.009999999999998 
324 192 0.01 
324 244 1.01 
324 441 0.01 
324 449 0.01 
324 467 0.01 
324 478 2.01 
324 485 3.01 
324 500 22.009999999999998 
67 21 0.01 
67 109 0.01 
67 198 0.01 
67 231 0.01 
67 417 0.01 
67 433 0.01 
67 462 0.01 
67 500 1.01 
109 81 0.01 
109 297 0.01 
109 322 0.01 
109 396 0.01 
109 427 0.01 
109 467 0.01 
109 494 1.01 
109 500 4.01 
146 177 0.01 
146 215 0.01 
146 401 0.01 
146 445 0.01 
146 462 0.01 
146 488 0.01 
146 489 0.01 
146 500 1.01 
201 164 0.01 
201 442 0.01 
201 459 1.01 
201 473 0.01 
201 474 0.01 
201 494 4.01 
201 498 3.01 
201 500 1.01 
330 191 0.01 
330 245 0.01 
330 375 1.01 
330 396 0.01 
330 405 0.01 
330 486 2.01 
330 489 0.01 
330 500 6.01 
377 62 0.01 
377 145 0.01 
377 207 0.01 
377 264 2.01 
377 290 2.01 
377 494 8.01 
377 500 44.01 
104 35 0.01 
104 120 0.01 
104 164 0.01 
104 221 0.01 
104 242 0.01 
104 306 0.01 
104 477 1.01 
104 500 2.01 
193 21 0.01 
193 38 0.01 
193 222 0.01 
193 285 0.01 
193 345 0.01 
193 477 0.01 
193 489 0.01 
193 500 3.01 
272 70 0.01 
272 129 0.01 
272 241 1.01 
272 252 0.01 
272 389 0.01 
272 422 0.01 
272 450 0.01 
272 500 8.01 
309 13 0.01 
309 284 0.01 
309 357 0.01 
309 372 0.01 
309 473 0.01 
309 495 3.01 
309 500 2.01 
70 63 0.01 
70 120 0.01 
70 178 0.01 
70 285 0.01 
70 326 0.01 
70 427 0.01 
70 470 1.01 
70 500 2.01 
120 345 0.01 
120 359 0.01 
120 399 0.01 
120 439 0.01 
120 473 0.01 
120 487 0.01 
120 490 0.01 
120 500 4.01 
178 53 0.01 
178 142 0.01 
178 277 0.01 
178 287 0.01 
178 335 0.01 
178 494 3.01 
178 495 3.01 
178 500 3.01 
326 56 0.01 
326 180 0.01 
326 303 0.01 
326 309 0.01 
326 383 1.01 
326 418 0.01 
326 486 1.01 
326 500 4.01 
71 191 0.01 
71 195 0.01 
71 283 0.01 
71 297 0.01 
71 312 0.01 
71 349 0.01 
71 486 0.01 
71 500 0.01 
191 270 0.01 
191 335 0.01 
191 373 0.01 
191 442 1.01 
191 453 0.01 
191 481 0.01 
191 489 1.01 
191 500 2.01 
195 73 0.01 
195 203 0.01 
195 247 0.01 
195 291 0.01 
195 360 1.01 
195 408 0.01 
195 500 5.01 
72 32 0.01 
72 306 1.01 
72 310 0.01 
72 317 0.01 
72 438 0.01 
72 492 1.01 
72 495 1.01 
72 500 0.01 
306 60 0.01 
306 73 0.01 
306 85 0.01 
306 415 2.01 
306 423 0.01 
306 426 0.01 
306 489 1.01 
306 500 1.01 
310 422 0.01 
310 423 0.01 
310 477 1.01 
310 487 2.01 
310 490 1.01 
310 491 0.01 
310 495 1.01 
310 500 5.01 
438 53 0.01 
438 239 0.01 
438 388 0.01 
438 410 0.01 
438 488 3.01 
438 490 6.01 
438 500 32.01 
73 14 0.01 
73 138 0.01 
73 391 0.01 
73 443 0.01 
73 454 0.01 
73 467 0.01 
73 481 1.01 
73 500 8.01 
74 5 1.01 
74 235 1.01 
74 294 1.01 
74 431 1.01 
74 469 1.01 
74 493 14.01 
74 496 22.009999999999998 
74 499 67.00999999999999 
235 194 0.01 
235 253 0.01 
235 264 0.01 
235 461 0.01 
235 474 8.01 
235 483 1.01 
235 498 18.009999999999998 
235 499 20.009999999999998 
294 54 0.01 
294 61 0.01 
294 127 0.01 
294 162 7.01 
294 370 3.01 
294 432 3.01 
294 482 4.01 
294 499 62.01 
431 152 1.01 
431 287 2.01 
431 418 6.01 
431 436 6.01 
431 448 13.01 
431 479 8.01 
431 499 164.01 
75 82 0.01 
75 135 0.01 
75 411 0.01 
75 424 0.01 
75 429 0.01 
75 475 1.01 
75 496 5.01 
75 499 7.01 
82 259 0.01 
82 294 0.01 
82 331 0.01 
82 370 0.01 
82 425 0.01 
82 447 0.01 
82 469 2.01 
82 499 13.01 
135 137 0.01 
135 424 0.01 
135 432 2.01 
135 447 3.01 
135 455 1.01 
135 464 3.01 
135 480 3.01 
135 499 73.00999999999999 
429 8 0.01 
429 15 1.01 
429 105 6.01 
429 342 2.01 
429 393 6.01 
429 476 22.009999999999998 
429 499 116.00999999999999 
208 202 0.01 
208 369 6.01 
208 393 1.01 
208 421 1.01 
208 441 0.01 
208 451 9.01 
208 452 4.01 
208 499 54.01 
327 3 4.01 
327 76 0.01 
327 278 0.01 
327 368 1.01 
327 421 2.01 
327 483 5.01 
327 498 38.01 
327 499 48.01 
77 37 0.01 
77 227 0.01 
77 255 0.01 
77 309 0.01 
77 406 0.01 
77 449 0.01 
77 453 0.01 
77 500 1.01 
227 173 0.01 
227 232 0.01 
227 298 0.01 
227 310 0.01 
227 359 0.01 
227 480 0.01 
227 488 0.01 
227 500 1.01 
255 276 0.01 
255 311 0.01 
255 353 0.01 
255 488 1.01 
255 490 0.01 
255 491 0.01 
255 495 1.01 
255 500 1.01 
406 158 1.01 
406 190 0.01 
406 338 2.01 
406 380 8.01 
406 466 13.01 
406 480 6.01 
406 490 2.01 
131 160 0.01 
131 180 0.01 
131 250 0.01 
131 291 0.01 
131 401 0.01 
131 459 0.01 
131 491 0.01 
131 500 2.01 
203 116 0.01 
203 188 0.01 
203 216 0.01 
203 311 0.01 
203 325 0.01 
203 485 0.01 
203 500 4.01 
381 26 0.01 
381 309 1.01 
381 334 0.01 
381 430 1.01 
381 473 4.01 
381 494 5.01 
381 496 3.01 
381 500 12.01 
79 152 0.01 
79 338 0.01 
79 341 6.01 
79 404 2.01 
79 444 0.01 
79 463 2.01 
79 480 0.01 
79 499 30.009999999999998 
152 156 0.01 
152 295 0.01 
152 344 2.01 
152 480 0.01 
152 493 3.01 
152 497 14.01 
152 498 13.01 
152 499 27.009999999999998 
338 101 0.01 
338 236 1.01 
338 354 1.01 
338 376 0.01 
338 384 0.01 
338 435 1.01 
338 498 19.009999999999998 
338 499 29.009999999999998 
463 52 4.01 
463 59 0.01 
463 313 2.01 
463 361 5.01 
463 484 46.01 
463 493 66.00999999999999 
463 499 187.01 
80 151 0.01 
80 269 0.01 
80 356 0.01 
80 455 2.01 
80 493 5.01 
80 497 8.01 
80 498 8.01 
80 499 16.009999999999998 
151 16 0.01 
151 48 0.01 
151 92 0.01 
151 167 0.01 
151 355 1.01 
151 480 0.01 
151 498 57.01 
151 499 19.009999999999998 
269 51 0.01 
269 82 0.01 
269 212 1.01 
269 223 0.01 
269 292 1.01 
269 332 0.01 
269 403 1.01 
269 499 33.01 
455 262 0.01 
455 395 6.01 
455 411 2.01 
455 452 2.01 
455 490 3.01 
455 497 92.00999999999999 
455 499 125.00999999999999 
143 260 0.01 
143 284 0.01 
143 296 0.01 
143 328 0.01 
143 414 0.01 
143 477 0.01 
143 495 0.01 
143 500 0.01 
182 17 0.01 
182 325 1.01 
182 399 1.01 
182 472 0.01 
182 481 2.01 
182 492 1.01 
182 494 12.01 
182 500 7.01 
259 20 0.01 
259 321 1.01 
259 370 1.01 
259 419 2.01 
259 497 25.009999999999998 
259 498 47.01 
259 499 51.01 
259 500 9.01 
370 65 1.01 
370 75 0.01 
370 86 1.01 
370 337 1.01 
370 461 6.01 
370 493 12.01 
370 498 20.009999999999998 
370 499 27.009999999999998 
113 80 0.01 
113 246 0.01 
113 278 0.01 
113 368 0.01 
113 446 4.01 
113 464 3.01 
113 498 20.009999999999998 
113 499 25.009999999999998 
316 64 0.01 
316 304 1.01 
316 394 1.01 
316 403 2.01 
316 425 0.01 
316 480 5.01 
316 498 21.009999999999998 
316 499 27.009999999999998 
457 74 0.01 
457 234 3.01 
457 374 9.01 
457 386 3.01 
457 436 6.01 
457 450 10.01 
457 468 3.01 
85 198 0.01 
85 242 0.01 
85 373 0.01 
85 400 0.01 
85 417 0.01 
85 457 0.01 
85 491 0.01 
85 500 2.01 
242 107 0.01 
242 228 0.01 
242 248 0.01 
242 357 0.01 
242 392 1.01 
242 414 0.01 
242 478 0.01 
242 500 0.01 
400 14 0.01 
400 109 0.01 
400 281 0.01 
400 405 0.01 
400 438 0.01 
400 500 7.01 
86 79 0.01 
86 352 14.01 
86 368 1.01 
86 394 4.01 
86 448 8.01 
86 497 3.01 
86 498 135.01 
86 499 121.00999999999999 
368 246 1.01 
368 394 5.01 
368 425 0.01 
368 446 2.01 
368 466 11.01 
368 483 2.01 
368 496 32.01 
368 499 61.01 
87 6 0.01 
87 35 0.01 
87 108 0.01 
87 216 0.01 
87 433 0.01 
87 437 0.01 
87 492 2.01 
87 500 6.01 
108 21 0.01 
108 120 0.01 
108 281 1.01 
108 294 0.01 
108 391 0.01 
108 427 0.01 
108 477 3.01 
108 500 21.009999999999998 
216 72 1.01 
216 288 0.01 
216 336 0.01 
216 352 1.01 
216 416 0.01 
216 488 2.01 
216 500 4.01 
88 168 0.01 
88 274 0.01 
88 444 0.01 
88 473 4.01 
88 477 1.01 
88 478 0.01 
88 492 0.01 
88 500 7.01 
168 94 0.01 
168 195 0.01 
168 200 0.01 
168 390 0.01 
168 483 0.01 
168 485 3.01 
168 494 3.01 
168 500 5.01 
89 4 0.01 
89 232 0.01 
89 410 0.01 
89 445 0.01 
89 458 0.01 
89 485 0.01 
89 499 4.01 
89 500 3.01 
232 25 0.01 
232 174 0.01 
232 322 0.01 
232 388 0.01 
232 433 0.01 
232 486 0.01 
232 495 2.01 
232 500 3.01 
410 323 1.01 
410 348 4.01 
410 491 5.01 
410 492 2.01 
410 498 4.01 
410 500 11.01 
90 17 0.01 
90 213 0.01 
90 255 0.01 
90 439 0.01 
90 481 0.01 
90 487 0.01 
90 489 1.01 
90 500 3.01 
213 154 0.01 
213 241 0.01 
213 317 0.01 
213 389 0.01 
213 427 0.01 
213 433 0.01 
213 500 2.01 
136 206 0.01 
136 293 3.01 
136 404 0.01 
136 428 2.01 
136 437 3.01 
136 497 6.01 
136 498 11.01 
136 499 12.01 
171 404 0.01 
171 432 4.01 
171 444 0.01 
171 457 1.01 
171 479 1.01 
171 498 11.01 
171 499 36.01 
171 500 6.01 
92 299 0.01 
92 320 0.01 
92 406 0.01 
92 469 3.01 
92 474 4.01 
92 497 25.009999999999998 
92 498 43.01 
92 499 57.01 
299 18 2.01 
299 139 1.01 
299 185 0.01 
299 233 0.01 
299 421 4.01 
299 450 1.01 
299 476 4.01 
299 497 9.01 
93 56 0.01 
93 227 0.01 
93 230 0.01 
93 322 0.01 
93 399 0.01 
93 442 0.01 
93 495 4.01 
93 500 6.01 
230 19 0.01 
230 77 0.01 
230 155 0.01 
230 203 0.01 
230 308 2.01 
230 434 0.01 
230 485 0.01 
230 500 3.01 
345 159 0.01 
345 175 0.01 
345 339 0.01 
345 398 0.01 
345 465 0.01 
345 494 1.01 
345 500 3.01 
95 60 0.01 
95 71 0.01 
95 388 0.01 
95 392 0.01 
95 414 0.01 
95 454 0.01 
95 487 0.01 
95 500 3.01 
388 117 0.01 
388 187 0.01 
388 280 0.01 
388 346 0.01 
388 416 0.01 
388 472 0.01 
388 500 5.01 
414 302 0.01 
414 349 1.01 
414 382 0.01 
414 467 0.01 
414 492 1.01 
414 493 1.01 
414 494 5.01 
96 16 0.01 
96 20 0.01 
96 172 1.01 
96 176 0.01 
96 211 0.01 
96 455 4.01 
96 496 15.01 
96 499 80.00999999999999 
172 122 3.01 
172 261 3.01 
172 341 12.01 
172 384 0.01 
172 475 6.01 
172 480 6.01 
172 494 10.01 
172 496 41.01 
176 84 1.01 
176 229 0.01 
176 403 0.01 
176 480 0.01 
176 496 9.01 
176 497 10.01 
176 498 6.01 
176 499 22.009999999999998 
211 151 0.01 
211 185 1.01 
211 194 0.01 
211 320 0.01 
211 440 7.01 
211 474 2.01 
211 479 0.01 
211 499 35.01 
156 261 0.01 
156 305 0.01 
156 316 2.01 
156 365 1.01 
156 450 0.01 
156 463 0.01 
156 464 1.01 
156 468 1.01 
98 211 0.01 
98 295 2.01 
98 304 4.01 
98 446 0.01 
98 468 4.01 
98 482 6.01 
98 498 29.009999999999998 
98 499 29.009999999999998 
295 447 6.01 
295 479 1.01 
295 480 0.01 
295 484 12.01 
295 496 19.009999999999998 
295 497 21.009999999999998 
295 498 35.01 
295 499 95.00999999999999 
99 193 0.01 
99 286 0.01 
99 303 0.01 
99 343 0.01 
99 348 0.01 
99 398 0.01 
99 488 0.01 
99 500 0.01 
286 339 0.01 
286 398 0.01 
286 462 0.01 
286 478 0.01 
286 489 0.01 
286 490 0.01 
286 494 0.01 
286 500 5.01 
303 145 0.01 
303 254 0.01 
303 377 0.01 
303 396 0.01 
303 433 0.01 
303 454 0.01 
303 493 2.01 
303 500 8.01 
398 453 0.01 
398 481 7.01 
398 492 3.01 
398 494 4.01 
398 495 4.01 
398 496 5.01 
398 500 12.01 
100 86 3.01 
100 365 1.01 
100 384 0.01 
100 444 0.01 
100 483 5.01 
100 484 1.01 
100 498 9.01 
100 499 26.009999999999998 
384 11 1.01 
384 118 0.01 
384 332 1.01 
384 425 0.01 
384 474 11.01 
384 484 19.009999999999998 
384 498 59.01 
384 499 101.00999999999999 
101 27 1.01 
101 206 0.01 
101 236 0.01 
101 378 0.01 
101 419 0.01 
101 496 10.01 
101 498 10.01 
101 499 10.01 
206 96 1.01 
206 332 4.01 
206 367 0.01 
206 387 0.01 
206 395 0.01 
206 475 1.01 
206 476 2.01 
206 499 21.009999999999998 
236 51 0.01 
236 156 0.01 
236 387 0.01 
236 463 2.01 
236 469 3.01 
236 493 9.01 
236 497 14.01 
236 499 12.01 
273 56 0.01 
273 193 0.01 
273 205 0.01 
273 378 0.01 
273 476 0.01 
273 485 3.01 
273 495 4.01 
273 500 8.01 
416 210 0.01 
416 223 0.01 
416 415 0.01 
416 449 0.01 
416 488 0.01 
416 499 14.01 
416 500 14.01 
426 15 0.01 
426 40 0.01 
426 89 0.01 
426 258 0.01 
426 360 1.01 
426 482 2.01 
426 500 13.01 
224 64 0.01 
224 302 0.01 
224 378 0.01 
224 401 0.01 
224 417 0.01 
224 456 0.01 
224 478 0.01 
224 500 4.01 
164 37 0.01 
164 102 0.01 
164 224 1.01 
164 238 0.01 
164 410 0.01 
164 449 1.01 
164 454 0.01 
164 500 2.01 
221 237 0.01 
221 458 0.01 
221 460 0.01 
221 467 0.01 
221 479 0.01 
221 486 1.01 
221 495 1.01 
221 500 4.01 
105 83 1.01 
105 337 0.01 
105 352 3.01 
105 402 9.01 
105 484 8.01 
105 497 18.009999999999998 
105 498 52.01 
105 499 43.01 
106 50 0.01 
106 72 1.01 
106 357 0.01 
106 364 0.01 
106 478 2.01 
106 485 5.01 
106 494 5.01 
106 500 7.01 
281 213 0.01 
281 225 0.01 
281 371 0.01 
281 454 0.01 
281 472 0.01 
281 473 2.01 
281 496 2.01 
281 500 3.01 
396 119 0.01 
396 201 0.01 
396 346 0.01 
396 430 0.01 
396 435 0.01 
396 489 1.01 
396 500 20.009999999999998 
244 55 0.01 
244 67 0.01 
244 270 0.01 
244 408 0.01 
244 471 2.01 
244 489 0.01 
244 491 0.01 
244 500 12.01 
264 12 0.01 
264 242 0.01 
264 387 0.01 
264 401 1.01 
264 478 1.01 
264 485 4.01 
264 495 0.01 
264 500 7.01 
291 373 0.01 
291 412 0.01 
291 413 0.01 
291 462 0.01 
291 486 0.01 
291 489 0.01 
291 492 0.01 
291 500 3.01 
335 227 0.01 
335 244 0.01 
335 318 0.01 
335 442 1.01 
335 470 0.01 
335 472 0.01 
335 473 0.01 
335 500 4.01 
187 49 0.01 
187 213 0.01 
187 288 0.01 
187 371 0.01 
187 372 0.01 
187 397 0.01 
187 495 0.01 
187 500 1.01 
246 27 0.01 
246 261 1.01 
246 386 3.01 
246 403 6.01 
246 452 2.01 
246 466 6.01 
246 483 4.01 
246 499 29.009999999999998 
278 295 0.01 
278 299 0.01 
278 461 0.01 
278 463 2.01 
278 475 1.01 
278 493 3.01 
278 496 16.009999999999998 
278 499 16.009999999999998 
125 97 0.01 
125 190 0.01 
125 287 0.01 
125 369 0.01 
125 474 1.01 
125 479 0.01 
125 497 2.01 
125 499 2.01 
115 46 1.01 
115 271 1.01 
115 313 1.01 
115 409 3.01 
115 461 1.01 
115 497 21.009999999999998 
115 498 66.00999999999999 
115 499 53.01 
116 155 0.01 
116 161 0.01 
116 311 1.01 
116 485 3.01 
116 488 1.01 
116 494 2.01 
116 499 8.01 
116 500 3.01 
161 128 0.01 
161 315 0.01 
161 333 0.01 
161 343 0.01 
161 351 0.01 
161 454 0.01 
161 462 0.01 
161 500 3.01 
117 173 0.01 
117 218 0.01 
117 228 0.01 
117 270 0.01 
117 385 0.01 
117 456 0.01 
117 465 1.01 
173 30 0.01 
173 57 0.01 
173 314 0.01 
173 332 0.01 
173 443 0.01 
173 485 1.01 
173 489 1.01 
173 500 1.01 
218 36 0.01 
218 39 0.01 
218 282 0.01 
218 422 1.01 
218 443 1.01 
218 490 0.01 
218 491 2.01 
218 500 7.01 
228 87 0.01 
228 96 0.01 
228 99 0.01 
228 389 0.01 
228 439 0.01 
228 489 0.01 
228 491 0.01 
228 500 2.01 
319 59 0.01 
319 374 5.01 
319 446 1.01 
319 448 8.01 
319 464 3.01 
319 493 31.009999999999998 
319 498 52.01 
319 499 123.00999999999999 
119 253 0.01 
119 334 0.01 
119 414 0.01 
119 415 0.01 
119 455 0.01 
119 488 1.01 
119 492 5.01 
119 500 3.01 
334 315 0.01 
334 379 0.01 
334 413 0.01 
334 486 2.01 
334 489 1.01 
334 494 9.01 
334 495 8.01 
334 500 28.009999999999998 
415 72 0.01 
415 191 0.01 
415 232 0.01 
415 288 0.01 
415 459 0.01 
415 487 0.01 
415 500 3.01 
121 119 0.01 
121 124 1.01 
121 150 0.01 
121 210 2.01 
121 297 0.01 
121 360 0.01 
121 459 0.01 
121 500 3.01 
210 28 0.01 
210 112 0.01 
210 144 0.01 
210 153 0.01 
210 285 0.01 
210 410 0.01 
210 430 0.01 
210 478 1.01 
360 12 0.01 
360 25 0.01 
360 423 0.01 
360 445 0.01 
360 470 2.01 
360 492 4.01 
360 496 3.01 
360 500 7.01 
122 22 0.01 
122 100 0.01 
122 293 5.01 
122 435 0.01 
122 436 3.01 
122 496 19.009999999999998 
122 498 23.009999999999998 
122 499 115.00999999999999 
293 19 0.01 
293 183 1.01 
293 447 33.01 
293 476 15.01 
293 496 55.01 
293 497 76.00999999999999 
293 498 73.00999999999999 
293 499 197.01 
435 194 0.01 
435 436 4.01 
435 450 7.01 
435 461 4.01 
435 475 7.01 
435 493 33.01 
435 499 92.00999999999999 
436 7 1.01 
436 407 1.01 
436 434 1.01 
436 435 2.01 
436 469 2.01 
436 498 53.01 
436 499 105.00999999999999 
123 73 0.01 
123 168 1.01 
123 178 0.01 
123 314 0.01 
123 472 3.01 
123 487 3.01 
123 490 1.01 
123 500 22.009999999999998 
314 63 0.01 
314 188 2.01 
314 388 1.01 
314 391 0.01 
314 465 2.01 
314 488 1.01 
314 500 16.009999999999998 
190 115 1.01 
190 432 3.01 
190 438 0.01 
190 440 1.01 
190 461 0.01 
190 476 2.01 
190 498 17.009999999999998 
190 499 18.009999999999998 
287 418 1.01 
287 436 0.01 
287 461 3.01 
287 482 2.01 
287 493 14.01 
287 497 13.01 
287 498 17.009999999999998 
287 499 35.01 
126 2 0.01 
126 109 0.01 
126 195 0.01 
126 280 0.01 
126 313 0.01 
126 485 1.01 
126 491 1.01 
126 500 0.01 
280 39 0.01 
280 362 0.01 
280 390 0.01 
280 433 0.01 
280 434 0.01 
280 488 1.01 
280 500 35.01 
128 7 0.01 
128 99 0.01 
128 205 0.01 
128 317 0.01 
128 388 0.01 
128 390 0.01 
128 487 1.01 
128 500 3.01 
159 71 0.01 
159 126 0.01 
159 321 0.01 
159 408 0.01 
159 470 0.01 
159 485 0.01 
159 487 0.01 
159 500 2.01 
130 79 2.01 
130 376 1.01 
130 419 0.01 
130 457 11.01 
130 475 8.01 
130 480 2.01 
130 493 22.009999999999998 
130 499 65.00999999999999 
160 99 0.01 
160 267 0.01 
160 426 0.01 
160 472 0.01 
160 478 0.01 
160 485 1.01 
160 487 1.01 
160 500 0.01 
401 126 0.01 
401 477 1.01 
401 486 3.01 
401 488 5.01 
401 490 7.01 
401 500 13.01 
132 75 0.01 
132 262 0.01 
132 354 0.01 
132 429 1.01 
132 436 0.01 
132 479 7.01 
132 482 6.01 
132 499 28.009999999999998 
133 104 0.01 
133 333 0.01 
133 439 0.01 
133 465 0.01 
133 489 1.01 
133 490 0.01 
133 494 1.01 
133 500 6.01 
263 189 5.01 
263 365 2.01 
263 431 7.01 
263 437 9.01 
263 474 26.009999999999998 
263 479 18.009999999999998 
263 493 66.00999999999999 
263 499 21.009999999999998 
430 105 0.01 
430 426 0.01 
430 465 1.01 
430 478 3.01 
430 487 1.01 
430 490 5.01 
430 500 17.009999999999998 
137 154 0.01 
137 225 0.01 
137 257 0.01 
137 470 1.01 
137 491 1.01 
137 495 4.01 
137 497 3.01 
137 500 5.01 
432 366 5.01 
432 403 11.01 
432 418 13.01 
432 447 20.009999999999998 
432 483 24.009999999999998 
432 498 21.009999999999998 
432 499 305.01 
154 209 0.01 
154 349 0.01 
154 412 0.01 
154 460 0.01 
154 467 0.01 
154 486 0.01 
154 489 0.01 
154 500 0.01 
225 142 0.01 
225 405 0.01 
225 443 0.01 
225 453 0.01 
225 454 0.01 
225 471 0.01 
225 472 0.01 
225 500 8.01 
257 95 0.01 
257 265 0.01 
257 399 0.01 
257 456 0.01 
257 482 0.01 
257 489 0.01 
257 499 9.01 
257 500 6.01 
300 93 0.01 
300 196 0.01 
300 250 0.01 
300 306 0.01 
300 415 0.01 
300 443 3.01 
300 472 0.01 
300 500 10.01 
139 44 1.01 
139 337 1.01 
139 355 2.01 
139 387 4.01 
139 428 2.01 
139 476 10.01 
139 498 103.00999999999999 
139 499 101.00999999999999 
355 61 1.01 
355 276 0.01 
355 402 6.01 
355 440 23.009999999999998 
355 451 5.01 
355 455 5.01 
355 484 33.01 
355 499 136.01 
140 229 1.01 
140 329 0.01 
140 444 2.01 
140 482 2.01 
140 493 13.01 
140 496 20.009999999999998 
140 498 21.009999999999998 
140 499 27.009999999999998 
229 127 0.01 
229 190 0.01 
229 197 1.01 
229 319 1.01 
229 354 2.01 
229 428 2.01 
229 455 3.01 
229 496 22.009999999999998 
149 233 2.01 
149 327 2.01 
149 407 6.01 
149 441 2.01 
149 444 2.01 
149 476 4.01 
149 498 40.01 
149 499 46.01 
204 121 0.01 
204 219 0.01 
204 336 0.01 
204 343 1.01 
204 473 5.01 
204 489 2.01 
204 490 3.01 
204 500 20.009999999999998 
379 255 0.01 
379 382 0.01 
379 390 0.01 
379 400 0.01 
379 417 0.01 
379 478 1.01 
379 498 1.01 
379 500 8.01 
260 443 0.01 
260 445 1.01 
260 449 0.01 
260 454 0.01 
260 468 0.01 
260 488 1.01 
260 495 2.01 
260 500 5.01 
328 116 0.01 
328 226 0.01 
328 289 0.01 
328 397 1.01 
328 467 0.01 
328 486 1.01 
328 488 0.01 
328 500 3.01 
382 34 0.01 
382 217 0.01 
382 296 0.01 
382 443 1.01 
382 447 3.01 
382 453 0.01 
382 458 0.01 
382 500 10.01 
145 25 0.01 
145 204 0.01 
145 346 0.01 
145 470 1.01 
145 471 2.01 
145 494 6.01 
145 496 2.01 
145 500 8.01 
215 33 0.01 
215 154 0.01 
215 237 0.01 
215 371 0.01 
215 416 0.01 
215 434 0.01 
215 490 0.01 
215 500 0.01 
282 37 0.01 
282 217 0.01 
282 272 0.01 
282 330 1.01 
282 333 0.01 
282 397 0.01 
282 490 7.01 
282 500 5.01 
148 70 0.01 
148 71 0.01 
148 360 0.01 
148 383 1.01 
148 398 0.01 
148 408 0.01 
148 459 0.01 
148 500 1.01 
153 182 0.01 
153 247 0.01 
153 252 0.01 
153 257 0.01 
153 260 0.01 
153 400 0.01 
153 474 0.01 
153 500 4.01 
247 40 0.01 
247 157 0.01 
247 196 0.01 
247 220 0.01 
247 382 0.01 
247 385 0.01 
247 426 0.01 
247 500 17.009999999999998 
261 92 1.01 
261 189 3.01 
261 290 1.01 
261 409 9.01 
261 451 5.01 
261 496 31.009999999999998 
261 498 67.00999999999999 
261 499 89.00999999999999 
158 135 0.01 
158 368 0.01 
158 432 3.01 
158 466 5.01 
158 469 4.01 
158 482 1.01 
158 483 12.01 
158 497 11.01 
165 213 0.01 
165 245 0.01 
165 339 0.01 
165 471 1.01 
165 487 1.01 
165 488 0.01 
165 492 3.01 
165 500 3.01 
265 166 0.01 
265 308 1.01 
265 351 0.01 
265 373 0.01 
265 449 0.01 
265 487 0.01 
265 494 5.01 
265 500 4.01 
238 126 0.01 
238 377 1.01 
238 388 0.01 
238 400 0.01 
238 430 0.01 
238 440 0.01 
238 445 1.01 
238 500 7.01 
166 80 0.01 
166 215 0.01 
166 247 0.01 
166 345 0.01 
166 465 0.01 
166 481 0.01 
166 494 0.01 
166 500 1.01 
200 31 2.01 
200 202 2.01 
200 254 1.01 
200 354 1.01 
200 429 9.01 
200 476 11.01 
200 498 34.01 
200 499 49.01 
371 214 0.01 
371 353 1.01 
371 375 0.01 
371 459 0.01 
371 486 0.01 
371 495 6.01 
371 498 7.01 
371 500 5.01 
332 98 0.01 
332 171 1.01 
332 361 1.01 
332 431 1.01 
332 479 10.01 
332 493 7.01 
332 498 15.01 
332 499 22.009999999999998 
174 32 0.01 
174 108 0.01 
174 282 0.01 
174 385 0.01 
174 451 1.01 
174 455 0.01 
174 491 0.01 
174 500 2.01 
199 81 0.01 
199 160 0.01 
199 245 0.01 
199 364 0.01 
199 486 0.01 
199 490 0.01 
199 495 1.01 
199 500 1.01 
403 407 8.01 
403 421 3.01 
403 482 7.01 
403 496 64.00999999999999 
403 497 32.01 
403 498 98.00999999999999 
403 499 86.00999999999999 
277 85 0.01 
277 119 0.01 
277 258 0.01 
277 285 0.01 
277 399 0.01 
277 487 0.01 
277 495 1.01 
277 500 4.01 
336 290 0.01 
336 392 3.01 
336 488 0.01 
336 491 0.01 
336 492 1.01 
336 499 15.01 
336 500 9.01 
375 382 0.01 
375 401 2.01 
375 459 0.01 
375 466 0.01 
375 488 0.01 
375 492 2.01 
375 499 3.01 
375 500 9.01 
325 85 0.01 
325 118 0.01 
325 165 0.01 
325 216 0.01 
325 372 0.01 
325 379 0.01 
325 430 0.01 
325 500 6.01 
186 23 0.01 
186 33 0.01 
186 165 0.01 
186 238 0.01 
186 308 1.01 
186 423 0.01 
186 495 4.01 
186 500 2.01 
308 123 1.01 
308 334 1.01 
308 351 0.01 
308 357 0.01 
308 460 3.01 
308 499 20.009999999999998 
308 500 17.009999999999998 
372 123 2.01 
372 166 0.01 
372 250 0.01 
372 265 0.01 
372 381 0.01 
372 389 0.01 
372 453 0.01 
372 500 6.01 
189 287 2.01 
189 424 2.01 
189 452 2.01 
189 466 11.01 
189 476 3.01 
189 482 5.01 
189 497 26.009999999999998 
189 499 106.00999999999999 
440 208 1.01 
440 344 9.01 
440 409 7.01 
440 457 12.01 
440 493 132.01 
440 498 134.01 
440 499 312.01 
192 69 0.01 
192 413 0.01 
192 414 1.01 
192 456 1.01 
192 477 1.01 
192 478 0.01 
192 487 0.01 
192 500 9.01 
222 88 0.01 
222 242 0.01 
222 335 0.01 
222 373 0.01 
222 471 0.01 
222 479 0.01 
222 490 1.01 
222 500 3.01 
194 132 0.01 
194 329 1.01 
194 356 2.01 
194 475 3.01 
194 479 0.01 
194 483 4.01 
194 498 13.01 
194 499 24.009999999999998 
196 87 0.01 
196 210 0.01 
196 221 0.01 
196 372 0.01 
196 424 0.01 
196 427 0.01 
196 478 0.01 
196 500 6.01 
219 290 3.01 
219 336 1.01 
219 362 0.01 
219 426 2.01 
219 445 1.01 
219 456 2.01 
219 473 0.01 
219 483 2.01 
207 70 0.01 
207 312 0.01 
207 334 0.01 
207 375 2.01 
207 405 0.01 
207 408 0.01 
207 500 4.01 
405 328 2.01 
405 371 0.01 
405 422 0.01 
405 449 0.01 
405 456 0.01 
405 487 0.01 
405 490 2.01 
393 140 0.01 
393 200 2.01 
393 329 1.01 
393 475 5.01 
393 496 31.009999999999998 
393 498 38.01 
393 499 48.01 
212 105 3.01 
212 428 5.01 
212 455 4.01 
212 474 31.009999999999998 
212 475 16.009999999999998 
212 483 17.009999999999998 
212 497 81.00999999999999 
212 499 219.01 
241 159 0.01 
241 310 0.01 
241 326 0.01 
241 345 0.01 
241 420 0.01 
241 463 1.01 
241 488 1.01 
241 500 2.01 
290 26 0.01 
290 49 0.01 
290 288 0.01 
290 350 0.01 
290 489 1.01 
290 499 32.01 
290 500 12.01 
220 29 0.01 
220 43 0.01 
220 48 0.01 
220 248 0.01 
220 388 0.01 
220 492 1.01 
220 495 3.01 
220 500 8.01 
248 24 0.01 
248 89 0.01 
248 417 0.01 
248 438 0.01 
248 471 2.01 
248 499 3.01 
248 500 2.01 
223 122 0.01 
223 384 0.01 
223 446 1.01 
223 452 0.01 
223 461 0.01 
223 474 0.01 
223 493 13.01 
223 499 19.009999999999998 
240 435 2.01 
240 441 4.01 
240 446 2.01 
240 452 4.01 
240 463 6.01 
240 482 1.01 
240 496 20.009999999999998 
240 499 93.00999999999999 
301 47 0.01 
301 366 1.01 
301 406 1.01 
301 437 5.01 
301 474 7.01 
301 497 12.01 
301 498 25.009999999999998 
301 499 32.01 
