1 9 0.01 
1 323 0.01 
1 449 0.01 
1 481 0.01 
1 492 0.01 
1 495 1.01 
1 499 2.01 
1 500 5.01 
9 24 0.01 
9 214 0.01 
9 237 0.01 
9 289 0.01 
9 339 0.01 
9 471 1.01 
9 499 4.01 
9 500 5.01 
323 106 1.01 
323 448 2.01 
323 460 1.01 
323 462 0.01 
323 492 2.01 
323 494 3.01 
323 495 2.01 
323 500 9.01 
449 298 0.01 
449 318 0.01 
449 323 4.01 
449 460 0.01 
449 485 2.01 
449 495 7.01 
449 500 15.01 
481 296 1.01 
481 314 3.01 
481 383 2.01 
481 486 4.01 
481 492 3.01 
481 494 15.01 
481 500 48.01 
492 102 1.01 
492 396 0.01 
492 413 7.01 
492 460 5.01 
492 481 11.01 
492 500 93.00999999999999 
495 60 0.01 
495 182 2.01 
495 226 1.01 
495 308 3.01 
495 487 6.01 
495 494 24.009999999999998 
495 500 94.00999999999999 
499 162 18.009999999999998 
499 263 20.009999999999998 
499 358 36.01 
499 369 49.01 
499 493 299.01 
499 496 357.01 
499 498 640.01 
500 10 7.01 
500 293 13.01 
500 348 16.009999999999998 
500 392 11.01 
500 471 29.009999999999998 
500 473 14.01 
500 485 22.009999999999998 
2 69 0.01 
2 111 0.01 
2 170 0.01 
2 359 0.01 
2 373 0.01 
2 390 0.01 
2 413 0.01 
2 500 7.01 
69 104 0.01 
69 138 0.01 
69 193 0.01 
69 272 0.01 
69 309 0.01 
69 311 0.01 
69 488 1.01 
69 500 5.01 
111 143 0.01 
111 264 1.01 
111 267 0.01 
111 291 0.01 
111 335 0.01 
111 412 0.01 
111 476 0.01 
111 500 1.01 
170 175 0.01 
170 306 0.01 
170 410 0.01 
170 413 0.01 
170 443 0.01 
170 465 0.01 
170 492 2.01 
170 500 6.01 
359 133 0.01 
359 184 0.01 
359 314 1.01 
359 379 0.01 
359 453 1.01 
359 458 0.01 
359 467 1.01 
359 490 4.01 
373 297 1.01 
373 467 1.01 
373 470 0.01 
373 485 0.01 
373 486 0.01 
373 491 1.01 
373 495 1.01 
373 500 5.01 
390 90 0.01 
390 166 0.01 
390 309 0.01 
390 353 0.01 
390 464 0.01 
390 495 1.01 
390 500 10.01 
413 23 0.01 
413 282 0.01 
413 325 0.01 
413 372 1.01 
413 434 2.01 
413 489 1.01 
413 500 22.009999999999998 
3 27 0.01 
3 266 0.01 
3 461 9.01 
3 469 10.01 
3 479 7.01 
3 496 33.01 
3 497 30.009999999999998 
3 499 85.00999999999999 
27 292 0.01 
27 350 2.01 
27 411 0.01 
27 418 2.01 
27 437 1.01 
27 464 2.01 
27 474 3.01 
27 499 12.01 
266 236 0.01 
266 243 0.01 
266 386 0.01 
266 479 1.01 
266 482 11.01 
266 496 13.01 
266 497 13.01 
266 499 29.009999999999998 
461 294 1.01 
461 319 1.01 
461 384 3.01 
461 450 10.01 
461 466 26.009999999999998 
461 498 83.00999999999999 
461 499 120.00999999999999 
469 16 0.01 
469 319 5.01 
469 327 3.01 
469 368 3.01 
469 484 36.01 
469 496 47.01 
469 499 135.01 
479 130 7.01 
479 341 31.009999999999998 
479 384 10.01 
479 464 8.01 
479 497 81.00999999999999 
479 498 122.00999999999999 
479 499 242.01 
496 249 15.01 
496 305 27.009999999999998 
496 341 53.01 
496 440 69.00999999999999 
496 447 49.01 
496 466 86.00999999999999 
496 499 662.01 
497 86 15.01 
497 139 15.01 
497 355 18.009999999999998 
497 451 37.01 
497 493 314.01 
497 498 335.01 
497 499 865.01 
4 34 0.01 
4 180 0.01 
4 252 0.01 
4 320 0.01 
4 378 0.01 
4 397 1.01 
4 491 0.01 
4 500 0.01 
34 12 0.01 
34 13 0.01 
34 81 0.01 
34 274 0.01 
34 288 0.01 
34 346 0.01 
34 349 0.01 
34 500 0.01 
180 336 0.01 
180 375 0.01 
180 396 0.01 
180 445 0.01 
180 447 0.01 
180 478 0.01 
180 491 0.01 
180 500 0.01 
252 77 0.01 
252 179 0.01 
252 241 0.01 
252 371 1.01 
252 487 4.01 
252 495 0.01 
252 500 2.01 
320 223 0.01 
320 249 4.01 
320 338 0.01 
320 429 5.01 
320 482 3.01 
320 493 7.01 
320 497 8.01 
320 499 14.01 
378 89 0.01 
378 273 0.01 
378 397 0.01 
378 454 0.01 
378 491 0.01 
378 492 0.01 
378 495 2.01 
378 500 7.01 
397 128 0.01 
397 251 0.01 
397 325 0.01 
397 458 0.01 
397 483 1.01 
397 494 3.01 
397 500 5.01 
491 93 1.01 
491 170 0.01 
491 359 1.01 
491 436 3.01 
491 467 3.01 
491 488 3.01 
491 492 1.01 
5 20 0.01 
5 243 0.01 
5 374 1.01 
5 480 2.01 
5 493 15.01 
5 497 20.009999999999998 
5 498 21.009999999999998 
5 499 104.00999999999999 
20 51 0.01 
20 304 0.01 
20 361 0.01 
20 364 0.01 
20 419 0.01 
20 496 4.01 
20 498 10.01 
20 499 33.01 
243 45 0.01 
243 79 1.01 
243 356 0.01 
243 466 5.01 
243 483 2.01 
243 496 5.01 
243 498 12.01 
243 499 20.009999999999998 
374 45 0.01 
374 46 0.01 
374 158 1.01 
374 259 2.01 
374 455 5.01 
374 482 7.01 
374 493 49.01 
374 499 94.00999999999999 
480 404 3.01 
480 407 5.01 
480 476 12.01 
480 486 3.01 
480 496 61.01 
480 498 97.00999999999999 
480 499 186.01 
493 172 12.01 
493 293 55.01 
493 350 21.009999999999998 
493 402 36.01 
493 466 92.00999999999999 
493 474 70.00999999999999 
493 499 551.01 
498 212 38.01 
498 352 30.009999999999998 
498 432 38.01 
498 448 68.00999999999999 
498 484 140.01 
498 497 355.01 
498 499 935.01 
6 369 0.01 
6 477 0.01 
6 478 0.01 
6 488 0.01 
6 489 1.01 
6 491 0.01 
6 495 1.01 
6 500 2.01 
369 122 5.01 
369 240 4.01 
369 366 11.01 
369 377 4.01 
369 496 86.00999999999999 
369 497 125.00999999999999 
369 498 152.01 
369 499 16.009999999999998 
477 173 0.01 
477 323 0.01 
477 383 3.01 
477 442 1.01 
477 462 1.01 
477 485 3.01 
477 500 42.01 
478 1 0.01 
478 257 0.01 
478 290 3.01 
478 295 0.01 
478 348 5.01 
478 416 5.01 
478 500 22.009999999999998 
488 269 0.01 
488 303 0.01 
488 330 0.01 
488 492 4.01 
488 494 27.009999999999998 
488 499 34.01 
488 500 51.01 
489 344 1.01 
489 359 1.01 
489 453 4.01 
489 456 2.01 
489 462 5.01 
489 487 4.01 
489 500 42.01 
7 181 0.01 
7 425 3.01 
7 479 2.01 
7 480 3.01 
7 483 11.01 
7 497 6.01 
7 498 8.01 
7 499 29.009999999999998 
181 130 3.01 
181 338 0.01 
181 411 1.01 
181 475 1.01 
181 484 5.01 
181 496 23.009999999999998 
181 498 18.009999999999998 
181 499 33.01 
425 58 0.01 
425 436 5.01 
425 463 5.01 
425 476 3.01 
425 479 9.01 
425 497 29.009999999999998 
425 499 40.01 
483 92 3.01 
483 98 1.01 
483 149 1.01 
483 374 6.01 
483 404 6.01 
483 468 14.01 
483 499 267.01 
8 114 0.01 
8 254 0.01 
8 313 0.01 
8 354 0.01 
8 474 6.01 
8 483 4.01 
8 498 11.01 
8 499 36.01 
114 125 0.01 
114 206 0.01 
114 386 0.01 
114 450 0.01 
114 484 2.01 
114 493 4.01 
114 496 5.01 
114 499 10.01 
254 22 1.01 
254 65 0.01 
254 293 14.01 
254 301 0.01 
254 350 4.01 
254 376 2.01 
254 493 19.009999999999998 
254 496 57.01 
313 287 0.01 
313 370 0.01 
313 426 0.01 
313 452 2.01 
313 482 20.009999999999998 
313 496 13.01 
313 498 22.009999999999998 
313 499 37.01 
354 197 0.01 
354 259 2.01 
354 269 0.01 
354 278 0.01 
354 363 1.01 
354 455 1.01 
354 461 2.01 
354 499 21.009999999999998 
474 84 1.01 
474 259 1.01 
474 440 40.01 
474 457 15.01 
474 493 57.01 
474 497 135.01 
474 498 191.01 
24 49 0.01 
24 94 0.01 
24 302 0.01 
24 346 0.01 
24 348 0.01 
24 485 1.01 
24 492 0.01 
24 500 1.01 
214 23 0.01 
214 164 0.01 
214 231 0.01 
214 459 1.01 
214 484 0.01 
214 487 0.01 
214 492 1.01 
214 500 8.01 
237 40 0.01 
237 110 0.01 
237 201 0.01 
237 222 0.01 
237 291 0.01 
237 396 0.01 
237 499 4.01 
237 500 4.01 
289 87 0.01 
289 101 0.01 
289 186 0.01 
289 331 0.01 
289 470 0.01 
289 489 0.01 
289 500 2.01 
339 55 0.01 
339 93 0.01 
339 174 0.01 
339 199 0.01 
339 272 0.01 
339 491 1.01 
339 500 5.01 
471 124 1.01 
471 412 1.01 
471 490 9.01 
471 494 34.01 
471 495 26.009999999999998 
471 500 33.01 
10 344 1.01 
10 352 14.01 
10 466 9.01 
10 480 3.01 
10 482 3.01 
10 497 28.009999999999998 
10 498 52.01 
10 499 82.00999999999999 
344 114 0.01 
344 411 2.01 
344 435 2.01 
344 446 5.01 
344 482 15.01 
344 493 33.01 
344 496 56.01 
344 499 57.01 
352 151 1.01 
352 294 3.01 
352 401 0.01 
352 406 2.01 
352 446 1.01 
352 479 22.009999999999998 
352 493 73.00999999999999 
352 499 228.01 
466 91 5.01 
466 97 3.01 
466 483 23.009999999999998 
466 484 93.00999999999999 
466 496 81.00999999999999 
466 497 151.01 
466 499 477.01 
482 10 15.01 
482 91 13.01 
482 197 3.01 
482 418 16.009999999999998 
482 463 10.01 
482 474 35.01 
482 497 95.00999999999999 
11 234 0.01 
11 249 2.01 
11 356 0.01 
11 402 7.01 
11 475 4.01 
11 496 56.01 
11 498 33.01 
11 499 51.01 
234 305 0.01 
234 327 1.01 
234 365 0.01 
234 479 1.01 
234 483 9.01 
234 497 18.009999999999998 
234 498 19.009999999999998 
234 499 44.01 
249 171 0.01 
249 402 9.01 
249 424 1.01 
249 457 7.01 
249 464 10.01 
249 476 5.01 
249 482 6.01 
249 499 151.01 
356 64 0.01 
356 235 0.01 
356 347 0.01 
356 358 3.01 
356 370 1.01 
356 463 5.01 
356 496 11.01 
356 499 11.01 
402 429 5.01 
402 451 14.01 
402 463 15.01 
402 469 13.01 
402 477 2.01 
402 498 130.01 
402 499 243.01 
475 263 12.01 
475 304 3.01 
475 366 7.01 
475 406 6.01 
475 455 7.01 
475 498 142.01 
475 499 152.01 
12 179 0.01 
12 231 0.01 
12 340 0.01 
12 459 0.01 
12 477 0.01 
12 487 1.01 
12 490 1.01 
12 500 4.01 
179 221 0.01 
179 231 0.01 
179 239 1.01 
179 281 1.01 
179 303 0.01 
179 390 0.01 
179 484 0.01 
179 500 7.01 
231 29 0.01 
231 36 0.01 
231 38 0.01 
231 298 0.01 
231 405 0.01 
231 478 0.01 
231 494 3.01 
231 500 2.01 
340 362 0.01 
340 488 0.01 
340 489 1.01 
340 492 0.01 
340 495 2.01 
340 499 7.01 
340 500 12.01 
459 227 0.01 
459 238 0.01 
459 328 0.01 
459 442 0.01 
459 470 2.01 
459 497 5.01 
459 500 11.01 
487 22 0.01 
487 182 1.01 
487 272 0.01 
487 343 0.01 
487 349 0.01 
487 495 5.01 
487 500 39.01 
490 106 1.01 
490 218 2.01 
490 465 5.01 
490 478 4.01 
490 484 11.01 
490 499 83.00999999999999 
490 500 58.01 
13 175 0.01 
13 270 0.01 
13 362 0.01 
13 460 1.01 
13 462 0.01 
13 467 0.01 
13 490 0.01 
13 500 0.01 
175 30 0.01 
175 199 1.01 
175 215 0.01 
175 306 1.01 
175 377 2.01 
175 410 0.01 
175 429 0.01 
175 488 0.01 
270 78 0.01 
270 187 0.01 
270 196 0.01 
270 199 0.01 
270 485 0.01 
270 486 1.01 
270 495 1.01 
270 500 3.01 
362 277 0.01 
362 324 0.01 
362 438 0.01 
362 459 0.01 
362 466 0.01 
362 481 1.01 
362 498 1.01 
362 500 10.01 
460 238 1.01 
460 241 0.01 
460 256 0.01 
460 360 2.01 
460 433 0.01 
460 449 1.01 
460 500 39.01 
462 17 0.01 
462 300 1.01 
462 389 0.01 
462 416 1.01 
462 471 4.01 
462 492 2.01 
462 500 30.009999999999998 
467 177 0.01 
467 222 0.01 
467 345 0.01 
467 368 0.01 
467 442 1.01 
467 485 5.01 
467 500 28.009999999999998 
14 138 0.01 
14 179 0.01 
14 226 0.01 
14 361 1.01 
14 460 1.01 
14 467 1.01 
14 494 4.01 
14 500 22.009999999999998 
138 9 0.01 
138 300 0.01 
138 399 0.01 
138 423 0.01 
138 433 0.01 
138 486 0.01 
138 494 1.01 
138 500 3.01 
226 9 0.01 
226 398 3.01 
226 419 0.01 
226 430 0.01 
226 443 0.01 
226 456 0.01 
226 465 0.01 
226 500 12.01 
361 42 0.01 
361 47 0.01 
361 140 0.01 
361 206 0.01 
361 406 2.01 
361 445 1.01 
361 493 21.009999999999998 
361 499 105.00999999999999 
494 66 3.01 
494 181 0.01 
494 204 1.01 
494 247 1.01 
494 298 1.01 
494 471 18.009999999999998 
494 495 18.009999999999998 
15 307 0.01 
15 320 1.01 
15 425 1.01 
15 441 0.01 
15 497 14.01 
15 498 19.009999999999998 
15 499 31.009999999999998 
15 500 6.01 
307 114 0.01 
307 271 1.01 
307 299 0.01 
307 342 1.01 
307 436 0.01 
307 457 4.01 
307 497 2.01 
307 499 14.01 
441 52 0.01 
441 380 1.01 
441 431 3.01 
441 448 10.01 
441 464 10.01 
441 479 6.01 
441 499 88.00999999999999 
16 380 2.01 
16 419 0.01 
16 421 0.01 
16 450 2.01 
16 469 1.01 
16 497 13.01 
16 498 20.009999999999998 
16 499 29.009999999999998 
380 358 8.01 
380 435 3.01 
380 468 6.01 
380 475 7.01 
380 479 7.01 
380 484 36.01 
380 497 30.009999999999998 
380 499 74.00999999999999 
419 232 0.01 
419 292 2.01 
419 299 1.01 
419 337 3.01 
419 395 0.01 
419 463 4.01 
419 499 41.01 
421 54 0.01 
421 275 0.01 
421 418 4.01 
421 419 3.01 
421 444 0.01 
421 468 3.01 
421 496 55.01 
450 7 0.01 
450 200 4.01 
450 251 8.01 
450 268 2.01 
450 493 55.01 
450 498 59.01 
450 499 139.01 
17 112 0.01 
17 353 0.01 
17 459 0.01 
17 478 1.01 
17 487 5.01 
17 490 0.01 
17 495 6.01 
17 500 3.01 
112 187 0.01 
112 324 0.01 
112 330 0.01 
112 426 1.01 
112 489 0.01 
112 492 1.01 
112 497 1.01 
112 500 2.01 
353 6 0.01 
353 8 0.01 
353 62 0.01 
353 133 0.01 
353 186 0.01 
353 279 1.01 
353 486 5.01 
353 492 3.01 
18 234 2.01 
18 344 0.01 
18 394 0.01 
18 452 0.01 
18 484 8.01 
18 496 14.01 
18 498 16.009999999999998 
18 499 33.01 
394 31 0.01 
394 236 2.01 
394 402 12.01 
394 466 19.009999999999998 
394 469 5.01 
394 496 39.01 
394 499 60.01 
452 141 3.01 
452 431 4.01 
452 437 11.01 
452 440 23.009999999999998 
452 484 26.009999999999998 
452 497 33.01 
452 499 85.00999999999999 
484 3 8.01 
484 251 12.01 
484 261 18.009999999999998 
484 341 48.01 
484 496 187.01 
484 498 141.01 
484 499 521.01 
19 31 0.01 
19 83 1.01 
19 380 2.01 
19 387 0.01 
19 468 2.01 
19 493 31.009999999999998 
19 496 7.01 
19 499 29.009999999999998 
31 197 0.01 
31 262 0.01 
31 367 0.01 
31 469 4.01 
31 484 4.01 
31 497 16.009999999999998 
31 498 9.01 
31 499 13.01 
83 19 0.01 
83 253 0.01 
83 444 0.01 
83 451 2.01 
83 466 4.01 
83 496 9.01 
83 498 12.01 
83 499 17.009999999999998 
387 176 0.01 
387 355 2.01 
387 369 9.01 
387 374 3.01 
387 452 2.01 
387 497 39.01 
387 499 25.009999999999998 
468 18 3.01 
468 435 8.01 
468 457 4.01 
468 461 8.01 
468 477 3.01 
468 484 55.01 
468 499 150.01 
51 76 1.01 
51 268 0.01 
51 365 0.01 
51 450 0.01 
51 480 1.01 
51 497 2.01 
51 498 2.01 
51 499 12.01 
304 18 1.01 
304 83 0.01 
304 183 1.01 
304 229 2.01 
304 428 2.01 
304 461 0.01 
304 498 41.01 
304 499 109.00999999999999 
364 107 0.01 
364 226 0.01 
364 310 0.01 
364 353 0.01 
364 373 0.01 
364 465 0.01 
364 472 1.01 
364 500 1.01 
21 150 0.01 
21 202 0.01 
21 249 0.01 
21 256 0.01 
21 289 0.01 
21 343 0.01 
21 454 0.01 
21 500 4.01 
150 29 0.01 
150 32 0.01 
150 414 0.01 
150 427 0.01 
150 490 0.01 
150 491 0.01 
150 492 1.01 
150 500 0.01 
202 292 1.01 
202 307 0.01 
202 367 0.01 
202 369 2.01 
202 411 2.01 
202 496 10.01 
202 497 12.01 
202 498 10.01 
256 61 0.01 
256 131 0.01 
256 207 0.01 
256 397 1.01 
256 470 1.01 
256 471 2.01 
256 494 5.01 
256 500 8.01 
343 46 0.01 
343 50 0.01 
343 137 1.01 
343 349 2.01 
343 400 0.01 
343 432 0.01 
343 442 1.01 
343 500 9.01 
454 41 0.01 
454 192 0.01 
454 220 1.01 
454 416 0.01 
454 420 0.01 
454 489 2.01 
454 494 1.01 
22 118 0.01 
22 363 0.01 
22 395 0.01 
22 421 0.01 
22 448 0.01 
22 475 1.01 
22 497 7.01 
22 500 6.01 
118 183 0.01 
118 208 0.01 
118 319 0.01 
118 342 0.01 
118 441 1.01 
118 493 5.01 
118 497 7.01 
118 499 16.009999999999998 
363 380 1.01 
363 387 0.01 
363 425 4.01 
363 432 4.01 
363 440 4.01 
363 447 3.01 
363 483 6.01 
363 498 42.01 
395 11 5.01 
395 100 0.01 
395 240 3.01 
395 370 2.01 
395 432 8.01 
395 448 8.01 
395 499 80.00999999999999 
448 115 5.01 
448 130 4.01 
448 141 0.01 
448 376 9.01 
448 493 114.00999999999999 
448 496 96.00999999999999 
448 499 321.01 
23 129 0.01 
23 198 0.01 
23 283 0.01 
23 284 0.01 
23 444 0.01 
23 458 0.01 
23 491 0.01 
23 500 2.01 
129 63 0.01 
129 159 0.01 
129 169 0.01 
129 191 0.01 
129 409 0.01 
129 417 0.01 
129 470 1.01 
129 500 3.01 
198 98 0.01 
198 312 0.01 
198 475 0.01 
198 487 0.01 
198 491 2.01 
198 494 1.01 
198 497 2.01 
198 500 18.009999999999998 
283 33 0.01 
283 215 0.01 
283 381 0.01 
283 452 0.01 
283 456 0.01 
283 478 0.01 
283 495 2.01 
283 500 0.01 
284 147 0.01 
284 248 0.01 
284 255 0.01 
284 439 0.01 
284 489 0.01 
284 496 1.01 
284 498 0.01 
284 500 2.01 
444 176 0.01 
444 376 0.01 
444 404 1.01 
444 455 10.01 
444 474 5.01 
444 484 13.01 
444 499 30.009999999999998 
458 163 0.01 
458 196 2.01 
458 220 0.01 
458 322 1.01 
458 340 0.01 
458 403 0.01 
458 500 10.01 
49 6 0.01 
49 258 0.01 
49 442 0.01 
49 459 0.01 
49 467 0.01 
49 473 2.01 
49 491 0.01 
49 500 5.01 
94 45 0.01 
94 112 0.01 
94 345 0.01 
94 364 0.01 
94 438 0.01 
94 459 0.01 
94 492 3.01 
94 500 5.01 
302 158 0.01 
302 204 4.01 
302 310 0.01 
302 324 0.01 
302 470 1.01 
302 481 2.01 
302 500 37.01 
346 39 0.01 
346 379 0.01 
346 408 0.01 
346 473 0.01 
346 478 0.01 
346 489 3.01 
346 500 10.01 
348 108 2.01 
348 198 0.01 
348 324 1.01 
348 414 0.01 
348 485 4.01 
348 492 13.01 
348 494 30.009999999999998 
348 500 7.01 
485 14 1.01 
485 123 4.01 
485 188 4.01 
485 377 20.009999999999998 
485 399 1.01 
485 498 55.01 
485 500 51.01 
25 38 0.01 
25 184 0.01 
25 284 0.01 
25 322 0.01 
25 354 0.01 
25 399 1.01 
25 495 0.01 
25 500 1.01 
38 57 0.01 
38 111 0.01 
38 283 0.01 
38 385 0.01 
38 442 0.01 
38 456 0.01 
38 500 0.01 
184 95 0.01 
184 286 0.01 
184 325 0.01 
184 360 0.01 
184 453 1.01 
184 478 0.01 
184 494 1.01 
184 500 3.01 
322 66 1.01 
322 143 0.01 
322 358 1.01 
322 372 0.01 
322 397 0.01 
322 454 0.01 
322 486 0.01 
322 497 0.01 
399 365 0.01 
399 486 5.01 
399 488 1.01 
399 490 2.01 
399 494 7.01 
399 495 10.01 
399 500 33.01 
26 102 0.01 
26 142 0.01 
26 234 0.01 
26 454 0.01 
26 471 0.01 
26 485 0.01 
26 490 0.01 
26 500 4.01 
102 94 1.01 
102 273 0.01 
102 303 0.01 
102 326 0.01 
102 416 0.01 
102 426 0.01 
102 487 1.01 
102 500 12.01 
142 13 0.01 
142 146 0.01 
142 204 2.01 
142 379 0.01 
142 462 0.01 
142 472 0.01 
142 494 0.01 
142 500 3.01 
292 278 1.01 
292 307 0.01 
292 431 0.01 
292 469 0.01 
292 493 11.01 
292 497 10.01 
292 498 28.009999999999998 
292 499 26.009999999999998 
350 316 0.01 
350 448 29.009999999999998 
350 464 3.01 
350 480 2.01 
350 482 6.01 
350 496 59.01 
350 497 61.01 
350 499 129.01 
411 74 1.01 
411 136 0.01 
411 286 0.01 
411 342 0.01 
411 376 2.01 
411 444 6.01 
411 499 48.01 
418 44 0.01 
418 327 2.01 
418 380 2.01 
418 386 5.01 
418 497 51.01 
418 498 93.00999999999999 
418 499 156.01 
437 74 0.01 
437 275 0.01 
437 331 1.01 
437 428 3.01 
437 484 26.009999999999998 
437 498 74.00999999999999 
437 499 158.01 
464 185 1.01 
464 212 9.01 
464 269 3.01 
464 395 3.01 
464 496 82.00999999999999 
464 498 86.00999999999999 
464 499 228.01 
28 163 0.01 
28 169 0.01 
28 427 0.01 
28 453 0.01 
28 458 0.01 
28 495 1.01 
28 500 9.01 
163 34 0.01 
163 165 0.01 
163 265 0.01 
163 366 0.01 
163 415 1.01 
163 471 0.01 
163 494 3.01 
163 500 2.01 
169 244 0.01 
169 371 0.01 
169 423 0.01 
169 427 0.01 
169 459 0.01 
169 462 2.01 
169 467 0.01 
169 500 4.01 
427 75 0.01 
427 260 0.01 
427 277 0.01 
427 408 0.01 
427 415 0.01 
427 491 0.01 
427 500 1.01 
453 174 0.01 
453 260 0.01 
453 317 0.01 
453 382 1.01 
453 422 0.01 
453 486 5.01 
453 500 16.009999999999998 
29 69 0.01 
29 103 0.01 
29 239 0.01 
29 376 0.01 
29 439 0.01 
29 485 1.01 
29 493 2.01 
29 500 3.01 
103 67 0.01 
103 224 1.01 
103 364 0.01 
103 381 0.01 
103 391 1.01 
103 470 0.01 
103 488 0.01 
103 500 2.01 
239 43 0.01 
239 78 0.01 
239 214 0.01 
239 333 0.01 
239 407 0.01 
239 413 1.01 
239 434 2.01 
239 500 30.009999999999998 
376 58 0.01 
376 329 0.01 
376 404 1.01 
376 407 1.01 
376 496 25.009999999999998 
376 497 26.009999999999998 
376 498 85.00999999999999 
376 499 71.00999999999999 
439 205 0.01 
439 375 0.01 
439 393 0.01 
439 398 0.01 
439 490 5.01 
439 498 5.01 
439 500 7.01 
30 285 0.01 
30 351 0.01 
30 378 0.01 
30 434 0.01 
30 462 0.01 
30 467 0.01 
30 481 1.01 
30 500 4.01 
285 121 0.01 
285 134 0.01 
285 184 0.01 
285 400 0.01 
285 477 2.01 
285 487 0.01 
285 495 0.01 
285 500 5.01 
351 111 0.01 
351 379 0.01 
351 420 0.01 
351 460 1.01 
351 478 1.01 
351 481 1.01 
351 488 0.01 
351 500 9.01 
434 161 0.01 
434 277 0.01 
434 398 1.01 
434 405 0.01 
434 480 1.01 
434 494 6.01 
434 500 16.009999999999998 
197 65 0.01 
197 115 0.01 
197 358 20.009999999999998 
197 429 3.01 
197 440 5.01 
197 469 3.01 
197 497 21.009999999999998 
197 499 32.01 
262 313 0.01 
262 316 0.01 
262 393 2.01 
262 475 4.01 
262 476 4.01 
262 483 4.01 
262 484 2.01 
262 499 23.009999999999998 
367 149 0.01 
367 431 2.01 
367 455 2.01 
367 457 0.01 
367 483 1.01 
367 497 7.01 
367 498 12.01 
367 499 15.01 
32 2 0.01 
32 267 0.01 
32 297 0.01 
32 433 0.01 
32 453 0.01 
32 473 0.01 
32 486 0.01 
32 500 0.01 
267 178 0.01 
267 219 0.01 
267 230 0.01 
267 434 1.01 
267 445 0.01 
267 486 2.01 
267 491 0.01 
267 500 3.01 
297 43 0.01 
297 95 0.01 
297 150 1.01 
297 203 0.01 
297 372 0.01 
297 462 0.01 
297 477 0.01 
297 500 0.01 
433 169 0.01 
433 323 0.01 
433 401 7.01 
433 453 1.01 
433 472 2.01 
433 473 4.01 
433 481 3.01 
473 110 1.01 
473 210 0.01 
473 219 1.01 
473 239 3.01 
473 302 2.01 
473 472 9.01 
473 500 10.01 
486 168 0.01 
486 336 0.01 
486 355 7.01 
486 371 1.01 
486 398 1.01 
486 465 0.01 
486 494 20.009999999999998 
33 107 0.01 
33 188 0.01 
33 312 0.01 
33 339 0.01 
33 340 0.01 
33 467 0.01 
33 499 0.01 
33 500 0.01 
107 50 0.01 
107 67 0.01 
107 389 0.01 
107 391 0.01 
107 417 0.01 
107 471 0.01 
107 472 1.01 
107 500 1.01 
188 128 0.01 
188 256 0.01 
188 454 0.01 
188 468 2.01 
188 481 3.01 
188 490 3.01 
188 494 6.01 
188 500 31.009999999999998 
312 68 0.01 
312 147 0.01 
312 362 0.01 
312 443 1.01 
312 449 0.01 
312 472 0.01 
312 477 1.01 
312 500 7.01 
81 35 0.01 
81 143 0.01 
81 182 0.01 
81 256 0.01 
81 378 0.01 
81 488 0.01 
81 495 0.01 
81 500 1.01 
274 186 0.01 
274 283 0.01 
274 392 1.01 
274 410 1.01 
274 456 0.01 
274 458 0.01 
274 485 0.01 
274 500 2.01 
288 4 0.01 
288 192 0.01 
288 257 0.01 
288 283 0.01 
288 381 1.01 
288 494 2.01 
288 499 5.01 
288 500 6.01 
349 2 0.01 
349 121 0.01 
349 186 0.01 
349 219 0.01 
349 359 0.01 
349 392 1.01 
349 488 3.01 
349 497 4.01 
35 124 0.01 
35 155 0.01 
35 250 0.01 
35 312 0.01 
35 389 0.01 
35 465 0.01 
35 491 0.01 
35 500 0.01 
124 54 0.01 
124 237 0.01 
124 445 0.01 
124 485 3.01 
124 491 2.01 
124 492 5.01 
124 495 5.01 
124 500 27.009999999999998 
155 77 0.01 
155 412 0.01 
155 422 1.01 
155 456 0.01 
155 481 0.01 
155 488 0.01 
155 495 0.01 
155 500 0.01 
250 133 0.01 
250 228 0.01 
250 405 0.01 
250 438 1.01 
250 486 0.01 
250 494 0.01 
250 495 0.01 
250 500 4.01 
389 148 0.01 
389 252 0.01 
389 289 0.01 
389 405 0.01 
389 415 0.01 
389 495 7.01 
389 500 6.01 
465 30 0.01 
465 172 5.01 
465 190 0.01 
465 439 1.01 
465 460 4.01 
465 482 2.01 
465 488 3.01 
36 298 0.01 
36 391 0.01 
36 445 0.01 
36 470 1.01 
36 473 4.01 
36 481 0.01 
36 490 3.01 
36 500 6.01 
298 220 0.01 
298 267 1.01 
298 273 0.01 
298 308 1.01 
298 318 0.01 
298 458 0.01 
298 488 4.01 
298 500 27.009999999999998 
391 193 0.01 
391 274 0.01 
391 410 0.01 
391 427 0.01 
391 431 0.01 
391 487 0.01 
391 488 2.01 
445 187 0.01 
445 214 0.01 
445 225 0.01 
445 301 1.01 
445 489 1.01 
445 491 0.01 
445 500 21.009999999999998 
470 116 0.01 
470 144 0.01 
470 347 0.01 
470 383 1.01 
470 397 0.01 
470 472 1.01 
470 500 16.009999999999998 
37 284 0.01 
37 404 0.01 
37 422 0.01 
37 439 0.01 
37 458 0.01 
37 477 0.01 
37 485 0.01 
37 500 0.01 
404 101 1.01 
404 374 4.01 
404 393 5.01 
404 440 7.01 
404 483 2.01 
404 497 41.01 
404 499 95.00999999999999 
422 66 2.01 
422 106 2.01 
422 129 0.01 
422 316 0.01 
422 413 0.01 
422 489 6.01 
422 500 4.01 
57 302 0.01 
57 333 0.01 
57 385 0.01 
57 412 0.01 
57 439 0.01 
57 477 2.01 
57 486 0.01 
57 497 1.01 
385 28 0.01 
385 209 0.01 
385 218 0.01 
385 274 0.01 
385 400 0.01 
385 415 1.01 
385 492 0.01 
385 500 5.01 
442 224 0.01 
442 318 0.01 
442 462 0.01 
442 470 0.01 
442 492 4.01 
442 494 5.01 
442 495 4.01 
456 348 4.01 
456 353 0.01 
456 381 1.01 
456 489 0.01 
456 492 7.01 
456 499 18.009999999999998 
456 500 39.01 
39 127 0.01 
39 163 0.01 
39 412 0.01 
39 434 0.01 
39 460 1.01 
39 472 3.01 
39 491 1.01 
39 500 4.01 
127 275 0.01 
127 347 0.01 
127 419 0.01 
127 455 1.01 
127 468 2.01 
127 480 0.01 
127 493 6.01 
127 499 11.01 
412 55 0.01 
412 264 0.01 
412 340 0.01 
412 430 0.01 
412 458 0.01 
412 499 18.009999999999998 
412 500 52.01 
472 88 1.01 
472 273 0.01 
472 280 1.01 
472 315 0.01 
472 401 3.01 
472 465 0.01 
472 500 50.01 
40 1 0.01 
40 52 0.01 
40 205 0.01 
40 311 0.01 
40 339 0.01 
40 446 0.01 
40 485 1.01 
40 500 0.01 
52 157 0.01 
52 271 0.01 
52 347 2.01 
52 352 0.01 
52 366 4.01 
52 475 1.01 
52 496 16.009999999999998 
52 499 31.009999999999998 
205 351 0.01 
205 417 0.01 
205 420 0.01 
205 449 0.01 
205 471 0.01 
205 495 0.01 
205 500 3.01 
311 276 0.01 
311 328 0.01 
311 415 0.01 
311 420 0.01 
311 438 0.01 
311 490 0.01 
311 494 3.01 
311 500 1.01 
446 211 3.01 
446 337 2.01 
446 342 2.01 
446 440 17.009999999999998 
446 464 19.009999999999998 
446 475 4.01 
446 499 103.00999999999999 
41 57 0.01 
41 315 0.01 
41 390 0.01 
41 420 0.01 
41 423 0.01 
41 458 0.01 
41 490 0.01 
41 500 1.01 
315 24 0.01 
315 224 0.01 
315 281 0.01 
315 338 0.01 
315 414 0.01 
315 460 0.01 
315 487 0.01 
315 500 8.01 
420 117 0.01 
420 153 0.01 
420 300 0.01 
420 495 3.01 
420 496 1.01 
420 500 8.01 
423 62 0.01 
423 170 0.01 
423 328 0.01 
423 422 0.01 
423 477 3.01 
423 491 1.01 
423 500 5.01 
42 358 21.009999999999998 
42 387 1.01 
42 451 4.01 
42 479 1.01 
42 483 3.01 
42 493 13.01 
42 497 6.01 
42 499 26.009999999999998 
358 5 6.01 
358 135 2.01 
358 304 5.01 
358 361 9.01 
358 482 26.009999999999998 
358 494 15.01 
358 498 169.01 
358 499 19.009999999999998 
451 132 0.01 
451 229 0.01 
451 409 17.009999999999998 
451 437 12.01 
451 476 17.009999999999998 
451 496 84.00999999999999 
451 498 147.01 
43 1 0.01 
43 177 0.01 
43 184 0.01 
43 279 2.01 
43 420 0.01 
43 487 0.01 
43 498 2.01 
43 500 0.01 
177 148 0.01 
177 153 0.01 
177 161 0.01 
177 286 0.01 
177 425 0.01 
177 487 1.01 
177 495 1.01 
177 500 5.01 
279 230 0.01 
279 265 0.01 
279 300 0.01 
279 314 1.01 
279 377 2.01 
279 481 0.01 
279 494 3.01 
279 500 35.01 
44 341 6.01 
44 342 0.01 
44 350 4.01 
44 418 1.01 
44 441 0.01 
44 469 5.01 
44 496 12.01 
44 499 43.01 
341 11 4.01 
341 363 3.01 
341 380 7.01 
341 429 7.01 
341 468 15.01 
341 496 47.01 
341 497 96.00999999999999 
341 499 305.01 
342 113 2.01 
342 157 0.01 
342 240 1.01 
342 368 3.01 
342 393 3.01 
342 497 17.009999999999998 
342 498 26.009999999999998 
342 499 43.01 
45 395 0.01 
45 409 2.01 
45 428 2.01 
45 441 1.01 
45 493 10.01 
45 496 5.01 
45 497 8.01 
45 499 18.009999999999998 
409 167 2.01 
409 384 3.01 
409 429 3.01 
409 482 14.01 
409 497 83.00999999999999 
409 498 97.00999999999999 
409 499 184.01 
428 233 1.01 
428 305 6.01 
428 386 2.01 
428 474 17.009999999999998 
428 483 16.009999999999998 
428 493 26.009999999999998 
428 499 97.00999999999999 
46 167 1.01 
46 356 0.01 
46 439 0.01 
46 448 9.01 
46 452 1.01 
46 461 1.01 
46 498 19.009999999999998 
46 499 18.009999999999998 
167 243 0.01 
167 347 0.01 
167 374 6.01 
167 474 4.01 
167 476 5.01 
167 496 15.01 
167 497 8.01 
167 499 31.009999999999998 
47 3 3.01 
47 418 1.01 
47 424 1.01 
47 479 5.01 
47 496 17.009999999999998 
47 497 22.009999999999998 
47 498 24.009999999999998 
47 499 88.00999999999999 
424 15 0.01 
424 140 1.01 
424 431 2.01 
424 447 9.01 
424 457 3.01 
424 493 11.01 
424 500 12.01 
48 183 1.01 
48 251 1.01 
48 329 0.01 
48 448 1.01 
48 468 3.01 
48 496 4.01 
48 498 16.009999999999998 
48 499 13.01 
183 58 0.01 
183 235 1.01 
183 355 0.01 
183 424 2.01 
183 463 2.01 
183 464 0.01 
183 483 3.01 
183 499 40.01 
251 48 0.01 
251 246 1.01 
251 321 3.01 
251 421 5.01 
251 435 5.01 
251 463 5.01 
251 498 85.00999999999999 
251 499 74.00999999999999 
329 5 0.01 
329 243 0.01 
329 347 1.01 
329 411 1.01 
329 447 6.01 
329 496 14.01 
329 497 12.01 
329 499 20.009999999999998 
258 199 0.01 
258 207 0.01 
258 225 0.01 
258 330 0.01 
258 379 1.01 
258 489 0.01 
258 499 4.01 
258 500 5.01 
50 41 0.01 
50 68 0.01 
50 217 0.01 
50 318 0.01 
50 417 0.01 
50 486 1.01 
50 492 0.01 
50 500 2.01 
68 41 0.01 
68 146 0.01 
68 201 0.01 
68 330 0.01 
68 377 0.01 
68 402 0.01 
68 491 0.01 
68 500 1.01 
217 117 0.01 
217 228 0.01 
217 340 0.01 
217 375 0.01 
217 420 1.01 
217 423 0.01 
217 485 0.01 
217 500 2.01 
318 90 0.01 
318 131 0.01 
318 207 0.01 
318 300 0.01 
318 375 0.01 
318 385 0.01 
318 489 0.01 
318 500 9.01 
417 286 0.01 
417 370 0.01 
417 383 1.01 
417 400 2.01 
417 414 0.01 
417 416 0.01 
417 491 2.01 
76 208 0.01 
76 268 0.01 
76 327 0.01 
76 394 0.01 
76 451 1.01 
76 468 2.01 
76 496 2.01 
76 499 4.01 
268 139 1.01 
268 307 0.01 
268 363 0.01 
268 406 0.01 
268 446 0.01 
268 484 5.01 
268 497 15.01 
268 499 23.009999999999998 
365 8 0.01 
365 152 1.01 
365 202 0.01 
365 363 2.01 
365 395 2.01 
365 484 9.01 
365 498 30.009999999999998 
365 499 82.00999999999999 
157 10 0.01 
157 134 0.01 
157 436 3.01 
157 464 0.01 
157 468 0.01 
157 496 3.01 
157 498 6.01 
157 499 11.01 
271 82 0.01 
271 424 2.01 
271 425 1.01 
271 428 1.01 
271 469 5.01 
271 479 0.01 
271 498 27.009999999999998 
271 499 37.01 
347 42 0.01 
347 208 2.01 
347 367 0.01 
347 444 0.01 
347 493 6.01 
347 496 4.01 
347 498 19.009999999999998 
347 499 17.009999999999998 
366 223 0.01 
366 271 1.01 
366 292 0.01 
366 431 4.01 
366 463 8.01 
366 469 3.01 
366 493 21.009999999999998 
366 499 124.00999999999999 
53 28 0.01 
53 362 0.01 
53 453 0.01 
53 460 0.01 
53 481 1.01 
53 492 0.01 
53 495 3.01 
53 500 5.01 
54 141 0.01 
54 331 0.01 
54 350 0.01 
54 452 0.01 
54 464 1.01 
54 493 4.01 
54 498 23.009999999999998 
54 499 26.009999999999998 
141 44 1.01 
141 80 1.01 
141 149 1.01 
141 321 3.01 
141 344 2.01 
141 448 3.01 
141 457 4.01 
141 499 61.01 
331 301 1.01 
331 424 0.01 
331 463 1.01 
331 468 3.01 
331 474 7.01 
331 484 8.01 
331 497 10.01 
331 499 23.009999999999998 
55 53 0.01 
55 78 0.01 
55 209 0.01 
55 408 0.01 
55 443 0.01 
55 472 1.01 
55 495 0.01 
55 500 4.01 
78 131 0.01 
78 146 0.01 
78 203 0.01 
78 315 0.01 
78 326 0.01 
78 381 0.01 
78 477 2.01 
78 500 4.01 
209 104 0.01 
209 221 0.01 
209 279 0.01 
209 382 1.01 
209 477 0.01 
209 494 2.01 
209 495 0.01 
209 500 1.01 
408 240 0.01 
408 248 0.01 
408 291 0.01 
408 465 1.01 
408 486 1.01 
408 490 1.01 
408 500 10.01 
443 90 0.01 
443 192 0.01 
443 462 1.01 
443 472 2.01 
443 490 5.01 
443 493 3.01 
443 500 14.01 
56 68 0.01 
56 209 0.01 
56 275 0.01 
56 383 1.01 
56 489 0.01 
56 494 2.01 
56 495 0.01 
56 500 1.01 
275 212 4.01 
275 332 1.01 
275 367 0.01 
275 411 2.01 
275 437 1.01 
275 452 3.01 
275 493 16.009999999999998 
275 499 38.01 
383 100 1.01 
383 137 0.01 
383 195 0.01 
383 218 0.01 
383 481 1.01 
383 487 6.01 
383 491 1.01 
383 500 20.009999999999998 
333 26 0.01 
333 420 0.01 
333 442 0.01 
333 471 0.01 
333 486 0.01 
333 491 1.01 
333 498 2.01 
333 500 1.01 
58 134 0.01 
58 233 0.01 
58 337 0.01 
58 419 0.01 
58 447 6.01 
58 496 7.01 
58 498 17.009999999999998 
58 499 21.009999999999998 
134 125 0.01 
134 263 0.01 
134 356 0.01 
134 409 1.01 
134 430 0.01 
134 468 1.01 
134 498 2.01 
134 499 5.01 
233 136 0.01 
233 266 0.01 
233 299 0.01 
233 421 0.01 
233 457 0.01 
233 484 5.01 
233 498 16.009999999999998 
233 499 26.009999999999998 
337 369 10.01 
337 403 2.01 
337 428 0.01 
337 435 6.01 
337 457 4.01 
337 496 9.01 
337 498 35.01 
337 499 40.01 
447 254 5.01 
447 407 9.01 
447 470 1.01 
447 482 17.009999999999998 
447 493 105.00999999999999 
447 496 30.009999999999998 
447 499 323.01 
59 253 0.01 
59 407 2.01 
59 451 5.01 
59 476 4.01 
59 483 2.01 
59 484 6.01 
59 497 9.01 
59 499 33.01 
253 59 0.01 
253 194 0.01 
253 363 1.01 
253 429 0.01 
253 484 2.01 
253 491 0.01 
253 498 9.01 
253 499 12.01 
407 246 0.01 
407 450 5.01 
407 451 14.01 
407 483 23.009999999999998 
407 497 36.01 
407 498 75.00999999999999 
407 499 117.00999999999999 
476 200 2.01 
476 394 4.01 
476 421 3.01 
476 450 13.01 
476 461 11.01 
476 484 51.01 
476 499 210.01 
60 103 0.01 
60 110 0.01 
60 296 0.01 
60 357 0.01 
60 392 3.01 
60 469 1.01 
60 489 0.01 
60 500 13.01 
110 36 0.01 
110 244 0.01 
110 381 1.01 
110 433 0.01 
110 473 0.01 
110 485 0.01 
110 493 5.01 
110 500 38.01 
296 88 0.01 
296 216 0.01 
296 222 0.01 
296 364 0.01 
296 416 1.01 
296 423 0.01 
296 500 11.01 
357 145 1.01 
357 258 0.01 
357 282 0.01 
357 289 0.01 
357 307 0.01 
357 438 1.01 
357 458 0.01 
357 500 13.01 
392 279 0.01 
392 280 3.01 
392 334 3.01 
392 438 1.01 
392 456 2.01 
392 477 9.01 
392 500 3.01 
61 185 1.01 
61 262 0.01 
61 266 1.01 
61 437 4.01 
61 441 0.01 
61 468 2.01 
61 498 21.009999999999998 
61 499 20.009999999999998 
185 211 1.01 
185 268 0.01 
185 394 0.01 
185 406 1.01 
185 432 3.01 
185 446 8.01 
185 496 16.009999999999998 
185 499 39.01 
62 147 0.01 
62 245 0.01 
62 276 2.01 
62 317 0.01 
62 434 2.01 
62 487 0.01 
62 498 1.01 
62 499 13.01 
147 201 0.01 
147 282 0.01 
147 326 0.01 
147 346 0.01 
147 396 0.01 
147 481 0.01 
147 492 0.01 
147 500 0.01 
245 103 0.01 
245 217 0.01 
245 296 0.01 
245 391 0.01 
245 430 0.01 
245 460 0.01 
245 473 1.01 
245 481 3.01 
276 148 0.01 
276 160 0.01 
276 335 0.01 
276 378 0.01 
276 473 0.01 
276 487 0.01 
276 491 1.01 
276 500 9.01 
317 4 0.01 
317 125 0.01 
317 189 0.01 
317 230 1.01 
317 343 1.01 
317 449 0.01 
317 470 0.01 
317 495 2.01 
63 144 0.01 
63 412 2.01 
63 422 1.01 
63 461 0.01 
63 471 0.01 
63 475 1.01 
63 489 0.01 
63 500 4.01 
144 132 1.01 
144 367 0.01 
144 382 1.01 
144 426 0.01 
144 430 0.01 
144 481 1.01 
144 492 2.01 
144 500 9.01 
64 76 0.01 
64 305 0.01 
64 321 0.01 
64 386 0.01 
64 480 1.01 
64 496 3.01 
64 498 6.01 
64 499 4.01 
305 113 3.01 
305 301 2.01 
305 403 7.01 
305 441 7.01 
305 476 14.01 
305 496 4.01 
305 497 59.01 
305 499 206.01 
321 263 5.01 
321 301 1.01 
321 320 1.01 
321 331 1.01 
321 361 1.01 
321 451 4.01 
321 483 1.01 
321 499 34.01 
386 189 2.01 
386 235 0.01 
386 393 0.01 
386 475 4.01 
386 480 5.01 
386 497 28.009999999999998 
386 498 53.01 
386 499 79.00999999999999 
65 84 1.01 
65 91 0.01 
65 97 0.01 
65 162 3.01 
65 476 5.01 
65 496 11.01 
65 497 8.01 
65 499 18.009999999999998 
84 113 2.01 
84 316 0.01 
84 437 4.01 
84 450 6.01 
84 457 2.01 
84 480 3.01 
84 498 32.01 
84 499 53.01 
91 42 0.01 
91 136 0.01 
91 171 2.01 
91 266 3.01 
91 441 3.01 
91 483 7.01 
91 498 38.01 
91 499 114.00999999999999 
97 156 0.01 
97 181 0.01 
97 338 0.01 
97 402 3.01 
97 466 1.01 
97 480 4.01 
97 498 35.01 
97 499 72.00999999999999 
162 47 2.01 
162 96 1.01 
162 295 8.01 
162 319 10.01 
162 409 13.01 
162 464 18.009999999999998 
162 496 78.00999999999999 
162 499 8.01 
66 324 0.01 
66 340 1.01 
66 351 0.01 
66 357 0.01 
66 473 5.01 
66 486 6.01 
66 490 1.01 
66 500 19.009999999999998 
324 192 0.01 
324 244 0.01 
324 441 0.01 
324 449 0.01 
324 467 1.01 
324 478 0.01 
324 485 2.01 
324 500 31.009999999999998 
67 21 0.01 
67 109 0.01 
67 198 0.01 
67 231 0.01 
67 417 0.01 
67 433 0.01 
67 462 0.01 
67 500 1.01 
109 81 0.01 
109 297 0.01 
109 322 0.01 
109 396 0.01 
109 427 0.01 
109 467 0.01 
109 494 0.01 
109 500 1.01 
146 177 0.01 
146 215 0.01 
146 401 0.01 
146 445 0.01 
146 462 0.01 
146 488 0.01 
146 489 0.01 
146 500 0.01 
201 164 0.01 
201 442 0.01 
201 459 0.01 
201 473 0.01 
201 474 0.01 
201 494 1.01 
201 498 0.01 
201 500 0.01 
330 191 0.01 
330 245 0.01 
330 375 1.01 
330 396 0.01 
330 405 1.01 
330 486 3.01 
330 489 0.01 
330 500 5.01 
377 62 0.01 
377 145 0.01 
377 207 0.01 
377 264 1.01 
377 290 0.01 
377 494 4.01 
377 500 38.01 
104 35 0.01 
104 120 0.01 
104 164 0.01 
104 221 0.01 
104 242 0.01 
104 306 0.01 
104 477 0.01 
104 500 1.01 
193 21 0.01 
193 38 0.01 
193 222 0.01 
193 285 0.01 
193 345 0.01 
193 477 0.01 
193 489 0.01 
193 500 0.01 
272 70 0.01 
272 129 0.01 
272 241 0.01 
272 252 1.01 
272 389 0.01 
272 422 0.01 
272 450 0.01 
272 500 6.01 
309 13 0.01 
309 284 0.01 
309 357 0.01 
309 372 0.01 
309 473 1.01 
309 495 2.01 
309 500 6.01 
70 63 0.01 
70 120 0.01 
70 178 0.01 
70 285 0.01 
70 326 0.01 
70 427 0.01 
70 470 0.01 
70 500 3.01 
120 345 0.01 
120 359 0.01 
120 399 0.01 
120 439 0.01 
120 473 0.01 
120 487 0.01 
120 490 0.01 
120 500 5.01 
178 53 0.01 
178 142 0.01 
178 277 0.01 
178 287 0.01 
178 335 0.01 
178 494 1.01 
178 495 2.01 
178 500 4.01 
326 56 0.01 
326 180 0.01 
326 303 0.01 
326 309 0.01 
326 383 1.01 
326 418 0.01 
326 486 0.01 
326 500 3.01 
71 191 0.01 
71 195 0.01 
71 283 0.01 
71 297 1.01 
71 312 0.01 
71 349 0.01 
71 486 0.01 
71 500 0.01 
191 270 0.01 
191 335 0.01 
191 373 0.01 
191 442 0.01 
191 453 0.01 
191 481 0.01 
191 489 0.01 
191 500 2.01 
195 73 0.01 
195 203 0.01 
195 247 0.01 
195 291 0.01 
195 360 1.01 
195 408 0.01 
195 500 4.01 
72 32 0.01 
72 306 0.01 
72 310 0.01 
72 317 0.01 
72 438 0.01 
72 492 0.01 
72 495 1.01 
72 500 3.01 
306 60 1.01 
306 73 1.01 
306 85 0.01 
306 415 1.01 
306 423 0.01 
306 426 0.01 
306 489 2.01 
306 500 3.01 
310 422 0.01 
310 423 0.01 
310 477 0.01 
310 487 0.01 
310 490 0.01 
310 491 0.01 
310 495 1.01 
310 500 4.01 
438 53 0.01 
438 239 0.01 
438 388 1.01 
438 410 0.01 
438 488 2.01 
438 490 1.01 
438 500 31.009999999999998 
73 14 0.01 
73 138 0.01 
73 391 0.01 
73 443 0.01 
73 454 0.01 
73 467 1.01 
73 481 3.01 
73 500 3.01 
74 5 1.01 
74 235 0.01 
74 294 1.01 
74 431 0.01 
74 469 3.01 
74 493 25.009999999999998 
74 496 22.009999999999998 
74 499 54.01 
235 194 0.01 
235 253 1.01 
235 264 0.01 
235 461 1.01 
235 474 2.01 
235 483 3.01 
235 498 11.01 
235 499 24.009999999999998 
294 54 1.01 
294 61 4.01 
294 127 0.01 
294 162 1.01 
294 370 3.01 
294 432 5.01 
294 482 11.01 
294 499 66.00999999999999 
431 152 0.01 
431 287 1.01 
431 418 3.01 
431 436 2.01 
431 448 18.009999999999998 
431 479 11.01 
431 499 155.01 
75 82 0.01 
75 135 0.01 
75 411 1.01 
75 424 0.01 
75 429 1.01 
75 475 1.01 
75 496 5.01 
75 499 8.01 
82 259 0.01 
82 294 1.01 
82 331 0.01 
82 370 0.01 
82 425 1.01 
82 447 0.01 
82 469 0.01 
82 499 7.01 
135 137 0.01 
135 424 0.01 
135 432 5.01 
135 447 4.01 
135 455 1.01 
135 464 0.01 
135 480 4.01 
135 499 99.00999999999999 
429 8 0.01 
429 15 2.01 
429 105 2.01 
429 342 0.01 
429 393 7.01 
429 476 19.009999999999998 
429 499 118.00999999999999 
208 202 1.01 
208 369 4.01 
208 393 0.01 
208 421 1.01 
208 441 1.01 
208 451 6.01 
208 452 5.01 
208 499 51.01 
327 3 6.01 
327 76 0.01 
327 278 0.01 
327 368 1.01 
327 421 2.01 
327 483 22.009999999999998 
327 498 25.009999999999998 
327 499 38.01 
77 37 0.01 
77 227 0.01 
77 255 0.01 
77 309 0.01 
77 406 0.01 
77 449 0.01 
77 453 1.01 
77 500 0.01 
227 173 0.01 
227 232 0.01 
227 298 1.01 
227 310 0.01 
227 359 0.01 
227 480 0.01 
227 488 0.01 
227 500 0.01 
255 276 0.01 
255 311 0.01 
255 353 0.01 
255 488 0.01 
255 490 0.01 
255 491 0.01 
255 495 0.01 
255 500 1.01 
406 158 1.01 
406 190 2.01 
406 338 2.01 
406 380 8.01 
406 466 16.009999999999998 
406 480 5.01 
406 490 4.01 
131 160 0.01 
131 180 0.01 
131 250 0.01 
131 291 0.01 
131 401 1.01 
131 459 0.01 
131 491 0.01 
131 500 4.01 
203 116 0.01 
203 188 0.01 
203 216 0.01 
203 311 0.01 
203 325 0.01 
203 485 0.01 
203 500 3.01 
381 26 0.01 
381 309 0.01 
381 334 0.01 
381 430 1.01 
381 473 3.01 
381 494 3.01 
381 496 3.01 
381 500 10.01 
79 152 1.01 
79 338 0.01 
79 341 6.01 
79 404 2.01 
79 444 0.01 
79 463 3.01 
79 480 0.01 
79 499 23.009999999999998 
152 156 1.01 
152 295 0.01 
152 344 1.01 
152 480 2.01 
152 493 8.01 
152 497 10.01 
152 498 13.01 
152 499 44.01 
338 101 0.01 
338 236 0.01 
338 354 0.01 
338 376 0.01 
338 384 0.01 
338 435 2.01 
338 498 14.01 
338 499 33.01 
463 52 2.01 
463 59 4.01 
463 313 2.01 
463 361 4.01 
463 484 49.01 
463 493 91.00999999999999 
463 499 173.01 
80 151 0.01 
80 269 2.01 
80 356 0.01 
80 455 0.01 
80 493 4.01 
80 497 4.01 
80 498 11.01 
80 499 14.01 
151 16 1.01 
151 48 0.01 
151 92 0.01 
151 167 0.01 
151 355 2.01 
151 480 2.01 
151 498 54.01 
151 499 33.01 
269 51 0.01 
269 82 0.01 
269 212 2.01 
269 223 0.01 
269 292 0.01 
269 332 0.01 
269 403 2.01 
269 499 40.01 
455 262 1.01 
455 395 3.01 
455 411 1.01 
455 452 1.01 
455 490 5.01 
455 497 67.00999999999999 
455 499 126.00999999999999 
143 260 0.01 
143 284 0.01 
143 296 0.01 
143 328 0.01 
143 414 0.01 
143 477 0.01 
143 495 0.01 
143 500 1.01 
182 17 0.01 
182 325 0.01 
182 399 2.01 
182 472 2.01 
182 481 1.01 
182 492 4.01 
182 494 16.009999999999998 
182 500 18.009999999999998 
259 20 0.01 
259 321 1.01 
259 370 1.01 
259 419 0.01 
259 497 23.009999999999998 
259 498 37.01 
259 499 57.01 
259 500 8.01 
370 65 0.01 
370 75 4.01 
370 86 3.01 
370 337 0.01 
370 461 7.01 
370 493 10.01 
370 498 24.009999999999998 
370 499 29.009999999999998 
113 80 0.01 
113 246 0.01 
113 278 0.01 
113 368 1.01 
113 446 1.01 
113 464 5.01 
113 498 28.009999999999998 
113 499 36.01 
316 64 0.01 
316 304 0.01 
316 394 2.01 
316 403 0.01 
316 425 0.01 
316 480 2.01 
316 498 18.009999999999998 
316 499 35.01 
457 74 3.01 
457 234 0.01 
457 374 4.01 
457 386 4.01 
457 436 6.01 
457 450 9.01 
457 468 5.01 
85 198 0.01 
85 242 0.01 
85 373 0.01 
85 400 0.01 
85 417 0.01 
85 457 0.01 
85 491 0.01 
85 500 3.01 
242 107 0.01 
242 228 0.01 
242 248 0.01 
242 357 0.01 
242 392 0.01 
242 414 0.01 
242 478 0.01 
242 500 0.01 
400 14 0.01 
400 109 0.01 
400 281 0.01 
400 405 1.01 
400 438 0.01 
400 500 5.01 
86 79 0.01 
86 352 13.01 
86 368 5.01 
86 394 1.01 
86 448 15.01 
86 497 2.01 
86 498 95.00999999999999 
86 499 116.00999999999999 
368 246 1.01 
368 394 4.01 
368 425 1.01 
368 446 2.01 
368 466 7.01 
368 483 12.01 
368 496 27.009999999999998 
368 499 59.01 
87 6 0.01 
87 35 0.01 
87 108 0.01 
87 216 0.01 
87 433 0.01 
87 437 0.01 
87 492 0.01 
87 500 0.01 
108 21 0.01 
108 120 0.01 
108 281 0.01 
108 294 0.01 
108 391 0.01 
108 427 0.01 
108 477 3.01 
108 500 23.009999999999998 
216 72 0.01 
216 288 0.01 
216 336 0.01 
216 352 0.01 
216 416 0.01 
216 488 0.01 
216 500 3.01 
88 168 0.01 
88 274 0.01 
88 444 0.01 
88 473 4.01 
88 477 0.01 
88 478 0.01 
88 492 1.01 
88 500 10.01 
168 94 0.01 
168 195 0.01 
168 200 0.01 
168 390 0.01 
168 483 0.01 
168 485 7.01 
168 494 2.01 
168 500 16.009999999999998 
89 4 0.01 
89 232 0.01 
89 410 0.01 
89 445 0.01 
89 458 0.01 
89 485 0.01 
89 499 2.01 
89 500 3.01 
232 25 0.01 
232 174 0.01 
232 322 0.01 
232 388 0.01 
232 433 0.01 
232 486 0.01 
232 495 0.01 
232 500 2.01 
410 323 0.01 
410 348 2.01 
410 491 1.01 
410 492 1.01 
410 498 2.01 
410 500 18.009999999999998 
90 17 0.01 
90 213 0.01 
90 255 0.01 
90 439 0.01 
90 481 1.01 
90 487 0.01 
90 489 0.01 
90 500 7.01 
213 154 0.01 
213 241 0.01 
213 317 0.01 
213 389 0.01 
213 427 0.01 
213 433 0.01 
213 500 3.01 
136 206 0.01 
136 293 3.01 
136 404 1.01 
136 428 3.01 
136 437 2.01 
136 497 7.01 
136 498 12.01 
136 499 19.009999999999998 
171 404 0.01 
171 432 4.01 
171 444 1.01 
171 457 2.01 
171 479 3.01 
171 498 15.01 
171 499 43.01 
171 500 5.01 
92 299 1.01 
92 320 1.01 
92 406 0.01 
92 469 3.01 
92 474 5.01 
92 497 11.01 
92 498 46.01 
92 499 47.01 
299 18 0.01 
299 139 2.01 
299 185 0.01 
299 233 0.01 
299 421 2.01 
299 450 1.01 
299 476 2.01 
299 497 9.01 
93 56 0.01 
93 227 0.01 
93 230 0.01 
93 322 0.01 
93 399 0.01 
93 442 0.01 
93 495 1.01 
93 500 7.01 
230 19 0.01 
230 77 0.01 
230 155 0.01 
230 203 0.01 
230 308 0.01 
230 434 1.01 
230 485 1.01 
230 500 2.01 
345 159 0.01 
345 175 0.01 
345 339 0.01 
345 398 2.01 
345 465 1.01 
345 494 3.01 
345 500 3.01 
95 60 0.01 
95 71 0.01 
95 388 0.01 
95 392 0.01 
95 414 0.01 
95 454 0.01 
95 487 0.01 
95 500 3.01 
388 117 0.01 
388 187 0.01 
388 280 1.01 
388 346 0.01 
388 416 0.01 
388 472 1.01 
388 500 13.01 
414 302 0.01 
414 349 1.01 
414 382 0.01 
414 467 1.01 
414 492 1.01 
414 493 4.01 
414 494 4.01 
96 16 1.01 
96 20 1.01 
96 172 1.01 
96 176 0.01 
96 211 0.01 
96 455 0.01 
96 496 10.01 
96 499 87.00999999999999 
172 122 3.01 
172 261 7.01 
172 341 13.01 
172 384 5.01 
172 475 12.01 
172 480 2.01 
172 494 8.01 
172 496 51.01 
176 84 0.01 
176 229 0.01 
176 403 0.01 
176 480 3.01 
176 496 12.01 
176 497 9.01 
176 498 9.01 
176 499 21.009999999999998 
211 151 0.01 
211 185 0.01 
211 194 0.01 
211 320 1.01 
211 440 2.01 
211 474 2.01 
211 479 0.01 
211 499 38.01 
156 261 1.01 
156 305 0.01 
156 316 0.01 
156 365 4.01 
156 450 1.01 
156 463 1.01 
156 464 0.01 
156 468 3.01 
98 211 1.01 
98 295 1.01 
98 304 0.01 
98 446 1.01 
98 468 1.01 
98 482 3.01 
98 498 29.009999999999998 
98 499 39.01 
295 447 8.01 
295 479 0.01 
295 480 10.01 
295 484 12.01 
295 496 18.009999999999998 
295 497 15.01 
295 498 34.01 
295 499 105.00999999999999 
99 193 0.01 
99 286 0.01 
99 303 0.01 
99 343 0.01 
99 348 1.01 
99 398 0.01 
99 488 0.01 
99 500 2.01 
286 339 0.01 
286 398 0.01 
286 462 0.01 
286 478 0.01 
286 489 0.01 
286 490 1.01 
286 494 3.01 
286 500 2.01 
303 145 0.01 
303 254 0.01 
303 377 2.01 
303 396 1.01 
303 433 0.01 
303 454 0.01 
303 493 8.01 
303 500 9.01 
398 453 2.01 
398 481 1.01 
398 492 0.01 
398 494 6.01 
398 495 11.01 
398 496 3.01 
398 500 9.01 
100 86 1.01 
100 365 3.01 
100 384 1.01 
100 444 1.01 
100 483 2.01 
100 484 5.01 
100 498 9.01 
100 499 27.009999999999998 
384 11 2.01 
384 118 0.01 
384 332 1.01 
384 425 2.01 
384 474 14.01 
384 484 25.009999999999998 
384 498 65.00999999999999 
384 499 95.00999999999999 
101 27 0.01 
101 206 0.01 
101 236 0.01 
101 378 0.01 
101 419 0.01 
101 496 5.01 
101 498 6.01 
101 499 17.009999999999998 
206 96 0.01 
206 332 0.01 
206 367 0.01 
206 387 1.01 
206 395 0.01 
206 475 0.01 
206 476 2.01 
206 499 30.009999999999998 
236 51 0.01 
236 156 0.01 
236 387 1.01 
236 463 2.01 
236 469 1.01 
236 493 5.01 
236 497 10.01 
236 499 16.009999999999998 
273 56 0.01 
273 193 0.01 
273 205 0.01 
273 378 0.01 
273 476 0.01 
273 485 5.01 
273 495 3.01 
273 500 9.01 
416 210 1.01 
416 223 0.01 
416 415 2.01 
416 449 1.01 
416 488 3.01 
416 499 18.009999999999998 
416 500 19.009999999999998 
426 15 0.01 
426 40 0.01 
426 89 0.01 
426 258 0.01 
426 360 0.01 
426 482 1.01 
426 500 20.009999999999998 
224 64 1.01 
224 302 0.01 
224 378 0.01 
224 401 0.01 
224 417 0.01 
224 456 0.01 
224 478 0.01 
224 500 1.01 
164 37 0.01 
164 102 0.01 
164 224 0.01 
164 238 0.01 
164 410 0.01 
164 449 0.01 
164 454 0.01 
164 500 3.01 
221 237 0.01 
221 458 0.01 
221 460 1.01 
221 467 0.01 
221 479 0.01 
221 486 1.01 
221 495 0.01 
221 500 2.01 
105 83 1.01 
105 337 3.01 
105 352 2.01 
105 402 10.01 
105 484 11.01 
105 497 22.009999999999998 
105 498 44.01 
105 499 37.01 
106 50 0.01 
106 72 0.01 
106 357 0.01 
106 364 1.01 
106 478 2.01 
106 485 3.01 
106 494 9.01 
106 500 11.01 
281 213 0.01 
281 225 0.01 
281 371 0.01 
281 454 0.01 
281 472 2.01 
281 473 1.01 
281 496 0.01 
281 500 10.01 
396 119 1.01 
396 201 0.01 
396 346 0.01 
396 430 0.01 
396 435 1.01 
396 489 1.01 
396 500 22.009999999999998 
244 55 0.01 
244 67 0.01 
244 270 0.01 
244 408 0.01 
244 471 1.01 
244 489 0.01 
244 491 0.01 
244 500 13.01 
264 12 0.01 
264 242 0.01 
264 387 1.01 
264 401 0.01 
264 478 0.01 
264 485 7.01 
264 495 3.01 
264 500 9.01 
291 373 0.01 
291 412 0.01 
291 413 0.01 
291 462 0.01 
291 486 1.01 
291 489 0.01 
291 492 1.01 
291 500 3.01 
335 227 0.01 
335 244 0.01 
335 318 0.01 
335 442 0.01 
335 470 2.01 
335 472 0.01 
335 473 1.01 
335 500 2.01 
187 49 0.01 
187 213 0.01 
187 288 0.01 
187 371 0.01 
187 372 0.01 
187 397 0.01 
187 495 3.01 
187 500 3.01 
246 27 0.01 
246 261 3.01 
246 386 0.01 
246 403 5.01 
246 452 3.01 
246 466 10.01 
246 483 7.01 
246 499 24.009999999999998 
278 295 3.01 
278 299 0.01 
278 461 1.01 
278 463 2.01 
278 475 1.01 
278 493 5.01 
278 496 11.01 
278 499 24.009999999999998 
125 97 0.01 
125 190 0.01 
125 287 0.01 
125 369 1.01 
125 474 0.01 
125 479 0.01 
125 497 1.01 
125 499 0.01 
115 46 1.01 
115 271 0.01 
115 313 1.01 
115 409 2.01 
115 461 1.01 
115 497 26.009999999999998 
115 498 64.00999999999999 
115 499 61.01 
116 155 0.01 
116 161 0.01 
116 311 0.01 
116 485 0.01 
116 488 0.01 
116 494 1.01 
116 499 6.01 
116 500 4.01 
161 128 0.01 
161 315 1.01 
161 333 0.01 
161 343 0.01 
161 351 0.01 
161 454 0.01 
161 462 0.01 
161 500 4.01 
117 173 0.01 
117 218 0.01 
117 228 0.01 
117 270 0.01 
117 385 0.01 
117 456 1.01 
117 465 0.01 
173 30 0.01 
173 57 0.01 
173 314 0.01 
173 332 0.01 
173 443 0.01 
173 485 3.01 
173 489 0.01 
173 500 8.01 
218 36 0.01 
218 39 0.01 
218 282 0.01 
218 422 0.01 
218 443 0.01 
218 490 0.01 
218 491 1.01 
218 500 8.01 
228 87 0.01 
228 96 0.01 
228 99 0.01 
228 389 1.01 
228 439 0.01 
228 489 0.01 
228 491 0.01 
228 500 1.01 
319 59 1.01 
319 374 4.01 
319 446 4.01 
319 448 10.01 
319 464 8.01 
319 493 24.009999999999998 
319 498 50.01 
319 499 118.00999999999999 
119 253 0.01 
119 334 0.01 
119 414 0.01 
119 415 0.01 
119 455 1.01 
119 488 1.01 
119 492 7.01 
119 500 3.01 
334 315 0.01 
334 379 1.01 
334 413 0.01 
334 486 3.01 
334 489 1.01 
334 494 15.01 
334 495 6.01 
334 500 35.01 
415 72 0.01 
415 191 1.01 
415 232 1.01 
415 288 0.01 
415 459 0.01 
415 487 1.01 
415 500 5.01 
121 119 0.01 
121 124 0.01 
121 150 0.01 
121 210 0.01 
121 297 0.01 
121 360 0.01 
121 459 0.01 
121 500 9.01 
210 28 0.01 
210 112 0.01 
210 144 0.01 
210 153 0.01 
210 285 0.01 
210 410 0.01 
210 430 1.01 
210 478 2.01 
360 12 0.01 
360 25 1.01 
360 423 1.01 
360 445 1.01 
360 470 1.01 
360 492 2.01 
360 496 2.01 
360 500 11.01 
122 22 0.01 
122 100 1.01 
122 293 2.01 
122 435 0.01 
122 436 1.01 
122 496 20.009999999999998 
122 498 22.009999999999998 
122 499 127.00999999999999 
293 19 0.01 
293 183 1.01 
293 447 29.009999999999998 
293 476 10.01 
293 496 57.01 
293 497 81.00999999999999 
293 498 85.00999999999999 
293 499 222.01 
435 194 0.01 
435 436 1.01 
435 450 10.01 
435 461 9.01 
435 475 9.01 
435 493 43.01 
435 499 114.00999999999999 
436 7 3.01 
436 407 5.01 
436 434 2.01 
436 435 4.01 
436 469 5.01 
436 498 45.01 
436 499 93.00999999999999 
123 73 0.01 
123 168 0.01 
123 178 0.01 
123 314 1.01 
123 472 2.01 
123 487 4.01 
123 490 1.01 
123 500 29.009999999999998 
314 63 0.01 
314 188 0.01 
314 388 0.01 
314 391 0.01 
314 465 4.01 
314 488 2.01 
314 500 15.01 
190 115 0.01 
190 432 2.01 
190 438 0.01 
190 440 5.01 
190 461 0.01 
190 476 2.01 
190 498 23.009999999999998 
190 499 18.009999999999998 
287 418 0.01 
287 436 4.01 
287 461 1.01 
287 482 3.01 
287 493 18.009999999999998 
287 497 9.01 
287 498 15.01 
287 499 37.01 
126 2 0.01 
126 109 0.01 
126 195 1.01 
126 280 0.01 
126 313 0.01 
126 485 2.01 
126 491 1.01 
126 500 5.01 
280 39 0.01 
280 362 0.01 
280 390 0.01 
280 433 1.01 
280 434 1.01 
280 488 2.01 
280 500 27.009999999999998 
128 7 0.01 
128 99 0.01 
128 205 0.01 
128 317 0.01 
128 388 1.01 
128 390 0.01 
128 487 1.01 
128 500 11.01 
159 71 0.01 
159 126 0.01 
159 321 0.01 
159 408 0.01 
159 470 0.01 
159 485 2.01 
159 487 0.01 
159 500 2.01 
130 79 0.01 
130 376 0.01 
130 419 2.01 
130 457 3.01 
130 475 4.01 
130 480 4.01 
130 493 25.009999999999998 
130 499 67.00999999999999 
160 99 0.01 
160 267 0.01 
160 426 0.01 
160 472 0.01 
160 478 0.01 
160 485 0.01 
160 487 0.01 
160 500 1.01 
401 126 1.01 
401 477 4.01 
401 486 2.01 
401 488 2.01 
401 490 2.01 
401 500 27.009999999999998 
132 75 0.01 
132 262 1.01 
132 354 0.01 
132 429 1.01 
132 436 0.01 
132 479 4.01 
132 482 2.01 
132 499 35.01 
133 104 0.01 
133 333 1.01 
133 439 0.01 
133 465 0.01 
133 489 0.01 
133 490 0.01 
133 494 1.01 
133 500 0.01 
263 189 5.01 
263 365 4.01 
263 431 7.01 
263 437 13.01 
263 474 15.01 
263 479 21.009999999999998 
263 493 75.00999999999999 
263 499 22.009999999999998 
430 105 1.01 
430 426 0.01 
430 465 2.01 
430 478 2.01 
430 487 3.01 
430 490 5.01 
430 500 26.009999999999998 
137 154 0.01 
137 225 0.01 
137 257 0.01 
137 470 0.01 
137 491 1.01 
137 495 1.01 
137 497 1.01 
137 500 7.01 
432 366 11.01 
432 403 13.01 
432 418 11.01 
432 447 21.009999999999998 
432 483 27.009999999999998 
432 498 30.009999999999998 
432 499 289.01 
154 209 0.01 
154 349 0.01 
154 412 0.01 
154 460 0.01 
154 467 0.01 
154 486 0.01 
154 489 0.01 
154 500 0.01 
225 142 0.01 
225 405 0.01 
225 443 0.01 
225 453 0.01 
225 454 0.01 
225 471 1.01 
225 472 4.01 
225 500 4.01 
257 95 0.01 
257 265 0.01 
257 399 0.01 
257 456 1.01 
257 482 0.01 
257 489 1.01 
257 499 7.01 
257 500 6.01 
300 93 0.01 
300 196 0.01 
300 250 0.01 
300 306 0.01 
300 415 0.01 
300 443 2.01 
300 472 1.01 
300 500 4.01 
139 44 3.01 
139 337 3.01 
139 355 3.01 
139 387 2.01 
139 428 5.01 
139 476 4.01 
139 498 88.00999999999999 
139 499 137.01 
355 61 0.01 
355 276 0.01 
355 402 12.01 
355 440 19.009999999999998 
355 451 5.01 
355 455 7.01 
355 484 21.009999999999998 
355 499 147.01 
140 229 0.01 
140 329 2.01 
140 444 4.01 
140 482 3.01 
140 493 4.01 
140 496 19.009999999999998 
140 498 10.01 
140 499 22.009999999999998 
229 127 0.01 
229 190 1.01 
229 197 0.01 
229 319 2.01 
229 354 1.01 
229 428 1.01 
229 455 4.01 
229 496 13.01 
149 233 0.01 
149 327 3.01 
149 407 6.01 
149 441 1.01 
149 444 0.01 
149 476 3.01 
149 498 40.01 
149 499 39.01 
204 121 0.01 
204 219 0.01 
204 336 1.01 
204 343 1.01 
204 473 9.01 
204 489 0.01 
204 490 2.01 
204 500 22.009999999999998 
379 255 0.01 
379 382 0.01 
379 390 0.01 
379 400 0.01 
379 417 0.01 
379 478 0.01 
379 498 2.01 
379 500 6.01 
260 443 0.01 
260 445 0.01 
260 449 0.01 
260 454 0.01 
260 468 0.01 
260 488 1.01 
260 495 1.01 
260 500 6.01 
328 116 1.01 
328 226 0.01 
328 289 0.01 
328 397 0.01 
328 467 2.01 
328 486 2.01 
328 488 1.01 
328 500 3.01 
382 34 0.01 
382 217 0.01 
382 296 0.01 
382 443 0.01 
382 447 0.01 
382 453 0.01 
382 458 1.01 
382 500 8.01 
145 25 0.01 
145 204 1.01 
145 346 0.01 
145 470 1.01 
145 471 1.01 
145 494 4.01 
145 496 1.01 
145 500 8.01 
215 33 0.01 
215 154 0.01 
215 237 0.01 
215 371 0.01 
215 416 0.01 
215 434 0.01 
215 490 0.01 
215 500 0.01 
282 37 0.01 
282 217 0.01 
282 272 0.01 
282 330 0.01 
282 333 0.01 
282 397 0.01 
282 490 5.01 
282 500 10.01 
148 70 0.01 
148 71 0.01 
148 360 0.01 
148 383 0.01 
148 398 1.01 
148 408 0.01 
148 459 0.01 
148 500 2.01 
153 182 0.01 
153 247 0.01 
153 252 0.01 
153 257 0.01 
153 260 0.01 
153 400 0.01 
153 474 0.01 
153 500 2.01 
247 40 0.01 
247 157 0.01 
247 196 0.01 
247 220 0.01 
247 382 0.01 
247 385 0.01 
247 426 0.01 
247 500 25.009999999999998 
261 92 2.01 
261 189 1.01 
261 290 1.01 
261 409 3.01 
261 451 11.01 
261 496 44.01 
261 498 78.00999999999999 
261 499 78.00999999999999 
158 135 0.01 
158 368 0.01 
158 432 2.01 
158 466 4.01 
158 469 4.01 
158 482 2.01 
158 483 8.01 
158 497 8.01 
165 213 0.01 
165 245 0.01 
165 339 0.01 
165 471 1.01 
165 487 1.01 
165 488 0.01 
165 492 0.01 
165 500 2.01 
265 166 0.01 
265 308 0.01 
265 351 0.01 
265 373 0.01 
265 449 0.01 
265 487 0.01 
265 494 5.01 
265 500 8.01 
238 126 0.01 
238 377 0.01 
238 388 0.01 
238 400 0.01 
238 430 0.01 
238 440 0.01 
238 445 0.01 
238 500 3.01 
166 80 0.01 
166 215 0.01 
166 247 0.01 
166 345 0.01 
166 465 0.01 
166 481 0.01 
166 494 0.01 
166 500 1.01 
200 31 0.01 
200 202 1.01 
200 254 0.01 
200 354 0.01 
200 429 10.01 
200 476 9.01 
200 498 34.01 
200 499 60.01 
371 214 0.01 
371 353 0.01 
371 375 1.01 
371 459 0.01 
371 486 1.01 
371 495 5.01 
371 498 4.01 
371 500 12.01 
332 98 0.01 
332 171 0.01 
332 361 2.01 
332 431 0.01 
332 479 8.01 
332 493 8.01 
332 498 18.009999999999998 
332 499 25.009999999999998 
174 32 0.01 
174 108 0.01 
174 282 0.01 
174 385 0.01 
174 451 0.01 
174 455 0.01 
174 491 1.01 
174 500 1.01 
199 81 0.01 
199 160 0.01 
199 245 0.01 
199 364 1.01 
199 486 0.01 
199 490 2.01 
199 495 1.01 
199 500 2.01 
403 407 4.01 
403 421 4.01 
403 482 9.01 
403 496 60.01 
403 497 42.01 
403 498 101.00999999999999 
403 499 93.00999999999999 
277 85 0.01 
277 119 0.01 
277 258 0.01 
277 285 0.01 
277 399 0.01 
277 487 2.01 
277 495 0.01 
277 500 3.01 
336 290 2.01 
336 392 2.01 
336 488 1.01 
336 491 2.01 
336 492 4.01 
336 499 13.01 
336 500 14.01 
375 382 1.01 
375 401 4.01 
375 459 0.01 
375 466 2.01 
375 488 0.01 
375 492 1.01 
375 499 6.01 
375 500 5.01 
325 85 0.01 
325 118 0.01 
325 165 0.01 
325 216 0.01 
325 372 0.01 
325 379 0.01 
325 430 0.01 
325 500 6.01 
186 23 0.01 
186 33 0.01 
186 165 0.01 
186 238 0.01 
186 308 0.01 
186 423 0.01 
186 495 2.01 
186 500 4.01 
308 123 0.01 
308 334 1.01 
308 351 0.01 
308 357 0.01 
308 460 3.01 
308 499 19.009999999999998 
308 500 12.01 
372 123 1.01 
372 166 0.01 
372 250 0.01 
372 265 0.01 
372 381 1.01 
372 389 1.01 
372 453 0.01 
372 500 5.01 
189 287 0.01 
189 424 1.01 
189 452 0.01 
189 466 14.01 
189 476 9.01 
189 482 3.01 
189 497 18.009999999999998 
189 499 98.00999999999999 
440 208 0.01 
440 344 7.01 
440 409 17.009999999999998 
440 457 11.01 
440 493 119.00999999999999 
440 498 177.01 
440 499 292.01 
192 69 0.01 
192 413 0.01 
192 414 0.01 
192 456 0.01 
192 477 1.01 
192 478 0.01 
192 487 2.01 
192 500 7.01 
222 88 0.01 
222 242 0.01 
222 335 0.01 
222 373 0.01 
222 471 2.01 
222 479 0.01 
222 490 0.01 
222 500 11.01 
194 132 0.01 
194 329 0.01 
194 356 0.01 
194 475 1.01 
194 479 5.01 
194 483 11.01 
194 498 10.01 
194 499 27.009999999999998 
196 87 0.01 
196 210 0.01 
196 221 0.01 
196 372 0.01 
196 424 0.01 
196 427 0.01 
196 478 1.01 
196 500 5.01 
219 290 2.01 
219 336 2.01 
219 362 1.01 
219 426 1.01 
219 445 2.01 
219 456 3.01 
219 473 1.01 
219 483 0.01 
207 70 1.01 
207 312 1.01 
207 334 0.01 
207 375 0.01 
207 405 0.01 
207 408 0.01 
207 500 9.01 
405 328 0.01 
405 371 0.01 
405 422 1.01 
405 449 0.01 
405 456 0.01 
405 487 1.01 
405 490 1.01 
393 140 1.01 
393 200 3.01 
393 329 2.01 
393 475 1.01 
393 496 34.01 
393 498 32.01 
393 499 43.01 
212 105 2.01 
212 428 7.01 
212 455 7.01 
212 474 37.01 
212 475 16.009999999999998 
212 483 11.01 
212 497 81.00999999999999 
212 499 200.01 
241 159 0.01 
241 310 0.01 
241 326 0.01 
241 345 0.01 
241 420 0.01 
241 463 0.01 
241 488 0.01 
241 500 12.01 
290 26 0.01 
290 49 0.01 
290 288 0.01 
290 350 1.01 
290 489 2.01 
290 499 31.009999999999998 
290 500 21.009999999999998 
220 29 0.01 
220 43 0.01 
220 48 0.01 
220 248 0.01 
220 388 0.01 
220 492 3.01 
220 495 3.01 
220 500 6.01 
248 24 0.01 
248 89 0.01 
248 417 0.01 
248 438 0.01 
248 471 2.01 
248 499 3.01 
248 500 3.01 
223 122 0.01 
223 384 0.01 
223 446 4.01 
223 452 1.01 
223 461 2.01 
223 474 5.01 
223 493 10.01 
223 499 28.009999999999998 
240 435 3.01 
240 441 2.01 
240 446 4.01 
240 452 3.01 
240 463 0.01 
240 482 0.01 
240 496 27.009999999999998 
240 499 104.00999999999999 
301 47 0.01 
301 366 2.01 
301 406 0.01 
301 437 4.01 
301 474 3.01 
301 497 14.01 
301 498 23.009999999999998 
301 499 32.01 
