1 37 0.01 
1 47 0.01 
1 154 0.01 
1 185 0.01 
1 243 0.01 
1 350 2.01 
1 356 0.01 
1 422 1.01 
1 437 1.01 
1 481 1.01 
1 486 1.01 
1 494 3.01 
37 133 1.01 
37 208 3.01 
37 348 0.01 
37 387 1.01 
37 389 0.01 
37 427 1.01 
37 431 2.01 
37 439 5.01 
37 473 5.01 
37 485 3.01 
37 487 2.01 
37 490 7.01 
47 56 1.01 
47 274 1.01 
47 284 1.01 
47 407 1.01 
47 431 0.01 
47 440 4.01 
47 444 0.01 
47 449 2.01 
47 458 2.01 
47 473 3.01 
47 476 3.01 
47 495 12.01 
154 17 0.01 
154 62 0.01 
154 73 0.01 
154 197 0.01 
154 340 3.01 
154 455 2.01 
154 466 7.01 
154 472 3.01 
154 479 6.01 
154 486 12.01 
154 494 10.01 
154 496 14.01 
185 63 0.01 
185 125 2.01 
185 196 2.01 
185 201 0.01 
185 312 2.01 
185 432 0.01 
185 433 1.01 
185 450 9.01 
185 453 1.01 
185 462 2.01 
185 470 3.01 
185 480 5.01 
243 42 0.01 
243 135 0.01 
243 140 0.01 
243 174 0.01 
243 276 0.01 
243 304 2.01 
243 319 0.01 
243 375 0.01 
243 455 1.01 
243 486 6.01 
243 494 4.01 
350 18 2.01 
350 115 3.01 
350 301 2.01 
350 373 0.01 
350 425 3.01 
350 440 8.01 
350 452 8.01 
350 455 3.01 
350 477 9.01 
350 488 9.01 
350 491 20.009999999999998 
356 80 1.01 
356 140 0.01 
356 196 1.01 
356 319 2.01 
356 368 6.01 
356 396 2.01 
356 462 8.01 
356 470 6.01 
356 480 14.01 
356 485 10.01 
356 494 10.01 
422 42 0.01 
422 206 1.01 
422 363 4.01 
422 382 8.01 
422 419 8.01 
422 460 10.01 
422 471 9.01 
422 474 13.01 
422 477 14.01 
422 484 14.01 
422 491 19.009999999999998 
437 13 1.01 
437 105 0.01 
437 177 2.01 
437 204 1.01 
437 296 3.01 
437 335 7.01 
437 365 0.01 
437 379 2.01 
437 444 6.01 
437 448 5.01 
437 499 36.01 
481 56 2.01 
481 88 3.01 
481 104 8.01 
481 141 4.01 
481 173 1.01 
481 175 6.01 
481 320 8.01 
481 381 5.01 
481 397 7.01 
481 426 13.01 
481 459 11.01 
486 70 4.01 
486 166 1.01 
486 169 4.01 
486 196 6.01 
486 290 9.01 
486 342 3.01 
486 357 9.01 
486 433 14.01 
486 477 22.009999999999998 
486 481 20.009999999999998 
486 500 165.01 
494 107 3.01 
494 111 5.01 
494 237 11.01 
494 240 7.01 
494 262 9.01 
494 356 17.009999999999998 
494 400 12.01 
494 419 11.01 
494 434 16.009999999999998 
494 446 14.01 
494 463 35.01 
2 87 0.01 
2 182 1.01 
2 217 0.01 
2 297 0.01 
2 306 1.01 
2 322 0.01 
2 344 2.01 
2 363 0.01 
2 462 3.01 
2 485 2.01 
2 486 2.01 
2 491 4.01 
87 138 0.01 
87 232 0.01 
87 239 0.01 
87 265 2.01 
87 352 1.01 
87 401 0.01 
87 423 9.01 
87 435 1.01 
87 472 2.01 
87 476 5.01 
87 485 4.01 
87 487 4.01 
182 158 1.01 
182 314 4.01 
182 327 6.01 
182 356 1.01 
182 388 3.01 
182 406 11.01 
182 415 2.01 
182 417 2.01 
182 450 33.01 
182 454 5.01 
182 496 31.009999999999998 
182 500 71.00999999999999 
217 13 1.01 
217 121 0.01 
217 168 0.01 
217 195 1.01 
217 422 4.01 
217 444 2.01 
217 446 4.01 
217 480 7.01 
217 489 7.01 
217 491 12.01 
217 495 4.01 
297 10 1.01 
297 18 0.01 
297 317 2.01 
297 382 5.01 
297 413 0.01 
297 439 2.01 
297 462 7.01 
297 470 3.01 
297 477 4.01 
297 480 9.01 
297 494 12.01 
306 19 0.01 
306 73 1.01 
306 262 1.01 
306 312 4.01 
306 322 0.01 
306 340 1.01 
306 383 1.01 
306 399 1.01 
306 409 1.01 
306 444 1.01 
306 459 1.01 
322 259 1.01 
322 282 0.01 
322 306 1.01 
322 363 3.01 
322 368 1.01 
322 373 2.01 
322 380 3.01 
322 399 1.01 
322 422 1.01 
322 492 2.01 
322 494 5.01 
344 51 0.01 
344 96 0.01 
344 146 1.01 
344 319 2.01 
344 322 1.01 
344 395 0.01 
344 480 8.01 
344 488 3.01 
344 491 12.01 
344 494 10.01 
344 495 7.01 
363 12 3.01 
363 163 1.01 
363 172 4.01 
363 206 0.01 
363 217 2.01 
363 233 5.01 
363 235 1.01 
363 290 2.01 
363 446 7.01 
363 462 14.01 
363 470 6.01 
462 13 2.01 
462 203 4.01 
462 230 2.01 
462 251 4.01 
462 259 4.01 
462 336 2.01 
462 341 6.01 
462 357 7.01 
462 393 11.01 
462 466 8.01 
462 471 19.009999999999998 
485 25 3.01 
485 27 5.01 
485 144 8.01 
485 152 4.01 
485 403 12.01 
485 461 18.009999999999998 
485 489 35.01 
485 490 51.01 
485 491 22.009999999999998 
485 495 43.01 
485 499 81.00999999999999 
491 21 2.01 
491 127 1.01 
491 136 3.01 
491 203 5.01 
491 235 6.01 
491 257 2.01 
491 290 14.01 
491 304 12.01 
491 312 3.01 
491 430 13.01 
491 486 42.01 
3 91 1.01 
3 110 0.01 
3 309 0.01 
3 375 1.01 
3 389 3.01 
3 414 2.01 
3 455 3.01 
3 482 7.01 
3 497 13.01 
3 498 16.009999999999998 
3 499 32.01 
3 500 25.009999999999998 
91 208 0.01 
91 248 3.01 
91 273 0.01 
91 340 1.01 
91 367 14.01 
91 441 7.01 
91 463 3.01 
91 482 5.01 
91 483 10.01 
91 497 19.009999999999998 
91 498 18.009999999999998 
91 500 31.009999999999998 
110 151 0.01 
110 325 5.01 
110 359 1.01 
110 388 2.01 
110 430 4.01 
110 457 4.01 
110 468 4.01 
110 484 3.01 
110 496 8.01 
110 497 18.009999999999998 
110 499 15.01 
110 500 19.009999999999998 
309 83 1.01 
309 159 0.01 
309 176 3.01 
309 220 3.01 
309 233 1.01 
309 236 2.01 
309 374 5.01 
309 453 5.01 
309 483 18.009999999999998 
309 496 21.009999999999998 
309 500 32.01 
375 12 3.01 
375 33 2.01 
375 44 3.01 
375 309 2.01 
375 451 16.009999999999998 
375 456 8.01 
375 479 22.009999999999998 
375 484 29.009999999999998 
375 498 59.01 
375 499 72.00999999999999 
375 500 65.00999999999999 
389 5 1.01 
389 15 1.01 
389 240 2.01 
389 269 3.01 
389 322 2.01 
389 341 10.01 
389 414 14.01 
389 430 12.01 
389 496 47.01 
389 497 57.01 
389 500 109.00999999999999 
414 32 2.01 
414 81 2.01 
414 142 2.01 
414 200 5.01 
414 332 6.01 
414 333 6.01 
414 443 7.01 
414 456 21.009999999999998 
414 486 16.009999999999998 
414 496 45.01 
414 500 98.00999999999999 
455 91 1.01 
455 218 1.01 
455 284 1.01 
455 317 6.01 
455 368 10.01 
455 384 5.01 
455 387 3.01 
455 419 4.01 
455 437 4.01 
455 486 28.009999999999998 
455 496 34.01 
482 95 5.01 
482 182 16.009999999999998 
482 184 0.01 
482 320 5.01 
482 361 21.009999999999998 
482 380 4.01 
482 420 29.009999999999998 
482 454 32.01 
482 497 142.01 
482 499 172.01 
482 500 278.01 
497 188 36.01 
497 367 76.00999999999999 
497 375 24.009999999999998 
497 441 72.00999999999999 
497 479 111.00999999999999 
497 480 50.01 
497 492 110.00999999999999 
497 496 233.01 
497 498 229.01 
497 499 308.01 
497 500 472.01 
498 80 7.01 
498 150 11.01 
498 325 39.01 
498 367 80.00999999999999 
498 441 99.00999999999999 
498 454 70.00999999999999 
498 467 72.00999999999999 
498 482 87.00999999999999 
498 496 231.01 
498 497 233.01 
498 499 368.01 
499 188 33.01 
499 211 24.009999999999998 
499 236 27.009999999999998 
499 405 43.01 
499 410 54.01 
499 468 73.00999999999999 
499 483 128.01 
499 486 77.00999999999999 
499 496 289.01 
499 497 288.01 
499 498 293.01 
500 215 20.009999999999998 
500 294 18.009999999999998 
500 362 46.01 
500 367 110.00999999999999 
500 416 51.01 
500 450 119.00999999999999 
500 463 120.00999999999999 
500 474 104.00999999999999 
500 479 155.01 
500 498 422.01 
500 499 502.01 
4 55 0.01 
4 184 0.01 
4 187 0.01 
4 260 1.01 
4 282 0.01 
4 438 3.01 
4 452 1.01 
4 461 3.01 
4 475 2.01 
4 477 2.01 
4 478 0.01 
4 493 5.01 
55 4 0.01 
55 129 1.01 
55 270 0.01 
55 314 0.01 
55 323 0.01 
55 379 1.01 
55 411 0.01 
55 428 1.01 
55 434 1.01 
55 469 0.01 
55 473 0.01 
55 487 0.01 
184 5 0.01 
184 195 1.01 
184 328 2.01 
184 341 3.01 
184 362 6.01 
184 375 5.01 
184 402 1.01 
184 471 5.01 
184 497 15.01 
184 498 26.009999999999998 
184 499 17.009999999999998 
184 500 36.01 
187 88 1.01 
187 148 2.01 
187 222 0.01 
187 229 3.01 
187 256 0.01 
187 264 1.01 
187 328 2.01 
187 331 0.01 
187 428 0.01 
187 432 0.01 
187 452 2.01 
187 500 10.01 
260 117 0.01 
260 130 1.01 
260 131 0.01 
260 385 0.01 
260 414 0.01 
260 420 0.01 
260 424 0.01 
260 460 2.01 
260 469 4.01 
260 493 1.01 
260 500 11.01 
282 128 1.01 
282 146 1.01 
282 153 1.01 
282 216 3.01 
282 277 0.01 
282 278 2.01 
282 318 2.01 
282 361 5.01 
282 381 1.01 
282 481 6.01 
282 495 5.01 
438 100 2.01 
438 153 1.01 
438 212 5.01 
438 318 2.01 
438 347 6.01 
438 365 4.01 
438 397 5.01 
438 458 9.01 
438 459 13.01 
438 475 8.01 
438 493 13.01 
452 23 2.01 
452 228 3.01 
452 305 8.01 
452 321 4.01 
452 360 5.01 
452 411 5.01 
452 425 7.01 
452 467 14.01 
452 470 14.01 
452 475 13.01 
452 484 33.01 
461 152 3.01 
461 191 8.01 
461 300 5.01 
461 364 10.01 
461 435 6.01 
461 439 14.01 
461 452 10.01 
461 472 21.009999999999998 
461 481 18.009999999999998 
461 485 20.009999999999998 
461 495 36.01 
475 30 1.01 
475 48 2.01 
475 145 3.01 
475 165 3.01 
475 285 4.01 
475 307 2.01 
475 413 2.01 
475 438 9.01 
475 447 24.009999999999998 
475 452 21.009999999999998 
475 500 68.00999999999999 
477 112 4.01 
477 253 7.01 
477 286 10.01 
477 335 10.01 
477 340 4.01 
477 349 4.01 
477 404 8.01 
477 421 3.01 
477 427 13.01 
477 453 10.01 
477 491 29.009999999999998 
478 148 2.01 
478 230 0.01 
478 246 0.01 
478 249 3.01 
478 256 6.01 
478 303 2.01 
478 329 8.01 
478 346 12.01 
478 434 14.01 
478 480 19.009999999999998 
478 481 20.009999999999998 
493 146 4.01 
493 209 10.01 
493 305 14.01 
493 313 9.01 
493 367 22.009999999999998 
493 397 9.01 
493 447 19.009999999999998 
493 452 26.009999999999998 
493 460 21.009999999999998 
493 475 13.01 
493 491 30.009999999999998 
5 114 1.01 
5 158 0.01 
5 362 3.01 
5 375 2.01 
5 430 2.01 
5 468 3.01 
5 479 2.01 
5 483 5.01 
5 484 8.01 
5 496 14.01 
5 499 14.01 
5 500 15.01 
114 53 0.01 
114 106 1.01 
114 151 1.01 
114 167 2.01 
114 231 0.01 
114 281 0.01 
114 343 1.01 
114 374 2.01 
114 388 0.01 
114 482 7.01 
114 499 14.01 
114 500 19.009999999999998 
158 9 0.01 
158 159 2.01 
158 170 0.01 
158 277 1.01 
158 281 1.01 
158 402 0.01 
158 468 6.01 
158 479 7.01 
158 492 12.01 
158 497 9.01 
158 498 30.009999999999998 
158 499 16.009999999999998 
362 33 6.01 
362 43 5.01 
362 236 22.009999999999998 
362 423 8.01 
362 463 34.01 
362 468 22.009999999999998 
362 474 28.009999999999998 
362 492 46.01 
362 497 64.00999999999999 
362 499 89.00999999999999 
362 500 50.01 
430 9 0.01 
430 10 2.01 
430 12 9.01 
430 162 2.01 
430 169 0.01 
430 281 2.01 
430 386 11.01 
430 405 25.009999999999998 
430 410 15.01 
430 412 15.01 
430 500 143.01 
468 44 4.01 
468 182 11.01 
468 298 2.01 
468 361 11.01 
468 388 12.01 
468 405 17.009999999999998 
468 453 18.009999999999998 
468 479 48.01 
468 492 59.01 
468 497 118.00999999999999 
468 498 136.01 
479 281 9.01 
479 354 18.009999999999998 
479 383 10.01 
479 430 28.009999999999998 
479 450 67.00999999999999 
479 451 53.01 
479 474 67.00999999999999 
479 482 60.01 
479 484 69.00999999999999 
479 496 116.00999999999999 
479 499 189.01 
483 183 6.01 
483 199 6.01 
483 333 6.01 
483 338 8.01 
483 347 8.01 
483 418 28.009999999999998 
483 456 49.01 
483 457 39.01 
483 478 19.009999999999998 
483 498 171.01 
483 500 292.01 
484 132 4.01 
484 181 15.01 
484 272 23.009999999999998 
484 325 27.009999999999998 
484 406 26.009999999999998 
484 441 54.01 
484 450 77.00999999999999 
484 454 49.01 
484 496 119.00999999999999 
484 497 140.01 
484 500 320.01 
496 12 23.009999999999998 
496 78 28.009999999999998 
496 301 18.009999999999998 
496 327 35.01 
496 374 37.01 
496 376 13.01 
496 450 86.00999999999999 
496 451 77.00999999999999 
496 463 83.00999999999999 
496 483 113.00999999999999 
496 498 266.01 
6 218 4.01 
6 222 0.01 
6 300 0.01 
6 352 1.01 
6 369 2.01 
6 408 1.01 
6 431 2.01 
6 472 3.01 
6 476 4.01 
6 485 3.01 
6 488 1.01 
6 490 14.01 
218 116 0.01 
218 124 2.01 
218 191 4.01 
218 261 1.01 
218 339 3.01 
218 349 2.01 
218 391 4.01 
218 394 3.01 
218 401 2.01 
218 489 12.01 
218 495 7.01 
222 176 0.01 
222 241 1.01 
222 243 0.01 
222 300 1.01 
222 391 4.01 
222 415 3.01 
222 421 0.01 
222 432 3.01 
222 465 3.01 
222 487 3.01 
222 495 10.01 
300 298 4.01 
300 352 1.01 
300 371 4.01 
300 403 2.01 
300 417 2.01 
300 460 1.01 
300 465 3.01 
300 473 8.01 
300 485 7.01 
300 487 7.01 
300 489 11.01 
352 139 1.01 
352 275 1.01 
352 336 1.01 
352 360 2.01 
352 423 11.01 
352 435 1.01 
352 440 2.01 
352 470 6.01 
352 487 5.01 
352 489 7.01 
352 495 11.01 
369 221 0.01 
369 274 3.01 
369 295 0.01 
369 348 1.01 
369 352 0.01 
369 366 7.01 
369 371 6.01 
369 443 5.01 
369 469 3.01 
369 485 11.01 
369 489 13.01 
408 77 1.01 
408 178 2.01 
408 255 3.01 
408 351 2.01 
408 454 20.009999999999998 
408 478 8.01 
408 493 8.01 
408 496 67.00999999999999 
408 498 45.01 
408 499 50.01 
408 500 87.00999999999999 
431 8 3.01 
431 145 3.01 
431 221 0.01 
431 234 4.01 
431 407 7.01 
431 415 7.01 
431 440 11.01 
431 443 13.01 
431 449 9.01 
431 462 3.01 
431 476 16.009999999999998 
472 37 1.01 
472 287 6.01 
472 325 16.009999999999998 
472 366 11.01 
472 376 17.009999999999998 
472 423 10.01 
472 443 17.009999999999998 
472 445 12.01 
472 476 24.009999999999998 
472 485 20.009999999999998 
472 490 36.01 
476 71 5.01 
476 124 6.01 
476 228 11.01 
476 398 18.009999999999998 
476 421 12.01 
476 427 25.009999999999998 
476 434 12.01 
476 461 26.009999999999998 
476 473 35.01 
476 498 77.00999999999999 
476 500 130.01 
488 100 3.01 
488 142 2.01 
488 238 6.01 
488 257 5.01 
488 289 9.01 
488 368 19.009999999999998 
488 373 5.01 
488 381 9.01 
488 462 18.009999999999998 
488 494 28.009999999999998 
488 497 71.00999999999999 
490 8 4.01 
490 108 5.01 
490 286 5.01 
490 345 15.01 
490 360 13.01 
490 422 11.01 
490 432 22.009999999999998 
490 458 30.009999999999998 
490 464 39.01 
490 487 45.01 
490 489 44.01 
7 26 0.01 
7 42 0.01 
7 192 2.01 
7 258 0.01 
7 282 0.01 
7 307 0.01 
7 397 2.01 
7 425 0.01 
7 438 2.01 
7 452 0.01 
7 478 2.01 
7 481 5.01 
26 148 0.01 
26 307 1.01 
26 313 1.01 
26 353 1.01 
26 399 0.01 
26 402 1.01 
26 459 6.01 
26 475 1.01 
26 478 3.01 
26 481 5.01 
26 487 1.01 
26 493 3.01 
42 340 0.01 
42 344 0.01 
42 349 1.01 
42 392 1.01 
42 400 2.01 
42 404 2.01 
42 412 2.01 
42 444 0.01 
42 467 5.01 
42 480 6.01 
42 488 3.01 
42 491 6.01 
192 245 0.01 
192 289 2.01 
192 335 3.01 
192 366 2.01 
192 395 1.01 
192 414 4.01 
192 425 0.01 
192 464 2.01 
192 477 7.01 
192 480 13.01 
192 491 8.01 
192 494 5.01 
258 62 0.01 
258 143 1.01 
258 199 0.01 
258 304 2.01 
258 356 1.01 
258 388 0.01 
258 395 1.01 
258 419 5.01 
258 462 6.01 
258 466 8.01 
258 500 14.01 
307 5 0.01 
307 148 2.01 
307 229 1.01 
307 381 5.01 
307 424 2.01 
307 428 3.01 
307 460 8.01 
307 462 1.01 
307 469 4.01 
307 475 0.01 
307 498 11.01 
397 125 0.01 
397 129 0.01 
397 185 2.01 
397 194 2.01 
397 198 1.01 
397 334 2.01 
397 436 6.01 
397 458 12.01 
397 481 10.01 
397 490 12.01 
397 493 12.01 
425 2 1.01 
425 165 0.01 
425 179 2.01 
425 190 1.01 
425 305 4.01 
425 317 2.01 
425 346 3.01 
425 429 5.01 
425 460 3.01 
425 477 7.01 
425 478 12.01 
8 6 0.01 
8 50 0.01 
8 82 0.01 
8 237 0.01 
8 275 1.01 
8 326 1.01 
8 398 1.01 
8 415 5.01 
8 432 5.01 
8 461 6.01 
8 465 4.01 
8 495 12.01 
50 87 1.01 
50 155 1.01 
50 242 0.01 
50 280 0.01 
50 298 1.01 
50 407 5.01 
50 423 4.01 
50 435 0.01 
50 443 3.01 
50 448 2.01 
50 465 6.01 
50 490 12.01 
82 50 0.01 
82 128 1.01 
82 267 1.01 
82 295 0.01 
82 297 1.01 
82 348 1.01 
82 358 0.01 
82 394 1.01 
82 432 2.01 
82 461 0.01 
82 489 8.01 
82 495 6.01 
237 93 2.01 
237 99 2.01 
237 120 1.01 
237 128 0.01 
237 176 4.01 
237 248 1.01 
237 366 5.01 
237 371 3.01 
237 395 3.01 
237 415 4.01 
237 489 10.01 
275 6 1.01 
275 53 1.01 
275 99 0.01 
275 299 0.01 
275 353 6.01 
275 378 3.01 
275 449 4.01 
275 464 6.01 
275 476 12.01 
275 490 10.01 
275 495 12.01 
326 69 1.01 
326 114 0.01 
326 149 0.01 
326 183 1.01 
326 242 1.01 
326 250 0.01 
326 351 4.01 
326 456 5.01 
326 479 13.01 
326 497 17.009999999999998 
326 500 22.009999999999998 
398 83 1.01 
398 251 2.01 
398 275 1.01 
398 298 5.01 
398 366 3.01 
398 396 4.01 
398 423 5.01 
398 443 7.01 
398 458 9.01 
398 490 12.01 
398 500 37.01 
415 76 4.01 
415 124 1.01 
415 133 0.01 
415 176 0.01 
415 259 3.01 
415 316 3.01 
415 366 6.01 
415 369 1.01 
415 443 10.01 
415 464 7.01 
415 495 27.009999999999998 
432 31 4.01 
432 246 4.01 
432 378 3.01 
432 396 8.01 
432 435 8.01 
432 445 9.01 
432 461 8.01 
432 462 3.01 
432 465 7.01 
432 472 17.009999999999998 
432 473 9.01 
465 193 3.01 
465 247 2.01 
465 279 3.01 
465 311 6.01 
465 391 8.01 
465 394 7.01 
465 403 5.01 
465 427 12.01 
465 448 8.01 
465 458 9.01 
465 492 21.009999999999998 
495 31 6.01 
495 45 4.01 
495 71 10.01 
495 191 6.01 
495 213 2.01 
495 371 14.01 
495 374 19.009999999999998 
495 435 31.009999999999998 
495 440 25.009999999999998 
495 442 14.01 
495 464 31.009999999999998 
9 169 2.01 
9 181 3.01 
9 269 1.01 
9 302 0.01 
9 384 2.01 
9 390 1.01 
9 441 3.01 
9 468 4.01 
9 483 7.01 
9 497 12.01 
9 499 15.01 
9 500 26.009999999999998 
169 12 1.01 
169 187 0.01 
169 234 1.01 
169 283 0.01 
169 417 4.01 
169 430 6.01 
169 454 13.01 
169 457 10.01 
169 465 1.01 
169 498 19.009999999999998 
169 499 44.01 
169 500 37.01 
181 24 3.01 
181 38 1.01 
181 208 4.01 
181 354 7.01 
181 390 2.01 
181 412 9.01 
181 456 2.01 
181 457 17.009999999999998 
181 483 23.009999999999998 
181 497 53.01 
181 498 36.01 
181 500 88.00999999999999 
269 81 1.01 
269 86 1.01 
269 292 4.01 
269 414 2.01 
269 451 6.01 
269 456 8.01 
269 477 2.01 
269 481 4.01 
269 484 14.01 
269 498 19.009999999999998 
269 500 34.01 
302 55 0.01 
302 313 1.01 
302 346 3.01 
302 365 1.01 
302 417 0.01 
302 422 4.01 
302 425 1.01 
302 428 2.01 
302 434 1.01 
302 438 1.01 
302 469 4.01 
384 39 1.01 
384 85 1.01 
384 269 1.01 
384 337 5.01 
384 367 13.01 
384 370 6.01 
384 412 9.01 
384 430 9.01 
384 467 8.01 
384 498 75.00999999999999 
384 500 99.00999999999999 
390 119 2.01 
390 213 1.01 
390 265 3.01 
390 325 6.01 
390 408 3.01 
390 437 4.01 
390 468 20.009999999999998 
390 483 17.009999999999998 
390 492 23.009999999999998 
390 498 47.01 
390 500 72.00999999999999 
441 225 2.01 
441 254 4.01 
441 272 15.01 
441 359 22.009999999999998 
441 386 23.009999999999998 
441 416 31.009999999999998 
441 450 56.01 
441 457 30.009999999999998 
441 483 47.01 
441 489 34.01 
441 497 83.00999999999999 
10 39 0.01 
10 83 0.01 
10 169 0.01 
10 250 0.01 
10 255 0.01 
10 314 1.01 
10 323 0.01 
10 444 2.01 
10 468 7.01 
10 484 8.01 
10 498 36.01 
10 500 41.01 
39 104 2.01 
39 151 1.01 
39 184 1.01 
39 219 1.01 
39 370 4.01 
39 389 1.01 
39 406 1.01 
39 424 0.01 
39 450 5.01 
39 496 21.009999999999998 
39 499 13.01 
39 500 32.01 
83 225 0.01 
83 338 0.01 
83 383 2.01 
83 441 1.01 
83 451 3.01 
83 463 6.01 
83 468 2.01 
83 483 3.01 
83 484 5.01 
83 492 5.01 
83 498 10.01 
83 500 25.009999999999998 
250 24 0.01 
250 142 2.01 
250 239 1.01 
250 255 2.01 
250 301 0.01 
250 310 1.01 
250 326 1.01 
250 400 0.01 
250 420 6.01 
250 442 2.01 
250 500 25.009999999999998 
255 9 1.01 
255 72 1.01 
255 103 2.01 
255 273 0.01 
255 388 3.01 
255 412 3.01 
255 416 5.01 
255 479 9.01 
255 496 10.01 
255 499 46.01 
255 500 34.01 
314 75 2.01 
314 309 2.01 
314 351 5.01 
314 456 9.01 
314 474 13.01 
314 482 16.009999999999998 
314 494 7.01 
314 496 23.009999999999998 
314 497 22.009999999999998 
314 499 42.01 
314 500 52.01 
323 11 1.01 
323 116 4.01 
323 205 0.01 
323 244 5.01 
323 296 2.01 
323 354 5.01 
323 442 11.01 
323 446 5.01 
323 467 11.01 
323 499 43.01 
323 500 90.00999999999999 
444 28 0.01 
444 32 1.01 
444 197 1.01 
444 280 1.01 
444 317 2.01 
444 409 2.01 
444 433 10.01 
444 438 4.01 
444 486 19.009999999999998 
444 488 16.009999999999998 
444 494 23.009999999999998 
11 116 0.01 
11 225 1.01 
11 254 1.01 
11 333 2.01 
11 370 0.01 
11 408 0.01 
11 455 1.01 
11 479 11.01 
11 483 10.01 
11 484 18.009999999999998 
11 498 14.01 
11 500 35.01 
116 171 1.01 
116 184 1.01 
116 242 0.01 
116 281 3.01 
116 325 5.01 
116 425 1.01 
116 450 6.01 
116 474 6.01 
116 496 20.009999999999998 
116 497 20.009999999999998 
116 499 19.009999999999998 
116 500 60.01 
225 5 1.01 
225 103 0.01 
225 281 2.01 
225 310 5.01 
225 375 5.01 
225 429 4.01 
225 438 2.01 
225 467 4.01 
225 479 12.01 
225 498 36.01 
225 500 38.01 
254 32 0.01 
254 315 1.01 
254 333 1.01 
254 338 8.01 
254 390 4.01 
254 417 6.01 
254 454 6.01 
254 482 6.01 
254 483 11.01 
254 499 18.009999999999998 
254 500 43.01 
333 22 0.01 
333 194 3.01 
333 309 2.01 
333 371 3.01 
333 385 0.01 
333 405 9.01 
333 474 14.01 
333 482 7.01 
333 484 16.009999999999998 
333 498 40.01 
333 500 52.01 
370 184 2.01 
370 211 6.01 
370 327 4.01 
370 412 7.01 
370 479 18.009999999999998 
370 480 3.01 
370 484 21.009999999999998 
370 492 17.009999999999998 
370 497 48.01 
370 499 48.01 
370 500 74.00999999999999 
12 91 3.01 
12 118 7.01 
12 239 2.01 
12 267 0.01 
12 285 2.01 
12 359 5.01 
12 417 6.01 
12 418 10.01 
12 442 3.01 
12 492 19.009999999999998 
12 499 49.01 
12 500 64.00999999999999 
118 418 9.01 
118 457 9.01 
118 463 10.01 
118 467 6.01 
118 482 12.01 
118 483 9.01 
118 484 14.01 
118 491 5.01 
118 496 26.009999999999998 
118 497 26.009999999999998 
118 498 33.01 
118 500 40.01 
239 134 0.01 
239 292 4.01 
239 361 4.01 
239 374 10.01 
239 384 6.01 
239 386 5.01 
239 408 2.01 
239 468 11.01 
239 484 8.01 
239 497 35.01 
239 500 71.00999999999999 
267 45 1.01 
267 147 0.01 
267 186 1.01 
267 214 1.01 
267 240 1.01 
267 251 1.01 
267 265 0.01 
267 398 1.01 
267 443 2.01 
267 461 3.01 
267 495 14.01 
285 46 1.01 
285 79 1.01 
285 113 0.01 
285 253 2.01 
285 264 1.01 
285 278 2.01 
285 392 2.01 
285 428 2.01 
285 429 5.01 
285 436 1.01 
285 480 2.01 
359 22 0.01 
359 164 2.01 
359 384 9.01 
359 390 6.01 
359 405 10.01 
359 426 3.01 
359 451 24.009999999999998 
359 479 25.009999999999998 
359 496 48.01 
359 498 102.00999999999999 
359 500 77.00999999999999 
417 43 9.01 
417 57 1.01 
417 341 8.01 
417 389 3.01 
417 442 3.01 
417 454 17.009999999999998 
417 457 10.01 
417 474 20.009999999999998 
417 496 63.01 
417 499 57.01 
417 500 98.00999999999999 
418 15 0.01 
418 182 5.01 
418 272 12.01 
418 318 5.01 
418 406 12.01 
418 410 13.01 
418 417 17.009999999999998 
418 451 28.009999999999998 
418 498 90.00999999999999 
418 499 113.00999999999999 
418 500 147.01 
442 64 3.01 
442 110 2.01 
442 200 2.01 
442 277 6.01 
442 305 5.01 
442 386 7.01 
442 420 9.01 
442 484 28.009999999999998 
442 492 28.009999999999998 
442 499 59.01 
442 500 99.00999999999999 
492 86 9.01 
492 181 26.009999999999998 
492 208 9.01 
492 368 8.01 
492 418 29.009999999999998 
492 457 60.01 
492 482 64.00999999999999 
492 484 80.00999999999999 
492 494 42.01 
492 497 153.01 
492 500 332.01 
13 17 0.01 
13 121 0.01 
13 150 4.01 
13 280 1.01 
13 330 0.01 
13 336 0.01 
13 360 1.01 
13 393 2.01 
13 466 0.01 
13 480 7.01 
13 488 4.01 
13 494 5.01 
17 19 0.01 
17 289 1.01 
17 291 0.01 
17 393 4.01 
17 444 1.01 
17 470 3.01 
17 471 4.01 
17 477 5.01 
17 491 0.01 
17 494 7.01 
17 497 4.01 
17 500 9.01 
121 257 0.01 
121 296 0.01 
121 297 0.01 
121 306 0.01 
121 400 0.01 
121 425 0.01 
121 439 1.01 
121 472 3.01 
121 486 1.01 
121 488 1.01 
121 491 1.01 
121 494 1.01 
150 106 1.01 
150 216 2.01 
150 220 3.01 
150 299 1.01 
150 389 4.01 
150 442 3.01 
150 454 17.009999999999998 
150 477 5.01 
150 479 13.01 
150 492 17.009999999999998 
150 496 27.009999999999998 
150 500 60.01 
280 94 1.01 
280 160 0.01 
280 185 0.01 
280 227 1.01 
280 256 1.01 
280 296 2.01 
280 338 1.01 
280 419 0.01 
280 433 5.01 
280 462 8.01 
280 494 8.01 
330 141 0.01 
330 212 0.01 
330 260 1.01 
330 392 2.01 
330 426 6.01 
330 429 2.01 
330 436 4.01 
330 459 2.01 
330 469 2.01 
330 479 3.01 
330 498 9.01 
336 38 1.01 
336 263 0.01 
336 270 1.01 
336 273 0.01 
336 317 4.01 
336 445 5.01 
336 462 4.01 
336 485 11.01 
336 486 7.01 
336 488 8.01 
336 491 3.01 
360 30 0.01 
360 151 1.01 
360 152 0.01 
360 223 4.01 
360 224 3.01 
360 265 4.01 
360 267 1.01 
360 334 7.01 
360 431 8.01 
360 450 23.009999999999998 
360 495 42.01 
393 40 1.01 
393 251 5.01 
393 276 0.01 
393 437 1.01 
393 445 8.01 
393 455 4.01 
393 462 3.01 
393 470 13.01 
393 480 17.009999999999998 
393 488 21.009999999999998 
393 494 15.01 
466 238 3.01 
466 259 7.01 
466 296 6.01 
466 317 9.01 
466 335 12.01 
466 378 2.01 
466 382 8.01 
466 433 5.01 
466 446 14.01 
466 467 14.01 
466 471 10.01 
480 90 10.01 
480 126 4.01 
480 140 2.01 
480 316 7.01 
480 337 5.01 
480 453 19.009999999999998 
480 466 18.009999999999998 
480 470 16.009999999999998 
480 477 15.01 
480 488 29.009999999999998 
480 494 46.01 
14 149 2.01 
14 398 0.01 
14 412 3.01 
14 418 2.01 
14 442 1.01 
14 467 3.01 
14 472 0.01 
14 474 8.01 
14 479 3.01 
14 482 5.01 
14 483 4.01 
14 500 22.009999999999998 
149 4 0.01 
149 51 0.01 
149 81 1.01 
149 101 1.01 
149 264 0.01 
149 273 3.01 
149 467 12.01 
149 468 9.01 
149 479 6.01 
149 492 16.009999999999998 
149 497 17.009999999999998 
149 500 52.01 
412 159 1.01 
412 236 5.01 
412 374 7.01 
412 402 4.01 
412 420 13.01 
412 454 17.009999999999998 
412 463 32.01 
412 479 37.01 
412 496 61.01 
412 499 72.00999999999999 
412 500 150.01 
467 84 6.01 
467 220 4.01 
467 242 3.01 
467 304 4.01 
467 327 17.009999999999998 
467 417 14.01 
467 452 15.01 
467 454 34.01 
467 457 29.009999999999998 
467 499 116.00999999999999 
467 500 189.01 
474 36 3.01 
474 78 12.01 
474 180 11.01 
474 277 8.01 
474 406 32.01 
474 420 32.01 
474 451 51.01 
474 456 52.01 
474 484 85.00999999999999 
474 497 140.01 
474 500 240.01 
15 27 1.01 
15 106 1.01 
15 180 1.01 
15 326 3.01 
15 375 2.01 
15 412 4.01 
15 430 5.01 
15 441 6.01 
15 468 6.01 
15 492 11.01 
15 499 32.01 
15 500 39.01 
27 49 4.01 
27 107 5.01 
27 113 0.01 
27 186 0.01 
27 295 1.01 
27 376 5.01 
27 411 3.01 
27 461 6.01 
27 473 6.01 
27 490 13.01 
27 493 7.01 
27 495 13.01 
106 48 0.01 
106 75 2.01 
106 84 1.01 
106 158 0.01 
106 225 0.01 
106 241 0.01 
106 315 1.01 
106 367 5.01 
106 383 0.01 
106 482 7.01 
106 483 7.01 
106 500 18.009999999999998 
180 183 4.01 
180 194 4.01 
180 231 3.01 
180 382 3.01 
180 383 3.01 
180 384 4.01 
180 441 11.01 
180 442 7.01 
180 450 26.009999999999998 
180 471 1.01 
180 499 33.01 
180 500 58.01 
16 28 0.01 
16 84 1.01 
16 203 2.01 
16 207 1.01 
16 332 2.01 
16 367 5.01 
16 383 0.01 
16 390 2.01 
16 492 5.01 
16 497 7.01 
16 499 18.009999999999998 
16 500 16.009999999999998 
28 43 1.01 
28 206 0.01 
28 244 1.01 
28 284 0.01 
28 286 1.01 
28 400 3.01 
28 404 0.01 
28 477 2.01 
28 480 4.01 
28 487 4.01 
28 491 4.01 
28 499 6.01 
84 178 0.01 
84 195 3.01 
84 325 5.01 
84 326 0.01 
84 341 7.01 
84 390 2.01 
84 442 6.01 
84 468 8.01 
84 471 4.01 
84 492 17.009999999999998 
84 496 21.009999999999998 
84 500 64.00999999999999 
203 52 3.01 
203 157 1.01 
203 205 0.01 
203 245 1.01 
203 296 2.01 
203 335 4.01 
203 356 4.01 
203 402 4.01 
203 466 10.01 
203 470 6.01 
203 488 5.01 
203 499 21.009999999999998 
207 68 0.01 
207 89 0.01 
207 199 1.01 
207 383 2.01 
207 389 2.01 
207 437 0.01 
207 454 9.01 
207 467 8.01 
207 482 6.01 
207 498 28.009999999999998 
207 499 22.009999999999998 
207 500 21.009999999999998 
332 44 2.01 
332 200 1.01 
332 310 1.01 
332 323 5.01 
332 351 1.01 
332 361 6.01 
332 444 2.01 
332 484 9.01 
332 498 57.01 
332 499 43.01 
332 500 87.00999999999999 
367 162 7.01 
367 208 5.01 
367 219 4.01 
367 332 9.01 
367 370 11.01 
367 384 19.009999999999998 
367 389 18.009999999999998 
367 410 25.009999999999998 
367 412 25.009999999999998 
367 496 100.00999999999999 
367 500 147.01 
383 16 2.01 
383 57 1.01 
383 325 4.01 
383 341 8.01 
383 375 0.01 
383 388 4.01 
383 467 16.009999999999998 
383 482 13.01 
383 498 36.01 
383 499 31.009999999999998 
383 500 73.00999999999999 
19 28 0.01 
19 192 0.01 
19 203 0.01 
19 204 1.01 
19 219 0.01 
19 246 0.01 
19 413 0.01 
19 433 1.01 
19 462 1.01 
19 467 1.01 
19 471 1.01 
19 491 4.01 
289 29 1.01 
289 61 2.01 
289 78 5.01 
289 154 1.01 
289 173 1.01 
289 288 1.01 
289 404 4.01 
289 453 7.01 
289 477 6.01 
289 495 5.01 
289 500 17.009999999999998 
291 295 0.01 
291 396 3.01 
291 415 1.01 
291 448 0.01 
291 472 6.01 
291 473 1.01 
291 485 9.01 
291 489 12.01 
291 490 8.01 
291 495 18.009999999999998 
291 498 14.01 
470 40 3.01 
470 154 0.01 
470 192 2.01 
470 217 2.01 
470 347 14.01 
470 364 3.01 
470 405 11.01 
470 422 10.01 
470 445 12.01 
470 472 7.01 
470 495 24.009999999999998 
471 49 4.01 
471 230 2.01 
471 240 6.01 
471 258 2.01 
471 286 7.01 
471 304 5.01 
471 340 3.01 
471 363 5.01 
471 394 7.01 
471 443 11.01 
471 466 17.009999999999998 
18 61 3.01 
18 202 1.01 
18 286 3.01 
18 290 1.01 
18 319 0.01 
18 416 3.01 
18 437 1.01 
18 453 8.01 
18 491 4.01 
18 494 2.01 
18 497 7.01 
18 499 15.01 
61 68 0.01 
61 143 1.01 
61 181 0.01 
61 258 0.01 
61 288 1.01 
61 343 0.01 
61 352 0.01 
61 373 0.01 
61 443 1.01 
61 470 1.01 
61 486 3.01 
61 488 8.01 
202 77 1.01 
202 82 0.01 
202 103 0.01 
202 177 2.01 
202 198 0.01 
202 281 0.01 
202 307 1.01 
202 433 0.01 
202 437 1.01 
202 465 1.01 
202 493 2.01 
202 498 4.01 
286 156 3.01 
286 174 1.01 
286 379 2.01 
286 433 8.01 
286 437 2.01 
286 446 10.01 
286 456 6.01 
286 462 8.01 
286 491 17.009999999999998 
286 494 8.01 
286 495 15.01 
290 28 1.01 
290 67 0.01 
290 100 0.01 
290 189 3.01 
290 259 0.01 
290 283 0.01 
290 284 2.01 
290 311 1.01 
290 344 2.01 
290 395 4.01 
290 470 6.01 
319 67 0.01 
319 262 0.01 
319 335 3.01 
319 358 1.01 
319 422 4.01 
319 437 2.01 
319 444 2.01 
319 457 3.01 
319 485 3.01 
319 494 12.01 
319 499 22.009999999999998 
416 219 8.01 
416 239 5.01 
416 412 16.009999999999998 
416 430 21.009999999999998 
416 441 18.009999999999998 
416 451 34.01 
416 463 49.01 
416 484 50.01 
416 496 76.00999999999999 
416 499 124.00999999999999 
416 500 67.00999999999999 
453 42 4.01 
453 200 1.01 
453 350 9.01 
453 382 10.01 
453 399 7.01 
453 413 8.01 
453 448 6.01 
453 451 18.009999999999998 
453 474 21.009999999999998 
453 488 33.01 
453 491 24.009999999999998 
204 97 0.01 
204 127 2.01 
204 138 0.01 
204 172 0.01 
204 179 0.01 
204 195 0.01 
204 224 0.01 
204 268 0.01 
204 344 0.01 
204 349 1.01 
204 471 1.01 
204 474 1.01 
219 101 0.01 
219 205 2.01 
219 405 8.01 
219 418 3.01 
219 446 1.01 
219 457 4.01 
219 474 11.01 
219 479 11.01 
219 496 23.009999999999998 
219 498 30.009999999999998 
219 500 72.00999999999999 
246 49 1.01 
246 193 1.01 
246 228 1.01 
246 232 1.01 
246 298 4.01 
246 316 3.01 
246 355 2.01 
246 403 3.01 
246 465 4.01 
246 485 6.01 
246 500 18.009999999999998 
413 40 1.01 
413 59 1.01 
413 168 3.01 
413 263 3.01 
413 404 1.01 
413 444 4.01 
413 463 20.009999999999998 
413 469 6.01 
413 471 9.01 
413 488 13.01 
413 499 43.01 
433 18 3.01 
433 125 0.01 
433 154 5.01 
433 157 1.01 
433 293 1.01 
433 347 2.01 
433 441 18.009999999999998 
433 448 5.01 
433 488 12.01 
433 492 29.009999999999998 
433 497 36.01 
20 51 1.01 
20 69 0.01 
20 254 2.01 
20 361 4.01 
20 362 2.01 
20 366 1.01 
20 378 0.01 
20 420 3.01 
20 467 0.01 
20 498 18.009999999999998 
20 499 19.009999999999998 
20 500 40.01 
51 89 0.01 
51 134 0.01 
51 299 1.01 
51 351 1.01 
51 354 1.01 
51 420 1.01 
51 441 1.01 
51 490 3.01 
51 496 8.01 
51 497 6.01 
51 499 13.01 
51 500 15.01 
69 9 0.01 
69 149 0.01 
69 301 4.01 
69 315 0.01 
69 408 1.01 
69 429 1.01 
69 456 0.01 
69 482 6.01 
69 487 3.01 
69 496 11.01 
69 499 20.009999999999998 
69 500 21.009999999999998 
361 183 5.01 
361 294 20.009999999999998 
361 310 3.01 
361 314 11.01 
361 326 6.01 
361 417 8.01 
361 442 8.01 
361 474 29.009999999999998 
361 492 28.009999999999998 
361 499 82.00999999999999 
361 500 83.00999999999999 
366 35 0.01 
366 64 3.01 
366 120 0.01 
366 155 4.01 
366 247 2.01 
366 261 4.01 
366 293 2.01 
366 357 0.01 
366 376 9.01 
366 403 7.01 
366 480 17.009999999999998 
378 275 2.01 
378 300 1.01 
378 303 7.01 
378 316 2.01 
378 324 3.01 
378 458 6.01 
378 473 12.01 
378 487 16.009999999999998 
378 489 8.01 
378 495 13.01 
378 496 37.01 
420 69 1.01 
420 85 6.01 
420 122 8.01 
420 323 7.01 
420 406 14.01 
420 414 7.01 
420 427 3.01 
420 442 12.01 
420 498 74.00999999999999 
420 499 67.00999999999999 
420 500 150.01 
21 98 0.01 
21 224 4.01 
21 311 2.01 
21 334 2.01 
21 352 2.01 
21 376 1.01 
21 421 2.01 
21 427 1.01 
21 469 3.01 
21 485 10.01 
21 489 3.01 
21 495 4.01 
98 241 0.01 
98 267 0.01 
98 279 1.01 
98 364 2.01 
98 370 0.01 
98 371 0.01 
98 435 0.01 
98 439 1.01 
98 443 5.01 
98 461 2.01 
98 485 1.01 
98 487 4.01 
224 267 2.01 
224 279 1.01 
224 369 2.01 
224 387 2.01 
224 403 2.01 
224 427 4.01 
224 439 4.01 
224 464 8.01 
224 476 15.01 
224 493 4.01 
224 495 19.009999999999998 
311 107 2.01 
311 345 4.01 
311 394 2.01 
311 401 7.01 
311 407 2.01 
311 423 8.01 
311 440 7.01 
311 458 5.01 
311 472 7.01 
311 490 12.01 
311 495 24.009999999999998 
334 147 1.01 
334 246 3.01 
334 291 0.01 
334 316 3.01 
334 369 0.01 
334 382 0.01 
334 439 3.01 
334 440 3.01 
334 472 8.01 
334 490 19.009999999999998 
334 495 21.009999999999998 
376 35 2.01 
376 52 3.01 
376 132 3.01 
376 144 5.01 
376 176 2.01 
376 207 2.01 
376 356 3.01 
376 364 2.01 
376 366 6.01 
376 378 5.01 
376 495 24.009999999999998 
421 128 1.01 
421 159 2.01 
421 237 4.01 
421 269 4.01 
421 303 7.01 
421 452 3.01 
421 464 6.01 
421 472 10.01 
421 487 19.009999999999998 
421 489 16.009999999999998 
421 490 18.009999999999998 
427 124 6.01 
427 193 5.01 
427 376 11.01 
427 404 3.01 
427 415 13.01 
427 432 9.01 
427 473 15.01 
427 485 23.009999999999998 
427 488 12.01 
427 489 12.01 
427 490 23.009999999999998 
469 50 2.01 
469 229 3.01 
469 331 5.01 
469 404 3.01 
469 408 5.01 
469 409 3.01 
469 434 14.01 
469 436 10.01 
469 438 17.009999999999998 
469 473 8.01 
469 495 12.01 
489 175 6.01 
489 237 9.01 
489 261 9.01 
489 387 19.009999999999998 
489 394 13.01 
489 407 18.009999999999998 
489 439 17.009999999999998 
489 440 33.01 
489 471 17.009999999999998 
489 490 34.01 
489 494 57.01 
22 132 3.01 
22 150 0.01 
22 178 2.01 
22 269 1.01 
22 301 1.01 
22 388 0.01 
22 408 0.01 
22 463 6.01 
22 492 15.01 
22 496 14.01 
22 499 20.009999999999998 
22 500 29.009999999999998 
132 53 0.01 
132 277 3.01 
132 315 3.01 
132 337 3.01 
132 362 7.01 
132 369 0.01 
132 374 4.01 
132 482 9.01 
132 483 20.009999999999998 
132 484 9.01 
132 499 36.01 
132 500 47.01 
178 14 1.01 
178 185 2.01 
178 287 1.01 
178 290 3.01 
178 390 4.01 
178 414 9.01 
178 417 3.01 
178 483 8.01 
178 492 13.01 
178 498 21.009999999999998 
178 499 27.009999999999998 
178 500 67.00999999999999 
301 11 1.01 
301 20 4.01 
301 39 2.01 
301 162 3.01 
301 207 0.01 
301 361 4.01 
301 384 11.01 
301 441 11.01 
301 468 15.01 
301 497 47.01 
301 500 75.00999999999999 
388 111 3.01 
388 114 0.01 
388 169 3.01 
388 205 0.01 
388 332 2.01 
388 370 4.01 
388 420 3.01 
388 479 38.01 
388 497 31.009999999999998 
388 498 39.01 
388 500 80.00999999999999 
463 43 10.01 
463 84 9.01 
463 116 6.01 
463 178 3.01 
463 181 14.01 
463 323 13.01 
463 483 65.00999999999999 
463 484 70.00999999999999 
463 496 87.00999999999999 
463 499 178.01 
463 500 178.01 
23 41 3.01 
23 168 1.01 
23 268 1.01 
23 382 3.01 
23 409 0.01 
23 446 2.01 
23 448 3.01 
23 449 1.01 
23 458 3.01 
23 471 2.01 
23 480 2.01 
23 488 8.01 
41 45 2.01 
41 54 0.01 
41 65 0.01 
41 140 0.01 
41 209 0.01 
41 385 1.01 
41 426 2.01 
41 459 1.01 
41 475 2.01 
41 478 2.01 
41 488 1.01 
41 493 3.01 
168 95 0.01 
168 174 1.01 
168 202 1.01 
168 349 1.01 
168 397 2.01 
168 433 1.01 
168 448 4.01 
168 453 1.01 
168 454 4.01 
168 477 5.01 
168 486 0.01 
168 491 6.01 
268 58 1.01 
268 73 0.01 
268 136 0.01 
268 204 0.01 
268 280 0.01 
268 297 1.01 
268 392 0.01 
268 440 7.01 
268 471 0.01 
268 480 6.01 
268 494 7.01 
382 17 1.01 
382 188 6.01 
382 192 3.01 
382 270 3.01 
382 404 3.01 
382 437 2.01 
382 445 7.01 
382 453 8.01 
382 478 14.01 
382 491 13.01 
382 494 27.009999999999998 
409 44 3.01 
409 59 0.01 
409 90 0.01 
409 111 4.01 
409 245 0.01 
409 258 1.01 
409 343 4.01 
409 400 4.01 
409 445 1.01 
409 473 7.01 
409 477 3.01 
446 195 4.01 
446 323 4.01 
446 416 10.01 
446 422 14.01 
446 444 10.01 
446 445 12.01 
446 476 11.01 
446 477 10.01 
446 480 26.009999999999998 
446 486 21.009999999999998 
446 491 20.009999999999998 
448 196 8.01 
448 297 2.01 
448 348 2.01 
448 404 5.01 
448 413 7.01 
448 453 10.01 
448 460 14.01 
448 462 7.01 
448 464 8.01 
448 471 8.01 
448 488 17.009999999999998 
449 85 2.01 
449 222 3.01 
449 224 6.01 
449 247 7.01 
449 303 6.01 
449 324 2.01 
449 387 8.01 
449 401 10.01 
449 412 6.01 
449 464 20.009999999999998 
449 489 34.01 
458 35 1.01 
458 64 5.01 
458 210 4.01 
458 223 5.01 
458 353 14.01 
458 430 8.01 
458 433 9.01 
458 439 12.01 
458 449 21.009999999999998 
458 476 29.009999999999998 
458 495 40.01 
24 277 1.01 
24 383 2.01 
24 389 1.01 
24 390 4.01 
24 416 2.01 
24 418 2.01 
24 474 2.01 
24 479 6.01 
24 482 6.01 
24 498 9.01 
24 499 10.01 
24 500 14.01 
277 3 0.01 
277 91 1.01 
277 182 3.01 
277 200 2.01 
277 348 2.01 
277 410 6.01 
277 456 4.01 
277 482 15.01 
277 492 12.01 
277 499 29.009999999999998 
277 500 84.00999999999999 
25 40 0.01 
25 64 1.01 
25 278 0.01 
25 300 0.01 
25 303 3.01 
25 348 1.01 
25 387 5.01 
25 431 0.01 
25 439 2.01 
25 451 4.01 
25 487 7.01 
25 495 6.01 
40 39 3.01 
40 63 1.01 
40 201 0.01 
40 238 1.01 
40 352 1.01 
40 393 2.01 
40 431 3.01 
40 456 5.01 
40 470 1.01 
40 486 13.01 
40 488 3.01 
40 491 9.01 
64 7 1.01 
64 37 2.01 
64 86 0.01 
64 139 0.01 
64 241 0.01 
64 274 1.01 
64 387 0.01 
64 436 3.01 
64 449 5.01 
64 476 5.01 
64 489 4.01 
64 490 10.01 
278 31 0.01 
278 96 0.01 
278 179 3.01 
278 320 3.01 
278 346 3.01 
278 385 3.01 
278 392 2.01 
278 426 3.01 
278 459 6.01 
278 460 1.01 
278 469 8.01 
303 99 2.01 
303 120 1.01 
303 274 3.01 
303 308 2.01 
303 311 1.01 
303 339 7.01 
303 345 5.01 
303 396 3.01 
303 490 17.009999999999998 
303 494 16.009999999999998 
303 500 28.009999999999998 
348 242 3.01 
348 267 0.01 
348 308 2.01 
348 345 4.01 
348 387 3.01 
348 415 3.01 
348 435 6.01 
348 464 5.01 
348 487 5.01 
348 489 7.01 
348 490 10.01 
387 120 1.01 
387 133 3.01 
387 340 1.01 
387 431 8.01 
387 449 9.01 
387 457 7.01 
387 458 19.009999999999998 
387 465 9.01 
387 485 25.009999999999998 
387 490 29.009999999999998 
387 495 31.009999999999998 
439 144 6.01 
439 191 9.01 
439 287 9.01 
439 312 3.01 
439 387 9.01 
439 391 13.01 
439 458 9.01 
439 464 14.01 
439 473 12.01 
439 476 21.009999999999998 
439 500 49.01 
451 134 1.01 
451 239 5.01 
451 386 12.01 
451 388 15.01 
451 441 43.01 
451 456 44.01 
451 476 23.009999999999998 
451 479 56.01 
451 498 139.01 
451 499 158.01 
451 500 222.01 
487 27 6.01 
487 99 3.01 
487 107 8.01 
487 287 8.01 
487 350 14.01 
487 377 2.01 
487 391 6.01 
487 415 20.009999999999998 
487 440 32.01 
487 476 52.01 
487 496 65.00999999999999 
148 6 0.01 
148 76 0.01 
148 92 0.01 
148 411 4.01 
148 438 4.01 
148 447 6.01 
148 452 5.01 
148 469 4.01 
148 478 0.01 
148 481 3.01 
148 484 7.01 
148 499 18.009999999999998 
313 29 1.01 
313 92 0.01 
313 173 1.01 
313 239 1.01 
313 321 3.01 
313 465 3.01 
313 468 7.01 
313 469 6.01 
313 475 5.01 
313 482 8.01 
313 493 11.01 
353 30 1.01 
353 47 1.01 
353 145 1.01 
353 153 1.01 
353 352 5.01 
353 396 6.01 
353 473 9.01 
353 476 13.01 
353 489 19.009999999999998 
353 495 30.009999999999998 
353 499 28.009999999999998 
399 143 0.01 
399 147 1.01 
399 174 2.01 
399 190 0.01 
399 268 2.01 
399 382 5.01 
399 404 1.01 
399 466 6.01 
399 471 3.01 
399 475 8.01 
399 494 15.01 
402 44 5.01 
402 61 0.01 
402 110 1.01 
402 227 2.01 
402 328 3.01 
402 383 2.01 
402 420 3.01 
402 456 3.01 
402 457 11.01 
402 499 50.01 
402 500 53.01 
459 7 1.01 
459 29 1.01 
459 226 2.01 
459 271 2.01 
459 282 5.01 
459 392 6.01 
459 423 3.01 
459 447 12.01 
459 460 21.009999999999998 
459 493 11.01 
459 499 44.01 
49 287 3.01 
49 300 0.01 
49 308 1.01 
49 320 0.01 
49 360 2.01 
49 372 0.01 
49 377 3.01 
49 432 5.01 
49 439 1.01 
49 458 5.01 
49 484 5.01 
49 495 10.01 
107 9 1.01 
107 222 3.01 
107 223 2.01 
107 265 2.01 
107 353 2.01 
107 360 3.01 
107 398 3.01 
107 431 3.01 
107 464 4.01 
107 465 5.01 
107 487 6.01 
107 494 5.01 
113 46 0.01 
113 79 0.01 
113 117 0.01 
113 160 0.01 
113 186 0.01 
113 187 1.01 
113 225 0.01 
113 285 2.01 
113 294 0.01 
113 302 0.01 
113 355 1.01 
113 447 3.01 
186 71 0.01 
186 126 1.01 
186 189 0.01 
186 255 0.01 
186 348 2.01 
186 394 4.01 
186 398 1.01 
186 431 3.01 
186 438 0.01 
186 440 1.01 
186 473 6.01 
186 500 15.01 
295 268 0.01 
295 303 4.01 
295 316 1.01 
295 372 0.01 
295 378 4.01 
295 464 4.01 
295 465 2.01 
295 476 7.01 
295 485 5.01 
295 486 3.01 
295 493 4.01 
411 102 3.01 
411 163 1.01 
411 252 2.01 
411 262 4.01 
411 264 5.01 
411 306 3.01 
411 330 1.01 
411 397 4.01 
411 424 6.01 
411 434 13.01 
411 469 8.01 
473 52 5.01 
473 144 7.01 
473 228 1.01 
473 291 4.01 
473 311 6.01 
473 345 18.009999999999998 
473 387 17.009999999999998 
473 403 6.01 
473 449 15.01 
473 494 43.01 
473 500 76.00999999999999 
43 119 2.01 
43 142 4.01 
43 158 1.01 
43 183 1.01 
43 354 5.01 
43 416 14.01 
43 478 5.01 
43 483 23.009999999999998 
43 496 50.01 
43 497 30.009999999999998 
43 499 43.01 
43 500 64.00999999999999 
206 98 0.01 
206 123 0.01 
206 201 0.01 
206 247 1.01 
206 286 0.01 
206 290 1.01 
206 336 1.01 
206 370 1.01 
206 419 0.01 
206 475 3.01 
206 488 2.01 
206 494 11.01 
244 39 2.01 
244 150 5.01 
244 215 3.01 
244 386 6.01 
244 414 4.01 
244 450 11.01 
244 468 6.01 
244 474 15.01 
244 497 34.01 
244 498 30.009999999999998 
244 500 53.01 
284 141 1.01 
284 232 0.01 
284 268 0.01 
284 293 0.01 
284 356 2.01 
284 357 0.01 
284 403 3.01 
284 455 1.01 
284 470 10.01 
284 471 7.01 
284 494 5.01 
400 138 1.01 
400 177 3.01 
400 344 2.01 
400 358 1.01 
400 380 8.01 
400 422 5.01 
400 437 4.01 
400 464 8.01 
400 470 5.01 
400 485 8.01 
400 497 26.009999999999998 
404 33 2.01 
404 262 1.01 
404 271 3.01 
404 293 1.01 
404 304 4.01 
404 399 2.01 
404 417 4.01 
404 455 4.01 
404 480 18.009999999999998 
404 488 14.01 
404 497 27.009999999999998 
29 153 2.01 
29 175 2.01 
29 249 0.01 
29 282 0.01 
29 312 4.01 
29 329 1.01 
29 424 1.01 
29 428 2.01 
29 438 2.01 
29 466 2.01 
29 469 2.01 
29 498 7.01 
153 48 1.01 
153 206 0.01 
153 211 1.01 
153 260 0.01 
153 385 2.01 
153 392 1.01 
153 401 2.01 
153 424 2.01 
153 429 1.01 
153 436 1.01 
153 452 2.01 
153 493 3.01 
175 131 0.01 
175 141 4.01 
175 190 2.01 
175 212 1.01 
175 276 0.01 
175 410 2.01 
175 436 4.01 
175 439 2.01 
175 475 5.01 
175 481 4.01 
175 493 9.01 
175 498 22.009999999999998 
249 235 0.01 
249 274 1.01 
249 313 1.01 
249 392 1.01 
249 406 3.01 
249 434 1.01 
249 442 2.01 
249 453 3.01 
249 469 5.01 
249 490 6.01 
249 493 4.01 
312 268 0.01 
312 270 3.01 
312 313 6.01 
312 357 5.01 
312 373 2.01 
312 409 6.01 
312 447 6.01 
312 466 2.01 
312 470 6.01 
312 488 10.01 
312 499 35.01 
329 36 2.01 
329 156 1.01 
329 260 1.01 
329 320 1.01 
329 331 3.01 
329 379 2.01 
329 418 6.01 
329 428 4.01 
329 455 4.01 
329 469 4.01 
329 493 9.01 
424 79 0.01 
424 144 4.01 
424 318 3.01 
424 385 2.01 
424 414 1.01 
424 429 4.01 
424 438 5.01 
424 447 1.01 
424 453 2.01 
424 478 12.01 
424 493 10.01 
428 165 0.01 
428 187 2.01 
428 276 1.01 
428 278 4.01 
428 344 0.01 
428 346 4.01 
428 392 3.01 
428 425 3.01 
428 426 1.01 
428 447 4.01 
428 491 8.01 
30 47 1.01 
30 63 0.01 
30 212 0.01 
30 232 1.01 
30 345 1.01 
30 403 2.01 
30 454 2.01 
30 485 4.01 
30 487 5.01 
30 489 8.01 
30 490 11.01 
30 495 8.01 
63 61 1.01 
63 227 2.01 
63 336 0.01 
63 356 1.01 
63 358 3.01 
63 368 2.01 
63 373 0.01 
63 436 0.01 
63 477 2.01 
63 484 1.01 
63 486 3.01 
63 493 2.01 
212 26 0.01 
212 250 1.01 
212 260 0.01 
212 271 0.01 
212 342 4.01 
212 361 0.01 
212 379 1.01 
212 452 3.01 
212 469 4.01 
212 483 8.01 
212 493 5.01 
232 66 0.01 
232 308 0.01 
232 334 1.01 
232 377 3.01 
232 397 1.01 
232 443 4.01 
232 464 2.01 
232 465 4.01 
232 476 8.01 
232 494 8.01 
232 495 14.01 
345 35 4.01 
345 287 4.01 
345 407 5.01 
345 421 7.01 
345 443 13.01 
345 449 6.01 
345 468 8.01 
345 472 11.01 
345 485 19.009999999999998 
345 487 10.01 
345 493 14.01 
403 25 3.01 
403 224 5.01 
403 252 2.01 
403 324 2.01 
403 427 11.01 
403 440 9.01 
403 449 15.01 
403 458 5.01 
403 473 14.01 
403 485 18.009999999999998 
403 500 53.01 
454 38 6.01 
454 180 12.01 
454 194 6.01 
454 244 7.01 
454 341 9.01 
454 359 18.009999999999998 
454 389 15.01 
454 414 17.009999999999998 
454 450 77.00999999999999 
454 492 70.00999999999999 
454 500 228.01 
31 353 3.01 
31 371 2.01 
31 394 6.01 
31 415 7.01 
31 440 10.01 
31 465 6.01 
31 473 8.01 
31 476 14.01 
31 488 8.01 
31 489 9.01 
31 490 10.01 
31 497 10.01 
371 246 3.01 
371 292 1.01 
371 308 5.01 
371 311 6.01 
371 329 4.01 
371 353 4.01 
371 372 1.01 
371 394 7.01 
371 432 2.01 
371 450 12.01 
371 465 6.01 
394 6 1.01 
394 75 0.01 
394 82 0.01 
394 251 5.01 
394 338 1.01 
394 401 9.01 
394 435 4.01 
394 458 12.01 
394 485 16.009999999999998 
394 490 25.009999999999998 
394 495 40.01 
440 155 5.01 
440 218 3.01 
440 287 8.01 
440 324 3.01 
440 334 6.01 
440 366 19.009999999999998 
440 449 13.01 
440 460 10.01 
440 472 19.009999999999998 
440 490 35.01 
440 495 39.01 
32 16 0.01 
32 80 3.01 
32 81 1.01 
32 110 0.01 
32 181 1.01 
32 243 0.01 
32 368 0.01 
32 463 9.01 
32 479 9.01 
32 497 10.01 
32 499 15.01 
32 500 26.009999999999998 
80 10 0.01 
80 14 0.01 
80 122 4.01 
80 158 0.01 
80 180 1.01 
80 233 1.01 
80 242 0.01 
80 351 2.01 
80 463 15.01 
80 497 51.01 
80 498 6.01 
80 500 76.00999999999999 
81 66 0.01 
81 102 0.01 
81 333 2.01 
81 367 9.01 
81 402 0.01 
81 454 7.01 
81 468 2.01 
81 484 7.01 
81 492 10.01 
81 497 5.01 
81 499 8.01 
81 500 20.009999999999998 
368 90 4.01 
368 99 0.01 
368 100 1.01 
368 192 4.01 
368 235 2.01 
368 393 4.01 
368 419 3.01 
368 471 8.01 
368 477 6.01 
368 481 11.01 
368 498 47.01 
33 32 1.01 
33 119 2.01 
33 162 4.01 
33 188 6.01 
33 233 1.01 
33 294 1.01 
33 435 1.01 
33 457 5.01 
33 482 10.01 
33 498 18.009999999999998 
33 499 18.009999999999998 
33 500 49.01 
119 35 0.01 
119 77 1.01 
119 213 1.01 
119 215 2.01 
119 273 0.01 
119 309 0.01 
119 333 1.01 
119 482 4.01 
119 486 4.01 
119 496 28.009999999999998 
119 497 10.01 
119 500 38.01 
162 11 0.01 
162 116 2.01 
162 231 1.01 
162 272 6.01 
162 332 3.01 
162 357 3.01 
162 367 6.01 
162 419 0.01 
162 468 10.01 
162 498 36.01 
162 499 28.009999999999998 
162 500 62.01 
188 10 4.01 
188 83 0.01 
188 85 3.01 
188 182 5.01 
188 194 3.01 
188 301 4.01 
188 305 9.01 
188 359 6.01 
188 492 38.01 
188 497 36.01 
188 499 47.01 
188 500 120.00999999999999 
233 3 3.01 
233 199 1.01 
233 219 2.01 
233 344 1.01 
233 370 4.01 
233 418 7.01 
233 467 7.01 
233 470 1.01 
233 482 7.01 
233 499 40.01 
233 500 26.009999999999998 
294 149 7.01 
294 231 2.01 
294 244 3.01 
294 272 7.01 
294 273 0.01 
294 310 2.01 
294 332 5.01 
294 418 17.009999999999998 
294 496 59.01 
294 498 53.01 
294 500 35.01 
435 47 0.01 
435 274 1.01 
435 298 5.01 
435 360 10.01 
435 423 19.009999999999998 
435 440 12.01 
435 458 18.009999999999998 
435 473 16.009999999999998 
435 475 7.01 
435 488 12.01 
435 498 18.009999999999998 
457 43 6.01 
457 149 3.01 
457 263 1.01 
457 314 9.01 
457 328 12.01 
457 362 28.009999999999998 
457 408 10.01 
457 450 65.00999999999999 
457 476 27.009999999999998 
457 483 47.01 
457 499 158.01 
34 226 1.01 
34 231 2.01 
34 267 2.01 
34 276 1.01 
34 302 0.01 
34 342 0.01 
34 379 3.01 
34 386 0.01 
34 429 1.01 
34 434 0.01 
34 493 11.01 
34 500 8.01 
226 7 0.01 
226 217 1.01 
226 271 0.01 
226 307 1.01 
226 365 0.01 
226 409 1.01 
226 411 3.01 
226 460 3.01 
226 475 3.01 
226 478 3.01 
226 482 3.01 
231 86 0.01 
231 150 1.01 
231 200 2.01 
231 361 8.01 
231 442 4.01 
231 447 3.01 
231 468 3.01 
231 479 9.01 
231 492 9.01 
231 498 29.009999999999998 
231 499 24.009999999999998 
276 36 2.01 
276 48 1.01 
276 141 3.01 
276 245 1.01 
276 322 1.01 
276 330 0.01 
276 426 1.01 
276 436 1.01 
276 459 1.01 
276 463 3.01 
276 493 9.01 
342 34 0.01 
342 146 0.01 
342 249 2.01 
342 264 2.01 
342 365 3.01 
342 425 5.01 
342 438 4.01 
342 447 6.01 
342 470 0.01 
342 493 14.01 
342 496 14.01 
379 17 1.01 
379 113 1.01 
379 149 2.01 
379 190 1.01 
379 229 0.01 
379 256 3.01 
379 329 2.01 
379 381 4.01 
379 391 3.01 
379 398 2.01 
379 460 8.01 
386 118 1.01 
386 337 4.01 
386 389 9.01 
386 399 1.01 
386 454 31.009999999999998 
386 456 20.009999999999998 
386 483 23.009999999999998 
386 484 44.01 
386 497 66.00999999999999 
386 499 81.00999999999999 
386 500 110.00999999999999 
429 19 1.01 
429 311 2.01 
429 331 5.01 
429 333 3.01 
429 355 5.01 
429 379 1.01 
429 397 6.01 
429 428 7.01 
429 481 4.01 
429 493 12.01 
429 499 34.01 
434 131 2.01 
434 135 0.01 
434 179 1.01 
434 210 1.01 
434 256 5.01 
434 321 5.01 
434 358 3.01 
434 426 10.01 
434 428 6.01 
434 449 3.01 
434 459 7.01 
35 21 2.01 
35 189 0.01 
35 348 4.01 
35 352 0.01 
35 387 4.01 
35 407 2.01 
35 443 6.01 
35 449 2.01 
35 464 7.01 
35 474 10.01 
35 481 4.01 
35 489 6.01 
189 45 1.01 
189 176 1.01 
189 197 0.01 
189 261 1.01 
189 291 0.01 
189 302 1.01 
189 316 0.01 
189 348 3.01 
189 376 4.01 
189 378 3.01 
189 406 2.01 
189 473 1.01 
407 145 2.01 
407 222 1.01 
407 334 2.01 
407 348 6.01 
407 364 8.01 
407 396 7.01 
407 439 5.01 
407 459 9.01 
407 486 15.01 
407 490 34.01 
407 495 21.009999999999998 
443 27 2.01 
443 31 0.01 
443 70 3.01 
443 155 2.01 
443 298 2.01 
443 353 4.01 
443 427 7.01 
443 439 12.01 
443 476 31.009999999999998 
443 485 12.01 
443 487 18.009999999999998 
464 52 3.01 
464 73 2.01 
464 232 2.01 
464 372 6.01 
464 393 3.01 
464 396 16.009999999999998 
464 423 17.009999999999998 
464 467 19.009999999999998 
464 476 27.009999999999998 
464 485 25.009999999999998 
464 495 40.01 
36 129 0.01 
36 198 1.01 
36 320 0.01 
36 329 3.01 
36 332 2.01 
36 424 4.01 
36 434 7.01 
36 469 2.01 
36 475 3.01 
36 478 7.01 
36 485 2.01 
36 493 4.01 
129 115 1.01 
129 256 2.01 
129 276 3.01 
129 354 0.01 
129 399 2.01 
129 434 5.01 
129 447 4.01 
129 459 3.01 
129 476 1.01 
129 478 6.01 
129 479 1.01 
129 481 3.01 
198 79 0.01 
198 146 0.01 
198 209 0.01 
198 248 0.01 
198 342 3.01 
198 373 0.01 
198 387 1.01 
198 429 2.01 
198 452 2.01 
198 469 5.01 
198 481 7.01 
198 498 6.01 
320 4 0.01 
320 41 2.01 
320 74 0.01 
320 113 1.01 
320 209 4.01 
320 278 0.01 
320 343 3.01 
320 353 0.01 
320 379 0.01 
320 438 3.01 
320 459 3.01 
133 247 0.01 
133 275 0.01 
133 331 0.01 
133 360 2.01 
133 376 0.01 
133 401 2.01 
133 411 0.01 
133 415 2.01 
133 439 3.01 
133 450 3.01 
133 464 0.01 
133 487 8.01 
208 133 0.01 
208 225 1.01 
208 269 1.01 
208 309 4.01 
208 375 14.01 
208 391 2.01 
208 416 12.01 
208 483 22.009999999999998 
208 492 17.009999999999998 
208 499 47.01 
208 500 82.00999999999999 
38 14 1.01 
38 213 3.01 
38 242 2.01 
38 402 0.01 
38 403 1.01 
38 418 4.01 
38 430 3.01 
38 451 7.01 
38 454 4.01 
38 461 1.01 
38 463 8.01 
38 500 34.01 
213 10 0.01 
213 22 0.01 
213 134 2.01 
213 375 2.01 
213 467 8.01 
213 468 4.01 
213 481 6.01 
213 491 7.01 
213 498 23.009999999999998 
213 499 22.009999999999998 
213 500 31.009999999999998 
242 24 1.01 
242 93 1.01 
242 207 1.01 
242 233 2.01 
242 260 0.01 
242 318 1.01 
242 326 1.01 
242 457 0.01 
242 474 12.01 
242 496 16.009999999999998 
242 500 38.01 
104 78 2.01 
104 292 0.01 
104 323 7.01 
104 402 0.01 
104 429 3.01 
104 450 6.01 
104 459 3.01 
104 483 12.01 
104 496 14.01 
104 498 22.009999999999998 
104 499 45.01 
104 500 45.01 
151 51 0.01 
151 272 0.01 
151 323 2.01 
151 326 3.01 
151 364 0.01 
151 370 0.01 
151 430 2.01 
151 471 2.01 
151 483 6.01 
151 492 4.01 
151 499 18.009999999999998 
151 500 18.009999999999998 
406 104 2.01 
406 250 2.01 
406 338 9.01 
406 361 14.01 
406 370 13.01 
406 374 10.01 
406 384 11.01 
406 402 6.01 
406 482 39.01 
406 497 57.01 
406 499 97.00999999999999 
450 75 6.01 
450 122 10.01 
450 335 8.01 
450 418 31.009999999999998 
450 452 25.009999999999998 
450 474 72.00999999999999 
450 482 60.01 
450 492 75.00999999999999 
450 496 89.00999999999999 
450 499 197.01 
450 500 192.01 
201 24 1.01 
201 140 0.01 
201 147 1.01 
201 253 1.01 
201 272 1.01 
201 356 3.01 
201 357 1.01 
201 393 2.01 
201 446 1.01 
201 453 2.01 
201 480 5.01 
201 491 3.01 
238 60 2.01 
238 108 0.01 
238 118 1.01 
238 172 2.01 
238 203 1.01 
238 284 0.01 
238 297 0.01 
238 343 1.01 
238 393 1.01 
238 445 2.01 
238 488 5.01 
456 234 12.01 
456 253 6.01 
456 327 21.009999999999998 
456 351 6.01 
456 359 26.009999999999998 
456 408 14.01 
456 457 45.01 
456 479 46.01 
456 496 98.00999999999999 
456 498 96.00999999999999 
456 500 182.01 
45 8 1.01 
45 105 0.01 
45 421 1.01 
45 431 3.01 
45 446 1.01 
45 458 8.01 
45 472 8.01 
45 473 4.01 
45 487 6.01 
45 489 5.01 
45 495 3.01 
45 497 8.01 
54 90 0.01 
54 235 1.01 
54 247 0.01 
54 278 1.01 
54 329 1.01 
54 355 1.01 
54 363 1.01 
54 392 0.01 
54 426 1.01 
54 429 0.01 
54 434 0.01 
54 478 3.01 
65 160 1.01 
65 260 0.01 
65 285 1.01 
65 381 2.01 
65 411 0.01 
65 434 4.01 
65 445 1.01 
65 460 0.01 
65 469 0.01 
65 475 1.01 
65 481 6.01 
65 488 2.01 
140 97 2.01 
140 165 1.01 
140 206 0.01 
140 245 0.01 
140 266 1.01 
140 351 1.01 
140 395 0.01 
140 413 2.01 
140 448 1.01 
140 471 6.01 
140 479 5.01 
140 488 1.01 
209 156 0.01 
209 158 1.01 
209 334 1.01 
209 447 9.01 
209 452 4.01 
209 470 3.01 
209 474 7.01 
209 475 3.01 
209 481 12.01 
209 493 4.01 
209 498 19.009999999999998 
385 36 2.01 
385 65 1.01 
385 282 3.01 
385 313 0.01 
385 330 3.01 
385 436 0.01 
385 438 0.01 
385 455 2.01 
385 473 1.01 
385 481 5.01 
385 493 8.01 
426 65 1.01 
426 74 1.01 
426 411 1.01 
426 424 4.01 
426 428 4.01 
426 429 3.01 
426 457 15.01 
426 469 5.01 
426 478 16.009999999999998 
426 481 12.01 
426 491 15.01 
340 67 0.01 
340 136 1.01 
340 195 1.01 
340 202 0.01 
340 350 3.01 
340 371 2.01 
340 388 3.01 
340 453 5.01 
340 480 7.01 
340 486 12.01 
340 500 32.01 
349 96 0.01 
349 164 3.01 
349 166 2.01 
349 280 1.01 
349 350 1.01 
349 363 2.01 
349 380 3.01 
349 486 14.01 
349 491 14.01 
349 496 20.009999999999998 
349 500 25.009999999999998 
392 102 1.01 
392 156 1.01 
392 173 1.01 
392 216 1.01 
392 381 2.01 
392 424 1.01 
392 475 18.009999999999998 
392 478 12.01 
392 481 12.01 
392 483 8.01 
392 497 18.009999999999998 
142 65 1.01 
142 191 1.01 
142 231 1.01 
142 292 2.01 
142 405 2.01 
142 441 3.01 
142 456 2.01 
142 463 15.01 
142 467 6.01 
142 498 24.009999999999998 
142 499 32.01 
142 500 26.009999999999998 
183 281 3.01 
183 282 1.01 
183 338 1.01 
183 341 6.01 
183 354 4.01 
183 388 4.01 
183 410 4.01 
183 436 1.01 
183 467 7.01 
183 483 5.01 
183 492 12.01 
183 500 60.01 
354 93 0.01 
354 106 0.01 
354 254 3.01 
354 327 10.01 
354 420 7.01 
354 467 12.01 
354 474 23.009999999999998 
354 487 8.01 
354 497 42.01 
354 499 44.01 
354 500 89.00999999999999 
44 33 1.01 
44 57 1.01 
44 72 2.01 
44 80 2.01 
44 95 2.01 
44 214 0.01 
44 417 0.01 
44 474 8.01 
44 496 17.009999999999998 
44 497 28.009999999999998 
44 498 21.009999999999998 
44 500 38.01 
57 86 1.01 
57 215 0.01 
57 234 1.01 
57 236 2.01 
57 383 1.01 
57 409 2.01 
57 440 1.01 
57 451 2.01 
57 474 10.01 
57 497 12.01 
57 498 9.01 
57 500 20.009999999999998 
72 266 0.01 
72 301 0.01 
72 327 2.01 
72 337 1.01 
72 410 0.01 
72 432 1.01 
72 473 2.01 
72 479 1.01 
72 496 9.01 
72 497 4.01 
72 499 8.01 
72 500 7.01 
95 211 4.01 
95 296 2.01 
95 351 3.01 
95 359 3.01 
95 395 3.01 
95 408 4.01 
95 410 7.01 
95 417 0.01 
95 467 3.01 
95 479 16.009999999999998 
95 499 25.009999999999998 
95 500 47.01 
214 56 0.01 
214 74 0.01 
214 308 0.01 
214 311 0.01 
214 423 3.01 
214 432 1.01 
214 449 5.01 
214 454 1.01 
214 461 2.01 
214 465 2.01 
214 495 6.01 
105 20 0.01 
105 138 0.01 
105 170 0.01 
105 174 0.01 
105 185 0.01 
105 262 1.01 
105 363 1.01 
105 396 2.01 
105 409 1.01 
105 446 1.01 
105 466 1.01 
105 477 3.01 
46 7 0.01 
46 67 0.01 
46 210 1.01 
46 212 0.01 
46 216 0.01 
46 320 1.01 
46 330 0.01 
46 422 0.01 
46 428 2.01 
46 441 2.01 
46 475 7.01 
46 493 3.01 
67 171 0.01 
67 206 2.01 
67 270 0.01 
67 280 1.01 
67 340 2.01 
67 422 2.01 
67 448 3.01 
67 470 1.01 
67 488 1.01 
67 490 1.01 
67 496 6.01 
67 500 8.01 
210 65 2.01 
210 97 0.01 
210 137 1.01 
210 163 0.01 
210 204 0.01 
210 355 0.01 
210 425 2.01 
210 434 1.01 
210 437 2.01 
210 472 5.01 
210 493 3.01 
216 160 1.01 
216 264 0.01 
216 321 2.01 
216 350 1.01 
216 355 1.01 
216 385 1.01 
216 459 6.01 
216 460 4.01 
216 469 5.01 
216 475 4.01 
216 479 6.01 
56 133 2.01 
56 251 4.01 
56 426 0.01 
56 427 4.01 
56 439 1.01 
56 446 0.01 
56 465 4.01 
56 473 6.01 
56 485 5.01 
56 487 3.01 
56 489 3.01 
56 490 1.01 
274 25 1.01 
274 30 0.01 
274 49 0.01 
274 60 0.01 
274 222 1.01 
274 295 2.01 
274 377 0.01 
274 435 4.01 
274 451 5.01 
274 464 10.01 
274 473 5.01 
48 46 0.01 
48 137 0.01 
48 302 1.01 
48 397 1.01 
48 407 2.01 
48 425 0.01 
48 426 2.01 
48 434 2.01 
48 452 2.01 
48 460 6.01 
48 481 6.01 
48 500 17.009999999999998 
137 34 2.01 
137 92 0.01 
137 135 0.01 
137 230 3.01 
137 359 0.01 
137 397 1.01 
137 460 7.01 
137 470 0.01 
137 475 2.01 
137 493 2.01 
137 498 5.01 
137 499 7.01 
460 74 1.01 
460 92 0.01 
460 130 1.01 
460 313 6.01 
460 319 1.01 
460 346 9.01 
460 365 4.01 
460 407 13.01 
460 436 6.01 
460 475 18.009999999999998 
460 493 18.009999999999998 
287 27 9.01 
287 221 1.01 
287 223 4.01 
287 369 3.01 
287 378 4.01 
287 391 11.01 
287 394 3.01 
287 427 9.01 
287 487 12.01 
287 490 16.009999999999998 
287 494 16.009999999999998 
308 128 1.01 
308 316 3.01 
308 317 1.01 
308 339 5.01 
308 378 1.01 
308 427 7.01 
308 478 6.01 
308 485 8.01 
308 487 8.01 
308 492 7.01 
308 495 12.01 
372 108 3.01 
372 246 6.01 
372 252 2.01 
372 345 2.01 
372 369 6.01 
372 419 3.01 
372 427 5.01 
372 449 6.01 
372 461 6.01 
372 487 12.01 
372 500 40.01 
377 218 2.01 
377 334 4.01 
377 373 2.01 
377 378 7.01 
377 430 2.01 
377 435 5.01 
377 464 12.01 
377 473 11.01 
377 487 6.01 
377 490 21.009999999999998 
377 495 19.009999999999998 
155 71 4.01 
155 186 1.01 
155 237 2.01 
155 324 0.01 
155 391 6.01 
155 421 4.01 
155 428 2.01 
155 461 3.01 
155 472 15.01 
155 485 5.01 
155 490 9.01 
155 499 17.009999999999998 
298 11 1.01 
298 144 7.01 
298 279 2.01 
298 300 1.01 
298 339 1.01 
298 360 6.01 
298 364 2.01 
298 461 9.01 
298 462 4.01 
298 485 8.01 
298 487 9.01 
423 108 5.01 
423 224 1.01 
423 261 6.01 
423 321 3.01 
423 339 1.01 
423 427 8.01 
423 432 8.01 
423 443 12.01 
423 448 9.01 
423 459 4.01 
423 472 10.01 
89 51 0.01 
89 151 0.01 
89 261 0.01 
89 294 1.01 
89 310 1.01 
89 321 0.01 
89 417 0.01 
89 430 1.01 
89 457 2.01 
89 490 1.01 
89 496 11.01 
89 500 16.009999999999998 
134 18 0.01 
134 244 2.01 
134 328 0.01 
134 337 1.01 
134 359 2.01 
134 393 0.01 
134 402 3.01 
134 442 0.01 
134 451 6.01 
134 497 18.009999999999998 
134 498 17.009999999999998 
134 500 42.01 
299 77 2.01 
299 142 0.01 
299 254 4.01 
299 337 3.01 
299 406 3.01 
299 416 4.01 
299 435 2.01 
299 468 8.01 
299 474 11.01 
299 497 14.01 
299 499 26.009999999999998 
351 5 2.01 
351 20 1.01 
351 159 1.01 
351 236 8.01 
351 255 0.01 
351 354 5.01 
351 416 6.01 
351 456 13.01 
351 467 16.009999999999998 
351 498 51.01 
351 499 44.01 
52 76 3.01 
52 193 4.01 
52 287 5.01 
52 349 2.01 
52 440 7.01 
52 443 7.01 
52 458 6.01 
52 472 4.01 
52 485 8.01 
52 489 5.01 
52 495 14.01 
52 500 24.009999999999998 
76 152 3.01 
76 172 0.01 
76 324 2.01 
76 372 2.01 
76 377 0.01 
76 382 0.01 
76 403 2.01 
76 432 1.01 
76 443 4.01 
76 472 3.01 
76 487 5.01 
76 495 6.01 
193 56 1.01 
193 183 1.01 
193 214 0.01 
193 291 1.01 
193 345 0.01 
193 377 0.01 
193 391 6.01 
193 461 3.01 
193 472 3.01 
193 476 15.01 
193 488 2.01 
193 489 8.01 
53 114 1.01 
53 123 0.01 
53 273 0.01 
53 365 1.01 
53 400 3.01 
53 416 5.01 
53 442 2.01 
53 463 6.01 
53 484 10.01 
53 496 18.009999999999998 
53 499 21.009999999999998 
53 500 22.009999999999998 
123 105 0.01 
123 121 1.01 
123 284 1.01 
123 340 0.01 
123 404 0.01 
123 448 0.01 
123 453 0.01 
123 464 3.01 
123 466 1.01 
123 469 0.01 
123 474 3.01 
123 489 0.01 
273 14 1.01 
273 95 3.01 
273 219 3.01 
273 315 1.01 
273 338 3.01 
273 405 6.01 
273 442 3.01 
273 482 3.01 
273 492 12.01 
273 497 8.01 
273 500 43.01 
365 163 2.01 
365 173 0.01 
365 216 2.01 
365 305 3.01 
365 330 0.01 
365 426 3.01 
365 438 3.01 
365 466 4.01 
365 475 11.01 
365 497 18.009999999999998 
365 498 21.009999999999998 
90 46 1.01 
90 88 0.01 
90 192 1.01 
90 268 1.01 
90 317 1.01 
90 393 10.01 
90 446 2.01 
90 448 3.01 
90 462 1.01 
90 486 2.01 
90 494 16.009999999999998 
90 497 24.009999999999998 
235 62 0.01 
235 112 0.01 
235 197 1.01 
235 211 2.01 
235 217 2.01 
235 279 1.01 
235 400 2.01 
235 445 6.01 
235 466 5.01 
235 491 3.01 
235 494 21.009999999999998 
247 87 0.01 
247 291 2.01 
247 391 1.01 
247 396 4.01 
247 421 3.01 
247 472 11.01 
247 475 2.01 
247 476 12.01 
247 489 12.01 
247 495 7.01 
247 498 15.01 
355 88 1.01 
355 155 2.01 
355 285 3.01 
355 342 5.01 
355 351 0.01 
355 425 4.01 
355 438 3.01 
355 478 10.01 
355 480 2.01 
355 493 10.01 
355 499 17.009999999999998 
270 122 1.01 
270 186 0.01 
270 258 1.01 
270 322 1.01 
270 367 3.01 
270 380 2.01 
270 409 3.01 
270 413 3.01 
270 466 7.01 
270 477 2.01 
270 491 6.01 
251 126 3.01 
251 193 2.01 
251 202 1.01 
251 224 3.01 
251 245 1.01 
251 396 6.01 
251 432 4.01 
251 461 10.01 
251 485 5.01 
251 487 7.01 
251 489 13.01 
86 22 2.01 
86 72 0.01 
86 333 3.01 
86 416 4.01 
86 429 3.01 
86 482 10.01 
86 483 9.01 
86 484 10.01 
86 496 22.009999999999998 
86 498 29.009999999999998 
86 499 35.01 
86 500 44.01 
215 20 2.01 
215 270 1.01 
215 292 6.01 
215 341 5.01 
215 345 2.01 
215 420 12.01 
215 441 14.01 
215 467 21.009999999999998 
215 468 15.01 
215 474 24.009999999999998 
215 500 25.009999999999998 
234 103 1.01 
234 104 2.01 
234 205 1.01 
234 351 9.01 
234 362 5.01 
234 374 10.01 
234 460 0.01 
234 474 27.009999999999998 
234 482 9.01 
234 499 44.01 
234 500 52.01 
236 101 3.01 
236 104 7.01 
236 209 0.01 
236 234 6.01 
236 294 13.01 
236 412 7.01 
236 456 18.009999999999998 
236 484 30.009999999999998 
236 487 8.01 
236 498 71.00999999999999 
236 500 129.01 
58 14 0.01 
58 60 0.01 
58 100 0.01 
58 140 0.01 
58 249 0.01 
58 304 0.01 
58 358 0.01 
58 471 2.01 
58 491 5.01 
58 492 5.01 
58 494 4.01 
58 499 3.01 
60 19 1.01 
60 143 0.01 
60 147 0.01 
60 170 2.01 
60 316 0.01 
60 347 1.01 
60 445 0.01 
60 455 0.01 
60 466 1.01 
60 470 2.01 
60 477 3.01 
60 486 3.01 
100 119 1.01 
100 290 1.01 
100 408 2.01 
100 413 5.01 
100 430 4.01 
100 432 3.01 
100 444 7.01 
100 446 3.01 
100 472 3.01 
100 477 2.01 
100 492 12.01 
100 494 10.01 
304 125 0.01 
304 238 0.01 
304 283 0.01 
304 369 4.01 
304 434 5.01 
304 466 19.009999999999998 
304 480 11.01 
304 483 18.009999999999998 
304 488 9.01 
304 494 10.01 
304 499 40.01 
358 13 2.01 
358 96 0.01 
358 112 1.01 
358 129 0.01 
358 380 5.01 
358 385 1.01 
358 444 4.01 
358 449 5.01 
358 486 10.01 
358 491 25.009999999999998 
358 494 19.009999999999998 
59 289 1.01 
59 309 0.01 
59 319 1.01 
59 368 3.01 
59 380 0.01 
59 399 0.01 
59 421 1.01 
59 433 1.01 
59 470 2.01 
59 480 5.01 
59 486 5.01 
59 491 4.01 
380 2 0.01 
380 63 0.01 
380 109 1.01 
380 368 5.01 
380 411 3.01 
380 444 6.01 
380 446 4.01 
380 455 5.01 
380 464 3.01 
380 491 13.01 
380 494 12.01 
143 18 0.01 
143 70 2.01 
143 168 1.01 
143 289 1.01 
143 290 2.01 
143 296 0.01 
143 399 1.01 
143 444 0.01 
143 463 0.01 
143 471 6.01 
143 473 2.01 
143 500 9.01 
147 19 1.01 
147 204 1.01 
147 243 0.01 
147 363 2.01 
147 395 0.01 
147 419 1.01 
147 422 0.01 
147 451 3.01 
147 467 4.01 
147 475 3.01 
147 482 5.01 
147 491 2.01 
170 71 0.01 
170 83 1.01 
170 188 2.01 
170 207 0.01 
170 283 0.01 
170 294 3.01 
170 314 1.01 
170 479 8.01 
170 483 4.01 
170 484 14.01 
170 498 30.009999999999998 
170 500 24.009999999999998 
316 248 0.01 
316 275 2.01 
316 366 7.01 
316 369 7.01 
316 378 0.01 
316 423 2.01 
316 458 9.01 
316 465 4.01 
316 485 8.01 
316 490 11.01 
316 500 30.009999999999998 
347 23 1.01 
347 123 0.01 
347 154 4.01 
347 196 0.01 
347 253 0.01 
347 284 1.01 
347 312 3.01 
347 470 3.01 
347 484 13.01 
347 485 7.01 
347 493 10.01 
445 124 9.01 
445 167 1.01 
445 185 2.01 
445 215 9.01 
445 227 1.01 
445 390 7.01 
445 407 6.01 
445 448 3.01 
445 453 20.009999999999998 
445 495 24.009999999999998 
445 500 70.00999999999999 
68 164 0.01 
68 293 0.01 
68 304 1.01 
68 319 0.01 
68 340 0.01 
68 344 1.01 
68 394 0.01 
68 402 0.01 
68 457 0.01 
68 471 2.01 
68 477 3.01 
68 488 4.01 
288 60 0.01 
288 111 3.01 
288 220 1.01 
288 254 1.01 
288 368 3.01 
288 380 2.01 
288 418 4.01 
288 437 1.01 
288 466 8.01 
288 486 6.01 
288 488 13.01 
343 171 0.01 
343 344 1.01 
343 347 2.01 
343 386 1.01 
343 400 1.01 
343 424 2.01 
343 441 8.01 
343 455 4.01 
343 458 1.01 
343 471 1.01 
343 486 6.01 
373 143 0.01 
373 159 1.01 
373 266 1.01 
373 288 2.01 
373 296 3.01 
373 343 0.01 
373 350 3.01 
373 358 2.01 
373 453 13.01 
373 486 13.01 
373 490 14.01 
62 121 0.01 
62 270 1.01 
62 301 0.01 
62 332 1.01 
62 419 1.01 
62 448 2.01 
62 456 2.01 
62 466 1.01 
62 471 4.01 
62 477 0.01 
62 486 0.01 
62 499 3.01 
419 84 5.01 
419 235 2.01 
419 283 4.01 
419 306 5.01 
419 415 1.01 
419 446 10.01 
419 453 10.01 
419 455 5.01 
419 462 3.01 
419 466 15.01 
419 494 11.01 
227 123 1.01 
227 245 0.01 
227 322 2.01 
227 346 1.01 
227 349 2.01 
227 399 2.01 
227 455 0.01 
227 489 8.01 
227 491 7.01 
227 494 6.01 
227 500 18.009999999999998 
436 129 1.01 
436 148 5.01 
436 250 3.01 
436 285 1.01 
436 307 3.01 
436 339 1.01 
436 379 5.01 
436 411 10.01 
436 465 4.01 
436 478 14.01 
436 493 19.009999999999998 
139 21 1.01 
139 121 0.01 
139 221 1.01 
139 237 3.01 
139 376 2.01 
139 421 2.01 
139 464 2.01 
139 469 0.01 
139 476 2.01 
139 483 4.01 
139 487 2.01 
139 490 3.01 
241 21 1.01 
241 136 0.01 
241 191 3.01 
241 196 1.01 
241 279 1.01 
241 334 1.01 
241 339 2.01 
241 432 2.01 
241 465 1.01 
241 472 3.01 
241 485 5.01 
160 54 0.01 
160 113 0.01 
160 305 0.01 
160 318 0.01 
160 321 1.01 
160 346 1.01 
160 365 0.01 
160 420 2.01 
160 460 0.01 
160 481 2.01 
160 494 0.01 
160 500 7.01 
381 102 1.01 
381 161 3.01 
381 187 3.01 
381 201 0.01 
381 256 3.01 
381 342 1.01 
381 383 5.01 
381 397 3.01 
381 469 5.01 
381 473 10.01 
381 475 9.01 
66 1 0.01 
66 47 0.01 
66 139 0.01 
66 145 0.01 
66 311 1.01 
66 372 0.01 
66 421 1.01 
66 435 2.01 
66 473 3.01 
66 485 4.01 
66 489 11.01 
66 497 9.01 
145 49 1.01 
145 180 1.01 
145 266 0.01 
145 295 1.01 
145 298 2.01 
145 369 3.01 
145 394 4.01 
145 398 2.01 
145 428 2.01 
145 464 6.01 
145 490 8.01 
145 495 6.01 
171 1 0.01 
171 123 2.01 
171 259 3.01 
171 263 0.01 
171 289 1.01 
171 347 1.01 
171 358 1.01 
171 388 1.01 
171 399 1.01 
171 404 1.01 
171 480 1.01 
171 492 4.01 
164 94 0.01 
164 96 1.01 
164 166 0.01 
164 201 0.01 
164 277 1.01 
164 280 0.01 
164 336 0.01 
164 362 2.01 
164 444 3.01 
164 462 0.01 
164 470 3.01 
164 483 3.01 
293 2 1.01 
293 89 0.01 
293 167 1.01 
293 197 2.01 
293 243 1.01 
293 266 1.01 
293 433 2.01 
293 471 2.01 
293 478 7.01 
293 494 5.01 
293 496 11.01 
315 53 0.01 
315 57 3.01 
315 89 1.01 
315 142 0.01 
315 170 1.01 
315 301 3.01 
315 374 3.01 
315 441 16.009999999999998 
315 484 14.01 
315 492 9.01 
315 499 21.009999999999998 
70 58 2.01 
70 410 1.01 
70 418 8.01 
70 444 4.01 
70 447 6.01 
70 455 6.01 
70 461 2.01 
70 466 8.01 
70 468 9.01 
70 486 1.01 
70 492 10.01 
70 494 11.01 
410 3 2.01 
410 91 3.01 
410 205 4.01 
410 328 4.01 
410 414 7.01 
410 468 22.009999999999998 
410 483 27.009999999999998 
410 491 24.009999999999998 
410 498 110.00999999999999 
410 499 62.01 
410 500 176.01 
447 54 1.01 
447 130 1.01 
447 175 8.01 
447 229 5.01 
447 321 5.01 
447 342 4.01 
447 400 5.01 
447 422 7.01 
447 425 8.01 
447 466 14.01 
447 493 27.009999999999998 
71 34 0.01 
71 107 4.01 
71 189 1.01 
71 244 2.01 
71 274 3.01 
71 279 3.01 
71 377 1.01 
71 398 6.01 
71 401 3.01 
71 440 9.01 
71 490 12.01 
71 495 4.01 
279 22 0.01 
279 56 1.01 
279 76 2.01 
279 189 1.01 
279 218 1.01 
279 246 2.01 
279 303 1.01 
279 353 2.01 
279 431 2.01 
279 487 5.01 
279 491 8.01 
401 265 3.01 
401 303 9.01 
401 372 1.01 
401 405 3.01 
401 407 3.01 
401 428 3.01 
401 435 6.01 
401 458 19.009999999999998 
401 476 19.009999999999998 
401 485 12.01 
401 495 20.009999999999998 
266 127 0.01 
266 175 3.01 
266 257 1.01 
266 262 0.01 
266 317 1.01 
266 373 2.01 
266 446 2.01 
266 456 3.01 
266 466 1.01 
266 477 3.01 
266 491 6.01 
327 132 2.01 
327 234 4.01 
327 386 12.01 
327 390 4.01 
327 406 9.01 
327 408 8.01 
327 451 18.009999999999998 
327 457 19.009999999999998 
327 474 34.01 
327 492 28.009999999999998 
327 500 107.00999999999999 
337 59 0.01 
337 77 1.01 
337 213 4.01 
337 277 2.01 
337 333 1.01 
337 478 5.01 
337 482 5.01 
337 492 18.009999999999998 
337 496 42.01 
337 497 34.01 
337 500 44.01 
73 25 0.01 
73 28 0.01 
73 109 0.01 
73 136 2.01 
73 227 0.01 
73 229 0.01 
73 306 0.01 
73 307 0.01 
73 437 2.01 
73 453 1.01 
73 462 2.01 
73 471 5.01 
109 1 0.01 
109 23 1.01 
109 62 0.01 
109 167 0.01 
109 235 2.01 
109 257 0.01 
109 343 0.01 
109 444 3.01 
109 445 1.01 
109 482 7.01 
109 484 6.01 
109 500 14.01 
136 23 3.01 
136 172 0.01 
136 283 1.01 
136 291 0.01 
136 314 0.01 
136 343 4.01 
136 380 4.01 
136 419 1.01 
136 433 2.01 
136 448 0.01 
136 488 6.01 
136 493 6.01 
229 29 2.01 
229 48 2.01 
229 178 3.01 
229 230 2.01 
229 302 1.01 
229 341 1.01 
229 392 3.01 
229 426 1.01 
229 461 3.01 
229 469 4.01 
229 478 9.01 
74 41 0.01 
74 216 0.01 
74 275 1.01 
74 302 0.01 
74 415 0.01 
74 421 2.01 
74 424 3.01 
74 436 2.01 
74 452 4.01 
74 459 4.01 
74 460 1.01 
74 482 11.01 
75 89 0.01 
75 127 0.01 
75 215 3.01 
75 265 0.01 
75 310 1.01 
75 337 1.01 
75 454 10.01 
75 496 26.009999999999998 
75 497 16.009999999999998 
75 498 17.009999999999998 
75 499 30.009999999999998 
75 500 50.01 
127 58 0.01 
127 117 0.01 
127 157 1.01 
127 266 1.01 
127 312 1.01 
127 445 4.01 
127 455 1.01 
127 470 3.01 
127 480 3.01 
127 486 4.01 
127 498 3.01 
127 500 19.009999999999998 
265 161 0.01 
265 214 1.01 
265 259 0.01 
265 364 4.01 
265 372 1.01 
265 398 3.01 
265 427 5.01 
265 440 2.01 
265 472 4.01 
265 487 9.01 
265 489 5.01 
310 13 1.01 
310 354 5.01 
310 384 4.01 
310 441 15.01 
310 442 5.01 
310 469 4.01 
310 484 21.009999999999998 
310 496 31.009999999999998 
310 498 35.01 
310 499 36.01 
310 500 68.00999999999999 
152 108 2.01 
152 228 2.01 
152 241 2.01 
152 265 1.01 
152 403 1.01 
152 407 0.01 
152 432 4.01 
152 436 1.01 
152 439 5.01 
152 449 4.01 
152 476 14.01 
152 485 7.01 
172 168 0.01 
172 236 2.01 
172 336 1.01 
172 393 1.01 
172 409 2.01 
172 413 2.01 
172 420 0.01 
172 448 1.01 
172 462 2.01 
172 488 6.01 
172 494 8.01 
172 495 10.01 
324 218 2.01 
324 360 3.01 
324 376 7.01 
324 396 1.01 
324 461 7.01 
324 473 19.009999999999998 
324 475 6.01 
324 482 14.01 
324 485 12.01 
324 489 13.01 
324 490 6.01 
77 24 0.01 
77 38 0.01 
77 295 1.01 
77 405 10.01 
77 450 9.01 
77 468 4.01 
77 474 5.01 
77 489 3.01 
77 496 7.01 
77 497 10.01 
77 499 19.009999999999998 
77 500 25.009999999999998 
405 53 1.01 
405 119 1.01 
405 346 4.01 
405 359 12.01 
405 386 14.01 
405 389 14.01 
405 406 22.009999999999998 
405 463 42.01 
405 492 43.01 
405 497 68.00999999999999 
405 500 173.01 
78 15 1.01 
78 315 3.01 
78 338 5.01 
78 410 18.009999999999998 
78 416 7.01 
78 451 11.01 
78 457 16.009999999999998 
78 492 20.009999999999998 
78 497 43.01 
78 498 52.01 
78 499 72.00999999999999 
78 500 97.00999999999999 
338 20 1.01 
338 26 0.01 
338 272 6.01 
338 299 6.01 
338 354 6.01 
338 414 7.01 
338 451 18.009999999999998 
338 456 5.01 
338 492 22.009999999999998 
338 496 61.01 
338 500 65.00999999999999 
79 94 0.01 
79 115 0.01 
79 210 1.01 
79 252 1.01 
79 318 0.01 
79 320 1.01 
79 447 2.01 
79 466 0.01 
79 469 1.01 
79 475 4.01 
79 478 0.01 
79 493 2.01 
94 1 0.01 
94 130 0.01 
94 152 0.01 
94 201 0.01 
94 306 0.01 
94 347 1.01 
94 373 0.01 
94 422 1.01 
94 453 0.01 
94 480 0.01 
94 491 2.01 
94 494 2.01 
115 41 0.01 
115 55 0.01 
115 69 1.01 
115 101 0.01 
115 131 1.01 
115 249 1.01 
115 328 0.01 
115 426 1.01 
115 436 3.01 
115 479 3.01 
115 487 6.01 
115 493 3.01 
252 4 1.01 
252 161 0.01 
252 190 1.01 
252 230 3.01 
252 305 5.01 
252 333 1.01 
252 416 5.01 
252 424 2.01 
252 477 4.01 
252 478 1.01 
252 481 3.01 
318 115 0.01 
318 156 1.01 
318 160 0.01 
318 249 0.01 
318 327 1.01 
318 342 1.01 
318 377 0.01 
318 431 1.01 
318 459 3.01 
318 469 3.01 
318 493 1.01 
122 188 8.01 
122 388 8.01 
122 408 4.01 
122 410 6.01 
122 450 10.01 
122 454 10.01 
122 457 7.01 
122 467 14.01 
122 468 9.01 
122 479 20.009999999999998 
122 492 12.01 
122 500 65.00999999999999 
102 7 0.01 
102 72 0.01 
102 74 1.01 
102 137 0.01 
102 179 1.01 
102 289 0.01 
102 300 0.01 
102 302 0.01 
102 329 4.01 
102 438 1.01 
102 460 1.01 
102 475 1.01 
128 25 1.01 
128 139 1.01 
128 221 0.01 
128 342 1.01 
128 371 5.01 
128 384 1.01 
128 403 1.01 
128 449 0.01 
128 472 0.01 
128 476 12.01 
128 489 7.01 
128 495 9.01 
195 125 0.01 
195 253 2.01 
195 286 3.01 
195 325 2.01 
195 347 1.01 
195 357 3.01 
195 368 2.01 
195 377 1.01 
195 385 1.01 
195 489 2.01 
195 497 12.01 
195 500 16.009999999999998 
325 118 2.01 
325 170 3.01 
325 384 11.01 
325 386 12.01 
325 402 7.01 
325 412 15.01 
325 440 13.01 
325 484 23.009999999999998 
325 492 50.01 
325 497 65.00999999999999 
325 500 119.00999999999999 
341 85 3.01 
341 132 1.01 
341 194 1.01 
341 199 3.01 
341 220 3.01 
341 299 1.01 
341 405 11.01 
341 442 6.01 
341 454 16.009999999999998 
341 463 23.009999999999998 
341 500 103.00999999999999 
85 16 1.01 
85 32 1.01 
85 38 0.01 
85 103 0.01 
85 309 4.01 
85 414 5.01 
85 451 8.01 
85 453 5.01 
85 472 1.01 
85 497 27.009999999999998 
85 498 35.01 
85 500 47.01 
103 72 0.01 
103 234 0.01 
103 250 2.01 
103 328 0.01 
103 332 1.01 
103 358 0.01 
103 361 2.01 
103 430 0.01 
103 450 7.01 
103 484 5.01 
103 498 5.01 
103 500 17.009999999999998 
138 16 0.01 
138 257 0.01 
138 263 2.01 
138 266 0.01 
138 273 0.01 
138 399 2.01 
138 409 2.01 
138 423 0.01 
138 445 0.01 
138 455 0.01 
138 486 2.01 
138 491 3.01 
88 58 1.01 
88 161 0.01 
88 187 0.01 
88 190 0.01 
88 318 1.01 
88 324 2.01 
88 331 1.01 
88 429 5.01 
88 481 1.01 
88 486 5.01 
88 493 4.01 
88 500 18.009999999999998 
161 4 0.01 
161 112 0.01 
161 226 0.01 
161 230 2.01 
161 330 0.01 
161 346 0.01 
161 355 2.01 
161 390 1.01 
161 447 5.01 
161 452 1.01 
161 478 4.01 
161 488 5.01 
190 15 1.01 
190 55 0.01 
190 62 0.01 
190 88 1.01 
190 135 0.01 
190 223 0.01 
190 342 0.01 
190 424 1.01 
190 459 4.01 
190 461 5.01 
190 478 5.01 
190 481 8.01 
331 8 1.01 
331 26 0.01 
331 130 1.01 
331 198 1.01 
331 252 2.01 
331 276 1.01 
331 278 0.01 
331 365 3.01 
331 436 3.01 
331 469 2.01 
331 476 2.01 
261 66 3.01 
261 87 3.01 
261 248 1.01 
261 304 0.01 
261 376 7.01 
261 423 2.01 
261 426 1.01 
261 458 9.01 
261 461 8.01 
261 465 6.01 
261 496 20.009999999999998 
321 110 0.01 
321 285 0.01 
321 411 5.01 
321 429 4.01 
321 441 8.01 
321 447 5.01 
321 452 4.01 
321 457 5.01 
321 460 11.01 
321 493 23.009999999999998 
321 498 22.009999999999998 
317 68 0.01 
317 70 1.01 
317 238 6.01 
317 254 0.01 
317 258 1.01 
317 271 0.01 
317 363 4.01 
317 437 10.01 
317 462 6.01 
317 463 8.01 
317 489 7.01 
248 186 0.01 
248 241 0.01 
248 295 1.01 
248 355 0.01 
248 372 1.01 
248 421 3.01 
248 431 3.01 
248 444 2.01 
248 458 4.01 
248 464 6.01 
248 495 12.01 
92 41 1.01 
92 173 0.01 
92 318 2.01 
92 372 1.01 
92 380 0.01 
92 427 1.01 
92 428 3.01 
92 436 0.01 
92 459 5.01 
92 469 1.01 
92 481 1.01 
92 493 5.01 
173 153 0.01 
173 179 0.01 
173 226 0.01 
173 278 2.01 
173 297 1.01 
173 363 0.01 
173 365 0.01 
173 426 1.01 
173 431 2.01 
173 452 3.01 
173 481 1.01 
173 490 2.01 
93 75 1.01 
93 180 6.01 
93 269 2.01 
93 299 1.01 
93 456 3.01 
93 474 4.01 
93 479 12.01 
93 484 6.01 
93 497 6.01 
93 498 14.01 
93 499 20.009999999999998 
93 500 27.009999999999998 
130 115 0.01 
130 117 1.01 
130 143 0.01 
130 434 4.01 
130 438 2.01 
130 439 1.01 
130 447 3.01 
130 454 2.01 
130 460 2.01 
130 478 7.01 
130 481 2.01 
130 492 6.01 
211 15 1.01 
211 233 3.01 
211 255 5.01 
211 323 7.01 
211 406 12.01 
211 447 5.01 
211 457 19.009999999999998 
211 487 6.01 
211 496 44.01 
211 498 61.01 
211 500 98.00999999999999 
296 2 1.01 
296 3 0.01 
296 111 0.01 
296 243 1.01 
296 356 3.01 
296 374 8.01 
296 406 3.01 
296 433 2.01 
296 470 0.01 
296 471 8.01 
296 486 12.01 
395 81 0.01 
395 198 0.01 
395 286 1.01 
395 289 0.01 
395 336 2.01 
395 349 2.01 
395 381 1.01 
395 480 15.01 
395 482 10.01 
395 494 18.009999999999998 
395 500 38.01 
96 134 0.01 
96 280 1.01 
96 336 0.01 
96 376 0.01 
96 395 3.01 
96 413 1.01 
96 437 1.01 
96 444 1.01 
96 448 5.01 
96 470 0.01 
96 486 6.01 
96 494 8.01 
97 2 0.01 
97 59 0.01 
97 167 0.01 
97 240 0.01 
97 327 1.01 
97 357 2.01 
97 358 1.01 
97 413 2.01 
97 449 2.01 
97 462 4.01 
97 466 3.01 
97 480 5.01 
167 59 3.01 
167 105 0.01 
167 162 1.01 
167 164 0.01 
167 166 0.01 
167 171 1.01 
167 326 1.01 
167 335 1.01 
167 357 2.01 
167 448 3.01 
167 471 4.01 
167 488 4.01 
240 97 2.01 
240 177 2.01 
240 221 2.01 
240 288 0.01 
240 298 1.01 
240 357 6.01 
240 395 4.01 
240 445 6.01 
240 453 7.01 
240 486 15.01 
240 494 5.01 
357 240 5.01 
357 266 2.01 
357 288 4.01 
357 300 2.01 
357 306 3.01 
357 380 1.01 
357 477 9.01 
357 480 9.01 
357 491 20.009999999999998 
357 494 21.009999999999998 
357 496 30.009999999999998 
364 378 5.01 
364 389 4.01 
364 415 8.01 
364 423 5.01 
364 431 4.01 
364 439 8.01 
364 462 3.01 
364 464 9.01 
364 489 22.009999999999998 
364 495 17.009999999999998 
364 496 45.01 
99 126 3.01 
99 145 1.01 
99 177 1.01 
99 237 2.01 
99 303 2.01 
99 335 3.01 
99 421 9.01 
99 440 2.01 
99 461 4.01 
99 472 6.01 
99 483 4.01 
99 489 17.009999999999998 
126 21 0.01 
126 66 0.01 
126 299 1.01 
126 369 1.01 
126 393 1.01 
126 404 0.01 
126 427 5.01 
126 439 1.01 
126 443 3.01 
126 465 4.01 
126 489 2.01 
126 490 5.01 
177 171 1.01 
177 217 0.01 
177 226 0.01 
177 297 0.01 
177 409 2.01 
177 419 2.01 
177 426 1.01 
177 437 1.01 
177 445 3.01 
177 448 1.01 
177 489 5.01 
177 491 4.01 
335 42 1.01 
335 61 2.01 
335 148 1.01 
335 227 3.01 
335 253 2.01 
335 261 2.01 
335 269 3.01 
335 382 3.01 
335 400 7.01 
335 422 9.01 
335 477 9.01 
101 208 1.01 
101 213 0.01 
101 294 5.01 
101 371 3.01 
101 374 4.01 
101 482 5.01 
101 483 8.01 
101 492 3.01 
101 496 7.01 
101 497 12.01 
101 499 27.009999999999998 
101 500 27.009999999999998 
374 95 7.01 
374 122 5.01 
374 151 0.01 
374 172 1.01 
374 292 2.01 
374 310 2.01 
374 390 5.01 
374 417 7.01 
374 496 24.009999999999998 
374 497 66.00999999999999 
374 500 110.00999999999999 
179 36 3.01 
179 163 0.01 
179 271 2.01 
179 295 0.01 
179 307 1.01 
179 345 0.01 
179 428 3.01 
179 436 0.01 
179 451 4.01 
179 460 3.01 
179 481 7.01 
179 486 3.01 
328 3 2.01 
328 93 2.01 
328 314 1.01 
328 324 1.01 
328 332 5.01 
328 423 5.01 
328 456 15.01 
328 482 16.009999999999998 
328 483 22.009999999999998 
328 497 26.009999999999998 
328 500 34.01 
292 80 3.01 
292 101 1.01 
292 170 0.01 
292 326 2.01 
292 410 6.01 
292 416 10.01 
292 430 10.01 
292 467 7.01 
292 483 14.01 
292 492 16.009999999999998 
292 500 64.00999999999999 
174 17 1.01 
174 127 1.01 
174 167 0.01 
174 177 1.01 
174 293 3.01 
174 319 0.01 
174 350 1.01 
174 386 2.01 
174 400 2.01 
174 409 1.01 
174 477 4.01 
174 500 10.01 
262 60 0.01 
262 90 1.01 
262 112 0.01 
262 138 0.01 
262 164 1.01 
262 240 3.01 
262 292 0.01 
262 445 2.01 
262 455 3.01 
262 480 17.009999999999998 
262 490 8.01 
396 87 2.01 
396 109 1.01 
396 223 4.01 
396 248 1.01 
396 435 8.01 
396 442 4.01 
396 461 7.01 
396 465 10.01 
396 487 9.01 
396 489 17.009999999999998 
396 495 15.01 
223 31 0.01 
223 50 1.01 
223 174 2.01 
223 247 2.01 
223 251 1.01 
223 336 1.01 
223 339 5.01 
223 364 4.01 
223 461 5.01 
223 485 11.01 
223 487 12.01 
108 152 1.01 
108 168 0.01 
108 255 1.01 
108 353 2.01 
108 366 2.01 
108 391 2.01 
108 407 1.01 
108 415 4.01 
108 431 4.01 
108 476 10.01 
108 489 6.01 
108 490 6.01 
391 50 2.01 
391 52 3.01 
391 82 1.01 
391 189 3.01 
391 339 5.01 
391 353 4.01 
391 362 8.01 
391 364 7.01 
391 371 4.01 
391 449 7.01 
391 499 44.01 
257 23 2.01 
257 63 0.01 
257 166 2.01 
257 308 1.01 
257 312 1.01 
257 329 0.01 
257 356 4.01 
257 358 2.01 
257 445 6.01 
257 480 18.009999999999998 
257 486 14.01 
111 1 0.01 
111 67 0.01 
111 109 2.01 
111 157 1.01 
111 162 0.01 
111 270 1.01 
111 373 2.01 
111 390 3.01 
111 394 1.01 
111 443 6.01 
111 445 2.01 
111 453 2.01 
157 58 0.01 
157 263 0.01 
157 306 1.01 
157 350 3.01 
157 396 2.01 
157 401 0.01 
157 409 0.01 
157 419 7.01 
157 446 3.01 
157 455 2.01 
157 480 4.01 
157 489 7.01 
112 54 0.01 
112 92 1.01 
112 109 4.01 
112 137 0.01 
112 164 1.01 
112 202 0.01 
112 268 1.01 
112 382 4.01 
112 400 3.01 
112 433 0.01 
112 455 1.01 
112 488 4.01 
117 54 0.01 
117 166 0.01 
117 210 0.01 
117 249 0.01 
117 271 0.01 
117 331 0.01 
117 381 0.01 
117 411 0.01 
117 459 0.01 
117 478 2.01 
117 493 7.01 
117 495 2.01 
281 139 0.01 
281 211 4.01 
281 413 2.01 
281 430 3.01 
281 450 17.009999999999998 
281 463 20.009999999999998 
281 484 16.009999999999998 
281 490 7.01 
281 492 15.01 
281 499 37.01 
281 500 54.01 
131 150 1.01 
131 165 0.01 
131 264 1.01 
131 330 1.01 
131 331 1.01 
131 381 1.01 
131 424 4.01 
131 436 2.01 
131 442 1.01 
131 481 7.01 
131 493 5.01 
131 500 14.01 
166 40 0.01 
166 55 0.01 
166 94 0.01 
166 193 1.01 
166 202 0.01 
166 258 2.01 
166 373 3.01 
166 382 1.01 
166 398 1.01 
166 413 3.01 
166 448 2.01 
166 488 10.01 
271 29 0.01 
271 106 1.01 
271 146 1.01 
271 307 2.01 
271 315 0.01 
271 419 4.01 
271 445 3.01 
271 459 1.01 
271 475 3.01 
271 478 4.01 
271 494 11.01 
120 82 1.01 
120 232 1.01 
120 291 2.01 
120 401 0.01 
120 461 4.01 
120 465 3.01 
120 487 4.01 
120 488 1.01 
120 490 8.01 
120 491 4.01 
120 495 5.01 
120 497 6.01 
124 98 1.01 
124 157 0.01 
124 223 1.01 
124 308 1.01 
124 364 5.01 
124 377 3.01 
124 437 3.01 
124 449 6.01 
124 465 9.01 
124 472 9.01 
124 473 3.01 
124 487 13.01 
125 73 1.01 
125 79 0.01 
125 105 0.01 
125 308 0.01 
125 322 1.01 
125 331 0.01 
125 395 0.01 
125 446 4.01 
125 470 2.01 
125 474 5.01 
125 485 1.01 
125 495 1.01 
221 126 0.01 
221 155 2.01 
221 330 0.01 
221 398 1.01 
221 401 0.01 
221 432 4.01 
221 449 2.01 
221 458 4.01 
221 476 7.01 
221 487 9.01 
221 496 9.01 
256 26 4.01 
256 165 0.01 
256 212 4.01 
256 229 1.01 
256 233 0.01 
256 257 2.01 
256 411 3.01 
256 413 3.01 
256 452 3.01 
256 477 2.01 
256 499 20.009999999999998 
165 135 1.01 
165 141 1.01 
165 154 0.01 
165 156 1.01 
165 161 1.01 
165 264 3.01 
165 276 2.01 
165 365 3.01 
165 425 0.01 
165 452 8.01 
165 481 5.01 
165 483 10.01 
264 57 0.01 
264 117 2.01 
264 120 1.01 
264 198 0.01 
264 226 0.01 
264 330 3.01 
264 379 1.01 
264 434 5.01 
264 469 2.01 
264 475 5.01 
264 480 4.01 
135 46 1.01 
135 226 0.01 
135 271 0.01 
135 331 0.01 
135 377 3.01 
135 381 1.01 
135 392 2.01 
135 424 0.01 
135 425 3.01 
135 460 2.01 
135 477 0.01 
135 478 2.01 
283 203 1.01 
283 297 0.01 
283 322 0.01 
283 354 2.01 
283 392 0.01 
283 422 5.01 
283 446 2.01 
283 448 4.01 
283 471 14.01 
283 491 16.009999999999998 
283 494 19.009999999999998 
230 163 0.01 
230 169 1.01 
230 381 4.01 
230 385 2.01 
230 401 1.01 
230 412 0.01 
230 438 2.01 
230 478 6.01 
230 492 11.01 
230 493 7.01 
230 495 6.01 
263 204 0.01 
263 243 0.01 
263 274 1.01 
263 293 2.01 
263 310 0.01 
263 312 0.01 
263 344 2.01 
263 350 2.01 
263 399 0.01 
263 459 1.01 
263 488 7.01 
245 94 0.01 
245 114 0.01 
245 225 0.01 
245 238 3.01 
245 284 0.01 
245 335 6.01 
245 455 2.01 
245 480 9.01 
245 488 5.01 
245 491 7.01 
245 495 7.01 
141 34 0.01 
141 209 2.01 
141 210 1.01 
141 227 0.01 
141 241 1.01 
141 302 1.01 
141 379 0.01 
141 424 1.01 
141 435 3.01 
141 447 8.01 
141 478 5.01 
141 493 6.01 
191 37 0.01 
191 98 2.01 
191 313 2.01 
191 360 4.01 
191 377 3.01 
191 421 4.01 
191 435 2.01 
191 472 7.01 
191 473 7.01 
191 489 15.01 
191 495 5.01 
191 500 24.009999999999998 
144 8 2.01 
144 232 1.01 
144 238 2.01 
144 267 2.01 
144 275 0.01 
144 334 2.01 
144 352 0.01 
144 398 7.01 
144 431 6.01 
144 476 19.009999999999998 
144 490 8.01 
144 493 8.01 
146 34 1.01 
146 178 2.01 
146 228 3.01 
146 252 0.01 
146 282 1.01 
146 288 0.01 
146 329 0.01 
146 355 0.01 
146 425 4.01 
146 459 7.01 
146 481 4.01 
146 493 3.01 
228 66 0.01 
228 76 2.01 
228 222 1.01 
228 279 2.01 
228 401 3.01 
228 423 6.01 
228 431 4.01 
228 433 2.01 
228 486 11.01 
228 490 15.01 
228 491 6.01 
220 207 1.01 
220 383 5.01 
220 408 7.01 
220 420 9.01 
220 450 9.01 
220 458 5.01 
220 463 12.01 
220 476 5.01 
220 498 48.01 
220 499 22.009999999999998 
220 500 40.01 
272 11 4.01 
272 118 4.01 
272 380 3.01 
272 433 7.01 
272 474 29.009999999999998 
272 492 31.009999999999998 
272 496 35.01 
272 497 63.01 
272 498 46.01 
272 499 58.01 
272 500 111.00999999999999 
197 68 0.01 
197 147 0.01 
197 157 1.01 
197 171 1.01 
197 343 0.01 
197 363 0.01 
197 424 0.01 
197 433 7.01 
197 435 1.01 
197 446 3.01 
197 477 6.01 
197 479 4.01 
156 102 1.01 
156 252 0.01 
156 321 0.01 
156 355 0.01 
156 385 1.01 
156 397 2.01 
156 403 1.01 
156 428 5.01 
156 475 3.01 
156 481 2.01 
156 493 4.01 
156 494 1.01 
159 220 2.01 
159 328 2.01 
159 362 5.01 
159 375 3.01 
159 402 4.01 
159 454 8.01 
159 466 2.01 
159 467 2.01 
159 484 8.01 
159 498 22.009999999999998 
159 499 20.009999999999998 
159 500 29.009999999999998 
305 355 1.01 
305 379 3.01 
305 411 3.01 
305 429 8.01 
305 447 13.01 
305 452 6.01 
305 468 9.01 
305 478 7.01 
305 481 11.01 
305 487 4.01 
305 496 37.01 
346 137 0.01 
346 153 2.01 
346 161 2.01 
346 175 3.01 
346 319 1.01 
346 385 2.01 
346 425 5.01 
346 429 4.01 
346 459 7.01 
346 471 10.01 
346 475 7.01 
163 160 0.01 
163 285 1.01 
163 305 2.01 
163 313 2.01 
163 320 2.01 
163 372 0.01 
163 397 0.01 
163 405 6.01 
163 447 3.01 
163 460 3.01 
163 478 8.01 
163 493 4.01 
259 97 0.01 
259 263 0.01 
259 293 1.01 
259 343 0.01 
259 413 4.01 
259 470 3.01 
259 486 12.01 
259 488 12.01 
259 491 16.009999999999998 
259 499 28.009999999999998 
259 500 31.009999999999998 
176 6 1.01 
176 30 2.01 
176 37 0.01 
176 98 0.01 
176 197 1.01 
176 228 2.01 
176 248 0.01 
176 352 3.01 
176 391 4.01 
176 443 1.01 
176 468 3.01 
176 472 2.01 
194 16 1.01 
194 93 3.01 
194 131 1.01 
194 314 3.01 
194 315 0.01 
194 337 3.01 
194 370 3.01 
194 414 3.01 
194 455 3.01 
194 467 16.009999999999998 
194 499 40.01 
194 500 52.01 
196 68 0.01 
196 283 1.01 
196 288 2.01 
196 339 0.01 
196 349 3.01 
196 359 0.01 
196 393 4.01 
196 404 3.01 
196 455 0.01 
196 465 5.01 
196 470 3.01 
196 490 6.01 
253 70 2.01 
253 283 1.01 
253 315 0.01 
253 347 5.01 
253 349 0.01 
253 375 6.01 
253 395 1.01 
253 437 4.01 
253 471 8.01 
253 477 3.01 
253 486 10.01 
339 45 2.01 
339 64 6.01 
339 214 1.01 
339 324 1.01 
339 337 0.01 
339 371 5.01 
339 372 2.01 
339 407 3.01 
339 410 5.01 
339 473 9.01 
339 495 15.01 
199 69 0.01 
199 231 1.01 
199 299 0.01 
199 389 7.01 
199 405 5.01 
199 406 9.01 
199 414 3.01 
199 463 12.01 
199 492 11.01 
199 496 29.009999999999998 
199 499 42.01 
199 500 38.01 
200 33 1.01 
200 199 4.01 
200 244 3.01 
200 288 2.01 
200 309 2.01 
200 338 3.01 
200 395 0.01 
200 418 3.01 
200 463 13.01 
200 476 5.01 
200 498 22.009999999999998 
200 500 45.01 
205 78 7.01 
205 184 0.01 
205 214 0.01 
205 239 2.01 
205 250 1.01 
205 299 1.01 
205 362 6.01 
205 384 7.01 
205 451 8.01 
205 456 7.01 
205 474 8.01 
205 500 41.01 
