1 95 0.01 
1 319 0.01 
1 340 1.01 
1 365 2.01 
1 406 0.01 
1 462 0.01 
1 465 1.01 
1 475 0.01 
1 496 1.01 
1 497 2.01 
1 499 1.01 
1 500 5.01 
95 18 0.01 
95 42 0.01 
95 165 0.01 
95 229 0.01 
95 258 0.01 
95 286 0.01 
95 406 0.01 
95 423 0.01 
95 440 0.01 
95 451 1.01 
95 454 0.01 
95 500 3.01 
319 35 0.01 
319 98 0.01 
319 193 0.01 
319 324 0.01 
319 354 0.01 
319 393 1.01 
319 397 1.01 
319 436 0.01 
319 448 0.01 
319 497 3.01 
319 499 3.01 
319 500 7.01 
340 64 0.01 
340 86 0.01 
340 109 0.01 
340 120 0.01 
340 128 0.01 
340 259 0.01 
340 280 0.01 
340 321 0.01 
340 478 0.01 
340 496 3.01 
340 497 3.01 
340 500 3.01 
365 41 0.01 
365 69 0.01 
365 231 0.01 
365 285 0.01 
365 378 1.01 
365 397 0.01 
365 442 1.01 
365 454 1.01 
365 478 2.01 
365 484 0.01 
365 495 2.01 
365 500 10.01 
406 33 0.01 
406 53 0.01 
406 59 0.01 
406 150 0.01 
406 179 0.01 
406 204 0.01 
406 328 0.01 
406 370 0.01 
406 378 0.01 
406 391 0.01 
406 420 1.01 
406 454 1.01 
462 19 1.01 
462 89 0.01 
462 197 0.01 
462 241 0.01 
462 259 0.01 
462 370 1.01 
462 459 3.01 
462 466 0.01 
462 496 4.01 
462 499 9.01 
462 500 7.01 
465 144 0.01 
465 300 0.01 
465 361 2.01 
465 369 0.01 
465 382 2.01 
465 402 0.01 
465 450 2.01 
465 483 3.01 
465 489 0.01 
465 491 5.01 
465 492 4.01 
475 7 1.01 
475 321 0.01 
475 342 3.01 
475 370 1.01 
475 402 3.01 
475 410 2.01 
475 423 6.01 
475 445 2.01 
475 466 2.01 
475 499 10.01 
475 500 15.01 
496 15 1.01 
496 213 3.01 
496 305 2.01 
496 324 5.01 
496 380 3.01 
496 439 2.01 
496 448 9.01 
496 468 10.01 
496 473 6.01 
496 479 8.01 
496 485 5.01 
497 147 2.01 
497 217 0.01 
497 230 2.01 
497 368 2.01 
497 387 4.01 
497 402 3.01 
497 448 5.01 
497 478 12.01 
497 496 16.009999999999998 
497 499 19.009999999999998 
497 500 29.009999999999998 
499 91 1.01 
499 194 2.01 
499 357 2.01 
499 366 5.01 
499 385 6.01 
499 387 5.01 
499 409 7.01 
499 456 6.01 
499 458 3.01 
499 479 9.01 
499 497 20.009999999999998 
500 214 3.01 
500 259 3.01 
500 375 5.01 
500 393 3.01 
500 431 7.01 
500 445 4.01 
500 471 14.01 
500 488 5.01 
500 496 26.009999999999998 
500 497 28.009999999999998 
500 499 38.01 
2 79 0.01 
2 141 0.01 
2 264 0.01 
2 272 0.01 
2 304 0.01 
2 369 0.01 
2 388 0.01 
2 452 0.01 
2 469 0.01 
2 483 0.01 
2 487 2.01 
2 491 1.01 
79 142 0.01 
79 146 0.01 
79 245 0.01 
79 318 0.01 
79 345 0.01 
79 352 0.01 
79 433 0.01 
79 464 0.01 
79 465 0.01 
79 487 0.01 
79 492 4.01 
79 496 3.01 
141 16 0.01 
141 300 0.01 
141 315 0.01 
141 349 0.01 
141 408 0.01 
141 464 1.01 
141 476 0.01 
141 477 0.01 
141 483 1.01 
141 489 0.01 
141 491 1.01 
141 492 3.01 
264 20 0.01 
264 151 0.01 
264 249 0.01 
264 313 0.01 
264 335 1.01 
264 474 0.01 
264 483 2.01 
264 487 0.01 
264 489 3.01 
264 491 1.01 
264 492 4.01 
264 494 1.01 
272 84 0.01 
272 109 0.01 
272 291 1.01 
272 345 0.01 
272 352 1.01 
272 394 0.01 
272 416 2.01 
272 482 2.01 
272 483 1.01 
272 491 3.01 
272 492 4.01 
272 499 4.01 
304 221 0.01 
304 227 0.01 
304 243 0.01 
304 275 1.01 
304 297 1.01 
304 373 1.01 
304 398 1.01 
304 460 0.01 
304 474 2.01 
304 482 3.01 
304 494 2.01 
304 495 5.01 
369 99 1.01 
369 103 0.01 
369 212 0.01 
369 242 2.01 
369 343 1.01 
369 352 0.01 
369 386 0.01 
369 425 0.01 
369 447 2.01 
369 455 1.01 
369 476 0.01 
369 492 2.01 
388 142 1.01 
388 170 0.01 
388 291 0.01 
388 313 0.01 
388 347 0.01 
388 386 1.01 
388 415 0.01 
388 452 1.01 
388 455 1.01 
388 465 0.01 
388 477 2.01 
388 483 3.01 
452 63 0.01 
452 82 0.01 
452 190 0.01 
452 222 0.01 
452 272 1.01 
452 282 1.01 
452 383 1.01 
452 424 1.01 
452 469 6.01 
452 489 7.01 
452 491 5.01 
469 3 3.01 
469 187 1.01 
469 200 1.01 
469 272 0.01 
469 369 1.01 
469 388 1.01 
469 481 2.01 
469 482 7.01 
469 487 3.01 
469 491 2.01 
469 492 10.01 
483 99 1.01 
483 167 0.01 
483 203 2.01 
483 314 1.01 
483 416 0.01 
483 425 5.01 
483 433 6.01 
483 453 6.01 
483 464 5.01 
483 477 4.01 
483 492 7.01 
487 79 1.01 
487 159 0.01 
487 222 1.01 
487 364 2.01 
487 408 1.01 
487 464 9.01 
487 476 1.01 
487 482 10.01 
487 489 9.01 
487 491 4.01 
487 492 6.01 
491 8 0.01 
491 20 2.01 
491 21 0.01 
491 187 0.01 
491 382 1.01 
491 424 0.01 
491 455 5.01 
491 469 6.01 
491 483 6.01 
491 487 6.01 
491 488 1.01 
3 245 0.01 
3 308 1.01 
3 323 1.01 
3 337 0.01 
3 344 1.01 
3 408 3.01 
3 415 0.01 
3 433 0.01 
3 476 0.01 
3 487 3.01 
3 489 2.01 
3 491 1.01 
245 178 0.01 
245 198 0.01 
245 262 0.01 
245 314 0.01 
245 361 1.01 
245 364 0.01 
245 376 0.01 
245 388 0.01 
245 408 1.01 
245 415 0.01 
245 416 0.01 
245 476 1.01 
308 119 1.01 
308 178 0.01 
308 203 0.01 
308 291 0.01 
308 414 0.01 
308 416 0.01 
308 424 1.01 
308 455 0.01 
308 483 1.01 
308 487 1.01 
308 489 2.01 
308 491 2.01 
323 34 0.01 
323 135 1.01 
323 252 0.01 
323 364 0.01 
323 384 0.01 
323 388 0.01 
323 416 1.01 
323 455 0.01 
323 465 3.01 
323 472 0.01 
323 482 3.01 
323 489 3.01 
337 13 0.01 
337 208 0.01 
337 288 2.01 
337 332 0.01 
337 356 0.01 
337 392 1.01 
337 401 1.01 
337 474 2.01 
337 484 0.01 
337 487 0.01 
337 490 3.01 
337 495 2.01 
344 99 0.01 
344 119 0.01 
344 135 0.01 
344 138 0.01 
344 151 0.01 
344 269 0.01 
344 400 1.01 
344 416 0.01 
344 428 0.01 
344 430 1.01 
344 489 2.01 
344 492 3.01 
408 102 0.01 
408 231 0.01 
408 252 0.01 
408 295 1.01 
408 323 1.01 
408 416 2.01 
408 452 0.01 
408 469 1.01 
408 476 1.01 
408 487 0.01 
408 489 2.01 
408 492 4.01 
415 75 0.01 
415 122 0.01 
415 250 0.01 
415 269 0.01 
415 344 3.01 
415 388 0.01 
415 425 0.01 
415 429 0.01 
415 452 0.01 
415 464 1.01 
415 483 2.01 
415 492 2.01 
433 167 1.01 
433 278 2.01 
433 318 1.01 
433 323 1.01 
433 349 2.01 
433 424 1.01 
433 447 1.01 
433 452 0.01 
433 455 1.01 
433 456 1.01 
433 464 3.01 
433 492 2.01 
476 250 0.01 
476 330 0.01 
476 384 1.01 
476 406 0.01 
476 416 0.01 
476 452 1.01 
476 455 2.01 
476 477 2.01 
476 482 6.01 
476 489 4.01 
476 491 7.01 
489 115 1.01 
489 178 1.01 
489 190 0.01 
489 212 0.01 
489 249 0.01 
489 272 1.01 
489 323 1.01 
489 482 9.01 
489 487 5.01 
489 491 14.01 
489 496 2.01 
4 56 0.01 
4 88 0.01 
4 190 0.01 
4 247 0.01 
4 277 0.01 
4 328 1.01 
4 377 0.01 
4 412 0.01 
4 439 0.01 
4 460 0.01 
4 467 0.01 
4 495 0.01 
56 236 0.01 
56 270 0.01 
56 304 0.01 
56 381 0.01 
56 401 0.01 
56 417 0.01 
56 439 0.01 
56 444 0.01 
56 484 0.01 
56 494 1.01 
56 495 1.01 
56 499 1.01 
88 108 0.01 
88 209 0.01 
88 285 0.01 
88 298 0.01 
88 332 0.01 
88 383 0.01 
88 405 0.01 
88 411 0.01 
88 412 1.01 
88 460 0.01 
88 494 0.01 
88 495 1.01 
190 82 1.01 
190 96 1.01 
190 282 1.01 
190 415 1.01 
190 447 1.01 
190 463 0.01 
190 476 1.01 
190 477 3.01 
190 479 0.01 
190 487 3.01 
190 489 1.01 
190 492 2.01 
247 78 1.01 
247 255 1.01 
247 288 0.01 
247 298 0.01 
247 356 0.01 
247 385 0.01 
247 426 0.01 
247 467 1.01 
247 476 0.01 
247 484 2.01 
247 489 0.01 
247 490 1.01 
277 88 0.01 
277 102 0.01 
277 165 0.01 
277 185 0.01 
277 337 0.01 
277 377 0.01 
277 379 1.01 
277 381 1.01 
277 407 0.01 
277 426 2.01 
277 468 0.01 
277 495 0.01 
328 27 0.01 
328 158 0.01 
328 236 2.01 
328 306 0.01 
328 369 0.01 
328 384 1.01 
328 389 0.01 
328 392 2.01 
328 407 0.01 
328 439 0.01 
328 444 1.01 
328 495 2.01 
377 37 1.01 
377 137 0.01 
377 209 0.01 
377 235 0.01 
377 277 1.01 
377 348 0.01 
377 372 0.01 
377 381 0.01 
377 412 0.01 
377 444 1.01 
377 493 0.01 
377 494 3.01 
412 11 0.01 
412 56 0.01 
412 177 0.01 
412 389 0.01 
412 392 0.01 
412 398 1.01 
412 401 0.01 
412 411 1.01 
412 428 1.01 
412 439 6.01 
412 484 0.01 
412 490 2.01 
439 26 0.01 
439 108 0.01 
439 180 0.01 
439 273 2.01 
439 277 0.01 
439 279 1.01 
439 306 2.01 
439 398 1.01 
439 417 1.01 
439 444 3.01 
439 461 1.01 
460 4 0.01 
460 37 0.01 
460 304 1.01 
460 381 2.01 
460 405 1.01 
460 449 0.01 
460 451 1.01 
460 474 2.01 
460 477 0.01 
460 490 2.01 
460 495 5.01 
467 156 2.01 
467 275 2.01 
467 317 1.01 
467 337 1.01 
467 356 0.01 
467 417 3.01 
467 433 1.01 
467 434 2.01 
467 439 2.01 
467 495 7.01 
467 497 4.01 
495 17 0.01 
495 216 1.01 
495 230 0.01 
495 273 1.01 
495 275 2.01 
495 287 3.01 
495 337 2.01 
495 372 2.01 
495 398 0.01 
495 457 4.01 
495 490 7.01 
5 1 0.01 
5 19 0.01 
5 98 0.01 
5 171 0.01 
5 263 0.01 
5 403 0.01 
5 409 0.01 
5 410 0.01 
5 470 1.01 
5 496 1.01 
5 499 4.01 
5 500 2.01 
19 115 0.01 
19 116 0.01 
19 179 0.01 
19 229 0.01 
19 367 0.01 
19 385 1.01 
19 391 1.01 
19 406 1.01 
19 473 0.01 
19 475 0.01 
19 499 0.01 
19 500 1.01 
98 233 0.01 
98 380 0.01 
98 396 0.01 
98 423 0.01 
98 456 1.01 
98 468 0.01 
98 473 0.01 
98 478 0.01 
98 496 1.01 
98 497 0.01 
98 499 1.01 
98 500 0.01 
171 54 0.01 
171 86 0.01 
171 121 0.01 
171 278 0.01 
171 329 0.01 
171 406 0.01 
171 442 0.01 
171 454 0.01 
171 470 0.01 
171 497 5.01 
171 499 2.01 
171 500 0.01 
263 7 0.01 
263 77 0.01 
263 241 0.01 
263 280 0.01 
263 368 0.01 
263 375 1.01 
263 406 1.01 
263 418 0.01 
263 421 0.01 
263 478 0.01 
263 494 1.01 
263 500 2.01 
403 107 0.01 
403 140 0.01 
403 268 1.01 
403 316 1.01 
403 320 0.01 
403 333 1.01 
403 343 0.01 
403 375 0.01 
403 435 3.01 
403 441 0.01 
403 472 1.01 
403 498 2.01 
409 74 0.01 
409 188 2.01 
409 241 0.01 
409 290 0.01 
409 329 1.01 
409 340 1.01 
409 371 0.01 
409 495 0.01 
409 497 3.01 
409 498 4.01 
409 499 4.01 
409 500 14.01 
410 5 0.01 
410 265 1.01 
410 334 1.01 
410 354 0.01 
410 431 2.01 
410 438 3.01 
410 469 2.01 
410 485 1.01 
410 496 4.01 
410 497 3.01 
410 499 4.01 
410 500 3.01 
470 46 2.01 
470 73 2.01 
470 188 1.01 
470 334 2.01 
470 459 4.01 
470 471 3.01 
470 478 4.01 
470 479 7.01 
470 492 1.01 
470 499 13.01 
470 500 16.009999999999998 
6 93 0.01 
6 111 0.01 
6 228 0.01 
6 240 0.01 
6 243 1.01 
6 330 0.01 
6 394 0.01 
6 447 1.01 
6 452 0.01 
6 482 0.01 
6 483 0.01 
6 489 1.01 
93 250 0.01 
93 298 0.01 
93 335 0.01 
93 344 0.01 
93 345 0.01 
93 359 0.01 
93 376 0.01 
93 386 0.01 
93 429 0.01 
93 465 0.01 
93 476 1.01 
93 492 1.01 
111 80 0.01 
111 313 0.01 
111 352 0.01 
111 382 0.01 
111 394 0.01 
111 429 0.01 
111 451 0.01 
111 476 1.01 
111 482 1.01 
111 487 0.01 
111 489 0.01 
111 491 1.01 
228 22 0.01 
228 68 0.01 
228 142 0.01 
228 262 0.01 
228 299 0.01 
228 344 0.01 
228 376 1.01 
228 465 1.01 
228 469 1.01 
228 487 2.01 
228 491 2.01 
228 492 0.01 
240 19 2.01 
240 204 1.01 
240 271 0.01 
240 296 1.01 
240 418 0.01 
240 454 1.01 
240 462 0.01 
240 473 1.01 
240 478 1.01 
240 497 2.01 
240 499 1.01 
240 500 4.01 
243 25 0.01 
243 40 0.01 
243 56 0.01 
243 169 0.01 
243 197 0.01 
243 208 0.01 
243 270 0.01 
243 411 0.01 
243 460 3.01 
243 474 1.01 
243 490 0.01 
243 494 1.01 
330 93 1.01 
330 249 0.01 
330 286 0.01 
330 291 1.01 
330 388 0.01 
330 433 3.01 
330 447 1.01 
330 464 1.01 
330 483 0.01 
330 489 0.01 
330 491 2.01 
330 492 0.01 
394 6 0.01 
394 63 0.01 
394 107 0.01 
394 138 0.01 
394 222 0.01 
394 355 2.01 
394 400 1.01 
394 424 1.01 
394 477 1.01 
394 482 2.01 
394 489 1.01 
394 491 3.01 
447 16 0.01 
447 139 1.01 
447 141 1.01 
447 146 0.01 
447 232 0.01 
447 314 1.01 
447 330 1.01 
447 424 0.01 
447 425 1.01 
447 439 1.01 
447 487 7.01 
482 142 1.01 
482 264 1.01 
482 308 1.01 
482 376 0.01 
482 408 0.01 
482 410 2.01 
482 455 3.01 
482 477 9.01 
482 483 8.01 
482 487 8.01 
482 492 7.01 
7 10 0.01 
7 179 0.01 
7 240 0.01 
7 285 0.01 
7 334 0.01 
7 375 0.01 
7 440 0.01 
7 445 2.01 
7 496 4.01 
7 497 1.01 
7 499 2.01 
7 500 3.01 
10 38 0.01 
10 366 0.01 
10 390 0.01 
10 395 0.01 
10 431 0.01 
10 454 0.01 
10 462 1.01 
10 468 1.01 
10 470 1.01 
10 496 1.01 
10 499 2.01 
10 500 1.01 
179 59 0.01 
179 74 0.01 
179 271 0.01 
179 340 0.01 
179 396 0.01 
179 421 0.01 
179 453 0.01 
179 462 0.01 
179 478 0.01 
179 497 1.01 
179 499 1.01 
179 500 3.01 
285 24 1.01 
285 67 0.01 
285 91 0.01 
285 128 0.01 
285 370 0.01 
285 422 0.01 
285 468 1.01 
285 470 2.01 
285 475 0.01 
285 497 4.01 
285 499 1.01 
285 500 3.01 
334 33 0.01 
334 148 0.01 
334 205 0.01 
334 233 0.01 
334 410 1.01 
334 423 0.01 
334 475 2.01 
334 479 2.01 
334 496 2.01 
334 497 3.01 
334 499 7.01 
334 500 1.01 
375 60 1.01 
375 194 1.01 
375 199 2.01 
375 368 0.01 
375 378 1.01 
375 385 2.01 
375 397 0.01 
375 410 2.01 
375 459 0.01 
375 466 0.01 
375 475 3.01 
375 500 2.01 
440 91 1.01 
440 95 0.01 
440 431 3.01 
440 453 0.01 
440 456 0.01 
440 470 1.01 
440 473 5.01 
440 479 0.01 
440 496 7.01 
440 497 4.01 
440 500 6.01 
445 69 1.01 
445 231 0.01 
445 285 2.01 
445 396 0.01 
445 406 2.01 
445 422 1.01 
445 423 3.01 
445 440 2.01 
445 448 3.01 
445 471 0.01 
445 500 5.01 
8 146 0.01 
8 170 1.01 
8 364 0.01 
8 382 0.01 
8 384 0.01 
8 394 0.01 
8 419 0.01 
8 464 1.01 
8 482 1.01 
8 483 2.01 
8 489 1.01 
8 492 3.01 
146 28 0.01 
146 318 1.01 
146 345 0.01 
146 349 0.01 
146 359 0.01 
146 394 0.01 
146 429 0.01 
146 455 0.01 
146 482 1.01 
146 483 1.01 
146 487 0.01 
146 491 1.01 
170 90 0.01 
170 144 0.01 
170 242 0.01 
170 250 0.01 
170 295 0.01 
170 313 0.01 
170 344 0.01 
170 361 1.01 
170 400 0.01 
170 464 0.01 
170 477 0.01 
170 492 0.01 
364 58 2.01 
364 119 0.01 
364 212 3.01 
364 232 0.01 
364 249 0.01 
364 264 0.01 
364 382 1.01 
364 423 0.01 
364 425 3.01 
364 433 2.01 
364 455 0.01 
364 469 1.01 
382 139 0.01 
382 142 0.01 
382 282 0.01 
382 358 1.01 
382 364 2.01 
382 394 1.01 
382 416 1.01 
382 429 0.01 
382 483 1.01 
382 487 7.01 
382 489 3.01 
382 491 1.01 
384 203 1.01 
384 272 0.01 
384 364 0.01 
384 415 0.01 
384 433 2.01 
384 443 1.01 
384 465 0.01 
384 469 1.01 
384 482 2.01 
384 487 3.01 
384 492 2.01 
384 498 1.01 
419 35 0.01 
419 105 0.01 
419 224 1.01 
419 271 1.01 
419 290 0.01 
419 305 0.01 
419 398 0.01 
419 448 0.01 
419 478 2.01 
419 497 2.01 
419 499 3.01 
419 500 4.01 
464 2 1.01 
464 68 0.01 
464 345 0.01 
464 382 1.01 
464 388 1.01 
464 447 4.01 
464 452 3.01 
464 453 1.01 
464 483 5.01 
464 491 12.01 
464 492 11.01 
492 49 0.01 
492 58 3.01 
492 318 4.01 
492 352 1.01 
492 359 1.01 
492 386 1.01 
492 433 4.01 
492 464 2.01 
492 482 10.01 
492 489 15.01 
492 498 6.01 
9 106 0.01 
9 172 0.01 
9 293 0.01 
9 339 0.01 
9 360 0.01 
9 374 0.01 
9 397 0.01 
9 436 2.01 
9 446 1.01 
9 458 2.01 
9 488 2.01 
9 498 1.01 
106 51 1.01 
106 196 1.01 
106 202 1.01 
106 226 0.01 
106 301 1.01 
106 307 0.01 
106 347 0.01 
106 413 0.01 
106 432 0.01 
106 437 0.01 
106 485 0.01 
106 499 2.01 
172 132 0.01 
172 195 0.01 
172 226 0.01 
172 315 0.01 
172 320 1.01 
172 339 0.01 
172 357 0.01 
172 363 0.01 
172 403 1.01 
172 486 1.01 
172 488 1.01 
172 498 0.01 
293 176 1.01 
293 261 0.01 
293 309 1.01 
293 414 0.01 
293 436 0.01 
293 437 0.01 
293 450 1.01 
293 461 0.01 
293 463 0.01 
293 488 4.01 
293 498 7.01 
293 500 0.01 
339 164 0.01 
339 176 0.01 
339 238 0.01 
339 302 0.01 
339 311 0.01 
339 363 0.01 
339 449 0.01 
339 468 0.01 
339 485 0.01 
339 486 1.01 
339 488 1.01 
339 493 3.01 
360 92 0.01 
360 251 0.01 
360 260 0.01 
360 333 3.01 
360 353 2.01 
360 414 3.01 
360 458 2.01 
360 463 1.01 
360 483 0.01 
360 486 2.01 
360 493 2.01 
360 498 6.01 
374 143 0.01 
374 160 0.01 
374 268 2.01 
374 338 1.01 
374 344 0.01 
374 403 0.01 
374 445 0.01 
374 450 4.01 
374 458 0.01 
374 463 4.01 
374 486 1.01 
374 498 0.01 
397 5 0.01 
397 83 0.01 
397 239 0.01 
397 357 1.01 
397 366 1.01 
397 370 0.01 
397 420 0.01 
397 457 0.01 
397 478 1.01 
397 497 7.01 
397 499 5.01 
397 500 5.01 
436 80 1.01 
436 134 0.01 
436 225 0.01 
436 257 1.01 
436 303 2.01 
436 307 0.01 
436 319 1.01 
436 395 2.01 
436 432 2.01 
436 437 3.01 
436 493 6.01 
446 30 0.01 
446 42 0.01 
446 154 0.01 
446 172 1.01 
446 191 0.01 
446 403 0.01 
446 435 1.01 
446 443 0.01 
446 481 1.01 
446 488 3.01 
446 493 6.01 
458 39 1.01 
458 173 0.01 
458 189 0.01 
458 234 0.01 
458 333 5.01 
458 360 1.01 
458 450 5.01 
458 463 3.01 
458 464 0.01 
458 472 2.01 
458 493 4.01 
488 148 0.01 
488 225 6.01 
488 374 1.01 
488 414 1.01 
488 427 6.01 
488 432 2.01 
488 435 3.01 
488 436 3.01 
488 480 9.01 
488 486 8.01 
488 493 15.01 
498 17 6.01 
498 39 3.01 
498 293 1.01 
498 303 2.01 
498 309 4.01 
498 317 2.01 
498 374 1.01 
498 413 4.01 
498 441 7.01 
498 461 10.01 
498 463 9.01 
38 46 0.01 
38 90 0.01 
38 118 0.01 
38 267 1.01 
38 322 0.01 
38 334 0.01 
38 438 0.01 
38 466 0.01 
38 484 4.01 
38 497 1.01 
38 499 1.01 
38 500 2.01 
366 223 1.01 
366 265 0.01 
366 324 1.01 
366 346 0.01 
366 354 0.01 
366 391 0.01 
366 456 1.01 
366 468 2.01 
366 475 4.01 
366 479 3.01 
366 499 2.01 
366 500 4.01 
390 101 0.01 
390 237 0.01 
390 284 0.01 
390 321 0.01 
390 438 0.01 
390 459 1.01 
390 473 3.01 
390 478 2.01 
390 491 0.01 
390 492 2.01 
390 496 3.01 
390 500 5.01 
395 46 0.01 
395 75 1.01 
395 161 0.01 
395 338 0.01 
395 362 0.01 
395 413 1.01 
395 450 1.01 
395 461 2.01 
395 485 2.01 
395 486 4.01 
395 488 7.01 
395 493 4.01 
431 205 2.01 
431 213 0.01 
431 224 1.01 
431 380 1.01 
431 396 2.01 
431 418 2.01 
431 435 0.01 
431 454 2.01 
431 468 5.01 
431 471 3.01 
431 491 5.01 
431 500 7.01 
454 38 0.01 
454 83 0.01 
454 210 0.01 
454 259 1.01 
454 283 0.01 
454 407 1.01 
454 442 3.01 
454 468 1.01 
454 473 3.01 
454 479 5.01 
454 500 10.01 
468 41 0.01 
468 50 0.01 
468 365 0.01 
468 397 1.01 
468 427 0.01 
468 440 5.01 
468 462 2.01 
468 473 3.01 
468 475 3.01 
468 499 11.01 
468 500 15.01 
11 77 0.01 
11 224 0.01 
11 346 0.01 
11 419 0.01 
11 442 1.01 
11 478 0.01 
11 479 0.01 
11 485 2.01 
11 496 0.01 
11 497 2.01 
11 499 3.01 
11 500 3.01 
77 7 0.01 
77 81 0.01 
77 147 0.01 
77 182 0.01 
77 267 0.01 
77 312 1.01 
77 391 0.01 
77 470 0.01 
77 480 0.01 
77 496 2.01 
77 499 1.01 
77 500 0.01 
224 87 0.01 
224 213 0.01 
224 246 0.01 
224 409 0.01 
224 410 1.01 
224 432 0.01 
224 468 2.01 
224 471 0.01 
224 473 1.01 
224 479 1.01 
224 496 2.01 
224 500 6.01 
346 166 0.01 
346 378 1.01 
346 393 0.01 
346 422 0.01 
346 447 0.01 
346 468 1.01 
346 473 1.01 
346 475 0.01 
346 496 2.01 
346 497 2.01 
346 499 2.01 
346 500 3.01 
442 54 0.01 
442 70 0.01 
442 94 0.01 
442 148 2.01 
442 291 0.01 
442 321 0.01 
442 358 0.01 
442 387 1.01 
442 409 0.01 
442 466 3.01 
442 500 2.01 
478 10 0.01 
478 32 0.01 
478 38 2.01 
478 129 1.01 
478 378 0.01 
478 420 3.01 
478 453 3.01 
478 462 2.01 
478 497 5.01 
478 499 11.01 
478 500 10.01 
479 59 2.01 
479 130 0.01 
479 171 2.01 
479 173 1.01 
479 240 1.01 
479 396 3.01 
479 418 3.01 
479 431 6.01 
479 456 9.01 
479 497 11.01 
479 500 24.009999999999998 
485 43 2.01 
485 301 1.01 
485 307 2.01 
485 404 2.01 
485 450 3.01 
485 463 4.01 
485 469 1.01 
485 472 4.01 
485 486 6.01 
485 493 10.01 
485 498 10.01 
12 39 1.01 
12 134 0.01 
12 299 0.01 
12 315 0.01 
12 326 0.01 
12 351 0.01 
12 383 0.01 
12 395 0.01 
12 403 0.01 
12 414 0.01 
12 437 0.01 
12 450 0.01 
39 85 1.01 
39 268 0.01 
39 293 0.01 
39 362 0.01 
39 404 2.01 
39 437 0.01 
39 446 1.01 
39 449 1.01 
39 485 2.01 
39 486 2.01 
39 498 0.01 
39 500 4.01 
134 30 0.01 
134 164 0.01 
134 248 0.01 
134 257 1.01 
134 299 0.01 
134 309 0.01 
134 430 1.01 
134 480 1.01 
134 481 0.01 
134 488 1.01 
134 490 0.01 
134 498 2.01 
299 31 0.01 
299 143 0.01 
299 145 0.01 
299 251 0.01 
299 254 0.01 
299 261 0.01 
299 336 1.01 
299 338 0.01 
299 437 1.01 
299 450 1.01 
299 458 1.01 
299 499 1.01 
315 31 0.01 
315 100 0.01 
315 176 0.01 
315 391 0.01 
315 414 0.01 
315 441 0.01 
315 458 1.01 
315 485 4.01 
315 486 2.01 
315 488 0.01 
315 493 1.01 
315 498 1.01 
326 28 0.01 
326 113 0.01 
326 131 0.01 
326 183 0.01 
326 287 0.01 
326 310 0.01 
326 372 0.01 
326 439 1.01 
326 473 0.01 
326 484 1.01 
326 490 2.01 
326 495 2.01 
351 80 0.01 
351 153 0.01 
351 268 1.01 
351 301 0.01 
351 315 1.01 
351 403 1.01 
351 444 0.01 
351 449 0.01 
351 450 0.01 
351 480 1.01 
351 485 4.01 
351 486 3.01 
383 15 1.01 
383 23 0.01 
383 219 1.01 
383 277 0.01 
383 325 0.01 
383 356 0.01 
383 381 0.01 
383 444 0.01 
383 451 3.01 
383 484 1.01 
383 490 0.01 
383 494 5.01 
414 106 1.01 
414 211 0.01 
414 257 1.01 
414 260 1.01 
414 281 0.01 
414 333 0.01 
414 341 0.01 
414 350 1.01 
414 440 1.01 
414 446 0.01 
414 480 1.01 
414 486 2.01 
437 114 1.01 
437 174 2.01 
437 191 0.01 
437 195 1.01 
437 225 1.01 
437 292 1.01 
437 351 1.01 
437 403 0.01 
437 442 0.01 
437 481 6.01 
437 488 8.01 
450 145 2.01 
450 289 0.01 
450 441 4.01 
450 472 1.01 
450 480 5.01 
450 481 8.01 
450 486 5.01 
450 488 7.01 
450 493 4.01 
450 495 2.01 
450 498 11.01 
13 43 0.01 
13 306 0.01 
13 317 0.01 
13 321 1.01 
13 336 1.01 
13 381 1.01 
13 389 0.01 
13 444 0.01 
13 451 0.01 
13 460 0.01 
13 484 0.01 
13 495 2.01 
43 114 1.01 
43 175 1.01 
43 195 0.01 
43 225 0.01 
43 303 2.01 
43 411 0.01 
43 427 1.01 
43 430 0.01 
43 436 0.01 
43 449 2.01 
43 480 1.01 
43 498 1.01 
306 62 0.01 
306 78 0.01 
306 331 0.01 
306 348 0.01 
306 383 0.01 
306 412 0.01 
306 426 1.01 
306 428 0.01 
306 484 2.01 
306 490 2.01 
306 494 1.01 
306 500 0.01 
317 45 1.01 
317 208 0.01 
317 229 1.01 
317 274 1.01 
317 325 0.01 
317 379 0.01 
317 407 0.01 
317 412 0.01 
317 426 1.01 
317 467 2.01 
317 484 1.01 
317 490 3.01 
321 61 0.01 
321 193 0.01 
321 217 1.01 
321 290 0.01 
321 353 0.01 
321 354 0.01 
321 391 0.01 
321 421 0.01 
321 454 1.01 
321 459 2.01 
321 478 2.01 
321 483 0.01 
336 57 0.01 
336 123 0.01 
336 143 0.01 
336 251 0.01 
336 320 0.01 
336 353 1.01 
336 403 1.01 
336 404 0.01 
336 426 1.01 
336 432 0.01 
336 450 2.01 
336 488 3.01 
381 28 0.01 
381 169 0.01 
381 306 1.01 
381 337 0.01 
381 404 0.01 
381 411 1.01 
381 451 0.01 
381 457 2.01 
381 460 0.01 
381 484 0.01 
381 490 3.01 
381 495 3.01 
389 44 0.01 
389 162 0.01 
389 266 0.01 
389 275 0.01 
389 304 0.01 
389 392 0.01 
389 412 1.01 
389 415 0.01 
389 457 1.01 
389 467 0.01 
389 474 1.01 
389 495 3.01 
444 27 0.01 
444 62 1.01 
444 78 0.01 
444 158 0.01 
444 310 0.01 
444 412 1.01 
444 457 3.01 
444 459 0.01 
444 474 2.01 
444 492 1.01 
444 494 1.01 
451 137 1.01 
451 230 2.01 
451 243 0.01 
451 379 0.01 
451 392 2.01 
451 407 2.01 
451 428 0.01 
451 467 4.01 
451 483 1.01 
451 490 3.01 
451 494 1.01 
484 158 0.01 
484 169 0.01 
484 337 3.01 
484 396 1.01 
484 401 1.01 
484 411 1.01 
484 417 4.01 
484 457 5.01 
484 460 5.01 
484 467 3.01 
484 494 1.01 
14 30 0.01 
14 93 1.01 
14 141 0.01 
14 252 0.01 
14 278 0.01 
14 331 0.01 
14 355 0.01 
14 416 2.01 
14 455 0.01 
14 483 1.01 
14 491 0.01 
14 492 0.01 
30 253 0.01 
30 315 0.01 
30 320 0.01 
30 325 0.01 
30 339 0.01 
30 414 0.01 
30 435 1.01 
30 443 3.01 
30 449 0.01 
30 460 0.01 
30 463 0.01 
30 486 0.01 
252 2 0.01 
252 97 0.01 
252 278 0.01 
252 295 1.01 
252 359 0.01 
252 376 1.01 
252 447 0.01 
252 476 2.01 
252 477 0.01 
252 487 1.01 
252 491 4.01 
252 492 1.01 
278 252 0.01 
278 288 0.01 
278 308 0.01 
278 314 0.01 
278 369 0.01 
278 415 0.01 
278 447 0.01 
278 452 0.01 
278 476 1.01 
278 483 0.01 
278 487 0.01 
278 492 3.01 
331 137 0.01 
331 209 0.01 
331 274 0.01 
331 327 1.01 
331 379 1.01 
331 389 0.01 
331 413 0.01 
331 434 0.01 
331 444 0.01 
331 474 0.01 
331 494 1.01 
331 495 1.01 
355 6 0.01 
355 8 0.01 
355 79 0.01 
355 146 1.01 
355 269 1.01 
355 278 0.01 
355 344 0.01 
355 452 0.01 
355 455 1.01 
355 467 0.01 
355 469 0.01 
355 491 2.01 
416 16 0.01 
416 66 0.01 
416 262 0.01 
416 278 0.01 
416 345 0.01 
416 433 1.01 
416 447 1.01 
416 452 3.01 
416 455 2.01 
416 482 5.01 
416 487 3.01 
416 495 1.01 
455 66 0.01 
455 122 0.01 
455 203 1.01 
455 291 1.01 
455 429 1.01 
455 433 0.01 
455 446 0.01 
455 447 2.01 
455 464 1.01 
455 482 4.01 
455 483 2.01 
15 193 0.01 
15 365 0.01 
15 406 0.01 
15 409 0.01 
15 418 0.01 
15 440 1.01 
15 442 1.01 
15 443 0.01 
15 473 2.01 
15 479 1.01 
15 496 1.01 
15 499 4.01 
193 130 0.01 
193 166 0.01 
193 246 0.01 
193 256 0.01 
193 367 0.01 
193 393 1.01 
193 454 0.01 
193 471 0.01 
193 479 0.01 
193 480 1.01 
193 499 2.01 
193 500 0.01 
418 50 0.01 
418 118 1.01 
418 148 0.01 
418 181 0.01 
418 285 0.01 
418 380 0.01 
418 387 0.01 
418 438 2.01 
418 481 0.01 
418 497 5.01 
418 499 4.01 
418 500 3.01 
443 9 1.01 
443 106 0.01 
443 110 0.01 
443 153 0.01 
443 202 1.01 
443 309 0.01 
443 343 0.01 
443 399 0.01 
443 454 1.01 
443 493 3.01 
443 498 7.01 
473 19 0.01 
473 74 0.01 
473 296 0.01 
473 312 0.01 
473 380 0.01 
473 456 0.01 
473 470 2.01 
473 496 6.01 
473 497 6.01 
473 499 9.01 
473 500 8.01 
16 295 0.01 
16 355 0.01 
16 369 2.01 
16 424 0.01 
16 429 0.01 
16 447 2.01 
16 452 0.01 
16 466 1.01 
16 477 0.01 
16 482 0.01 
16 489 0.01 
16 491 0.01 
295 71 0.01 
295 192 0.01 
295 242 0.01 
295 245 0.01 
295 373 1.01 
295 400 0.01 
295 464 0.01 
295 469 1.01 
295 476 3.01 
295 482 0.01 
295 491 1.01 
295 492 2.01 
424 103 0.01 
424 151 0.01 
424 242 0.01 
424 416 0.01 
424 447 0.01 
424 452 1.01 
424 469 3.01 
424 476 5.01 
424 483 4.01 
424 487 1.01 
424 491 3.01 
424 492 1.01 
429 71 0.01 
429 82 0.01 
429 93 0.01 
429 141 0.01 
429 178 2.01 
429 192 2.01 
429 242 0.01 
429 256 0.01 
429 278 0.01 
429 361 2.01 
429 465 1.01 
429 489 3.01 
466 181 0.01 
466 213 1.01 
466 329 0.01 
466 365 0.01 
466 387 2.01 
466 459 0.01 
466 490 1.01 
466 496 8.01 
466 497 6.01 
466 499 14.01 
466 500 6.01 
477 20 0.01 
477 58 2.01 
477 127 1.01 
477 155 1.01 
477 192 0.01 
477 300 0.01 
477 415 0.01 
477 482 1.01 
477 483 2.01 
477 489 8.01 
477 491 10.01 
17 72 0.01 
17 123 0.01 
17 305 0.01 
17 307 0.01 
17 353 0.01 
17 427 2.01 
17 441 1.01 
17 458 3.01 
17 472 1.01 
17 486 2.01 
17 493 1.01 
17 498 0.01 
72 241 0.01 
72 281 1.01 
72 302 0.01 
72 303 1.01 
72 347 0.01 
72 350 0.01 
72 430 0.01 
72 458 0.01 
72 463 1.01 
72 488 0.01 
72 493 4.01 
72 498 3.01 
123 76 0.01 
123 100 1.01 
123 154 0.01 
123 261 0.01 
123 276 0.01 
123 320 0.01 
123 336 0.01 
123 378 0.01 
123 403 1.01 
123 446 2.01 
123 486 1.01 
123 498 2.01 
305 204 0.01 
305 217 0.01 
305 244 0.01 
305 410 1.01 
305 429 0.01 
305 438 2.01 
305 440 0.01 
305 470 2.01 
305 479 2.01 
305 497 0.01 
305 499 4.01 
305 500 5.01 
307 196 1.01 
307 248 1.01 
307 292 1.01 
307 336 0.01 
307 374 2.01 
307 414 2.01 
307 441 0.01 
307 458 3.01 
307 467 1.01 
307 481 0.01 
307 493 4.01 
307 498 7.01 
353 65 0.01 
353 172 0.01 
353 174 0.01 
353 245 0.01 
353 309 0.01 
353 399 0.01 
353 458 2.01 
353 471 0.01 
353 472 0.01 
353 481 4.01 
353 493 3.01 
353 498 3.01 
427 123 0.01 
427 133 0.01 
427 198 0.01 
427 201 0.01 
427 289 0.01 
427 315 0.01 
427 353 0.01 
427 362 0.01 
427 458 3.01 
427 463 3.01 
427 486 0.01 
427 489 0.01 
441 43 0.01 
441 57 0.01 
441 85 0.01 
441 114 1.01 
441 253 1.01 
441 311 2.01 
441 334 0.01 
441 339 0.01 
441 461 3.01 
441 485 8.01 
441 498 10.01 
472 43 1.01 
472 234 1.01 
472 290 1.01 
472 362 2.01 
472 363 0.01 
472 437 1.01 
472 443 1.01 
472 463 3.01 
472 485 3.01 
472 493 6.01 
472 498 10.01 
486 57 1.01 
486 100 0.01 
486 268 2.01 
486 343 1.01 
486 351 2.01 
486 427 3.01 
486 430 4.01 
486 450 1.01 
486 474 2.01 
486 488 7.01 
486 498 14.01 
493 9 2.01 
493 65 2.01 
493 97 1.01 
493 260 1.01 
493 316 4.01 
493 394 1.01 
493 413 7.01 
493 430 4.01 
493 458 6.01 
493 481 8.01 
493 486 14.01 
18 61 0.01 
18 86 0.01 
18 91 0.01 
18 305 0.01 
18 366 0.01 
18 453 3.01 
18 456 2.01 
18 475 2.01 
18 487 1.01 
18 497 2.01 
18 499 0.01 
18 500 0.01 
61 148 0.01 
61 229 0.01 
61 286 0.01 
61 406 0.01 
61 445 0.01 
61 459 0.01 
61 466 0.01 
61 471 0.01 
61 475 1.01 
61 496 1.01 
61 497 2.01 
61 500 1.01 
86 4 0.01 
86 155 0.01 
86 241 1.01 
86 265 0.01 
86 286 0.01 
86 387 0.01 
86 396 1.01 
86 466 0.01 
86 473 0.01 
86 496 0.01 
86 499 1.01 
86 500 2.01 
91 32 1.01 
91 157 1.01 
91 181 0.01 
91 186 0.01 
91 322 0.01 
91 409 1.01 
91 420 0.01 
91 444 0.01 
91 462 2.01 
91 497 4.01 
91 499 1.01 
91 500 6.01 
453 29 0.01 
453 128 0.01 
453 201 0.01 
453 258 0.01 
453 312 1.01 
453 366 0.01 
453 410 0.01 
453 420 0.01 
453 470 2.01 
453 477 3.01 
453 500 5.01 
456 24 2.01 
456 46 2.01 
456 188 1.01 
456 319 1.01 
456 358 1.01 
456 419 3.01 
456 442 1.01 
456 466 4.01 
456 470 3.01 
456 499 9.01 
456 500 14.01 
115 252 1.01 
115 318 0.01 
115 355 0.01 
115 369 0.01 
115 388 1.01 
115 425 1.01 
115 465 1.01 
115 469 1.01 
115 477 2.01 
115 483 1.01 
115 487 3.01 
115 491 0.01 
116 87 0.01 
116 130 0.01 
116 210 0.01 
116 263 0.01 
116 354 0.01 
116 462 0.01 
116 471 1.01 
116 474 0.01 
116 475 1.01 
116 478 0.01 
116 497 1.01 
116 500 1.01 
229 24 0.01 
229 29 0.01 
229 265 0.01 
229 276 0.01 
229 396 0.01 
229 409 0.01 
229 454 1.01 
229 478 0.01 
229 479 0.01 
229 496 2.01 
229 499 0.01 
229 500 0.01 
367 61 0.01 
367 171 0.01 
367 256 0.01 
367 305 0.01 
367 375 1.01 
367 409 0.01 
367 431 0.01 
367 440 2.01 
367 448 2.01 
367 453 0.01 
367 499 0.01 
367 500 1.01 
385 5 0.01 
385 70 1.01 
385 205 1.01 
385 368 0.01 
385 371 1.01 
385 410 0.01 
385 421 0.01 
385 459 1.01 
385 475 2.01 
385 496 5.01 
385 499 4.01 
385 500 11.01 
391 124 0.01 
391 194 0.01 
391 204 0.01 
391 233 0.01 
391 257 0.01 
391 402 2.01 
391 409 0.01 
391 454 0.01 
391 456 1.01 
391 497 1.01 
391 498 0.01 
391 500 4.01 
20 34 1.01 
20 84 0.01 
20 122 1.01 
20 238 0.01 
20 269 1.01 
20 318 0.01 
20 330 0.01 
20 369 0.01 
20 416 1.01 
20 482 0.01 
20 491 2.01 
20 492 2.01 
34 45 0.01 
34 115 0.01 
34 144 0.01 
34 388 1.01 
34 433 0.01 
34 447 0.01 
34 452 0.01 
34 469 0.01 
34 477 0.01 
34 489 2.01 
34 491 2.01 
34 492 0.01 
84 232 0.01 
84 250 0.01 
84 318 0.01 
84 330 0.01 
84 425 0.01 
84 429 0.01 
84 465 1.01 
84 469 0.01 
84 487 1.01 
84 488 0.01 
84 489 2.01 
84 491 2.01 
122 300 0.01 
122 361 0.01 
122 364 0.01 
122 368 0.01 
122 384 0.01 
122 455 0.01 
122 469 0.01 
122 477 1.01 
122 482 1.01 
122 483 2.01 
122 487 2.01 
122 489 1.01 
238 17 0.01 
238 92 0.01 
238 174 0.01 
238 289 0.01 
238 307 0.01 
238 360 0.01 
238 406 0.01 
238 461 1.01 
238 472 0.01 
238 485 1.01 
238 486 0.01 
238 498 1.01 
269 8 0.01 
269 103 1.01 
269 139 1.01 
269 144 0.01 
269 232 1.01 
269 272 0.01 
269 313 0.01 
269 361 0.01 
269 429 0.01 
269 477 2.01 
269 489 0.01 
269 492 0.01 
318 21 0.01 
318 22 0.01 
318 84 0.01 
318 300 0.01 
318 314 0.01 
318 370 1.01 
318 376 0.01 
318 384 1.01 
318 447 2.01 
318 476 1.01 
318 489 1.01 
318 492 0.01 
21 66 0.01 
21 103 0.01 
21 300 0.01 
21 313 0.01 
21 323 0.01 
21 364 0.01 
21 382 0.01 
21 409 0.01 
21 452 0.01 
21 465 2.01 
21 476 1.01 
21 489 1.01 
66 93 0.01 
66 135 0.01 
66 155 0.01 
66 211 0.01 
66 349 0.01 
66 382 0.01 
66 386 1.01 
66 408 0.01 
66 424 0.01 
66 477 0.01 
66 482 2.01 
66 491 1.01 
103 84 0.01 
103 151 0.01 
103 262 0.01 
103 335 0.01 
103 355 0.01 
103 386 0.01 
103 425 0.01 
103 433 2.01 
103 465 0.01 
103 469 4.01 
103 483 0.01 
103 500 0.01 
300 36 0.01 
300 96 1.01 
300 101 0.01 
300 151 0.01 
300 228 0.01 
300 245 1.01 
300 262 0.01 
300 352 0.01 
300 384 2.01 
300 425 2.01 
300 489 4.01 
300 492 3.01 
313 63 0.01 
313 96 0.01 
313 111 0.01 
313 200 0.01 
313 301 0.01 
313 308 0.01 
313 384 1.01 
313 394 0.01 
313 482 3.01 
313 483 0.01 
313 489 1.01 
313 492 3.01 
22 34 0.01 
22 119 0.01 
22 167 1.01 
22 232 0.01 
22 308 1.01 
22 313 0.01 
22 314 0.01 
22 429 0.01 
22 455 1.01 
22 477 0.01 
22 491 0.01 
22 494 0.01 
119 82 0.01 
119 222 1.01 
119 264 0.01 
119 376 0.01 
119 386 0.01 
119 420 0.01 
119 482 1.01 
119 483 2.01 
119 487 1.01 
119 489 0.01 
119 491 0.01 
119 492 2.01 
167 68 0.01 
167 170 0.01 
167 359 2.01 
167 384 2.01 
167 388 0.01 
167 400 0.01 
167 455 3.01 
167 469 1.01 
167 477 1.01 
167 482 0.01 
167 490 2.01 
167 492 3.01 
232 3 0.01 
232 22 0.01 
232 71 0.01 
232 349 1.01 
232 355 0.01 
232 429 0.01 
232 433 1.01 
232 464 0.01 
232 465 0.01 
232 483 1.01 
232 489 1.01 
232 497 0.01 
314 71 1.01 
314 121 0.01 
314 167 1.01 
314 176 0.01 
314 192 0.01 
314 228 0.01 
314 250 1.01 
314 262 2.01 
314 408 1.01 
314 477 0.01 
314 487 5.01 
314 492 2.01 
494 136 2.01 
494 216 2.01 
494 220 2.01 
494 304 1.01 
494 325 2.01 
494 348 0.01 
494 373 2.01 
494 407 5.01 
494 439 3.01 
494 451 1.01 
494 485 1.01 
23 169 1.01 
23 195 0.01 
23 287 0.01 
23 331 0.01 
23 340 0.01 
23 407 1.01 
23 411 1.01 
23 439 0.01 
23 444 1.01 
23 484 0.01 
23 494 1.01 
23 495 2.01 
169 113 0.01 
169 227 0.01 
169 377 0.01 
169 389 0.01 
169 417 0.01 
169 421 0.01 
169 434 1.01 
169 445 0.01 
169 484 0.01 
169 490 1.01 
169 494 1.01 
169 495 0.01 
195 17 1.01 
195 52 0.01 
195 72 0.01 
195 254 0.01 
195 404 0.01 
195 414 1.01 
195 437 0.01 
195 481 0.01 
195 485 1.01 
195 486 2.01 
195 487 0.01 
195 498 3.01 
287 27 0.01 
287 108 0.01 
287 236 0.01 
287 328 1.01 
287 348 0.01 
287 379 0.01 
287 389 0.01 
287 392 0.01 
287 401 1.01 
287 418 0.01 
287 451 0.01 
287 467 0.01 
407 126 0.01 
407 356 0.01 
407 383 1.01 
407 387 0.01 
407 411 1.01 
407 426 0.01 
407 438 0.01 
407 457 3.01 
407 460 1.01 
407 484 1.01 
407 495 6.01 
407 496 1.01 
411 44 0.01 
411 183 0.01 
411 208 2.01 
411 287 0.01 
411 297 1.01 
411 317 1.01 
411 374 1.01 
411 426 2.01 
411 457 1.01 
411 458 1.01 
411 484 0.01 
411 494 7.01 
24 64 0.01 
24 157 0.01 
24 321 0.01 
24 365 1.01 
24 367 0.01 
24 375 1.01 
24 478 1.01 
24 488 1.01 
24 496 1.01 
24 497 2.01 
24 499 6.01 
24 500 3.01 
64 18 0.01 
64 48 0.01 
64 95 0.01 
64 127 0.01 
64 153 0.01 
64 271 0.01 
64 358 0.01 
64 418 1.01 
64 421 0.01 
64 448 0.01 
64 499 0.01 
64 500 2.01 
157 19 0.01 
157 129 1.01 
157 237 0.01 
157 283 0.01 
157 334 2.01 
157 365 0.01 
157 466 1.01 
157 475 1.01 
157 479 0.01 
157 497 0.01 
157 499 2.01 
157 500 4.01 
25 102 0.01 
25 131 0.01 
25 205 0.01 
25 215 0.01 
25 247 0.01 
25 277 0.01 
25 327 0.01 
25 444 0.01 
25 474 0.01 
25 494 1.01 
25 495 1.01 
25 498 2.01 
102 108 0.01 
102 298 1.01 
102 331 1.01 
102 398 0.01 
102 407 0.01 
102 416 0.01 
102 426 1.01 
102 438 0.01 
102 457 1.01 
102 472 0.01 
102 474 0.01 
102 494 0.01 
131 26 0.01 
131 45 0.01 
131 102 0.01 
131 324 0.01 
131 377 0.01 
131 392 0.01 
131 417 0.01 
131 439 1.01 
131 467 0.01 
131 486 0.01 
131 490 0.01 
131 495 0.01 
205 285 0.01 
205 340 0.01 
205 346 0.01 
205 354 0.01 
205 378 0.01 
205 416 0.01 
205 419 0.01 
205 438 0.01 
205 468 1.01 
205 497 3.01 
205 499 3.01 
205 500 2.01 
215 230 0.01 
215 310 0.01 
215 373 0.01 
215 428 0.01 
215 434 0.01 
215 439 1.01 
215 441 0.01 
215 460 1.01 
215 467 0.01 
215 484 0.01 
215 490 2.01 
215 495 0.01 
327 125 0.01 
327 135 1.01 
327 192 0.01 
327 325 1.01 
327 328 0.01 
327 337 2.01 
327 389 1.01 
327 457 3.01 
327 467 0.01 
327 484 1.01 
327 490 3.01 
327 494 0.01 
474 89 1.01 
474 219 1.01 
474 275 1.01 
474 372 3.01 
474 401 2.01 
474 428 1.01 
474 456 0.01 
474 457 2.01 
474 460 1.01 
474 479 0.01 
474 494 8.01 
26 13 0.01 
26 122 0.01 
26 162 0.01 
26 216 0.01 
26 255 0.01 
26 266 0.01 
26 348 0.01 
26 426 0.01 
26 484 0.01 
26 490 1.01 
26 495 3.01 
26 496 1.01 
162 220 0.01 
162 247 0.01 
162 264 0.01 
162 393 0.01 
162 412 0.01 
162 417 1.01 
162 460 0.01 
162 467 0.01 
162 484 0.01 
162 490 1.01 
162 494 0.01 
162 495 1.01 
216 27 0.01 
216 120 0.01 
216 136 1.01 
216 270 1.01 
216 379 0.01 
216 381 1.01 
216 389 0.01 
216 439 2.01 
216 444 3.01 
216 451 3.01 
216 479 1.01 
216 495 0.01 
255 23 0.01 
255 149 0.01 
255 219 0.01 
255 253 0.01 
255 337 1.01 
255 383 0.01 
255 392 0.01 
255 405 0.01 
255 444 2.01 
255 474 0.01 
255 490 1.01 
255 495 1.01 
266 44 0.01 
266 62 0.01 
266 137 0.01 
266 180 0.01 
266 215 0.01 
266 268 1.01 
266 325 0.01 
266 398 0.01 
266 460 2.01 
266 484 0.01 
266 494 3.01 
266 495 2.01 
348 120 0.01 
348 156 1.01 
348 275 2.01 
348 297 0.01 
348 317 0.01 
348 366 1.01 
348 398 0.01 
348 411 2.01 
348 490 4.01 
348 494 4.01 
348 495 2.01 
348 497 1.01 
426 13 0.01 
426 251 0.01 
426 325 0.01 
426 392 0.01 
426 407 0.01 
426 428 0.01 
426 439 3.01 
426 450 0.01 
426 484 3.01 
426 490 4.01 
426 494 3.01 
426 495 1.01 
490 1 0.01 
490 38 2.01 
490 183 3.01 
490 215 1.01 
490 383 3.01 
490 457 4.01 
490 467 4.01 
490 474 8.01 
490 484 7.01 
490 494 6.01 
490 495 8.01 
27 50 0.01 
27 113 0.01 
27 136 0.01 
27 219 1.01 
27 227 0.01 
27 279 0.01 
27 373 0.01 
27 398 0.01 
27 457 0.01 
27 484 1.01 
27 494 1.01 
27 495 1.01 
50 116 0.01 
50 194 0.01 
50 206 0.01 
50 371 1.01 
50 402 0.01 
50 419 0.01 
50 438 0.01 
50 470 1.01 
50 471 1.01 
50 496 2.01 
50 497 1.01 
50 500 3.01 
113 165 0.01 
113 221 0.01 
113 235 0.01 
113 255 0.01 
113 298 0.01 
113 308 0.01 
113 401 0.01 
113 411 0.01 
113 434 0.01 
113 439 0.01 
113 444 1.01 
113 490 0.01 
136 47 0.01 
136 104 0.01 
136 209 1.01 
136 288 0.01 
136 304 0.01 
136 328 0.01 
136 412 0.01 
136 444 0.01 
136 467 0.01 
136 481 1.01 
136 484 0.01 
136 494 1.01 
219 4 0.01 
219 227 0.01 
219 236 0.01 
219 243 0.01 
219 273 0.01 
219 310 1.01 
219 331 0.01 
219 417 0.01 
219 457 0.01 
219 493 0.01 
219 494 1.01 
219 495 7.01 
227 37 0.01 
227 230 0.01 
227 279 1.01 
227 310 0.01 
227 326 0.01 
227 331 0.01 
227 373 0.01 
227 426 3.01 
227 434 0.01 
227 441 0.01 
227 484 0.01 
227 490 1.01 
279 230 1.01 
279 262 0.01 
279 331 0.01 
279 332 0.01 
279 381 0.01 
279 405 0.01 
279 412 1.01 
279 428 0.01 
279 444 1.01 
279 484 2.01 
279 494 5.01 
279 499 0.01 
373 104 1.01 
373 163 0.01 
373 185 0.01 
373 306 2.01 
373 379 1.01 
373 392 0.01 
373 411 1.01 
373 473 2.01 
373 490 3.01 
373 494 1.01 
373 495 1.01 
373 500 1.01 
398 45 0.01 
398 96 0.01 
398 104 0.01 
398 183 0.01 
398 219 1.01 
398 259 0.01 
398 279 3.01 
398 405 1.01 
398 434 0.01 
398 437 0.01 
398 474 3.01 
398 490 2.01 
457 156 1.01 
457 236 1.01 
457 266 2.01 
457 279 0.01 
457 287 2.01 
457 333 1.01 
457 383 2.01 
457 401 3.01 
457 405 0.01 
457 467 6.01 
457 494 3.01 
28 63 0.01 
28 131 0.01 
28 137 0.01 
28 243 1.01 
28 326 0.01 
28 379 0.01 
28 425 0.01 
28 426 1.01 
28 457 0.01 
28 474 0.01 
28 494 0.01 
28 495 2.01 
63 66 0.01 
63 291 0.01 
63 349 1.01 
63 364 1.01 
63 394 0.01 
63 424 0.01 
63 429 1.01 
63 476 0.01 
63 478 0.01 
63 482 0.01 
63 487 2.01 
63 491 0.01 
137 44 1.01 
137 116 0.01 
137 158 0.01 
137 274 0.01 
137 281 0.01 
137 417 0.01 
137 444 0.01 
137 451 0.01 
137 460 1.01 
137 490 0.01 
137 495 0.01 
137 496 0.01 
379 149 0.01 
379 255 0.01 
379 277 0.01 
379 297 0.01 
379 317 1.01 
379 326 0.01 
379 342 0.01 
379 383 1.01 
379 484 1.01 
379 490 1.01 
379 495 4.01 
379 497 2.01 
425 2 0.01 
425 6 0.01 
425 228 1.01 
425 261 0.01 
425 345 0.01 
425 359 0.01 
425 408 0.01 
425 482 4.01 
425 483 0.01 
425 489 3.01 
425 491 3.01 
425 492 4.01 
29 129 0.01 
29 197 0.01 
29 237 0.01 
29 284 0.01 
29 305 0.01 
29 354 0.01 
29 371 0.01 
29 445 0.01 
29 466 0.01 
29 496 1.01 
29 499 2.01 
29 500 2.01 
129 5 0.01 
129 121 0.01 
129 246 0.01 
129 280 0.01 
129 283 0.01 
129 305 1.01 
129 396 1.01 
129 473 0.01 
129 494 0.01 
129 496 2.01 
129 499 0.01 
129 500 1.01 
197 335 0.01 
197 418 0.01 
197 442 0.01 
197 466 0.01 
197 468 0.01 
197 471 2.01 
197 473 0.01 
197 478 0.01 
197 479 1.01 
197 497 4.01 
197 499 1.01 
197 500 3.01 
237 86 0.01 
237 224 0.01 
237 258 0.01 
237 267 0.01 
237 271 0.01 
237 378 0.01 
237 400 0.01 
237 402 0.01 
237 406 0.01 
237 497 0.01 
237 499 0.01 
237 500 1.01 
284 105 0.01 
284 214 0.01 
284 366 1.01 
284 385 1.01 
284 392 0.01 
284 420 0.01 
284 431 0.01 
284 445 2.01 
284 453 0.01 
284 496 2.01 
284 497 1.01 
284 500 3.01 
354 57 0.01 
354 150 0.01 
354 240 0.01 
354 285 0.01 
354 290 1.01 
354 385 0.01 
354 438 0.01 
354 440 0.01 
354 445 0.01 
354 448 0.01 
354 479 1.01 
354 496 1.01 
371 199 0.01 
371 205 0.01 
371 322 0.01 
371 375 0.01 
371 390 0.01 
371 431 1.01 
371 466 1.01 
371 473 0.01 
371 475 1.01 
371 478 0.01 
371 499 6.01 
371 500 3.01 
253 191 0.01 
253 226 0.01 
253 235 0.01 
253 293 1.01 
253 301 0.01 
253 441 0.01 
253 461 0.01 
253 463 0.01 
253 480 2.01 
253 481 3.01 
253 493 3.01 
253 498 6.01 
320 131 0.01 
320 154 0.01 
320 175 0.01 
320 294 0.01 
320 315 0.01 
320 399 1.01 
320 404 0.01 
320 414 1.01 
320 443 0.01 
320 482 0.01 
320 486 0.01 
320 498 2.01 
325 89 2.01 
325 214 0.01 
325 270 0.01 
325 277 1.01 
325 326 0.01 
325 331 0.01 
325 383 0.01 
325 401 1.01 
325 451 2.01 
325 460 3.01 
325 484 0.01 
325 495 1.01 
435 40 0.01 
435 164 0.01 
435 309 1.01 
435 350 0.01 
435 403 0.01 
435 432 4.01 
435 437 2.01 
435 441 3.01 
435 461 0.01 
435 464 2.01 
435 486 7.01 
449 85 1.01 
449 114 0.01 
449 225 1.01 
449 301 0.01 
449 336 0.01 
449 395 1.01 
449 413 0.01 
449 436 1.01 
449 488 3.01 
449 492 0.01 
449 498 6.01 
463 177 0.01 
463 299 0.01 
463 307 3.01 
463 363 1.01 
463 435 0.01 
463 441 6.01 
463 443 4.01 
463 462 0.01 
463 481 8.01 
463 488 7.01 
463 498 3.01 
31 40 0.01 
31 164 0.01 
31 207 0.01 
31 226 0.01 
31 234 0.01 
31 313 0.01 
31 441 1.01 
31 449 0.01 
31 472 0.01 
31 485 1.01 
31 486 0.01 
31 488 0.01 
40 107 0.01 
40 152 0.01 
40 176 0.01 
40 404 1.01 
40 435 0.01 
40 436 0.01 
40 461 1.01 
40 470 0.01 
40 480 0.01 
40 485 1.01 
40 493 1.01 
40 498 1.01 
164 88 0.01 
164 132 0.01 
164 161 0.01 
164 268 0.01 
164 351 0.01 
164 353 0.01 
164 363 1.01 
164 446 0.01 
164 461 0.01 
164 463 0.01 
164 480 1.01 
164 498 3.01 
207 152 0.01 
207 175 0.01 
207 211 0.01 
207 301 0.01 
207 307 0.01 
207 338 0.01 
207 401 0.01 
207 435 0.01 
207 441 1.01 
207 454 0.01 
207 480 0.01 
207 485 1.01 
226 40 0.01 
226 125 0.01 
226 199 0.01 
226 338 0.01 
226 353 0.01 
226 413 0.01 
226 414 1.01 
226 463 2.01 
226 485 0.01 
226 488 1.01 
226 493 1.01 
226 498 1.01 
234 341 0.01 
234 374 1.01 
234 430 2.01 
234 432 0.01 
234 436 1.01 
234 463 0.01 
234 470 0.01 
234 480 2.01 
234 486 1.01 
234 488 0.01 
234 493 1.01 
234 498 3.01 
32 33 0.01 
32 231 0.01 
32 265 1.01 
32 366 1.01 
32 367 0.01 
32 380 0.01 
32 418 0.01 
32 438 0.01 
32 448 0.01 
32 478 0.01 
32 499 5.01 
32 500 5.01 
33 50 0.01 
33 168 0.01 
33 244 0.01 
33 263 0.01 
33 286 0.01 
33 305 0.01 
33 382 0.01 
33 442 0.01 
33 462 0.01 
33 496 1.01 
33 499 0.01 
33 500 1.01 
231 77 0.01 
231 124 0.01 
231 130 0.01 
231 186 0.01 
231 284 1.01 
231 310 0.01 
231 321 0.01 
231 410 0.01 
231 438 0.01 
231 466 0.01 
231 471 0.01 
231 500 3.01 
265 24 0.01 
265 33 0.01 
265 258 0.01 
265 324 0.01 
265 393 0.01 
265 448 2.01 
265 454 0.01 
265 468 0.01 
265 473 0.01 
265 496 1.01 
265 499 1.01 
265 500 0.01 
380 101 3.01 
380 147 1.01 
380 157 0.01 
380 179 0.01 
380 182 0.01 
380 224 0.01 
380 273 2.01 
380 324 1.01 
380 390 0.01 
380 496 1.01 
380 499 7.01 
380 500 9.01 
438 223 1.01 
438 239 0.01 
438 316 0.01 
438 385 1.01 
438 397 0.01 
438 410 0.01 
438 421 0.01 
438 448 4.01 
438 459 0.01 
438 496 3.01 
438 500 4.01 
448 76 0.01 
448 101 0.01 
448 188 1.01 
448 214 1.01 
448 271 2.01 
448 282 0.01 
448 423 2.01 
448 445 4.01 
448 470 5.01 
448 497 7.01 
448 500 15.01 
168 54 0.01 
168 55 0.01 
168 61 0.01 
168 112 0.01 
168 365 1.01 
168 396 0.01 
168 459 0.01 
168 462 0.01 
168 466 0.01 
168 496 0.01 
168 497 1.01 
168 500 1.01 
244 67 1.01 
244 109 0.01 
244 156 0.01 
244 217 0.01 
244 223 0.01 
244 358 0.01 
244 448 0.01 
244 453 1.01 
244 475 0.01 
244 497 1.01 
244 499 1.01 
244 500 0.01 
286 67 0.01 
286 74 0.01 
286 171 0.01 
286 239 0.01 
286 267 0.01 
286 448 0.01 
286 456 0.01 
286 471 3.01 
286 478 0.01 
286 493 1.01 
286 496 1.01 
286 500 4.01 
45 2 0.01 
45 162 0.01 
45 227 0.01 
45 243 0.01 
45 306 0.01 
45 326 0.01 
45 332 0.01 
45 461 0.01 
45 467 0.01 
45 490 3.01 
45 494 1.01 
45 495 3.01 
144 308 0.01 
144 335 0.01 
144 386 0.01 
144 400 1.01 
144 433 1.01 
144 455 0.01 
144 465 0.01 
144 476 0.01 
144 477 0.01 
144 482 0.01 
144 492 0.01 
144 494 1.01 
35 60 0.01 
35 69 0.01 
35 229 0.01 
35 321 0.01 
35 350 0.01 
35 393 0.01 
35 466 0.01 
35 478 0.01 
35 496 1.01 
35 497 1.01 
35 499 3.01 
35 500 1.01 
60 1 0.01 
60 59 0.01 
60 70 0.01 
60 118 0.01 
60 159 2.01 
60 229 0.01 
60 297 0.01 
60 370 0.01 
60 371 0.01 
60 387 0.01 
60 497 2.01 
60 500 3.01 
69 36 0.01 
69 112 0.01 
69 166 0.01 
69 194 1.01 
69 366 1.01 
69 396 0.01 
69 438 0.01 
69 445 0.01 
69 466 1.01 
69 468 0.01 
69 499 4.01 
69 500 5.01 
350 12 0.01 
350 140 0.01 
350 177 1.01 
350 207 0.01 
350 302 0.01 
350 423 1.01 
350 427 3.01 
350 449 1.01 
350 480 2.01 
350 488 3.01 
350 493 1.01 
350 498 4.01 
393 67 0.01 
393 265 1.01 
393 283 0.01 
393 340 0.01 
393 365 0.01 
393 448 2.01 
393 456 1.01 
393 473 2.01 
393 479 1.01 
393 496 4.01 
393 499 8.01 
393 500 2.01 
36 31 0.01 
36 83 0.01 
36 116 0.01 
36 231 0.01 
36 265 1.01 
36 280 0.01 
36 390 0.01 
36 402 0.01 
36 473 1.01 
36 479 2.01 
36 499 3.01 
36 500 0.01 
83 33 0.01 
83 48 1.01 
83 179 0.01 
83 312 0.01 
83 390 0.01 
83 419 0.01 
83 440 0.01 
83 442 1.01 
83 448 2.01 
83 496 2.01 
83 499 2.01 
83 500 3.01 
280 35 0.01 
280 60 1.01 
280 70 0.01 
280 210 0.01 
280 233 1.01 
280 366 0.01 
280 376 0.01 
280 385 0.01 
280 396 0.01 
280 420 0.01 
280 496 2.01 
280 500 4.01 
402 7 0.01 
402 35 1.01 
402 61 1.01 
402 73 0.01 
402 116 0.01 
402 159 1.01 
402 189 0.01 
402 267 0.01 
402 421 0.01 
402 483 1.01 
402 496 3.01 
402 500 4.01 
37 220 0.01 
37 273 1.01 
37 411 0.01 
37 457 0.01 
37 460 1.01 
37 467 0.01 
37 474 0.01 
37 477 0.01 
37 484 0.01 
37 490 1.01 
37 494 1.01 
37 495 2.01 
220 204 0.01 
220 221 0.01 
220 247 0.01 
220 266 0.01 
220 330 0.01 
220 377 1.01 
220 439 0.01 
220 451 0.01 
220 467 2.01 
220 474 0.01 
220 490 3.01 
220 494 1.01 
273 180 1.01 
273 255 0.01 
273 348 0.01 
273 372 0.01 
273 428 0.01 
273 451 0.01 
273 457 1.01 
273 484 1.01 
273 490 3.01 
273 492 1.01 
273 494 3.01 
273 495 0.01 
46 87 0.01 
46 124 0.01 
46 184 0.01 
46 354 1.01 
46 405 0.01 
46 419 2.01 
46 442 0.01 
46 453 0.01 
46 478 2.01 
46 496 4.01 
46 499 5.01 
46 500 0.01 
90 95 0.01 
90 263 0.01 
90 357 0.01 
90 402 0.01 
90 419 0.01 
90 431 0.01 
90 442 0.01 
90 456 0.01 
90 466 0.01 
90 497 3.01 
90 499 1.01 
90 500 2.01 
118 29 0.01 
118 55 0.01 
118 65 0.01 
118 94 0.01 
118 159 0.01 
118 346 0.01 
118 393 0.01 
118 422 0.01 
118 460 0.01 
118 466 0.01 
118 499 2.01 
118 500 4.01 
267 29 0.01 
267 168 0.01 
267 210 0.01 
267 223 0.01 
267 258 0.01 
267 285 1.01 
267 357 0.01 
267 397 0.01 
267 422 0.01 
267 440 0.01 
267 499 1.01 
267 500 2.01 
322 127 0.01 
322 129 0.01 
322 286 0.01 
322 357 0.01 
322 402 1.01 
322 409 1.01 
322 440 0.01 
322 478 1.01 
322 479 4.01 
322 497 0.01 
322 499 5.01 
322 500 2.01 
85 39 2.01 
85 51 0.01 
85 261 0.01 
85 302 1.01 
85 336 0.01 
85 338 1.01 
85 339 1.01 
85 399 0.01 
85 486 3.01 
85 488 0.01 
85 498 4.01 
85 499 0.01 
268 154 0.01 
268 161 0.01 
268 177 2.01 
268 196 0.01 
268 281 0.01 
268 316 0.01 
268 360 1.01 
268 395 0.01 
268 446 2.01 
268 448 0.01 
268 493 2.01 
268 498 3.01 
362 17 1.01 
362 238 0.01 
362 343 0.01 
362 395 0.01 
362 427 0.01 
362 441 3.01 
362 450 1.01 
362 480 1.01 
362 481 0.01 
362 488 5.01 
362 498 3.01 
362 500 3.01 
404 31 0.01 
404 211 0.01 
404 360 0.01 
404 413 1.01 
404 424 0.01 
404 436 1.01 
404 458 2.01 
404 463 0.01 
404 469 1.01 
404 481 3.01 
404 493 2.01 
404 498 7.01 
107 175 0.01 
107 238 0.01 
107 339 0.01 
107 341 0.01 
107 374 0.01 
107 381 0.01 
107 413 0.01 
107 427 1.01 
107 432 1.01 
107 464 0.01 
107 480 2.01 
107 498 0.01 
152 31 0.01 
152 92 0.01 
152 281 0.01 
152 347 0.01 
152 399 0.01 
152 413 0.01 
152 446 1.01 
152 459 0.01 
152 461 0.01 
152 481 2.01 
152 485 2.01 
152 498 5.01 
176 107 1.01 
176 154 0.01 
176 292 0.01 
176 301 1.01 
176 303 0.01 
176 311 0.01 
176 315 0.01 
176 446 1.01 
176 472 0.01 
176 485 1.01 
176 497 1.01 
176 498 1.01 
461 52 0.01 
461 152 0.01 
461 211 3.01 
461 281 1.01 
461 293 2.01 
461 294 0.01 
461 316 0.01 
461 435 5.01 
461 437 3.01 
461 487 2.01 
461 498 11.01 
480 44 0.01 
480 100 0.01 
480 133 0.01 
480 145 1.01 
480 225 1.01 
480 339 1.01 
480 436 4.01 
480 450 4.01 
480 458 4.01 
480 481 6.01 
480 485 11.01 
41 95 0.01 
41 284 0.01 
41 319 0.01 
41 357 0.01 
41 397 0.01 
41 420 0.01 
41 438 0.01 
41 455 0.01 
41 456 1.01 
41 468 0.01 
41 499 2.01 
41 500 4.01 
357 60 1.01 
357 296 0.01 
357 319 0.01 
357 365 0.01 
357 418 1.01 
357 445 1.01 
357 451 1.01 
357 471 2.01 
357 486 0.01 
357 497 2.01 
357 499 6.01 
357 500 6.01 
420 186 1.01 
420 294 0.01 
420 305 0.01 
420 366 2.01 
420 370 2.01 
420 419 2.01 
420 423 1.01 
420 431 1.01 
420 448 1.01 
420 471 3.01 
420 475 0.01 
420 500 3.01 
42 73 0.01 
42 76 0.01 
42 147 0.01 
42 159 1.01 
42 171 0.01 
42 197 0.01 
42 239 0.01 
42 358 0.01 
42 385 1.01 
42 402 0.01 
42 497 1.01 
42 499 5.01 
73 10 0.01 
73 36 0.01 
73 213 1.01 
73 385 0.01 
73 420 1.01 
73 448 3.01 
73 468 1.01 
73 470 0.01 
73 475 2.01 
73 489 1.01 
73 499 2.01 
73 500 2.01 
76 260 0.01 
76 284 0.01 
76 358 0.01 
76 371 0.01 
76 378 0.01 
76 397 0.01 
76 402 0.01 
76 456 0.01 
76 459 1.01 
76 473 0.01 
76 497 1.01 
76 500 2.01 
147 55 0.01 
147 159 0.01 
147 179 0.01 
147 181 0.01 
147 237 0.01 
147 296 0.01 
147 370 0.01 
147 440 1.01 
147 456 2.01 
147 462 1.01 
147 499 3.01 
147 500 3.01 
159 267 0.01 
159 342 0.01 
159 406 0.01 
159 418 0.01 
159 419 0.01 
159 421 0.01 
159 453 0.01 
159 456 1.01 
159 475 0.01 
159 486 0.01 
159 497 3.01 
159 500 2.01 
239 148 0.01 
239 258 0.01 
239 368 2.01 
239 423 0.01 
239 435 0.01 
239 438 0.01 
239 459 0.01 
239 468 0.01 
239 471 2.01 
239 479 2.01 
239 499 4.01 
239 500 1.01 
358 81 1.01 
358 240 0.01 
358 319 1.01 
358 376 0.01 
358 454 0.01 
358 462 1.01 
358 468 1.01 
358 470 1.01 
358 475 0.01 
358 478 0.01 
358 479 2.01 
358 499 7.01 
114 12 0.01 
114 175 0.01 
114 207 0.01 
114 218 0.01 
114 226 0.01 
114 289 1.01 
114 374 0.01 
114 458 0.01 
114 480 0.01 
114 482 0.01 
114 485 2.01 
114 498 1.01 
175 110 0.01 
175 277 0.01 
175 309 0.01 
175 430 0.01 
175 434 0.01 
175 443 1.01 
175 449 0.01 
175 463 2.01 
175 472 0.01 
175 486 0.01 
175 488 1.01 
175 498 0.01 
225 145 0.01 
225 206 0.01 
225 234 1.01 
225 362 0.01 
225 437 1.01 
225 443 0.01 
225 449 2.01 
225 461 1.01 
225 481 2.01 
225 486 5.01 
225 493 1.01 
225 498 4.01 
303 97 0.01 
303 161 1.01 
303 177 1.01 
303 234 1.01 
303 276 1.01 
303 289 1.01 
303 360 1.01 
303 375 1.01 
303 436 0.01 
303 481 0.01 
303 488 3.01 
303 498 3.01 
430 75 0.01 
430 132 0.01 
430 136 0.01 
430 292 1.01 
430 341 0.01 
430 362 1.01 
430 414 0.01 
430 458 2.01 
430 472 0.01 
430 485 5.01 
430 488 5.01 
430 498 4.01 
44 25 0.01 
44 156 0.01 
44 215 0.01 
44 327 0.01 
44 383 0.01 
44 411 0.01 
44 428 1.01 
44 431 0.01 
44 434 0.01 
44 451 0.01 
44 484 1.01 
44 495 3.01 
156 78 0.01 
156 247 0.01 
156 288 0.01 
156 326 0.01 
156 345 0.01 
156 348 0.01 
156 426 1.01 
156 434 0.01 
156 453 0.01 
156 467 0.01 
156 484 2.01 
156 494 1.01 
428 23 0.01 
428 25 0.01 
428 105 1.01 
428 236 1.01 
428 255 1.01 
428 275 0.01 
428 279 1.01 
428 328 0.01 
428 405 1.01 
428 417 0.01 
428 468 0.01 
428 495 2.01 
434 274 0.01 
434 275 1.01 
434 280 0.01 
434 325 1.01 
434 326 1.01 
434 332 0.01 
434 392 2.01 
434 401 1.01 
434 467 0.01 
434 494 2.01 
434 499 4.01 
332 37 0.01 
332 186 0.01 
332 274 0.01 
332 283 0.01 
332 356 0.01 
332 379 1.01 
332 407 1.01 
332 434 1.01 
332 451 2.01 
332 475 0.01 
332 490 0.01 
332 495 2.01 
87 237 0.01 
87 296 0.01 
87 391 0.01 
87 402 0.01 
87 420 0.01 
87 425 1.01 
87 431 1.01 
87 454 0.01 
87 473 0.01 
87 475 0.01 
87 497 1.01 
87 500 0.01 
124 127 0.01 
124 205 0.01 
124 244 0.01 
124 342 0.01 
124 365 0.01 
124 367 0.01 
124 419 0.01 
124 475 0.01 
124 495 0.01 
124 496 1.01 
124 499 1.01 
124 500 0.01 
184 15 0.01 
184 32 0.01 
184 90 0.01 
184 147 0.01 
184 168 0.01 
184 206 0.01 
184 233 0.01 
184 367 1.01 
184 463 2.01 
184 467 0.01 
184 496 0.01 
184 500 3.01 
405 4 0.01 
405 27 1.01 
405 209 0.01 
405 221 0.01 
405 298 0.01 
405 327 1.01 
405 372 0.01 
405 384 0.01 
405 398 1.01 
405 474 7.01 
405 490 3.01 
405 500 4.01 
47 62 0.01 
47 165 0.01 
47 166 0.01 
47 183 1.01 
47 270 0.01 
47 307 0.01 
47 348 0.01 
47 381 0.01 
47 417 0.01 
47 448 0.01 
47 451 1.01 
47 494 0.01 
62 56 0.01 
62 126 1.01 
62 297 0.01 
62 337 0.01 
62 377 1.01 
62 401 0.01 
62 412 0.01 
62 457 2.01 
62 474 0.01 
62 488 0.01 
62 490 1.01 
62 495 0.01 
165 47 0.01 
165 104 0.01 
165 162 0.01 
165 183 0.01 
165 235 0.01 
165 306 0.01 
165 326 0.01 
165 474 1.01 
165 484 0.01 
165 494 1.01 
165 495 0.01 
165 500 0.01 
166 64 0.01 
166 105 0.01 
166 180 0.01 
166 181 0.01 
166 368 0.01 
166 378 0.01 
166 445 0.01 
166 471 1.01 
166 473 0.01 
166 475 1.01 
166 499 2.01 
166 500 0.01 
183 136 0.01 
183 185 0.01 
183 220 0.01 
183 327 0.01 
183 372 0.01 
183 379 0.01 
183 434 1.01 
183 467 0.01 
183 474 0.01 
183 490 0.01 
183 495 3.01 
183 500 3.01 
270 47 0.01 
270 235 0.01 
270 331 0.01 
270 372 1.01 
270 392 0.01 
270 426 0.01 
270 451 0.01 
270 457 0.01 
270 474 0.01 
270 482 0.01 
270 494 2.01 
270 495 1.01 
417 89 0.01 
417 208 0.01 
417 209 0.01 
417 216 0.01 
417 327 0.01 
417 379 1.01 
417 386 1.01 
417 405 1.01 
417 460 2.01 
417 474 5.01 
417 490 7.01 
417 494 4.01 
48 290 1.01 
48 329 1.01 
48 367 1.01 
48 370 0.01 
48 423 0.01 
48 459 1.01 
48 470 1.01 
48 488 2.01 
48 496 2.01 
48 497 1.01 
48 499 7.01 
48 500 0.01 
290 199 0.01 
290 246 0.01 
290 380 1.01 
290 397 1.01 
290 421 2.01 
290 431 1.01 
290 459 2.01 
290 471 2.01 
290 496 1.01 
290 497 0.01 
290 499 6.01 
290 500 1.01 
329 150 0.01 
329 181 0.01 
329 201 0.01 
329 210 0.01 
329 246 0.01 
329 256 1.01 
329 332 0.01 
329 367 0.01 
329 378 0.01 
329 422 0.01 
329 471 3.01 
329 500 5.01 
370 112 0.01 
370 166 0.01 
370 186 0.01 
370 203 0.01 
370 346 1.01 
370 366 2.01 
370 421 1.01 
370 445 3.01 
370 470 1.01 
370 479 0.01 
370 496 4.01 
370 500 2.01 
423 329 1.01 
423 357 0.01 
423 360 1.01 
423 368 3.01 
423 375 0.01 
423 390 1.01 
423 440 2.01 
423 445 1.01 
423 456 1.01 
423 459 0.01 
423 475 1.01 
423 496 5.01 
459 11 0.01 
459 46 0.01 
459 150 2.01 
459 240 1.01 
459 241 0.01 
459 329 1.01 
459 365 2.01 
459 419 1.01 
459 470 3.01 
459 496 4.01 
459 497 7.01 
49 82 1.01 
49 170 0.01 
49 245 0.01 
49 335 0.01 
49 356 0.01 
49 386 0.01 
49 424 1.01 
49 433 1.01 
49 469 0.01 
49 483 0.01 
49 487 2.01 
49 492 0.01 
82 58 0.01 
82 269 0.01 
82 289 0.01 
82 335 0.01 
82 355 0.01 
82 359 0.01 
82 408 0.01 
82 415 0.01 
82 424 1.01 
82 433 1.01 
82 476 0.01 
82 492 0.01 
335 170 0.01 
335 300 1.01 
335 318 1.01 
335 352 1.01 
335 359 0.01 
335 361 0.01 
335 380 0.01 
335 424 0.01 
335 425 0.01 
335 447 0.01 
335 469 0.01 
335 489 2.01 
356 108 0.01 
356 219 1.01 
356 273 0.01 
356 327 0.01 
356 328 0.01 
356 377 0.01 
356 405 1.01 
356 434 0.01 
356 449 0.01 
356 490 3.01 
356 494 1.01 
356 498 1.01 
386 16 0.01 
386 20 0.01 
386 53 0.01 
386 228 0.01 
386 394 0.01 
386 424 0.01 
386 447 2.01 
386 465 3.01 
386 469 3.01 
386 470 1.01 
386 492 2.01 
386 493 1.01 
194 26 0.01 
194 42 0.01 
194 77 0.01 
194 109 0.01 
194 168 0.01 
194 256 0.01 
194 357 1.01 
194 378 2.01 
194 470 1.01 
194 496 4.01 
194 499 1.01 
194 500 4.01 
206 98 0.01 
206 128 0.01 
206 157 0.01 
206 214 0.01 
206 324 0.01 
206 420 0.01 
206 442 0.01 
206 462 0.01 
206 470 0.01 
206 495 0.01 
206 497 0.01 
206 500 4.01 
471 18 1.01 
471 48 1.01 
471 74 1.01 
471 184 1.01 
471 390 0.01 
471 423 3.01 
471 459 7.01 
471 462 5.01 
471 475 3.01 
471 479 7.01 
471 499 14.01 
51 198 0.01 
51 226 1.01 
51 238 0.01 
51 244 0.01 
51 432 0.01 
51 449 0.01 
51 481 1.01 
51 485 1.01 
51 486 0.01 
51 488 2.01 
51 493 1.01 
51 498 2.01 
198 12 0.01 
198 172 0.01 
198 195 0.01 
198 238 0.01 
198 257 0.01 
198 294 0.01 
198 412 0.01 
198 437 0.01 
198 443 0.01 
198 458 2.01 
198 486 0.01 
198 498 0.01 
432 51 0.01 
432 226 1.01 
432 293 1.01 
432 347 1.01 
432 399 2.01 
432 403 0.01 
432 407 1.01 
432 437 3.01 
432 481 4.01 
432 485 2.01 
432 488 3.01 
432 498 6.01 
481 72 0.01 
481 107 1.01 
481 333 1.01 
481 427 1.01 
481 430 4.01 
481 441 4.01 
481 480 5.01 
481 485 10.01 
481 493 12.01 
481 494 0.01 
481 498 12.01 
52 133 1.01 
52 196 0.01 
52 253 1.01 
52 315 1.01 
52 350 1.01 
52 382 1.01 
52 399 1.01 
52 446 0.01 
52 481 1.01 
52 488 1.01 
52 493 2.01 
52 498 1.01 
133 51 0.01 
133 198 0.01 
133 207 0.01 
133 253 0.01 
133 327 0.01 
133 341 0.01 
133 343 2.01 
133 404 1.01 
133 463 0.01 
133 485 3.01 
133 493 3.01 
133 498 1.01 
196 140 0.01 
196 248 0.01 
196 294 0.01 
196 302 0.01 
196 437 0.01 
196 443 0.01 
196 450 1.01 
196 472 0.01 
196 481 2.01 
196 488 0.01 
196 496 0.01 
196 498 1.01 
399 110 0.01 
399 133 0.01 
399 163 0.01 
399 211 0.01 
399 276 0.01 
399 353 1.01 
399 404 2.01 
399 418 0.01 
399 435 0.01 
399 450 0.01 
399 481 0.01 
399 493 0.01 
53 6 0.01 
53 49 0.01 
53 200 0.01 
53 329 0.01 
53 355 1.01 
53 433 1.01 
53 465 0.01 
53 476 1.01 
53 477 2.01 
53 483 0.01 
53 487 0.01 
53 499 0.01 
200 8 0.01 
200 111 0.01 
200 114 0.01 
200 167 0.01 
200 270 0.01 
200 272 0.01 
200 388 0.01 
200 469 1.01 
200 482 1.01 
200 487 2.01 
200 489 3.01 
200 492 0.01 
54 121 0.01 
54 182 0.01 
54 213 0.01 
54 312 1.01 
54 420 0.01 
54 421 0.01 
54 453 0.01 
54 470 0.01 
54 473 0.01 
54 493 1.01 
54 499 2.01 
54 500 1.01 
121 81 0.01 
121 322 0.01 
121 371 0.01 
121 391 1.01 
121 406 0.01 
121 423 0.01 
121 466 0.01 
121 471 2.01 
121 473 0.01 
121 496 0.01 
121 497 0.01 
121 499 0.01 
182 312 1.01 
182 319 0.01 
182 321 0.01 
182 371 0.01 
182 387 0.01 
182 393 0.01 
182 418 0.01 
182 445 1.01 
182 496 1.01 
182 497 1.01 
182 499 3.01 
182 500 1.01 
213 77 0.01 
213 160 0.01 
213 229 0.01 
213 240 1.01 
213 340 2.01 
213 358 0.01 
213 387 1.01 
213 423 0.01 
213 454 1.01 
213 468 1.01 
213 499 4.01 
213 500 5.01 
312 36 0.01 
312 47 0.01 
312 109 0.01 
312 168 0.01 
312 340 1.01 
312 367 1.01 
312 380 2.01 
312 406 1.01 
312 409 0.01 
312 421 0.01 
312 496 3.01 
312 500 0.01 
421 184 0.01 
421 231 0.01 
421 296 0.01 
421 385 0.01 
421 393 1.01 
421 456 1.01 
421 468 1.01 
421 475 0.01 
421 487 0.01 
421 496 3.01 
421 499 3.01 
421 500 1.01 
55 54 0.01 
55 168 0.01 
55 233 0.01 
55 265 0.01 
55 271 0.01 
55 380 0.01 
55 390 0.01 
55 422 0.01 
55 459 0.01 
55 496 0.01 
55 499 0.01 
55 500 1.01 
233 32 0.01 
233 98 1.01 
233 182 0.01 
233 324 1.01 
233 368 0.01 
233 431 0.01 
233 438 0.01 
233 454 0.01 
233 496 0.01 
233 497 2.01 
233 499 0.01 
233 500 0.01 
271 15 1.01 
271 117 0.01 
271 188 0.01 
271 322 0.01 
271 440 1.01 
271 442 2.01 
271 454 1.01 
271 456 2.01 
271 466 0.01 
271 497 1.01 
271 499 3.01 
271 500 3.01 
422 13 0.01 
422 184 0.01 
422 340 0.01 
422 380 0.01 
422 423 0.01 
422 438 0.01 
422 445 1.01 
422 453 1.01 
422 459 2.01 
422 478 1.01 
422 497 3.01 
422 499 0.01 
236 23 0.01 
236 89 1.01 
236 165 0.01 
236 216 1.01 
236 220 0.01 
236 327 2.01 
236 372 2.01 
236 373 0.01 
236 415 0.01 
236 434 0.01 
236 467 0.01 
236 495 1.01 
401 102 1.01 
401 117 0.01 
401 236 2.01 
401 377 0.01 
401 407 1.01 
401 428 0.01 
401 444 1.01 
401 460 5.01 
401 474 6.01 
401 490 5.01 
401 494 0.01 
401 500 2.01 
57 97 1.01 
57 187 0.01 
57 248 1.01 
57 254 0.01 
57 350 0.01 
57 363 0.01 
57 430 0.01 
57 435 0.01 
57 443 0.01 
57 485 1.01 
57 488 2.01 
57 498 1.01 
97 174 0.01 
97 260 0.01 
97 293 0.01 
97 338 0.01 
97 349 0.01 
97 362 1.01 
97 363 0.01 
97 395 1.01 
97 432 0.01 
97 486 3.01 
97 493 1.01 
97 498 3.01 
187 249 0.01 
187 291 0.01 
187 352 1.01 
187 384 1.01 
187 415 0.01 
187 455 0.01 
187 464 4.01 
187 477 0.01 
187 483 0.01 
187 489 2.01 
187 492 0.01 
187 498 2.01 
248 140 0.01 
248 174 0.01 
248 175 0.01 
248 189 0.01 
248 202 0.01 
248 289 0.01 
248 338 0.01 
248 377 0.01 
248 398 0.01 
248 458 0.01 
248 461 1.01 
248 472 1.01 
254 140 0.01 
254 158 1.01 
254 163 0.01 
254 225 0.01 
254 350 0.01 
254 353 0.01 
254 427 1.01 
254 472 0.01 
254 480 0.01 
254 485 3.01 
254 491 1.01 
254 493 1.01 
363 9 0.01 
363 12 0.01 
363 85 1.01 
363 218 0.01 
363 261 0.01 
363 296 0.01 
363 316 0.01 
363 339 0.01 
363 404 0.01 
363 430 1.01 
363 472 0.01 
363 498 3.01 
58 3 0.01 
58 63 0.01 
58 119 1.01 
58 122 0.01 
58 369 0.01 
58 384 2.01 
58 408 0.01 
58 424 2.01 
58 469 3.01 
58 483 1.01 
58 489 1.01 
58 491 3.01 
59 41 0.01 
59 206 1.01 
59 244 0.01 
59 263 0.01 
59 312 0.01 
59 380 1.01 
59 453 0.01 
59 454 1.01 
59 462 0.01 
59 471 2.01 
59 499 1.01 
59 500 0.01 
70 54 0.01 
70 90 0.01 
70 237 0.01 
70 342 0.01 
70 391 0.01 
70 393 1.01 
70 478 0.01 
70 479 0.01 
70 497 0.01 
70 498 1.01 
70 499 1.01 
70 500 3.01 
297 5 0.01 
297 45 0.01 
297 288 0.01 
297 327 0.01 
297 411 0.01 
297 426 0.01 
297 428 0.01 
297 444 0.01 
297 451 0.01 
297 484 1.01 
297 490 1.01 
297 495 2.01 
387 24 0.01 
387 42 0.01 
387 204 0.01 
387 280 0.01 
387 334 3.01 
387 417 1.01 
387 440 0.01 
387 453 3.01 
387 471 0.01 
387 475 1.01 
387 497 5.01 
387 499 6.01 
148 199 0.01 
148 206 0.01 
148 217 1.01 
148 223 0.01 
148 421 0.01 
148 448 1.01 
148 466 1.01 
148 470 1.01 
148 475 1.01 
148 479 2.01 
148 497 0.01 
148 500 3.01 
126 26 0.01 
126 149 0.01 
126 247 1.01 
126 297 0.01 
126 362 0.01 
126 398 0.01 
126 417 0.01 
126 439 1.01 
126 484 0.01 
126 494 1.01 
126 495 0.01 
126 499 1.01 
291 16 0.01 
291 138 0.01 
291 292 0.01 
291 323 3.01 
291 382 1.01 
291 394 0.01 
291 455 0.01 
291 462 1.01 
291 476 1.01 
291 487 2.01 
291 489 3.01 
291 491 5.01 
349 144 0.01 
349 155 0.01 
349 200 0.01 
349 269 0.01 
349 344 2.01 
349 376 0.01 
349 389 0.01 
349 437 0.01 
349 482 1.01 
349 487 1.01 
349 489 0.01 
349 491 0.01 
127 1 0.01 
127 11 0.01 
127 206 0.01 
127 259 1.01 
127 283 1.01 
127 380 1.01 
127 393 0.01 
127 438 0.01 
127 478 0.01 
127 496 0.01 
127 499 1.01 
127 500 1.01 
153 30 0.01 
153 110 1.01 
153 246 0.01 
153 309 0.01 
153 351 0.01 
153 363 0.01 
153 395 0.01 
153 399 0.01 
153 485 2.01 
153 486 1.01 
153 493 0.01 
153 498 1.01 
65 152 1.01 
65 207 1.01 
65 299 1.01 
65 320 0.01 
65 341 0.01 
65 353 0.01 
65 414 1.01 
65 436 1.01 
65 443 0.01 
65 471 0.01 
65 486 1.01 
65 488 1.01 
341 302 0.01 
341 309 1.01 
341 314 0.01 
341 336 1.01 
341 351 0.01 
341 360 0.01 
341 362 0.01 
341 397 0.01 
341 404 0.01 
341 413 2.01 
341 480 0.01 
341 486 1.01 
135 138 0.01 
135 139 0.01 
135 141 0.01 
135 187 0.01 
135 237 0.01 
135 242 1.01 
135 415 0.01 
135 429 0.01 
135 455 0.01 
135 487 0.01 
135 489 1.01 
135 492 0.01 
155 53 0.01 
155 138 0.01 
155 190 0.01 
155 212 0.01 
155 269 0.01 
155 300 0.01 
155 394 0.01 
155 425 0.01 
155 464 2.01 
155 491 0.01 
155 492 2.01 
155 499 0.01 
211 40 0.01 
211 294 0.01 
211 413 0.01 
211 449 0.01 
211 463 0.01 
211 472 0.01 
211 479 2.01 
211 480 0.01 
211 488 2.01 
211 490 1.01 
211 493 1.01 
211 498 2.01 
67 70 0.01 
67 76 0.01 
67 101 0.01 
67 124 0.01 
67 324 0.01 
67 358 0.01 
67 370 0.01 
67 410 0.01 
67 418 1.01 
67 471 1.01 
67 497 1.01 
67 499 2.01 
101 87 0.01 
101 94 0.01 
101 186 0.01 
101 342 0.01 
101 351 0.01 
101 390 0.01 
101 410 0.01 
101 454 0.01 
101 462 1.01 
101 471 1.01 
101 484 0.01 
101 500 5.01 
324 18 1.01 
324 201 2.01 
324 280 0.01 
324 329 0.01 
324 375 3.01 
324 420 0.01 
324 459 1.01 
324 468 1.01 
324 470 0.01 
324 476 0.01 
324 499 7.01 
324 500 4.01 
68 49 0.01 
68 100 0.01 
68 103 0.01 
68 222 0.01 
68 242 0.01 
68 308 0.01 
68 364 1.01 
68 369 0.01 
68 429 0.01 
68 464 0.01 
68 483 3.01 
68 489 1.01 
100 85 0.01 
100 132 0.01 
100 160 0.01 
100 164 1.01 
100 254 1.01 
100 350 0.01 
100 408 1.01 
100 432 1.01 
100 435 0.01 
100 461 1.01 
100 463 1.01 
100 481 3.01 
222 20 1.01 
222 139 0.01 
222 232 0.01 
222 274 0.01 
222 313 0.01 
222 386 0.01 
222 400 1.01 
222 425 0.01 
222 447 1.01 
222 465 1.01 
222 483 4.01 
222 492 1.01 
242 66 0.01 
242 212 0.01 
242 308 0.01 
242 359 0.01 
242 361 1.01 
242 472 0.01 
242 476 2.01 
242 477 5.01 
242 482 2.01 
242 487 2.01 
242 489 0.01 
242 491 0.01 
112 48 1.01 
112 98 0.01 
112 286 0.01 
112 418 0.01 
112 419 0.01 
112 422 0.01 
112 453 0.01 
112 473 0.01 
112 479 0.01 
112 497 0.01 
112 499 1.01 
112 500 0.01 
396 41 1.01 
396 256 0.01 
396 322 2.01 
396 346 1.01 
396 378 0.01 
396 391 1.01 
396 454 0.01 
396 473 1.01 
396 478 3.01 
396 479 2.01 
396 498 1.01 
396 499 2.01 
342 69 0.01 
342 157 0.01 
342 233 0.01 
342 234 0.01 
342 239 2.01 
342 244 0.01 
342 246 0.01 
342 269 0.01 
342 368 0.01 
342 419 0.01 
342 453 0.01 
342 500 5.01 
71 49 0.01 
71 68 0.01 
71 99 0.01 
71 129 0.01 
71 169 1.01 
71 252 0.01 
71 264 0.01 
71 433 0.01 
71 465 0.01 
71 487 0.01 
71 491 0.01 
71 492 0.01 
99 200 0.01 
99 282 1.01 
99 295 0.01 
99 365 0.01 
99 394 0.01 
99 400 0.01 
99 408 3.01 
99 415 1.01 
99 465 0.01 
99 481 2.01 
99 482 1.01 
99 483 0.01 
241 83 0.01 
241 112 0.01 
241 231 0.01 
241 329 0.01 
241 354 2.01 
241 387 1.01 
241 397 1.01 
241 462 1.01 
241 466 0.01 
241 468 2.01 
241 498 1.01 
241 500 4.01 
281 177 0.01 
281 302 0.01 
281 336 0.01 
281 437 2.01 
281 440 0.01 
281 446 0.01 
281 449 0.01 
281 485 1.01 
281 486 2.01 
281 488 1.01 
281 493 1.01 
281 498 4.01 
302 9 0.01 
302 12 0.01 
302 97 0.01 
302 153 0.01 
302 172 0.01 
302 238 0.01 
302 395 0.01 
302 480 1.01 
302 486 2.01 
302 493 1.01 
302 498 0.01 
302 500 1.01 
347 49 2.01 
347 160 0.01 
347 173 1.01 
347 395 0.01 
347 430 0.01 
347 436 0.01 
347 449 0.01 
347 461 1.01 
347 472 0.01 
347 486 3.01 
347 493 2.01 
347 498 4.01 
74 10 0.01 
74 18 2.01 
74 64 0.01 
74 241 1.01 
74 244 0.01 
74 334 1.01 
74 396 0.01 
74 410 0.01 
74 440 2.01 
74 462 1.01 
74 473 1.01 
74 500 6.01 
75 147 0.01 
75 176 0.01 
75 196 1.01 
75 257 0.01 
75 260 0.01 
75 343 0.01 
75 399 1.01 
75 461 1.01 
75 481 2.01 
75 486 2.01 
75 488 2.01 
75 493 3.01 
257 75 1.01 
257 191 0.01 
257 307 0.01 
257 399 0.01 
257 441 0.01 
257 452 0.01 
257 463 1.01 
257 481 0.01 
257 488 2.01 
257 491 0.01 
257 493 3.01 
257 498 2.01 
260 106 0.01 
260 276 0.01 
260 311 0.01 
260 333 0.01 
260 374 3.01 
260 395 0.01 
260 437 0.01 
260 472 1.01 
260 480 2.01 
260 481 1.01 
260 483 1.01 
260 498 1.01 
343 202 1.01 
343 248 0.01 
343 271 0.01 
343 311 2.01 
343 360 1.01 
343 441 1.01 
343 472 1.01 
343 480 3.01 
343 481 0.01 
343 488 2.01 
343 493 3.01 
343 498 2.01 
378 1 0.01 
378 193 0.01 
378 223 0.01 
378 259 2.01 
378 290 0.01 
378 322 1.01 
378 324 1.01 
378 346 0.01 
378 470 3.01 
378 489 0.01 
378 496 3.01 
378 500 4.01 
81 72 0.01 
81 121 0.01 
81 239 0.01 
81 290 0.01 
81 368 1.01 
81 410 0.01 
81 422 0.01 
81 476 0.01 
81 478 0.01 
81 496 0.01 
81 499 0.01 
81 500 0.01 
78 117 0.01 
78 120 0.01 
78 279 0.01 
78 310 0.01 
78 328 0.01 
78 389 0.01 
78 417 0.01 
78 428 0.01 
78 457 1.01 
78 484 0.01 
78 495 2.01 
78 497 1.01 
117 162 0.01 
117 221 0.01 
117 274 0.01 
117 356 0.01 
117 381 0.01 
117 434 1.01 
117 484 2.01 
117 490 1.01 
117 494 2.01 
117 495 1.01 
117 496 0.01 
117 500 0.01 
120 28 0.01 
120 220 0.01 
120 266 0.01 
120 270 0.01 
120 356 0.01 
120 405 0.01 
120 412 1.01 
120 417 0.01 
120 474 0.01 
120 490 0.01 
120 494 1.01 
120 500 0.01 
310 120 0.01 
310 149 0.01 
310 180 0.01 
310 220 1.01 
310 287 0.01 
310 338 0.01 
310 412 0.01 
310 467 0.01 
310 471 0.01 
310 490 1.01 
310 494 2.01 
310 495 2.01 
142 21 0.01 
142 34 0.01 
142 111 0.01 
142 190 0.01 
142 272 0.01 
142 282 0.01 
142 330 0.01 
142 352 2.01 
142 482 0.01 
142 487 0.01 
142 489 2.01 
142 492 1.01 
345 228 0.01 
345 376 1.01 
345 382 0.01 
345 400 0.01 
345 465 1.01 
345 469 1.01 
345 476 0.01 
345 477 0.01 
345 482 3.01 
345 487 1.01 
345 490 0.01 
345 492 4.01 
352 21 0.01 
352 155 0.01 
352 203 0.01 
352 212 1.01 
352 345 0.01 
352 348 0.01 
352 349 1.01 
352 408 1.01 
352 469 2.01 
352 476 1.01 
352 483 5.01 
352 491 2.01 
80 25 0.01 
80 51 0.01 
80 94 0.01 
80 132 1.01 
80 276 0.01 
80 413 0.01 
80 430 0.01 
80 432 1.01 
80 446 0.01 
80 485 0.01 
80 492 0.01 
80 498 1.01 
94 50 0.01 
94 150 0.01 
94 312 0.01 
94 354 0.01 
94 405 0.01 
94 423 0.01 
94 453 1.01 
94 470 0.01 
94 496 0.01 
94 497 0.01 
94 499 3.01 
94 500 1.01 
132 34 0.01 
132 249 0.01 
132 292 0.01 
132 353 0.01 
132 414 0.01 
132 436 2.01 
132 450 1.01 
132 461 0.01 
132 472 0.01 
132 486 3.01 
132 493 0.01 
132 498 0.01 
276 43 1.01 
276 80 0.01 
276 123 0.01 
276 134 0.01 
276 303 0.01 
276 403 0.01 
276 430 0.01 
276 435 0.01 
276 436 2.01 
276 437 0.01 
276 466 0.01 
276 498 3.01 
413 75 0.01 
413 161 0.01 
413 198 0.01 
413 281 1.01 
413 292 0.01 
413 404 3.01 
413 427 4.01 
413 432 2.01 
413 481 1.01 
413 485 1.01 
413 488 7.01 
413 499 1.01 
368 38 0.01 
368 73 0.01 
368 311 0.01 
368 334 1.01 
368 370 0.01 
368 409 1.01 
368 419 0.01 
368 431 1.01 
368 456 0.01 
368 462 2.01 
368 497 1.01 
368 500 8.01 
289 72 2.01 
289 167 0.01 
289 276 0.01 
289 320 0.01 
289 443 0.01 
289 446 0.01 
289 480 3.01 
289 481 1.01 
289 485 3.01 
289 486 1.01 
289 488 0.01 
289 493 2.01 
359 14 0.01 
359 232 0.01 
359 245 0.01 
359 330 1.01 
359 390 0.01 
359 400 0.01 
359 415 0.01 
359 446 0.01 
359 476 2.01 
359 477 3.01 
359 487 3.01 
359 489 0.01 
250 295 1.01 
250 330 0.01 
250 361 0.01 
250 425 0.01 
250 447 0.01 
250 464 0.01 
250 476 0.01 
250 477 1.01 
250 482 1.01 
250 487 0.01 
250 491 0.01 
250 499 3.01 
261 173 0.01 
261 189 1.01 
261 193 0.01 
261 253 0.01 
261 289 1.01 
261 299 0.01 
261 399 0.01 
261 427 1.01 
261 443 0.01 
261 485 0.01 
261 486 2.01 
261 488 0.01 
338 57 1.01 
338 125 0.01 
338 164 0.01 
338 172 1.01 
338 403 0.01 
338 432 0.01 
338 458 1.01 
338 461 1.01 
338 463 0.01 
338 466 0.01 
338 472 1.01 
338 488 2.01 
296 127 0.01 
296 130 0.01 
296 312 1.01 
296 367 0.01 
296 372 0.01 
296 387 0.01 
296 453 0.01 
296 478 0.01 
296 496 3.01 
296 497 0.01 
296 499 3.01 
296 500 2.01 
108 26 0.01 
108 126 0.01 
108 255 0.01 
108 377 2.01 
108 381 0.01 
108 389 0.01 
108 434 0.01 
108 444 0.01 
108 456 1.01 
108 478 0.01 
108 490 1.01 
108 494 1.01 
209 88 0.01 
209 219 0.01 
209 266 0.01 
209 279 0.01 
209 306 0.01 
209 331 0.01 
209 364 0.01 
209 396 0.01 
209 398 0.01 
209 407 0.01 
209 494 2.01 
209 495 2.01 
298 47 0.01 
298 88 0.01 
298 113 0.01 
298 117 0.01 
298 149 0.01 
298 169 1.01 
298 295 0.01 
298 356 0.01 
298 372 0.01 
298 460 0.01 
298 490 0.01 
298 495 0.01 
89 25 0.01 
89 131 0.01 
89 180 1.01 
89 215 0.01 
89 297 1.01 
89 317 0.01 
89 373 1.01 
89 460 1.01 
89 484 3.01 
89 490 1.01 
89 493 0.01 
89 495 2.01 
180 235 0.01 
180 332 0.01 
180 373 0.01 
180 383 0.01 
180 401 0.01 
180 407 1.01 
180 439 0.01 
180 484 1.01 
180 490 1.01 
180 494 1.01 
180 495 1.01 
180 499 0.01 
181 55 0.01 
181 64 0.01 
181 112 0.01 
181 143 0.01 
181 150 0.01 
181 184 0.01 
181 210 0.01 
181 421 0.01 
181 431 0.01 
181 442 1.01 
181 499 4.01 
181 500 2.01 
186 69 0.01 
186 280 0.01 
186 357 0.01 
186 409 0.01 
186 442 0.01 
186 447 1.01 
186 462 0.01 
186 466 1.01 
186 471 0.01 
186 496 2.01 
186 497 1.01 
186 500 2.01 
92 143 0.01 
92 195 0.01 
92 218 0.01 
92 303 0.01 
92 333 0.01 
92 339 0.01 
92 347 0.01 
92 403 1.01 
92 426 0.01 
92 480 0.01 
92 493 0.01 
92 498 0.01 
143 198 0.01 
143 224 0.01 
143 404 2.01 
143 428 0.01 
143 430 2.01 
143 443 1.01 
143 480 0.01 
143 481 0.01 
143 485 0.01 
143 488 1.01 
143 493 2.01 
143 498 4.01 
218 65 0.01 
218 125 0.01 
218 153 0.01 
218 163 0.01 
218 207 0.01 
218 266 0.01 
218 413 1.01 
218 463 1.01 
218 480 1.01 
218 481 2.01 
218 493 0.01 
218 498 2.01 
333 65 1.01 
333 196 0.01 
333 222 0.01 
333 253 1.01 
333 341 2.01 
333 351 3.01 
333 443 3.01 
333 458 0.01 
333 480 1.01 
333 485 2.01 
333 486 1.01 
333 498 3.01 
376 8 0.01 
376 135 0.01 
376 250 0.01 
376 314 0.01 
376 349 0.01 
376 359 1.01 
376 369 0.01 
376 384 0.01 
376 464 0.01 
376 483 1.01 
376 487 0.01 
376 495 2.01 
150 197 0.01 
150 201 1.01 
150 358 0.01 
150 367 0.01 
150 390 0.01 
150 422 0.01 
150 438 2.01 
150 442 0.01 
150 468 0.01 
150 470 0.01 
150 471 2.01 
150 499 1.01 
258 7 0.01 
258 256 0.01 
258 284 0.01 
258 296 0.01 
258 422 1.01 
258 431 0.01 
258 456 0.01 
258 468 0.01 
258 496 0.01 
258 497 2.01 
258 499 0.01 
258 500 2.01 
96 146 0.01 
96 323 1.01 
96 364 0.01 
96 400 0.01 
96 408 0.01 
96 415 0.01 
96 464 0.01 
96 465 1.01 
96 477 1.01 
96 482 0.01 
96 484 0.01 
96 489 0.01 
400 53 0.01 
400 178 0.01 
400 222 1.01 
400 247 0.01 
400 300 0.01 
400 314 1.01 
400 361 0.01 
400 416 0.01 
400 452 0.01 
400 469 2.01 
400 483 2.01 
400 489 6.01 
174 134 1.01 
174 311 1.01 
174 341 0.01 
174 362 0.01 
174 374 0.01 
174 424 1.01 
174 435 1.01 
174 461 0.01 
174 472 0.01 
174 488 1.01 
174 498 2.01 
174 500 0.01 
282 22 0.01 
282 99 0.01 
282 178 0.01 
282 335 0.01 
282 352 0.01 
282 376 0.01 
282 388 1.01 
282 465 1.01 
282 476 2.01 
282 482 3.01 
282 491 0.01 
282 494 0.01 
160 110 0.01 
160 191 0.01 
160 294 1.01 
160 341 0.01 
160 343 0.01 
160 403 1.01 
160 434 0.01 
160 446 1.01 
160 461 1.01 
160 488 1.01 
160 493 0.01 
160 498 2.01 
151 6 0.01 
151 21 0.01 
151 106 0.01 
151 228 0.01 
151 335 0.01 
151 355 0.01 
151 382 0.01 
151 464 0.01 
151 477 2.01 
151 482 2.01 
151 483 2.01 
151 487 1.01 
262 111 0.01 
262 115 0.01 
262 170 0.01 
262 249 0.01 
262 295 0.01 
262 318 1.01 
262 322 1.01 
262 452 0.01 
262 465 0.01 
262 476 1.01 
262 491 1.01 
262 492 0.01 
104 62 1.01 
104 126 0.01 
104 149 0.01 
104 239 0.01 
104 304 1.01 
104 310 0.01 
104 325 0.01 
104 405 0.01 
104 412 1.01 
104 451 0.01 
104 494 3.01 
104 495 1.01 
149 185 0.01 
149 221 0.01 
149 243 0.01 
149 323 0.01 
149 332 0.01 
149 348 0.01 
149 402 0.01 
149 422 0.01 
149 426 0.01 
149 428 0.01 
149 467 1.01 
149 495 0.01 
105 10 0.01 
105 55 0.01 
105 166 0.01 
105 193 0.01 
105 284 0.01 
105 302 0.01 
105 440 0.01 
105 468 0.01 
105 496 0.01 
105 497 1.01 
105 499 0.01 
105 500 3.01 
202 30 0.01 
202 92 0.01 
202 143 0.01 
202 248 0.01 
202 251 1.01 
202 254 0.01 
202 350 1.01 
202 435 0.01 
202 449 1.01 
202 452 0.01 
202 493 2.01 
202 498 1.01 
301 125 0.01 
301 189 1.01 
301 216 1.01 
301 218 0.01 
301 254 0.01 
301 316 1.01 
301 351 0.01 
301 446 0.01 
301 449 0.01 
301 488 2.01 
301 493 1.01 
301 498 7.01 
109 81 0.01 
109 182 0.01 
109 214 0.01 
109 267 0.01 
109 329 0.01 
109 391 0.01 
109 445 1.01 
109 473 1.01 
109 479 2.01 
109 496 1.01 
109 499 0.01 
109 500 0.01 
214 15 1.01 
214 36 0.01 
214 83 2.01 
214 118 0.01 
214 157 0.01 
214 286 0.01 
214 385 1.01 
214 409 2.01 
214 422 0.01 
214 477 0.01 
214 497 4.01 
214 500 3.01 
110 52 0.01 
110 80 0.01 
110 87 0.01 
110 160 0.01 
110 191 0.01 
110 251 0.01 
110 261 0.01 
110 320 0.01 
110 404 0.01 
110 486 1.01 
110 488 0.01 
110 498 0.01 
191 154 1.01 
191 218 1.01 
191 299 0.01 
191 374 0.01 
191 446 0.01 
191 450 1.01 
191 473 0.01 
191 480 2.01 
191 481 1.01 
191 485 4.01 
191 488 2.01 
191 498 1.01 
251 276 1.01 
251 299 0.01 
251 333 1.01 
251 347 1.01 
251 362 0.01 
251 443 2.01 
251 449 2.01 
251 461 0.01 
251 463 2.01 
251 472 1.01 
251 498 1.01 
251 500 1.01 
221 158 0.01 
221 161 0.01 
221 227 0.01 
221 310 0.01 
221 328 1.01 
221 377 1.01 
221 383 1.01 
221 389 0.01 
221 412 0.01 
221 467 0.01 
221 474 1.01 
221 482 0.01 
235 185 0.01 
235 208 0.01 
235 304 0.01 
235 332 0.01 
235 355 0.01 
235 373 0.01 
235 451 0.01 
235 457 1.01 
235 460 1.01 
235 474 0.01 
235 491 1.01 
235 494 0.01 
130 91 0.01 
130 346 0.01 
130 371 0.01 
130 420 0.01 
130 445 1.01 
130 453 1.01 
130 462 0.01 
130 479 0.01 
130 480 0.01 
130 486 0.01 
130 499 0.01 
130 500 3.01 
210 81 0.01 
210 90 0.01 
210 144 0.01 
210 263 0.01 
210 283 0.01 
210 340 2.01 
210 346 0.01 
210 459 2.01 
210 470 0.01 
210 479 1.01 
210 496 0.01 
210 500 1.01 
274 28 1.01 
274 48 0.01 
274 185 0.01 
274 216 3.01 
274 270 1.01 
274 363 0.01 
274 392 1.01 
274 405 0.01 
274 411 0.01 
274 427 1.01 
274 484 0.01 
274 495 1.01 
361 84 0.01 
361 96 0.01 
361 151 1.01 
361 264 0.01 
361 282 1.01 
361 399 0.01 
361 416 1.01 
361 424 0.01 
361 447 1.01 
361 452 0.01 
361 487 1.01 
361 491 0.01 
154 9 0.01 
154 163 0.01 
154 281 0.01 
154 320 0.01 
154 414 0.01 
154 427 0.01 
154 446 0.01 
154 450 2.01 
154 472 1.01 
154 475 0.01 
154 493 0.01 
154 498 1.01 
125 153 0.01 
125 316 0.01 
125 360 0.01 
125 399 0.01 
125 420 0.01 
125 432 0.01 
125 435 0.01 
125 461 0.01 
125 480 3.01 
125 485 1.01 
125 486 0.01 
125 493 0.01 
316 145 1.01 
316 284 0.01 
316 287 1.01 
316 301 1.01 
316 336 0.01 
316 427 1.01 
316 430 2.01 
316 441 1.01 
316 446 0.01 
316 480 5.01 
316 485 5.01 
316 498 3.01 
259 35 0.01 
259 41 0.01 
259 60 0.01 
259 201 1.01 
259 341 1.01 
259 368 4.01 
259 410 0.01 
259 468 1.01 
259 475 1.01 
259 497 2.01 
259 499 1.01 
259 500 4.01 
283 105 0.01 
283 123 0.01 
283 223 1.01 
283 386 0.01 
283 391 0.01 
283 393 0.01 
283 402 0.01 
283 422 0.01 
283 445 1.01 
283 471 1.01 
283 499 0.01 
283 500 6.01 
128 11 0.01 
128 42 0.01 
128 73 0.01 
128 86 0.01 
128 319 0.01 
128 442 1.01 
128 453 0.01 
128 466 0.01 
128 470 0.01 
128 471 0.01 
128 497 1.01 
128 500 4.01 
246 217 0.01 
246 319 1.01 
246 334 0.01 
246 342 0.01 
246 350 0.01 
246 371 0.01 
246 393 0.01 
246 406 0.01 
246 421 0.01 
246 442 0.01 
246 462 1.01 
246 500 4.01 
392 4 0.01 
392 23 0.01 
392 126 0.01 
392 298 0.01 
392 332 0.01 
392 373 0.01 
392 428 4.01 
392 439 3.01 
392 465 0.01 
392 474 2.01 
392 490 1.01 
392 495 4.01 
249 71 0.01 
249 192 0.01 
249 282 1.01 
249 339 0.01 
249 345 0.01 
249 394 0.01 
249 455 2.01 
249 464 0.01 
249 465 0.01 
249 477 1.01 
249 482 1.01 
249 491 2.01 
292 39 1.01 
292 160 0.01 
292 234 0.01 
292 257 0.01 
292 303 1.01 
292 350 1.01 
292 411 0.01 
292 414 0.01 
292 449 3.01 
292 485 4.01 
292 493 3.01 
292 498 2.01 
309 163 1.01 
309 218 0.01 
309 347 0.01 
309 360 1.01 
309 363 4.01 
309 395 1.01 
309 443 3.01 
309 450 1.01 
309 481 1.01 
309 489 1.01 
309 493 5.01 
309 498 1.01 
138 14 0.01 
138 118 0.01 
138 349 0.01 
138 400 0.01 
138 408 0.01 
138 465 1.01 
138 469 1.01 
138 476 1.01 
138 487 0.01 
138 489 0.01 
138 491 0.01 
138 500 0.01 
139 14 0.01 
139 79 1.01 
139 187 1.01 
139 190 0.01 
139 200 0.01 
139 252 0.01 
139 349 0.01 
139 386 0.01 
139 452 2.01 
139 457 0.01 
139 464 0.01 
139 492 1.01 
288 13 0.01 
288 37 1.01 
288 273 0.01 
288 356 0.01 
288 377 0.01 
288 401 1.01 
288 407 1.01 
288 442 0.01 
288 451 0.01 
288 484 0.01 
288 494 0.01 
288 495 1.01 
158 117 1.01 
158 124 1.01 
158 162 0.01 
158 221 0.01 
158 317 1.01 
158 373 1.01 
158 426 1.01 
158 457 1.01 
158 484 0.01 
158 494 2.01 
158 495 1.01 
158 497 0.01 
140 52 1.01 
140 182 0.01 
140 311 0.01 
140 336 1.01 
140 374 2.01 
140 449 0.01 
140 458 1.01 
140 463 1.01 
140 472 0.01 
140 480 0.01 
140 485 1.01 
140 488 0.01 
311 134 0.01 
311 202 0.01 
311 260 1.01 
311 299 0.01 
311 333 2.01 
311 367 1.01 
311 389 0.01 
311 413 0.01 
311 461 0.01 
311 472 0.01 
311 485 0.01 
311 486 4.01 
145 52 0.01 
145 173 0.01 
145 202 1.01 
145 346 0.01 
145 347 1.01 
145 395 0.01 
145 435 3.01 
145 449 0.01 
145 458 3.01 
145 480 0.01 
145 486 3.01 
145 498 6.01 
173 133 0.01 
173 251 0.01 
173 292 0.01 
173 302 0.01 
173 351 0.01 
173 363 0.01 
173 399 0.01 
173 436 0.01 
173 446 0.01 
173 476 0.01 
173 485 2.01 
173 498 2.01 
199 128 0.01 
199 267 0.01 
199 371 0.01 
199 397 0.01 
199 409 1.01 
199 421 0.01 
199 422 1.01 
199 468 0.01 
199 479 2.01 
199 496 2.01 
199 497 1.01 
199 500 1.01 
217 29 0.01 
217 32 0.01 
217 263 0.01 
217 358 2.01 
217 359 0.01 
217 375 1.01 
217 440 1.01 
217 473 1.01 
217 496 1.01 
217 497 1.01 
217 499 1.01 
217 500 4.01 
223 76 0.01 
223 197 0.01 
223 361 0.01 
223 375 0.01 
223 385 0.01 
223 391 0.01 
223 413 0.01 
223 422 0.01 
223 459 0.01 
223 478 4.01 
223 496 1.01 
223 499 4.01 
185 113 0.01 
185 146 0.01 
185 266 1.01 
185 274 0.01 
185 306 0.01 
185 398 0.01 
185 439 2.01 
185 455 0.01 
185 474 0.01 
185 490 0.01 
185 494 1.01 
185 495 2.01 
201 67 0.01 
201 224 0.01 
201 258 0.01 
201 283 0.01 
201 342 0.01 
201 387 1.01 
201 390 0.01 
201 436 0.01 
201 448 2.01 
201 475 1.01 
201 497 2.01 
201 500 4.01 
163 92 0.01 
163 152 0.01 
163 338 1.01 
163 347 0.01 
163 351 0.01 
163 395 0.01 
163 432 0.01 
163 450 1.01 
163 478 1.01 
163 481 0.01 
163 485 0.01 
163 488 4.01 
212 22 1.01 
212 79 0.01 
212 142 0.01 
212 330 1.01 
212 344 0.01 
212 355 0.01 
212 369 0.01 
212 400 2.01 
212 429 0.01 
212 482 1.01 
212 487 2.01 
212 489 0.01 
294 59 0.01 
294 145 0.01 
294 218 1.01 
294 248 0.01 
294 427 2.01 
294 436 0.01 
294 441 0.01 
294 443 0.01 
294 481 1.01 
294 485 0.01 
294 493 0.01 
294 498 1.01 
161 174 0.01 
161 293 1.01 
161 311 0.01 
161 343 0.01 
161 352 0.01 
161 404 2.01 
161 435 0.01 
161 441 1.01 
161 458 0.01 
161 465 0.01 
161 486 3.01 
161 498 2.01 
177 173 1.01 
177 189 0.01 
177 227 0.01 
177 268 2.01 
177 343 0.01 
177 388 1.01 
177 450 0.01 
177 461 1.01 
177 480 1.01 
177 481 3.01 
177 493 2.01 
177 498 4.01 
189 152 0.01 
189 254 1.01 
189 294 0.01 
189 316 1.01 
189 427 0.01 
189 430 2.01 
189 432 1.01 
189 436 0.01 
189 472 1.01 
189 480 2.01 
189 481 1.01 
189 497 0.01 
178 3 0.01 
178 53 1.01 
178 68 1.01 
178 278 0.01 
178 303 1.01 
178 452 1.01 
178 477 1.01 
178 483 2.01 
178 487 2.01 
178 489 1.01 
178 491 0.01 
178 492 5.01 
372 78 1.01 
372 188 2.01 
372 235 0.01 
372 273 0.01 
372 317 1.01 
372 328 1.01 
372 417 0.01 
372 434 1.01 
372 467 2.01 
372 484 2.01 
372 486 2.01 
372 495 3.01 
188 194 1.01 
188 342 1.01 
188 357 1.01 
188 402 0.01 
188 419 2.01 
188 423 2.01 
188 462 0.01 
188 478 4.01 
188 479 0.01 
188 496 2.01 
188 499 1.01 
188 500 7.01 
192 14 0.01 
192 58 0.01 
192 155 0.01 
192 187 2.01 
192 379 0.01 
192 415 0.01 
192 425 1.01 
192 464 1.01 
192 469 1.01 
192 487 0.01 
192 491 1.01 
192 492 1.01 
256 94 0.01 
256 171 0.01 
256 199 0.01 
256 217 0.01 
256 342 0.01 
256 397 0.01 
256 418 0.01 
256 454 0.01 
256 484 0.01 
256 496 3.01 
256 499 1.01 
256 500 1.01 
203 2 2.01 
203 3 0.01 
203 115 0.01 
203 323 0.01 
203 335 0.01 
203 344 0.01 
203 425 1.01 
203 429 0.01 
203 469 2.01 
203 476 1.01 
203 485 2.01 
203 487 5.01 
204 11 0.01 
204 14 0.01 
204 184 0.01 
204 322 0.01 
204 390 0.01 
204 420 0.01 
204 422 0.01 
204 459 1.01 
204 462 0.01 
204 466 0.01 
204 499 3.01 
204 500 4.01 
208 104 0.01 
208 230 0.01 
208 288 0.01 
208 298 0.01 
208 325 0.01 
208 326 0.01 
208 337 1.01 
208 371 1.01 
208 379 1.01 
208 474 1.01 
208 494 1.01 
208 495 2.01 
230 56 0.01 
230 156 0.01 
230 215 0.01 
230 354 2.01 
230 381 1.01 
230 428 1.01 
230 457 5.01 
230 460 3.01 
230 474 2.01 
230 490 3.01 
230 494 1.01 
230 495 2.01 
275 165 1.01 
275 287 1.01 
275 288 2.01 
275 298 0.01 
275 304 0.01 
275 372 0.01 
275 405 2.01 
275 460 3.01 
275 475 0.01 
275 490 4.01 
275 494 4.01 
275 495 1.01 
