1 95 0.01 
1 319 1.01 
1 340 2.01 
1 365 3.01 
1 406 2.01 
1 462 5.01 
1 465 1.01 
1 475 4.01 
1 496 12.01 
1 497 16.009999999999998 
1 499 17.009999999999998 
1 500 24.009999999999998 
95 18 1.01 
95 42 0.01 
95 165 0.01 
95 229 1.01 
95 258 0.01 
95 286 0.01 
95 406 0.01 
95 423 4.01 
95 440 1.01 
95 451 1.01 
95 454 0.01 
95 500 18.009999999999998 
319 35 0.01 
319 98 1.01 
319 193 1.01 
319 324 5.01 
319 354 2.01 
319 393 14.01 
319 397 2.01 
319 436 2.01 
319 448 8.01 
319 497 20.009999999999998 
319 499 56.01 
319 500 52.01 
340 64 3.01 
340 86 0.01 
340 109 2.01 
340 120 0.01 
340 128 0.01 
340 259 5.01 
340 280 0.01 
340 321 1.01 
340 478 9.01 
340 496 23.009999999999998 
340 497 27.009999999999998 
340 500 39.01 
365 41 1.01 
365 69 2.01 
365 231 3.01 
365 285 2.01 
365 378 6.01 
365 397 2.01 
365 442 5.01 
365 454 8.01 
365 478 12.01 
365 484 9.01 
365 495 10.01 
365 500 60.01 
406 33 0.01 
406 53 0.01 
406 59 5.01 
406 150 1.01 
406 179 3.01 
406 204 1.01 
406 328 2.01 
406 370 7.01 
406 378 7.01 
406 391 1.01 
406 420 0.01 
406 454 5.01 
462 19 10.01 
462 89 2.01 
462 197 2.01 
462 241 2.01 
462 259 22.009999999999998 
462 370 10.01 
462 459 24.009999999999998 
462 466 18.009999999999998 
462 496 74.00999999999999 
462 499 78.00999999999999 
462 500 121.00999999999999 
465 144 1.01 
465 300 9.01 
465 361 4.01 
465 369 7.01 
465 382 11.01 
465 402 4.01 
465 450 1.01 
465 483 33.01 
465 489 51.01 
465 491 27.009999999999998 
465 492 43.01 
475 7 4.01 
475 321 5.01 
475 342 8.01 
475 370 16.009999999999998 
475 402 24.009999999999998 
475 410 19.009999999999998 
475 423 15.01 
475 445 40.01 
475 466 17.009999999999998 
475 499 121.00999999999999 
475 500 183.01 
496 15 10.01 
496 213 17.009999999999998 
496 305 23.009999999999998 
496 324 18.009999999999998 
496 380 25.009999999999998 
496 439 21.009999999999998 
496 448 61.01 
496 468 53.01 
496 473 47.01 
496 479 106.00999999999999 
496 485 49.01 
497 147 14.01 
497 217 11.01 
497 230 14.01 
497 368 29.009999999999998 
497 387 42.01 
497 402 19.009999999999998 
497 448 58.01 
497 478 69.00999999999999 
497 496 178.01 
497 499 237.01 
497 500 277.01 
499 91 21.009999999999998 
499 194 8.01 
499 357 21.009999999999998 
499 366 38.01 
499 385 36.01 
499 387 40.01 
499 409 29.009999999999998 
499 456 98.00999999999999 
499 458 41.01 
499 479 145.01 
499 497 226.01 
500 214 15.01 
500 259 28.009999999999998 
500 375 40.01 
500 393 18.009999999999998 
500 431 53.01 
500 445 55.01 
500 471 95.00999999999999 
500 488 105.00999999999999 
500 496 250.01 
500 497 211.01 
500 499 404.01 
2 79 0.01 
2 141 0.01 
2 264 1.01 
2 272 2.01 
2 304 0.01 
2 369 5.01 
2 388 3.01 
2 452 5.01 
2 469 9.01 
2 483 16.009999999999998 
2 487 27.009999999999998 
2 491 12.01 
79 142 1.01 
79 146 0.01 
79 245 3.01 
79 318 6.01 
79 345 4.01 
79 352 3.01 
79 433 3.01 
79 464 5.01 
79 465 4.01 
79 487 5.01 
79 492 19.009999999999998 
79 496 7.01 
141 16 1.01 
141 300 1.01 
141 315 0.01 
141 349 1.01 
141 408 2.01 
141 464 6.01 
141 476 6.01 
141 477 8.01 
141 483 12.01 
141 489 14.01 
141 491 7.01 
141 492 12.01 
264 20 1.01 
264 151 2.01 
264 249 7.01 
264 313 1.01 
264 335 0.01 
264 474 3.01 
264 483 7.01 
264 487 20.009999999999998 
264 489 11.01 
264 491 11.01 
264 492 25.009999999999998 
264 494 2.01 
272 84 1.01 
272 109 0.01 
272 291 2.01 
272 345 4.01 
272 352 6.01 
272 394 8.01 
272 416 9.01 
272 482 30.009999999999998 
272 483 17.009999999999998 
272 491 21.009999999999998 
272 492 30.009999999999998 
272 499 15.01 
304 221 0.01 
304 227 0.01 
304 243 1.01 
304 275 5.01 
304 297 1.01 
304 373 3.01 
304 398 2.01 
304 460 7.01 
304 474 21.009999999999998 
304 482 7.01 
304 494 17.009999999999998 
304 495 31.009999999999998 
369 99 3.01 
369 103 3.01 
369 212 5.01 
369 242 2.01 
369 343 2.01 
369 352 4.01 
369 386 7.01 
369 425 7.01 
369 447 4.01 
369 455 5.01 
369 476 4.01 
369 492 32.01 
388 142 10.01 
388 170 2.01 
388 291 5.01 
388 313 2.01 
388 347 2.01 
388 386 5.01 
388 415 4.01 
388 452 12.01 
388 455 21.009999999999998 
388 465 6.01 
388 477 27.009999999999998 
388 483 31.009999999999998 
452 63 0.01 
452 82 2.01 
452 190 8.01 
452 222 11.01 
452 272 8.01 
452 282 10.01 
452 383 2.01 
452 424 16.009999999999998 
452 469 35.01 
452 489 50.01 
452 491 38.01 
469 3 4.01 
469 187 6.01 
469 200 6.01 
469 272 12.01 
469 369 13.01 
469 388 11.01 
469 481 30.009999999999998 
469 482 47.01 
469 487 60.01 
469 491 46.01 
469 492 71.00999999999999 
483 99 9.01 
483 167 10.01 
483 203 12.01 
483 314 7.01 
483 416 26.009999999999998 
483 425 30.009999999999998 
483 433 34.01 
483 453 11.01 
483 464 59.01 
483 477 51.01 
483 492 103.00999999999999 
487 79 2.01 
487 159 4.01 
487 222 11.01 
487 364 14.01 
487 408 23.009999999999998 
487 464 71.00999999999999 
487 476 44.01 
487 482 83.00999999999999 
487 489 79.00999999999999 
487 491 71.00999999999999 
487 492 99.00999999999999 
491 8 7.01 
491 20 9.01 
491 21 9.01 
491 187 11.01 
491 382 16.009999999999998 
491 424 25.009999999999998 
491 455 33.01 
491 469 53.01 
491 483 70.00999999999999 
491 487 72.00999999999999 
491 488 35.01 
3 245 1.01 
3 308 1.01 
3 323 1.01 
3 337 1.01 
3 344 1.01 
3 408 6.01 
3 415 4.01 
3 433 6.01 
3 476 8.01 
3 487 11.01 
3 489 19.009999999999998 
3 491 7.01 
245 178 1.01 
245 198 0.01 
245 262 0.01 
245 314 3.01 
245 361 1.01 
245 364 1.01 
245 376 4.01 
245 388 1.01 
245 408 5.01 
245 415 3.01 
245 416 5.01 
245 476 1.01 
308 119 0.01 
308 178 3.01 
308 203 3.01 
308 291 3.01 
308 414 3.01 
308 416 7.01 
308 424 15.01 
308 455 11.01 
308 483 14.01 
308 487 24.009999999999998 
308 489 26.009999999999998 
308 491 13.01 
323 34 0.01 
323 135 2.01 
323 252 0.01 
323 364 4.01 
323 384 3.01 
323 388 10.01 
323 416 9.01 
323 455 15.01 
323 465 3.01 
323 472 3.01 
323 482 14.01 
323 489 10.01 
337 13 1.01 
337 208 4.01 
337 288 1.01 
337 332 6.01 
337 356 2.01 
337 392 10.01 
337 401 7.01 
337 474 18.009999999999998 
337 484 12.01 
337 487 5.01 
337 490 41.01 
337 495 14.01 
344 99 1.01 
344 119 1.01 
344 135 0.01 
344 138 0.01 
344 151 2.01 
344 269 1.01 
344 400 2.01 
344 416 2.01 
344 428 3.01 
344 430 4.01 
344 489 14.01 
344 492 15.01 
408 102 0.01 
408 231 3.01 
408 252 3.01 
408 295 1.01 
408 323 5.01 
408 416 18.009999999999998 
408 452 17.009999999999998 
408 469 32.01 
408 476 14.01 
408 487 20.009999999999998 
408 489 35.01 
408 492 48.01 
415 75 0.01 
415 122 3.01 
415 250 3.01 
415 269 2.01 
415 344 5.01 
415 388 8.01 
415 425 8.01 
415 429 4.01 
415 452 4.01 
415 464 13.01 
415 483 23.009999999999998 
415 492 47.01 
433 167 10.01 
433 278 5.01 
433 318 13.01 
433 323 11.01 
433 349 7.01 
433 424 13.01 
433 447 15.01 
433 452 22.009999999999998 
433 455 16.009999999999998 
433 456 13.01 
433 464 21.009999999999998 
433 492 36.01 
476 250 3.01 
476 330 7.01 
476 384 8.01 
476 406 7.01 
476 416 15.01 
476 452 27.009999999999998 
476 455 24.009999999999998 
476 477 32.01 
476 482 41.01 
476 489 42.01 
476 491 42.01 
489 115 7.01 
489 178 7.01 
489 190 8.01 
489 212 10.01 
489 249 7.01 
489 272 9.01 
489 323 14.01 
489 482 84.00999999999999 
489 487 71.00999999999999 
489 491 81.00999999999999 
489 496 63.01 
4 56 1.01 
4 88 0.01 
4 190 1.01 
4 247 0.01 
4 277 2.01 
4 328 1.01 
4 377 1.01 
4 412 3.01 
4 439 7.01 
4 460 3.01 
4 467 1.01 
4 495 11.01 
56 236 2.01 
56 270 0.01 
56 304 2.01 
56 381 3.01 
56 401 1.01 
56 417 2.01 
56 439 3.01 
56 444 4.01 
56 484 5.01 
56 494 8.01 
56 495 12.01 
56 499 3.01 
88 108 0.01 
88 209 0.01 
88 285 0.01 
88 298 0.01 
88 332 0.01 
88 383 3.01 
88 405 3.01 
88 411 1.01 
88 412 1.01 
88 460 3.01 
88 494 7.01 
88 495 3.01 
190 82 0.01 
190 96 3.01 
190 282 4.01 
190 415 4.01 
190 447 7.01 
190 463 3.01 
190 476 17.009999999999998 
190 477 12.01 
190 479 5.01 
190 487 13.01 
190 489 7.01 
190 492 25.009999999999998 
247 78 1.01 
247 255 1.01 
247 288 1.01 
247 298 2.01 
247 356 0.01 
247 385 1.01 
247 426 2.01 
247 467 6.01 
247 476 1.01 
247 484 2.01 
247 489 5.01 
247 490 2.01 
277 88 0.01 
277 102 1.01 
277 165 1.01 
277 185 0.01 
277 337 6.01 
277 377 0.01 
277 379 3.01 
277 381 4.01 
277 407 8.01 
277 426 0.01 
277 468 3.01 
277 495 14.01 
328 27 1.01 
328 158 0.01 
328 236 2.01 
328 306 1.01 
328 369 2.01 
328 384 3.01 
328 389 6.01 
328 392 10.01 
328 407 7.01 
328 439 11.01 
328 444 4.01 
328 495 19.009999999999998 
377 37 1.01 
377 137 0.01 
377 209 1.01 
377 235 1.01 
377 277 0.01 
377 348 1.01 
377 372 1.01 
377 381 3.01 
377 412 3.01 
377 444 5.01 
377 493 1.01 
377 494 23.009999999999998 
412 11 0.01 
412 56 1.01 
412 177 0.01 
412 389 1.01 
412 392 7.01 
412 398 7.01 
412 401 3.01 
412 411 6.01 
412 428 8.01 
412 439 12.01 
412 484 13.01 
412 490 10.01 
439 26 2.01 
439 108 1.01 
439 180 3.01 
439 273 6.01 
439 277 3.01 
439 279 6.01 
439 306 2.01 
439 398 8.01 
439 417 10.01 
439 444 4.01 
439 461 13.01 
460 4 4.01 
460 37 3.01 
460 304 5.01 
460 381 14.01 
460 405 13.01 
460 449 3.01 
460 451 17.009999999999998 
460 474 30.009999999999998 
460 477 8.01 
460 490 39.01 
460 495 43.01 
467 156 5.01 
467 275 22.009999999999998 
467 317 12.01 
467 337 14.01 
467 356 9.01 
467 417 26.009999999999998 
467 433 7.01 
467 434 5.01 
467 439 18.009999999999998 
467 495 70.00999999999999 
467 497 48.01 
495 17 6.01 
495 216 16.009999999999998 
495 230 28.009999999999998 
495 273 11.01 
495 275 19.009999999999998 
495 287 19.009999999999998 
495 337 19.009999999999998 
495 372 20.009999999999998 
495 398 21.009999999999998 
495 457 46.01 
495 490 71.00999999999999 
5 1 0.01 
5 19 0.01 
5 98 0.01 
5 171 1.01 
5 263 1.01 
5 403 3.01 
5 409 3.01 
5 410 0.01 
5 470 3.01 
5 496 14.01 
5 499 28.009999999999998 
5 500 24.009999999999998 
19 115 1.01 
19 116 0.01 
19 179 2.01 
19 229 0.01 
19 367 0.01 
19 385 10.01 
19 391 4.01 
19 406 2.01 
19 473 1.01 
19 475 6.01 
19 499 29.009999999999998 
19 500 34.01 
98 233 0.01 
98 380 1.01 
98 396 1.01 
98 423 0.01 
98 456 7.01 
98 468 3.01 
98 473 0.01 
98 478 4.01 
98 496 5.01 
98 497 8.01 
98 499 7.01 
98 500 5.01 
171 54 0.01 
171 86 2.01 
171 121 0.01 
171 278 1.01 
171 329 6.01 
171 406 3.01 
171 442 4.01 
171 454 3.01 
171 470 6.01 
171 497 17.009999999999998 
171 499 32.01 
171 500 25.009999999999998 
263 7 1.01 
263 77 0.01 
263 241 0.01 
263 280 0.01 
263 368 1.01 
263 375 2.01 
263 406 6.01 
263 418 1.01 
263 421 6.01 
263 478 3.01 
263 494 6.01 
263 500 12.01 
403 107 4.01 
403 140 4.01 
403 268 3.01 
403 316 13.01 
403 320 1.01 
403 333 5.01 
403 343 5.01 
403 375 5.01 
403 435 15.01 
403 441 9.01 
403 472 14.01 
403 498 45.01 
409 74 8.01 
409 188 7.01 
409 241 2.01 
409 290 4.01 
409 329 6.01 
409 340 5.01 
409 371 4.01 
409 495 16.009999999999998 
409 497 65.00999999999999 
409 498 38.01 
409 499 45.01 
409 500 104.00999999999999 
410 5 3.01 
410 265 3.01 
410 334 7.01 
410 354 8.01 
410 431 12.01 
410 438 3.01 
410 469 10.01 
410 485 15.01 
410 496 41.01 
410 497 57.01 
410 499 65.00999999999999 
410 500 81.00999999999999 
470 46 12.01 
470 73 2.01 
470 188 12.01 
470 334 13.01 
470 459 16.009999999999998 
470 471 49.01 
470 478 38.01 
470 479 52.01 
470 492 28.009999999999998 
470 499 124.00999999999999 
470 500 117.00999999999999 
6 93 0.01 
6 111 0.01 
6 228 1.01 
6 240 0.01 
6 243 0.01 
6 330 2.01 
6 394 5.01 
6 447 9.01 
6 452 2.01 
6 482 10.01 
6 483 13.01 
6 489 6.01 
93 250 1.01 
93 298 2.01 
93 335 1.01 
93 344 1.01 
93 345 2.01 
93 359 1.01 
93 376 3.01 
93 386 0.01 
93 429 1.01 
93 465 0.01 
93 476 3.01 
93 492 7.01 
111 80 0.01 
111 313 0.01 
111 352 2.01 
111 382 6.01 
111 394 3.01 
111 429 1.01 
111 451 0.01 
111 476 5.01 
111 482 6.01 
111 487 7.01 
111 489 6.01 
111 491 10.01 
228 22 1.01 
228 68 2.01 
228 142 2.01 
228 262 0.01 
228 299 0.01 
228 344 0.01 
228 376 1.01 
228 465 4.01 
228 469 6.01 
228 487 11.01 
228 491 12.01 
228 492 19.009999999999998 
240 19 2.01 
240 204 4.01 
240 271 0.01 
240 296 1.01 
240 418 1.01 
240 454 6.01 
240 462 15.01 
240 473 6.01 
240 478 11.01 
240 497 33.01 
240 499 32.01 
240 500 37.01 
243 25 0.01 
243 40 1.01 
243 56 0.01 
243 169 1.01 
243 197 0.01 
243 208 2.01 
243 270 1.01 
243 411 1.01 
243 460 7.01 
243 474 7.01 
243 490 13.01 
243 494 18.009999999999998 
330 93 1.01 
330 249 3.01 
330 286 0.01 
330 291 4.01 
330 388 3.01 
330 433 8.01 
330 447 4.01 
330 464 26.009999999999998 
330 483 19.009999999999998 
330 489 28.009999999999998 
330 491 22.009999999999998 
330 492 28.009999999999998 
394 6 2.01 
394 63 1.01 
394 107 2.01 
394 138 2.01 
394 222 5.01 
394 355 8.01 
394 400 4.01 
394 424 6.01 
394 477 16.009999999999998 
394 482 14.01 
394 489 17.009999999999998 
394 491 37.01 
447 16 2.01 
447 139 5.01 
447 141 3.01 
447 146 4.01 
447 232 4.01 
447 314 7.01 
447 330 5.01 
447 424 9.01 
447 425 19.009999999999998 
447 439 4.01 
447 487 36.01 
482 142 11.01 
482 264 7.01 
482 308 4.01 
482 376 22.009999999999998 
482 408 42.01 
482 410 19.009999999999998 
482 455 25.009999999999998 
482 477 39.01 
482 483 87.00999999999999 
482 487 60.01 
482 492 67.00999999999999 
7 10 0.01 
7 179 2.01 
7 240 0.01 
7 285 3.01 
7 334 2.01 
7 375 2.01 
7 440 3.01 
7 445 5.01 
7 496 12.01 
7 497 21.009999999999998 
7 499 14.01 
7 500 22.009999999999998 
10 38 2.01 
10 366 2.01 
10 390 3.01 
10 395 1.01 
10 431 4.01 
10 454 2.01 
10 462 2.01 
10 468 0.01 
10 470 12.01 
10 496 6.01 
10 499 16.009999999999998 
10 500 12.01 
179 59 2.01 
179 74 1.01 
179 271 0.01 
179 340 0.01 
179 396 0.01 
179 421 3.01 
179 453 5.01 
179 462 7.01 
179 478 5.01 
179 497 17.009999999999998 
179 499 13.01 
179 500 29.009999999999998 
285 24 2.01 
285 67 0.01 
285 91 1.01 
285 128 1.01 
285 370 4.01 
285 422 3.01 
285 468 8.01 
285 470 12.01 
285 475 10.01 
285 497 23.009999999999998 
285 499 23.009999999999998 
285 500 52.01 
334 33 1.01 
334 148 1.01 
334 205 2.01 
334 233 3.01 
334 410 4.01 
334 423 14.01 
334 475 18.009999999999998 
334 479 30.009999999999998 
334 496 24.009999999999998 
334 497 43.01 
334 499 42.01 
334 500 53.01 
375 60 6.01 
375 194 7.01 
375 199 3.01 
375 368 11.01 
375 378 7.01 
375 385 15.01 
375 397 6.01 
375 410 12.01 
375 459 18.009999999999998 
375 466 10.01 
375 475 28.009999999999998 
375 500 29.009999999999998 
440 91 12.01 
440 95 3.01 
440 431 15.01 
440 453 16.009999999999998 
440 456 21.009999999999998 
440 470 28.009999999999998 
440 473 18.009999999999998 
440 479 31.009999999999998 
440 496 65.00999999999999 
440 497 76.00999999999999 
440 500 110.00999999999999 
445 69 7.01 
445 231 6.01 
445 285 4.01 
445 396 9.01 
445 406 15.01 
445 422 7.01 
445 423 17.009999999999998 
445 440 28.009999999999998 
445 448 16.009999999999998 
445 471 41.01 
445 500 77.00999999999999 
8 146 0.01 
8 170 0.01 
8 364 0.01 
8 382 5.01 
8 384 4.01 
8 394 9.01 
8 419 1.01 
8 464 12.01 
8 482 11.01 
8 483 10.01 
8 489 17.009999999999998 
8 492 22.009999999999998 
146 28 0.01 
146 318 2.01 
146 345 0.01 
146 349 1.01 
146 359 5.01 
146 394 2.01 
146 429 1.01 
146 455 7.01 
146 482 8.01 
146 483 8.01 
146 487 14.01 
146 491 8.01 
170 90 1.01 
170 144 0.01 
170 242 1.01 
170 250 2.01 
170 295 2.01 
170 313 0.01 
170 344 2.01 
170 361 1.01 
170 400 0.01 
170 464 8.01 
170 477 3.01 
170 492 11.01 
364 58 6.01 
364 119 2.01 
364 212 3.01 
364 232 1.01 
364 249 3.01 
364 264 5.01 
364 382 3.01 
364 423 2.01 
364 425 10.01 
364 433 14.01 
364 455 16.009999999999998 
364 469 12.01 
382 139 2.01 
382 142 7.01 
382 282 11.01 
382 358 2.01 
382 364 4.01 
382 394 7.01 
382 416 10.01 
382 429 2.01 
382 483 19.009999999999998 
382 487 30.009999999999998 
382 489 34.01 
382 491 29.009999999999998 
384 203 2.01 
384 272 6.01 
384 364 2.01 
384 415 2.01 
384 433 16.009999999999998 
384 443 4.01 
384 465 10.01 
384 469 13.01 
384 482 25.009999999999998 
384 487 18.009999999999998 
384 492 31.009999999999998 
384 498 11.01 
419 35 0.01 
419 105 1.01 
419 224 2.01 
419 271 2.01 
419 290 5.01 
419 305 5.01 
419 398 2.01 
419 448 22.009999999999998 
419 478 13.01 
419 497 50.01 
419 499 58.01 
419 500 63.01 
464 2 4.01 
464 68 5.01 
464 345 13.01 
464 382 21.009999999999998 
464 388 20.009999999999998 
464 447 29.009999999999998 
464 452 16.009999999999998 
464 453 12.01 
464 483 49.01 
464 491 86.00999999999999 
464 492 57.01 
492 49 8.01 
492 58 14.01 
492 318 8.01 
492 352 13.01 
492 359 12.01 
492 386 24.009999999999998 
492 433 40.01 
492 464 51.01 
492 482 77.00999999999999 
492 489 90.00999999999999 
492 498 74.00999999999999 
9 106 3.01 
9 172 3.01 
9 293 4.01 
9 339 5.01 
9 360 4.01 
9 374 4.01 
9 397 2.01 
9 436 7.01 
9 446 4.01 
9 458 13.01 
9 488 17.009999999999998 
9 498 26.009999999999998 
106 51 1.01 
106 196 0.01 
106 202 0.01 
106 226 3.01 
106 301 3.01 
106 307 0.01 
106 347 2.01 
106 413 4.01 
106 432 5.01 
106 437 3.01 
106 485 13.01 
106 499 6.01 
172 132 0.01 
172 195 0.01 
172 226 0.01 
172 315 0.01 
172 320 2.01 
172 339 4.01 
172 357 0.01 
172 363 2.01 
172 403 3.01 
172 486 6.01 
172 488 14.01 
172 498 17.009999999999998 
293 176 1.01 
293 261 2.01 
293 309 10.01 
293 414 7.01 
293 436 8.01 
293 437 11.01 
293 450 12.01 
293 461 11.01 
293 463 25.009999999999998 
293 488 43.01 
293 498 52.01 
293 500 35.01 
339 164 3.01 
339 176 4.01 
339 238 1.01 
339 302 2.01 
339 311 3.01 
339 363 6.01 
339 449 6.01 
339 468 3.01 
339 485 20.009999999999998 
339 486 17.009999999999998 
339 488 28.009999999999998 
339 493 29.009999999999998 
360 92 4.01 
360 251 1.01 
360 260 5.01 
360 333 7.01 
360 353 9.01 
360 414 7.01 
360 458 9.01 
360 463 16.009999999999998 
360 483 2.01 
360 486 21.009999999999998 
360 493 32.01 
360 498 48.01 
374 143 1.01 
374 160 4.01 
374 268 6.01 
374 338 5.01 
374 344 2.01 
374 403 11.01 
374 445 7.01 
374 450 24.009999999999998 
374 458 18.009999999999998 
374 463 35.01 
374 486 40.01 
374 498 24.009999999999998 
397 5 0.01 
397 83 0.01 
397 239 2.01 
397 357 4.01 
397 366 10.01 
397 370 9.01 
397 420 3.01 
397 457 7.01 
397 478 10.01 
397 497 37.01 
397 499 46.01 
397 500 62.01 
436 80 4.01 
436 134 2.01 
436 225 9.01 
436 257 4.01 
436 303 14.01 
436 307 6.01 
436 319 6.01 
436 395 12.01 
436 432 16.009999999999998 
436 437 6.01 
436 493 45.01 
446 30 0.01 
446 42 4.01 
446 154 1.01 
446 172 0.01 
446 191 2.01 
446 403 9.01 
446 435 15.01 
446 443 12.01 
446 481 16.009999999999998 
446 488 33.01 
446 493 32.01 
458 39 8.01 
458 173 12.01 
458 189 6.01 
458 234 13.01 
458 333 10.01 
458 360 10.01 
458 450 38.01 
458 463 46.01 
458 464 12.01 
458 472 34.01 
458 493 59.01 
488 148 7.01 
488 225 15.01 
488 374 27.009999999999998 
488 414 18.009999999999998 
488 427 28.009999999999998 
488 432 17.009999999999998 
488 435 36.01 
488 436 33.01 
488 480 55.01 
488 486 65.00999999999999 
488 493 103.00999999999999 
498 17 22.009999999999998 
498 39 17.009999999999998 
498 293 12.01 
498 303 16.009999999999998 
498 309 17.009999999999998 
498 317 5.01 
498 374 22.009999999999998 
498 413 37.01 
498 441 43.01 
498 461 41.01 
498 463 77.00999999999999 
38 46 1.01 
38 90 0.01 
38 118 2.01 
38 267 0.01 
38 322 4.01 
38 334 4.01 
38 438 4.01 
38 466 6.01 
38 484 11.01 
38 497 55.01 
38 499 24.009999999999998 
38 500 33.01 
366 223 2.01 
366 265 3.01 
366 324 11.01 
366 346 1.01 
366 354 3.01 
366 391 8.01 
366 456 19.009999999999998 
366 468 17.009999999999998 
366 475 21.009999999999998 
366 479 27.009999999999998 
366 499 29.009999999999998 
366 500 80.00999999999999 
390 101 4.01 
390 237 1.01 
390 284 0.01 
390 321 1.01 
390 438 5.01 
390 459 21.009999999999998 
390 473 15.01 
390 478 14.01 
390 491 14.01 
390 492 12.01 
390 496 29.009999999999998 
390 500 70.00999999999999 
395 46 0.01 
395 75 3.01 
395 161 4.01 
395 338 2.01 
395 362 6.01 
395 413 10.01 
395 450 11.01 
395 461 10.01 
395 485 24.009999999999998 
395 486 22.009999999999998 
395 488 31.009999999999998 
395 493 31.009999999999998 
431 205 3.01 
431 213 5.01 
431 224 10.01 
431 380 22.009999999999998 
431 396 18.009999999999998 
431 418 9.01 
431 435 5.01 
431 454 11.01 
431 468 20.009999999999998 
431 471 29.009999999999998 
431 491 20.009999999999998 
431 500 49.01 
454 38 9.01 
454 83 2.01 
454 210 1.01 
454 259 11.01 
454 283 5.01 
454 407 5.01 
454 442 9.01 
454 468 22.009999999999998 
454 473 18.009999999999998 
454 479 47.01 
454 500 92.00999999999999 
468 41 4.01 
468 50 3.01 
468 365 10.01 
468 397 15.01 
468 427 11.01 
468 440 20.009999999999998 
468 462 20.009999999999998 
468 473 20.009999999999998 
468 475 24.009999999999998 
468 499 105.00999999999999 
468 500 134.01 
11 77 0.01 
11 224 0.01 
11 346 0.01 
11 419 1.01 
11 442 0.01 
11 478 6.01 
11 479 6.01 
11 485 6.01 
11 496 10.01 
11 497 11.01 
11 499 19.009999999999998 
11 500 24.009999999999998 
77 7 0.01 
77 81 0.01 
77 147 0.01 
77 182 1.01 
77 267 0.01 
77 312 5.01 
77 391 0.01 
77 470 3.01 
77 480 0.01 
77 496 14.01 
77 499 19.009999999999998 
77 500 12.01 
224 87 4.01 
224 213 2.01 
224 246 2.01 
224 409 5.01 
224 410 2.01 
224 432 2.01 
224 468 8.01 
224 471 11.01 
224 473 10.01 
224 479 16.009999999999998 
224 496 23.009999999999998 
224 500 46.01 
346 166 2.01 
346 378 2.01 
346 393 3.01 
346 422 1.01 
346 447 1.01 
346 468 5.01 
346 473 5.01 
346 475 11.01 
346 496 15.01 
346 497 22.009999999999998 
346 499 32.01 
346 500 32.01 
442 54 0.01 
442 70 1.01 
442 94 0.01 
442 148 5.01 
442 291 1.01 
442 321 4.01 
442 358 9.01 
442 387 11.01 
442 409 7.01 
442 466 25.009999999999998 
442 500 71.00999999999999 
478 10 2.01 
478 32 1.01 
478 38 5.01 
478 129 2.01 
478 378 16.009999999999998 
478 420 11.01 
478 453 31.009999999999998 
478 462 26.009999999999998 
478 497 68.00999999999999 
478 499 126.00999999999999 
478 500 161.01 
479 59 4.01 
479 130 0.01 
479 171 5.01 
479 173 9.01 
479 240 8.01 
479 396 15.01 
479 418 13.01 
479 431 38.01 
479 456 56.01 
479 497 127.00999999999999 
479 500 247.01 
485 43 9.01 
485 301 8.01 
485 307 16.009999999999998 
485 404 18.009999999999998 
485 450 49.01 
485 463 56.01 
485 469 20.009999999999998 
485 472 32.01 
485 486 70.00999999999999 
485 493 94.00999999999999 
485 498 134.01 
12 39 3.01 
12 134 1.01 
12 299 0.01 
12 315 1.01 
12 326 0.01 
12 351 0.01 
12 383 1.01 
12 395 1.01 
12 403 1.01 
12 414 0.01 
12 437 5.01 
12 450 6.01 
39 85 4.01 
39 268 2.01 
39 293 4.01 
39 362 3.01 
39 404 7.01 
39 437 8.01 
39 446 5.01 
39 449 9.01 
39 485 33.01 
39 486 30.009999999999998 
39 498 11.01 
39 500 30.009999999999998 
134 30 1.01 
134 164 1.01 
134 248 1.01 
134 257 1.01 
134 299 2.01 
134 309 2.01 
134 430 3.01 
134 480 4.01 
134 481 5.01 
134 488 17.009999999999998 
134 490 3.01 
134 498 21.009999999999998 
299 31 0.01 
299 143 0.01 
299 145 5.01 
299 251 2.01 
299 254 0.01 
299 261 0.01 
299 336 3.01 
299 338 1.01 
299 437 8.01 
299 450 4.01 
299 458 10.01 
299 499 10.01 
315 31 0.01 
315 100 1.01 
315 176 0.01 
315 391 0.01 
315 414 7.01 
315 441 6.01 
315 458 6.01 
315 485 10.01 
315 486 18.009999999999998 
315 488 11.01 
315 493 10.01 
315 498 16.009999999999998 
326 28 0.01 
326 113 1.01 
326 131 1.01 
326 183 3.01 
326 287 2.01 
326 310 2.01 
326 372 4.01 
326 439 5.01 
326 473 0.01 
326 484 5.01 
326 490 17.009999999999998 
326 495 15.01 
351 80 2.01 
351 153 1.01 
351 268 4.01 
351 301 5.01 
351 315 6.01 
351 403 3.01 
351 444 5.01 
351 449 14.01 
351 450 10.01 
351 480 21.009999999999998 
351 485 44.01 
351 486 11.01 
383 15 1.01 
383 23 3.01 
383 219 6.01 
383 277 5.01 
383 325 4.01 
383 356 5.01 
383 381 5.01 
383 444 13.01 
383 451 18.009999999999998 
383 484 25.009999999999998 
383 490 18.009999999999998 
383 494 35.01 
414 106 2.01 
414 211 0.01 
414 257 1.01 
414 260 5.01 
414 281 6.01 
414 333 7.01 
414 341 6.01 
414 350 8.01 
414 440 7.01 
414 446 10.01 
414 480 17.009999999999998 
414 486 29.009999999999998 
437 114 8.01 
437 174 2.01 
437 191 1.01 
437 195 2.01 
437 225 6.01 
437 292 3.01 
437 351 3.01 
437 403 11.01 
437 442 4.01 
437 481 34.01 
437 488 64.00999999999999 
450 145 10.01 
450 289 8.01 
450 441 32.01 
450 472 27.009999999999998 
450 480 31.009999999999998 
450 481 48.01 
450 486 43.01 
450 488 84.00999999999999 
450 493 60.01 
450 495 22.009999999999998 
450 498 126.00999999999999 
13 43 0.01 
13 306 2.01 
13 317 4.01 
13 321 1.01 
13 336 0.01 
13 381 3.01 
13 389 1.01 
13 444 2.01 
13 451 2.01 
13 460 1.01 
13 484 3.01 
13 495 14.01 
43 114 3.01 
43 175 2.01 
43 195 3.01 
43 225 4.01 
43 303 9.01 
43 411 3.01 
43 427 8.01 
43 430 10.01 
43 436 8.01 
43 449 5.01 
43 480 13.01 
43 498 29.009999999999998 
306 62 2.01 
306 78 2.01 
306 331 0.01 
306 348 6.01 
306 383 4.01 
306 412 1.01 
306 426 3.01 
306 428 4.01 
306 484 6.01 
306 490 13.01 
306 494 20.009999999999998 
306 500 10.01 
317 45 1.01 
317 208 1.01 
317 229 1.01 
317 274 2.01 
317 325 1.01 
317 379 7.01 
317 407 6.01 
317 412 4.01 
317 426 2.01 
317 467 7.01 
317 484 22.009999999999998 
317 490 23.009999999999998 
321 61 1.01 
321 193 0.01 
321 217 3.01 
321 290 2.01 
321 353 0.01 
321 354 5.01 
321 391 1.01 
321 421 6.01 
321 454 3.01 
321 459 3.01 
321 478 6.01 
321 483 9.01 
336 57 4.01 
336 123 1.01 
336 143 1.01 
336 251 0.01 
336 320 1.01 
336 353 1.01 
336 403 2.01 
336 404 2.01 
336 426 1.01 
336 432 7.01 
336 450 5.01 
336 488 22.009999999999998 
381 28 0.01 
381 169 1.01 
381 306 2.01 
381 337 5.01 
381 404 1.01 
381 411 7.01 
381 451 9.01 
381 457 17.009999999999998 
381 460 3.01 
381 484 9.01 
381 490 16.009999999999998 
381 495 30.009999999999998 
389 44 1.01 
389 162 0.01 
389 266 3.01 
389 275 3.01 
389 304 8.01 
389 392 7.01 
389 412 3.01 
389 415 3.01 
389 457 12.01 
389 467 6.01 
389 474 6.01 
389 495 22.009999999999998 
444 27 1.01 
444 62 2.01 
444 78 0.01 
444 158 2.01 
444 310 3.01 
444 412 3.01 
444 457 22.009999999999998 
444 459 4.01 
444 474 17.009999999999998 
444 492 13.01 
444 494 29.009999999999998 
451 137 1.01 
451 230 22.009999999999998 
451 243 4.01 
451 379 8.01 
451 392 9.01 
451 407 17.009999999999998 
451 428 8.01 
451 467 22.009999999999998 
451 483 13.01 
451 490 40.01 
451 494 41.01 
484 158 5.01 
484 169 5.01 
484 337 8.01 
484 396 14.01 
484 401 19.009999999999998 
484 411 11.01 
484 417 18.009999999999998 
484 457 38.01 
484 460 33.01 
484 467 26.009999999999998 
484 494 59.01 
14 30 0.01 
14 93 1.01 
14 141 1.01 
14 252 0.01 
14 278 2.01 
14 331 0.01 
14 355 1.01 
14 416 3.01 
14 455 3.01 
14 483 9.01 
14 491 5.01 
14 492 7.01 
30 253 0.01 
30 315 0.01 
30 320 0.01 
30 325 1.01 
30 339 1.01 
30 414 3.01 
30 435 2.01 
30 443 3.01 
30 449 3.01 
30 460 3.01 
30 463 1.01 
30 486 6.01 
252 2 1.01 
252 97 2.01 
252 278 1.01 
252 295 3.01 
252 359 3.01 
252 376 3.01 
252 447 3.01 
252 476 4.01 
252 477 6.01 
252 487 17.009999999999998 
252 491 7.01 
252 492 17.009999999999998 
278 252 0.01 
278 288 0.01 
278 308 1.01 
278 314 2.01 
278 369 5.01 
278 415 5.01 
278 447 6.01 
278 452 9.01 
278 476 7.01 
278 483 15.01 
278 487 18.009999999999998 
278 492 15.01 
331 137 1.01 
331 209 1.01 
331 274 0.01 
331 327 3.01 
331 379 2.01 
331 389 1.01 
331 413 1.01 
331 434 0.01 
331 444 2.01 
331 474 12.01 
331 494 14.01 
331 495 14.01 
355 6 1.01 
355 8 4.01 
355 79 0.01 
355 146 2.01 
355 269 1.01 
355 278 0.01 
355 344 2.01 
355 452 3.01 
355 455 3.01 
355 467 1.01 
355 469 5.01 
355 491 11.01 
416 16 5.01 
416 66 2.01 
416 262 3.01 
416 278 7.01 
416 345 4.01 
416 433 12.01 
416 447 19.009999999999998 
416 452 14.01 
416 455 14.01 
416 482 28.009999999999998 
416 487 33.01 
416 495 11.01 
455 66 1.01 
455 122 2.01 
455 203 8.01 
455 291 9.01 
455 429 6.01 
455 433 15.01 
455 446 5.01 
455 447 20.009999999999998 
455 464 30.009999999999998 
455 482 34.01 
455 483 47.01 
15 193 3.01 
15 365 4.01 
15 406 3.01 
15 409 8.01 
15 418 1.01 
15 440 4.01 
15 442 4.01 
15 443 1.01 
15 473 7.01 
15 479 11.01 
15 496 7.01 
15 499 27.009999999999998 
193 130 0.01 
193 166 1.01 
193 246 1.01 
193 256 0.01 
193 367 1.01 
193 393 4.01 
193 454 1.01 
193 471 4.01 
193 479 6.01 
193 480 3.01 
193 499 16.009999999999998 
193 500 17.009999999999998 
418 50 1.01 
418 118 1.01 
418 148 7.01 
418 181 5.01 
418 285 2.01 
418 380 8.01 
418 387 15.01 
418 438 6.01 
418 481 8.01 
418 497 42.01 
418 499 62.01 
418 500 78.00999999999999 
443 9 4.01 
443 106 4.01 
443 110 2.01 
443 153 5.01 
443 202 1.01 
443 309 5.01 
443 343 10.01 
443 399 7.01 
443 454 1.01 
443 493 39.01 
443 498 84.00999999999999 
473 19 1.01 
473 74 4.01 
473 296 9.01 
473 312 3.01 
473 380 17.009999999999998 
473 456 28.009999999999998 
473 470 25.009999999999998 
473 496 71.00999999999999 
473 497 96.00999999999999 
473 499 88.00999999999999 
473 500 154.01 
16 295 0.01 
16 355 1.01 
16 369 8.01 
16 424 7.01 
16 429 1.01 
16 447 1.01 
16 452 6.01 
16 466 1.01 
16 477 7.01 
16 482 11.01 
16 489 6.01 
16 491 10.01 
295 71 0.01 
295 192 2.01 
295 242 0.01 
295 245 3.01 
295 373 2.01 
295 400 0.01 
295 464 3.01 
295 469 10.01 
295 476 10.01 
295 482 10.01 
295 491 9.01 
295 492 10.01 
424 103 4.01 
424 151 0.01 
424 242 3.01 
424 416 13.01 
424 447 10.01 
424 452 15.01 
424 469 17.009999999999998 
424 476 19.009999999999998 
424 483 37.01 
424 487 29.009999999999998 
424 491 29.009999999999998 
424 492 57.01 
429 71 0.01 
429 82 1.01 
429 93 3.01 
429 141 0.01 
429 178 3.01 
429 192 3.01 
429 242 4.01 
429 256 1.01 
429 278 2.01 
429 361 3.01 
429 465 7.01 
429 489 17.009999999999998 
466 181 7.01 
466 213 7.01 
466 329 3.01 
466 365 14.01 
466 387 25.009999999999998 
466 459 23.009999999999998 
466 490 22.009999999999998 
466 496 56.01 
466 497 64.00999999999999 
466 499 77.00999999999999 
466 500 107.00999999999999 
477 20 14.01 
477 58 9.01 
477 127 2.01 
477 155 11.01 
477 192 6.01 
477 300 8.01 
477 415 6.01 
477 482 45.01 
477 483 54.01 
477 489 68.00999999999999 
477 491 59.01 
17 72 1.01 
17 123 0.01 
17 305 4.01 
17 307 2.01 
17 353 2.01 
17 427 15.01 
17 441 15.01 
17 458 17.009999999999998 
17 472 16.009999999999998 
17 486 25.009999999999998 
17 493 25.009999999999998 
17 498 10.01 
72 241 1.01 
72 281 2.01 
72 302 2.01 
72 303 3.01 
72 347 2.01 
72 350 1.01 
72 430 4.01 
72 458 13.01 
72 463 10.01 
72 488 14.01 
72 493 18.009999999999998 
72 498 26.009999999999998 
123 76 1.01 
123 100 2.01 
123 154 0.01 
123 261 0.01 
123 276 1.01 
123 320 0.01 
123 336 0.01 
123 378 1.01 
123 403 3.01 
123 446 3.01 
123 486 11.01 
123 498 25.009999999999998 
305 204 1.01 
305 217 8.01 
305 244 0.01 
305 410 7.01 
305 429 3.01 
305 438 4.01 
305 440 6.01 
305 470 16.009999999999998 
305 479 11.01 
305 497 36.01 
305 499 36.01 
305 500 75.00999999999999 
307 196 3.01 
307 248 1.01 
307 292 4.01 
307 336 0.01 
307 374 7.01 
307 414 11.01 
307 441 18.009999999999998 
307 458 17.009999999999998 
307 467 3.01 
307 481 32.01 
307 493 25.009999999999998 
307 498 41.01 
353 65 0.01 
353 172 1.01 
353 174 2.01 
353 245 0.01 
353 309 1.01 
353 399 1.01 
353 458 16.009999999999998 
353 471 9.01 
353 472 9.01 
353 481 16.009999999999998 
353 493 20.009999999999998 
353 498 25.009999999999998 
427 123 1.01 
427 133 6.01 
427 198 5.01 
427 201 5.01 
427 289 6.01 
427 315 4.01 
427 353 3.01 
427 362 9.01 
427 458 39.01 
427 463 31.009999999999998 
427 486 26.009999999999998 
427 489 15.01 
441 43 4.01 
441 57 5.01 
441 85 1.01 
441 114 7.01 
441 253 6.01 
441 311 6.01 
441 334 10.01 
441 339 12.01 
441 461 28.009999999999998 
441 485 71.00999999999999 
441 498 88.00999999999999 
472 43 9.01 
472 234 7.01 
472 290 2.01 
472 362 15.01 
472 363 4.01 
472 437 16.009999999999998 
472 443 22.009999999999998 
472 463 36.01 
472 485 42.01 
472 493 66.00999999999999 
472 498 92.00999999999999 
486 57 11.01 
486 100 15.01 
486 268 16.009999999999998 
486 343 17.009999999999998 
486 351 19.009999999999998 
486 427 31.009999999999998 
486 430 41.01 
486 450 48.01 
486 474 18.009999999999998 
486 488 102.00999999999999 
486 498 145.01 
493 9 8.01 
493 65 12.01 
493 97 4.01 
493 260 12.01 
493 316 19.009999999999998 
493 394 7.01 
493 413 45.01 
493 430 39.01 
493 458 72.00999999999999 
493 481 76.00999999999999 
493 486 97.00999999999999 
18 61 0.01 
18 86 0.01 
18 91 3.01 
18 305 2.01 
18 366 5.01 
18 453 2.01 
18 456 6.01 
18 475 4.01 
18 487 4.01 
18 497 14.01 
18 499 28.009999999999998 
18 500 40.01 
61 148 0.01 
61 229 1.01 
61 286 0.01 
61 406 1.01 
61 445 4.01 
61 459 2.01 
61 466 1.01 
61 471 6.01 
61 475 9.01 
61 496 11.01 
61 497 18.009999999999998 
61 500 27.009999999999998 
86 4 0.01 
86 155 0.01 
86 241 1.01 
86 265 2.01 
86 286 0.01 
86 387 4.01 
86 396 2.01 
86 466 2.01 
86 473 4.01 
86 496 9.01 
86 499 13.01 
86 500 14.01 
91 32 5.01 
91 157 3.01 
91 181 1.01 
91 186 0.01 
91 322 7.01 
91 409 11.01 
91 420 10.01 
91 444 1.01 
91 462 12.01 
91 497 33.01 
91 499 11.01 
91 500 67.00999999999999 
453 29 2.01 
453 128 1.01 
453 201 8.01 
453 258 1.01 
453 312 7.01 
453 366 15.01 
453 410 7.01 
453 420 3.01 
453 470 36.01 
453 477 9.01 
453 500 76.00999999999999 
456 24 5.01 
456 46 5.01 
456 188 12.01 
456 319 8.01 
456 358 5.01 
456 419 5.01 
456 442 10.01 
456 466 17.009999999999998 
456 470 28.009999999999998 
456 499 71.00999999999999 
456 500 186.01 
115 252 0.01 
115 318 3.01 
115 355 2.01 
115 369 1.01 
115 388 4.01 
115 425 4.01 
115 465 7.01 
115 469 7.01 
115 477 7.01 
115 483 17.009999999999998 
115 487 14.01 
115 491 16.009999999999998 
116 87 1.01 
116 130 1.01 
116 210 0.01 
116 263 0.01 
116 354 0.01 
116 462 2.01 
116 471 1.01 
116 474 3.01 
116 475 8.01 
116 478 4.01 
116 497 16.009999999999998 
116 500 15.01 
229 24 2.01 
229 29 0.01 
229 265 1.01 
229 276 0.01 
229 396 3.01 
229 409 2.01 
229 454 2.01 
229 478 3.01 
229 479 8.01 
229 496 18.009999999999998 
229 499 9.01 
229 500 20.009999999999998 
367 61 1.01 
367 171 1.01 
367 256 1.01 
367 305 2.01 
367 375 3.01 
367 409 14.01 
367 431 6.01 
367 440 9.01 
367 448 7.01 
367 453 2.01 
367 499 32.01 
367 500 25.009999999999998 
385 5 0.01 
385 70 4.01 
385 205 7.01 
385 368 13.01 
385 371 5.01 
385 410 10.01 
385 421 8.01 
385 459 18.009999999999998 
385 475 15.01 
385 496 44.01 
385 499 33.01 
385 500 109.00999999999999 
391 124 0.01 
391 194 7.01 
391 204 1.01 
391 233 1.01 
391 257 2.01 
391 402 4.01 
391 409 7.01 
391 454 5.01 
391 456 13.01 
391 497 17.009999999999998 
391 498 11.01 
391 500 37.01 
20 34 0.01 
20 84 5.01 
20 122 7.01 
20 238 0.01 
20 269 1.01 
20 318 1.01 
20 330 1.01 
20 369 4.01 
20 416 7.01 
20 482 23.009999999999998 
20 491 9.01 
20 492 22.009999999999998 
34 45 0.01 
34 115 0.01 
34 144 0.01 
34 388 3.01 
34 433 3.01 
34 447 3.01 
34 452 3.01 
34 469 5.01 
34 477 4.01 
34 489 12.01 
34 491 11.01 
34 492 4.01 
84 232 2.01 
84 250 1.01 
84 318 0.01 
84 330 4.01 
84 425 3.01 
84 429 3.01 
84 465 7.01 
84 469 7.01 
84 487 8.01 
84 488 3.01 
84 489 11.01 
84 491 18.009999999999998 
122 300 1.01 
122 361 0.01 
122 364 2.01 
122 368 3.01 
122 384 3.01 
122 455 5.01 
122 469 8.01 
122 477 19.009999999999998 
122 482 8.01 
122 483 16.009999999999998 
122 487 11.01 
122 489 10.01 
238 17 5.01 
238 92 0.01 
238 174 2.01 
238 289 4.01 
238 307 3.01 
238 360 4.01 
238 406 2.01 
238 461 6.01 
238 472 10.01 
238 485 5.01 
238 486 9.01 
238 498 13.01 
269 8 2.01 
269 103 1.01 
269 139 1.01 
269 144 0.01 
269 232 1.01 
269 272 6.01 
269 313 1.01 
269 361 2.01 
269 429 4.01 
269 477 15.01 
269 489 9.01 
269 492 13.01 
318 21 6.01 
318 22 0.01 
318 84 2.01 
318 300 5.01 
318 314 4.01 
318 370 1.01 
318 376 1.01 
318 384 4.01 
318 447 6.01 
318 476 10.01 
318 489 13.01 
318 492 18.009999999999998 
21 66 4.01 
21 103 1.01 
21 300 4.01 
21 313 1.01 
21 323 2.01 
21 364 4.01 
21 382 4.01 
21 409 0.01 
21 452 2.01 
21 465 7.01 
21 476 4.01 
21 489 8.01 
66 93 0.01 
66 135 1.01 
66 155 0.01 
66 211 0.01 
66 349 3.01 
66 382 5.01 
66 386 1.01 
66 408 4.01 
66 424 7.01 
66 477 7.01 
66 482 11.01 
66 491 21.009999999999998 
103 84 1.01 
103 151 2.01 
103 262 1.01 
103 335 2.01 
103 355 3.01 
103 386 3.01 
103 425 2.01 
103 433 4.01 
103 465 2.01 
103 469 12.01 
103 483 6.01 
103 500 4.01 
300 36 0.01 
300 96 0.01 
300 101 0.01 
300 151 2.01 
300 228 0.01 
300 245 2.01 
300 262 2.01 
300 352 7.01 
300 384 3.01 
300 425 4.01 
300 489 19.009999999999998 
300 492 36.01 
313 63 1.01 
313 96 0.01 
313 111 0.01 
313 200 0.01 
313 301 1.01 
313 308 1.01 
313 384 1.01 
313 394 5.01 
313 482 19.009999999999998 
313 483 14.01 
313 489 6.01 
313 492 12.01 
22 34 0.01 
22 119 1.01 
22 167 3.01 
22 232 0.01 
22 308 1.01 
22 313 2.01 
22 314 1.01 
22 429 1.01 
22 455 2.01 
22 477 4.01 
22 491 8.01 
22 494 3.01 
119 82 1.01 
119 222 1.01 
119 264 0.01 
119 376 4.01 
119 386 1.01 
119 420 0.01 
119 482 7.01 
119 483 8.01 
119 487 11.01 
119 489 6.01 
119 491 4.01 
119 492 13.01 
167 68 1.01 
167 170 1.01 
167 359 5.01 
167 384 3.01 
167 388 2.01 
167 400 5.01 
167 455 13.01 
167 469 7.01 
167 477 15.01 
167 482 9.01 
167 490 2.01 
167 492 27.009999999999998 
232 3 2.01 
232 22 0.01 
232 71 1.01 
232 349 0.01 
232 355 3.01 
232 429 2.01 
232 433 5.01 
232 464 14.01 
232 465 4.01 
232 483 9.01 
232 489 11.01 
232 497 1.01 
314 71 0.01 
314 121 0.01 
314 167 3.01 
314 176 0.01 
314 192 4.01 
314 228 1.01 
314 250 2.01 
314 262 2.01 
314 408 7.01 
314 477 12.01 
314 487 19.009999999999998 
314 492 30.009999999999998 
494 136 14.01 
494 216 21.009999999999998 
494 220 3.01 
494 304 7.01 
494 325 11.01 
494 348 13.01 
494 373 9.01 
494 407 25.009999999999998 
494 439 56.01 
494 451 25.009999999999998 
494 485 45.01 
23 169 0.01 
23 195 0.01 
23 287 7.01 
23 331 0.01 
23 340 0.01 
23 407 5.01 
23 411 3.01 
23 439 5.01 
23 444 6.01 
23 484 8.01 
23 494 10.01 
23 495 16.009999999999998 
169 113 0.01 
169 227 2.01 
169 377 3.01 
169 389 2.01 
169 417 2.01 
169 421 0.01 
169 434 3.01 
169 445 3.01 
169 484 3.01 
169 490 10.01 
169 494 12.01 
169 495 6.01 
195 17 2.01 
195 52 0.01 
195 72 0.01 
195 254 0.01 
195 404 2.01 
195 414 1.01 
195 437 2.01 
195 481 6.01 
195 485 17.009999999999998 
195 486 12.01 
195 487 2.01 
195 498 16.009999999999998 
287 27 5.01 
287 108 1.01 
287 236 3.01 
287 328 7.01 
287 348 6.01 
287 379 4.01 
287 389 4.01 
287 392 6.01 
287 401 6.01 
287 418 4.01 
287 451 12.01 
287 467 14.01 
407 126 1.01 
407 356 7.01 
407 383 9.01 
407 387 7.01 
407 411 14.01 
407 426 5.01 
407 438 2.01 
407 457 19.009999999999998 
407 460 13.01 
407 484 29.009999999999998 
407 495 38.01 
407 496 23.009999999999998 
411 44 2.01 
411 183 3.01 
411 208 2.01 
411 287 4.01 
411 297 4.01 
411 317 16.009999999999998 
411 374 4.01 
411 426 7.01 
411 457 10.01 
411 458 11.01 
411 484 6.01 
411 494 30.009999999999998 
24 64 2.01 
24 157 1.01 
24 321 1.01 
24 365 3.01 
24 367 3.01 
24 375 5.01 
24 478 14.01 
24 488 7.01 
24 496 16.009999999999998 
24 497 23.009999999999998 
24 499 41.01 
24 500 23.009999999999998 
64 18 1.01 
64 48 1.01 
64 95 1.01 
64 127 0.01 
64 153 0.01 
64 271 0.01 
64 358 1.01 
64 418 3.01 
64 421 1.01 
64 448 6.01 
64 499 19.009999999999998 
64 500 8.01 
157 19 3.01 
157 129 0.01 
157 237 1.01 
157 283 0.01 
157 334 0.01 
157 365 1.01 
157 466 7.01 
157 475 10.01 
157 479 15.01 
157 497 13.01 
157 499 25.009999999999998 
157 500 35.01 
25 102 1.01 
25 131 0.01 
25 205 1.01 
25 215 0.01 
25 247 0.01 
25 277 1.01 
25 327 0.01 
25 444 1.01 
25 474 11.01 
25 494 4.01 
25 495 6.01 
25 498 6.01 
102 108 2.01 
102 298 0.01 
102 331 1.01 
102 398 1.01 
102 407 2.01 
102 416 1.01 
102 426 1.01 
102 438 0.01 
102 457 4.01 
102 472 1.01 
102 474 3.01 
102 494 9.01 
131 26 1.01 
131 45 0.01 
131 102 1.01 
131 324 0.01 
131 377 1.01 
131 392 1.01 
131 417 3.01 
131 439 1.01 
131 467 4.01 
131 486 3.01 
131 490 2.01 
131 495 5.01 
205 285 0.01 
205 340 0.01 
205 346 1.01 
205 354 4.01 
205 378 1.01 
205 416 1.01 
205 419 3.01 
205 438 4.01 
205 468 2.01 
205 497 17.009999999999998 
205 499 22.009999999999998 
205 500 26.009999999999998 
215 230 3.01 
215 310 0.01 
215 373 8.01 
215 428 2.01 
215 434 1.01 
215 439 14.01 
215 441 4.01 
215 460 7.01 
215 467 5.01 
215 484 6.01 
215 490 3.01 
215 495 17.009999999999998 
327 125 2.01 
327 135 0.01 
327 192 1.01 
327 325 2.01 
327 328 3.01 
327 337 5.01 
327 389 4.01 
327 457 9.01 
327 467 10.01 
327 484 12.01 
327 490 17.009999999999998 
327 494 17.009999999999998 
474 89 4.01 
474 219 2.01 
474 275 16.009999999999998 
474 372 18.009999999999998 
474 401 16.009999999999998 
474 428 16.009999999999998 
474 456 11.01 
474 457 26.009999999999998 
474 460 29.009999999999998 
474 479 21.009999999999998 
474 494 59.01 
26 13 0.01 
26 122 0.01 
26 162 0.01 
26 216 2.01 
26 255 0.01 
26 266 1.01 
26 348 5.01 
26 426 5.01 
26 484 2.01 
26 490 8.01 
26 495 6.01 
26 496 18.009999999999998 
162 220 0.01 
162 247 0.01 
162 264 1.01 
162 393 0.01 
162 412 0.01 
162 417 1.01 
162 460 1.01 
162 467 1.01 
162 484 3.01 
162 490 3.01 
162 494 2.01 
162 495 7.01 
216 27 5.01 
216 120 1.01 
216 136 5.01 
216 270 1.01 
216 379 5.01 
216 381 4.01 
216 389 4.01 
216 439 17.009999999999998 
216 444 5.01 
216 451 6.01 
216 479 2.01 
216 495 13.01 
255 23 2.01 
255 149 0.01 
255 219 2.01 
255 253 0.01 
255 337 4.01 
255 383 3.01 
255 392 5.01 
255 405 3.01 
255 444 2.01 
255 474 4.01 
255 490 6.01 
255 495 14.01 
266 44 1.01 
266 62 1.01 
266 137 1.01 
266 180 0.01 
266 215 1.01 
266 268 2.01 
266 325 6.01 
266 398 2.01 
266 460 6.01 
266 484 10.01 
266 494 11.01 
266 495 18.009999999999998 
348 120 4.01 
348 156 2.01 
348 275 6.01 
348 297 0.01 
348 317 4.01 
348 366 4.01 
348 398 4.01 
348 411 4.01 
348 490 13.01 
348 494 8.01 
348 495 28.009999999999998 
348 497 9.01 
426 13 2.01 
426 251 1.01 
426 325 7.01 
426 392 2.01 
426 407 7.01 
426 428 3.01 
426 439 16.009999999999998 
426 450 9.01 
426 484 15.01 
426 490 14.01 
426 494 21.009999999999998 
426 495 17.009999999999998 
490 1 0.01 
490 38 5.01 
490 183 5.01 
490 215 7.01 
490 383 14.01 
490 457 52.01 
490 467 46.01 
490 474 41.01 
490 484 55.01 
490 494 73.00999999999999 
490 495 87.00999999999999 
27 50 2.01 
27 113 1.01 
27 136 0.01 
27 219 3.01 
27 227 0.01 
27 279 4.01 
27 373 3.01 
27 398 4.01 
27 457 9.01 
27 484 12.01 
27 494 19.009999999999998 
27 495 22.009999999999998 
50 116 0.01 
50 194 6.01 
50 206 1.01 
50 371 1.01 
50 402 3.01 
50 419 3.01 
50 438 2.01 
50 470 6.01 
50 471 5.01 
50 496 19.009999999999998 
50 497 8.01 
50 500 20.009999999999998 
113 165 1.01 
113 221 1.01 
113 235 3.01 
113 255 0.01 
113 298 1.01 
113 308 0.01 
113 401 0.01 
113 411 0.01 
113 434 1.01 
113 439 3.01 
113 444 1.01 
113 490 3.01 
136 47 1.01 
136 104 1.01 
136 209 0.01 
136 288 1.01 
136 304 4.01 
136 328 5.01 
136 412 2.01 
136 444 7.01 
136 467 4.01 
136 481 14.01 
136 484 13.01 
136 494 6.01 
219 4 0.01 
219 227 1.01 
219 236 1.01 
219 243 2.01 
219 273 2.01 
219 310 0.01 
219 331 1.01 
219 417 6.01 
219 457 13.01 
219 493 5.01 
219 494 18.009999999999998 
219 495 27.009999999999998 
227 37 1.01 
227 230 8.01 
227 279 1.01 
227 310 1.01 
227 326 0.01 
227 331 1.01 
227 373 0.01 
227 426 1.01 
227 434 3.01 
227 441 2.01 
227 484 6.01 
227 490 7.01 
279 230 10.01 
279 262 0.01 
279 331 1.01 
279 332 0.01 
279 381 3.01 
279 405 5.01 
279 412 4.01 
279 428 3.01 
279 444 7.01 
279 484 12.01 
279 494 22.009999999999998 
279 499 9.01 
373 104 4.01 
373 163 1.01 
373 185 1.01 
373 306 6.01 
373 379 7.01 
373 392 6.01 
373 411 4.01 
373 473 2.01 
373 490 25.009999999999998 
373 494 15.01 
373 495 31.009999999999998 
373 500 25.009999999999998 
398 45 4.01 
398 96 1.01 
398 104 6.01 
398 183 1.01 
398 219 4.01 
398 259 8.01 
398 279 4.01 
398 405 6.01 
398 434 6.01 
398 437 5.01 
398 474 11.01 
398 490 24.009999999999998 
457 156 8.01 
457 236 7.01 
457 266 4.01 
457 279 5.01 
457 287 8.01 
457 333 5.01 
457 383 17.009999999999998 
457 401 17.009999999999998 
457 405 16.009999999999998 
457 467 20.009999999999998 
457 494 58.01 
28 63 0.01 
28 131 0.01 
28 137 1.01 
28 243 0.01 
28 326 1.01 
28 379 3.01 
28 425 1.01 
28 426 0.01 
28 457 2.01 
28 474 3.01 
28 494 6.01 
28 495 4.01 
63 66 2.01 
63 291 0.01 
63 349 5.01 
63 364 2.01 
63 394 2.01 
63 424 0.01 
63 429 0.01 
63 476 7.01 
63 478 0.01 
63 482 11.01 
63 487 6.01 
63 491 7.01 
137 44 2.01 
137 116 0.01 
137 158 1.01 
137 274 1.01 
137 281 0.01 
137 417 3.01 
137 444 1.01 
137 451 2.01 
137 460 3.01 
137 490 10.01 
137 495 9.01 
137 496 9.01 
379 149 0.01 
379 255 4.01 
379 277 1.01 
379 297 3.01 
379 317 9.01 
379 326 1.01 
379 342 2.01 
379 383 7.01 
379 484 7.01 
379 490 17.009999999999998 
379 495 25.009999999999998 
379 497 21.009999999999998 
425 2 5.01 
425 6 4.01 
425 228 0.01 
425 261 2.01 
425 345 3.01 
425 359 7.01 
425 408 8.01 
425 482 35.01 
425 483 20.009999999999998 
425 489 41.01 
425 491 35.01 
425 492 42.01 
29 129 1.01 
29 197 1.01 
29 237 0.01 
29 284 0.01 
29 305 2.01 
29 354 2.01 
29 371 3.01 
29 445 4.01 
29 466 6.01 
29 496 7.01 
29 499 17.009999999999998 
29 500 15.01 
129 5 3.01 
129 121 1.01 
129 246 0.01 
129 280 1.01 
129 283 1.01 
129 305 0.01 
129 396 7.01 
129 473 7.01 
129 494 3.01 
129 496 14.01 
129 499 18.009999999999998 
129 500 17.009999999999998 
197 335 1.01 
197 418 6.01 
197 442 2.01 
197 466 3.01 
197 468 6.01 
197 471 5.01 
197 473 3.01 
197 478 7.01 
197 479 12.01 
197 497 10.01 
197 499 12.01 
197 500 17.009999999999998 
237 86 0.01 
237 224 2.01 
237 258 0.01 
237 267 1.01 
237 271 0.01 
237 378 0.01 
237 400 1.01 
237 402 3.01 
237 406 2.01 
237 497 19.009999999999998 
237 499 14.01 
237 500 23.009999999999998 
284 105 1.01 
284 214 2.01 
284 366 3.01 
284 385 2.01 
284 392 2.01 
284 420 1.01 
284 431 5.01 
284 445 4.01 
284 453 4.01 
284 496 5.01 
284 497 12.01 
284 500 19.009999999999998 
354 57 3.01 
354 150 0.01 
354 240 3.01 
354 285 1.01 
354 290 1.01 
354 385 13.01 
354 438 5.01 
354 440 6.01 
354 445 12.01 
354 448 5.01 
354 479 20.009999999999998 
354 496 21.009999999999998 
371 199 2.01 
371 205 1.01 
371 322 1.01 
371 375 5.01 
371 390 1.01 
371 431 7.01 
371 466 8.01 
371 473 3.01 
371 475 8.01 
371 478 6.01 
371 499 49.01 
371 500 36.01 
253 191 2.01 
253 226 0.01 
253 235 1.01 
253 293 9.01 
253 301 3.01 
253 441 4.01 
253 461 4.01 
253 463 8.01 
253 480 12.01 
253 481 18.009999999999998 
253 493 12.01 
253 498 27.009999999999998 
320 131 0.01 
320 154 0.01 
320 175 2.01 
320 294 1.01 
320 315 2.01 
320 399 5.01 
320 404 1.01 
320 414 5.01 
320 443 2.01 
320 482 2.01 
320 486 4.01 
320 498 17.009999999999998 
325 89 5.01 
325 214 2.01 
325 270 6.01 
325 277 2.01 
325 326 0.01 
325 331 1.01 
325 383 3.01 
325 401 9.01 
325 451 8.01 
325 460 8.01 
325 484 14.01 
325 495 19.009999999999998 
435 40 2.01 
435 164 6.01 
435 309 6.01 
435 350 3.01 
435 403 7.01 
435 432 16.009999999999998 
435 437 12.01 
435 441 25.009999999999998 
435 461 19.009999999999998 
435 464 11.01 
435 486 49.01 
449 85 3.01 
449 114 4.01 
449 225 5.01 
449 301 5.01 
449 336 4.01 
449 395 4.01 
449 413 14.01 
449 436 18.009999999999998 
449 488 39.01 
449 492 11.01 
449 498 56.01 
463 177 1.01 
463 299 4.01 
463 307 15.01 
463 363 16.009999999999998 
463 435 23.009999999999998 
463 441 43.01 
463 443 16.009999999999998 
463 462 13.01 
463 481 76.00999999999999 
463 488 66.00999999999999 
463 498 94.00999999999999 
31 40 0.01 
31 164 1.01 
31 207 0.01 
31 226 2.01 
31 234 1.01 
31 313 1.01 
31 441 2.01 
31 449 2.01 
31 472 2.01 
31 485 12.01 
31 486 10.01 
31 488 7.01 
40 107 0.01 
40 152 2.01 
40 176 1.01 
40 404 5.01 
40 435 1.01 
40 436 1.01 
40 461 7.01 
40 470 1.01 
40 480 7.01 
40 485 6.01 
40 493 8.01 
40 498 10.01 
164 88 0.01 
164 132 0.01 
164 161 1.01 
164 268 0.01 
164 351 4.01 
164 353 2.01 
164 363 2.01 
164 446 6.01 
164 461 5.01 
164 463 7.01 
164 480 14.01 
164 498 16.009999999999998 
207 152 0.01 
207 175 0.01 
207 211 0.01 
207 301 4.01 
207 307 3.01 
207 338 1.01 
207 401 0.01 
207 435 6.01 
207 441 4.01 
207 454 1.01 
207 480 8.01 
207 485 5.01 
226 40 0.01 
226 125 0.01 
226 199 0.01 
226 338 0.01 
226 353 1.01 
226 413 4.01 
226 414 2.01 
226 463 5.01 
226 485 7.01 
226 488 17.009999999999998 
226 493 11.01 
226 498 16.009999999999998 
234 341 5.01 
234 374 7.01 
234 430 14.01 
234 432 9.01 
234 436 13.01 
234 463 16.009999999999998 
234 470 4.01 
234 480 18.009999999999998 
234 486 12.01 
234 488 31.009999999999998 
234 493 18.009999999999998 
234 498 35.01 
32 33 1.01 
32 231 0.01 
32 265 3.01 
32 366 3.01 
32 367 2.01 
32 380 4.01 
32 418 2.01 
32 438 4.01 
32 448 4.01 
32 478 3.01 
32 499 29.009999999999998 
32 500 23.009999999999998 
33 50 0.01 
33 168 1.01 
33 244 0.01 
33 263 0.01 
33 286 0.01 
33 305 2.01 
33 382 1.01 
33 442 1.01 
33 462 2.01 
33 496 9.01 
33 499 13.01 
33 500 22.009999999999998 
231 77 1.01 
231 124 0.01 
231 130 1.01 
231 186 1.01 
231 284 0.01 
231 310 0.01 
231 321 2.01 
231 410 6.01 
231 438 7.01 
231 466 6.01 
231 471 9.01 
231 500 30.009999999999998 
265 24 1.01 
265 33 0.01 
265 258 0.01 
265 324 2.01 
265 393 4.01 
265 448 5.01 
265 454 2.01 
265 468 8.01 
265 473 3.01 
265 496 17.009999999999998 
265 499 38.01 
265 500 40.01 
380 101 1.01 
380 147 11.01 
380 157 2.01 
380 179 2.01 
380 182 4.01 
380 224 3.01 
380 273 2.01 
380 324 4.01 
380 390 4.01 
380 496 27.009999999999998 
380 499 49.01 
380 500 83.00999999999999 
438 223 5.01 
438 239 0.01 
438 316 2.01 
438 385 16.009999999999998 
438 397 5.01 
438 410 10.01 
438 421 10.01 
438 448 13.01 
438 459 10.01 
438 496 40.01 
438 500 77.00999999999999 
448 76 2.01 
448 101 6.01 
448 188 13.01 
448 214 21.009999999999998 
448 271 4.01 
448 282 2.01 
448 423 15.01 
448 445 20.009999999999998 
448 470 21.009999999999998 
448 497 51.01 
448 500 188.01 
168 54 0.01 
168 55 0.01 
168 61 0.01 
168 112 0.01 
168 365 2.01 
168 396 3.01 
168 459 1.01 
168 462 6.01 
168 466 2.01 
168 496 5.01 
168 497 10.01 
168 500 16.009999999999998 
244 67 2.01 
244 109 0.01 
244 156 1.01 
244 217 2.01 
244 223 0.01 
244 358 1.01 
244 448 5.01 
244 453 3.01 
244 475 6.01 
244 497 12.01 
244 499 14.01 
244 500 25.009999999999998 
286 67 0.01 
286 74 0.01 
286 171 3.01 
286 239 2.01 
286 267 1.01 
286 448 11.01 
286 456 2.01 
286 471 3.01 
286 478 4.01 
286 493 3.01 
286 496 6.01 
286 500 32.01 
45 2 1.01 
45 162 1.01 
45 227 1.01 
45 243 0.01 
45 306 1.01 
45 326 0.01 
45 332 0.01 
45 461 4.01 
45 467 6.01 
45 490 8.01 
45 494 5.01 
45 495 6.01 
144 308 0.01 
144 335 1.01 
144 386 0.01 
144 400 0.01 
144 433 7.01 
144 455 1.01 
144 465 0.01 
144 476 4.01 
144 477 4.01 
144 482 5.01 
144 492 9.01 
144 494 5.01 
35 60 2.01 
35 69 1.01 
35 229 1.01 
35 321 2.01 
35 350 1.01 
35 393 5.01 
35 466 4.01 
35 478 3.01 
35 496 12.01 
35 497 18.009999999999998 
35 499 22.009999999999998 
35 500 36.01 
60 1 4.01 
60 59 0.01 
60 70 0.01 
60 118 0.01 
60 159 2.01 
60 229 1.01 
60 297 0.01 
60 370 2.01 
60 371 0.01 
60 387 14.01 
60 497 23.009999999999998 
60 500 44.01 
69 36 0.01 
69 112 0.01 
69 166 1.01 
69 194 2.01 
69 366 8.01 
69 396 1.01 
69 438 2.01 
69 445 6.01 
69 466 5.01 
69 468 6.01 
69 499 25.009999999999998 
69 500 42.01 
350 12 0.01 
350 140 0.01 
350 177 0.01 
350 207 0.01 
350 302 3.01 
350 423 0.01 
350 427 3.01 
350 449 4.01 
350 480 14.01 
350 488 19.009999999999998 
350 493 23.009999999999998 
350 498 29.009999999999998 
393 67 0.01 
393 265 3.01 
393 283 0.01 
393 340 2.01 
393 365 6.01 
393 448 23.009999999999998 
393 456 23.009999999999998 
393 473 12.01 
393 479 26.009999999999998 
393 496 40.01 
393 499 56.01 
393 500 20.009999999999998 
36 31 0.01 
36 83 1.01 
36 116 0.01 
36 231 3.01 
36 265 0.01 
36 280 0.01 
36 390 2.01 
36 402 4.01 
36 473 5.01 
36 479 5.01 
36 499 12.01 
36 500 18.009999999999998 
83 33 0.01 
83 48 0.01 
83 179 2.01 
83 312 4.01 
83 390 3.01 
83 419 4.01 
83 440 2.01 
83 442 5.01 
83 448 5.01 
83 496 13.01 
83 499 12.01 
83 500 39.01 
280 35 1.01 
280 60 1.01 
280 70 2.01 
280 210 4.01 
280 233 2.01 
280 366 10.01 
280 376 1.01 
280 385 3.01 
280 396 2.01 
280 420 3.01 
280 496 32.01 
280 500 24.009999999999998 
402 7 1.01 
402 35 1.01 
402 61 1.01 
402 73 4.01 
402 116 1.01 
402 159 4.01 
402 189 2.01 
402 267 0.01 
402 421 4.01 
402 483 11.01 
402 496 30.009999999999998 
402 500 66.00999999999999 
37 220 2.01 
37 273 2.01 
37 411 3.01 
37 457 2.01 
37 460 3.01 
37 467 5.01 
37 474 9.01 
37 477 1.01 
37 484 8.01 
37 490 4.01 
37 494 11.01 
37 495 10.01 
220 204 0.01 
220 221 1.01 
220 247 0.01 
220 266 4.01 
220 330 1.01 
220 377 4.01 
220 439 12.01 
220 451 4.01 
220 467 5.01 
220 474 14.01 
220 490 22.009999999999998 
220 494 3.01 
273 180 4.01 
273 255 2.01 
273 348 5.01 
273 372 3.01 
273 428 6.01 
273 451 7.01 
273 457 15.01 
273 484 12.01 
273 490 22.009999999999998 
273 492 9.01 
273 494 24.009999999999998 
273 495 15.01 
46 87 0.01 
46 124 0.01 
46 184 3.01 
46 354 2.01 
46 405 2.01 
46 419 3.01 
46 442 6.01 
46 453 8.01 
46 478 15.01 
46 496 24.009999999999998 
46 499 46.01 
46 500 31.009999999999998 
90 95 0.01 
90 263 1.01 
90 357 3.01 
90 402 0.01 
90 419 2.01 
90 431 2.01 
90 442 2.01 
90 456 4.01 
90 466 2.01 
90 497 9.01 
90 499 8.01 
90 500 11.01 
118 29 0.01 
118 55 1.01 
118 65 1.01 
118 94 0.01 
118 159 4.01 
118 346 0.01 
118 393 1.01 
118 422 0.01 
118 460 1.01 
118 466 1.01 
118 499 10.01 
118 500 32.01 
267 29 3.01 
267 168 0.01 
267 210 1.01 
267 223 2.01 
267 258 0.01 
267 285 1.01 
267 357 3.01 
267 397 5.01 
267 422 1.01 
267 440 2.01 
267 499 12.01 
267 500 19.009999999999998 
322 127 0.01 
322 129 4.01 
322 286 0.01 
322 357 3.01 
322 402 7.01 
322 409 6.01 
322 440 4.01 
322 478 15.01 
322 479 14.01 
322 497 13.01 
322 499 38.01 
322 500 34.01 
85 39 5.01 
85 51 0.01 
85 261 0.01 
85 302 1.01 
85 336 1.01 
85 338 1.01 
85 339 8.01 
85 399 1.01 
85 486 13.01 
85 488 16.009999999999998 
85 498 26.009999999999998 
85 499 12.01 
268 154 2.01 
268 161 3.01 
268 177 3.01 
268 196 3.01 
268 281 3.01 
268 316 2.01 
268 360 3.01 
268 395 8.01 
268 446 7.01 
268 448 6.01 
268 493 30.009999999999998 
268 498 40.01 
362 17 13.01 
362 238 0.01 
362 343 7.01 
362 395 2.01 
362 427 8.01 
362 441 10.01 
362 450 12.01 
362 480 17.009999999999998 
362 481 37.01 
362 488 38.01 
362 498 45.01 
362 500 24.009999999999998 
404 31 0.01 
404 211 5.01 
404 360 5.01 
404 413 16.009999999999998 
404 424 3.01 
404 436 9.01 
404 458 21.009999999999998 
404 463 15.01 
404 469 8.01 
404 481 27.009999999999998 
404 493 44.01 
404 498 43.01 
107 175 1.01 
107 238 1.01 
107 339 2.01 
107 341 2.01 
107 374 4.01 
107 381 0.01 
107 413 3.01 
107 427 6.01 
107 432 7.01 
107 464 3.01 
107 480 10.01 
107 498 19.009999999999998 
152 31 3.01 
152 92 1.01 
152 281 1.01 
152 347 4.01 
152 399 3.01 
152 413 2.01 
152 446 3.01 
152 459 2.01 
152 461 3.01 
152 481 7.01 
152 485 7.01 
152 498 22.009999999999998 
176 107 4.01 
176 154 1.01 
176 292 1.01 
176 301 1.01 
176 303 1.01 
176 311 0.01 
176 315 0.01 
176 446 1.01 
176 472 5.01 
176 485 6.01 
176 497 3.01 
176 498 19.009999999999998 
461 52 2.01 
461 152 5.01 
461 211 4.01 
461 281 3.01 
461 293 11.01 
461 294 5.01 
461 316 8.01 
461 435 17.009999999999998 
461 437 17.009999999999998 
461 487 15.01 
461 498 68.00999999999999 
480 44 0.01 
480 100 5.01 
480 133 7.01 
480 145 7.01 
480 225 16.009999999999998 
480 339 8.01 
480 436 25.009999999999998 
480 450 37.01 
480 458 57.01 
480 481 44.01 
480 485 60.01 
41 95 0.01 
41 284 0.01 
41 319 2.01 
41 357 7.01 
41 397 3.01 
41 420 5.01 
41 438 3.01 
41 455 1.01 
41 456 5.01 
41 468 5.01 
41 499 20.009999999999998 
41 500 35.01 
357 60 4.01 
357 296 3.01 
357 319 4.01 
357 365 9.01 
357 418 10.01 
357 445 21.009999999999998 
357 451 7.01 
357 471 12.01 
357 486 13.01 
357 497 40.01 
357 499 40.01 
357 500 83.00999999999999 
420 186 0.01 
420 294 1.01 
420 305 8.01 
420 366 9.01 
420 370 5.01 
420 419 3.01 
420 423 11.01 
420 431 12.01 
420 448 5.01 
420 471 18.009999999999998 
420 475 8.01 
420 500 65.00999999999999 
42 73 0.01 
42 76 0.01 
42 147 0.01 
42 159 0.01 
42 171 1.01 
42 197 1.01 
42 239 0.01 
42 358 0.01 
42 385 5.01 
42 402 2.01 
42 497 19.009999999999998 
42 499 48.01 
73 10 1.01 
73 36 0.01 
73 213 3.01 
73 385 7.01 
73 420 5.01 
73 448 7.01 
73 468 4.01 
73 470 6.01 
73 475 8.01 
73 489 3.01 
73 499 30.009999999999998 
73 500 25.009999999999998 
76 260 1.01 
76 284 1.01 
76 358 2.01 
76 371 0.01 
76 378 3.01 
76 397 1.01 
76 402 2.01 
76 456 7.01 
76 459 6.01 
76 473 6.01 
76 497 14.01 
76 500 18.009999999999998 
147 55 0.01 
147 159 4.01 
147 179 0.01 
147 181 3.01 
147 237 3.01 
147 296 6.01 
147 370 1.01 
147 440 6.01 
147 456 13.01 
147 462 6.01 
147 499 44.01 
147 500 51.01 
159 267 0.01 
159 342 2.01 
159 406 0.01 
159 418 2.01 
159 419 1.01 
159 421 2.01 
159 453 2.01 
159 456 5.01 
159 475 7.01 
159 486 7.01 
159 497 24.009999999999998 
159 500 19.009999999999998 
239 148 1.01 
239 258 0.01 
239 368 2.01 
239 423 4.01 
239 435 1.01 
239 438 3.01 
239 459 1.01 
239 468 4.01 
239 471 6.01 
239 479 2.01 
239 499 18.009999999999998 
239 500 19.009999999999998 
358 81 0.01 
358 240 1.01 
358 319 3.01 
358 376 3.01 
358 454 6.01 
358 462 7.01 
358 468 10.01 
358 470 11.01 
358 475 9.01 
358 478 9.01 
358 479 13.01 
358 499 48.01 
114 12 0.01 
114 175 0.01 
114 207 1.01 
114 218 0.01 
114 226 1.01 
114 289 1.01 
114 374 2.01 
114 458 15.01 
114 480 8.01 
114 482 6.01 
114 485 18.009999999999998 
114 498 27.009999999999998 
175 110 2.01 
175 277 0.01 
175 309 0.01 
175 430 6.01 
175 434 0.01 
175 443 1.01 
175 449 1.01 
175 463 4.01 
175 472 7.01 
175 486 3.01 
175 488 3.01 
175 498 10.01 
225 145 6.01 
225 206 0.01 
225 234 6.01 
225 362 4.01 
225 437 6.01 
225 443 2.01 
225 449 11.01 
225 461 16.009999999999998 
225 481 23.009999999999998 
225 486 31.009999999999998 
225 493 27.009999999999998 
225 498 53.01 
303 97 4.01 
303 161 2.01 
303 177 3.01 
303 234 8.01 
303 276 1.01 
303 289 4.01 
303 360 8.01 
303 375 0.01 
303 436 10.01 
303 481 25.009999999999998 
303 488 33.01 
303 498 20.009999999999998 
430 75 0.01 
430 132 2.01 
430 136 2.01 
430 292 3.01 
430 341 8.01 
430 362 7.01 
430 414 15.01 
430 458 35.01 
430 472 17.009999999999998 
430 485 61.01 
430 488 49.01 
430 498 71.00999999999999 
44 25 1.01 
44 156 0.01 
44 215 2.01 
44 327 0.01 
44 383 1.01 
44 411 3.01 
44 428 1.01 
44 431 3.01 
44 434 1.01 
44 451 6.01 
44 484 8.01 
44 495 5.01 
156 78 0.01 
156 247 1.01 
156 288 2.01 
156 326 3.01 
156 345 0.01 
156 348 3.01 
156 426 5.01 
156 434 2.01 
156 453 3.01 
156 467 8.01 
156 484 16.009999999999998 
156 494 18.009999999999998 
428 23 3.01 
428 25 1.01 
428 105 0.01 
428 236 4.01 
428 255 3.01 
428 275 5.01 
428 279 3.01 
428 328 4.01 
428 405 2.01 
428 417 7.01 
428 468 5.01 
428 495 35.01 
434 274 3.01 
434 275 9.01 
434 280 1.01 
434 325 8.01 
434 326 3.01 
434 332 3.01 
434 392 8.01 
434 401 7.01 
434 467 5.01 
434 494 29.009999999999998 
434 499 15.01 
332 37 2.01 
332 186 1.01 
332 274 2.01 
332 283 1.01 
332 356 4.01 
332 379 5.01 
332 407 4.01 
332 434 1.01 
332 451 8.01 
332 475 5.01 
332 490 8.01 
332 495 13.01 
87 237 1.01 
87 296 0.01 
87 391 3.01 
87 402 3.01 
87 420 0.01 
87 425 1.01 
87 431 3.01 
87 454 1.01 
87 473 2.01 
87 475 1.01 
87 497 11.01 
87 500 11.01 
124 127 0.01 
124 205 3.01 
124 244 0.01 
124 342 0.01 
124 365 3.01 
124 367 0.01 
124 419 0.01 
124 475 0.01 
124 495 1.01 
124 496 7.01 
124 499 11.01 
124 500 9.01 
184 15 2.01 
184 32 1.01 
184 90 0.01 
184 147 3.01 
184 168 0.01 
184 206 1.01 
184 233 0.01 
184 367 1.01 
184 463 2.01 
184 467 3.01 
184 496 15.01 
184 500 40.01 
405 4 2.01 
405 27 4.01 
405 209 4.01 
405 221 2.01 
405 298 2.01 
405 327 0.01 
405 372 5.01 
405 384 0.01 
405 398 14.01 
405 474 26.009999999999998 
405 490 20.009999999999998 
405 500 23.009999999999998 
47 62 0.01 
47 165 0.01 
47 166 0.01 
47 183 1.01 
47 270 0.01 
47 307 1.01 
47 348 1.01 
47 381 0.01 
47 417 2.01 
47 448 1.01 
47 451 3.01 
47 494 10.01 
62 56 2.01 
62 126 0.01 
62 297 0.01 
62 337 5.01 
62 377 1.01 
62 401 2.01 
62 412 1.01 
62 457 3.01 
62 474 3.01 
62 488 1.01 
62 490 9.01 
62 495 1.01 
165 47 0.01 
165 104 0.01 
165 162 0.01 
165 183 1.01 
165 235 2.01 
165 306 2.01 
165 326 1.01 
165 474 3.01 
165 484 4.01 
165 494 4.01 
165 495 11.01 
165 500 8.01 
166 64 0.01 
166 105 0.01 
166 180 0.01 
166 181 0.01 
166 368 2.01 
166 378 1.01 
166 445 7.01 
166 471 5.01 
166 473 2.01 
166 475 9.01 
166 499 9.01 
166 500 23.009999999999998 
183 136 2.01 
183 185 0.01 
183 220 2.01 
183 327 1.01 
183 372 0.01 
183 379 4.01 
183 434 4.01 
183 467 9.01 
183 474 6.01 
183 490 3.01 
183 495 26.009999999999998 
183 500 13.01 
270 47 0.01 
270 235 0.01 
270 331 2.01 
270 372 3.01 
270 392 2.01 
270 426 4.01 
270 451 7.01 
270 457 3.01 
270 474 5.01 
270 482 3.01 
270 494 16.009999999999998 
270 495 10.01 
417 89 5.01 
417 208 2.01 
417 209 3.01 
417 216 10.01 
417 327 3.01 
417 379 10.01 
417 386 3.01 
417 405 10.01 
417 460 10.01 
417 474 36.01 
417 490 24.009999999999998 
417 494 25.009999999999998 
48 290 4.01 
48 329 8.01 
48 367 0.01 
48 370 4.01 
48 423 1.01 
48 459 4.01 
48 470 5.01 
48 488 4.01 
48 496 9.01 
48 497 9.01 
48 499 13.01 
48 500 30.009999999999998 
290 199 2.01 
290 246 0.01 
290 380 3.01 
290 397 1.01 
290 421 0.01 
290 431 9.01 
290 459 7.01 
290 471 15.01 
290 496 13.01 
290 497 15.01 
290 499 20.009999999999998 
290 500 28.009999999999998 
329 150 3.01 
329 181 3.01 
329 201 3.01 
329 210 0.01 
329 246 0.01 
329 256 3.01 
329 332 4.01 
329 367 4.01 
329 378 2.01 
329 422 9.01 
329 471 36.01 
329 500 30.009999999999998 
370 112 2.01 
370 166 4.01 
370 186 3.01 
370 203 1.01 
370 346 1.01 
370 366 10.01 
370 421 10.01 
370 445 10.01 
370 470 10.01 
370 479 19.009999999999998 
370 496 34.01 
370 500 50.01 
423 329 8.01 
423 357 11.01 
423 360 2.01 
423 368 13.01 
423 375 16.009999999999998 
423 390 3.01 
423 440 22.009999999999998 
423 445 24.009999999999998 
423 456 23.009999999999998 
423 459 19.009999999999998 
423 475 14.01 
423 496 50.01 
459 11 1.01 
459 46 11.01 
459 150 5.01 
459 240 10.01 
459 241 3.01 
459 329 12.01 
459 365 4.01 
459 419 11.01 
459 470 24.009999999999998 
459 496 61.01 
459 497 63.01 
49 82 0.01 
49 170 1.01 
49 245 2.01 
49 335 0.01 
49 356 3.01 
49 386 0.01 
49 424 7.01 
49 433 4.01 
49 469 7.01 
49 483 15.01 
49 487 11.01 
49 492 3.01 
82 58 4.01 
82 269 0.01 
82 289 1.01 
82 335 2.01 
82 355 2.01 
82 359 2.01 
82 408 2.01 
82 415 3.01 
82 424 3.01 
82 433 2.01 
82 476 3.01 
82 492 23.009999999999998 
335 170 1.01 
335 300 3.01 
335 318 5.01 
335 352 5.01 
335 359 0.01 
335 361 7.01 
335 380 1.01 
335 424 6.01 
335 425 4.01 
335 447 7.01 
335 469 8.01 
335 489 12.01 
356 108 2.01 
356 219 3.01 
356 273 9.01 
356 327 1.01 
356 328 3.01 
356 377 3.01 
356 405 3.01 
356 434 4.01 
356 449 1.01 
356 490 25.009999999999998 
356 494 27.009999999999998 
356 498 13.01 
386 16 1.01 
386 20 8.01 
386 53 1.01 
386 228 2.01 
386 394 12.01 
386 424 11.01 
386 447 11.01 
386 465 10.01 
386 469 22.009999999999998 
386 470 4.01 
386 492 18.009999999999998 
386 493 11.01 
194 26 1.01 
194 42 3.01 
194 77 3.01 
194 109 3.01 
194 168 2.01 
194 256 4.01 
194 357 8.01 
194 378 6.01 
194 470 22.009999999999998 
194 496 22.009999999999998 
194 499 15.01 
194 500 71.00999999999999 
206 98 1.01 
206 128 1.01 
206 157 1.01 
206 214 2.01 
206 324 1.01 
206 420 1.01 
206 442 2.01 
206 462 2.01 
206 470 5.01 
206 495 3.01 
206 497 5.01 
206 500 16.009999999999998 
471 18 3.01 
471 48 1.01 
471 74 6.01 
471 184 5.01 
471 390 12.01 
471 423 22.009999999999998 
471 459 28.009999999999998 
471 462 28.009999999999998 
471 475 44.01 
471 479 50.01 
471 499 123.00999999999999 
51 198 1.01 
51 226 1.01 
51 238 1.01 
51 244 0.01 
51 432 2.01 
51 449 5.01 
51 481 5.01 
51 485 8.01 
51 486 11.01 
51 488 18.009999999999998 
51 493 7.01 
51 498 9.01 
198 12 1.01 
198 172 0.01 
198 195 1.01 
198 238 0.01 
198 257 0.01 
198 294 1.01 
198 412 3.01 
198 437 5.01 
198 443 3.01 
198 458 9.01 
198 486 6.01 
198 498 30.009999999999998 
432 51 0.01 
432 226 3.01 
432 293 10.01 
432 347 6.01 
432 399 2.01 
432 403 5.01 
432 407 4.01 
432 437 13.01 
432 481 29.009999999999998 
432 485 41.01 
432 488 46.01 
432 498 57.01 
481 72 4.01 
481 107 6.01 
481 333 19.009999999999998 
481 427 38.01 
481 430 23.009999999999998 
481 441 37.01 
481 480 33.01 
481 485 106.00999999999999 
481 493 76.00999999999999 
481 494 29.009999999999998 
481 498 136.01 
52 133 0.01 
52 196 0.01 
52 253 1.01 
52 315 0.01 
52 350 1.01 
52 382 2.01 
52 399 5.01 
52 446 2.01 
52 481 7.01 
52 488 15.01 
52 493 12.01 
52 498 29.009999999999998 
133 51 1.01 
133 198 0.01 
133 207 2.01 
133 253 2.01 
133 327 0.01 
133 341 2.01 
133 343 5.01 
133 404 3.01 
133 463 9.01 
133 485 10.01 
133 493 16.009999999999998 
133 498 25.009999999999998 
196 140 0.01 
196 248 0.01 
196 294 0.01 
196 302 0.01 
196 437 4.01 
196 443 7.01 
196 450 5.01 
196 472 3.01 
196 481 12.01 
196 488 8.01 
196 496 5.01 
196 498 16.009999999999998 
399 110 1.01 
399 133 5.01 
399 163 0.01 
399 211 0.01 
399 276 2.01 
399 353 2.01 
399 404 5.01 
399 418 3.01 
399 435 10.01 
399 450 8.01 
399 481 12.01 
399 493 17.009999999999998 
53 6 0.01 
53 49 0.01 
53 200 1.01 
53 329 1.01 
53 355 1.01 
53 433 1.01 
53 465 2.01 
53 476 6.01 
53 477 8.01 
53 483 8.01 
53 487 9.01 
53 499 3.01 
200 8 1.01 
200 111 0.01 
200 114 2.01 
200 167 3.01 
200 270 1.01 
200 272 4.01 
200 388 2.01 
200 469 3.01 
200 482 6.01 
200 487 11.01 
200 489 12.01 
200 492 9.01 
54 121 0.01 
54 182 0.01 
54 213 1.01 
54 312 3.01 
54 420 2.01 
54 421 2.01 
54 453 1.01 
54 470 5.01 
54 473 3.01 
54 493 2.01 
54 499 12.01 
54 500 15.01 
121 81 1.01 
121 322 1.01 
121 371 0.01 
121 391 1.01 
121 406 1.01 
121 423 1.01 
121 466 1.01 
121 471 3.01 
121 473 3.01 
121 496 6.01 
121 497 6.01 
121 499 8.01 
182 312 1.01 
182 319 2.01 
182 321 1.01 
182 371 1.01 
182 387 4.01 
182 393 1.01 
182 418 3.01 
182 445 5.01 
182 496 10.01 
182 497 6.01 
182 499 12.01 
182 500 15.01 
213 77 1.01 
213 160 0.01 
213 229 3.01 
213 240 3.01 
213 340 1.01 
213 358 4.01 
213 387 7.01 
213 423 3.01 
213 454 3.01 
213 468 4.01 
213 499 36.01 
213 500 71.00999999999999 
312 36 1.01 
312 47 1.01 
312 109 3.01 
312 168 0.01 
312 340 0.01 
312 367 1.01 
312 380 13.01 
312 406 7.01 
312 409 1.01 
312 421 3.01 
312 496 34.01 
312 500 27.009999999999998 
421 184 2.01 
421 231 6.01 
421 296 5.01 
421 385 6.01 
421 393 7.01 
421 456 12.01 
421 468 10.01 
421 475 18.009999999999998 
421 487 13.01 
421 496 21.009999999999998 
421 499 62.01 
421 500 57.01 
55 54 0.01 
55 168 0.01 
55 233 0.01 
55 265 0.01 
55 271 1.01 
55 380 3.01 
55 390 0.01 
55 422 3.01 
55 459 1.01 
55 496 4.01 
55 499 10.01 
55 500 10.01 
233 32 1.01 
233 98 0.01 
233 182 0.01 
233 324 3.01 
233 368 0.01 
233 431 7.01 
233 438 2.01 
233 454 3.01 
233 496 6.01 
233 497 14.01 
233 499 16.009999999999998 
233 500 19.009999999999998 
271 15 3.01 
271 117 0.01 
271 188 4.01 
271 322 1.01 
271 440 6.01 
271 442 0.01 
271 454 2.01 
271 456 13.01 
271 466 3.01 
271 497 25.009999999999998 
271 499 12.01 
271 500 24.009999999999998 
422 13 0.01 
422 184 2.01 
422 340 1.01 
422 380 3.01 
422 423 13.01 
422 438 8.01 
422 445 6.01 
422 453 11.01 
422 459 9.01 
422 478 6.01 
422 497 24.009999999999998 
422 499 52.01 
236 23 1.01 
236 89 2.01 
236 165 1.01 
236 216 6.01 
236 220 1.01 
236 327 3.01 
236 372 3.01 
236 373 5.01 
236 415 2.01 
236 434 2.01 
236 467 8.01 
236 495 20.009999999999998 
401 102 3.01 
401 117 0.01 
401 236 5.01 
401 377 3.01 
401 407 9.01 
401 428 7.01 
401 444 12.01 
401 460 12.01 
401 474 16.009999999999998 
401 490 33.01 
401 494 32.01 
401 500 26.009999999999998 
57 97 4.01 
57 187 2.01 
57 248 0.01 
57 254 1.01 
57 350 3.01 
57 363 6.01 
57 430 4.01 
57 435 7.01 
57 443 6.01 
57 485 22.009999999999998 
57 488 31.009999999999998 
57 498 41.01 
97 174 0.01 
97 260 2.01 
97 293 3.01 
97 338 2.01 
97 349 0.01 
97 362 6.01 
97 363 3.01 
97 395 4.01 
97 432 5.01 
97 486 15.01 
97 493 2.01 
97 498 30.009999999999998 
187 249 6.01 
187 291 2.01 
187 352 4.01 
187 384 2.01 
187 415 2.01 
187 455 8.01 
187 464 16.009999999999998 
187 477 18.009999999999998 
187 483 13.01 
187 489 15.01 
187 492 15.01 
187 498 12.01 
248 140 1.01 
248 174 0.01 
248 175 0.01 
248 189 4.01 
248 202 1.01 
248 289 3.01 
248 338 1.01 
248 377 0.01 
248 398 2.01 
248 458 9.01 
248 461 11.01 
248 472 6.01 
254 140 0.01 
254 158 1.01 
254 163 0.01 
254 225 2.01 
254 350 1.01 
254 353 3.01 
254 427 8.01 
254 472 6.01 
254 480 15.01 
254 485 12.01 
254 491 2.01 
254 493 5.01 
363 9 2.01 
363 12 1.01 
363 85 4.01 
363 218 3.01 
363 261 3.01 
363 296 3.01 
363 316 1.01 
363 339 3.01 
363 404 9.01 
363 430 10.01 
363 472 9.01 
363 498 45.01 
58 3 0.01 
58 63 0.01 
58 119 1.01 
58 122 2.01 
58 369 3.01 
58 384 7.01 
58 408 7.01 
58 424 2.01 
58 469 15.01 
58 483 24.009999999999998 
58 489 25.009999999999998 
58 491 18.009999999999998 
59 41 0.01 
59 206 0.01 
59 244 0.01 
59 263 2.01 
59 312 4.01 
59 380 3.01 
59 453 6.01 
59 454 7.01 
59 462 7.01 
59 471 8.01 
59 499 31.009999999999998 
59 500 21.009999999999998 
70 54 0.01 
70 90 2.01 
70 237 0.01 
70 342 2.01 
70 391 0.01 
70 393 3.01 
70 478 3.01 
70 479 7.01 
70 497 16.009999999999998 
70 498 4.01 
70 499 23.009999999999998 
70 500 19.009999999999998 
297 5 0.01 
297 45 0.01 
297 288 3.01 
297 327 2.01 
297 411 2.01 
297 426 3.01 
297 428 2.01 
297 444 5.01 
297 451 9.01 
297 484 9.01 
297 490 7.01 
297 495 10.01 
387 24 2.01 
387 42 3.01 
387 204 4.01 
387 280 4.01 
387 334 9.01 
387 417 4.01 
387 440 18.009999999999998 
387 453 19.009999999999998 
387 471 25.009999999999998 
387 475 20.009999999999998 
387 497 53.01 
387 499 67.00999999999999 
148 199 2.01 
148 206 2.01 
148 217 4.01 
148 223 0.01 
148 421 1.01 
148 448 5.01 
148 466 1.01 
148 470 9.01 
148 475 7.01 
148 479 11.01 
148 497 17.009999999999998 
148 500 46.01 
126 26 0.01 
126 149 0.01 
126 247 1.01 
126 297 1.01 
126 362 1.01 
126 398 2.01 
126 417 2.01 
126 439 5.01 
126 484 2.01 
126 494 13.01 
126 495 6.01 
126 499 8.01 
291 16 1.01 
291 138 2.01 
291 292 1.01 
291 323 6.01 
291 382 4.01 
291 394 8.01 
291 455 2.01 
291 462 3.01 
291 476 7.01 
291 487 16.009999999999998 
291 489 18.009999999999998 
291 491 25.009999999999998 
349 144 1.01 
349 155 2.01 
349 200 2.01 
349 269 6.01 
349 344 4.01 
349 376 2.01 
349 389 1.01 
349 437 1.01 
349 482 21.009999999999998 
349 487 12.01 
349 489 13.01 
349 491 16.009999999999998 
127 1 1.01 
127 11 0.01 
127 206 0.01 
127 259 0.01 
127 283 1.01 
127 380 0.01 
127 393 3.01 
127 438 0.01 
127 478 7.01 
127 496 7.01 
127 499 10.01 
127 500 16.009999999999998 
153 30 0.01 
153 110 0.01 
153 246 0.01 
153 309 3.01 
153 351 4.01 
153 363 5.01 
153 395 0.01 
153 399 1.01 
153 485 9.01 
153 486 10.01 
153 493 6.01 
153 498 10.01 
65 152 1.01 
65 207 0.01 
65 299 2.01 
65 320 1.01 
65 341 4.01 
65 353 0.01 
65 414 6.01 
65 436 8.01 
65 443 6.01 
65 471 3.01 
65 486 14.01 
65 488 22.009999999999998 
341 302 2.01 
341 309 9.01 
341 314 1.01 
341 336 3.01 
341 351 6.01 
341 360 8.01 
341 362 5.01 
341 397 3.01 
341 404 2.01 
341 413 9.01 
341 480 14.01 
341 486 23.009999999999998 
135 138 0.01 
135 139 0.01 
135 141 2.01 
135 187 1.01 
135 237 0.01 
135 242 0.01 
135 415 2.01 
135 429 1.01 
135 455 3.01 
135 487 6.01 
135 489 9.01 
135 492 6.01 
155 53 1.01 
155 138 1.01 
155 190 1.01 
155 212 3.01 
155 269 1.01 
155 300 3.01 
155 394 5.01 
155 425 3.01 
155 464 9.01 
155 491 9.01 
155 492 17.009999999999998 
155 499 5.01 
211 40 0.01 
211 294 0.01 
211 413 6.01 
211 449 4.01 
211 463 8.01 
211 472 9.01 
211 479 5.01 
211 480 6.01 
211 488 23.009999999999998 
211 490 3.01 
211 493 25.009999999999998 
211 498 33.01 
67 70 1.01 
67 76 0.01 
67 101 3.01 
67 124 0.01 
67 324 4.01 
67 358 3.01 
67 370 2.01 
67 410 2.01 
67 418 6.01 
67 471 1.01 
67 497 11.01 
67 499 20.009999999999998 
101 87 0.01 
101 94 2.01 
101 186 1.01 
101 342 0.01 
101 351 2.01 
101 390 4.01 
101 410 6.01 
101 454 2.01 
101 462 4.01 
101 471 10.01 
101 484 2.01 
101 500 30.009999999999998 
324 18 4.01 
324 201 2.01 
324 280 2.01 
324 329 7.01 
324 375 10.01 
324 420 3.01 
324 459 7.01 
324 468 11.01 
324 470 5.01 
324 476 7.01 
324 499 46.01 
324 500 66.00999999999999 
68 49 1.01 
68 100 0.01 
68 103 0.01 
68 222 4.01 
68 242 1.01 
68 308 3.01 
68 364 1.01 
68 369 3.01 
68 429 2.01 
68 464 3.01 
68 483 26.009999999999998 
68 489 12.01 
100 85 4.01 
100 132 2.01 
100 160 0.01 
100 164 2.01 
100 254 2.01 
100 350 3.01 
100 408 1.01 
100 432 3.01 
100 435 8.01 
100 461 8.01 
100 463 12.01 
100 481 18.009999999999998 
222 20 6.01 
222 139 0.01 
222 232 6.01 
222 274 1.01 
222 313 1.01 
222 386 3.01 
222 400 6.01 
222 425 6.01 
222 447 7.01 
222 465 5.01 
222 483 24.009999999999998 
222 492 15.01 
242 66 1.01 
242 212 4.01 
242 308 2.01 
242 359 3.01 
242 361 3.01 
242 472 3.01 
242 476 5.01 
242 477 12.01 
242 482 7.01 
242 487 8.01 
242 489 7.01 
242 491 15.01 
112 48 0.01 
112 98 0.01 
112 286 0.01 
112 418 2.01 
112 419 4.01 
112 422 2.01 
112 453 6.01 
112 473 3.01 
112 479 8.01 
112 497 6.01 
112 499 20.009999999999998 
112 500 13.01 
396 41 3.01 
396 256 3.01 
396 322 6.01 
396 346 4.01 
396 378 7.01 
396 391 5.01 
396 454 7.01 
396 473 15.01 
396 478 17.009999999999998 
396 479 15.01 
396 498 20.009999999999998 
396 499 57.01 
342 69 1.01 
342 157 0.01 
342 233 1.01 
342 234 1.01 
342 239 1.01 
342 244 1.01 
342 246 0.01 
342 269 0.01 
342 368 9.01 
342 419 1.01 
342 453 12.01 
342 500 35.01 
71 49 3.01 
71 68 1.01 
71 99 3.01 
71 129 0.01 
71 169 0.01 
71 252 1.01 
71 264 0.01 
71 433 5.01 
71 465 4.01 
71 487 7.01 
71 491 11.01 
71 492 8.01 
99 200 3.01 
99 282 3.01 
99 295 2.01 
99 365 1.01 
99 394 7.01 
99 400 4.01 
99 408 5.01 
99 415 4.01 
99 465 4.01 
99 481 4.01 
99 482 16.009999999999998 
99 483 2.01 
241 83 3.01 
241 112 0.01 
241 231 1.01 
241 329 3.01 
241 354 3.01 
241 387 6.01 
241 397 3.01 
241 462 6.01 
241 466 5.01 
241 468 10.01 
241 498 17.009999999999998 
241 500 34.01 
281 177 3.01 
281 302 3.01 
281 336 1.01 
281 437 6.01 
281 440 3.01 
281 446 3.01 
281 449 4.01 
281 485 10.01 
281 486 16.009999999999998 
281 488 25.009999999999998 
281 493 26.009999999999998 
281 498 50.01 
302 9 2.01 
302 12 0.01 
302 97 1.01 
302 153 0.01 
302 172 2.01 
302 238 1.01 
302 395 4.01 
302 480 2.01 
302 486 14.01 
302 493 13.01 
302 498 23.009999999999998 
302 500 16.009999999999998 
347 49 0.01 
347 160 2.01 
347 173 3.01 
347 395 3.01 
347 430 2.01 
347 436 9.01 
347 449 3.01 
347 461 9.01 
347 472 5.01 
347 486 10.01 
347 493 20.009999999999998 
347 498 20.009999999999998 
74 10 0.01 
74 18 0.01 
74 64 1.01 
74 241 1.01 
74 244 0.01 
74 334 4.01 
74 396 5.01 
74 410 6.01 
74 440 6.01 
74 462 6.01 
74 473 6.01 
74 500 43.01 
75 147 1.01 
75 176 0.01 
75 196 1.01 
75 257 1.01 
75 260 3.01 
75 343 2.01 
75 399 3.01 
75 461 10.01 
75 481 11.01 
75 486 13.01 
75 488 19.009999999999998 
75 493 13.01 
257 75 2.01 
257 191 0.01 
257 307 2.01 
257 399 3.01 
257 441 6.01 
257 452 3.01 
257 463 8.01 
257 481 8.01 
257 488 22.009999999999998 
257 491 10.01 
257 493 16.009999999999998 
257 498 15.01 
260 106 1.01 
260 276 1.01 
260 311 2.01 
260 333 6.01 
260 374 7.01 
260 395 5.01 
260 437 8.01 
260 472 13.01 
260 480 7.01 
260 481 14.01 
260 483 8.01 
260 498 30.009999999999998 
343 202 3.01 
343 248 2.01 
343 271 1.01 
343 311 3.01 
343 360 2.01 
343 441 8.01 
343 472 17.009999999999998 
343 480 13.01 
343 481 19.009999999999998 
343 488 26.009999999999998 
343 493 27.009999999999998 
343 498 38.01 
378 1 4.01 
378 193 2.01 
378 223 6.01 
378 259 5.01 
378 290 5.01 
378 322 2.01 
378 324 9.01 
378 346 5.01 
378 470 15.01 
378 489 12.01 
378 496 23.009999999999998 
378 500 78.00999999999999 
81 72 0.01 
81 121 0.01 
81 239 1.01 
81 290 0.01 
81 368 3.01 
81 410 1.01 
81 422 0.01 
81 476 1.01 
81 478 0.01 
81 496 4.01 
81 499 10.01 
81 500 10.01 
78 117 0.01 
78 120 0.01 
78 279 4.01 
78 310 1.01 
78 328 3.01 
78 389 0.01 
78 417 1.01 
78 428 2.01 
78 457 5.01 
78 484 4.01 
78 495 13.01 
78 497 8.01 
117 162 0.01 
117 221 2.01 
117 274 0.01 
117 356 2.01 
117 381 4.01 
117 434 1.01 
117 484 11.01 
117 490 7.01 
117 494 9.01 
117 495 7.01 
117 496 6.01 
117 500 9.01 
120 28 1.01 
120 220 0.01 
120 266 1.01 
120 270 1.01 
120 356 2.01 
120 405 2.01 
120 412 0.01 
120 417 2.01 
120 474 1.01 
120 490 8.01 
120 494 9.01 
120 500 11.01 
310 120 0.01 
310 149 0.01 
310 180 0.01 
310 220 4.01 
310 287 4.01 
310 338 0.01 
310 412 2.01 
310 467 5.01 
310 471 3.01 
310 490 11.01 
310 494 6.01 
310 495 9.01 
142 21 2.01 
142 34 1.01 
142 111 0.01 
142 190 2.01 
142 272 3.01 
142 282 5.01 
142 330 4.01 
142 352 5.01 
142 482 5.01 
142 487 25.009999999999998 
142 489 27.009999999999998 
142 492 17.009999999999998 
345 228 0.01 
345 376 4.01 
345 382 10.01 
345 400 5.01 
345 465 5.01 
345 469 17.009999999999998 
345 476 14.01 
345 477 13.01 
345 482 25.009999999999998 
345 487 25.009999999999998 
345 490 6.01 
345 492 24.009999999999998 
352 21 3.01 
352 155 2.01 
352 203 9.01 
352 212 1.01 
352 345 7.01 
352 348 0.01 
352 349 1.01 
352 408 9.01 
352 469 22.009999999999998 
352 476 5.01 
352 483 28.009999999999998 
352 491 16.009999999999998 
80 25 0.01 
80 51 1.01 
80 94 0.01 
80 132 0.01 
80 276 0.01 
80 413 4.01 
80 430 4.01 
80 432 1.01 
80 446 4.01 
80 485 4.01 
80 492 8.01 
80 498 10.01 
94 50 1.01 
94 150 1.01 
94 312 1.01 
94 354 1.01 
94 405 1.01 
94 423 7.01 
94 453 3.01 
94 470 1.01 
94 496 7.01 
94 497 10.01 
94 499 8.01 
94 500 17.009999999999998 
132 34 0.01 
132 249 0.01 
132 292 1.01 
132 353 3.01 
132 414 5.01 
132 436 5.01 
132 450 2.01 
132 461 3.01 
132 472 7.01 
132 486 17.009999999999998 
132 493 12.01 
132 498 14.01 
276 43 6.01 
276 80 0.01 
276 123 1.01 
276 134 1.01 
276 303 3.01 
276 403 3.01 
276 430 2.01 
276 435 0.01 
276 436 10.01 
276 437 1.01 
276 466 2.01 
276 498 19.009999999999998 
413 75 5.01 
413 161 5.01 
413 198 1.01 
413 281 2.01 
413 292 1.01 
413 404 13.01 
413 427 18.009999999999998 
413 432 14.01 
413 481 51.01 
413 485 35.01 
413 488 60.01 
413 499 31.009999999999998 
368 38 4.01 
368 73 3.01 
368 311 0.01 
368 334 9.01 
368 370 9.01 
368 409 13.01 
368 419 5.01 
368 431 12.01 
368 456 19.009999999999998 
368 462 13.01 
368 497 22.009999999999998 
368 500 89.00999999999999 
289 72 5.01 
289 167 0.01 
289 276 1.01 
289 320 3.01 
289 443 4.01 
289 446 5.01 
289 480 13.01 
289 481 20.009999999999998 
289 485 26.009999999999998 
289 486 11.01 
289 488 19.009999999999998 
289 493 19.009999999999998 
359 14 2.01 
359 232 1.01 
359 245 2.01 
359 330 4.01 
359 390 5.01 
359 400 3.01 
359 415 6.01 
359 446 3.01 
359 476 7.01 
359 477 13.01 
359 487 24.009999999999998 
359 489 17.009999999999998 
250 295 2.01 
250 330 3.01 
250 361 1.01 
250 425 6.01 
250 447 5.01 
250 464 11.01 
250 476 3.01 
250 477 11.01 
250 482 19.009999999999998 
250 487 14.01 
250 491 19.009999999999998 
250 499 16.009999999999998 
261 173 5.01 
261 189 1.01 
261 193 0.01 
261 253 2.01 
261 289 1.01 
261 299 2.01 
261 399 3.01 
261 427 3.01 
261 443 4.01 
261 485 7.01 
261 486 7.01 
261 488 9.01 
338 57 5.01 
338 125 1.01 
338 164 0.01 
338 172 1.01 
338 403 4.01 
338 432 10.01 
338 458 7.01 
338 461 5.01 
338 463 15.01 
338 466 2.01 
338 472 12.01 
338 488 23.009999999999998 
296 127 3.01 
296 130 2.01 
296 312 1.01 
296 367 1.01 
296 372 1.01 
296 387 7.01 
296 453 13.01 
296 478 4.01 
296 496 26.009999999999998 
296 497 35.01 
296 499 29.009999999999998 
296 500 33.01 
108 26 0.01 
108 126 0.01 
108 255 0.01 
108 377 1.01 
108 381 0.01 
108 389 0.01 
108 434 3.01 
108 444 2.01 
108 456 1.01 
108 478 3.01 
108 490 4.01 
108 494 13.01 
209 88 1.01 
209 219 2.01 
209 266 2.01 
209 279 3.01 
209 306 6.01 
209 331 0.01 
209 364 0.01 
209 396 1.01 
209 398 4.01 
209 407 1.01 
209 494 13.01 
209 495 4.01 
298 47 0.01 
298 88 0.01 
298 113 0.01 
298 117 0.01 
298 149 0.01 
298 169 0.01 
298 295 0.01 
298 356 3.01 
298 372 1.01 
298 460 7.01 
298 490 7.01 
298 495 15.01 
89 25 0.01 
89 131 1.01 
89 180 0.01 
89 215 2.01 
89 297 2.01 
89 317 6.01 
89 373 1.01 
89 460 7.01 
89 484 6.01 
89 490 13.01 
89 493 6.01 
89 495 16.009999999999998 
180 235 1.01 
180 332 3.01 
180 373 3.01 
180 383 4.01 
180 401 1.01 
180 407 2.01 
180 439 6.01 
180 484 6.01 
180 490 13.01 
180 494 14.01 
180 495 10.01 
180 499 12.01 
181 55 1.01 
181 64 1.01 
181 112 1.01 
181 143 0.01 
181 150 1.01 
181 184 0.01 
181 210 2.01 
181 421 3.01 
181 431 11.01 
181 442 8.01 
181 499 39.01 
181 500 25.009999999999998 
186 69 2.01 
186 280 0.01 
186 357 3.01 
186 409 5.01 
186 442 2.01 
186 447 2.01 
186 462 4.01 
186 466 2.01 
186 471 12.01 
186 496 9.01 
186 497 15.01 
186 500 18.009999999999998 
92 143 0.01 
92 195 1.01 
92 218 0.01 
92 303 0.01 
92 333 3.01 
92 339 2.01 
92 347 0.01 
92 403 5.01 
92 426 0.01 
92 480 4.01 
92 493 6.01 
92 498 16.009999999999998 
143 198 0.01 
143 224 1.01 
143 404 0.01 
143 428 0.01 
143 430 3.01 
143 443 4.01 
143 480 3.01 
143 481 11.01 
143 485 6.01 
143 488 16.009999999999998 
143 493 11.01 
143 498 22.009999999999998 
218 65 1.01 
218 125 1.01 
218 153 0.01 
218 163 2.01 
218 207 3.01 
218 266 1.01 
218 413 3.01 
218 463 8.01 
218 480 3.01 
218 481 12.01 
218 493 9.01 
218 498 22.009999999999998 
333 65 3.01 
333 196 5.01 
333 222 1.01 
333 253 6.01 
333 341 7.01 
333 351 5.01 
333 443 11.01 
333 458 14.01 
333 480 17.009999999999998 
333 485 21.009999999999998 
333 486 25.009999999999998 
333 498 49.01 
376 8 2.01 
376 135 0.01 
376 250 2.01 
376 314 8.01 
376 349 4.01 
376 359 4.01 
376 369 3.01 
376 384 3.01 
376 464 15.01 
376 483 16.009999999999998 
376 487 22.009999999999998 
376 495 9.01 
150 197 1.01 
150 201 0.01 
150 358 2.01 
150 367 2.01 
150 390 5.01 
150 422 3.01 
150 438 4.01 
150 442 3.01 
150 468 5.01 
150 470 9.01 
150 471 9.01 
150 499 27.009999999999998 
258 7 1.01 
258 256 1.01 
258 284 1.01 
258 296 2.01 
258 422 3.01 
258 431 3.01 
258 456 8.01 
258 468 4.01 
258 496 14.01 
258 497 15.01 
258 499 22.009999999999998 
258 500 15.01 
96 146 0.01 
96 323 1.01 
96 364 1.01 
96 400 2.01 
96 408 4.01 
96 415 4.01 
96 464 11.01 
96 465 1.01 
96 477 9.01 
96 482 5.01 
96 484 1.01 
96 489 8.01 
400 53 0.01 
400 178 2.01 
400 222 2.01 
400 247 0.01 
400 300 1.01 
400 314 3.01 
400 361 3.01 
400 416 6.01 
400 452 6.01 
400 469 11.01 
400 483 26.009999999999998 
400 489 17.009999999999998 
174 134 0.01 
174 311 1.01 
174 341 0.01 
174 362 1.01 
174 374 4.01 
174 424 1.01 
174 435 6.01 
174 461 6.01 
174 472 8.01 
174 488 10.01 
174 498 13.01 
174 500 9.01 
282 22 2.01 
282 99 0.01 
282 178 3.01 
282 335 2.01 
282 352 10.01 
282 376 5.01 
282 388 4.01 
282 465 10.01 
282 476 5.01 
282 482 22.009999999999998 
282 491 24.009999999999998 
282 494 7.01 
160 110 0.01 
160 191 0.01 
160 294 3.01 
160 341 0.01 
160 343 2.01 
160 403 4.01 
160 434 1.01 
160 446 3.01 
160 461 4.01 
160 488 12.01 
160 493 9.01 
160 498 22.009999999999998 
151 6 0.01 
151 21 3.01 
151 106 1.01 
151 228 1.01 
151 335 4.01 
151 355 3.01 
151 382 2.01 
151 464 11.01 
151 477 12.01 
151 482 12.01 
151 483 2.01 
151 487 9.01 
262 111 0.01 
262 115 2.01 
262 170 1.01 
262 249 2.01 
262 295 0.01 
262 318 4.01 
262 322 0.01 
262 452 4.01 
262 465 8.01 
262 476 4.01 
262 491 7.01 
262 492 10.01 
104 62 0.01 
104 126 0.01 
104 149 0.01 
104 239 0.01 
104 304 1.01 
104 310 0.01 
104 325 0.01 
104 405 2.01 
104 412 2.01 
104 451 4.01 
104 494 10.01 
104 495 10.01 
149 185 1.01 
149 221 0.01 
149 243 1.01 
149 323 0.01 
149 332 1.01 
149 348 0.01 
149 402 0.01 
149 422 0.01 
149 426 2.01 
149 428 5.01 
149 467 3.01 
149 495 4.01 
105 10 0.01 
105 55 0.01 
105 166 0.01 
105 193 1.01 
105 284 0.01 
105 302 0.01 
105 440 3.01 
105 468 6.01 
105 496 3.01 
105 497 3.01 
105 499 16.009999999999998 
105 500 9.01 
202 30 0.01 
202 92 1.01 
202 143 3.01 
202 248 0.01 
202 251 1.01 
202 254 1.01 
202 350 1.01 
202 435 0.01 
202 449 3.01 
202 452 0.01 
202 493 16.009999999999998 
202 498 10.01 
301 125 0.01 
301 189 2.01 
301 216 3.01 
301 218 5.01 
301 254 1.01 
301 316 5.01 
301 351 3.01 
301 446 5.01 
301 449 3.01 
301 488 24.009999999999998 
301 493 25.009999999999998 
301 498 36.01 
109 81 0.01 
109 182 0.01 
109 214 4.01 
109 267 0.01 
109 329 0.01 
109 391 3.01 
109 445 3.01 
109 473 9.01 
109 479 7.01 
109 496 11.01 
109 499 20.009999999999998 
109 500 12.01 
214 15 4.01 
214 36 1.01 
214 83 2.01 
214 118 3.01 
214 157 1.01 
214 286 0.01 
214 385 11.01 
214 409 13.01 
214 422 4.01 
214 477 6.01 
214 497 49.01 
214 500 14.01 
110 52 0.01 
110 80 0.01 
110 87 0.01 
110 160 1.01 
110 191 0.01 
110 251 1.01 
110 261 2.01 
110 320 0.01 
110 404 3.01 
110 486 4.01 
110 488 4.01 
110 498 8.01 
191 154 1.01 
191 218 1.01 
191 299 1.01 
191 374 7.01 
191 446 1.01 
191 450 3.01 
191 473 0.01 
191 480 9.01 
191 481 12.01 
191 485 7.01 
191 488 17.009999999999998 
191 498 17.009999999999998 
251 276 0.01 
251 299 2.01 
251 333 3.01 
251 347 1.01 
251 362 0.01 
251 443 6.01 
251 449 6.01 
251 461 2.01 
251 463 9.01 
251 472 3.01 
251 498 14.01 
251 500 7.01 
221 158 2.01 
221 161 0.01 
221 227 0.01 
221 310 0.01 
221 328 2.01 
221 377 1.01 
221 383 5.01 
221 389 2.01 
221 412 1.01 
221 467 8.01 
221 474 1.01 
221 482 4.01 
235 185 0.01 
235 208 1.01 
235 304 4.01 
235 332 1.01 
235 355 0.01 
235 373 1.01 
235 451 2.01 
235 457 4.01 
235 460 3.01 
235 474 5.01 
235 491 3.01 
235 494 10.01 
130 91 4.01 
130 346 0.01 
130 371 0.01 
130 420 0.01 
130 445 9.01 
130 453 1.01 
130 462 11.01 
130 479 3.01 
130 480 4.01 
130 486 3.01 
130 499 29.009999999999998 
130 500 25.009999999999998 
210 81 0.01 
210 90 0.01 
210 144 0.01 
210 263 0.01 
210 283 1.01 
210 340 1.01 
210 346 2.01 
210 459 6.01 
210 470 3.01 
210 479 6.01 
210 496 9.01 
210 500 20.009999999999998 
274 28 0.01 
274 48 2.01 
274 185 0.01 
274 216 2.01 
274 270 4.01 
274 363 1.01 
274 392 4.01 
274 405 7.01 
274 411 1.01 
274 427 3.01 
274 484 9.01 
274 495 11.01 
361 84 1.01 
361 96 1.01 
361 151 2.01 
361 264 3.01 
361 282 2.01 
361 399 3.01 
361 416 5.01 
361 424 11.01 
361 447 6.01 
361 452 8.01 
361 487 10.01 
361 491 17.009999999999998 
154 9 2.01 
154 163 0.01 
154 281 4.01 
154 320 2.01 
154 414 8.01 
154 427 5.01 
154 446 9.01 
154 450 4.01 
154 472 4.01 
154 475 3.01 
154 493 10.01 
154 498 18.009999999999998 
125 153 0.01 
125 316 3.01 
125 360 3.01 
125 399 0.01 
125 420 0.01 
125 432 2.01 
125 435 2.01 
125 461 0.01 
125 480 1.01 
125 485 8.01 
125 486 6.01 
125 493 7.01 
316 145 4.01 
316 284 0.01 
316 287 2.01 
316 301 5.01 
316 336 2.01 
316 427 11.01 
316 430 6.01 
316 441 13.01 
316 446 8.01 
316 480 15.01 
316 485 28.009999999999998 
316 498 32.01 
259 35 4.01 
259 41 5.01 
259 60 0.01 
259 201 4.01 
259 341 1.01 
259 368 6.01 
259 410 10.01 
259 468 16.009999999999998 
259 475 22.009999999999998 
259 497 50.01 
259 499 63.01 
259 500 31.009999999999998 
283 105 1.01 
283 123 0.01 
283 223 2.01 
283 386 3.01 
283 391 7.01 
283 393 1.01 
283 402 1.01 
283 422 2.01 
283 445 8.01 
283 471 7.01 
283 499 25.009999999999998 
283 500 35.01 
128 11 2.01 
128 42 0.01 
128 73 1.01 
128 86 0.01 
128 319 0.01 
128 442 2.01 
128 453 2.01 
128 466 4.01 
128 470 7.01 
128 471 6.01 
128 497 11.01 
128 500 18.009999999999998 
246 217 3.01 
246 319 1.01 
246 334 1.01 
246 342 0.01 
246 350 1.01 
246 371 2.01 
246 393 4.01 
246 406 1.01 
246 421 1.01 
246 442 1.01 
246 462 6.01 
246 500 12.01 
392 4 2.01 
392 23 0.01 
392 126 1.01 
392 298 1.01 
392 332 2.01 
392 373 2.01 
392 428 8.01 
392 439 14.01 
392 465 0.01 
392 474 20.009999999999998 
392 490 18.009999999999998 
392 495 32.01 
249 71 1.01 
249 192 5.01 
249 282 4.01 
249 339 0.01 
249 345 3.01 
249 394 6.01 
249 455 6.01 
249 464 9.01 
249 465 5.01 
249 477 10.01 
249 482 11.01 
249 491 20.009999999999998 
292 39 4.01 
292 160 4.01 
292 234 3.01 
292 257 1.01 
292 303 3.01 
292 350 2.01 
292 411 0.01 
292 414 5.01 
292 449 4.01 
292 485 13.01 
292 493 25.009999999999998 
292 498 38.01 
309 163 0.01 
309 218 7.01 
309 347 5.01 
309 360 9.01 
309 363 5.01 
309 395 2.01 
309 443 17.009999999999998 
309 450 16.009999999999998 
309 481 23.009999999999998 
309 489 8.01 
309 493 32.01 
309 498 28.009999999999998 
138 14 1.01 
138 118 0.01 
138 349 1.01 
138 400 2.01 
138 408 5.01 
138 465 3.01 
138 469 3.01 
138 476 1.01 
138 487 11.01 
138 489 4.01 
138 491 11.01 
138 500 6.01 
139 14 0.01 
139 79 2.01 
139 187 0.01 
139 190 5.01 
139 200 2.01 
139 252 1.01 
139 349 3.01 
139 386 4.01 
139 452 5.01 
139 457 1.01 
139 464 13.01 
139 492 12.01 
288 13 0.01 
288 37 4.01 
288 273 2.01 
288 356 0.01 
288 377 1.01 
288 401 3.01 
288 407 3.01 
288 442 1.01 
288 451 5.01 
288 484 18.009999999999998 
288 494 16.009999999999998 
288 495 12.01 
158 117 1.01 
158 124 1.01 
158 162 0.01 
158 221 0.01 
158 317 6.01 
158 373 2.01 
158 426 1.01 
158 457 2.01 
158 484 3.01 
158 494 10.01 
158 495 12.01 
158 497 7.01 
140 52 0.01 
140 182 0.01 
140 311 1.01 
140 336 2.01 
140 374 1.01 
140 449 3.01 
140 458 4.01 
140 463 7.01 
140 472 4.01 
140 480 4.01 
140 485 9.01 
140 488 8.01 
311 134 2.01 
311 202 2.01 
311 260 3.01 
311 299 2.01 
311 333 2.01 
311 367 1.01 
311 389 1.01 
311 413 4.01 
311 461 4.01 
311 472 3.01 
311 485 15.01 
311 486 18.009999999999998 
145 52 0.01 
145 173 7.01 
145 202 1.01 
145 346 2.01 
145 347 1.01 
145 395 4.01 
145 435 4.01 
145 449 6.01 
145 458 23.009999999999998 
145 480 8.01 
145 486 30.009999999999998 
145 498 21.009999999999998 
173 133 2.01 
173 251 1.01 
173 292 4.01 
173 302 1.01 
173 351 1.01 
173 363 6.01 
173 399 4.01 
173 436 6.01 
173 446 5.01 
173 476 1.01 
173 485 16.009999999999998 
173 498 31.009999999999998 
199 128 0.01 
199 267 0.01 
199 371 0.01 
199 397 5.01 
199 409 9.01 
199 421 1.01 
199 422 1.01 
199 468 2.01 
199 479 6.01 
199 496 14.01 
199 497 11.01 
199 500 26.009999999999998 
217 29 1.01 
217 32 2.01 
217 263 1.01 
217 358 2.01 
217 359 6.01 
217 375 4.01 
217 440 13.01 
217 473 11.01 
217 496 22.009999999999998 
217 497 8.01 
217 499 50.01 
217 500 66.00999999999999 
223 76 2.01 
223 197 2.01 
223 361 0.01 
223 375 1.01 
223 385 4.01 
223 391 1.01 
223 413 0.01 
223 422 3.01 
223 459 7.01 
223 478 8.01 
223 496 12.01 
223 499 33.01 
185 113 1.01 
185 146 1.01 
185 266 2.01 
185 274 1.01 
185 306 0.01 
185 398 5.01 
185 439 7.01 
185 455 0.01 
185 474 5.01 
185 490 4.01 
185 494 8.01 
185 495 7.01 
201 67 0.01 
201 224 0.01 
201 258 1.01 
201 283 1.01 
201 342 3.01 
201 387 11.01 
201 390 3.01 
201 436 2.01 
201 448 3.01 
201 475 8.01 
201 497 24.009999999999998 
201 500 47.01 
163 92 1.01 
163 152 0.01 
163 338 0.01 
163 347 1.01 
163 351 0.01 
163 395 0.01 
163 432 3.01 
163 450 4.01 
163 478 1.01 
163 481 8.01 
163 485 10.01 
163 488 7.01 
212 22 0.01 
212 79 3.01 
212 142 3.01 
212 330 4.01 
212 344 4.01 
212 355 1.01 
212 369 3.01 
212 400 5.01 
212 429 3.01 
212 482 15.01 
212 487 18.009999999999998 
212 489 6.01 
294 59 2.01 
294 145 1.01 
294 218 2.01 
294 248 3.01 
294 427 6.01 
294 436 7.01 
294 441 5.01 
294 443 3.01 
294 481 10.01 
294 485 7.01 
294 493 12.01 
294 498 37.01 
161 174 0.01 
161 293 6.01 
161 311 5.01 
161 343 0.01 
161 352 1.01 
161 404 7.01 
161 435 8.01 
161 441 6.01 
161 458 10.01 
161 465 0.01 
161 486 17.009999999999998 
161 498 35.01 
177 173 2.01 
177 189 2.01 
177 227 0.01 
177 268 5.01 
177 343 0.01 
177 388 0.01 
177 450 10.01 
177 461 5.01 
177 480 8.01 
177 481 12.01 
177 493 13.01 
177 498 43.01 
189 152 0.01 
189 254 1.01 
189 294 1.01 
189 316 5.01 
189 427 6.01 
189 430 3.01 
189 432 3.01 
189 436 3.01 
189 472 1.01 
189 480 11.01 
189 481 6.01 
189 497 17.009999999999998 
178 3 1.01 
178 53 3.01 
178 68 5.01 
178 278 4.01 
178 303 1.01 
178 452 8.01 
178 477 12.01 
178 483 15.01 
178 487 16.009999999999998 
178 489 7.01 
178 491 21.009999999999998 
178 492 27.009999999999998 
372 78 0.01 
372 188 4.01 
372 235 0.01 
372 273 6.01 
372 317 11.01 
372 328 5.01 
372 417 17.009999999999998 
372 434 8.01 
372 467 19.009999999999998 
372 484 21.009999999999998 
372 486 19.009999999999998 
372 495 21.009999999999998 
188 194 3.01 
188 342 2.01 
188 357 7.01 
188 402 5.01 
188 419 10.01 
188 423 7.01 
188 462 12.01 
188 478 11.01 
188 479 17.009999999999998 
188 496 32.01 
188 499 53.01 
188 500 50.01 
192 14 0.01 
192 58 1.01 
192 155 1.01 
192 187 1.01 
192 379 2.01 
192 415 8.01 
192 425 2.01 
192 464 10.01 
192 469 11.01 
192 487 10.01 
192 491 6.01 
192 492 14.01 
256 94 1.01 
256 171 1.01 
256 199 1.01 
256 217 4.01 
256 342 0.01 
256 397 3.01 
256 418 5.01 
256 454 3.01 
256 484 5.01 
256 496 12.01 
256 499 27.009999999999998 
256 500 32.01 
203 2 1.01 
203 3 0.01 
203 115 4.01 
203 323 8.01 
203 335 2.01 
203 344 0.01 
203 425 7.01 
203 429 3.01 
203 469 13.01 
203 476 8.01 
203 485 10.01 
203 487 16.009999999999998 
204 11 0.01 
204 14 0.01 
204 184 1.01 
204 322 1.01 
204 390 1.01 
204 420 6.01 
204 422 2.01 
204 459 8.01 
204 462 5.01 
204 466 4.01 
204 499 27.009999999999998 
204 500 28.009999999999998 
208 104 0.01 
208 230 2.01 
208 288 0.01 
208 298 1.01 
208 325 3.01 
208 326 0.01 
208 337 0.01 
208 371 1.01 
208 379 5.01 
208 474 2.01 
208 494 3.01 
208 495 19.009999999999998 
230 56 1.01 
230 156 4.01 
230 215 3.01 
230 354 2.01 
230 381 4.01 
230 428 7.01 
230 457 7.01 
230 460 4.01 
230 474 19.009999999999998 
230 490 25.009999999999998 
230 494 25.009999999999998 
230 495 8.01 
275 165 3.01 
275 287 6.01 
275 288 4.01 
275 298 1.01 
275 304 6.01 
275 372 6.01 
275 405 7.01 
275 460 15.01 
275 475 7.01 
275 490 30.009999999999998 
275 494 35.01 
275 495 17.009999999999998 
