0 125 1.01 
0 291 1.01 
0 356 2.01 
0 398 6.01 
0 423 0.01 
0 437 5.01 
0 464 4.01 
0 475 3.01 
0 485 18.009999999999998 
0 489 3.01 
0 495 11.01 
0 499 33.01 
125 70 0.01 
125 183 1.01 
125 387 0.01 
125 388 3.01 
125 398 2.01 
125 422 0.01 
125 447 1.01 
125 460 2.01 
125 478 2.01 
125 490 5.01 
125 496 19.009999999999998 
125 499 23.009999999999998 
291 224 1.01 
291 246 0.01 
291 316 2.01 
291 467 4.01 
291 476 9.01 
291 479 9.01 
291 480 2.01 
291 488 10.01 
291 492 12.01 
291 493 11.01 
291 494 10.01 
291 498 15.01 
356 138 5.01 
356 243 3.01 
356 272 1.01 
356 323 5.01 
356 444 4.01 
356 451 11.01 
356 456 8.01 
356 474 14.01 
356 486 24.009999999999998 
356 496 35.01 
356 497 62.01 
356 498 82.00999999999999 
398 200 0.01 
398 382 3.01 
398 397 3.01 
398 419 4.01 
398 442 2.01 
398 464 13.01 
398 471 3.01 
398 472 6.01 
398 480 24.009999999999998 
398 485 11.01 
398 499 67.00999999999999 
423 213 1.01 
423 228 1.01 
423 241 2.01 
423 381 1.01 
423 389 5.01 
423 425 1.01 
423 460 4.01 
423 477 6.01 
423 486 15.01 
423 497 54.01 
423 498 58.01 
437 138 8.01 
437 203 4.01 
437 221 4.01 
437 350 14.01 
437 418 18.009999999999998 
437 436 20.009999999999998 
437 444 12.01 
437 463 17.009999999999998 
437 485 45.01 
437 498 129.01 
437 499 76.00999999999999 
464 201 3.01 
464 230 2.01 
464 305 6.01 
464 355 6.01 
464 414 9.01 
464 422 14.01 
464 425 8.01 
464 426 3.01 
464 437 31.009999999999998 
464 450 32.01 
464 495 60.01 
475 40 5.01 
475 296 10.01 
475 318 5.01 
475 356 10.01 
475 454 9.01 
475 482 53.01 
475 488 26.009999999999998 
475 489 49.01 
475 495 74.00999999999999 
475 497 93.00999999999999 
475 499 160.01 
485 134 9.01 
485 185 19.009999999999998 
485 199 2.01 
485 226 32.01 
485 260 10.01 
485 317 5.01 
485 349 11.01 
485 464 25.009999999999998 
485 490 104.00999999999999 
485 493 98.00999999999999 
485 499 295.01 
489 38 4.01 
489 53 5.01 
489 54 3.01 
489 165 13.01 
489 222 6.01 
489 358 10.01 
489 412 24.009999999999998 
489 414 20.009999999999998 
489 420 24.009999999999998 
489 448 20.009999999999998 
489 493 107.00999999999999 
495 48 17.009999999999998 
495 89 3.01 
495 109 12.01 
495 161 18.009999999999998 
495 283 22.009999999999998 
495 331 9.01 
495 481 83.00999999999999 
495 491 126.00999999999999 
495 497 284.01 
495 498 314.01 
495 499 470.01 
499 10 21.009999999999998 
499 85 18.009999999999998 
499 149 24.009999999999998 
499 157 24.009999999999998 
499 185 31.009999999999998 
499 210 27.009999999999998 
499 374 28.009999999999998 
499 395 33.01 
499 436 46.01 
499 437 62.01 
499 498 631.01 
1 6 0.01 
1 12 0.01 
1 420 0.01 
1 435 3.01 
1 442 1.01 
1 446 4.01 
1 454 3.01 
1 482 5.01 
1 488 0.01 
1 490 5.01 
1 494 7.01 
1 497 4.01 
6 5 0.01 
6 269 1.01 
6 279 1.01 
6 368 3.01 
6 421 0.01 
6 425 2.01 
6 451 3.01 
6 459 2.01 
6 476 3.01 
6 488 2.01 
6 492 3.01 
6 494 11.01 
12 412 0.01 
12 414 4.01 
12 419 4.01 
12 438 0.01 
12 439 1.01 
12 474 2.01 
12 478 3.01 
12 485 10.01 
12 490 5.01 
12 492 8.01 
12 497 13.01 
12 499 15.01 
420 151 5.01 
420 327 2.01 
420 433 8.01 
420 445 5.01 
420 473 15.01 
420 474 17.009999999999998 
420 475 19.009999999999998 
420 483 25.009999999999998 
420 484 16.009999999999998 
420 486 25.009999999999998 
420 491 36.01 
435 33 2.01 
435 147 2.01 
435 217 8.01 
435 243 2.01 
435 372 6.01 
435 410 13.01 
435 455 9.01 
435 488 39.01 
435 489 28.009999999999998 
435 494 30.009999999999998 
435 499 112.00999999999999 
442 73 0.01 
442 130 2.01 
442 198 2.01 
442 225 2.01 
442 277 1.01 
442 366 1.01 
442 428 5.01 
442 449 7.01 
442 450 12.01 
442 460 6.01 
442 483 27.009999999999998 
446 7 0.01 
446 43 2.01 
446 116 9.01 
446 301 6.01 
446 413 7.01 
446 435 6.01 
446 473 23.009999999999998 
446 488 28.009999999999998 
446 491 47.01 
446 492 20.009999999999998 
446 499 150.01 
454 148 1.01 
454 201 1.01 
454 202 0.01 
454 212 1.01 
454 281 1.01 
454 389 4.01 
454 401 10.01 
454 404 6.01 
454 485 31.009999999999998 
454 486 26.009999999999998 
454 488 25.009999999999998 
482 172 3.01 
482 226 22.009999999999998 
482 333 9.01 
482 350 16.009999999999998 
482 365 16.009999999999998 
482 390 18.009999999999998 
482 418 13.01 
482 487 67.00999999999999 
482 496 139.01 
482 498 213.01 
482 499 314.01 
488 121 4.01 
488 233 2.01 
488 345 10.01 
488 355 6.01 
488 372 7.01 
488 411 7.01 
488 464 27.009999999999998 
488 475 26.009999999999998 
488 481 49.01 
488 486 60.01 
488 490 85.00999999999999 
490 161 15.01 
490 307 7.01 
490 420 18.009999999999998 
490 424 19.009999999999998 
490 433 17.009999999999998 
490 450 37.01 
490 460 22.009999999999998 
490 473 34.01 
490 486 76.00999999999999 
490 494 96.00999999999999 
490 496 124.00999999999999 
494 67 3.01 
494 80 4.01 
494 158 7.01 
494 283 16.009999999999998 
494 370 13.01 
494 398 12.01 
494 430 18.009999999999998 
494 435 22.009999999999998 
494 492 63.01 
494 495 109.00999999999999 
494 498 280.01 
497 204 8.01 
497 235 28.009999999999998 
497 296 21.009999999999998 
497 408 20.009999999999998 
497 410 23.009999999999998 
497 429 26.009999999999998 
497 455 60.01 
497 461 66.00999999999999 
497 468 91.00999999999999 
497 482 179.01 
497 493 185.01 
2 177 1.01 
2 225 2.01 
2 280 1.01 
2 385 0.01 
2 387 0.01 
2 425 0.01 
2 452 4.01 
2 480 1.01 
2 484 4.01 
2 487 3.01 
2 491 15.01 
2 494 7.01 
177 182 1.01 
177 226 5.01 
177 349 7.01 
177 382 5.01 
177 430 6.01 
177 437 14.01 
177 451 7.01 
177 477 8.01 
177 488 15.01 
177 489 19.009999999999998 
177 495 38.01 
177 499 96.00999999999999 
225 23 1.01 
225 72 0.01 
225 260 1.01 
225 385 1.01 
225 442 1.01 
225 466 2.01 
225 487 9.01 
225 491 10.01 
225 494 12.01 
225 495 18.009999999999998 
225 498 30.009999999999998 
225 499 45.01 
280 163 1.01 
280 235 4.01 
280 300 1.01 
280 325 4.01 
280 327 3.01 
280 333 3.01 
280 377 3.01 
280 393 1.01 
280 457 2.01 
280 474 16.009999999999998 
280 496 9.01 
280 498 63.01 
385 69 1.01 
385 124 1.01 
385 365 2.01 
385 382 1.01 
385 423 1.01 
385 424 1.01 
385 466 4.01 
385 471 7.01 
385 479 5.01 
385 487 15.01 
385 493 14.01 
387 210 9.01 
387 259 2.01 
387 287 1.01 
387 321 3.01 
387 371 3.01 
387 424 9.01 
387 437 12.01 
387 447 7.01 
387 454 4.01 
387 495 31.009999999999998 
387 499 71.00999999999999 
425 33 0.01 
425 97 1.01 
425 119 0.01 
425 190 3.01 
425 217 7.01 
425 279 4.01 
425 300 2.01 
425 305 3.01 
425 489 11.01 
425 492 18.009999999999998 
425 493 28.009999999999998 
452 66 5.01 
452 70 1.01 
452 109 6.01 
452 263 8.01 
452 292 5.01 
452 349 7.01 
452 406 3.01 
452 471 10.01 
452 480 24.009999999999998 
452 487 52.01 
452 497 65.00999999999999 
480 60 4.01 
480 137 4.01 
480 169 4.01 
480 255 3.01 
480 265 13.01 
480 356 14.01 
480 463 16.009999999999998 
480 470 26.009999999999998 
480 489 53.01 
480 495 77.00999999999999 
480 499 212.01 
484 19 2.01 
484 30 9.01 
484 134 11.01 
484 141 2.01 
484 305 8.01 
484 417 3.01 
484 422 21.009999999999998 
484 428 5.01 
484 458 7.01 
484 491 29.009999999999998 
484 499 200.01 
487 107 9.01 
487 215 13.01 
487 238 9.01 
487 380 11.01 
487 404 11.01 
487 450 24.009999999999998 
487 468 40.01 
487 477 34.01 
487 483 75.00999999999999 
487 492 61.01 
487 495 107.00999999999999 
491 15 4.01 
491 330 10.01 
491 356 27.009999999999998 
491 422 16.009999999999998 
491 427 21.009999999999998 
491 449 28.009999999999998 
491 461 34.01 
491 474 57.01 
491 484 51.01 
491 489 88.00999999999999 
491 498 303.01 
3 5 0.01 
3 82 0.01 
3 171 1.01 
3 200 0.01 
3 210 1.01 
3 314 1.01 
3 457 1.01 
3 468 6.01 
3 480 4.01 
3 483 4.01 
3 493 15.01 
3 496 8.01 
5 4 0.01 
5 255 0.01 
5 259 0.01 
5 274 1.01 
5 301 0.01 
5 420 3.01 
5 436 4.01 
5 456 2.01 
5 459 2.01 
5 485 2.01 
5 498 8.01 
5 499 16.009999999999998 
82 4 0.01 
82 271 0.01 
82 319 0.01 
82 348 1.01 
82 358 1.01 
82 433 0.01 
82 436 0.01 
82 467 1.01 
82 474 1.01 
82 494 3.01 
82 496 3.01 
82 499 4.01 
171 24 0.01 
171 38 2.01 
171 245 0.01 
171 282 0.01 
171 326 2.01 
171 393 2.01 
171 426 0.01 
171 464 3.01 
171 475 4.01 
171 488 3.01 
171 489 11.01 
171 496 9.01 
200 173 0.01 
200 257 0.01 
200 379 1.01 
200 391 1.01 
200 401 2.01 
200 436 9.01 
200 458 1.01 
200 464 4.01 
200 475 0.01 
200 493 9.01 
200 496 5.01 
200 499 21.009999999999998 
210 11 1.01 
210 75 0.01 
210 192 2.01 
210 216 11.01 
210 335 5.01 
210 349 6.01 
210 465 9.01 
210 468 14.01 
210 473 8.01 
210 486 20.009999999999998 
210 496 48.01 
210 498 68.00999999999999 
314 69 0.01 
314 120 1.01 
314 152 1.01 
314 153 0.01 
314 252 1.01 
314 301 0.01 
314 366 1.01 
314 384 8.01 
314 451 7.01 
314 485 13.01 
314 486 8.01 
314 498 27.009999999999998 
457 159 2.01 
457 178 0.01 
457 310 3.01 
457 369 3.01 
457 417 8.01 
457 420 6.01 
457 431 6.01 
457 447 3.01 
457 464 12.01 
457 494 30.009999999999998 
457 496 49.01 
468 57 3.01 
468 101 5.01 
468 106 3.01 
468 353 3.01 
468 389 10.01 
468 395 15.01 
468 441 2.01 
468 450 19.009999999999998 
468 451 11.01 
468 477 30.009999999999998 
468 496 74.00999999999999 
483 58 6.01 
483 265 10.01 
483 321 20.009999999999998 
483 343 16.009999999999998 
483 364 9.01 
483 412 18.009999999999998 
483 440 13.01 
483 453 16.009999999999998 
483 496 106.00999999999999 
483 498 220.01 
483 499 296.01 
493 24 5.01 
493 198 11.01 
493 226 36.01 
493 309 18.009999999999998 
493 376 15.01 
493 405 19.009999999999998 
493 419 36.01 
493 431 21.009999999999998 
493 480 57.01 
493 483 109.00999999999999 
493 499 440.01 
496 39 4.01 
496 280 11.01 
496 313 14.01 
496 329 15.01 
496 384 26.009999999999998 
496 400 10.01 
496 478 61.01 
496 479 68.00999999999999 
496 483 85.00999999999999 
496 497 334.01 
496 499 443.01 
4 2 0.01 
4 62 0.01 
4 157 1.01 
4 270 0.01 
4 380 0.01 
4 444 0.01 
4 452 1.01 
4 472 1.01 
4 477 2.01 
4 490 2.01 
4 498 5.01 
4 499 4.01 
62 75 3.01 
62 143 0.01 
62 184 0.01 
62 244 0.01 
62 424 1.01 
62 428 0.01 
62 451 1.01 
62 480 2.01 
62 483 8.01 
62 493 11.01 
62 494 3.01 
62 495 10.01 
157 55 1.01 
157 94 1.01 
157 194 2.01 
157 221 3.01 
157 260 8.01 
157 338 4.01 
157 380 3.01 
157 429 9.01 
157 494 24.009999999999998 
157 495 52.01 
157 497 55.01 
157 498 98.00999999999999 
270 51 0.01 
270 226 4.01 
270 286 0.01 
270 301 0.01 
270 357 0.01 
270 372 3.01 
270 442 0.01 
270 445 2.01 
270 489 3.01 
270 493 11.01 
270 498 14.01 
270 499 26.009999999999998 
380 11 1.01 
380 176 1.01 
380 179 3.01 
380 184 0.01 
380 203 2.01 
380 311 3.01 
380 322 3.01 
380 357 2.01 
380 478 9.01 
380 489 25.009999999999998 
380 492 13.01 
444 236 0.01 
444 237 2.01 
444 252 1.01 
444 286 3.01 
444 313 2.01 
444 315 3.01 
444 383 10.01 
444 464 10.01 
444 474 14.01 
444 495 25.009999999999998 
444 499 107.00999999999999 
472 0 2.01 
472 105 3.01 
472 175 0.01 
472 222 1.01 
472 366 1.01 
472 408 12.01 
472 438 4.01 
472 442 2.01 
472 494 27.009999999999998 
472 495 42.01 
472 499 88.00999999999999 
477 56 1.01 
477 74 3.01 
477 98 4.01 
477 142 2.01 
477 170 1.01 
477 243 11.01 
477 259 5.01 
477 263 10.01 
477 436 21.009999999999998 
477 449 19.009999999999998 
477 497 150.01 
498 167 17.009999999999998 
498 177 21.009999999999998 
498 216 20.009999999999998 
498 368 39.01 
498 383 33.01 
498 401 42.01 
498 446 45.01 
498 482 154.01 
498 485 152.01 
498 490 159.01 
498 497 424.01 
255 5 0.01 
255 187 1.01 
255 248 0.01 
255 312 1.01 
255 367 1.01 
255 439 0.01 
255 448 2.01 
255 455 2.01 
255 474 5.01 
255 478 4.01 
255 486 11.01 
255 499 33.01 
259 241 0.01 
259 306 2.01 
259 317 3.01 
259 351 2.01 
259 433 5.01 
259 487 17.009999999999998 
259 489 8.01 
259 492 6.01 
259 493 15.01 
259 495 10.01 
259 497 29.009999999999998 
259 499 40.01 
274 143 1.01 
274 230 0.01 
274 250 2.01 
274 363 3.01 
274 373 0.01 
274 393 1.01 
274 428 2.01 
274 436 3.01 
274 456 3.01 
274 458 2.01 
274 463 4.01 
274 486 9.01 
301 6 1.01 
301 155 1.01 
301 162 2.01 
301 358 4.01 
301 400 3.01 
301 410 4.01 
301 437 12.01 
301 461 7.01 
301 462 3.01 
301 490 7.01 
301 494 9.01 
301 499 37.01 
436 116 9.01 
436 181 4.01 
436 206 5.01 
436 290 4.01 
436 314 2.01 
436 443 11.01 
436 463 16.009999999999998 
436 478 26.009999999999998 
436 493 69.00999999999999 
436 494 34.01 
436 499 85.00999999999999 
456 150 5.01 
456 252 1.01 
456 257 3.01 
456 316 1.01 
456 343 6.01 
456 403 4.01 
456 464 10.01 
456 486 34.01 
456 491 52.01 
456 498 96.00999999999999 
456 499 97.00999999999999 
459 3 2.01 
459 91 0.01 
459 171 1.01 
459 183 0.01 
459 381 4.01 
459 439 3.01 
459 453 4.01 
459 477 20.009999999999998 
459 481 15.01 
459 485 24.009999999999998 
459 486 21.009999999999998 
269 104 0.01 
269 117 0.01 
269 268 0.01 
269 416 0.01 
269 433 1.01 
269 452 2.01 
269 468 7.01 
269 480 2.01 
269 487 4.01 
269 497 18.009999999999998 
269 498 25.009999999999998 
269 499 25.009999999999998 
279 159 0.01 
279 235 7.01 
279 276 0.01 
279 302 2.01 
279 307 3.01 
279 315 3.01 
279 419 5.01 
279 430 7.01 
279 453 2.01 
279 473 1.01 
279 484 11.01 
279 488 6.01 
368 26 4.01 
368 51 1.01 
368 292 3.01 
368 350 10.01 
368 381 6.01 
368 404 6.01 
368 469 14.01 
368 474 22.009999999999998 
368 479 26.009999999999998 
368 498 54.01 
368 499 159.01 
421 44 0.01 
421 287 2.01 
421 294 1.01 
421 376 3.01 
421 435 4.01 
421 474 15.01 
421 475 4.01 
421 494 20.009999999999998 
421 497 35.01 
421 498 44.01 
421 499 59.01 
451 191 4.01 
451 266 2.01 
451 283 19.009999999999998 
451 315 6.01 
451 369 7.01 
451 383 13.01 
451 390 7.01 
451 422 7.01 
451 471 10.01 
451 476 10.01 
451 491 29.009999999999998 
476 22 2.01 
476 58 6.01 
476 107 5.01 
476 194 1.01 
476 217 6.01 
476 240 1.01 
476 377 7.01 
476 394 6.01 
476 467 18.009999999999998 
476 497 103.00999999999999 
476 499 118.00999999999999 
492 30 8.01 
492 195 4.01 
492 217 13.01 
492 332 6.01 
492 403 20.009999999999998 
492 419 27.009999999999998 
492 437 32.01 
492 452 27.009999999999998 
492 465 25.009999999999998 
492 473 41.01 
492 499 260.01 
7 59 0.01 
7 381 1.01 
7 405 0.01 
7 413 0.01 
7 455 3.01 
7 460 2.01 
7 476 1.01 
7 482 5.01 
7 487 4.01 
7 492 7.01 
7 493 6.01 
7 498 29.009999999999998 
59 53 0.01 
59 68 0.01 
59 102 0.01 
59 154 2.01 
59 159 0.01 
59 201 0.01 
59 204 3.01 
59 285 0.01 
59 331 5.01 
59 427 3.01 
59 458 2.01 
59 477 3.01 
381 47 2.01 
381 66 0.01 
381 133 0.01 
381 181 2.01 
381 274 1.01 
381 352 0.01 
381 449 9.01 
381 464 12.01 
381 483 9.01 
381 496 19.009999999999998 
381 498 66.00999999999999 
405 186 3.01 
405 197 1.01 
405 292 2.01 
405 311 0.01 
405 402 2.01 
405 462 4.01 
405 466 11.01 
405 482 41.01 
405 493 17.009999999999998 
405 495 32.01 
405 498 65.00999999999999 
413 125 3.01 
413 148 3.01 
413 235 9.01 
413 297 2.01 
413 423 1.01 
413 440 3.01 
413 445 5.01 
413 455 7.01 
413 478 21.009999999999998 
413 491 18.009999999999998 
413 499 73.00999999999999 
455 17 6.01 
455 263 4.01 
455 272 6.01 
455 295 4.01 
455 302 3.01 
455 316 8.01 
455 337 6.01 
455 359 4.01 
455 445 8.01 
455 497 64.00999999999999 
455 498 135.01 
460 53 2.01 
460 57 6.01 
460 165 5.01 
460 180 2.01 
460 235 11.01 
460 285 1.01 
460 333 5.01 
460 344 5.01 
460 437 19.009999999999998 
460 490 23.009999999999998 
460 492 32.01 
8 319 0.01 
8 360 3.01 
8 368 7.01 
8 377 1.01 
8 399 3.01 
8 413 2.01 
8 441 4.01 
8 486 10.01 
8 491 8.01 
8 497 30.009999999999998 
8 498 35.01 
8 499 25.009999999999998 
319 50 0.01 
319 123 0.01 
319 132 0.01 
319 283 0.01 
319 366 0.01 
319 480 3.01 
319 482 7.01 
319 485 2.01 
319 486 4.01 
319 490 4.01 
319 498 23.009999999999998 
319 499 22.009999999999998 
360 123 0.01 
360 181 2.01 
360 184 1.01 
360 193 1.01 
360 200 0.01 
360 240 3.01 
360 284 3.01 
360 353 4.01 
360 384 3.01 
360 434 1.01 
360 436 9.01 
377 223 1.01 
377 252 1.01 
377 380 1.01 
377 416 3.01 
377 462 3.01 
377 466 11.01 
377 482 9.01 
377 491 20.009999999999998 
377 497 33.01 
377 498 41.01 
377 499 35.01 
399 116 2.01 
399 139 0.01 
399 174 0.01 
399 205 3.01 
399 430 3.01 
399 462 5.01 
399 469 3.01 
399 479 13.01 
399 488 18.009999999999998 
399 492 15.01 
399 497 55.01 
441 203 0.01 
441 234 1.01 
441 246 5.01 
441 261 0.01 
441 321 5.01 
441 323 1.01 
441 439 6.01 
441 445 7.01 
441 457 7.01 
441 489 12.01 
441 498 52.01 
486 178 2.01 
486 225 7.01 
486 262 11.01 
486 363 9.01 
486 368 35.01 
486 401 35.01 
486 407 8.01 
486 415 20.009999999999998 
486 485 83.00999999999999 
486 493 121.00999999999999 
486 497 176.01 
9 96 2.01 
9 154 0.01 
9 155 2.01 
9 166 1.01 
9 349 1.01 
9 430 0.01 
9 475 2.01 
9 477 2.01 
9 478 2.01 
9 490 10.01 
9 492 6.01 
9 499 17.009999999999998 
96 32 1.01 
96 355 2.01 
96 372 0.01 
96 423 2.01 
96 460 3.01 
96 473 1.01 
96 483 4.01 
96 484 3.01 
96 488 4.01 
96 492 11.01 
96 496 12.01 
96 498 26.009999999999998 
154 34 2.01 
154 147 0.01 
154 201 0.01 
154 284 4.01 
154 353 0.01 
154 359 2.01 
154 431 0.01 
154 468 4.01 
154 473 2.01 
154 474 3.01 
154 479 1.01 
154 488 3.01 
155 31 0.01 
155 256 1.01 
155 285 0.01 
155 316 1.01 
155 328 3.01 
155 353 1.01 
155 418 2.01 
155 460 1.01 
155 479 9.01 
155 487 7.01 
155 488 5.01 
155 494 14.01 
166 307 2.01 
166 323 0.01 
166 380 5.01 
166 383 3.01 
166 389 1.01 
166 411 2.01 
166 413 2.01 
166 432 1.01 
166 454 1.01 
166 494 8.01 
166 498 37.01 
166 499 12.01 
349 11 1.01 
349 107 5.01 
349 185 11.01 
349 253 2.01 
349 257 1.01 
349 466 7.01 
349 474 10.01 
349 481 10.01 
349 485 10.01 
349 491 27.009999999999998 
349 498 81.00999999999999 
349 499 116.00999999999999 
430 8 1.01 
430 68 1.01 
430 197 3.01 
430 288 1.01 
430 410 6.01 
430 425 7.01 
430 446 6.01 
430 486 21.009999999999998 
430 489 17.009999999999998 
430 494 12.01 
430 496 46.01 
478 8 10.01 
478 46 4.01 
478 79 2.01 
478 101 5.01 
478 215 6.01 
478 371 6.01 
478 387 9.01 
478 427 18.009999999999998 
478 464 25.009999999999998 
478 497 116.00999999999999 
478 499 188.01 
10 34 3.01 
10 348 4.01 
10 387 9.01 
10 443 5.01 
10 451 5.01 
10 460 7.01 
10 475 17.009999999999998 
10 477 17.009999999999998 
10 493 34.01 
10 494 29.009999999999998 
10 495 48.01 
10 499 8.01 
34 64 0.01 
34 103 0.01 
34 197 0.01 
34 201 2.01 
34 204 3.01 
34 233 0.01 
34 241 1.01 
34 352 0.01 
34 439 4.01 
34 456 9.01 
34 492 6.01 
34 499 41.01 
348 139 2.01 
348 185 8.01 
348 311 1.01 
348 327 1.01 
348 347 1.01 
348 363 0.01 
348 410 2.01 
348 447 6.01 
348 475 3.01 
348 497 23.009999999999998 
348 498 28.009999999999998 
348 499 45.01 
443 54 0.01 
443 351 1.01 
443 352 0.01 
443 368 13.01 
443 447 9.01 
443 491 24.009999999999998 
443 493 43.01 
443 494 19.009999999999998 
443 495 41.01 
443 497 47.01 
443 499 110.00999999999999 
11 57 2.01 
11 152 0.01 
11 351 0.01 
11 411 3.01 
11 440 2.01 
11 450 2.01 
11 461 2.01 
11 480 7.01 
11 490 4.01 
11 492 12.01 
11 494 4.01 
11 499 45.01 
57 10 3.01 
57 70 0.01 
57 169 2.01 
57 184 0.01 
57 233 0.01 
57 284 2.01 
57 410 3.01 
57 417 3.01 
57 468 0.01 
57 483 8.01 
57 490 15.01 
57 499 22.009999999999998 
152 139 0.01 
152 182 0.01 
152 200 0.01 
152 202 0.01 
152 217 0.01 
152 349 1.01 
152 378 2.01 
152 409 0.01 
152 410 0.01 
152 413 2.01 
152 428 0.01 
152 486 1.01 
351 94 1.01 
351 168 5.01 
351 187 0.01 
351 222 2.01 
351 290 2.01 
351 298 0.01 
351 354 7.01 
351 454 5.01 
351 479 10.01 
351 489 7.01 
351 491 8.01 
351 499 46.01 
411 17 1.01 
411 36 4.01 
411 264 0.01 
411 323 4.01 
411 392 1.01 
411 403 8.01 
411 448 13.01 
411 464 8.01 
411 471 8.01 
411 488 12.01 
411 497 34.01 
440 42 0.01 
440 259 2.01 
440 400 6.01 
440 413 5.01 
440 455 10.01 
440 476 9.01 
440 482 32.01 
440 487 19.009999999999998 
440 494 21.009999999999998 
440 497 55.01 
440 498 73.00999999999999 
450 92 4.01 
450 137 4.01 
450 153 1.01 
450 427 8.01 
450 452 21.009999999999998 
450 454 15.01 
450 473 24.009999999999998 
450 485 47.01 
450 488 37.01 
450 490 27.009999999999998 
450 497 92.00999999999999 
461 86 2.01 
461 107 11.01 
461 131 4.01 
461 297 7.01 
461 361 10.01 
461 371 6.01 
461 470 33.01 
461 493 62.01 
461 495 115.00999999999999 
461 496 69.00999999999999 
461 499 146.01 
412 61 0.01 
412 169 6.01 
412 188 0.01 
412 309 8.01 
412 323 5.01 
412 361 4.01 
412 465 11.01 
412 468 15.01 
412 493 36.01 
412 495 37.01 
412 499 96.00999999999999 
414 8 3.01 
414 112 2.01 
414 173 3.01 
414 271 3.01 
414 405 8.01 
414 428 6.01 
414 433 8.01 
414 466 6.01 
414 468 11.01 
414 481 21.009999999999998 
414 498 68.00999999999999 
419 162 1.01 
419 181 5.01 
419 242 6.01 
419 258 3.01 
419 335 2.01 
419 392 3.01 
419 471 13.01 
419 483 21.009999999999998 
419 490 29.009999999999998 
419 498 89.00999999999999 
419 499 93.00999999999999 
438 54 2.01 
438 191 4.01 
438 213 0.01 
438 215 0.01 
438 270 0.01 
438 320 2.01 
438 322 1.01 
438 350 4.01 
438 463 6.01 
438 498 54.01 
438 499 44.01 
439 249 1.01 
439 274 0.01 
439 305 2.01 
439 322 0.01 
439 396 2.01 
439 418 3.01 
439 465 11.01 
439 470 12.01 
439 484 9.01 
439 492 11.01 
439 495 32.01 
474 59 1.01 
474 268 1.01 
474 299 5.01 
474 378 9.01 
474 455 28.009999999999998 
474 456 19.009999999999998 
474 467 23.009999999999998 
474 473 31.009999999999998 
474 489 63.01 
474 493 85.00999999999999 
474 499 178.01 
13 64 1.01 
13 292 0.01 
13 340 1.01 
13 376 3.01 
13 414 1.01 
13 443 1.01 
13 445 2.01 
13 471 5.01 
13 472 2.01 
13 478 2.01 
13 479 2.01 
13 495 5.01 
64 108 0.01 
64 178 0.01 
64 301 0.01 
64 369 0.01 
64 381 1.01 
64 411 1.01 
64 426 0.01 
64 434 0.01 
64 469 2.01 
64 475 4.01 
64 482 5.01 
64 499 16.009999999999998 
292 174 0.01 
292 281 0.01 
292 333 4.01 
292 405 1.01 
292 457 2.01 
292 459 3.01 
292 477 8.01 
292 478 8.01 
292 482 12.01 
292 490 10.01 
292 497 18.009999999999998 
292 498 48.01 
340 5 1.01 
340 41 0.01 
340 121 1.01 
340 153 1.01 
340 172 3.01 
340 250 2.01 
340 376 7.01 
340 423 2.01 
340 471 4.01 
340 478 1.01 
340 498 24.009999999999998 
340 499 51.01 
376 13 1.01 
376 146 1.01 
376 150 2.01 
376 206 1.01 
376 356 6.01 
376 384 10.01 
376 448 6.01 
376 462 10.01 
376 476 15.01 
376 478 10.01 
376 497 58.01 
445 93 2.01 
445 325 5.01 
445 384 8.01 
445 421 4.01 
445 424 5.01 
445 433 1.01 
445 434 7.01 
445 462 10.01 
445 481 14.01 
445 487 16.009999999999998 
445 496 37.01 
471 131 5.01 
471 135 2.01 
471 138 8.01 
471 363 3.01 
471 367 3.01 
471 414 8.01 
471 459 7.01 
471 466 22.009999999999998 
471 485 44.01 
471 495 47.01 
471 498 92.00999999999999 
479 42 4.01 
479 170 4.01 
479 236 4.01 
479 288 3.01 
479 374 28.009999999999998 
479 383 25.009999999999998 
479 449 19.009999999999998 
479 482 56.01 
479 497 109.00999999999999 
479 498 163.01 
479 499 181.01 
14 36 0.01 
14 189 2.01 
14 208 0.01 
14 302 0.01 
14 345 2.01 
14 359 1.01 
14 425 0.01 
14 438 0.01 
14 448 2.01 
14 494 10.01 
14 497 15.01 
14 498 18.009999999999998 
36 13 0.01 
36 62 0.01 
36 245 0.01 
36 304 0.01 
36 308 0.01 
36 367 0.01 
36 409 1.01 
36 418 0.01 
36 463 4.01 
36 473 6.01 
36 479 2.01 
36 492 4.01 
189 26 0.01 
189 144 1.01 
189 306 3.01 
189 319 1.01 
189 328 2.01 
189 377 3.01 
189 443 2.01 
189 446 2.01 
189 467 4.01 
189 471 8.01 
189 493 11.01 
189 498 25.009999999999998 
208 7 1.01 
208 212 1.01 
208 226 1.01 
208 261 1.01 
208 408 6.01 
208 432 3.01 
208 477 5.01 
208 490 17.009999999999998 
208 493 15.01 
208 495 13.01 
208 497 23.009999999999998 
208 498 27.009999999999998 
302 8 0.01 
302 67 2.01 
302 142 1.01 
302 164 0.01 
302 247 2.01 
302 347 1.01 
302 376 2.01 
302 429 0.01 
302 454 1.01 
302 476 2.01 
302 485 11.01 
302 497 37.01 
345 47 0.01 
345 72 3.01 
345 273 1.01 
345 275 2.01 
345 364 4.01 
345 392 2.01 
345 427 6.01 
345 435 5.01 
345 446 10.01 
345 460 7.01 
345 494 27.009999999999998 
345 499 65.00999999999999 
359 51 1.01 
359 110 0.01 
359 126 1.01 
359 316 4.01 
359 378 6.01 
359 390 8.01 
359 396 4.01 
359 415 6.01 
359 486 16.009999999999998 
359 493 26.009999999999998 
359 495 33.01 
448 135 4.01 
448 180 3.01 
448 249 7.01 
448 266 6.01 
448 354 7.01 
448 440 2.01 
448 445 4.01 
448 451 8.01 
448 482 31.009999999999998 
448 488 21.009999999999998 
448 498 86.00999999999999 
15 3 0.01 
15 103 1.01 
15 104 1.01 
15 170 2.01 
15 264 0.01 
15 277 7.01 
15 342 1.01 
15 423 3.01 
15 456 4.01 
15 458 1.01 
15 483 12.01 
15 495 29.009999999999998 
103 29 0.01 
103 99 0.01 
103 110 1.01 
103 229 0.01 
103 295 2.01 
103 312 1.01 
103 424 1.01 
103 446 2.01 
103 463 2.01 
103 494 3.01 
103 498 12.01 
103 499 15.01 
104 64 0.01 
104 74 1.01 
104 141 1.01 
104 161 0.01 
104 346 1.01 
104 389 1.01 
104 409 0.01 
104 459 0.01 
104 468 3.01 
104 486 4.01 
104 498 11.01 
104 499 14.01 
170 48 5.01 
170 118 1.01 
170 186 2.01 
170 190 0.01 
170 278 1.01 
170 280 4.01 
170 317 2.01 
170 390 3.01 
170 411 1.01 
170 427 3.01 
170 472 7.01 
170 498 31.009999999999998 
264 135 0.01 
264 153 1.01 
264 301 0.01 
264 321 1.01 
264 388 3.01 
264 425 0.01 
264 453 1.01 
264 483 4.01 
264 486 3.01 
264 492 9.01 
264 494 3.01 
264 496 14.01 
277 54 2.01 
277 186 1.01 
277 327 0.01 
277 463 5.01 
277 474 5.01 
277 477 6.01 
277 486 14.01 
277 489 11.01 
277 490 4.01 
277 491 12.01 
277 496 17.009999999999998 
277 499 23.009999999999998 
342 20 1.01 
342 79 1.01 
342 92 1.01 
342 247 0.01 
342 367 1.01 
342 394 4.01 
342 415 0.01 
342 441 0.01 
342 484 7.01 
342 492 11.01 
342 494 15.01 
342 497 24.009999999999998 
458 227 1.01 
458 274 1.01 
458 370 3.01 
458 402 4.01 
458 420 7.01 
458 432 2.01 
458 439 4.01 
458 443 4.01 
458 448 5.01 
458 488 21.009999999999998 
458 489 14.01 
16 112 1.01 
16 127 0.01 
16 241 0.01 
16 346 2.01 
16 401 5.01 
16 425 0.01 
16 448 1.01 
16 463 4.01 
16 478 3.01 
16 488 6.01 
16 490 5.01 
16 491 9.01 
112 51 0.01 
112 62 0.01 
112 146 0.01 
112 265 0.01 
112 285 0.01 
112 319 0.01 
112 367 0.01 
112 452 1.01 
112 455 2.01 
112 477 1.01 
112 495 7.01 
112 498 11.01 
127 43 0.01 
127 234 1.01 
127 296 1.01 
127 382 1.01 
127 386 1.01 
127 470 4.01 
127 486 8.01 
127 489 3.01 
127 491 4.01 
127 496 7.01 
127 498 11.01 
127 499 17.009999999999998 
241 56 1.01 
241 110 1.01 
241 168 2.01 
241 174 0.01 
241 276 0.01 
241 324 0.01 
241 327 0.01 
241 386 1.01 
241 395 3.01 
241 480 3.01 
241 485 4.01 
241 499 23.009999999999998 
346 57 2.01 
346 104 1.01 
346 253 2.01 
346 342 6.01 
346 365 1.01 
346 367 3.01 
346 386 3.01 
346 403 4.01 
346 417 1.01 
346 451 7.01 
346 485 10.01 
346 495 25.009999999999998 
401 309 9.01 
401 354 5.01 
401 456 22.009999999999998 
401 466 6.01 
401 467 14.01 
401 469 6.01 
401 470 21.009999999999998 
401 479 23.009999999999998 
401 486 22.009999999999998 
401 488 44.01 
401 495 62.01 
463 72 2.01 
463 95 3.01 
463 149 16.009999999999998 
463 246 5.01 
463 330 9.01 
463 361 4.01 
463 383 14.01 
463 478 12.01 
463 482 32.01 
463 498 111.00999999999999 
463 499 157.01 
17 92 0.01 
17 147 0.01 
17 248 0.01 
17 264 0.01 
17 304 0.01 
17 315 1.01 
17 404 3.01 
17 465 1.01 
17 472 1.01 
17 473 8.01 
17 494 7.01 
17 499 29.009999999999998 
92 111 0.01 
92 208 2.01 
92 223 3.01 
92 386 3.01 
92 406 2.01 
92 425 5.01 
92 429 4.01 
92 432 3.01 
92 482 10.01 
92 485 6.01 
92 497 39.01 
92 498 31.009999999999998 
147 49 0.01 
147 52 0.01 
147 94 0.01 
147 152 0.01 
147 230 0.01 
147 246 2.01 
147 254 0.01 
147 309 2.01 
147 366 2.01 
147 390 1.01 
147 485 4.01 
147 490 5.01 
248 56 0.01 
248 149 2.01 
248 218 1.01 
248 219 1.01 
248 227 0.01 
248 276 0.01 
248 390 0.01 
248 446 8.01 
248 450 3.01 
248 478 2.01 
248 494 7.01 
248 499 22.009999999999998 
304 173 0.01 
304 198 1.01 
304 266 0.01 
304 273 0.01 
304 375 0.01 
304 404 2.01 
304 407 3.01 
304 410 0.01 
304 460 8.01 
304 462 3.01 
304 488 9.01 
304 496 14.01 
315 130 0.01 
315 199 2.01 
315 312 0.01 
315 322 2.01 
315 324 4.01 
315 367 0.01 
315 425 1.01 
315 445 4.01 
315 486 20.009999999999998 
315 487 13.01 
315 496 24.009999999999998 
315 498 39.01 
404 213 3.01 
404 234 2.01 
404 250 2.01 
404 268 2.01 
404 332 4.01 
404 374 26.009999999999998 
404 382 7.01 
404 451 9.01 
404 483 23.009999999999998 
404 487 9.01 
404 499 51.01 
465 12 1.01 
465 210 7.01 
465 256 2.01 
465 321 12.01 
465 385 6.01 
465 483 41.01 
465 487 29.009999999999998 
465 490 50.01 
465 494 49.01 
465 496 59.01 
465 499 130.01 
473 61 3.01 
473 93 9.01 
473 96 1.01 
473 116 5.01 
473 176 4.01 
473 208 3.01 
473 411 8.01 
473 428 13.01 
473 474 30.009999999999998 
473 480 23.009999999999998 
473 490 64.00999999999999 
18 105 0.01 
18 115 0.01 
18 120 1.01 
18 220 2.01 
18 231 0.01 
18 238 2.01 
18 443 2.01 
18 459 3.01 
18 474 6.01 
18 482 11.01 
18 485 11.01 
18 492 11.01 
105 130 1.01 
105 174 1.01 
105 232 0.01 
105 310 2.01 
105 392 3.01 
105 436 7.01 
105 465 3.01 
105 469 3.01 
105 486 11.01 
105 494 8.01 
105 496 15.01 
105 497 17.009999999999998 
115 9 0.01 
115 33 0.01 
115 126 1.01 
115 141 0.01 
115 295 0.01 
115 317 2.01 
115 352 0.01 
115 400 1.01 
115 475 3.01 
115 478 3.01 
115 493 7.01 
115 499 21.009999999999998 
120 45 0.01 
120 311 0.01 
120 332 1.01 
120 372 2.01 
120 404 1.01 
120 454 1.01 
120 480 3.01 
120 481 11.01 
120 487 6.01 
120 492 2.01 
120 496 10.01 
120 497 16.009999999999998 
220 182 0.01 
220 271 0.01 
220 289 1.01 
220 296 2.01 
220 341 0.01 
220 441 3.01 
220 488 3.01 
220 489 9.01 
220 491 5.01 
220 496 11.01 
220 497 18.009999999999998 
220 498 25.009999999999998 
231 72 3.01 
231 303 0.01 
231 310 0.01 
231 355 0.01 
231 381 0.01 
231 391 1.01 
231 400 1.01 
231 415 2.01 
231 464 5.01 
231 468 1.01 
231 477 2.01 
231 489 3.01 
238 77 2.01 
238 270 0.01 
238 401 4.01 
238 407 3.01 
238 418 2.01 
238 422 5.01 
238 454 3.01 
238 455 5.01 
238 459 4.01 
238 464 4.01 
238 485 6.01 
238 496 10.01 
19 50 0.01 
19 110 1.01 
19 139 1.01 
19 178 2.01 
19 198 0.01 
19 217 3.01 
19 369 2.01 
19 452 5.01 
19 481 8.01 
19 484 4.01 
19 486 7.01 
19 499 34.01 
50 160 0.01 
50 207 0.01 
50 214 0.01 
50 347 0.01 
50 352 0.01 
50 448 0.01 
50 459 0.01 
50 461 3.01 
50 470 1.01 
50 495 1.01 
50 497 6.01 
50 498 5.01 
110 136 0.01 
110 216 3.01 
110 242 1.01 
110 245 0.01 
110 407 2.01 
110 423 3.01 
110 425 2.01 
110 479 0.01 
110 488 4.01 
110 491 4.01 
110 494 4.01 
110 496 3.01 
139 73 2.01 
139 111 0.01 
139 128 0.01 
139 132 1.01 
139 253 0.01 
139 337 1.01 
139 373 1.01 
139 414 2.01 
139 444 2.01 
139 471 2.01 
139 480 5.01 
139 497 11.01 
178 286 0.01 
178 293 1.01 
178 370 3.01 
178 417 2.01 
178 447 4.01 
178 452 10.01 
178 453 4.01 
178 461 3.01 
178 483 3.01 
178 484 3.01 
178 490 22.009999999999998 
178 496 15.01 
198 3 3.01 
198 73 1.01 
198 132 3.01 
198 213 3.01 
198 325 2.01 
198 397 5.01 
198 421 2.01 
198 443 3.01 
198 459 2.01 
198 495 20.009999999999998 
198 497 37.01 
198 499 59.01 
217 68 2.01 
217 214 3.01 
217 291 4.01 
217 337 5.01 
217 388 5.01 
217 460 5.01 
217 468 13.01 
217 474 10.01 
217 476 2.01 
217 480 8.01 
217 488 17.009999999999998 
217 499 63.01 
369 76 0.01 
369 297 0.01 
369 305 3.01 
369 312 1.01 
369 316 3.01 
369 361 1.01 
369 409 2.01 
369 411 2.01 
369 461 11.01 
369 494 13.01 
369 497 38.01 
481 18 1.01 
481 180 4.01 
481 334 3.01 
481 354 9.01 
481 391 6.01 
481 468 37.01 
481 470 33.01 
481 480 47.01 
481 487 64.00999999999999 
481 493 86.00999999999999 
481 499 220.01 
20 124 0.01 
20 263 3.01 
20 266 2.01 
20 289 1.01 
20 343 0.01 
20 376 1.01 
20 402 1.01 
20 436 1.01 
20 453 0.01 
20 465 0.01 
20 496 6.01 
20 497 10.01 
124 24 0.01 
124 219 1.01 
124 329 4.01 
124 376 0.01 
124 432 1.01 
124 472 2.01 
124 473 4.01 
124 481 2.01 
124 492 5.01 
124 493 1.01 
124 494 3.01 
124 498 14.01 
263 14 0.01 
263 37 1.01 
263 235 3.01 
263 244 2.01 
263 248 1.01 
263 347 1.01 
263 434 2.01 
263 449 6.01 
263 473 6.01 
263 477 1.01 
263 489 14.01 
263 497 55.01 
266 28 1.01 
266 150 3.01 
266 248 0.01 
266 251 1.01 
266 314 3.01 
266 332 4.01 
266 365 2.01 
266 375 0.01 
266 382 2.01 
266 490 8.01 
266 492 16.009999999999998 
266 499 41.01 
289 45 2.01 
289 55 2.01 
289 129 0.01 
289 162 0.01 
289 254 0.01 
289 257 1.01 
289 312 1.01 
289 346 0.01 
289 422 2.01 
289 465 2.01 
289 470 5.01 
289 496 13.01 
343 113 1.01 
343 138 4.01 
343 179 0.01 
343 202 1.01 
343 388 2.01 
343 391 1.01 
343 472 5.01 
343 475 8.01 
343 480 11.01 
343 488 12.01 
343 497 38.01 
343 499 50.01 
402 155 0.01 
402 179 0.01 
402 217 3.01 
402 294 5.01 
402 379 1.01 
402 465 10.01 
402 480 12.01 
402 483 14.01 
402 488 5.01 
402 496 34.01 
402 499 51.01 
453 65 0.01 
453 105 2.01 
453 127 2.01 
453 129 1.01 
453 165 5.01 
453 186 2.01 
453 245 2.01 
453 289 3.01 
453 321 8.01 
453 393 1.01 
453 463 7.01 
21 82 0.01 
21 115 0.01 
21 219 0.01 
21 278 0.01 
21 373 2.01 
21 406 1.01 
21 410 2.01 
21 468 2.01 
21 471 1.01 
21 481 3.01 
21 494 6.01 
21 495 6.01 
219 39 1.01 
219 154 0.01 
219 304 2.01 
219 370 2.01 
219 396 1.01 
219 399 0.01 
219 403 1.01 
219 469 2.01 
219 480 5.01 
219 490 10.01 
219 492 5.01 
219 494 5.01 
278 39 0.01 
278 66 1.01 
278 267 1.01 
278 281 0.01 
278 325 2.01 
278 408 4.01 
278 454 2.01 
278 460 7.01 
278 473 8.01 
278 481 5.01 
278 484 6.01 
278 499 43.01 
373 236 2.01 
373 323 1.01 
373 329 2.01 
373 421 2.01 
373 437 4.01 
373 454 0.01 
373 468 8.01 
373 471 3.01 
373 485 8.01 
373 492 5.01 
373 494 10.01 
406 211 3.01 
406 330 4.01 
406 340 5.01 
406 346 2.01 
406 358 1.01 
406 365 2.01 
406 443 2.01 
406 465 11.01 
406 479 7.01 
406 485 13.01 
406 498 35.01 
410 155 1.01 
410 206 1.01 
410 219 2.01 
410 266 3.01 
410 284 3.01 
410 285 0.01 
410 360 0.01 
410 393 6.01 
410 482 36.01 
410 491 27.009999999999998 
410 499 102.00999999999999 
22 20 0.01 
22 239 0.01 
22 267 0.01 
22 329 1.01 
22 335 1.01 
22 338 0.01 
22 373 0.01 
22 483 10.01 
22 494 5.01 
22 496 17.009999999999998 
22 497 15.01 
22 498 20.009999999999998 
239 1 0.01 
239 60 0.01 
239 215 2.01 
239 293 0.01 
239 309 1.01 
239 343 1.01 
239 390 1.01 
239 421 1.01 
239 438 0.01 
239 493 14.01 
239 495 11.01 
239 499 17.009999999999998 
267 141 0.01 
267 308 3.01 
267 350 3.01 
267 394 1.01 
267 400 1.01 
267 411 1.01 
267 429 0.01 
267 456 4.01 
267 457 3.01 
267 471 0.01 
267 482 7.01 
267 496 13.01 
329 46 2.01 
329 114 2.01 
329 151 1.01 
329 248 1.01 
329 353 2.01 
329 407 4.01 
329 447 8.01 
329 481 14.01 
329 483 24.009999999999998 
329 490 23.009999999999998 
329 496 10.01 
329 499 64.00999999999999 
335 16 2.01 
335 83 1.01 
335 135 0.01 
335 136 2.01 
335 233 1.01 
335 262 1.01 
335 329 3.01 
335 379 1.01 
335 436 5.01 
335 443 5.01 
335 472 5.01 
335 499 48.01 
338 33 0.01 
338 256 0.01 
338 312 2.01 
338 335 1.01 
338 379 0.01 
338 416 2.01 
338 424 1.01 
338 472 2.01 
338 473 3.01 
338 491 11.01 
338 498 24.009999999999998 
338 499 49.01 
23 8 0.01 
23 97 0.01 
23 313 3.01 
23 336 0.01 
23 404 0.01 
23 438 0.01 
23 450 2.01 
23 454 0.01 
23 484 7.01 
23 488 2.01 
23 492 7.01 
23 499 10.01 
97 18 1.01 
97 168 0.01 
97 191 0.01 
97 333 1.01 
97 466 0.01 
97 483 6.01 
97 485 3.01 
97 487 3.01 
97 491 6.01 
97 493 9.01 
97 495 4.01 
97 496 7.01 
313 22 1.01 
313 83 0.01 
313 402 6.01 
313 419 5.01 
313 446 10.01 
313 481 8.01 
313 483 18.009999999999998 
313 494 15.01 
313 495 32.01 
313 496 8.01 
313 497 50.01 
313 498 52.01 
336 27 0.01 
336 31 0.01 
336 48 1.01 
336 164 0.01 
336 232 1.01 
336 265 3.01 
336 267 0.01 
336 280 7.01 
336 339 1.01 
336 487 6.01 
336 491 10.01 
336 496 22.009999999999998 
24 77 0.01 
24 245 2.01 
24 362 0.01 
24 371 2.01 
24 381 1.01 
24 432 0.01 
24 453 6.01 
24 480 5.01 
24 492 8.01 
24 495 16.009999999999998 
24 497 36.01 
24 499 29.009999999999998 
77 16 0.01 
77 65 0.01 
77 78 0.01 
77 97 0.01 
77 195 1.01 
77 412 2.01 
77 483 2.01 
77 490 2.01 
77 496 4.01 
77 497 11.01 
77 498 12.01 
77 499 18.009999999999998 
245 28 0.01 
245 110 1.01 
245 252 0.01 
245 431 1.01 
245 434 3.01 
245 448 3.01 
245 449 4.01 
245 481 7.01 
245 483 16.009999999999998 
245 487 7.01 
245 488 3.01 
245 494 7.01 
362 58 4.01 
362 109 1.01 
362 126 0.01 
362 166 2.01 
362 388 0.01 
362 428 6.01 
362 449 4.01 
362 476 2.01 
362 477 11.01 
362 489 5.01 
362 498 26.009999999999998 
371 10 7.01 
371 99 0.01 
371 159 0.01 
371 238 6.01 
371 258 2.01 
371 397 4.01 
371 410 5.01 
371 489 18.009999999999998 
371 495 27.009999999999998 
371 498 50.01 
371 499 61.01 
432 90 0.01 
432 176 1.01 
432 199 1.01 
432 342 5.01 
432 401 7.01 
432 412 5.01 
432 436 13.01 
432 443 2.01 
432 472 3.01 
432 492 21.009999999999998 
432 495 23.009999999999998 
25 140 0.01 
25 220 2.01 
25 261 0.01 
25 370 2.01 
25 374 5.01 
25 384 1.01 
25 415 1.01 
25 433 1.01 
25 444 4.01 
25 485 3.01 
25 486 2.01 
25 494 5.01 
140 63 0.01 
140 137 1.01 
140 182 2.01 
140 228 1.01 
140 251 0.01 
140 278 1.01 
140 287 0.01 
140 297 0.01 
140 395 3.01 
140 396 3.01 
140 464 7.01 
140 495 14.01 
261 13 2.01 
261 135 0.01 
261 224 0.01 
261 286 0.01 
261 321 2.01 
261 357 1.01 
261 362 1.01 
261 427 1.01 
261 440 1.01 
261 489 5.01 
261 497 14.01 
261 498 10.01 
370 15 6.01 
370 322 2.01 
370 345 5.01 
370 401 9.01 
370 412 2.01 
370 433 10.01 
370 435 4.01 
370 473 11.01 
370 474 13.01 
370 491 18.009999999999998 
370 492 15.01 
374 179 1.01 
374 289 3.01 
374 349 3.01 
374 370 4.01 
374 444 9.01 
374 454 10.01 
374 485 31.009999999999998 
374 486 29.009999999999998 
374 487 35.01 
374 496 69.00999999999999 
374 499 41.01 
384 94 1.01 
384 125 1.01 
384 199 3.01 
384 211 4.01 
384 336 4.01 
384 337 4.01 
384 388 6.01 
384 391 3.01 
384 488 19.009999999999998 
384 497 67.00999999999999 
384 498 64.00999999999999 
415 143 3.01 
415 199 6.01 
415 256 2.01 
415 275 4.01 
415 315 9.01 
415 331 7.01 
415 471 7.01 
415 474 13.01 
415 489 20.009999999999998 
415 497 55.01 
415 499 75.00999999999999 
433 150 3.01 
433 251 3.01 
433 262 2.01 
433 395 11.01 
433 427 9.01 
433 435 6.01 
433 463 10.01 
433 465 13.01 
433 479 13.01 
433 486 16.009999999999998 
433 491 36.01 
26 9 0.01 
26 225 5.01 
26 230 0.01 
26 243 1.01 
26 251 1.01 
26 294 1.01 
26 425 1.01 
26 435 1.01 
26 438 0.01 
26 449 4.01 
26 478 3.01 
26 494 9.01 
230 14 0.01 
230 159 2.01 
230 371 4.01 
230 419 2.01 
230 422 3.01 
230 440 2.01 
230 471 4.01 
230 484 7.01 
230 485 15.01 
230 492 10.01 
230 498 33.01 
230 499 41.01 
243 10 4.01 
243 19 0.01 
243 122 0.01 
243 171 0.01 
243 354 4.01 
243 392 1.01 
243 424 7.01 
243 447 3.01 
243 452 4.01 
243 466 4.01 
243 470 8.01 
243 499 61.01 
251 89 2.01 
251 127 0.01 
251 188 1.01 
251 196 0.01 
251 200 0.01 
251 240 3.01 
251 241 0.01 
251 282 0.01 
251 296 1.01 
251 340 0.01 
251 394 3.01 
251 498 24.009999999999998 
294 283 2.01 
294 377 4.01 
294 399 5.01 
294 409 2.01 
294 412 7.01 
294 435 1.01 
294 440 2.01 
294 458 6.01 
294 465 2.01 
294 468 18.009999999999998 
294 498 36.01 
294 499 46.01 
449 14 4.01 
449 128 1.01 
449 145 0.01 
449 314 3.01 
449 320 3.01 
449 467 12.01 
449 470 14.01 
449 474 27.009999999999998 
449 476 17.009999999999998 
449 497 80.00999999999999 
449 498 109.00999999999999 
27 147 1.01 
27 163 0.01 
27 188 0.01 
27 273 2.01 
27 373 2.01 
27 468 4.01 
27 477 8.01 
27 480 3.01 
27 491 4.01 
27 496 10.01 
27 497 17.009999999999998 
27 499 29.009999999999998 
163 91 0.01 
163 128 0.01 
163 187 0.01 
163 313 0.01 
163 327 0.01 
163 393 1.01 
163 430 2.01 
163 447 1.01 
163 454 1.01 
163 473 2.01 
163 479 7.01 
163 496 22.009999999999998 
188 175 1.01 
188 192 0.01 
188 203 0.01 
188 221 1.01 
188 240 0.01 
188 253 0.01 
188 318 2.01 
188 381 0.01 
188 443 2.01 
188 484 2.01 
188 497 11.01 
188 498 11.01 
273 23 0.01 
273 53 0.01 
273 60 0.01 
273 88 0.01 
273 99 0.01 
273 207 0.01 
273 225 1.01 
273 407 2.01 
273 444 0.01 
273 484 1.01 
273 493 8.01 
273 494 10.01 
28 1 0.01 
28 15 0.01 
28 108 0.01 
28 207 0.01 
28 340 1.01 
28 380 0.01 
28 403 3.01 
28 447 0.01 
28 475 1.01 
28 488 6.01 
28 492 6.01 
28 497 7.01 
108 1 0.01 
108 67 0.01 
108 207 0.01 
108 273 0.01 
108 396 0.01 
108 417 0.01 
108 426 0.01 
108 454 2.01 
108 455 2.01 
108 478 0.01 
108 481 2.01 
108 497 9.01 
207 75 0.01 
207 145 0.01 
207 231 0.01 
207 295 0.01 
207 430 0.01 
207 457 1.01 
207 466 0.01 
207 476 0.01 
207 484 3.01 
207 487 2.01 
207 493 1.01 
207 496 2.01 
403 131 3.01 
403 227 4.01 
403 258 3.01 
403 266 4.01 
403 329 5.01 
403 341 4.01 
403 428 8.01 
403 490 29.009999999999998 
403 492 12.01 
403 497 61.01 
403 498 89.00999999999999 
447 18 0.01 
447 138 6.01 
447 162 1.01 
447 164 2.01 
447 291 4.01 
447 469 8.01 
447 480 20.009999999999998 
447 495 28.009999999999998 
447 497 43.01 
447 498 50.01 
447 499 103.00999999999999 
29 44 0.01 
29 156 1.01 
29 194 1.01 
29 276 0.01 
29 300 0.01 
29 316 0.01 
29 320 0.01 
29 375 1.01 
29 464 0.01 
29 471 1.01 
29 488 0.01 
29 489 3.01 
44 69 1.01 
44 91 0.01 
44 134 1.01 
44 186 0.01 
44 310 2.01 
44 331 2.01 
44 343 0.01 
44 376 1.01 
44 382 0.01 
44 480 11.01 
44 481 8.01 
44 499 20.009999999999998 
156 29 0.01 
156 170 1.01 
156 193 1.01 
156 290 0.01 
156 305 2.01 
156 320 1.01 
156 326 1.01 
156 360 1.01 
156 367 1.01 
156 406 5.01 
156 459 2.01 
156 476 4.01 
194 256 0.01 
194 380 0.01 
194 383 12.01 
194 407 4.01 
194 446 2.01 
194 463 4.01 
194 481 6.01 
194 483 8.01 
194 486 8.01 
194 488 5.01 
194 492 5.01 
194 499 47.01 
276 183 0.01 
276 197 0.01 
276 203 0.01 
276 245 0.01 
276 319 0.01 
276 394 1.01 
276 402 3.01 
276 419 0.01 
276 461 3.01 
276 483 4.01 
276 490 4.01 
276 494 9.01 
300 64 1.01 
300 185 8.01 
300 306 1.01 
300 403 4.01 
300 425 0.01 
300 481 10.01 
300 490 36.01 
300 492 4.01 
300 494 18.009999999999998 
300 496 31.009999999999998 
300 498 25.009999999999998 
300 499 51.01 
316 60 2.01 
316 106 0.01 
316 276 0.01 
316 325 4.01 
316 345 1.01 
316 406 3.01 
316 460 2.01 
316 475 6.01 
316 487 8.01 
316 488 9.01 
316 490 12.01 
316 491 15.01 
320 120 0.01 
320 132 0.01 
320 145 1.01 
320 385 2.01 
320 403 2.01 
320 419 4.01 
320 429 6.01 
320 441 1.01 
320 466 4.01 
320 495 20.009999999999998 
320 497 28.009999999999998 
320 499 22.009999999999998 
375 102 0.01 
375 220 3.01 
375 293 1.01 
375 307 0.01 
375 317 4.01 
375 431 7.01 
375 458 5.01 
375 477 7.01 
375 486 6.01 
375 491 10.01 
375 493 14.01 
30 187 0.01 
30 229 0.01 
30 311 1.01 
30 339 1.01 
30 362 1.01 
30 393 3.01 
30 443 9.01 
30 445 5.01 
30 492 8.01 
30 493 21.009999999999998 
30 495 20.009999999999998 
30 499 48.01 
187 14 1.01 
187 25 0.01 
187 49 0.01 
187 281 1.01 
187 395 4.01 
187 411 1.01 
187 441 0.01 
187 467 4.01 
187 479 3.01 
187 484 6.01 
187 497 17.009999999999998 
187 498 14.01 
229 36 0.01 
229 228 0.01 
229 264 2.01 
229 371 0.01 
229 440 3.01 
229 447 1.01 
229 485 7.01 
229 488 4.01 
229 489 6.01 
229 492 18.009999999999998 
229 494 10.01 
229 495 3.01 
311 79 0.01 
311 224 0.01 
311 231 1.01 
311 330 1.01 
311 419 2.01 
311 420 0.01 
311 430 4.01 
311 431 3.01 
311 481 1.01 
311 484 8.01 
311 495 13.01 
311 499 24.009999999999998 
339 21 0.01 
339 137 1.01 
339 178 2.01 
339 191 2.01 
339 288 1.01 
339 310 1.01 
339 382 0.01 
339 408 2.01 
339 447 1.01 
339 459 3.01 
339 495 17.009999999999998 
339 498 39.01 
393 6 0.01 
393 37 1.01 
393 78 0.01 
393 126 1.01 
393 272 2.01 
393 308 1.01 
393 341 1.01 
393 356 7.01 
393 362 1.01 
393 414 6.01 
393 490 18.009999999999998 
31 195 0.01 
31 275 0.01 
31 280 0.01 
31 364 0.01 
31 385 1.01 
31 402 1.01 
31 405 0.01 
31 445 0.01 
31 456 1.01 
31 466 1.01 
31 496 5.01 
31 499 14.01 
195 55 0.01 
195 81 1.01 
195 263 1.01 
195 317 1.01 
195 449 4.01 
195 455 4.01 
195 457 2.01 
195 465 4.01 
195 495 14.01 
195 496 20.009999999999998 
195 497 20.009999999999998 
195 499 29.009999999999998 
275 123 0.01 
275 137 1.01 
275 378 2.01 
275 390 1.01 
275 396 0.01 
275 397 3.01 
275 457 1.01 
275 466 1.01 
275 469 4.01 
275 477 2.01 
275 479 8.01 
275 495 6.01 
364 38 2.01 
364 143 0.01 
364 258 2.01 
364 378 5.01 
364 412 3.01 
364 440 2.01 
364 457 5.01 
364 475 11.01 
364 483 7.01 
364 491 12.01 
364 496 43.01 
466 15 2.01 
466 27 1.01 
466 49 0.01 
466 88 0.01 
466 189 3.01 
466 203 7.01 
466 314 3.01 
466 419 12.01 
466 442 3.01 
466 450 15.01 
466 482 34.01 
32 74 2.01 
32 98 0.01 
32 289 0.01 
32 326 2.01 
32 334 2.01 
32 401 0.01 
32 457 0.01 
32 475 4.01 
32 487 6.01 
32 489 4.01 
32 491 5.01 
32 499 8.01 
74 7 1.01 
74 393 1.01 
74 394 0.01 
74 406 0.01 
74 428 0.01 
74 436 1.01 
74 437 5.01 
74 448 2.01 
74 464 2.01 
74 482 9.01 
74 497 19.009999999999998 
74 498 22.009999999999998 
98 3 0.01 
98 22 2.01 
98 71 0.01 
98 276 0.01 
98 336 3.01 
98 358 3.01 
98 398 3.01 
98 457 1.01 
98 469 2.01 
98 491 9.01 
98 494 11.01 
98 496 10.01 
326 25 1.01 
326 71 0.01 
326 114 0.01 
326 155 1.01 
326 261 1.01 
326 300 1.01 
326 313 1.01 
326 335 3.01 
326 408 4.01 
326 458 1.01 
326 486 3.01 
326 489 13.01 
334 174 0.01 
334 180 4.01 
334 342 3.01 
334 359 3.01 
334 362 0.01 
334 387 5.01 
334 395 5.01 
334 397 5.01 
334 448 4.01 
334 457 2.01 
334 489 11.01 
334 498 44.01 
33 51 0.01 
33 81 2.01 
33 242 1.01 
33 244 0.01 
33 283 5.01 
33 439 0.01 
33 451 2.01 
33 458 1.01 
33 461 2.01 
33 492 7.01 
33 496 9.01 
33 499 24.009999999999998 
51 152 0.01 
51 301 0.01 
51 324 1.01 
51 386 1.01 
51 424 2.01 
51 447 1.01 
51 460 0.01 
51 468 6.01 
51 472 2.01 
51 479 4.01 
51 493 12.01 
51 499 31.009999999999998 
81 35 0.01 
81 75 0.01 
81 161 0.01 
81 231 1.01 
81 236 1.01 
81 398 1.01 
81 401 1.01 
81 403 3.01 
81 489 3.01 
81 493 4.01 
81 496 9.01 
81 499 16.009999999999998 
242 12 1.01 
242 70 2.01 
242 275 0.01 
242 286 0.01 
242 415 2.01 
242 437 8.01 
242 438 0.01 
242 456 1.01 
242 461 1.01 
242 476 6.01 
242 495 17.009999999999998 
242 499 22.009999999999998 
244 30 0.01 
244 223 0.01 
244 326 0.01 
244 338 2.01 
244 420 1.01 
244 442 2.01 
244 453 1.01 
244 456 4.01 
244 475 1.01 
244 480 3.01 
244 496 7.01 
244 499 10.01 
283 170 2.01 
283 197 3.01 
283 299 6.01 
283 346 3.01 
283 377 3.01 
283 402 2.01 
283 405 4.01 
283 406 2.01 
283 435 11.01 
283 468 13.01 
283 488 22.009999999999998 
283 498 68.00999999999999 
197 112 0.01 
197 236 3.01 
197 250 0.01 
197 265 1.01 
197 300 3.01 
197 306 1.01 
197 445 2.01 
197 477 6.01 
197 488 4.01 
197 496 17.009999999999998 
197 497 17.009999999999998 
197 498 27.009999999999998 
201 28 2.01 
201 79 1.01 
201 140 1.01 
201 289 0.01 
201 320 0.01 
201 422 4.01 
201 440 4.01 
201 442 0.01 
201 455 9.01 
201 484 5.01 
201 485 14.01 
201 494 10.01 
204 121 2.01 
204 138 1.01 
204 140 2.01 
204 212 3.01 
204 290 2.01 
204 315 5.01 
204 401 5.01 
204 408 2.01 
204 416 0.01 
204 442 3.01 
204 490 19.009999999999998 
204 491 14.01 
233 244 1.01 
233 271 1.01 
233 302 1.01 
233 388 2.01 
233 411 3.01 
233 456 1.01 
233 473 4.01 
233 488 2.01 
233 490 11.01 
233 492 8.01 
233 496 20.009999999999998 
233 498 42.01 
352 36 0.01 
352 46 0.01 
352 84 0.01 
352 191 1.01 
352 212 0.01 
352 221 1.01 
352 272 2.01 
352 351 3.01 
352 361 2.01 
352 433 5.01 
352 478 5.01 
352 490 8.01 
35 32 0.01 
35 40 0.01 
35 59 2.01 
35 82 0.01 
35 87 0.01 
35 302 0.01 
35 330 0.01 
35 348 0.01 
35 476 1.01 
35 489 3.01 
35 491 1.01 
35 499 11.01 
40 50 0.01 
40 288 3.01 
40 408 0.01 
40 416 1.01 
40 432 2.01 
40 437 3.01 
40 458 3.01 
40 473 8.01 
40 478 3.01 
40 482 10.01 
40 494 7.01 
40 499 23.009999999999998 
87 7 1.01 
87 146 0.01 
87 291 1.01 
87 299 1.01 
87 405 1.01 
87 434 0.01 
87 469 1.01 
87 478 0.01 
87 484 7.01 
87 490 8.01 
87 492 2.01 
87 499 19.009999999999998 
330 98 1.01 
330 106 4.01 
330 177 10.01 
330 227 1.01 
330 318 1.01 
330 338 3.01 
330 389 2.01 
330 416 5.01 
330 433 16.009999999999998 
330 436 10.01 
330 461 9.01 
330 499 60.01 
308 52 1.01 
308 66 1.01 
308 216 1.01 
308 237 1.01 
308 408 4.01 
308 432 2.01 
308 447 0.01 
308 453 2.01 
308 467 6.01 
308 491 8.01 
308 492 5.01 
308 495 10.01 
367 153 3.01 
367 169 0.01 
367 278 1.01 
367 284 4.01 
367 334 2.01 
367 360 4.01 
367 413 1.01 
367 443 4.01 
367 482 12.01 
367 486 13.01 
367 499 34.01 
409 136 0.01 
409 364 6.01 
409 390 4.01 
409 414 2.01 
409 416 4.01 
409 426 4.01 
409 458 3.01 
409 462 4.01 
409 469 4.01 
409 472 2.01 
409 484 12.01 
418 41 1.01 
418 147 2.01 
418 253 8.01 
418 301 2.01 
418 344 2.01 
418 345 3.01 
418 423 5.01 
418 431 3.01 
418 435 5.01 
418 484 15.01 
418 498 78.00999999999999 
37 35 0.01 
37 98 1.01 
37 105 0.01 
37 211 3.01 
37 327 0.01 
37 437 2.01 
37 458 1.01 
37 462 1.01 
37 466 4.01 
37 492 7.01 
37 495 3.01 
37 496 6.01 
211 80 1.01 
211 214 1.01 
211 270 0.01 
211 320 1.01 
211 324 2.01 
211 423 2.01 
211 461 12.01 
211 466 5.01 
211 470 3.01 
211 486 7.01 
211 487 10.01 
211 498 34.01 
327 83 1.01 
327 157 1.01 
327 167 1.01 
327 229 0.01 
327 240 0.01 
327 292 0.01 
327 313 2.01 
327 336 3.01 
327 396 1.01 
327 488 7.01 
327 496 22.009999999999998 
327 498 12.01 
462 46 2.01 
462 63 1.01 
462 129 1.01 
462 168 0.01 
462 223 1.01 
462 340 4.01 
462 365 6.01 
462 434 2.01 
462 475 16.009999999999998 
462 492 19.009999999999998 
462 496 34.01 
38 32 0.01 
38 63 0.01 
38 163 1.01 
38 213 0.01 
38 305 1.01 
38 457 3.01 
38 462 2.01 
38 481 4.01 
38 483 13.01 
38 491 20.009999999999998 
38 496 12.01 
38 497 14.01 
63 238 0.01 
63 273 1.01 
63 311 1.01 
63 369 1.01 
63 373 1.01 
63 383 2.01 
63 406 1.01 
63 418 1.01 
63 448 4.01 
63 475 3.01 
63 487 2.01 
63 499 17.009999999999998 
213 31 1.01 
213 221 0.01 
213 377 1.01 
213 437 5.01 
213 441 1.01 
213 444 3.01 
213 456 1.01 
213 457 3.01 
213 471 3.01 
213 480 5.01 
213 496 14.01 
213 499 26.009999999999998 
305 34 1.01 
305 87 2.01 
305 136 2.01 
305 175 3.01 
305 218 1.01 
305 234 1.01 
305 279 0.01 
305 335 0.01 
305 336 2.01 
305 372 3.01 
305 451 9.01 
305 496 18.009999999999998 
39 273 0.01 
39 278 0.01 
39 302 2.01 
39 353 7.01 
39 376 7.01 
39 406 0.01 
39 421 1.01 
39 485 9.01 
39 492 9.01 
39 493 17.009999999999998 
39 497 33.01 
39 498 46.01 
353 175 1.01 
353 225 3.01 
353 251 2.01 
353 288 1.01 
353 303 2.01 
353 391 2.01 
353 393 1.01 
353 439 4.01 
353 469 2.01 
353 488 13.01 
353 496 33.01 
353 499 42.01 
288 47 1.01 
288 63 0.01 
288 212 0.01 
288 220 0.01 
288 222 3.01 
288 227 1.01 
288 330 3.01 
288 345 4.01 
288 398 3.01 
288 475 9.01 
288 493 16.009999999999998 
288 499 45.01 
408 136 1.01 
408 211 3.01 
408 284 1.01 
408 339 3.01 
408 371 4.01 
408 399 4.01 
408 400 1.01 
408 412 7.01 
408 477 16.009999999999998 
408 495 38.01 
408 499 93.00999999999999 
416 19 2.01 
416 21 2.01 
416 109 1.01 
416 113 0.01 
416 134 4.01 
416 275 0.01 
416 328 5.01 
416 352 3.01 
416 426 4.01 
416 439 3.01 
416 486 29.009999999999998 
41 47 0.01 
41 70 2.01 
41 118 0.01 
41 180 0.01 
41 378 0.01 
41 403 5.01 
41 489 4.01 
41 492 4.01 
41 495 12.01 
41 497 21.009999999999998 
41 498 15.01 
41 499 32.01 
47 186 4.01 
47 205 1.01 
47 270 0.01 
47 282 0.01 
47 287 0.01 
47 297 3.01 
47 318 1.01 
47 389 1.01 
47 418 9.01 
47 487 3.01 
47 498 14.01 
47 499 14.01 
70 102 0.01 
70 188 0.01 
70 218 1.01 
70 255 2.01 
70 308 1.01 
70 326 1.01 
70 350 1.01 
70 378 1.01 
70 440 2.01 
70 466 4.01 
70 484 3.01 
70 498 9.01 
118 85 7.01 
118 130 0.01 
118 133 0.01 
118 163 0.01 
118 258 0.01 
118 362 3.01 
118 365 3.01 
118 458 3.01 
118 487 5.01 
118 497 15.01 
118 498 21.009999999999998 
118 499 23.009999999999998 
180 42 3.01 
180 366 1.01 
180 384 4.01 
180 392 1.01 
180 460 4.01 
180 464 8.01 
180 474 18.009999999999998 
180 477 10.01 
180 481 11.01 
180 486 13.01 
180 487 14.01 
180 493 25.009999999999998 
378 9 0.01 
378 159 0.01 
378 307 3.01 
378 328 3.01 
378 342 2.01 
378 450 6.01 
378 459 0.01 
378 487 16.009999999999998 
378 491 25.009999999999998 
378 497 37.01 
378 498 37.01 
42 71 0.01 
42 246 2.01 
42 282 0.01 
42 307 2.01 
42 333 3.01 
42 338 0.01 
42 353 2.01 
42 357 0.01 
42 386 1.01 
42 424 4.01 
42 482 23.009999999999998 
42 496 18.009999999999998 
71 32 0.01 
71 48 1.01 
71 271 1.01 
71 290 0.01 
71 319 0.01 
71 366 1.01 
71 381 1.01 
71 453 0.01 
71 458 1.01 
71 467 1.01 
71 476 1.01 
71 493 10.01 
246 88 0.01 
246 167 2.01 
246 229 0.01 
246 387 1.01 
246 417 2.01 
246 458 2.01 
246 461 9.01 
246 474 6.01 
246 488 6.01 
246 489 15.01 
246 493 13.01 
246 497 22.009999999999998 
282 46 2.01 
282 162 1.01 
282 210 2.01 
282 348 0.01 
282 397 2.01 
282 415 3.01 
282 447 1.01 
282 475 2.01 
282 482 11.01 
282 491 9.01 
282 495 18.009999999999998 
282 498 20.009999999999998 
307 163 1.01 
307 300 1.01 
307 377 3.01 
307 379 0.01 
307 385 0.01 
307 399 4.01 
307 430 3.01 
307 441 0.01 
307 458 4.01 
307 473 16.009999999999998 
307 492 15.01 
307 497 25.009999999999998 
333 117 0.01 
333 119 1.01 
333 296 6.01 
333 304 3.01 
333 369 1.01 
333 424 4.01 
333 437 12.01 
333 477 10.01 
333 478 9.01 
333 495 26.009999999999998 
333 497 41.01 
333 498 58.01 
357 152 0.01 
357 238 2.01 
357 347 0.01 
357 351 2.01 
357 365 2.01 
357 382 0.01 
357 391 2.01 
357 455 2.01 
357 468 7.01 
357 476 2.01 
357 498 21.009999999999998 
357 499 26.009999999999998 
386 6 0.01 
386 86 2.01 
386 108 0.01 
386 117 2.01 
386 126 1.01 
386 160 1.01 
386 206 0.01 
386 222 2.01 
386 433 5.01 
386 445 7.01 
386 480 8.01 
424 0 1.01 
424 30 5.01 
424 40 1.01 
424 81 1.01 
424 237 0.01 
424 300 5.01 
424 357 2.01 
424 449 10.01 
424 461 16.009999999999998 
424 497 51.01 
424 499 89.00999999999999 
43 45 1.01 
43 83 1.01 
43 89 2.01 
43 100 0.01 
43 117 0.01 
43 165 1.01 
43 204 2.01 
43 343 3.01 
43 418 3.01 
43 458 0.01 
43 472 3.01 
43 491 12.01 
45 31 0.01 
45 163 1.01 
45 237 1.01 
45 364 1.01 
45 413 0.01 
45 427 1.01 
45 460 2.01 
45 462 1.01 
45 466 1.01 
45 496 8.01 
45 498 11.01 
45 499 13.01 
83 7 1.01 
83 45 0.01 
83 133 0.01 
83 150 0.01 
83 334 0.01 
83 393 2.01 
83 407 1.01 
83 458 1.01 
83 480 4.01 
83 483 3.01 
83 490 6.01 
83 496 12.01 
89 115 1.01 
89 167 6.01 
89 230 2.01 
89 309 4.01 
89 319 0.01 
89 370 2.01 
89 427 2.01 
89 439 4.01 
89 453 4.01 
89 456 3.01 
89 489 6.01 
89 495 5.01 
100 61 0.01 
100 173 0.01 
100 194 1.01 
100 204 0.01 
100 227 1.01 
100 255 0.01 
100 361 0.01 
100 385 1.01 
100 440 1.01 
100 491 3.01 
100 498 14.01 
100 499 23.009999999999998 
117 267 0.01 
117 322 1.01 
117 346 2.01 
117 357 0.01 
117 364 2.01 
117 366 2.01 
117 391 1.01 
117 399 0.01 
117 427 0.01 
117 465 3.01 
117 486 7.01 
117 490 9.01 
165 183 0.01 
165 234 3.01 
165 242 0.01 
165 318 2.01 
165 375 1.01 
165 397 2.01 
165 461 7.01 
165 462 2.01 
165 475 4.01 
165 492 17.009999999999998 
165 498 47.01 
165 499 26.009999999999998 
69 41 0.01 
69 133 0.01 
69 175 0.01 
69 187 1.01 
69 255 1.01 
69 285 0.01 
69 405 0.01 
69 468 4.01 
69 479 5.01 
69 484 2.01 
69 498 17.009999999999998 
69 499 18.009999999999998 
91 68 0.01 
91 243 0.01 
91 270 0.01 
91 400 2.01 
91 444 2.01 
91 451 3.01 
91 452 1.01 
91 459 1.01 
91 476 2.01 
91 477 5.01 
91 492 5.01 
91 496 7.01 
134 9 2.01 
134 20 0.01 
134 140 0.01 
134 280 8.01 
134 287 1.01 
134 298 1.01 
134 328 3.01 
134 434 2.01 
134 466 10.01 
134 469 7.01 
134 485 12.01 
134 498 56.01 
186 24 1.01 
186 56 0.01 
186 156 1.01 
186 329 0.01 
186 443 2.01 
186 445 1.01 
186 447 2.01 
186 449 7.01 
186 471 5.01 
186 496 8.01 
186 497 23.009999999999998 
186 498 11.01 
310 91 0.01 
310 128 1.01 
310 210 6.01 
310 223 1.01 
310 306 0.01 
310 317 2.01 
310 336 0.01 
310 408 3.01 
310 460 1.01 
310 485 13.01 
310 491 8.01 
310 496 19.009999999999998 
331 100 0.01 
331 115 0.01 
331 221 6.01 
331 224 1.01 
331 234 2.01 
331 384 4.01 
331 400 4.01 
331 461 12.01 
331 474 10.01 
331 482 19.009999999999998 
331 497 41.01 
331 499 81.00999999999999 
382 84 2.01 
382 193 0.01 
382 233 1.01 
382 348 1.01 
382 406 3.01 
382 459 2.01 
382 467 4.01 
382 472 5.01 
382 487 17.009999999999998 
382 493 17.009999999999998 
382 499 47.01 
237 336 0.01 
237 416 0.01 
237 417 1.01 
237 436 3.01 
237 452 4.01 
237 483 8.01 
237 484 3.01 
237 489 3.01 
237 495 10.01 
237 496 23.009999999999998 
237 498 18.009999999999998 
237 499 22.009999999999998 
427 2 1.01 
427 303 4.01 
427 387 4.01 
427 389 7.01 
427 397 7.01 
427 443 9.01 
427 470 19.009999999999998 
427 473 21.009999999999998 
427 476 21.009999999999998 
427 497 62.01 
427 498 90.00999999999999 
46 140 1.01 
46 145 1.01 
46 240 1.01 
46 261 1.01 
46 384 7.01 
46 421 2.01 
46 467 5.01 
46 470 5.01 
46 491 6.01 
46 493 16.009999999999998 
46 496 29.009999999999998 
46 498 30.009999999999998 
145 85 1.01 
145 205 2.01 
145 302 0.01 
145 329 0.01 
145 357 0.01 
145 377 1.01 
145 405 2.01 
145 453 2.01 
145 466 1.01 
145 481 4.01 
145 495 17.009999999999998 
145 498 12.01 
240 252 0.01 
240 260 0.01 
240 333 2.01 
240 387 1.01 
240 406 3.01 
240 417 1.01 
240 469 1.01 
240 478 10.01 
240 479 5.01 
240 497 12.01 
240 498 32.01 
240 499 31.009999999999998 
467 16 2.01 
467 23 3.01 
467 94 6.01 
467 131 4.01 
467 245 0.01 
467 272 2.01 
467 306 4.01 
467 374 14.01 
467 452 9.01 
467 492 32.01 
467 499 99.00999999999999 
470 211 10.01 
470 294 6.01 
470 328 4.01 
470 396 8.01 
470 403 11.01 
470 405 9.01 
470 446 19.009999999999998 
470 448 20.009999999999998 
470 478 31.009999999999998 
470 496 85.00999999999999 
470 498 182.01 
205 144 1.01 
205 204 2.01 
205 268 1.01 
205 322 4.01 
205 410 5.01 
205 411 3.01 
205 445 0.01 
205 448 3.01 
205 470 2.01 
205 477 2.01 
205 497 8.01 
205 498 22.009999999999998 
287 106 0.01 
287 341 1.01 
287 404 5.01 
287 410 6.01 
287 442 6.01 
287 457 1.01 
287 462 2.01 
287 464 6.01 
287 474 2.01 
287 481 8.01 
287 492 10.01 
287 497 21.009999999999998 
297 21 0.01 
297 27 3.01 
297 104 0.01 
297 206 5.01 
297 290 2.01 
297 358 2.01 
297 359 1.01 
297 360 0.01 
297 429 8.01 
297 484 3.01 
297 487 4.01 
297 497 40.01 
318 12 1.01 
318 25 1.01 
318 208 0.01 
318 239 0.01 
318 262 3.01 
318 320 2.01 
318 412 3.01 
318 440 1.01 
318 490 16.009999999999998 
318 495 19.009999999999998 
318 498 33.01 
318 499 39.01 
389 78 3.01 
389 107 4.01 
389 232 1.01 
389 269 3.01 
389 333 6.01 
389 455 10.01 
389 479 14.01 
389 484 10.01 
389 496 28.009999999999998 
389 497 65.00999999999999 
389 498 55.01 
48 118 3.01 
48 282 1.01 
48 294 2.01 
48 399 1.01 
48 414 3.01 
48 449 6.01 
48 461 10.01 
48 479 8.01 
48 481 4.01 
48 486 14.01 
48 496 30.009999999999998 
48 498 40.01 
49 127 0.01 
49 261 0.01 
49 277 0.01 
49 292 2.01 
49 352 0.01 
49 384 2.01 
49 441 0.01 
49 471 7.01 
49 473 4.01 
49 490 3.01 
49 491 5.01 
49 495 7.01 
160 67 3.01 
160 88 1.01 
160 119 0.01 
160 247 1.01 
160 273 0.01 
160 327 0.01 
160 361 1.01 
160 444 1.01 
160 485 7.01 
160 491 6.01 
160 496 5.01 
160 499 21.009999999999998 
214 52 0.01 
214 134 0.01 
214 232 0.01 
214 313 1.01 
214 363 4.01 
214 398 4.01 
214 467 2.01 
214 481 5.01 
214 486 5.01 
214 490 7.01 
214 495 8.01 
214 498 10.01 
347 18 1.01 
347 39 2.01 
347 50 0.01 
347 205 1.01 
347 325 1.01 
347 363 1.01 
347 404 2.01 
347 470 0.01 
347 478 4.01 
347 482 5.01 
347 495 13.01 
347 498 15.01 
324 127 1.01 
324 149 3.01 
324 209 0.01 
324 285 1.01 
324 391 1.01 
324 422 2.01 
324 470 10.01 
324 479 6.01 
324 483 2.01 
324 485 7.01 
324 492 6.01 
324 497 16.009999999999998 
52 151 0.01 
52 207 0.01 
52 272 1.01 
52 324 0.01 
52 334 1.01 
52 385 0.01 
52 388 0.01 
52 459 0.01 
52 484 2.01 
52 485 2.01 
52 494 11.01 
52 496 9.01 
151 169 0.01 
151 171 1.01 
151 232 0.01 
151 266 1.01 
151 453 0.01 
151 455 4.01 
151 467 2.01 
151 475 1.01 
151 483 12.01 
151 490 15.01 
151 496 17.009999999999998 
151 499 56.01 
272 78 0.01 
272 148 1.01 
272 228 0.01 
272 308 2.01 
272 326 1.01 
272 332 4.01 
272 359 1.01 
272 368 7.01 
272 485 9.01 
272 489 7.01 
272 497 43.01 
272 498 40.01 
388 122 2.01 
388 141 2.01 
388 257 3.01 
388 289 2.01 
388 368 3.01 
388 407 2.01 
388 418 2.01 
388 463 2.01 
388 475 5.01 
388 492 15.01 
388 498 38.01 
53 255 0.01 
53 309 6.01 
53 318 1.01 
53 349 5.01 
53 374 3.01 
53 433 7.01 
53 454 3.01 
53 482 6.01 
53 487 6.01 
53 495 29.009999999999998 
53 496 28.009999999999998 
53 499 45.01 
309 1 0.01 
309 201 2.01 
309 264 1.01 
309 323 1.01 
309 356 4.01 
309 373 1.01 
309 469 0.01 
309 474 12.01 
309 475 6.01 
309 488 15.01 
309 489 30.009999999999998 
309 499 70.00999999999999 
54 73 0.01 
54 158 0.01 
54 238 2.01 
54 249 2.01 
54 328 1.01 
54 349 3.01 
54 416 0.01 
54 474 12.01 
54 491 12.01 
54 492 7.01 
54 493 8.01 
54 495 18.009999999999998 
73 23 1.01 
73 76 2.01 
73 83 0.01 
73 160 0.01 
73 165 1.01 
73 324 1.01 
73 374 1.01 
73 380 1.01 
73 412 1.01 
73 433 0.01 
73 493 16.009999999999998 
73 499 16.009999999999998 
158 106 1.01 
158 182 1.01 
158 209 0.01 
158 318 1.01 
158 375 2.01 
158 379 1.01 
158 391 0.01 
158 417 3.01 
158 450 4.01 
158 474 8.01 
158 492 11.01 
158 496 24.009999999999998 
249 192 2.01 
249 205 2.01 
249 208 0.01 
249 222 2.01 
249 230 2.01 
249 269 1.01 
249 311 0.01 
249 331 0.01 
249 392 6.01 
249 489 24.009999999999998 
249 495 25.009999999999998 
249 499 41.01 
328 82 1.01 
328 130 0.01 
328 230 4.01 
328 233 2.01 
328 276 1.01 
328 352 0.01 
328 353 3.01 
328 443 0.01 
328 477 12.01 
328 483 10.01 
328 486 16.009999999999998 
328 489 16.009999999999998 
55 20 0.01 
55 76 1.01 
55 172 1.01 
55 209 0.01 
55 281 0.01 
55 288 0.01 
55 316 0.01 
55 402 2.01 
55 440 3.01 
55 462 0.01 
55 496 10.01 
55 498 17.009999999999998 
76 79 2.01 
76 176 1.01 
76 196 0.01 
76 251 1.01 
76 264 1.01 
76 268 1.01 
76 366 0.01 
76 476 2.01 
76 489 3.01 
76 494 3.01 
76 496 11.01 
76 498 17.009999999999998 
172 158 0.01 
172 252 1.01 
172 287 0.01 
172 361 3.01 
172 375 1.01 
172 405 2.01 
172 429 1.01 
172 439 3.01 
172 440 1.01 
172 449 5.01 
172 479 9.01 
172 498 29.009999999999998 
209 322 0.01 
209 338 0.01 
209 363 2.01 
209 456 0.01 
209 463 3.01 
209 467 3.01 
209 477 1.01 
209 484 3.01 
209 486 3.01 
209 488 4.01 
209 491 5.01 
209 492 6.01 
281 11 3.01 
281 268 3.01 
281 295 1.01 
281 307 2.01 
281 370 3.01 
281 375 0.01 
281 402 3.01 
281 429 2.01 
281 450 4.01 
281 455 10.01 
281 484 12.01 
281 497 23.009999999999998 
56 282 0.01 
56 283 0.01 
56 362 2.01 
56 402 4.01 
56 427 0.01 
56 434 0.01 
56 438 2.01 
56 452 3.01 
56 478 1.01 
56 488 6.01 
56 491 11.01 
56 498 21.009999999999998 
434 144 1.01 
434 192 1.01 
434 298 2.01 
434 342 1.01 
434 354 3.01 
434 395 10.01 
434 415 6.01 
434 426 5.01 
434 472 1.01 
434 482 31.009999999999998 
434 492 20.009999999999998 
169 128 1.01 
169 158 1.01 
169 250 1.01 
169 338 0.01 
169 398 5.01 
169 438 3.01 
169 472 1.01 
169 487 5.01 
169 490 10.01 
169 492 9.01 
169 493 26.009999999999998 
169 498 23.009999999999998 
184 221 1.01 
184 229 0.01 
184 233 2.01 
184 341 0.01 
184 434 2.01 
184 450 3.01 
184 467 3.01 
184 480 5.01 
184 490 9.01 
184 492 0.01 
184 493 7.01 
184 499 17.009999999999998 
284 156 0.01 
284 184 0.01 
284 189 1.01 
284 219 1.01 
284 299 0.01 
284 371 2.01 
284 434 1.01 
284 450 3.01 
284 451 4.01 
284 453 1.01 
284 469 3.01 
284 498 29.009999999999998 
417 176 1.01 
417 215 4.01 
417 376 8.01 
417 396 2.01 
417 431 3.01 
417 442 3.01 
417 465 3.01 
417 467 11.01 
417 483 21.009999999999998 
417 494 25.009999999999998 
417 496 24.009999999999998 
58 80 1.01 
58 212 3.01 
58 318 1.01 
58 319 1.01 
58 368 5.01 
58 389 0.01 
58 409 1.01 
58 418 6.01 
58 422 3.01 
58 427 9.01 
58 497 32.01 
58 498 26.009999999999998 
80 309 3.01 
80 360 3.01 
80 368 3.01 
80 420 2.01 
80 454 2.01 
80 470 11.01 
80 477 10.01 
80 478 10.01 
80 491 13.01 
80 494 4.01 
80 498 43.01 
80 499 46.01 
212 216 0.01 
212 229 2.01 
212 355 2.01 
212 388 0.01 
212 426 1.01 
212 427 3.01 
212 453 3.01 
212 476 6.01 
212 482 6.01 
212 495 19.009999999999998 
212 497 29.009999999999998 
212 499 24.009999999999998 
422 44 0.01 
422 143 2.01 
422 156 2.01 
422 214 2.01 
422 281 4.01 
422 325 2.01 
422 348 5.01 
422 452 12.01 
422 457 6.01 
422 471 10.01 
422 499 94.00999999999999 
68 40 0.01 
68 67 0.01 
68 74 0.01 
68 103 0.01 
68 125 0.01 
68 347 0.01 
68 388 1.01 
68 415 0.01 
68 430 0.01 
68 486 5.01 
68 490 8.01 
68 497 10.01 
102 60 0.01 
102 189 0.01 
102 222 0.01 
102 244 0.01 
102 408 0.01 
102 416 0.01 
102 442 1.01 
102 486 7.01 
102 487 4.01 
102 491 7.01 
102 497 4.01 
102 499 18.009999999999998 
159 15 1.01 
159 54 1.01 
159 90 1.01 
159 95 0.01 
159 195 1.01 
159 269 1.01 
159 401 1.01 
159 414 0.01 
159 464 3.01 
159 465 4.01 
159 474 8.01 
159 499 27.009999999999998 
285 84 0.01 
285 358 1.01 
285 418 1.01 
285 428 2.01 
285 448 4.01 
285 458 2.01 
285 462 1.01 
285 473 4.01 
285 488 5.01 
285 492 10.01 
285 494 11.01 
285 498 28.009999999999998 
60 86 0.01 
60 123 0.01 
60 179 1.01 
60 198 3.01 
60 206 1.01 
60 270 1.01 
60 273 0.01 
60 298 0.01 
60 340 2.01 
60 362 1.01 
60 497 21.009999999999998 
60 499 21.009999999999998 
86 93 0.01 
86 165 1.01 
86 172 0.01 
86 200 1.01 
86 431 1.01 
86 435 2.01 
86 461 3.01 
86 463 2.01 
86 465 4.01 
86 469 3.01 
86 495 21.009999999999998 
86 499 22.009999999999998 
123 57 0.01 
123 96 1.01 
123 293 0.01 
123 354 2.01 
123 359 1.01 
123 429 2.01 
123 469 1.01 
123 472 0.01 
123 481 1.01 
123 484 1.01 
123 492 4.01 
123 495 6.01 
179 244 1.01 
179 376 3.01 
179 378 0.01 
179 396 3.01 
179 441 2.01 
179 473 9.01 
179 480 10.01 
179 488 4.01 
179 489 7.01 
179 490 6.01 
179 491 8.01 
179 497 22.009999999999998 
206 115 2.01 
206 141 2.01 
206 167 3.01 
206 269 0.01 
206 288 1.01 
206 432 1.01 
206 439 2.01 
206 481 7.01 
206 482 14.01 
206 492 17.009999999999998 
206 498 29.009999999999998 
206 499 60.01 
298 21 0.01 
298 111 0.01 
298 202 0.01 
298 218 1.01 
298 353 2.01 
298 361 2.01 
298 445 1.01 
298 459 1.01 
298 483 9.01 
298 488 5.01 
298 493 24.009999999999998 
298 496 15.01 
61 90 0.01 
61 149 5.01 
61 218 1.01 
61 224 1.01 
61 254 2.01 
61 356 4.01 
61 357 1.01 
61 475 5.01 
61 490 22.009999999999998 
61 495 8.01 
61 498 29.009999999999998 
61 499 15.01 
90 58 1.01 
90 145 0.01 
90 219 0.01 
90 284 1.01 
90 298 1.01 
90 444 0.01 
90 456 1.01 
90 459 4.01 
90 484 1.01 
90 492 3.01 
90 493 10.01 
90 495 10.01 
149 13 2.01 
149 151 2.01 
149 191 0.01 
149 192 4.01 
149 280 9.01 
149 369 1.01 
149 416 5.01 
149 475 11.01 
149 483 20.009999999999998 
149 493 46.01 
149 495 35.01 
149 499 18.009999999999998 
218 0 0.01 
218 86 0.01 
218 108 0.01 
218 188 0.01 
218 224 2.01 
218 339 1.01 
218 355 2.01 
218 405 3.01 
218 414 1.01 
218 435 0.01 
218 445 1.01 
218 499 25.009999999999998 
224 207 0.01 
224 308 0.01 
224 339 0.01 
224 344 0.01 
224 426 2.01 
224 442 0.01 
224 444 0.01 
224 475 0.01 
224 480 3.01 
224 494 3.01 
224 498 12.01 
224 499 22.009999999999998 
254 118 1.01 
254 122 0.01 
254 179 0.01 
254 196 0.01 
254 228 0.01 
254 361 0.01 
254 367 1.01 
254 419 6.01 
254 428 1.01 
254 486 3.01 
254 487 9.01 
254 491 4.01 
75 36 0.01 
75 68 0.01 
75 133 0.01 
75 151 1.01 
75 293 0.01 
75 379 0.01 
75 394 0.01 
75 413 1.01 
75 429 2.01 
75 431 2.01 
75 496 6.01 
75 499 25.009999999999998 
143 18 2.01 
143 188 0.01 
143 214 2.01 
143 365 3.01 
143 369 1.01 
143 380 0.01 
143 409 1.01 
143 463 2.01 
143 470 8.01 
143 472 3.01 
143 485 9.01 
143 489 7.01 
428 91 1.01 
428 183 0.01 
428 274 3.01 
428 278 4.01 
428 349 3.01 
428 399 6.01 
428 441 6.01 
428 446 16.009999999999998 
428 481 16.009999999999998 
428 484 15.01 
428 495 40.01 
383 135 5.01 
383 157 14.01 
383 278 5.01 
383 350 3.01 
383 351 6.01 
383 413 11.01 
383 468 23.009999999999998 
383 470 29.009999999999998 
383 493 42.01 
383 497 84.00999999999999 
383 498 43.01 
426 146 0.01 
426 154 2.01 
426 177 4.01 
426 231 1.01 
426 259 2.01 
426 391 0.01 
426 409 4.01 
426 421 3.01 
426 452 5.01 
426 478 8.01 
426 494 17.009999999999998 
469 87 1.01 
469 101 2.01 
469 153 2.01 
469 409 2.01 
469 438 1.01 
469 451 8.01 
469 464 19.009999999999998 
469 479 15.01 
469 482 29.009999999999998 
469 484 16.009999999999998 
469 497 78.00999999999999 
65 49 0.01 
65 88 0.01 
65 119 1.01 
65 158 0.01 
65 363 1.01 
65 371 2.01 
65 422 2.01 
65 436 2.01 
65 446 1.01 
65 482 4.01 
65 493 8.01 
65 497 14.01 
88 22 0.01 
88 189 0.01 
88 190 0.01 
88 254 1.01 
88 259 0.01 
88 389 2.01 
88 411 3.01 
88 435 0.01 
88 467 3.01 
88 488 2.01 
88 489 3.01 
88 498 11.01 
119 22 0.01 
119 185 1.01 
119 287 0.01 
119 292 0.01 
119 330 4.01 
119 332 3.01 
119 336 0.01 
119 338 0.01 
119 341 0.01 
119 387 0.01 
119 438 2.01 
119 462 0.01 
363 5 1.01 
363 16 1.01 
363 196 1.01 
363 375 1.01 
363 393 0.01 
363 416 5.01 
363 431 2.01 
363 454 2.01 
363 468 5.01 
363 470 12.01 
363 487 9.01 
66 178 1.01 
66 329 1.01 
66 332 5.01 
66 341 1.01 
66 366 0.01 
66 422 4.01 
66 453 1.01 
66 457 3.01 
66 460 2.01 
66 492 11.01 
66 496 18.009999999999998 
66 499 22.009999999999998 
332 32 0.01 
332 140 1.01 
332 173 0.01 
332 211 3.01 
332 229 0.01 
332 257 1.01 
332 404 3.01 
332 450 7.01 
332 452 4.01 
332 484 13.01 
332 490 14.01 
332 492 8.01 
341 1 0.01 
341 11 1.01 
341 190 4.01 
341 294 2.01 
341 319 0.01 
341 333 1.01 
341 412 0.01 
341 458 2.01 
341 468 5.01 
341 473 6.01 
341 494 7.01 
341 495 7.01 
366 181 0.01 
366 254 1.01 
366 370 3.01 
366 373 4.01 
366 400 2.01 
366 444 4.01 
366 484 9.01 
366 485 8.01 
366 493 9.01 
366 496 19.009999999999998 
366 498 28.009999999999998 
67 61 0.01 
67 253 2.01 
67 299 2.01 
67 332 3.01 
67 341 1.01 
67 421 3.01 
67 446 3.01 
67 479 5.01 
67 489 7.01 
67 490 14.01 
67 491 9.01 
67 499 35.01 
253 2 1.01 
253 123 0.01 
253 137 1.01 
253 314 0.01 
253 364 2.01 
253 413 1.01 
253 430 0.01 
253 454 2.01 
253 472 1.01 
253 474 6.01 
253 485 12.01 
253 487 5.01 
299 10 5.01 
299 162 1.01 
299 196 0.01 
299 271 0.01 
299 346 0.01 
299 365 2.01 
299 451 9.01 
299 457 3.01 
299 488 9.01 
299 495 31.009999999999998 
299 497 30.009999999999998 
299 498 35.01 
133 147 0.01 
133 400 0.01 
133 422 2.01 
133 449 2.01 
133 454 0.01 
133 457 0.01 
133 476 2.01 
133 487 3.01 
133 489 3.01 
133 494 4.01 
133 498 9.01 
133 499 20.009999999999998 
175 26 4.01 
175 28 0.01 
175 63 0.01 
175 282 0.01 
175 394 2.01 
175 438 0.01 
175 442 2.01 
175 464 5.01 
175 481 4.01 
175 487 7.01 
175 489 6.01 
175 490 5.01 
350 27 0.01 
350 181 1.01 
350 312 0.01 
350 362 3.01 
350 368 14.01 
350 384 8.01 
350 471 6.01 
350 475 11.01 
350 477 14.01 
350 495 47.01 
350 497 36.01 
350 498 112.00999999999999 
271 38 1.01 
271 50 1.01 
271 113 1.01 
271 121 0.01 
271 155 1.01 
271 352 0.01 
271 358 1.01 
271 369 5.01 
271 391 0.01 
271 482 11.01 
271 491 12.01 
271 493 7.01 
290 65 1.01 
290 177 3.01 
290 263 1.01 
290 304 3.01 
290 356 2.01 
290 361 3.01 
290 375 0.01 
290 481 9.01 
290 484 9.01 
290 491 15.01 
290 493 26.009999999999998 
290 496 13.01 
72 26 1.01 
72 31 0.01 
72 124 1.01 
72 269 1.01 
72 279 0.01 
72 303 2.01 
72 470 3.01 
72 475 2.01 
72 485 6.01 
72 488 10.01 
72 494 5.01 
72 495 8.01 
303 74 0.01 
303 133 0.01 
303 195 0.01 
303 215 2.01 
303 332 2.01 
303 347 2.01 
303 359 4.01 
303 389 2.01 
303 462 5.01 
303 490 10.01 
303 494 11.01 
303 498 29.009999999999998 
394 66 0.01 
394 76 1.01 
394 77 0.01 
394 287 3.01 
394 295 2.01 
394 388 1.01 
394 402 2.01 
394 482 17.009999999999998 
394 496 30.009999999999998 
394 497 30.009999999999998 
394 498 43.01 
293 3 0.01 
293 17 1.01 
293 33 0.01 
293 77 1.01 
293 145 1.01 
293 169 1.01 
293 237 0.01 
293 264 0.01 
293 364 1.01 
293 460 0.01 
293 476 6.01 
293 496 8.01 
379 144 1.01 
379 177 1.01 
379 219 1.01 
379 232 1.01 
379 247 0.01 
379 453 5.01 
379 463 4.01 
379 478 7.01 
379 485 10.01 
379 492 18.009999999999998 
379 495 26.009999999999998 
429 48 3.01 
429 134 8.01 
429 364 2.01 
429 381 7.01 
429 413 5.01 
429 418 11.01 
429 476 14.01 
429 494 23.009999999999998 
429 496 64.00999999999999 
429 497 32.01 
429 498 96.00999999999999 
431 62 2.01 
431 121 0.01 
431 277 1.01 
431 308 3.01 
431 417 6.01 
431 421 2.01 
431 474 26.009999999999998 
431 483 22.009999999999998 
431 493 19.009999999999998 
431 496 34.01 
431 498 81.00999999999999 
79 52 0.01 
79 240 1.01 
79 283 3.01 
79 299 2.01 
79 354 0.01 
79 360 1.01 
79 362 1.01 
79 387 1.01 
79 429 1.01 
79 434 2.01 
79 485 3.01 
79 497 14.01 
176 80 2.01 
176 160 2.01 
176 171 1.01 
176 292 4.01 
176 348 0.01 
176 406 4.01 
176 430 0.01 
176 461 5.01 
176 491 7.01 
176 493 17.009999999999998 
176 496 19.009999999999998 
176 499 33.01 
196 251 0.01 
196 275 0.01 
196 372 1.01 
196 373 1.01 
196 397 4.01 
196 449 2.01 
196 454 1.01 
196 459 1.01 
196 462 2.01 
196 490 9.01 
196 495 8.01 
196 499 22.009999999999998 
268 97 0.01 
268 142 1.01 
268 180 2.01 
268 214 2.01 
268 297 2.01 
268 302 1.01 
268 321 6.01 
268 460 1.01 
268 472 4.01 
268 478 2.01 
268 487 11.01 
268 497 22.009999999999998 
78 20 1.01 
78 161 0.01 
78 253 1.01 
78 289 0.01 
78 317 0.01 
78 364 0.01 
78 450 2.01 
78 472 1.01 
78 490 10.01 
78 494 3.01 
78 496 12.01 
78 499 13.01 
161 95 3.01 
161 131 4.01 
161 160 0.01 
161 300 4.01 
161 320 4.01 
161 326 0.01 
161 340 2.01 
161 359 3.01 
161 459 3.01 
161 470 13.01 
161 493 30.009999999999998 
161 499 60.01 
317 55 1.01 
317 113 2.01 
317 184 1.01 
317 293 0.01 
317 343 0.01 
317 394 4.01 
317 426 7.01 
317 476 10.01 
317 483 10.01 
317 491 16.009999999999998 
317 496 22.009999999999998 
317 498 34.01 
354 76 0.01 
354 90 1.01 
354 113 1.01 
354 150 1.01 
354 151 3.01 
354 227 0.01 
354 360 1.01 
354 369 2.01 
354 386 3.01 
354 461 10.01 
354 494 17.009999999999998 
354 499 69.00999999999999 
236 142 1.01 
236 144 0.01 
236 168 0.01 
236 276 1.01 
236 331 2.01 
236 335 1.01 
236 407 3.01 
236 453 3.01 
236 463 3.01 
236 481 6.01 
236 495 18.009999999999998 
236 499 45.01 
358 100 0.01 
358 218 1.01 
358 223 1.01 
358 254 0.01 
358 267 0.01 
358 269 0.01 
358 326 1.01 
358 379 0.01 
358 420 3.01 
358 423 5.01 
358 489 6.01 
358 491 20.009999999999998 
150 41 0.01 
150 84 0.01 
150 277 2.01 
150 399 1.01 
150 415 2.01 
150 416 2.01 
150 429 7.01 
150 443 3.01 
150 467 5.01 
150 480 10.01 
150 486 14.01 
150 492 9.01 
407 89 3.01 
407 166 1.01 
407 257 0.01 
407 290 1.01 
407 297 3.01 
407 344 3.01 
407 392 3.01 
407 438 3.01 
407 487 21.009999999999998 
407 490 24.009999999999998 
407 494 19.009999999999998 
84 65 0.01 
84 220 0.01 
84 272 2.01 
84 274 0.01 
84 279 0.01 
84 296 3.01 
84 398 2.01 
84 469 2.01 
84 479 1.01 
84 484 3.01 
84 486 5.01 
84 496 6.01 
296 92 6.01 
296 190 0.01 
296 255 4.01 
296 306 2.01 
296 337 5.01 
296 410 6.01 
296 426 3.01 
296 476 13.01 
296 477 23.009999999999998 
296 478 16.009999999999998 
296 498 75.00999999999999 
296 499 77.00999999999999 
85 92 2.01 
85 260 6.01 
85 339 2.01 
85 340 7.01 
85 354 1.01 
85 386 2.01 
85 389 6.01 
85 399 3.01 
85 423 5.01 
85 455 8.01 
85 477 8.01 
85 498 56.01 
260 0 0.01 
260 288 2.01 
260 399 1.01 
260 423 2.01 
260 434 4.01 
260 446 10.01 
260 472 8.01 
260 482 11.01 
260 483 8.01 
260 493 21.009999999999998 
260 497 43.01 
260 498 48.01 
93 17 3.01 
93 132 1.01 
93 148 3.01 
93 171 2.01 
93 281 2.01 
93 337 2.01 
93 415 3.01 
93 430 4.01 
93 435 3.01 
93 441 1.01 
93 473 3.01 
93 483 6.01 
146 49 0.01 
146 320 0.01 
146 348 0.01 
146 357 0.01 
146 372 1.01 
146 373 1.01 
146 395 5.01 
146 448 3.01 
146 483 8.01 
146 496 5.01 
146 497 15.01 
146 499 18.009999999999998 
190 53 0.01 
190 87 0.01 
190 100 0.01 
190 103 0.01 
190 247 0.01 
190 307 1.01 
190 380 0.01 
190 446 1.01 
190 469 2.01 
190 470 1.01 
190 486 7.01 
190 494 5.01 
167 158 3.01 
167 166 2.01 
167 249 3.01 
167 254 1.01 
167 303 3.01 
167 356 10.01 
167 424 6.01 
167 476 14.01 
167 481 11.01 
167 489 14.01 
167 496 32.01 
167 498 9.01 
400 41 2.01 
400 108 0.01 
400 149 4.01 
400 243 3.01 
400 291 4.01 
400 425 10.01 
400 430 7.01 
400 440 8.01 
400 463 11.01 
400 487 25.009999999999998 
400 499 87.00999999999999 
111 30 0.01 
111 327 1.01 
111 342 0.01 
111 385 0.01 
111 446 1.01 
111 471 1.01 
111 484 1.01 
111 487 4.01 
111 489 5.01 
111 492 6.01 
111 493 3.01 
111 497 12.01 
223 39 0.01 
223 190 0.01 
223 274 1.01 
223 355 3.01 
223 383 7.01 
223 388 0.01 
223 414 2.01 
223 475 1.01 
223 479 0.01 
223 491 16.009999999999998 
223 494 7.01 
223 498 24.009999999999998 
132 4 0.01 
132 170 0.01 
132 182 1.01 
132 244 0.01 
132 261 0.01 
132 323 1.01 
132 370 1.01 
132 395 4.01 
132 443 0.01 
132 466 0.01 
132 493 16.009999999999998 
132 499 23.009999999999998 
148 69 0.01 
148 89 0.01 
148 345 2.01 
148 346 1.01 
148 351 1.01 
148 372 5.01 
148 377 0.01 
148 382 2.01 
148 473 7.01 
148 474 2.01 
148 476 2.01 
148 495 15.01 
337 295 1.01 
337 296 4.01 
337 304 2.01 
337 325 2.01 
337 404 1.01 
337 421 2.01 
337 429 8.01 
337 434 2.01 
337 477 6.01 
337 479 6.01 
337 488 14.01 
337 497 60.01 
94 187 2.01 
94 231 1.01 
94 278 2.01 
94 314 3.01 
94 355 3.01 
94 414 3.01 
94 466 2.01 
94 470 4.01 
94 478 5.01 
94 487 6.01 
94 497 23.009999999999998 
94 498 36.01 
355 9 1.01 
355 124 0.01 
355 125 1.01 
355 193 2.01 
355 242 2.01 
355 310 4.01 
355 413 3.01 
355 444 5.01 
355 492 4.01 
355 494 18.009999999999998 
355 495 21.009999999999998 
355 499 58.01 
95 198 1.01 
95 199 1.01 
95 345 1.01 
95 365 5.01 
95 429 1.01 
95 432 1.01 
95 464 3.01 
95 467 2.01 
95 489 4.01 
95 492 4.01 
95 493 7.01 
95 499 28.009999999999998 
199 0 3.01 
199 27 3.01 
199 122 0.01 
199 242 2.01 
199 294 3.01 
199 312 1.01 
199 396 3.01 
199 397 4.01 
199 407 0.01 
199 409 3.01 
199 472 6.01 
199 494 16.009999999999998 
365 156 0.01 
365 157 10.01 
365 220 2.01 
365 265 1.01 
365 323 5.01 
365 417 3.01 
365 419 7.01 
365 476 9.01 
365 479 18.009999999999998 
365 493 16.009999999999998 
365 498 75.00999999999999 
372 43 3.01 
372 146 1.01 
372 154 1.01 
372 239 1.01 
372 241 2.01 
372 324 0.01 
372 415 2.01 
372 487 21.009999999999998 
372 494 22.009999999999998 
372 496 34.01 
372 498 39.01 
168 61 1.01 
168 335 2.01 
168 352 0.01 
168 426 4.01 
168 439 1.01 
168 451 3.01 
168 467 3.01 
168 489 2.01 
168 491 9.01 
168 494 9.01 
168 498 17.009999999999998 
168 499 22.009999999999998 
191 24 1.01 
191 195 0.01 
191 197 1.01 
191 228 1.01 
191 236 1.01 
191 237 1.01 
191 265 2.01 
191 358 0.01 
191 472 7.01 
191 480 8.01 
191 489 8.01 
191 499 41.01 
99 23 1.01 
99 241 0.01 
99 248 0.01 
99 342 1.01 
99 364 0.01 
99 407 0.01 
99 457 0.01 
99 469 0.01 
99 487 4.01 
99 490 3.01 
99 492 1.01 
99 494 8.01 
173 4 1.01 
173 73 1.01 
173 109 2.01 
173 172 1.01 
173 347 0.01 
173 374 3.01 
173 442 1.01 
173 463 5.01 
173 479 4.01 
173 481 5.01 
173 482 6.01 
173 499 19.009999999999998 
227 44 0.01 
227 324 0.01 
227 343 4.01 
227 350 4.01 
227 403 2.01 
227 472 0.01 
227 475 7.01 
227 476 2.01 
227 477 4.01 
227 495 14.01 
227 496 19.009999999999998 
227 499 29.009999999999998 
361 100 1.01 
361 111 1.01 
361 144 2.01 
361 176 3.01 
361 272 1.01 
361 344 2.01 
361 484 10.01 
361 495 30.009999999999998 
361 497 53.01 
361 498 45.01 
361 499 55.01 
101 45 0.01 
101 59 2.01 
101 166 0.01 
101 193 1.01 
101 209 0.01 
101 383 11.01 
101 385 1.01 
101 423 4.01 
101 473 4.01 
101 479 6.01 
101 497 40.01 
101 499 47.01 
193 42 1.01 
193 81 1.01 
193 102 0.01 
193 331 0.01 
193 404 4.01 
193 439 0.01 
193 441 3.01 
193 487 3.01 
193 488 7.01 
193 495 11.01 
193 496 7.01 
193 499 13.01 
222 12 0.01 
222 37 0.01 
222 148 2.01 
222 246 3.01 
222 308 1.01 
222 363 3.01 
222 380 6.01 
222 438 3.01 
222 471 5.01 
222 486 11.01 
222 491 14.01 
222 496 19.009999999999998 
295 34 2.01 
295 152 0.01 
295 209 0.01 
295 228 0.01 
295 344 1.01 
295 351 0.01 
295 381 1.01 
295 428 5.01 
295 460 4.01 
295 481 6.01 
295 486 10.01 
295 499 32.01 
312 96 0.01 
312 101 1.01 
312 175 0.01 
312 193 1.01 
312 256 2.01 
312 343 0.01 
312 446 3.01 
312 463 4.01 
312 484 7.01 
312 490 7.01 
312 491 12.01 
312 498 28.009999999999998 
141 2 0.01 
141 13 1.01 
141 114 1.01 
141 347 1.01 
141 395 11.01 
141 434 1.01 
141 471 3.01 
141 480 5.01 
141 484 2.01 
141 496 12.01 
141 498 23.009999999999998 
141 499 34.01 
130 131 0.01 
130 174 0.01 
130 192 0.01 
130 224 1.01 
130 246 0.01 
130 260 1.01 
130 334 0.01 
130 337 1.01 
130 344 1.01 
130 438 0.01 
130 491 7.01 
130 494 4.01 
174 29 0.01 
174 78 0.01 
174 154 0.01 
174 268 0.01 
174 367 1.01 
174 420 1.01 
174 439 2.01 
174 465 2.01 
174 478 5.01 
174 487 3.01 
174 488 6.01 
174 497 29.009999999999998 
232 348 1.01 
232 402 4.01 
232 420 3.01 
232 431 1.01 
232 433 4.01 
232 438 3.01 
232 465 2.01 
232 491 8.01 
232 492 6.01 
232 496 17.009999999999998 
232 497 23.009999999999998 
232 499 16.009999999999998 
392 77 0.01 
392 279 0.01 
392 322 5.01 
392 404 4.01 
392 409 4.01 
392 411 0.01 
392 472 11.01 
392 476 5.01 
392 485 17.009999999999998 
392 495 26.009999999999998 
392 497 35.01 
106 183 1.01 
106 328 1.01 
106 344 2.01 
106 390 1.01 
106 405 2.01 
106 428 2.01 
106 442 1.01 
106 452 6.01 
106 476 5.01 
106 481 9.01 
106 485 9.01 
106 499 23.009999999999998 
183 242 0.01 
183 291 0.01 
183 293 0.01 
183 344 1.01 
183 452 3.01 
183 455 3.01 
183 460 5.01 
183 481 2.01 
183 485 11.01 
183 488 6.01 
183 490 8.01 
183 498 18.009999999999998 
344 29 0.01 
344 65 0.01 
344 85 3.01 
344 93 2.01 
344 194 0.01 
344 317 0.01 
344 355 2.01 
344 371 2.01 
344 377 1.01 
344 488 11.01 
344 493 13.01 
344 496 15.01 
390 42 4.01 
390 117 2.01 
390 118 0.01 
390 139 0.01 
390 189 3.01 
390 271 1.01 
390 334 2.01 
390 346 1.01 
390 385 2.01 
390 434 3.01 
390 497 69.00999999999999 
107 34 3.01 
107 157 4.01 
107 194 1.01 
107 249 3.01 
107 378 3.01 
107 385 3.01 
107 394 1.01 
107 449 10.01 
107 471 2.01 
107 472 5.01 
107 481 18.009999999999998 
107 489 15.01 
396 17 0.01 
396 104 0.01 
396 143 4.01 
396 168 1.01 
396 225 4.01 
396 354 3.01 
396 372 6.01 
396 423 2.01 
396 463 11.01 
396 495 31.009999999999998 
396 499 63.01 
109 220 2.01 
109 249 1.01 
109 260 2.01 
109 286 2.01 
109 313 8.01 
109 318 4.01 
109 456 6.01 
109 459 3.01 
109 461 9.01 
109 493 20.009999999999998 
109 498 43.01 
109 499 51.01 
286 35 0.01 
286 62 0.01 
286 124 0.01 
286 305 1.01 
286 441 4.01 
286 461 4.01 
286 473 2.01 
286 480 8.01 
286 490 3.01 
286 493 12.01 
286 495 9.01 
286 499 22.009999999999998 
136 82 0.01 
136 84 1.01 
136 213 1.01 
136 324 2.01 
136 340 1.01 
136 360 2.01 
136 386 1.01 
136 398 2.01 
136 451 2.01 
136 481 3.01 
136 489 5.01 
136 499 38.01 
216 43 1.01 
216 114 1.01 
216 399 4.01 
216 461 11.01 
216 465 11.01 
216 474 11.01 
216 483 30.009999999999998 
216 484 19.009999999999998 
216 487 16.009999999999998 
216 491 30.009999999999998 
216 496 38.01 
216 499 123.00999999999999 
265 236 1.01 
265 284 3.01 
265 350 4.01 
265 372 2.01 
265 393 0.01 
265 403 6.01 
265 421 3.01 
265 487 20.009999999999998 
265 491 14.01 
265 497 34.01 
265 498 63.01 
265 499 45.01 
113 130 1.01 
113 234 0.01 
113 328 3.01 
113 375 3.01 
113 424 2.01 
113 452 3.01 
113 483 10.01 
113 487 14.01 
113 491 12.01 
113 493 7.01 
113 494 10.01 
113 499 18.009999999999998 
234 19 0.01 
234 43 0.01 
234 164 1.01 
234 290 1.01 
234 298 0.01 
234 339 1.01 
234 397 1.01 
234 407 2.01 
234 437 6.01 
234 441 2.01 
234 478 4.01 
234 488 5.01 
114 56 0.01 
114 98 1.01 
114 103 0.01 
114 383 3.01 
114 392 1.01 
114 417 0.01 
114 431 2.01 
114 453 1.01 
114 485 5.01 
114 487 9.01 
114 496 25.009999999999998 
114 499 19.009999999999998 
126 25 0.01 
126 37 0.01 
126 299 2.01 
126 374 3.01 
126 426 0.01 
126 432 0.01 
126 442 0.01 
126 451 3.01 
126 469 5.01 
126 475 5.01 
126 493 5.01 
126 497 14.01 
116 26 0.01 
116 40 5.01 
116 99 1.01 
116 341 2.01 
116 406 0.01 
116 427 6.01 
116 432 3.01 
116 433 2.01 
116 460 2.01 
116 465 4.01 
116 486 11.01 
116 490 18.009999999999998 
322 136 1.01 
322 258 2.01 
322 298 0.01 
322 337 0.01 
322 353 6.01 
322 439 1.01 
322 462 7.01 
322 469 2.01 
322 480 7.01 
322 482 20.009999999999998 
322 489 9.01 
322 499 37.01 
391 248 1.01 
391 282 0.01 
391 304 1.01 
391 334 3.01 
391 336 3.01 
391 346 0.01 
391 378 3.01 
391 466 3.01 
391 479 9.01 
391 486 13.01 
391 491 17.009999999999998 
258 2 0.01 
258 52 0.01 
258 129 2.01 
258 267 1.01 
258 392 1.01 
258 424 4.01 
258 425 1.01 
258 447 3.01 
258 482 9.01 
258 495 21.009999999999998 
258 498 31.009999999999998 
258 499 28.009999999999998 
185 59 1.01 
185 93 4.01 
185 164 1.01 
185 387 5.01 
185 447 13.01 
185 480 23.009999999999998 
185 482 35.01 
185 483 31.009999999999998 
185 485 38.01 
185 494 26.009999999999998 
185 498 88.00999999999999 
185 499 36.01 
121 35 1.01 
121 112 1.01 
121 114 0.01 
121 297 1.01 
121 351 2.01 
121 362 2.01 
121 401 8.01 
121 432 4.01 
121 484 4.01 
121 486 11.01 
121 493 17.009999999999998 
121 496 19.009999999999998 
122 148 0.01 
122 164 0.01 
122 367 1.01 
122 368 3.01 
122 370 0.01 
122 375 1.01 
122 397 1.01 
122 441 0.01 
122 468 5.01 
122 486 4.01 
122 490 2.01 
122 497 18.009999999999998 
164 6 1.01 
164 19 0.01 
164 97 0.01 
164 247 0.01 
164 275 1.01 
164 306 0.01 
164 348 4.01 
164 463 2.01 
164 471 3.01 
164 472 2.01 
164 493 14.01 
164 499 37.01 
397 64 0.01 
397 235 12.01 
397 239 1.01 
397 373 3.01 
397 395 6.01 
397 396 5.01 
397 412 4.01 
397 415 9.01 
397 459 7.01 
397 487 10.01 
397 493 21.009999999999998 
128 96 0.01 
128 146 0.01 
128 366 1.01 
128 409 0.01 
128 417 4.01 
128 431 1.01 
128 451 2.01 
128 465 3.01 
128 491 7.01 
128 493 11.01 
128 496 12.01 
128 499 19.009999999999998 
129 37 1.01 
129 75 0.01 
129 303 1.01 
129 310 0.01 
129 330 2.01 
129 337 1.01 
129 446 2.01 
129 470 4.01 
129 484 3.01 
129 489 6.01 
129 496 8.01 
129 499 27.009999999999998 
131 250 2.01 
131 271 3.01 
131 291 2.01 
131 335 2.01 
131 382 1.01 
131 386 3.01 
131 432 1.01 
131 441 2.01 
131 479 6.01 
131 480 7.01 
131 486 13.01 
131 499 36.01 
192 28 2.01 
192 116 1.01 
192 226 3.01 
192 286 1.01 
192 314 0.01 
192 363 0.01 
192 414 1.01 
192 470 2.01 
192 485 14.01 
192 487 7.01 
192 492 4.01 
192 499 59.01 
250 71 0.01 
250 139 0.01 
250 231 0.01 
250 258 1.01 
250 304 0.01 
250 413 2.01 
250 449 2.01 
250 470 3.01 
250 476 2.01 
250 478 1.01 
250 495 20.009999999999998 
250 498 25.009999999999998 
182 21 0.01 
182 35 1.01 
182 87 0.01 
182 280 2.01 
182 374 6.01 
182 477 4.01 
182 483 3.01 
182 488 5.01 
182 489 4.01 
182 491 6.01 
182 493 6.01 
182 495 7.01 
323 95 2.01 
323 120 1.01 
323 277 0.01 
323 420 1.01 
323 435 5.01 
323 444 0.01 
323 456 1.01 
323 471 3.01 
323 474 8.01 
323 491 22.009999999999998 
323 497 25.009999999999998 
323 498 33.01 
395 105 4.01 
395 256 2.01 
395 279 2.01 
395 315 4.01 
395 342 2.01 
395 359 7.01 
395 394 5.01 
395 448 9.01 
395 470 23.009999999999998 
395 484 28.009999999999998 
395 495 45.01 
135 55 0.01 
135 142 2.01 
135 161 4.01 
135 262 1.01 
135 369 2.01 
135 378 1.01 
135 421 3.01 
135 482 9.01 
135 487 10.01 
135 496 17.009999999999998 
135 497 19.009999999999998 
135 499 37.01 
142 95 1.01 
142 101 4.01 
142 160 1.01 
142 293 1.01 
142 345 2.01 
142 384 5.01 
142 462 1.01 
142 473 9.01 
142 479 5.01 
142 491 15.01 
142 497 27.009999999999998 
142 498 29.009999999999998 
262 14 0.01 
262 47 0.01 
262 71 1.01 
262 81 0.01 
262 205 3.01 
262 416 1.01 
262 467 5.01 
262 481 16.009999999999998 
262 488 18.009999999999998 
262 489 13.01 
262 494 8.01 
262 497 42.01 
137 80 1.01 
137 119 0.01 
137 208 1.01 
137 421 1.01 
137 431 3.01 
137 458 2.01 
137 466 1.01 
137 490 22.009999999999998 
137 491 14.01 
137 493 23.009999999999998 
137 495 17.009999999999998 
137 499 38.01 
138 38 1.01 
138 44 0.01 
138 387 4.01 
138 444 2.01 
138 447 3.01 
138 450 5.01 
138 464 9.01 
138 467 2.01 
138 486 14.01 
138 490 19.009999999999998 
138 493 20.009999999999998 
138 499 59.01 
228 111 1.01 
228 120 2.01 
228 122 0.01 
228 202 0.01 
228 259 2.01 
228 285 0.01 
228 338 2.01 
228 426 0.01 
228 458 1.01 
228 494 8.01 
228 497 18.009999999999998 
228 498 18.009999999999998 
144 99 0.01 
144 347 4.01 
144 408 3.01 
144 419 0.01 
144 423 2.01 
144 444 4.01 
144 484 5.01 
144 486 4.01 
144 489 10.01 
144 495 6.01 
144 498 10.01 
144 499 16.009999999999998 
202 267 1.01 
202 277 1.01 
202 281 1.01 
202 331 3.01 
202 334 1.01 
202 371 1.01 
202 386 2.01 
202 467 4.01 
202 483 9.01 
202 493 11.01 
202 495 8.01 
202 499 15.01 
153 132 0.01 
153 156 2.01 
153 262 2.01 
153 294 2.01 
153 321 3.01 
153 357 1.01 
153 363 1.01 
153 379 2.01 
153 439 4.01 
153 448 5.01 
153 462 3.01 
153 469 1.01 
321 216 12.01 
321 286 0.01 
321 339 1.01 
321 394 2.01 
321 449 5.01 
321 453 0.01 
321 455 9.01 
321 480 9.01 
321 481 11.01 
321 483 15.01 
321 496 40.01 
321 499 70.00999999999999 
256 16 2.01 
256 167 2.01 
256 218 0.01 
256 275 1.01 
256 331 1.01 
256 374 5.01 
256 409 0.01 
256 426 1.01 
256 444 0.01 
256 462 4.01 
256 484 9.01 
256 494 10.01 
221 102 1.01 
221 129 0.01 
221 239 1.01 
221 299 1.01 
221 311 0.01 
221 351 1.01 
221 398 1.01 
221 432 3.01 
221 445 0.01 
221 455 4.01 
221 492 22.009999999999998 
221 499 58.01 
247 29 0.01 
247 166 0.01 
247 173 1.01 
247 202 0.01 
247 239 0.01 
247 350 0.01 
247 386 1.01 
247 430 1.01 
247 457 0.01 
247 493 7.01 
247 498 12.01 
247 499 26.009999999999998 
162 58 1.01 
162 223 0.01 
162 274 1.01 
162 339 0.01 
162 379 4.01 
162 438 0.01 
162 459 2.01 
162 463 5.01 
162 465 2.01 
162 488 4.01 
162 495 18.009999999999998 
162 499 24.009999999999998 
306 209 2.01 
306 232 1.01 
306 262 3.01 
306 358 0.01 
306 428 3.01 
306 450 1.01 
306 487 10.01 
306 489 9.01 
306 491 9.01 
306 495 15.01 
306 496 9.01 
306 498 31.009999999999998 
252 25 2.01 
252 247 1.01 
252 303 0.01 
252 448 2.01 
252 450 6.01 
252 455 1.01 
252 472 1.01 
252 476 8.01 
252 479 6.01 
252 487 13.01 
252 488 7.01 
252 497 21.009999999999998 
226 237 4.01 
226 243 3.01 
226 295 4.01 
226 298 3.01 
226 310 2.01 
226 360 5.01 
226 390 8.01 
226 456 9.01 
226 481 30.009999999999998 
226 486 24.009999999999998 
226 487 16.009999999999998 
226 499 110.00999999999999 
181 4 0.01 
181 90 0.01 
181 249 0.01 
181 277 0.01 
181 360 1.01 
181 390 5.01 
181 392 1.01 
181 400 2.01 
181 456 4.01 
181 471 3.01 
181 496 17.009999999999998 
181 498 37.01 
203 72 1.01 
203 85 3.01 
203 172 3.01 
203 291 2.01 
203 330 1.01 
203 355 2.01 
203 415 4.01 
203 471 5.01 
203 477 6.01 
203 488 7.01 
203 494 14.01 
203 499 47.01 
325 112 0.01 
325 238 4.01 
325 239 0.01 
325 250 1.01 
325 279 1.01 
325 445 3.01 
325 452 3.01 
325 457 2.01 
325 469 3.01 
325 493 19.009999999999998 
325 498 42.01 
325 499 46.01 
257 86 0.01 
257 326 0.01 
257 345 1.01 
257 392 2.01 
257 418 3.01 
257 420 1.01 
257 440 3.01 
257 465 1.01 
257 482 10.01 
257 488 10.01 
257 492 22.009999999999998 
257 498 34.01 
215 69 3.01 
215 142 2.01 
215 315 3.01 
215 402 2.01 
215 408 7.01 
215 422 6.01 
215 424 2.01 
215 480 6.01 
215 483 10.01 
215 493 30.009999999999998 
215 497 36.01 
215 499 53.01 
235 196 0.01 
235 263 2.01 
235 303 2.01 
235 325 1.01 
235 379 0.01 
235 398 3.01 
235 456 5.01 
235 462 6.01 
235 470 17.009999999999998 
235 496 39.01 
235 497 26.009999999999998 
235 498 102.00999999999999 
