0 1 3
0 2 4
0 3 3
0 4 3
0 5 4
0 6 5
0 7 4
0 8 4
9 1 3
9 10 5
9 11 4
9 2 5
9 12 5
9 13 3
9 14 4
9 15 3
9 16 5
9 17 3
9 18 4
9 19 3
9 20 4
9 21 3
9 22 3
9 23 5
24 25 4
24 26 3
24 12 3
24 27 3
24 28 3
24 29 3
24 30 3
24 31 3
24 16 3
24 32 4
24 33 4
24 34 3
24 19 3
24 35 3
24 36 4
24 37 3
24 38 3
24 39 3
24 40 3
24 41 4
1 0 4
1 9 3
1 42 3
1 43 3
1 12 3
1 3 4
1 4 4
1 44 3
1 45 3
1 46 3
1 47 4
1 48 3
1 49 3
1 6 3
1 7 3
1 50 3
1 51 3
1 52 5
1 8 3
1 53 3
54 55 4
54 56 3
54 57 3
54 47 3
54 58 3
54 59 3
54 60 3
54 61 4
54 40 3
54 62 5
54 63 5
54 64 3
54 65 3
66 67 3
66 68 4
66 69 3
66 51 4
66 52 3
66 70 3
66 71 3
66 72 3
73 27 4
73 74 3
73 75 3
73 76 3
73 77 3
73 78 5
73 79 4
73 80 4
73 81 3
73 37 3
73 82 4
73 83 5
73 84 3
73 85 3
10 9 4
10 1 3
10 3 3
10 15 3
10 68 3
10 86 3
10 51 4
10 22 3
10 87 4
10 88 3
89 90 5
89 45 1
89 91 1
89 92 1
89 46 1
89 93 1
89 94 1
89 95 1
96 42 1
96 43 1
96 2 1
96 4 1
96 97 1
96 98 1
96 67 1
96 99 1
96 100 1
96 31 1
96 17 1
96 101 1
96 102 1
96 103 1
96 51 1
104 0 3
104 10 3
104 43 4
104 26 4
104 2 3
104 13 3
104 105 4
104 4 4
104 5 3
104 58 3
104 16 3
104 106 3
104 107 3
104 8 3
11 9 5
11 12 3
11 108 4
11 109 3
11 110 3
11 107 3
11 22 4
11 111 3
42 0 4
42 1 4
42 104 3
42 2 4
42 3 3
42 13 3
42 4 5
42 112 3
42 58 3
42 7 4
43 1 3
43 104 3
43 26 3
43 2 4
43 3 3
43 13 4
43 4 5
43 58 3
43 16 3
43 106 3
25 24 3
25 12 4
25 44 3
25 113 5
25 114 3
25 115 3
25 48 3
25 116 3
25 117 3
25 35 4
25 60 3
25 118 3
25 119 5
25 53 3
25 120 3
26 1 3
26 104 2
26 43 2
26 2 3
26 27 2
26 13 3
26 105 3
26 121 3
26 44 4
26 76 2
26 122 2
26 46 3
26 112 3
26 58 3
26 59 3
26 33 2
26 19 3
26 6 3
26 7 4
26 106 2
26 21 2
26 39 2
26 123 4
26 124 2
26 41 2
26 53 2
26 65 4
26 125 2
2 0 5
2 9 3
2 96 3
2 104 3
2 42 3
2 26 3
2 3 3
2 13 3
2 56 3
2 44 4
2 5 3
2 112 3
2 58 3
2 16 3
2 6 3
2 7 3
2 21 3
2 126 3
2 127 4
2 128 3
2 8 3
12 9 5
12 1 4
12 11 3
12 42 3
12 43 3
12 25 3
12 2 3
12 4 4
12 44 3
12 99 3
12 35 3
12 129 3
12 107 3
12 21 3
12 130 3
12 127 3
12 51 3
12 22 3
12 52 3
12 23 3
3 0 4
3 9 3
3 1 5
3 10 3
3 104 3
3 42 3
3 43 3
3 2 3
3 28 4
3 55 3
3 4 3
3 44 3
3 47 5
3 131 4
3 107 4
3 132 3
27 73 4
27 32 4
27 33 4
27 34 3
27 7 3
27 106 3
27 38 3
27 39 3
27 123 3
27 41 4
74 73 3
74 75 3
74 76 5
74 78 3
74 82 3
74 133 3
74 83 3
74 134 4
74 64 3
74 85 3
74 65 4
108 11 4
108 135 3
108 109 3
108 110 3
108 107 3
108 22 4
108 136 3
28 1 3
28 26 4
28 3 5
28 27 3
28 4 3
28 44 3
28 137 3
28 47 3
28 49 3
28 131 5
28 107 4
28 50 3
28 138 3
13 1 3
13 104 3
13 43 3
13 26 3
13 2 3
13 105 3
13 4 3
13 58 4
13 59 3
13 6 3
13 7 3
13 21 3
13 139 3
13 62 3
105 0 4
105 104 3
105 26 4
105 2 3
105 27 3
105 13 3
105 140 5
105 46 3
105 112 5
105 58 3
105 141 3
105 142 4
105 6 4
105 139 3
105 70 3
55 54 4
55 56 3
55 57 4
55 47 5
55 143 4
55 144 3
55 62 3
55 145 3
56 54 4
56 73 4
56 2 3
56 55 4
56 57 4
56 146 3
56 58 4
56 147 3
56 78 3
56 60 3
56 40 3
56 62 4
56 145 4
56 148 3
56 149 3
56 85 3
121 26 3
121 75 4
121 150 4
121 151 3
121 152 4
121 153 5
121 29 4
121 106 3
121 81 3
121 37 3
121 154 3
121 138 3
121 53 5
121 155 3
4 0 5
4 9 3
4 1 3
4 104 3
4 11 3
4 42 4
4 43 5
4 2 3
4 12 3
4 3 4
4 108 3
4 28 3
4 13 3
4 97 3
4 48 3
4 50 3
4 156 4
75 73 4
75 74 3
75 55 3
75 56 4
75 121 4
75 76 3
75 150 4
75 152 4
75 153 4
75 78 3
75 81 3
75 37 3
75 82 4
75 138 4
75 157 3
44 66 3
44 26 3
44 2 3
44 158 3
44 68 3
44 86 3
44 126 3
44 128 3
44 111 3
44 23 3
14 9 4
14 67 3
14 17 3
14 141 4
14 159 3
14 86 3
14 149 3
5 0 3
5 1 2
5 97 2
5 48 4
5 112 2
5 116 4
5 8 5
5 70 2
76 73 4
76 74 5
76 75 3
76 78 3
76 82 3
76 83 3
76 134 3
76 64 3
76 85 3
76 65 4
57 54 4
57 55 4
57 56 3
57 47 4
57 58 3
57 59 3
57 61 3
57 40 3
57 62 4
57 145 3
90 89 5
90 47 3
45 1 3
45 97 3
45 91 3
45 160 3
45 146 5
45 92 5
45 114 3
45 46 5
45 47 5
45 48 3
45 99 4
45 49 4
45 68 3
45 102 3
45 52 3
45 161 3
45 72 3
140 97 3
140 162 4
140 160 4
140 46 4
140 93 3
140 142 3
140 163 3
140 164 3
140 165 5
140 166 5
140 69 3
140 127 5
140 87 3
140 84 3
140 70 4
140 71 3
140 23 3
97 54 3
97 91 4
97 93 3
97 153 3
97 47 3
97 48 5
97 116 4
97 167 3
97 143 3
97 168 3
97 52 4
97 161 3
97 125 3
135 108 3
135 13 3
135 169 3
135 170 5
135 35 4
135 126 3
135 132 3
135 136 5
135 120 3
162 140 3
162 97 3
162 137 3
162 91 3
162 169 3
162 92 3
162 114 3
162 46 5
162 171 4
162 147 3
162 164 3
162 126 5
162 40 3
162 148 3
162 23 4
162 72 4
137 150 5
137 91 4
137 160 3
137 146 5
137 172 3
137 114 3
137 46 4
137 171 3
137 93 3
137 94 3
137 153 4
137 173 3
137 167 3
150 137 3
150 160 3
150 174 3
150 172 3
150 152 3
150 171 3
150 153 3
150 77 3
150 173 3
150 167 5
150 157 3
150 175 3
91 162 3
91 137 3
91 146 5
91 169 3
91 174 3
91 92 3
91 114 3
91 46 3
91 171 3
91 93 3
91 94 5
91 47 3
91 95 3
91 176 3
91 177 3
122 0 3
122 112 5
122 79 4
122 6 5
122 21 3
122 123 5
122 8 3
160 45 3
160 140 4
160 137 5
160 150 5
160 146 3
160 171 3
160 47 3
160 163 3
160 143 5
160 165 3
160 166 5
160 168 3
160 87 4
160 155 3
160 177 4
146 45 4
146 137 5
146 150 4
146 91 5
146 160 4
146 169 3
146 174 3
146 92 5
146 114 3
146 46 4
146 171 4
146 94 3
146 95 4
146 176 3
146 30 3
146 166 3
146 69 3
146 72 4
169 137 3
169 91 4
169 114 5
169 115 5
169 95 3
169 49 3
169 178 3
169 164 3
169 61 5
169 53 3
169 120 5
169 72 3
151 179 4
151 180 4
151 143 3
151 144 3
151 181 3
151 182 3
151 138 3
151 183 3
151 184 3
174 140 3
174 150 4
174 91 3
174 92 3
174 171 5
174 93 3
174 185 5
174 165 3
172 75 3
172 45 3
172 137 3
172 150 4
172 114 4
172 152 3
172 171 3
172 153 3
172 77 4
172 186 3
172 187 3
172 173 5
172 80 3
172 35 3
172 167 5
113 114 3
113 35 3
113 166 4
113 119 3
92 45 5
92 162 3
92 91 4
92 146 4
92 169 3
92 114 3
92 46 3
92 95 5
92 176 5
92 99 5
92 31 3
114 91 3
114 169 3
114 113 4
114 92 3
114 46 3
114 95 3
114 99 3
114 19 3
114 35 3
114 164 3
114 119 3
114 53 5
46 45 4
46 140 3
46 162 4
46 137 5
46 91 5
46 169 3
46 92 4
46 114 3
46 95 3
46 176 3
46 53 5
152 75 4
152 137 3
152 150 3
152 172 3
152 153 5
152 188 3
152 189 3
152 81 3
190 1 1
190 96 1
190 5 1
190 99 1
190 191 1
190 68 1
190 8 1
98 66 3
98 45 3
98 97 3
98 188 4
98 49 3
98 19 3
98 68 5
98 50 5
98 52 3
171 162 3
171 137 3
171 150 4
171 91 4
171 169 3
171 174 5
171 46 3
171 185 5
171 130 4
171 165 3
171 166 3
171 69 3
171 40 4
93 140 3
93 150 3
93 91 4
93 174 3
93 46 4
93 94 5
93 192 3
93 165 4
93 166 3
93 84 4
94 89 3
94 91 5
94 93 4
94 153 3
94 79 3
94 192 4
94 189 4
94 84 3
94 193 3
153 137 3
153 150 3
153 152 5
153 94 5
153 173 4
153 189 3
153 81 4
153 167 3
115 25 3
115 169 5
115 113 3
115 114 3
115 46 3
115 171 4
115 164 3
115 60 5
115 61 5
115 69 3
115 127 4
115 119 3
115 40 4
115 53 3
115 155 3
115 120 3
77 73 3
77 150 4
77 172 4
77 186 3
77 187 3
77 78 3
77 173 4
77 80 5
77 189 3
77 81 3
77 167 3
77 194 3
77 195 3
47 1 3
47 3 4
47 55 4
47 57 3
47 45 3
47 192 3
47 68 3
95 0 3
95 45 3
95 140 3
95 162 3
95 137 3
95 91 5
95 146 5
95 169 4
95 92 5
95 114 3
95 46 4
95 171 3
95 93 3
95 94 3
95 115 3
95 47 3
95 128 3
67 66 3
67 14 4
67 48 3
67 176 5
67 17 3
67 49 3
67 35 3
48 1 3
48 5 4
48 97 5
48 93 3
48 116 4
29 28 3
29 150 3
29 152 4
29 19 3
29 157 4
29 195 3
196 5 3
196 8 3
112 24 2
112 1 2
112 42 2
112 43 3
112 26 3
112 2 2
112 13 3
112 105 4
112 121 2
112 5 2
112 122 5
112 58 2
112 197 2
112 31 2
112 170 2
112 158 2
112 18 2
112 34 4
112 35 2
112 6 4
112 7 3
112 106 2
112 107 3
112 139 3
112 39 2
112 123 2
112 132 2
112 124 2
112 8 2
112 183 2
112 41 2
112 155 2
112 184 2
116 5 3
116 97 3
116 48 3
116 198 3
116 139 3
116 8 3
176 162 3
176 91 4
176 146 4
176 169 3
176 92 4
176 114 3
176 46 3
176 95 4
176 67 3
99 45 3
99 92 4
99 15 3
99 100 5
99 31 3
99 49 3
99 101 5
99 102 3
99 23 3
15 99 3
15 100 4
15 31 3
15 101 4
15 20 3
15 68 3
15 88 5
186 162 4
186 137 3
186 150 4
186 160 3
186 174 5
186 172 4
186 171 5
186 77 3
186 187 3
186 173 3
186 80 4
186 189 3
186 185 5
186 167 4
186 133 3
186 194 3
186 175 3
186 23 3
100 99 3
100 15 4
100 49 3
100 101 5
30 146 3
30 197 4
30 16 4
30 34 4
30 7 3
30 106 3
30 83 3
58 54 3
58 42 3
58 43 3
58 26 3
58 13 5
58 56 4
58 57 3
58 16 3
58 59 4
58 6 3
58 21 3
58 69 3
58 62 4
187 150 3
187 172 3
187 77 4
187 186 3
187 173 4
187 80 3
187 189 5
187 167 4
187 194 3
187 175 3
187 72 3
147 56 3
147 45 4
147 162 4
147 114 3
147 99 3
147 16 3
147 49 4
147 178 3
147 37 3
147 61 3
147 50 3
147 126 4
147 69 5
147 51 4
147 53 3
147 23 4
147 177 3
199 1 3
199 101 3
199 52 3
199 200 3
197 30 4
197 34 4
197 106 3
31 99 3
31 100 4
31 49 4
31 101 3
31 35 3
31 159 3
78 73 4
78 74 3
78 75 3
78 76 3
78 150 3
78 77 4
78 173 3
78 80 4
78 81 4
78 143 3
16 0 3
16 9 3
16 43 3
16 146 3
16 30 3
16 188 3
16 58 3
16 147 3
16 197 3
16 17 4
16 49 3
16 34 3
16 19 4
16 159 4
16 7 3
16 106 4
16 50 3
16 126 3
16 53 3
16 200 3
16 201 3
16 23 3
17 44 3
17 14 3
17 16 4
17 19 4
17 159 5
170 97 3
170 135 5
170 187 3
170 198 3
170 35 3
170 36 3
170 202 3
170 119 3
170 136 4
158 44 3
158 126 3
49 45 3
49 100 4
49 31 3
49 16 3
49 178 3
49 117 3
49 101 4
49 159 3
49 50 5
49 52 5
49 53 3
49 72 4
178 1 3
178 162 3
178 169 3
178 147 3
178 31 3
178 16 3
178 49 4
178 117 4
178 18 4
178 19 3
178 35 3
178 159 3
178 164 3
178 50 3
178 126 3
178 69 3
178 119 4
178 53 3
178 200 3
178 120 3
178 23 3
178 72 5
117 49 3
117 178 5
117 18 3
117 130 3
117 50 4
117 72 4
59 54 3
59 26 3
59 2 4
59 13 5
59 55 3
59 56 3
59 57 3
59 58 3
59 21 3
59 62 5
59 125 4
18 9 4
18 1 4
18 44 3
18 162 3
18 47 3
18 112 4
18 31 3
18 17 3
18 49 4
18 178 5
18 159 4
18 20 3
18 203 4
18 126 4
18 39 5
18 69 3
18 123 5
18 132 3
18 71 4
18 200 4
18 72 4
141 142 5
141 164 4
141 84 3
141 193 3
101 96 3
101 67 3
101 99 5
101 15 4
101 100 5
101 31 3
101 17 3
101 49 4
101 159 3
101 102 3
101 103 3
101 51 3
79 73 5
79 56 3
79 75 5
79 150 3
79 122 5
79 94 4
79 112 4
79 173 3
79 37 3
79 82 5
79 138 3
79 183 3
79 85 3
79 194 4
32 24 3
32 27 4
32 33 4
32 36 3
32 38 4
32 39 3
32 41 4
33 27 3
33 32 4
33 38 4
33 41 3
34 27 3
34 112 3
34 30 4
34 197 3
34 16 4
34 170 3
34 32 3
34 7 3
34 106 3
34 103 3
34 41 3
198 11 3
198 97 3
198 48 3
198 116 4
198 188 3
198 31 3
198 178 3
198 18 3
198 132 3
198 23 3
198 72 3
173 150 4
173 172 3
173 153 4
173 77 3
173 187 4
173 78 3
173 79 3
173 80 4
173 189 3
173 204 3
173 167 3
173 194 3
173 175 4
80 73 5
80 150 3
80 114 3
80 77 5
80 78 4
80 81 3
80 204 3
80 167 3
80 133 3
80 194 4
80 125 4
19 9 3
19 162 3
19 16 3
19 17 3
19 159 4
19 68 3
19 126 3
35 25 4
35 12 3
35 13 3
35 45 4
35 172 5
35 113 5
35 114 3
35 67 3
35 31 3
35 170 5
35 49 3
35 20 4
35 203 4
35 118 3
35 50 3
35 119 4
35 168 3
35 132 3
35 52 3
159 9 3
159 14 4
159 16 3
159 17 5
159 19 4
205 97 3
205 109 3
205 129 3
205 110 4
205 86 4
205 128 4
205 206 5
205 111 5
205 120 4
142 94 4
142 141 5
142 84 3
142 70 3
142 193 5
207 106 3
207 202 4
207 204 3
207 156 3
207 201 3
192 47 3
192 68 4
192 165 3
192 208 3
192 124 3
192 155 4
192 177 3
109 11 5
109 108 3
109 205 3
109 129 3
109 110 4
109 86 3
109 107 3
109 22 4
109 128 3
109 206 3
109 111 5
6 0 4
6 13 3
6 122 3
6 112 3
6 7 4
6 106 3
6 139 3
7 0 4
7 42 3
7 27 4
7 16 4
7 6 4
7 106 4
7 41 4
106 27 3
106 30 3
106 16 4
106 34 4
106 207 3
106 6 4
106 7 5
106 201 3
209 207 3
209 204 3
209 156 4
209 133 3
209 65 3
209 201 4
191 96 3
191 116 3
191 170 3
191 117 3
191 198 3
191 39 3
191 119 3
191 124 3
189 187 4
189 163 3
189 167 4
189 175 3
131 3 3
131 28 3
131 129 3
131 107 5
131 200 4
36 24 4
36 27 3
36 197 3
36 170 3
36 32 3
36 33 3
36 106 3
210 96 1
210 186 3
210 129 3
210 68 1
210 202 5
210 107 3
210 203 3
210 139 3
210 124 3
210 145 1
210 138 1
210 155 3
129 104 3
129 11 3
129 108 3
129 13 3
129 205 4
129 109 3
129 131 4
129 110 3
129 86 3
129 107 5
129 22 3
129 128 3
129 206 4
129 111 4
81 73 5
81 75 3
81 150 3
81 152 3
81 94 3
81 153 5
81 77 3
81 78 5
81 80 3
81 37 3
81 133 3
37 73 3
37 147 3
37 81 3
37 82 5
37 85 3
37 195 5
37 184 4
110 11 3
110 108 3
110 205 3
110 109 4
110 86 3
110 107 3
110 69 3
110 22 3
110 128 3
110 206 3
110 111 5
163 140 3
163 173 4
163 142 5
163 189 5
163 68 4
163 167 4
163 143 3
163 133 3
163 84 5
163 155 3
163 193 4
163 175 4
164 162 3
164 169 3
164 114 4
164 141 5
164 185 3
164 60 4
164 61 4
164 69 3
164 168 3
164 62 3
164 84 3
164 155 3
164 149 3
164 194 4
164 211 3
164 72 4
185 140 3
185 137 3
185 150 4
185 91 3
185 160 3
185 174 5
185 92 3
185 171 5
185 77 3
185 187 3
185 173 3
185 80 3
185 192 3
185 164 3
185 167 4
185 165 4
185 69 4
185 155 4
185 175 3
185 177 3
20 9 3
20 45 3
20 15 3
20 49 3
20 35 3
20 86 4
20 50 3
20 52 3
20 87 5
20 88 5
68 66 5
68 44 3
68 192 5
68 203 3
68 165 3
68 168 3
68 124 3
68 87 3
68 84 5
68 155 3
68 88 4
68 71 4
68 195 3
68 72 5
86 10 3
86 11 3
86 44 4
86 14 3
86 205 3
86 109 4
86 110 4
86 20 4
86 68 3
86 154 3
86 22 3
86 87 4
86 206 3
86 212 3
86 111 3
86 88 3
86 149 3
102 45 4
102 99 4
102 31 3
202 207 4
202 209 3
202 210 3
202 204 3
202 154 3
202 156 3
202 136 4
107 9 3
107 10 3
107 11 4
107 12 4
107 3 3
107 108 4
107 28 4
107 44 3
107 97 3
107 116 3
107 205 3
107 131 5
107 129 4
107 110 3
107 69 4
107 132 3
107 111 3
107 200 5
107 23 3
21 9 4
21 26 3
21 2 4
21 13 4
21 105 4
21 56 4
21 44 3
21 57 3
21 122 3
21 112 3
21 58 3
21 6 3
204 137 2
204 150 2
204 187 3
204 173 3
204 80 2
204 207 2
204 209 4
204 189 3
204 163 2
204 167 2
204 156 4
204 133 5
204 84 2
204 157 2
204 70 2
204 134 2
204 65 2
204 194 3
204 201 4
204 175 2
203 26 4
203 35 4
203 130 3
203 50 3
203 119 3
203 195 3
167 137 3
167 150 5
167 174 3
167 172 3
167 171 3
167 153 3
167 77 3
167 186 3
167 187 3
167 173 4
167 80 4
167 192 3
167 189 4
167 185 3
167 204 3
167 194 3
167 175 5
179 151 5
179 180 5
179 143 5
179 208 3
179 144 4
179 181 4
179 182 3
179 138 3
179 213 3
179 183 4
179 155 3
179 194 3
179 125 4
38 24 3
38 27 3
38 32 4
38 33 4
38 35 3
38 7 3
38 41 4
130 66 4
130 44 3
130 137 3
130 171 5
130 147 3
130 16 3
130 178 3
130 117 4
130 141 3
130 214 3
130 60 4
130 61 3
130 50 5
130 69 5
130 168 3
130 40 3
130 82 3
130 51 5
130 52 3
130 124 4
130 161 5
130 87 3
130 53 4
130 72 4
154 147 3
154 86 3
154 132 3
180 151 3
180 179 5
180 143 3
180 208 3
180 144 3
180 181 3
180 138 3
180 213 3
180 183 5
180 155 3
180 194 3
180 184 4
180 125 3
214 97 4
214 130 3
214 60 3
214 61 3
214 69 3
214 168 4
214 40 3
214 51 4
60 54 3
60 56 3
60 57 3
60 169 3
60 115 5
60 147 3
60 164 4
60 214 3
60 61 5
60 69 4
60 127 4
60 168 3
60 40 4
60 51 3
60 132 3
60 62 3
60 145 3
60 213 3
60 120 3
118 169 1
118 35 1
118 69 1
118 119 1
118 111 1
118 120 3
61 54 3
61 169 3
61 115 3
61 60 4
61 127 3
61 40 4
143 55 3
143 160 4
143 151 3
143 179 4
143 180 4
143 40 3
143 208 3
143 144 5
143 181 5
143 182 4
143 138 3
143 213 3
143 183 4
143 155 3
143 149 3
143 194 4
143 175 3
143 184 4
143 125 3
50 1 3
50 98 5
50 49 4
50 203 3
50 130 4
50 51 3
50 52 5
50 124 3
50 161 4
50 53 4
50 72 4
126 2 3
126 44 3
126 162 3
126 16 4
126 158 3
126 69 3
126 124 3
126 23 5
126 72 3
103 99 3
103 15 3
103 100 3
103 101 3
165 140 5
165 160 3
165 174 3
165 46 3
165 171 3
165 93 4
165 94 3
165 141 3
165 142 3
165 192 4
165 163 3
165 185 3
165 166 5
165 168 3
165 124 5
165 183 3
165 84 3
165 155 4
165 70 3
165 71 3
165 72 3
165 177 3
165 125 3
139 13 3
139 44 3
139 112 3
139 116 4
139 18 3
139 6 5
139 52 3
139 124 3
139 155 3
166 140 5
166 160 5
166 174 4
166 46 3
166 171 3
166 93 4
166 142 3
166 60 3
166 61 3
166 165 5
166 69 3
166 127 4
166 168 3
166 40 3
166 124 3
166 70 3
166 193 3
166 177 3
39 26 3
39 27 3
39 18 4
39 32 3
39 33 3
39 191 3
39 119 3
39 123 5
39 132 3
39 41 3
39 53 3
69 54 3
69 140 2
69 162 3
69 146 4
69 169 3
69 171 3
69 115 3
69 15 2
69 147 4
69 18 3
69 141 2
69 205 2
69 110 3
69 164 3
69 185 4
69 20 2
69 86 2
69 130 2
69 180 2
69 214 2
69 60 4
69 118 2
69 61 4
69 143 2
69 50 2
69 126 3
69 165 2
69 166 2
69 127 3
69 168 3
69 40 3
69 82 2
69 144 2
69 51 3
69 132 2
69 52 2
69 156 2
69 62 3
69 124 2
69 145 2
69 161 2
69 181 2
69 87 2
69 206 2
69 212 2
69 111 2
69 155 2
69 149 3
69 120 3
69 23 2
69 72 4
127 0 4
127 2 4
127 44 3
127 140 4
127 160 3
127 171 3
127 115 3
127 32 3
127 33 3
127 6 3
127 164 3
127 60 4
127 61 5
127 143 3
127 165 3
127 139 3
127 166 4
127 39 3
127 168 3
127 40 5
127 124 3
127 145 3
127 183 3
127 155 3
127 149 5
127 211 3
127 120 4
127 184 3
127 177 3
119 25 5
119 12 3
119 169 3
119 172 3
119 113 5
119 114 4
119 115 4
119 99 3
119 15 3
119 49 3
119 178 4
119 117 3
119 18 3
119 35 3
119 106 3
119 191 3
119 203 3
119 214 3
119 60 4
119 118 3
119 61 4
119 126 3
119 39 3
119 69 3
119 127 3
119 168 4
119 40 3
119 62 3
119 206 3
119 53 3
119 111 3
119 71 3
119 120 4
168 66 4
168 97 3
168 150 3
168 160 4
168 77 3
168 80 3
168 189 4
168 81 3
168 164 5
168 167 3
168 214 5
168 60 4
168 61 5
168 143 4
168 69 3
168 127 3
168 119 3
168 40 5
168 82 4
168 144 5
168 51 3
168 52 3
168 156 3
168 161 3
168 138 3
168 148 5
168 84 4
168 155 3
168 175 3
168 184 3
168 72 5
168 177 3
168 125 3
40 174 3
40 171 4
40 115 3
40 214 3
40 60 5
40 61 5
40 143 3
40 165 3
40 166 3
40 69 3
40 127 5
40 168 3
40 144 3
40 51 3
40 145 3
40 183 3
40 155 3
40 149 3
40 184 4
40 177 4
82 73 3
82 75 3
82 78 3
82 79 4
82 37 3
82 180 3
82 143 3
82 168 4
82 144 4
82 124 3
82 181 3
82 83 4
82 138 4
82 183 3
82 184 4
208 192 3
208 179 3
208 180 4
208 61 3
208 143 5
208 40 3
208 144 3
208 124 4
208 138 3
208 183 5
208 184 3
144 97 3
144 151 3
144 179 3
144 180 4
144 61 3
144 143 5
144 69 3
144 168 3
144 40 3
144 82 3
144 208 3
144 181 5
144 182 5
144 138 3
144 213 3
144 183 3
144 155 3
144 64 3
144 184 3
51 9 3
51 66 3
51 10 3
51 97 3
51 171 4
51 147 4
51 130 5
51 50 3
51 103 3
51 69 4
51 40 3
51 52 4
51 87 4
51 53 3
51 136 3
51 23 3
51 72 4
51 125 3
22 9 5
22 10 3
22 11 5
22 12 3
22 108 5
22 14 3
22 205 3
22 109 4
22 110 4
22 86 3
22 107 3
22 128 4
22 111 3
123 26 4
123 27 4
123 105 3
123 122 3
123 112 3
123 16 3
123 18 3
123 32 3
123 33 3
123 6 3
123 7 3
123 106 3
123 39 5
123 41 3
123 53 3
132 122 3
132 67 3
132 15 3
132 107 3
132 154 5
132 60 3
132 61 3
132 69 3
132 22 3
132 53 3
132 136 4
132 155 3
52 1 4
52 45 3
52 97 3
52 49 4
52 20 3
52 21 3
52 50 4
52 139 3
52 166 3
52 168 3
52 51 3
52 124 3
52 161 3
156 207 3
156 209 5
156 204 4
156 133 3
156 157 5
156 65 3
156 201 4
62 54 5
62 2 3
62 13 3
62 55 3
62 57 4
62 58 3
62 59 5
62 164 3
62 60 3
62 61 4
62 149 4
62 65 4
62 201 3
124 46 4
124 192 3
124 68 3
124 165 4
124 208 4
124 183 4
124 71 3
124 193 4
124 184 4
124 125 4
145 54 3
145 55 4
145 56 4
145 57 5
145 46 3
145 171 3
145 47 3
145 58 3
145 60 3
145 61 3
145 69 3
145 40 3
145 62 3
145 63 5
161 192 3
161 189 4
161 130 3
161 138 3
161 53 3
161 88 3
161 71 5
161 72 4
128 44 3
128 205 5
128 109 3
128 110 3
128 86 3
128 82 3
128 22 5
128 206 4
128 111 4
128 136 5
128 120 3
181 179 3
181 180 3
181 143 3
181 208 3
181 144 5
181 182 3
181 138 4
181 183 3
181 64 3
181 194 3
181 184 3
87 10 3
87 140 3
87 160 4
87 93 3
87 142 3
87 192 3
87 20 4
87 68 5
87 86 3
87 165 3
87 51 4
87 161 3
87 84 3
87 88 5
87 71 3
87 193 3
215 63 3
215 148 4
215 155 3
215 70 3
215 134 3
215 149 4
215 194 3
215 211 4
215 120 3
206 99 3
206 205 5
206 109 3
206 129 3
206 110 3
206 86 3
206 128 3
206 111 5
206 120 4
182 151 3
182 173 3
182 179 3
182 180 3
182 143 5
182 168 3
182 40 3
182 208 3
182 144 5
182 181 5
182 138 3
182 213 3
182 183 4
182 64 4
182 65 3
182 194 3
182 184 4
182 125 3
133 78 3
133 209 4
133 81 4
133 204 5
133 156 5
133 157 3
133 134 3
133 194 3
133 201 4
8 0 4
8 1 3
8 2 3
8 5 5
8 48 3
8 116 3
83 73 5
83 74 3
83 75 3
83 76 3
83 30 4
83 79 4
83 37 3
83 82 5
83 85 4
138 151 3
138 79 3
138 192 3
138 37 3
138 180 4
138 143 3
138 168 4
138 82 5
138 208 3
138 144 4
138 161 3
138 213 3
138 183 5
138 84 3
138 155 5
138 175 3
138 184 5
138 125 3
213 179 3
213 180 3
213 143 4
213 40 3
213 144 3
213 138 4
213 183 4
213 64 3
213 149 3
213 184 4
63 54 5
63 55 3
63 56 3
63 57 3
63 59 3
63 7 3
63 62 3
63 145 5
63 215 4
63 148 5
63 53 3
63 70 3
63 149 3
63 65 3
63 211 4
63 120 3
216 14 3
216 205 3
216 129 3
216 132 3
216 128 3
216 206 3
216 111 3
216 136 3
148 66 3
148 102 3
148 168 3
148 215 3
148 63 4
148 70 5
148 64 3
148 149 3
148 211 5
183 75 2
183 97 2
183 137 2
183 151 2
183 114 2
183 94 2
183 153 2
183 186 2
183 78 2
183 141 2
183 80 2
183 192 2
183 189 2
183 81 2
183 163 2
183 179 3
183 180 5
183 214 2
183 143 3
183 165 2
183 166 2
183 168 2
183 40 3
183 82 2
183 208 4
183 144 4
183 124 3
183 181 3
183 182 2
183 133 2
183 138 3
183 213 4
183 84 2
183 53 2
183 155 4
183 70 2
183 64 2
183 149 2
183 85 2
183 194 3
183 120 2
183 184 3
183 72 3
183 177 4
183 125 5
212 12 3
212 205 3
212 110 3
212 86 4
212 118 3
212 69 3
212 128 3
212 206 3
212 216 3
212 111 3
212 70 4
212 120 3
41 27 3
41 32 3
41 33 3
41 38 3
84 73 5
84 93 4
84 141 5
84 142 5
84 163 4
84 164 5
84 68 5
84 143 4
84 165 3
84 124 3
84 138 3
84 183 3
84 70 3
84 71 3
84 193 5
84 211 4
84 184 3
84 125 3
53 114 4
53 46 4
53 49 3
53 203 3
53 130 3
53 50 4
53 51 3
53 132 3
53 70 4
53 195 4
53 120 4
111 54 3
111 99 3
111 205 5
111 109 4
111 129 3
111 110 5
111 86 4
111 22 3
111 128 5
111 206 5
111 148 3
111 212 3
111 120 5
136 108 3
136 135 3
136 170 3
136 202 4
136 51 3
136 22 3
136 132 3
136 128 4
136 216 3
155 192 3
155 143 3
155 138 3
155 183 4
155 70 4
155 149 3
155 184 3
155 177 4
157 28 3
157 137 3
157 150 5
157 171 3
157 29 3
157 168 3
157 156 4
157 133 4
157 213 4
157 63 4
157 84 3
157 136 3
157 195 3
70 140 3
70 114 3
70 93 3
70 142 3
70 165 3
70 63 3
70 148 4
70 84 3
70 53 3
70 155 4
70 157 3
70 64 4
70 193 3
70 65 3
70 194 3
70 201 3
70 195 3
70 211 4
70 120 3
70 177 3
134 11 3
134 74 4
134 76 4
134 137 3
134 160 3
134 173 3
134 209 4
134 204 3
134 143 3
134 156 5
134 215 3
134 133 5
134 83 3
134 138 3
134 213 3
134 148 3
134 183 3
134 84 3
134 85 3
134 65 4
134 201 4
134 195 3
134 175 3
134 184 3
88 15 4
88 20 3
88 68 4
88 161 3
88 87 5
88 71 5
88 193 3
64 74 3
64 55 3
64 76 3
64 97 3
64 143 3
64 127 3
64 40 3
64 144 4
64 181 3
64 182 3
64 213 5
64 63 3
64 148 4
64 183 3
64 84 3
64 53 3
64 155 3
64 70 4
64 149 5
64 193 3
64 65 5
64 201 3
64 211 3
64 120 3
64 184 3
64 177 3
64 125 3
71 66 4
71 67 3
71 142 4
71 192 3
71 68 4
71 124 4
71 161 4
71 87 4
71 84 3
71 155 3
71 70 3
71 88 4
71 200 3
71 193 4
149 14 3
149 164 3
149 143 3
149 40 4
149 62 5
149 215 3
149 63 3
149 148 3
149 155 5
149 64 3
149 65 3
149 211 5
149 120 4
149 184 3
149 125 3
85 73 4
85 74 3
85 56 3
85 75 3
85 76 3
85 79 4
85 37 3
85 82 4
85 83 4
85 183 3
200 199 4
200 16 4
200 178 3
200 131 5
200 68 3
200 126 4
200 87 3
200 183 3
200 53 5
200 155 5
200 88 4
200 71 5
200 193 3
200 23 3
193 17 3
193 141 3
193 142 5
193 163 3
193 124 3
193 84 4
193 155 3
193 70 3
193 88 3
65 74 4
65 76 3
65 209 3
65 62 4
65 133 3
65 134 3
65 64 5
65 201 4
65 125 4
194 77 4
194 187 3
194 79 3
194 173 3
194 80 4
194 164 4
194 204 3
194 180 3
194 143 5
194 208 4
194 144 3
194 133 3
194 183 5
194 70 3
194 175 5
194 184 3
194 125 5
201 207 5
201 209 5
201 204 4
201 156 4
201 133 3
201 70 4
201 65 3
195 26 4
195 90 3
195 114 3
195 77 3
195 80 3
195 142 3
195 37 4
195 53 4
195 184 3
175 150 4
175 174 3
175 172 3
175 153 4
175 77 4
175 187 3
175 173 4
175 80 4
175 189 4
175 163 3
175 164 3
175 185 3
175 167 5
175 143 5
175 168 3
175 138 3
175 155 4
175 194 5
175 184 3
175 125 3
211 43 3
211 143 4
211 215 3
211 63 4
211 148 5
211 84 3
211 155 3
211 70 3
211 64 3
211 149 5
211 120 4
211 177 3
120 25 3
120 169 3
120 113 3
120 46 4
120 115 4
120 205 3
120 61 3
120 50 3
120 119 3
120 215 3
120 206 4
120 148 3
120 53 5
120 111 4
120 149 5
120 211 4
184 151 3
184 179 4
184 180 4
184 143 3
184 40 3
184 208 3
184 144 3
184 124 4
184 138 5
184 213 3
184 183 4
184 155 3
184 64 3
184 149 3
184 125 3
23 54 3
23 140 3
23 162 4
23 91 3
23 114 3
23 99 3
23 15 3
23 188 3
23 147 4
23 16 3
23 178 3
23 110 3
23 126 5
23 69 3
23 148 3
23 72 4
72 66 3
72 162 3
72 146 3
72 187 3
72 49 5
72 178 5
72 19 3
72 192 3
72 164 5
72 68 3
72 130 3
72 50 4
72 126 3
72 165 4
72 69 4
72 168 3
72 51 3
72 161 3
72 23 3
72 125 3
177 91 3
177 160 3
177 93 3
177 192 4
177 165 3
177 40 3
177 183 4
177 155 5
177 70 3
177 64 3
177 149 3
125 13 3
125 141 3
125 80 4
125 164 3
125 179 5
125 180 3
125 156 3
125 62 4
125 124 3
125 138 3
125 183 5
125 70 3
125 149 4
125 65 4
125 194 5
125 175 3
125 72 3
