2 0 1
2 3 1
2 53 2
2 54 3
2 59 1
2 70 1
2 80 1
2 82 1
2 111 1
2 117 1
2 123 1
2 129 1
2 165 1
2 172 1
2 174 3
2 175 3
2 176 2
2 183 1
2 184 1
2 187 2
2 197 1
2 199 1
2 211 1
2 215 1
2 219 1
2 230 1
0 12 1
0 13 2
0 54 2
0 55 4
0 56 5
0 57 1
0 59 1
0 67 5
0 112 1
0 169 1
0 170 1
0 177 3
0 179 1
0 225 2
4 0 1
4 20 7
4 51 4
4 133 1
4 165 12
4 174 1
4 181 2
4 220 2
10 0 1
10 12 7
10 14 2
10 20 1
10 40 2
10 41 1
10 43 1
10 49 1
10 77 1
10 113 1
10 172 1
10 197 1
12 18 1
12 40 1
12 53 2
12 55 4
12 111 1
12 168 3
12 172 1
12 175 1
12 177 2
12 178 12
12 201 2
12 202 2
12 223 4
13 54 1
13 56 3
13 59 1
13 165 1
13 167 4
13 177 12
13 178 1
13 201 1
13 222 2
13 224 1
13 250 3
43 0 1
43 4 3
43 10 2
43 12 3
43 49 1
43 53 2
43 55 6
43 57 2
43 58 2
43 165 4
43 177 1
43 179 1
54 3 1
54 28 1
54 29 1
54 30 1
54 31 1
54 32 1
54 33 2
54 34 3
54 35 1
54 36 2
54 37 1
54 38 6
54 53 1
54 55 1
54 57 1
54 58 2
54 59 2
54 60 2
54 86 2
54 87 2
54 88 3
54 89 6
54 90 2
54 91 11
54 92 3
54 93 7
54 94 2
54 97 1
54 99 1
54 100 5
54 127 1
54 128 3
54 137 1
54 138 1
54 150 5
54 151 5
54 174 1
54 205 1
54 206 2
54 239 2
54 240 5
54 241 2
54 242 1
54 243 3
54 245 1
54 246 2
54 247 4
54 248 8
54 278 2
55 30 1
55 31 1
55 32 1
55 33 1
55 36 1
55 37 1
55 53 1
55 54 2
55 56 1
55 57 1
55 58 2
55 59 1
55 60 2
55 70 1
55 156 1
55 239 1
55 244 1
55 247 1
55 251 1
55 263 1
56 28 1
56 30 1
56 31 1
56 32 1
56 33 1
56 34 1
56 37 1
56 53 1
56 54 2
56 55 1
56 90 1
56 114 1
56 241 1
56 246 1
56 268 1
57 28 1
57 31 1
57 32 1
57 37 1
57 38 2
57 53 12
57 54 17
57 86 1
57 87 1
57 88 4
57 89 1
57 90 1
57 93 1
57 127 1
57 150 1
57 205 1
57 206 1
57 207 1
57 242 1
59 28 1
59 53 10
59 54 3
59 86 5
59 87 1
59 88 2
59 89 1
59 151 1
59 162 1
59 205 6
59 206 7
59 207 3
59 238 5
59 240 2
59 267 1
59 268 1
67 53 1
67 54 1
67 55 2
67 56 1
67 57 1
67 58 2
67 60 2
67 66 1
67 150 2
67 151 3
67 160 1
67 206 1
72 0 1
72 8 4
72 18 1
72 20 7
72 39 4
72 41 1
72 74 1
112 3 1
112 13 1
112 53 10
112 54 5
112 55 5
112 56 1
112 57 8
112 58 1
112 59 4
112 60 2
112 67 1
112 108 1
112 111 2
112 150 2
112 250 0
157 0 1
157 27 1
157 53 1
157 54 1
157 55 3
157 56 6
157 58 2
157 60 1
157 65 1
157 151 2
157 174 2
161 0 1
161 33 1
161 55 4
161 56 4
161 66 2
161 67 2
161 68 1
161 94 1
161 96 1
161 97 1
161 108 1
161 115 1
161 116 1
161 119 1
161 120 1
161 137 1
161 138 1
161 151 1
161 179 3
161 180 3
161 205 1
161 226 1
169 1 1
169 53 5
169 54 6
169 69 1
169 177 1
169 178 2
169 184 1
169 196 1
169 218 2
169 222 3
169 223 3
169 225 1
170 1 1
170 53 5
170 54 5
170 219 1
170 222 4
170 223 3
170 224 2
170 225 1
177 53 1
177 55 2
177 56 3
177 167 1
177 187 1
177 188 1
177 196 1
177 202 1
177 203 3
177 204 2
177 223 4
177 224 1
179 131 1
179 132 1
197 0 1
197 13 1
197 23 1
197 25 1
197 43 1
197 53 1
197 56 2
197 59 2
197 82 1
197 171 1
197 187 1
197 188 2
197 189 3
197 200 1
197 212 1
197 216 2
197 217 1
197 220 1
197 232 1
225 165 7
225 166 5
225 184 1
225 185 1
225 222 2
3 1 1
3 2 2
3 22 1
3 53 4
3 54 1
3 58 2
3 60 1
3 67 1
3 68 1
3 69 1
3 83 1
3 111 1
3 112 1
3 130 2
3 161 1
3 174 3
3 175 4
3 176 1
3 188 2
3 204 1
1 12 1
1 13 1
1 53 1
1 55 1
1 56 5
1 59 1
1 66 2
1 169 1
1 178 5
1 180 1
1 184 1
1 224 2
5 1 1
5 19 1
5 21 5
5 44 1
5 52 4
5 75 1
5 158 1
5 166 15
5 175 2
5 181 3
5 219 1
5 221 2
5 233 1
11 1 1
11 7 2
11 13 8
11 21 1
11 40 1
11 42 1
11 73 1
11 76 1
11 77 2
11 173 2
44 1 2
44 5 2
44 11 4
44 13 2
44 54 4
44 56 3
44 57 4
44 58 1
44 60 3
44 114 1
44 158 1
44 166 2
44 198 2
53 29 1
53 30 1
53 31 1
53 32 3
53 34 1
53 35 5
53 36 8
53 37 2
53 38 4
53 54 2
53 56 1
53 57 1
53 64 1
53 86 2
53 87 2
53 88 6
53 89 7
53 90 7
53 91 11
53 92 2
53 93 4
53 94 1
53 99 2
53 100 1
53 127 1
53 150 7
53 151 4
53 239 1
53 240 2
53 241 2
53 242 3
53 243 4
53 245 9
53 246 7
53 247 5
53 248 6
53 249 2
66 54 1
66 55 1
66 56 4
66 57 1
66 59 1
66 62 1
66 64 2
66 114 1
66 146 2
66 150 1
66 151 2
66 156 1
66 173 1
66 182 1
178 1 1
178 12 4
178 53 2
178 55 2
178 56 4
178 66 1
178 68 1
178 168 1
178 182 1
178 187 1
178 188 1
178 195 1
178 196 1
178 203 2
178 204 3
178 222 2
178 223 4
180 131 1
180 132 1
184 165 2
184 166 1
184 185 1
184 188 1
184 190 1
184 194 1
184 201 2
184 212 2
184 222 2
184 225 2
198 1 1
198 15 1
198 26 1
198 44 1
198 54 1
198 56 1
198 57 1
198 60 3
198 66 1
198 181 1
198 187 4
198 188 2
198 190 5
198 233 1
224 161 1
224 165 3
224 166 8
224 183 1
224 186 1
224 223 4
231 1 1
231 56 1
231 83 1
231 118 3
231 124 1
231 170 1
231 187 1
231 188 1
231 213 2
231 218 1
231 233 4
22 2 1
22 53 1
22 59 2
22 60 1
22 188 1
70 59 1
70 62 1
70 87 1
70 102 1
70 107 2
70 114 1
70 158 1
70 163 1
70 205 4
70 206 4
70 207 3
70 277 4
80 2 3
80 64 1
80 67 1
80 113 1
80 155 2
80 156 2
80 201 1
80 226 1
82 60 4
82 115 4
82 129 2
82 131 6
82 167 2
82 169 1
82 170 2
82 179 2
82 182 1
82 189 2
82 197 3
82 200 3
82 211 1
82 219 1
82 226 2
82 230 4
82 234 2
111 2 2
111 3 2
111 12 1
111 13 2
111 53 10
111 54 17
111 55 3
111 56 4
111 57 6
111 58 13
111 108 1
111 112 1
117 60 2
117 115 1
117 185 5
117 187 1
117 188 3
117 189 4
117 190 2
117 193 1
123 2 2
123 59 1
123 117 1
123 131 3
123 133 6
123 169 1
123 176 7
123 187 2
123 188 1
123 193 2
123 194 2
123 232 2
129 60 18
129 82 3
129 84 4
129 119 2
129 167 8
129 185 7
129 187 2
129 189 1
129 192 2
129 222 1
129 223 1
129 225 4
129 234 1
165 84 1
165 166 1
165 183 2
165 184 3
165 185 10
165 186 7
165 187 2
165 188 2
165 189 8
165 190 9
165 210 2
165 222 5
165 223 7
165 224 5
165 225 10
172 23 2
172 55 10
172 56 1
172 65 1
172 67 2
172 157 3
172 177 4
174 21 1
174 25 1
174 59 1
174 60 1
174 69 2
174 79 1
174 110 1
174 167 1
174 181 2
174 195 1
174 200 3
175 26 1
175 60 2
175 68 4
175 69 1
175 168 1
175 181 1
175 199 4
176 5 1
176 20 4
176 21 4
176 52 1
176 79 1
176 82 1
176 83 1
176 84 1
176 85 1
176 123 2
176 124 1
176 131 2
176 132 2
176 133 1
176 134 6
176 165 10
176 166 8
176 167 5
176 168 4
176 179 1
176 180 3
176 193 2
176 194 1
176 237 1
183 165 1
183 166 1
183 187 2
183 202 3
183 213 2
183 223 1
187 130 2
187 165 4
187 166 3
187 186 1
187 188 3
187 193 1
187 195 1
199 188 1
219 53 1
219 191 4
219 203 3
230 55 1
230 82 1
230 117 1
230 170 1
230 186 1
230 212 1
230 219 1
230 232 2
26 3 1
26 200 1
26 204 2
26 218 2
26 223 1
26 224 1
58 32 1
58 37 1
58 53 13
58 54 14
58 55 1
58 57 2
58 86 2
58 87 1
58 88 1
58 89 1
58 90 2
58 93 1
58 94 1
58 98 1
58 110 1
58 127 2
58 149 1
58 205 1
58 206 3
58 207 1
58 239 1
58 240 2
58 243 1
58 248 1
60 28 2
60 29 2
60 30 1
60 53 5
60 54 16
60 58 1
60 86 5
60 87 2
60 88 1
60 97 1
60 205 2
60 206 3
60 207 3
60 238 1
60 239 1
60 240 2
60 241 1
60 242 1
68 55 1
68 59 2
68 60 1
68 71 1
68 108 1
68 137 1
68 138 1
68 154 1
68 177 2
68 178 1
68 196 1
68 202 1
68 213 1
68 223 1
69 80 1
69 159 1
69 177 2
69 178 2
69 188 1
69 195 1
69 201 1
69 218 1
69 222 1
69 223 2
71 3 1
71 55 6
71 56 4
71 67 1
71 80 1
71 81 2
71 86 1
71 150 4
71 151 4
71 155 1
71 161 3
71 171 1
71 216 1
71 238 2
81 3 1
81 24 1
81 53 3
81 64 1
81 66 2
81 114 3
81 150 1
81 155 2
81 156 1
81 208 1
81 227 1
83 59 6
83 81 1
83 116 5
83 118 1
83 130 7
83 132 5
83 168 1
83 169 4
83 170 3
83 182 1
83 185 1
83 190 2
83 198 1
83 199 4
83 200 1
83 210 1
83 219 1
83 227 1
83 231 2
83 235 1
124 3 1
124 118 1
124 130 1
124 132 2
124 134 5
124 176 6
124 187 1
124 192 2
124 194 1
124 231 1
130 59 15
130 83 1
130 85 6
130 116 2
130 120 1
130 124 1
130 168 8
130 186 10
130 187 3
130 190 3
130 193 2
130 223 1
130 224 4
130 225 3
188 68 1
188 165 3
188 166 4
188 178 2
188 182 1
188 185 1
188 187 1
204 54 9
204 177 5
204 178 2
204 222 6
20 10 3
20 12 2
20 13 6
20 39 1
20 60 5
20 108 1
20 165 5
20 174 1
20 177 4
20 218 8
20 220 7
20 251 1
51 53 2
51 58 1
51 59 3
51 165 5
51 167 7
74 4 8
74 13 1
74 20 6
74 55 1
74 165 2
74 218 1
133 119 1
133 125 1
133 169 1
133 176 1
133 179 1
133 190 3
133 214 3
181 9 1
181 20 3
181 21 1
181 51 1
181 75 1
181 79 1
181 108 2
181 113 1
181 157 1
181 165 4
181 166 1
181 174 1
181 232 5
181 233 1
220 147 1
220 194 4
220 201 3
19 5 1
19 21 8
19 73 1
19 113 1
19 166 6
19 168 2
21 11 1
21 12 7
21 13 1
21 59 4
21 60 1
21 108 1
21 166 3
21 178 3
21 219 5
21 221 3
21 223 1
39 5 1
39 10 3
39 12 6
39 13 2
39 18 5
39 19 1
39 76 4
39 77 1
39 166 1
52 19 1
52 54 1
52 60 3
52 166 5
52 168 9
52 233 1
64 5 3
64 55 1
64 56 1
64 57 1
64 61 1
64 62 3
64 65 1
64 66 1
64 75 1
64 158 2
64 159 1
64 160 2
64 178 1
64 181 3
64 219 1
64 221 2
64 266 1
73 5 3
73 9 6
73 19 2
73 21 5
73 39 1
73 40 2
73 52 1
73 75 1
73 173 2
73 175 1
73 181 2
75 5 3
75 21 3
75 42 1
75 44 2
75 56 2
75 166 1
75 181 2
75 221 1
158 5 1
158 27 2
158 44 1
158 53 1
158 54 2
158 55 4
158 56 5
158 64 3
158 70 3
158 103 1
158 110 1
158 150 4
158 151 6
158 160 1
158 166 2
158 175 1
158 178 1
158 198 1
166 85 1
166 118 1
166 165 4
166 183 1
166 185 9
166 186 10
166 187 1
166 188 7
166 189 12
166 190 9
166 202 1
166 210 1
166 211 1
166 212 1
166 222 5
166 223 6
166 224 11
166 225 6
221 194 3
221 202 4
233 52 3
233 55 1
233 56 2
233 60 2
233 134 1
233 166 3
233 175 2
233 180 3
233 188 1
233 198 1
233 213 1
6 10 4
6 12 5
6 13 1
6 22 2
6 40 2
6 43 2
6 53 2
6 54 3
6 55 2
6 57 1
6 58 4
6 66 1
6 67 3
6 74 2
6 133 1
6 179 1
40 8 1
40 9 2
40 10 1
40 11 2
40 12 2
40 13 9
40 18 2
40 19 10
40 73 1
40 76 1
40 77 1
65 6 1
65 7 2
65 27 2
65 55 2
65 56 1
65 58 1
65 61 2
65 62 1
65 64 1
65 67 4
65 155 1
65 157 3
65 174 1
65 181 3
65 218 1
65 220 1
84 6 1
84 60 2
84 119 2
84 129 4
84 133 6
84 169 6
84 170 4
84 179 1
84 185 4
84 199 1
84 212 1
84 228 2
209 6 1
209 12 2
209 53 2
209 55 4
209 56 4
209 108 3
209 170 1
209 199 2
209 200 1
7 11 8
7 13 10
7 40 1
7 44 2
7 54 2
7 55 1
7 56 2
7 57 4
7 58 2
7 67 1
7 77 3
7 130 1
7 150 1
7 169 1
7 170 1
77 11 1
77 13 4
77 18 3
77 19 6
77 39 1
77 42 1
77 76 4
150 28 1
150 53 1
150 54 4
150 55 5
150 56 11
150 57 5
150 58 2
150 59 2
150 60 1
150 66 2
150 67 1
150 87 1
150 90 1
150 91 1
150 96 3
150 97 3
150 98 2
150 99 2
150 100 2
150 101 2
150 108 4
150 151 2
150 171 4
150 182 2
150 216 2
150 252 1
150 253 1
150 254 1
150 255 2
150 257 1
150 259 2
150 260 1
8 17 1
8 18 7
17 8 1
17 9 1
17 10 2
17 12 2
17 39 1
17 40 1
17 52 1
17 79 3
17 167 2
17 171 1
18 20 10
18 72 3
18 76 1
18 77 1
18 114 1
18 165 6
18 167 4
16 9 3
16 39 2
16 42 1
16 52 1
16 78 3
16 167 1
16 168 2
9 19 1
9 40 1
14 10 4
14 23 1
14 41 2
14 49 2
14 56 2
14 57 1
14 58 1
14 60 1
14 61 3
14 62 1
14 64 2
14 65 1
14 66 1
14 159 1
14 172 1
14 220 1
41 10 3
41 12 3
41 17 1
41 49 1
46 10 1
46 11 2
46 13 1
46 39 2
46 44 1
46 76 1
46 77 1
49 10 4
49 12 2
49 14 2
76 10 2
76 11 1
76 12 1
76 13 1
76 18 3
76 39 1
76 53 1
76 77 1
76 165 1
113 10 1
113 20 2
113 21 1
113 43 1
113 44 2
113 48 1
113 49 1
113 58 2
113 61 5
113 66 1
113 74 1
113 75 2
113 114 3
113 172 3
113 177 2
113 206 2
113 265 3
159 10 3
159 47 1
159 49 4
159 113 2
159 197 1
15 11 5
15 42 2
15 48 2
15 50 3
15 58 1
15 61 1
15 62 1
15 113 1
15 114 2
15 132 1
15 156 1
15 173 1
15 198 1
42 11 2
42 13 2
42 19 1
50 11 3
50 15 1
50 73 1
50 85 1
50 173 1
160 11 4
160 40 1
160 50 4
160 55 1
160 62 1
160 70 1
160 73 2
160 102 1
160 110 1
160 114 1
160 162 1
160 173 1
160 266 1
173 44 2
173 55 1
173 56 14
173 61 1
173 64 1
173 66 1
173 67 2
173 114 1
173 150 1
173 151 1
173 158 4
173 178 4
173 180 1
45 12 1
45 18 2
45 20 1
45 40 1
45 49 2
45 76 1
45 77 1
45 167 1
78 12 1
78 54 1
78 59 1
78 60 3
78 79 1
78 166 3
78 167 1
78 168 6
78 174 1
78 175 1
110 12 1
110 13 3
110 53 5
110 54 7
110 55 1
110 68 2
110 69 1
110 162 1
110 167 1
110 168 1
110 174 4
110 175 5
110 195 2
110 196 4
114 12 1
114 13 1
114 20 1
114 21 1
114 32 1
114 43 2
114 58 1
114 61 1
114 66 1
114 70 1
114 74 1
114 81 1
114 90 1
114 91 1
114 113 1
114 156 1
114 160 1
114 173 3
114 198 1
114 205 1
114 207 1
114 243 1
114 262 2
114 263 1
114 269 2
162 12 2
162 13 4
162 68 5
162 69 7
162 70 2
162 110 2
162 174 2
162 175 3
162 176 1
162 194 1
162 195 2
162 196 2
162 219 1
168 12 1
168 21 1
168 54 2
168 59 1
168 60 1
168 78 1
168 166 2
168 175 1
168 176 1
168 222 1
201 12 1
201 53 6
201 177 2
201 178 5
201 198 1
202 13 1
202 54 3
202 129 1
202 177 3
202 178 3
202 195 1
202 197 1
203 12 1
203 25 1
203 53 16
203 130 1
203 177 2
203 178 12
203 196 2
203 223 8
223 165 2
223 166 1
167 13 2
167 51 1
167 53 1
167 56 1
167 58 1
167 59 1
167 60 2
167 79 1
167 165 2
167 225 2
208 13 1
208 23 1
208 53 1
208 54 3
208 59 1
208 111 1
208 170 1
208 182 1
208 195 1
222 165 1
222 166 1
222 225 2
250 13 1
250 102 1
250 108 1
250 177 2
250 195 2
250 201 2
250 202 2
250 205 1
250 238 3
250 240 1
250 266 3
250 267 1
23 58 1
23 59 1
23 80 1
23 82 3
23 84 2
23 150 2
23 151 1
23 186 1
23 197 1
23 208 1
61 55 1
61 56 2
61 62 6
61 63 1
61 64 2
61 65 1
61 66 1
61 67 1
61 70 1
61 113 1
61 138 1
61 155 2
61 159 1
61 160 1
61 250 0
62 47 1
62 49 1
62 55 1
62 56 2
62 61 1
62 64 2
62 65 1
62 66 1
62 67 1
62 114 1
62 159 1
62 276 1
48 50 3
48 114 1
48 160 4
132 169 1
132 170 1
132 185 2
132 200 1
132 217 2
156 53 2
156 55 1
156 56 2
156 58 1
156 59 1
156 66 4
156 67 1
156 70 2
156 80 1
156 81 2
156 104 1
156 114 1
156 149 2
156 150 1
156 155 1
156 162 2
156 163 2
156 262 1
156 263 1
156 271 1
156 272 1
156 277 1
79 18 1
79 53 1
79 59 2
79 165 3
79 167 3
79 174 3
171 29 1
171 91 3
171 102 2
171 103 2
171 104 3
171 270 1
171 278 1
108 20 3
108 27 3
108 51 1
108 52 1
108 53 3
108 54 1
108 55 1
108 59 6
108 60 3
108 96 1
108 97 2
108 98 1
108 99 1
108 100 2
108 101 1
108 137 2
108 150 3
108 151 1
108 161 2
108 165 1
108 166 1
108 178 1
108 181 3
108 202 1
108 203 1
108 204 1
108 205 1
108 218 3
108 219 2
108 220 3
108 221 2
108 239 1
108 249 1
108 250 1
108 260 2
218 54 1
218 191 3
218 204 1
251 102 17
251 103 1
251 239 1
251 262 1
251 267 9
251 268 3
151 27 1
151 29 1
151 53 5
151 54 7
151 55 6
151 56 6
151 57 5
151 58 1
151 59 1
151 60 1
151 70 1
151 94 1
151 96 1
151 97 2
151 98 4
151 99 1
151 100 2
151 101 1
151 111 1
151 128 1
151 137 1
151 150 2
151 152 1
151 161 1
151 164 1
151 171 3
151 217 2
151 253 3
151 255 2
151 256 3
151 257 1
151 259 1
186 189 11
186 234 1
24 81 5
24 83 1
24 85 1
24 151 3
24 185 1
24 210 1
85 42 1
85 59 4
85 120 1
85 126 2
85 130 6
85 134 3
85 169 2
85 170 2
85 180 1
85 183 1
85 186 2
85 200 2
85 213 2
85 229 1
185 190 7
25 203 3
25 219 2
25 224 1
200 193 1
200 197 1
27 53 1
27 54 2
27 55 2
27 56 4
27 57 1
27 58 1
27 66 1
27 78 2
27 79 2
27 151 2
27 157 1
27 165 2
27 166 1
27 232 1
232 43 1
232 51 4
232 55 1
232 59 1
232 67 1
232 165 7
232 169 1
232 174 1
232 197 2
28 86 2
28 266 5
86 102 4
86 266 17
86 267 1
95 28 1
95 29 1
95 30 1
95 102 10
95 266 21
95 267 15
95 268 1
266 102 1
266 238 2
29 95 1
29 102 1
29 267 10
102 87 2
102 267 1
267 102 1
267 239 6
267 251 3
30 88 1
30 102 1
30 267 1
30 268 15
88 31 1
88 89 2
88 97 1
88 103 1
88 268 25
88 269 6
268 240 2
268 251 2
31 32 1
31 269 11
32 103 1
32 270 9
97 31 1
97 32 1
97 103 4
97 104 10
97 269 9
97 270 26
97 271 7
103 88 1
103 268 1
103 269 1
270 54 1
270 242 1
270 253 2
33 271 13
146 33 1
146 53 3
146 54 1
146 57 1
146 58 4
146 108 5
146 114 1
146 137 2
146 138 3
146 150 2
271 53 1
271 243 1
271 254 2
36 54 1
38 135 1
38 136 1
38 278 2
135 38 1
135 94 1
135 107 1
135 156 1
135 278 3
136 278 2
249 38 2
249 93 3
249 94 4
249 101 4
249 107 2
249 127 2
249 150 2
249 151 3
249 248 1
249 277 3
249 278 11
278 54 2
278 150 1
278 151 1
278 249 1
47 49 4
47 113 1
47 114 1
47 159 6
121 51 1
121 115 7
121 131 2
121 167 1
121 179 10
121 192 4
121 193 3
121 226 2
87 102 1
87 266 2
87 267 11
87 268 5
89 88 1
89 97 1
89 103 1
89 269 12
89 270 15
90 98 1
90 270 1
90 271 16
91 269 4
91 270 3
91 271 3
94 107 1
94 278 1
127 53 5
127 54 5
127 57 4
127 58 2
127 66 1
127 141 1
127 155 1
127 163 1
128 53 3
128 54 7
128 57 1
128 58 3
128 67 1
128 149 1
128 151 3
128 161 1
128 163 1
141 53 9
141 54 6
141 57 1
141 142 1
141 150 13
141 249 1
142 53 7
142 54 7
142 57 1
142 58 1
142 61 1
142 93 1
142 141 1
142 150 6
142 151 3
142 249 2
143 53 1
143 94 7
143 108 2
143 127 1
143 150 2
143 249 2
149 53 5
149 54 9
149 57 7
149 58 6
149 63 1
149 128 1
149 155 1
152 53 6
152 54 6
152 106 1
152 150 1
152 151 6
152 275 1
153 53 6
153 54 9
153 108 1
153 150 11
153 151 10
153 152 1
153 246 1
155 53 2
155 56 1
155 57 3
155 58 3
155 59 1
155 62 1
155 63 1
155 66 5
155 67 3
155 70 2
155 80 1
155 81 2
155 102 2
155 149 1
155 150 1
155 156 5
155 162 1
155 163 1
155 172 1
237 53 1
237 59 6
237 120 1
237 166 1
237 168 1
237 186 6
237 189 3
237 215 1
237 216 1
237 224 3
239 53 1
239 102 13
239 240 2
239 250 2
239 266 2
239 267 8
240 102 17
240 103 11
240 241 1
240 267 3
240 268 3
241 57 1
241 103 21
241 252 2
241 269 3
242 103 5
242 104 12
242 270 2
243 104 15
243 254 2
243 270 1
243 271 2
245 105 16
245 246 1
245 255 1
245 257 1
245 272 5
245 273 5
246 105 3
246 106 15
246 162 1
246 257 6
246 274 10
248 107 10
248 156 2
248 259 1
248 277 4
63 54 2
63 55 1
63 56 2
63 58 1
63 59 1
63 60 1
63 61 1
63 66 1
63 70 1
63 93 1
63 139 2
63 150 1
63 156 1
63 158 1
63 160 1
63 162 1
63 248 1
137 68 5
137 108 8
137 138 1
137 154 2
137 161 2
137 246 1
137 276 1
138 68 16
138 108 16
138 150 1
138 151 1
164 54 1
164 58 1
164 151 1
164 162 1
164 249 1
205 239 1
276 54 2
276 248 1
276 259 1
244 104 3
244 105 12
244 272 9
263 70 1
263 102 1
263 103 4
263 104 4
263 105 10
263 110 1
263 114 1
263 156 1
263 158 1
263 160 4
263 261 2
263 262 1
263 266 1
263 267 1
263 268 1
263 269 2
263 270 4
263 271 4
263 272 5
264 55 1
264 65 1
264 261 1
264 263 1
264 265 1
236 56 1
236 60 5
236 119 1
236 165 1
236 167 2
236 176 1
236 182 1
236 185 4
236 190 2
236 217 1
236 225 3
98 104 3
98 271 13
139 58 1
139 61 3
139 63 4
139 64 1
139 65 1
139 108 2
139 140 5
139 141 5
139 142 5
139 159 2
118 59 1
118 60 1
118 116 1
118 185 3
118 186 2
118 187 3
118 188 2
118 189 1
118 190 4
118 192 2
118 199 1
118 233 2
182 59 7
182 60 7
182 68 1
182 69 4
182 70 2
182 83 1
182 84 2
182 85 1
182 130 1
182 167 3
182 168 5
182 177 1
182 178 3
182 185 1
182 187 2
182 188 3
182 223 2
182 225 1
182 237 1
235 59 2
235 60 2
235 168 1
235 185 3
235 190 4
235 222 1
238 102 9
238 266 2
234 60 2
234 167 1
234 186 3
234 189 4
234 222 1
234 223 1
265 61 1
265 62 1
265 110 2
265 113 1
265 130 1
265 162 1
265 230 3
265 263 1
265 264 1
140 63 2
140 65 1
140 93 1
140 108 1
140 139 5
140 141 1
140 142 5
140 159 2
144 65 1
144 94 2
144 108 5
144 128 1
144 143 1
144 151 8
144 249 1
163 66 1
163 162 2
163 164 1
163 249 1
154 68 4
154 71 1
154 108 1
154 137 6
154 138 6
154 150 2
154 161 1
195 68 4
195 69 4
195 162 1
195 175 1
195 188 3
195 198 1
196 68 3
196 69 3
196 187 2
109 70 3
109 93 2
109 107 3
109 110 3
109 135 1
109 143 1
109 157 1
261 70 2
261 102 3
261 103 4
261 104 4
261 110 1
261 162 2
261 262 3
261 263 1
261 266 4
261 267 1
261 268 1
261 269 2
261 270 5
261 271 1
277 248 3
277 249 2
277 259 1
277 260 1
125 79 1
125 119 7
125 123 1
125 133 1
125 165 1
125 176 2
125 179 11
125 192 1
125 193 4
125 194 1
125 228 3
226 115 2
226 179 3
226 192 1
227 116 1
227 180 3
227 190 1
227 191 1
227 193 1
227 235 1
115 161 1
115 176 1
115 179 2
115 186 1
115 189 4
115 234 1
131 170 1
131 186 3
131 216 3
189 186 6
116 180 5
116 190 5
122 83 1
122 116 7
122 170 1
122 180 11
122 191 1
122 192 2
122 193 2
122 194 1
122 227 3
190 185 3
190 215 1
190 217 1
119 117 1
119 179 4
119 185 5
119 236 1
228 179 3
228 192 1
228 193 1
228 194 2
120 118 1
120 126 1
120 180 5
120 186 10
120 193 1
126 120 6
126 134 1
126 166 2
126 176 2
126 180 14
126 192 3
126 193 2
126 194 3
126 229 4
126 233 1
134 120 1
134 170 1
134 176 2
134 180 2
134 189 4
134 193 1
134 215 4
229 118 1
229 180 3
229 189 1
229 193 2
229 194 2
96 88 5
96 103 2
96 268 23
96 269 14
96 270 1
262 98 1
262 102 4
262 103 4
262 104 4
262 110 1
262 151 1
262 160 1
262 162 2
262 261 4
262 263 4
262 266 2
262 267 2
262 269 5
262 270 5
262 271 1
101 278 2
252 103 31
252 241 1
253 103 4
253 104 2
254 104 21
254 271 7
255 105 30
255 245 1
255 256 1
255 271 1
255 272 8
256 105 2
273 105 1
273 245 3
106 257 1
106 274 1
257 106 7
257 246 4
257 258 3
257 274 10
257 275 1
258 106 3
258 257 1
258 275 5
275 106 1
275 258 2
259 107 9
259 162 1
259 276 1
259 277 2
260 107 6
260 151 1
260 249 1
145 113 1
191 167 1
191 168 1
194 223 1
147 201 5
147 220 5
148 202 4
148 221 4
